6.0041 0.108587 0.154092 
6.24293 0.019081 0.0740004 
6.35156 -0.00484242 0.0339708 
6.407 -0.00942575 0.0199645 
6.44019 -0.00909033 0.0122618 
6.46113 -0.00765574 0.00797915 
6.47492 -0.00627027 0.00540418 
6.48444 -0.00516512 0.00386903 
6.49139 -0.00432993 0.00291983 
6.49672 -0.00369106 0.00229862 
6.50097 -0.00318648 0.00186456 
6.50445 -0.00277579 0.00154517 
6.50736 -0.00243577 0.00130031 
6.50982 -0.00215415 0.00110206 
6.5119 -0.001925 0.000924281 
6.5136 -0.00174379 0.000719977 
6.51484 -0.00161264 0.000430212 
6.5151 -0.00159573 -0.000396568 
6.51353 -0.00202292 -0.00156612 
6.50639 -0.00352957 -0.00728575 
6.50157 -0.00751989 0.0010618 
6.4787 -0.016118 -0.0419246 
6.57571 -0.0287734 0.148188 
6.31467 -0.0394503 -0.605727 
4.71938 0.668761 -0.590358 
5.46612 0.468811 0.904021 
6.25052 -0.00835955 0.0386292 
6.36387 -0.0142141 0.0773599 
6.45626 -0.0122655 0.0233677 
6.49419 -0.00768571 0.0142485 
6.51576 -0.00308626 0.0069831 
6.52658 -0.00130412 0.00339771 
6.53203 -0.000373793 0.00181731 
6.53521 6.23363e-05 0.00122357 
6.53759 0.000371187 0.00108084 
6.53983 0.000607726 0.00111676 
6.54224 0.000832073 0.00124314 
6.54496 0.00107073 0.00142712 
6.54811 0.00134809 0.00166896 
6.55184 0.00168461 0.00198444 
6.55631 0.00210787 0.00240777 
6.56183 0.00266276 0.00300449 
6.56889 0.00342364 0.00390706 
6.5784 0.00449696 0.00536948 
6.59202 0.00596347 0.00786495 
6.61266 0.0077162 0.0120998 
6.64557 0.00881004 0.019859 
6.70094 0.00567095 0.0340604 
6.81174 -0.0159732 0.0769028 
7.07429 -0.114287 0.175431 
6.19628 0.0697708 0.0434313 
6.27499 0.0260637 0.040434 
6.34514 0.00555215 0.0290676 
6.39427 -0.00132113 0.0192547 
6.42757 -0.00353326 0.0129039 
6.45017 -0.0039918 0.00871851 
6.46566 -0.00385016 0.00603783 
6.47658 -0.00353842 0.00435726 
6.48462 -0.00320223 0.00329858 
6.49083 -0.00288291 0.0026032 
6.49579 -0.00258901 0.00211813 
6.49988 -0.00232168 0.0017605 
6.50331 -0.00208 0.0014846 
6.50621 -0.00186013 0.00126051 
6.50867 -0.00164712 0.00106961 
6.51076 -0.00139289 0.000894102 
6.51249 -0.00100911 0.000705077 
6.51332 -0.000512035 -5.34616e-05 
6.51128 -0.000669142 -0.00190946 
6.49918 -0.00414607 -0.0100361 
6.47546 -0.0176757 -0.0101172 
6.40921 -0.0494194 -0.0621944 
6.41119 -0.127497 0.100157 
6.06159 -0.185993 -0.599101 
4.91348 4.05605 -2.12642 
5.66352 0.318783 0.636082 
6.07857 -0.00835901 0.0471755 
6.26359 -0.0178164 0.101176 
6.40553 -0.0175083 0.0416939 
6.47675 -0.00364805 0.0235917 
6.51184 0.000457878 0.0095003 
6.52612 0.00124275 0.00398156 
6.53222 0.000832125 0.00190077 
6.53558 0.000603244 0.00132836 
6.53823 0.000589811 0.00119777 
6.54079 0.000709555 0.00124052 
6.54353 0.000877448 0.00137122 
6.54662 0.00107423 0.00157076 
6.55021 0.00129778 0.00183747 
6.55443 0.00155297 0.00218846 
6.55953 0.00184503 0.00266252 
6.56583 0.00217998 0.00333759 
6.57391 0.00256184 0.0043657 
6.58483 0.00297298 0.00601997 
6.60033 0.0033047 0.00872542 
6.62317 0.00317008 0.0130792 
6.65738 0.00142011 0.0198746 
6.70907 -0.00496921 0.030886 
6.78508 -0.0260689 0.0440941 
6.86956 -0.0744073 0.04578 
6.29902 0.0347902 0.0132332 
6.32396 0.0244705 0.0180465 
6.36044 0.0125203 0.0200134 
6.39599 0.00474752 0.0158609 
6.42399 0.000627928 0.0117538 
6.44477 -0.00134964 0.00845297 
6.45987 -0.00219267 0.00610945 
6.47096 -0.00246989 0.00454229 
6.47938 -0.00248205 0.00351117 
6.48602 -0.0023748 0.00281315 
6.49142 -0.00221712 0.00231499 
6.49593 -0.00204108 0.0019407 
6.49974 -0.00186062 0.00164754 
6.503 -0.00167446 0.00141161 
6.50585 -0.00144822 0.00123858 
6.5085 -0.00106071 0.00118795 
6.51138 -0.000221731 0.00134434 
6.51446 0.00150435 0.00113525 
6.5151 0.00418107 -0.000971365 
6.50207 0.0064948 -0.0117986 
6.46065 0.00333177 -0.0252132 
6.34886 -0.0088992 -0.085657 
6.21162 -0.0494207 -0.0292666 
5.79249 0.0227237 -0.433973 
5.19341 0.642187 -0.158314 
5.23153 0.124715 0.406307 
5.97568 0.0270712 0.186035 
6.22082 0.0191306 0.0911843 
6.38846 0.0142543 0.0642083 
6.48312 0.0133483 0.0264623 
6.5207 0.00947914 0.00918777 
6.53212 0.00522316 0.00246765 
6.53518 0.00254078 0.00107414 
6.53709 0.00126772 0.00105967 
6.53938 0.00089119 0.00121541 
6.54206 0.000885146 0.00134757 
6.54508 0.00101456 0.00150845 
6.54851 0.00118766 0.00172635 
6.55247 0.00138104 0.00201413 
6.55713 0.00158502 0.0023894 
6.56269 0.00178816 0.00288971 
6.5695 0.00196499 0.003589 
6.5781 0.00205633 0.00462546 
6.58943 0.00192669 0.00622564 
6.60493 0.0012762 0.00868278 
6.62653 -0.000501139 0.0122628 
6.65617 -0.0045362 0.0168718 
6.69463 -0.0126866 0.0217866 
6.73437 -0.025977 0.0194573 
6.7599 -0.0368137 0.0134531 
6.35516 0.0215245 0.00353118 
6.36411 0.0173903 0.00883429 
6.38303 0.0117834 0.0121719 
6.40562 0.00648408 0.011471 
6.42632 0.00284158 0.00952724 
6.44337 0.000607197 0.00743612 
6.45674 -0.000630202 0.00571604 
6.46716 -0.00125539 0.00445251 
6.47543 -0.001532 0.0035603 
6.48217 -0.0016209 0.00292149 
6.48779 -0.00161032 0.00244525 
6.49255 -0.00154696 0.00207534 
6.49664 -0.00145401 0.00177901 
6.50019 -0.00133491 0.0015439 
6.50339 -0.00115392 0.00141365 
6.50672 -0.000767623 0.00155977 
6.51126 0.000197701 0.002285 
6.51809 0.00245354 0.00319722 
6.52539 0.00685479 0.00229405 
6.5207 0.0138112 -0.0084312 
6.48242 0.0227491 -0.0268702 
6.36629 0.0354306 -0.0888302 
6.18943 0.0644118 -0.0687133 
5.83795 0.0858766 -0.348818 
5.24823 -0.130629 -0.112751 
5.50804 0.460994 0.294651 
6.03112 0.0487922 0.220463 
6.29213 0.0401017 0.0691851 
6.43165 0.031911 0.0584096 
6.51689 0.0224518 0.0204444 
6.54231 0.013161 0.00357118 
6.54346 0.00682233 -0.0012003 
6.54026 0.00306466 -0.000697851 
6.53942 0.00144349 0.000466112 
6.54089 0.000902881 0.00112409 
6.54354 0.000831124 0.00142591 
6.54678 0.00090738 0.00163497 
6.5505 0.00102478 0.0018719 
6.55478 0.00114549 0.00217194 
6.55976 0.00125169 0.00255433 
6.56564 0.00131953 0.00304925 
6.57269 0.00130483 0.00371278 
6.58134 0.00112082 0.00464229 
6.59226 0.000601068 0.00597616 
6.60635 -0.000542521 0.00783718 
6.62451 -0.00275494 0.0101707 
6.64689 -0.00654674 0.0124197 
6.6715 -0.0122957 0.013242 
6.69185 -0.0183872 0.00942857 
6.70044 -0.0226236 0.00306123 
6.39065 0.0143436 0.000233045 
6.39353 0.0128369 0.00429616 
6.40355 0.00993846 0.00730839 
6.41749 0.00667 0.007828 
6.43189 0.00389675 0.00722346 
6.44496 0.0019101 0.00613164 
6.45607 0.000626671 0.00505177 
6.46533 -0.000140747 0.00415467 
6.47305 -0.000576169 0.00345811 
6.47959 -0.000810961 0.0029191 
6.48519 -0.000926839 0.00249287 
6.49003 -0.00097087 0.0021475 
6.49425 -0.000969411 0.00186332 
6.49797 -0.000932522 0.00164213 
6.50143 -0.000838221 0.00156707 
6.50534 -0.000577616 0.00193335 
6.51145 0.000166753 0.00329535 
6.52222 0.00204312 0.00562432 
6.53753 0.00605411 0.00688834 
6.54604 0.0133484 -0.00092542 
6.52657 0.0262017 -0.0165867 
6.44321 0.0491105 -0.0606601 
6.40733 0.112688 0.0401412 
6.2699 0.206945 -0.196438 
6.30312 15.1878 0.0493456 
6.02115 0.574802 0.0872011 
6.1238 0.167746 0.16187 
6.3604 0.0733202 0.0852997 
6.50312 0.045972 0.0448532 
6.56276 0.0252646 0.00970589 
6.56856 0.0139396 -0.00411295 
6.55622 0.00655748 -0.00567623 
6.54572 0.00286572 -0.00271016 
6.5418 0.00125365 -0.00022159 
6.54234 0.000740055 0.000993753 
6.54489 0.000635762 0.00147423 
6.54827 0.000663087 0.00173124 
6.55219 0.000711992 0.00197885 
6.55666 0.000747361 0.00227745 
6.5618 0.000746545 0.00264599 
6.56777 0.000681343 0.0031039 
6.57475 0.000503449 0.00368321 
6.58302 0.000127074 0.00443267 
6.59295 -0.000591479 0.00540636 
6.60493 -0.00186402 0.00659997 
6.61912 -0.00392221 0.00783963 
6.63487 -0.00689784 0.00854393 
6.65006 -0.0104716 0.00793818 
6.66066 -0.013632 0.00446862 
6.66301 -0.0151245 -0.000271303 
6.4154 0.0105233 -0.000970603 
6.41569 0.00980323 0.00197599 
6.42091 0.0082356 0.00426856 
6.42936 0.00621451 0.00518123 
6.43905 0.00428597 0.00524809 
6.44867 0.00271716 0.00484226 
6.45752 0.00157956 0.00427947 
6.4654 0.000806374 0.00372265 
6.47234 0.000298261 0.00322973 
6.47843 -3.23007e-05 0.00280841 
6.4838 -0.000245806 0.00245037 
6.48854 -0.000381078 0.00214552 
6.49273 -0.000462713 0.00188656 
6.49647 -0.000504263 0.00168695 
6.50004 -0.000499938 0.00166345 
6.5043 -0.000383235 0.0022117 
6.51155 4.06075e-05 0.00411765 
6.52537 0.00115124 0.00762674 
6.54714 0.00324019 0.0107994 
6.56636 0.0060023 0.00469574 
6.56228 0.007291 -0.00844666 
6.49323 0.00327648 -0.065041 
6.4453 -0.0158996 0.0411595 
6.25401 0.00429135 -0.389146 
5.24222 0.759999 -0.123816 
5.99549 1.04119 0.406791 
6.24055 0.175115 0.110163 
6.46094 0.0727912 0.0586344 
6.56921 0.0279734 0.0272581 
6.60504 0.0187874 -0.00175366 
6.59209 0.0100864 -0.0119247 
6.56729 0.00493189 -0.00995884 
6.55028 0.00203122 -0.00457782 
6.5437 0.000856331 -0.00084987 
6.54344 0.000454227 0.000858754 
6.54586 0.000360422 0.00149111 
6.5493 0.000341101 0.00178194 
6.5533 0.000322636 0.00202798 
6.55781 0.000273516 0.00230972 
6.56293 0.000173386 0.00264455 
6.56875 -4.95102e-06 0.00304065 
6.57539 -0.000303653 0.00350708 
6.58297 -0.00078959 0.0040523 
6.5916 -0.0015624 0.00466967 
6.60132 -0.00274097 0.00530001 
6.61191 -0.00441569 0.00575996 
6.62256 -0.00651929 0.00567848 
6.63172 -0.00874669 0.00459032 
6.63708 -0.0104504 0.00194729 
6.63681 -0.0111633 -0.001434 
6.43394 0.00805996 -0.00140057 
6.43299 0.00772146 0.000703588 
6.43548 0.00683572 0.00239719 
6.44045 0.00559115 0.00333107 
6.44681 0.00428295 0.00371224 
6.45371 0.00311822 0.00371429 
6.46057 0.00218492 0.00351587 
6.46709 0.00148262 0.00322785 
6.47312 0.000968125 0.00291523 
6.47861 0.000593961 0.00261029 
6.48358 0.000321917 0.00232816 
6.48805 0.00012482 0.00207432 
6.49208 -1.62973e-05 0.00185126 
6.49573 -0.000113217 0.00168322 
6.49927 -0.000158729 0.0017163 
6.50371 -9.03887e-05 0.00244654 
6.51181 0.000291252 0.00486435 
6.52803 0.00132206 0.00952056 
6.55456 0.00318335 0.0141348 
6.58048 0.00511481 0.00948149 
6.57969 0.00397323 -0.00830717 
6.51175 0.00124995 -0.0575082 
6.43943 -0.0314117 -0.0100075 
6.1869 0.0183227 -0.309792 
5.69318 0.462176 -0.0951522 
5.9235 1.47034 0.349798 
6.44256 0.292614 0.099408 
6.53954 0.0945973 0.0348839 
6.61437 0.0314 0.0338682 
6.63951 0.0179545 -0.00826649 
6.61092 0.00932582 -0.0168372 
6.57601 0.0041585 -0.0130108 
6.55366 0.00161824 -0.00589363 
6.54497 0.000555607 -0.00127012 
6.54408 0.000211339 0.000771479 
6.54637 9.61924e-05 0.00149205 
6.54978 3.39012e-05 0.00178906 
6.55373 -4.39448e-05 0.00201741 
6.55814 -0.000160711 0.00226762 
6.56307 -0.00033534 0.00255356 
6.56855 -0.000590054 0.00287338 
6.57464 -0.00095623 0.00321911 
6.58134 -0.00147807 0.00357232 
6.58859 -0.00221154 0.00389592 
6.59623 -0.00321024 0.00411612 
6.60389 -0.00448101 0.00410408 
6.6109 -0.00592766 0.00364473 
6.61622 -0.00730642 0.00252458 
6.61861 -0.00826871 0.000567995 
6.61709 -0.0085943 -0.00180909 
6.44835 0.00633577 -0.00151937 
6.4468 0.00618906 2.14282e-06 
6.44771 0.00568559 0.00123545 
6.45048 0.0049144 0.00207255 
6.45455 0.00404345 0.00256799 
6.45941 0.00320426 0.0027934 
6.46463 0.0024745 0.0028253 
6.4699 0.00187569 0.00272931 
6.47501 0.00139875 0.0025599 
6.47983 0.00102356 0.00235793 
6.4843 0.000730341 0.00214983 
6.48841 0.000502731 0.00195016 
6.49217 0.000328064 0.00176805 
6.49563 0.000200642 0.00163648 
6.49908 0.000136023 0.00173262 
6.50367 0.000227624 0.00265259 
6.51265 0.000740196 0.00562685 
6.53152 0.00221399 0.011487 
6.56338 0.00503961 0.0177142 
6.59619 0.00852338 0.0136985 
6.59624 0.00802432 -0.00965 
6.52118 -0.00301915 -0.0597926 
6.36527 -0.0448607 -0.0991042 
6.18746 -0.0811925 -0.0877533 
5.86471 -0.16522 -0.428988 
5.23101 0.37729 0.278709 
6.38972 -0.153087 0.43546 
6.63518 -0.0246822 -0.0430272 
6.65141 0.00499079 0.034766 
6.66799 0.00934654 -0.0169564 
6.62666 0.00628232 -0.0219215 
6.58319 0.00312935 -0.0161702 
6.55624 0.00113609 -0.00718158 
6.54577 0.000305526 -0.00170472 
6.54432 -2.26359e-06 0.00065781 
6.54645 -0.000122608 0.00145148 
6.54976 -0.000218408 0.00174859 
6.55356 -0.00033656 0.00195218 
6.55775 -0.000497881 0.00216354 
6.56235 -0.000716216 0.00239366 
6.56736 -0.00100811 0.00263424 
6.57278 -0.00139376 0.00286709 
6.57854 -0.00189724 0.00306073 
6.58448 -0.00254317 0.00316694 
6.59035 -0.0033437 0.00312195 
6.59578 -0.00427564 0.00284685 
6.60024 -0.00524863 0.00224831 
6.60312 -0.00610546 0.00123948 
6.60378 -0.0066475 -0.000183221 
6.6017 -0.00677591 -0.00187789 
6.45978 0.00507117 -0.00149644 
6.458 0.00502263 -0.000383511 
6.45798 0.00473737 0.000513635 
6.45936 0.00425981 0.00122406 
6.46187 0.00368304 0.00173791 
6.46523 0.00308864 0.00206945 
6.46915 0.00253277 0.0022353 
6.47336 0.00204273 0.00226569 
6.47761 0.00162522 0.00220203 
6.48175 0.00127677 0.00208417 
6.48569 0.000989975 0.00194203 
6.48939 0.000756737 0.00179406 
6.49283 0.000570428 0.00165311 
6.49605 0.00043026 0.00156025 
6.49937 0.000362529 0.00172272 
6.50412 0.000479141 0.00284745 
6.51415 0.00114097 0.00643084 
6.53636 0.00314591 0.0137778 
6.57576 0.00789136 0.0224777 
6.62096 0.0163023 0.0211486 
6.63334 0.0279984 -0.00338584 
6.55955 0.0373574 -0.0591587 
6.39037 0.049759 -0.100517 
6.18942 0.0441908 -0.120567 
5.83413 0.0939258 -0.262158 
5.65994 0.445713 0.197542 
6.26114 -0.0117085 0.324954 
6.60444 -0.0242514 0.0368766 
6.68271 0.0144109 0.0228845 
6.69166 0.0113466 -0.0215869 
6.64117 0.00716852 -0.0277539 
6.58957 0.003172 -0.0191221 
6.55842 0.00111039 -0.00850196 
6.54625 0.000198607 -0.00213946 
6.54425 -0.000130829 0.000515195 
6.54618 -0.000282216 0.00138094 
6.54932 -0.000402527 0.00167242 
6.55291 -0.000546368 0.00184821 
6.55681 -0.000730353 0.00201787 
6.561 -0.000965917 0.00219198 
6.56549 -0.00126364 0.00235863 
6.57021 -0.00163456 0.00249541 
6.57505 -0.00208848 0.00256685 
6.57983 -0.00263018 0.00252592 
6.58427 -0.00325191 0.00232359 
6.58803 -0.00392106 0.00192256 
6.59075 -0.00457001 0.00130089 
6.59208 -0.00509961 0.000443775 
6.59175 -0.00540061 -0.000587109 
6.58947 -0.00542808 -0.00180921 
6.46901 0.00413191 -0.00141616 
6.46718 0.00412947 -0.000591649 
6.46661 0.00396913 6.3439e-05 
6.46711 0.00367268 0.000654236 
6.46856 0.00329103 0.00114196 
6.47084 0.00287205 0.00151246 
6.47376 0.0024543 0.00174803 
6.47707 0.00206263 0.00185627 
6.48057 0.00171015 0.00186631 
6.48408 0.00140168 0.00181331 
6.4875 0.00113716 0.00172609 
6.49078 0.000913985 0.00162354 
6.49388 0.000729038 0.0015199 
6.49684 0.000583399 0.0014609 
6.5 0.00049468 0.00167658 
6.50485 0.000548513 0.00295542 
6.5158 0.00101809 0.00704344 
6.54123 0.00270677 0.0157689 
6.58915 0.00730144 0.0276034 
6.65207 0.0178022 0.0314022 
6.69358 0.0362294 0.0136833 
6.6546 0.0634602 -0.0398294 
6.52482 0.0869678 -0.0701436 
6.31018 0.0682417 -0.155958 
6.12093 14.4456 -0.674102 
6.01015 0.538955 0.0159383 
6.26854 0.0507008 0.228779 
6.5825 0.0305631 0.0952583 
6.71571 0.0205184 0.022242 
6.71546 0.0123044 -0.0270333 
6.65424 0.00601093 -0.032007 
6.59516 0.00257397 -0.0215445 
6.56023 0.00080519 -0.00951342 
6.54652 6.20496e-05 -0.00251023 
6.54397 -0.000246763 0.000385444 
6.54565 -0.000400333 0.00129741 
6.54859 -0.000533659 0.00157741 
6.55193 -0.000687707 0.0017219 
6.55549 -0.000878117 0.00185027 
6.55926 -0.00111204 0.00197233 
6.5632 -0.00139555 0.00207503 
6.56724 -0.00173292 0.00213525 
6.57126 -0.002125 0.00211908 
6.57505 -0.00256621 0.00198532 
6.57836 -0.00304045 0.00169993 
6.5809 -0.00351691 0.00125277 
6.58243 -0.0039478 0.000663406 
6.58278 -0.0042741 -4.83046e-05 
6.58188 -0.00443693 -0.000796025 
6.57959 -0.00441828 -0.00168884 
6.47659 0.00342589 -0.00131851 
6.47479 0.00344376 -0.000700258 
6.47391 0.00335561 -0.000217788 
6.47384 0.00317138 0.000270511 
6.47458 0.00291774 0.000714958 
6.47608 0.00262177 0.00108757 
6.47822 0.00230892 0.00135329 
6.48081 0.00199967 0.00150588 
6.48366 0.0017083 0.00156494 
6.48661 0.0014431 0.00155983 
6.48955 0.00120771 0.00151624 
6.49242 0.00100254 0.00145157 
6.49519 0.00082618 0.00137951 
6.49788 0.000675432 0.00134611 
6.50083 0.000545871 0.00158454 
6.50559 0.000426239 0.00290263 
6.51677 0.000343704 0.00714374 
6.54359 0.000515384 0.016508 
6.59664 0.00212789 0.0305303 
6.67408 0.00813318 0.0398393 
6.74865 0.0257382 0.0334064 
6.77013 0.0611928 -0.00308917 
6.74671 0.14215 -0.00576484 
6.51479 0.176585 -0.239112 
6.25601 10.8676 -0.949339 
6.16632 0.828259 -0.00051144 
6.42508 0.184295 0.222194 
6.68534 0.101515 0.0661642 
6.76112 0.0315131 0.0037871 
6.73435 0.0106044 -0.0326026 
6.66256 0.00370909 -0.034867 
6.59851 0.00125921 -0.022756 
6.56128 0.000331567 -0.010106 
6.54651 -0.00011623 -0.00274843 
6.54352 -0.00033693 0.000270743 
6.54495 -0.000484631 0.00120843 
6.54765 -0.000621091 0.00147088 
6.55071 -0.000777531 0.00158473 
6.55393 -0.000963865 0.00167471 
6.55727 -0.00118529 0.00175141 
6.56069 -0.00144423 0.00180172 
6.56412 -0.00174077 0.00180407 
6.56741 -0.00207087 0.00172835 
6.57039 -0.00242438 0.00154077 
6.57282 -0.00278346 0.00121912 
6.57447 -0.00312222 0.000770372 
6.57519 -0.00340845 0.000234935 
6.57492 -0.00360814 -0.000350984 
6.57371 -0.00369149 -0.00089663 
6.5715 -0.00365378 -0.00155667 
6.48292 0.00288542 -0.00122132 
6.48118 0.00291193 -0.000751738 
6.48014 0.00286625 -0.000393055 
6.4797 0.00275215 1.09677e-05 
6.47995 0.00258263 0.00040776 
6.48088 0.00237226 0.000763892 
6.48243 0.00213755 0.00103644 
6.48444 0.00189455 0.0012115 
6.48675 0.00165647 0.00130161 
6.48921 0.00143241 0.00133066 
6.49172 0.0012275 0.00132066 
6.49422 0.0010437 0.00128684 
6.49666 0.000879818 0.0012413 
6.49908 0.000728606 0.00122642 
6.50176 0.000558425 0.00145833 
6.50616 0.000263913 0.00268893 
6.51659 -0.000456974 0.00664759 
6.54184 -0.00216366 0.0154958 
6.59288 -0.00549476 0.0293405 
6.67122 -0.00968394 0.0406578 
6.75948 -0.0109355 0.0422762 
6.81838 -0.000534285 0.0188413 
6.92776 0.0471769 0.0949664 
7.0301 0.213518 -0.0351335 
7.25141 20.7632 -2.92233 
6.70409 1.84405 -0.180663 
6.79137 0.290096 0.0790501 
6.80624 0.0894856 -0.0115435 
6.78688 0.0131149 -0.0104031 
6.73865 0.000330774 -0.0354639 
6.66247 -0.00180895 -0.0344824 
6.59825 -0.00103299 -0.0223609 
6.56108 -0.000522244 -0.0100033 
6.54614 -0.000381604 -0.00279092 
6.5429 -0.000440259 0.000198888 
6.5441 -0.000548167 0.00112052 
6.54657 -0.000678739 0.00136028 
6.54934 -0.000829764 0.00144461 
6.55222 -0.00100591 0.00150074 
6.55516 -0.00120904 0.00153949 
6.5581 -0.00143946 0.00154869 
6.56098 -0.00169468 0.00150914 
6.56366 -0.00196843 0.00139525 
6.56597 -0.00224934 0.00118014 
6.56772 -0.00252076 0.000850474 
6.56873 -0.00276223 0.000422783 
6.56889 -0.00295246 -5.30628e-05 
6.56823 -0.00307287 -0.00053505 
6.56686 -0.00310991 -0.00093594 
6.56475 -0.00306526 -0.00142992 
6.48829 0.00246215 -0.00113084 
6.48663 0.00249193 -0.000769666 
6.48549 0.00247168 -0.00050087 
6.48483 0.00240196 -0.000165267 
6.48473 0.00228822 0.000185476 
6.48526 0.00213766 0.000516736 
6.48635 0.00196088 0.000783106 
6.4879 0.00177014 0.000966759 
6.48975 0.0015768 0.00107526 
6.49179 0.00138947 0.00112784 
6.49392 0.00121369 0.00114299 
6.49608 0.00105217 0.00113365 
6.49823 0.00090487 0.00111012 
6.50038 0.000764365 0.00110882 
6.50278 0.000596861 0.00131923 
6.50667 0.000270161 0.00238918 
6.51572 -0.000610407 0.00578808 
6.53727 -0.00302858 0.0131767 
6.58003 -0.00870798 0.0243985 
6.64398 -0.0198678 0.0319204 
6.71526 -0.0366782 0.0327007 
6.75185 -0.0570826 -0.00828737 
6.807 -0.0626574 0.0601095 
6.70372 0.105453 -0.317883 
5.99993 1.62727 -0.0060089 
6.39584 2.8507 0.1358 
6.7663 0.355697 0.118448 
6.80014 0.0570798 -0.0156912 
6.76865 -0.00934315 -0.00190402 
6.72413 -0.0105455 -0.0321012 
6.65273 -0.00691619 -0.0302894 
6.5939 -0.00324683 -0.0201865 
6.5594 -0.00132573 -0.00914545 
6.5453 -0.000653084 -0.00259269 
6.54212 -0.000528376 0.000185616 
6.54315 -0.000592905 0.00104181 
6.54539 -0.000710818 0.00125049 
6.54788 -0.000853461 0.00130716 
6.55044 -0.00101613 0.00133423 
6.553 -0.00119896 0.00134232 
6.55551 -0.00140057 0.00132039 
6.55791 -0.00161736 0.00125181 
6.56007 -0.00184236 0.0011153 
6.56185 -0.00206472 0.000889792 
6.56308 -0.00227005 0.000568136 
6.56361 -0.00244266 0.000171822 
6.5634 -0.00256876 -0.000246402 
6.5625 -0.00263898 -0.000643857 
6.56105 -0.00264871 -0.000940009 
6.55906 -0.00260252 -0.00131399 
6.4929 0.00212291 -0.00104867 
6.49132 0.00215333 -0.000767606 
6.49014 0.00214844 -0.000565131 
6.48933 0.0021072 -0.00028492 
6.489 0.00203094 2.38251e-05 
6.48922 0.00192261 0.000327436 
6.48997 0.00178888 0.000580849 
6.49114 0.00163903 0.00076455 
6.49263 0.00148245 0.000882728 
6.49431 0.00132677 0.000950877 
6.49611 0.00117727 0.000984468 
6.49797 0.00103712 0.000994551 
6.49985 0.000907475 0.000990161 
6.50176 0.000785962 0.00100486 
6.5039 0.000655378 0.00120846 
6.50735 0.000445808 0.00217538 
6.51522 -9.53511e-05 0.00512332 
6.53327 -0.00167062 0.0112103 
6.56689 -0.00601684 0.0192303 
6.61127 -0.015943 0.0216333 
6.64711 -0.0362506 0.0131474 
6.64121 -0.0644111 -0.0209284 
6.651 -0.131541 0.0244853 
6.52638 -0.169731 -0.234002 
6.01546 0.196298 -0.251751 
5.69666 1.41416 0.232277 
6.73914 -0.0491042 0.412408 
6.83917 -0.0205136 -0.13408 
6.72801 -0.0264812 0.00738632 
6.69715 -0.0165212 -0.0294346 
6.63646 -0.00976421 -0.0253159 
6.58664 -0.00449828 -0.0175395 
6.55657 -0.00189634 -0.00806204 
6.54407 -0.000860733 -0.0023167 
6.5412 -0.000605688 0.000177224 
6.54213 -0.000622751 0.000954924 
6.54415 -0.000725314 0.00113641 
6.54638 -0.000855897 0.00117226 
6.54863 -0.00100362 0.00117713 
6.55085 -0.00116577 0.00116202 
6.55299 -0.00134017 0.0011177 
6.55497 -0.00152271 0.00103021 
6.5567 -0.00170666 0.000882108 
6.55805 -0.00188235 0.000656991 
6.55887 -0.0020379 0.000351877 
6.55906 -0.00216146 -9.62804e-06 
6.55859 -0.00224427 -0.000375316 
6.55755 -0.00228238 -0.000704362 
6.55608 -0.00227602 -0.000923655 
6.55421 -0.0022308 -0.0012097 
6.49688 0.00184529 -0.000974702 
6.49539 0.00187498 -0.000753714 
6.4942 0.00187936 -0.000600893 
6.4933 0.00185663 -0.000365606 
6.49281 0.00180591 -9.403e-05 
6.49281 0.00172772 0.000182079 
6.49329 0.00162616 0.000419414 
6.49417 0.00150822 0.000598074 
6.49534 0.00138149 0.000719994 
6.49672 0.0012525 0.000797726 
6.49824 0.001126 0.00084421 
6.49984 0.00100519 0.00086875 
6.50148 0.000892472 0.000879663 
6.50317 0.000790903 0.000909672 
6.50512 0.000708604 0.00112718 
6.50836 0.000664916 0.00208391 
6.5158 0.000683051 0.00491119 
6.5325 0.000659271 0.0103954 
6.5615 -7.52754e-05 0.0164523 
6.59295 -0.00381562 0.0139072 
6.59797 -0.0154876 -0.00528672 
6.5383 -0.0439913 -0.0494451 
6.40146 -0.110123 -0.0912782 
6.23383 -0.178797 -0.0859298 
5.81809 -0.249097 -0.502629 
5.12766 0.428435 0.267371 
6.36246 -0.164225 0.53768 
6.70148 -0.10973 -0.0685226 
6.6744 -0.0350728 0.0194176 
6.66569 -0.0188915 -0.0232092 
6.6191 -0.00919729 -0.0204482 
6.57854 -0.00442875 -0.0148873 
6.55323 -0.00192173 -0.0069025 
6.5426 -0.000925035 -0.00199378 
6.54018 -0.000637299 0.000187562 
6.54106 -0.000636133 0.000871454 
6.54287 -0.000724534 0.00102518 
6.54486 -0.000842762 0.00104408 
6.54684 -0.000974902 0.00103197 
6.54875 -0.00111721 0.000999798 
6.55056 -0.00126679 0.000940035 
6.55219 -0.00141959 0.000841215 
6.55356 -0.00156949 0.000689081 
6.55456 -0.00170821 0.000470845 
6.55507 -0.00182616 0.000186246 
6.55501 -0.00191447 -0.000140653 
6.55437 -0.00196772 -0.000459905 
6.55324 -0.00198514 -0.000733559 
6.55179 -0.00196945 -0.000895683 
6.55004 -0.00192641 -0.00111633 
6.50036 0.00161385 -0.00090828 
6.49894 0.00164219 -0.000732979 
6.49777 0.00165208 -0.000617825 
6.49682 0.0016415 -0.000419105 
6.49622 0.0016084 -0.000179896 
6.49605 0.00155194 7.0305e-05 
6.49632 0.00147458 0.000290559 
6.49696 0.00138155 0.000461326 
6.49789 0.00127896 0.000583047 
6.49901 0.00117223 0.000666014 
6.50029 0.00106548 0.00072104 
6.50165 0.000961716 0.000755999 
6.50308 0.000863791 0.00077852 
6.50459 0.000778183 0.000824067 
6.5064 0.000729064 0.00107296 
6.50964 0.00080096 0.0021246 
6.51748 0.00123083 0.00518581 
6.53533 0.00250566 0.0111152 
6.56616 0.00524903 0.017377 
6.5979 0.00955699 0.0137567 
6.59499 0.0137922 -0.0105392 
6.50758 0.0153073 -0.0650645 
6.31628 0.018059 -0.113097 
6.08357 0.0134708 -0.131093 
5.70187 0.134451 -0.28568 
5.48116 0.634267 0.214803 
6.19932 0.0202734 0.395815 
6.5878 -0.0170529 0.011357 
6.64003 -0.00535015 0.0171624 
6.64335 -0.0047804 -0.0178284 
6.60706 -0.00366213 -0.0182088 
6.57221 -0.00234471 -0.0131493 
6.55032 -0.00131602 -0.00608612 
6.54114 -0.000771848 -0.00173473 
6.53912 -0.000609713 0.00019182 
6.53996 -0.000626134 0.000791669 
6.5416 -0.000710472 0.000919806 
6.54336 -0.000817432 0.00092478 
6.54509 -0.000934905 0.000899927 
6.54673 -0.00105882 0.000855568 
6.54825 -0.00118637 0.000785773 
6.54958 -0.00131376 0.000681132 
6.55066 -0.00143567 0.000530009 
6.55138 -0.00154517 0.00032232 
6.55165 -0.00163459 5.95436e-05 
6.55141 -0.00169732 -0.000234762 
6.55065 -0.00173017 -0.000513658 
6.54949 -0.00173419 -0.000742341 
6.54807 -0.00171328 -0.000861429 
6.54642 -0.00167292 -0.00103273 
6.5034 0.00141785 -0.00084857 
6.50206 0.00144456 -0.000708465 
6.50091 0.00145767 -0.000622238 
6.49994 0.0014551 -0.00045342 
6.49927 0.0014343 -0.000242154 
6.49898 0.0013937 -1.565e-05 
6.49908 0.00133466 0.000187719 
6.49953 0.00126113 0.000349161 
6.50025 0.001178 0.000468143 
6.50117 0.00108972 0.000553201 
6.50223 0.000999795 0.000613415 
6.5034 0.000910814 0.000655247 
6.50464 0.000825316 0.00068576 
6.50598 0.000749389 0.000742649 
6.50767 0.000706673 0.0010251 
6.511 0.000786966 0.00219841 
6.5196 0.00126413 0.00566123 
6.53995 0.00282251 0.0125716 
6.57679 0.00676129 0.020721 
6.61949 0.0149016 0.0194707 
6.63209 0.0291425 -0.00248635 
6.56395 0.050596 -0.0524605 
6.41863 0.0945795 -0.0772316 
6.17602 0.096116 -0.169119 
5.98032 10.499 -1.00265 
6.03355 1.0826 0.0896423 
6.38369 0.235012 0.183678 
6.58106 0.0584168 0.0394742 
6.63779 0.0140097 0.0182206 
6.63916 0.00447075 -0.0147146 
6.60293 0.000399288 -0.017416 
6.56888 -0.000775815 -0.0121245 
6.54829 -0.000785422 -0.00552698 
6.53987 -0.000637224 -0.00150726 
6.53808 -0.000577747 0.000208724 
6.53887 -0.000611779 0.000729035 
6.54034 -0.000689143 0.00082684 
6.5419 -0.000784469 0.000817607 
6.5434 -0.000887583 0.000781941 
6.5448 -0.000994733 0.000728817 
6.54607 -0.001103 0.000652881 
6.54715 -0.00120893 0.000546274 
6.54799 -0.00130796 0.00039937 
6.54849 -0.00139437 0.000204073 
6.54858 -0.00146203 -3.7095e-05 
6.5482 -0.00150603 -0.0003016 
6.54737 -0.00152467 -0.00054574 
6.54619 -0.00151999 -0.000737776 
6.54482 -0.00149636 -0.00082413 
6.54327 -0.00145881 -0.000957714 
6.50608 0.00124968 -0.000794732 
6.50482 0.00127469 -0.000682072 
6.50369 0.00128958 -0.000618298 
6.50271 0.00129233 -0.000474053 
6.502 0.00128022 -0.000286811 
6.50162 0.00125132 -8.16194e-05 
6.5016 0.00120626 0.000105696 
6.50189 0.00114805 0.000257279 
6.50244 0.0010806 0.000371989 
6.50318 0.00100758 0.000457025 
6.50407 0.000931863 0.000520093 
6.50506 0.000855535 0.000566548 
6.50614 0.000780151 0.000602753 
6.50732 0.000707874 0.000668311 
6.5089 0.00064799 0.000975322 
6.51225 0.000638207 0.00224625 
6.52138 0.000820171 0.00604781 
6.54381 0.00158115 0.0139241 
6.58644 0.00389082 0.0243178 
6.64165 0.00924413 0.0268766 
6.67757 0.0207187 0.0118957 
6.64078 0.0379874 -0.033949 
6.58965 0.0863067 0.00482341 
6.48942 0.168869 -0.0840374 
6.53546 13.8034 -1.32748 
6.16531 1.11408 0.0211768 
6.56858 0.169696 0.251684 
6.653 0.0674086 -0.0165169 
6.66478 0.0278245 0.0192134 
6.65127 0.0109217 -0.0211005 
6.60544 0.00346131 -0.0188854 
6.56831 0.000595751 -0.0125808 
6.54715 -0.000270771 -0.0054271 
6.53884 -0.000462873 -0.00145415 
6.5371 -0.000521329 0.000192288 
6.53779 -0.000581504 0.000662298 
6.53911 -0.000658306 0.000740284 
6.54048 -0.000744463 0.000719906 
6.54179 -0.000835217 0.000676669 
6.54298 -0.000927695 0.000617851 
6.54404 -0.00101943 0.000538879 
6.54491 -0.00110743 0.000433053 
6.54554 -0.00118783 0.00029236 
6.54587 -0.00125596 0.000110174 
6.54581 -0.00130693 -0.000110409 
6.54534 -0.0013371 -0.00034812 
6.54446 -0.00134575 -0.000562459 
6.5433 -0.00133543 -0.000724503 
6.54197 -0.0013106 -0.000785743 
6.54053 -0.00127579 -0.000890167 
6.50845 0.00110365 -0.000745964 
6.50725 0.00112705 -0.00065495 
6.50616 0.00114285 -0.000608754 
6.50519 0.00114918 -0.000484813 
6.50444 0.00114331 -0.000318206 
6.50399 0.00112315 -0.000132011 
6.50388 0.00108886 4.03686e-05 
6.50405 0.00104273 0.000182095 
6.50446 0.00098793 0.000291666 
6.50506 0.000927484 0.000375261 
6.50579 0.000863783 0.000439526 
6.50663 0.000798511 0.0004889 
6.50756 0.000732469 0.000529053 
6.5086 0.000665106 0.000599463 
6.51004 0.000592629 0.00091598 
6.51329 0.000507797 0.00222062 
6.52249 0.000402268 0.00616144 
6.54563 0.000316753 0.0144846 
6.59094 0.000384705 0.0261709 
6.65285 0.000860509 0.0306466 
6.70283 0.00103503 0.0202713 
6.6759 -0.00394235 -0.0431476 
6.61029 -0.0377218 0.00217844 
6.31686 -0.138455 -0.417219 
5.40366 0.257258 -0.128138 
5.86472 0.311298 0.318039 
6.47471 -0.0913872 0.277192 
6.727 -0.00795783 -0.00400233 
6.71224 0.011243 -0.013999 
6.66909 0.00680302 -0.0287907 
6.61189 0.00314609 -0.0238738 
6.56943 0.000837365 -0.0139743 
6.54673 -7.22225e-05 -0.00589576 
6.53804 -0.00036878 -0.00156756 
6.53618 -0.000475042 0.000114115 
6.53676 -0.000548209 0.000584952 
6.53792 -0.000622478 0.000655375 
6.53913 -0.000700434 0.000630255 
6.54026 -0.000780188 0.000582704 
6.54127 -0.000859892 0.000521016 
6.54215 -0.000937532 0.000441371 
6.54284 -0.00101058 0.000338253 
6.54331 -0.00107584 0.00020492 
6.5435 -0.00112946 3.58689e-05 
6.54333 -0.00116757 -0.000165545 
6.54279 -0.00118745 -0.000379399 
6.54189 -0.00118904 -0.00056821 
6.54074 -0.00117511 -0.000705595 
6.53948 -0.00115002 -0.000747445 
6.53812 -0.00111779 -0.000829091 
6.51054 0.000975609 -0.000701533 
6.5094 0.000997545 -0.000627756 
6.50835 0.00101377 -0.000595419 
6.50739 0.00102255 -0.000488354 
6.50663 0.00102123 -0.000339502 
6.50614 0.00100766 -0.000170185 
6.50594 0.0009817 -1.15319e-05 
6.50602 0.000945138 0.000120647 
6.50632 0.000900569 0.000224661 
6.50679 0.00085049 0.000305907 
6.50739 0.000796904 0.000370232 
6.50811 0.000741266 0.00042145 
6.50891 0.000684434 0.00046492 
6.50982 0.000626117 0.000539794 
6.51112 0.000563511 0.000863147 
6.51422 0.000487777 0.00218082 
6.52325 0.00038428 0.00617529 
6.5463 0.000249647 0.014697 
6.592 0.000151369 0.02697 
6.65591 0.000522177 0.0330046 
6.70964 0.00181052 0.0233625 
6.69616 0.0123839 -0.0267072 
6.62816 0.0199909 -0.025727 
6.27216 0.126956 -0.372679 
5.80855 0.396819 -0.0460735 
6.08982 1.30431 0.301516 
6.5575 0.247914 0.210301 
6.74642 0.0680497 -0.0049878 
6.73684 0.0197143 -0.0153018 
6.68462 0.00976868 -0.035158 
6.61813 0.00377113 -0.0267006 
6.57103 0.00109217 -0.0152927 
6.54654 2.71535e-05 -0.00624334 
6.53735 -0.000320329 -0.00168118 
6.53532 -0.000442029 5.24341e-05 
6.53577 -0.000516141 0.00051619 
6.5368 -0.000585007 0.000580489 
6.53785 -0.000654719 0.000550606 
6.53883 -0.000724463 0.000500209 
6.53968 -0.000792962 0.000437149 
6.5404 -0.000858569 0.000358357 
6.54095 -0.000919168 0.000259123 
6.54128 -0.000972082 0.000133686 
6.54135 -0.00101416 -2.26415e-05 
6.54111 -0.0010423 -0.000206456 
6.54052 -0.0010545 -0.000399178 
6.53962 -0.00105109 -0.000566101 
6.5385 -0.0010349 -0.000683107 
6.53729 -0.00101007 -0.000709925 
6.53601 -0.000980209 -0.00077361 
6.51238 0.000862502 -0.000660807 
6.51131 0.000883096 -0.000600882 
6.5103 0.000899429 -0.000579511 
6.50936 0.000909877 -0.000486565 
6.50859 0.00091188 -0.000353054 
6.50807 0.000903324 -0.000198726 
6.50782 0.000883884 -5.26065e-05 
6.50781 0.000854957 7.04908e-05 
6.50802 0.00081869 0.000168769 
6.50838 0.000777157 0.00024698 
6.50888 0.000732037 0.000310237 
6.50949 0.000684635 0.000361758 
6.51017 0.000636132 0.000406128 
6.51097 0.000588352 0.000482224 
6.51217 0.000547341 0.000806098 
6.51517 0.000534047 0.00213255 
6.52415 0.000614553 0.00615112 
6.54735 0.000936759 0.0147875 
6.59362 0.00182758 0.0271542 
6.65903 0.00373434 0.0336733 
6.71562 0.00888749 0.0231002 
6.71562 0.0207797 -0.0151907 
6.6846 0.0800836 -0.021751 
6.67067 0.236704 0.0248946 
7.2858 24.721 0.703669 
6.52428 1.66402 -0.0623349 
6.72153 0.24026 0.245543 
6.79734 0.0716595 -0.0382245 
6.75404 0.0192798 -0.00813407 
6.69611 0.0075241 -0.0370447 
6.62263 0.00250743 -0.0276509 
6.57208 0.00055924 -0.0157533 
6.54623 -0.000154886 -0.00633395 
6.53666 -0.000357797 -0.00168663 
6.53449 -0.000431471 2.60983e-05 
6.53483 -0.000487284 0.000465567 
6.53573 -0.000547005 0.000516584 
6.53665 -0.000608368 0.000481162 
6.53748 -0.000669196 0.000428319 
6.5382 -0.000727986 0.000364907 
6.53879 -0.000783367 0.000287937 
6.53921 -0.000833571 0.00019328 
6.53944 -0.000876387 7.58658e-05 
6.53942 -0.000909237 -6.84007e-05 
6.53911 -0.000929618 -0.000236199 
6.53849 -0.000936034 -0.000410239 
6.5376 -0.000929062 -0.000558344 
6.53651 -0.000911495 -0.000658413 
6.53536 -0.000887234 -0.000673542 
6.53416 -0.000859482 -0.000722957 
6.51402 0.000761777 -0.000623248 
6.513 0.00078119 -0.000574546 
6.51202 0.000797448 -0.000561874 
6.51111 0.000809034 -0.000480818 
6.51034 0.000813501 -0.000360624 
6.5098 0.000808807 -0.000219621 
6.50951 0.000794515 -8.48945e-05 
6.50944 0.000771737 2.96685e-05 
6.50957 0.000742256 0.000122227 
6.50985 0.000707806 0.000196969 
6.51026 0.000669781 0.000258366 
6.51076 0.000629306 0.000308921 
6.51135 0.000587517 0.000352575 
6.51205 0.00054724 0.000427243 
6.51317 0.000518645 0.000753963 
6.51615 0.000539692 0.00209869 
6.52534 0.000704468 0.00620666 
6.54923 0.00118494 0.0149375 
6.59698 0.00201478 0.0274358 
6.66396 0.00276606 0.0322492 
6.72255 0.00226661 0.0221156 
6.71354 -0.000576984 -0.0420977 
6.68054 0.0298318 0.0029773 
6.44155 0.103035 -0.423762 
4.94971 2.52147 -0.496571 
5.84966 0.644112 0.514765 
6.71754 -0.0937083 0.138905 
6.81461 -0.0579916 -0.0584085 
6.75293 -0.0227844 -0.023807 
6.69439 -0.0090704 -0.0382911 
6.62206 -0.0033926 -0.0291871 
6.57125 -0.00151918 -0.0162052 
6.54536 -0.000804079 -0.00650456 
6.53583 -0.000538973 -0.00173766 
6.53366 -0.000459927 -2.72035e-05 
6.53393 -0.000469613 0.000404591 
6.53472 -0.000511868 0.000452196 
6.53552 -0.000563388 0.000416644 
6.53624 -0.00061558 0.000364306 
6.53684 -0.000665758 0.000302254 
6.53731 -0.000712364 0.000228158 
6.53763 -0.000753858 0.000138589 
6.53777 -0.000788388 2.91179e-05 
6.53768 -0.000813827 -0.000103858 
6.53733 -0.000828133 -0.000257147 
6.53669 -0.000830169 -0.000414656 
6.53581 -0.000820662 -0.000546522 
6.53476 -0.000802315 -0.000632436 
6.53367 -0.00077878 -0.000638466 
6.53254 -0.000752922 -0.000676473 
6.51546 0.000671535 -0.000588403 
6.51449 0.000689904 -0.000548851 
6.51356 0.00070597 -0.000543101 
6.51267 0.000718324 -0.000472115 
6.51191 0.000724645 -0.000363534 
6.51136 0.000722967 -0.000234393 
6.51103 0.000712784 -0.00011 
6.51092 0.000694987 -3.37542e-06 
6.51098 0.000671082 8.36553e-05 
6.51119 0.000642528 0.00015484 
6.51152 0.000610501 0.000214184 
6.51194 0.000575955 0.000263929 
6.51245 0.000540113 0.000307912 
6.51307 0.000505996 0.000386701 
6.51413 0.000486398 0.000731001 
6.51715 0.000521721 0.0021511 
6.52667 0.000723177 0.00645779 
6.55156 0.0012501 0.0156517 
6.60107 0.00222705 0.0285261 
6.66974 0.00321349 0.033959 
6.72684 0.00374194 0.0218898 
6.71525 0.00506378 -0.0296695 
6.73327 0.0130693 0.0589251 
6.43781 0.0734371 -0.440159 
5.5018 1.49481 -0.266566 
5.63133 0.830766 0.440689 
6.50101 0.0597174 0.213714 
6.68062 -0.0221898 0.0105971 
6.71394 -0.0143416 0.00327592 
6.68053 -0.00735273 -0.0322493 
6.61623 -0.0035865 -0.0262759 
6.56857 -0.00169106 -0.0153132 
6.54389 -0.000870431 -0.00608878 
6.53486 -0.000533481 -0.00161165 
6.53284 -0.000434696 -1.4417e-05 
6.53307 -0.000436095 0.000366807 
6.53378 -0.000473037 0.000400518 
6.53448 -0.000518282 0.000361515 
6.53509 -0.000563615 0.000309233 
6.53559 -0.000606494 0.000248729 
6.53596 -0.000645683 0.000177816 
6.5362 -0.000679898 9.34242e-05 
6.53626 -0.000707619 -8.41888e-06 
6.53612 -0.000727077 -0.000130941 
6.53573 -0.000736582 -0.00027112 
6.53509 -0.000735263 -0.000413977 
6.53423 -0.000723939 -0.000531777 
6.53322 -0.000705206 -0.000605808 
6.53218 -0.000682475 -0.000604769 
6.53112 -0.000658311 -0.00063361 
6.51673 0.000590329 -0.000555903 
6.51581 0.000607749 -0.000523855 
6.51492 0.000623544 -0.000523611 
6.51405 0.000636403 -0.000461191 
6.51331 0.000644128 -0.000362779 
6.51275 0.000644838 -0.000244233 
6.5124 0.000637969 -0.000129234 
6.51225 0.000624239 -2.99966e-05 
6.51227 0.000604928 5.16824e-05 
6.51241 0.000581283 0.000119123 
6.51267 0.000554286 0.000175854 
6.51303 0.000524752 0.000223529 
6.51346 0.00049352 0.00026541 
6.51401 0.000462886 0.000341625 
6.51501 0.000439464 0.000688357 
6.51805 0.000446445 0.00212867 
6.52783 0.000524249 0.00651134 
6.55339 0.000734874 0.0157477 
6.60401 0.000988731 0.0284746 
6.67323 0.00115366 0.0324074 
6.72868 0.00108735 0.0178196 
6.70427 0.00108644 -0.0474472 
6.61335 0.0121788 -0.0482688 
6.29687 0.211122 -0.311345 
5.72273 1.39208 -0.181437 
5.85712 0.493172 0.266129 
6.41774 0.0185001 0.236162 
6.65585 -0.0209228 0.0272595 
6.69198 -0.00844095 0.00247296 
6.66629 -0.00665263 -0.0258268 
6.60976 -0.00334012 -0.0243321 
6.56544 -0.00167878 -0.0141465 
6.54234 -0.000831437 -0.00567701 
6.53391 -0.000495768 -0.00145729 
6.53206 -0.000398117 -2.4243e-06 
6.53227 -0.000400508 0.000333793 
6.5329 -0.000434231 0.000353733 
6.53351 -0.000474459 0.000312893 
6.53402 -0.000513802 0.000261312 
6.53444 -0.000550401 0.000202916 
6.53474 -0.000583274 0.000135475 
6.5349 -0.000611394 5.62661e-05 
6.5349 -0.000633494 -3.83251e-05 
6.53472 -0.000648096 -0.000151208 
6.53431 -0.000653787 -0.00027954 
6.53367 -0.000649896 -0.000409383 
6.53283 -0.000637297 -0.000514952 
6.53187 -0.000618468 -0.000578971 
6.53088 -0.000596592 -0.000572472 
6.52988 -0.000573969 -0.000593924 
6.51784 0.000516899 -0.000525442 
6.51697 0.000533481 -0.000499574 
6.51612 0.000548982 -0.000503692 
6.51528 0.000562173 -0.000448591 
6.51456 0.000570973 -0.00035912 
6.514 0.000573583 -0.000250064 
6.51364 0.000569407 -0.000143612 
6.51345 0.000559029 -5.12047e-05 
6.51343 0.000543554 2.54208e-05 
6.51353 0.000524058 8.92696e-05 
6.51373 0.000501388 0.000143564 
6.51402 0.000476158 0.000189783 
6.51439 0.000448858 0.000231218 
6.51488 0.000419101 0.000308797 
6.51582 0.000383964 0.000660707 
6.5188 0.000323286 0.00211157 
6.52851 0.000172892 0.00649371 
6.55384 -0.000282374 0.0156211 
6.60355 -0.00136965 0.0280676 
6.67012 -0.00364399 0.0309992 
6.72315 -0.00578581 0.0201384 
6.69412 -0.00749494 -0.0538214 
6.6892 0.00541366 0.0802803 
6.37539 -0.0691253 -0.572573 
5.27498 0.201385 -0.0761645 
6.21093 0.0167811 0.536863 
6.5158 0.018545 -0.0104716 
6.6062 -0.0160125 0.0726844 
6.6771 -0.00692599 -0.000145242 
6.65432 -0.0049299 -0.0220558 
6.60371 -0.00269339 -0.0226305 
6.56239 -0.00144698 -0.0132192 
6.54084 -0.000739468 -0.00527225 
6.53303 -0.000447562 -0.00133623 
6.53134 -0.000363492 4.36493e-06 
6.53153 -0.000366977 0.000299477 
6.53208 -0.000397298 0.000310936 
6.53261 -0.000432508 0.000269552 
6.53305 -0.000466475 0.000219623 
6.53339 -0.000497585 0.000163757 
6.53362 -0.00052506 9.99882e-05 
6.53373 -0.000548039 2.58696e-05 
6.53368 -0.000565472 -6.18802e-05 
6.53347 -0.000576106 -0.000165901 
6.53305 -0.000578751 -0.000283529 
6.53241 -0.000572896 -0.000401791 
6.5316 -0.000559438 -0.000496692 
6.53068 -0.000540728 -0.000552244 
6.52974 -0.000519726 -0.00054157 
6.5288 -0.000498505 -0.000557049 
6.51882 0.00045027 -0.000496751 
6.51799 0.00046613 -0.000475979 
6.51717 0.000481343 -0.000483537 
6.51637 0.000494747 -0.000434728 
6.51566 0.000504367 -0.00035316 
6.51511 0.00050849 -0.000252639 
6.51474 0.00050651 -0.000153976 
6.51454 0.000498906 -6.78834e-05 
6.51447 0.00048664 3.98381e-06 
6.51453 0.000470648 6.43836e-05 
6.51469 0.000451635 0.000116326 
6.51493 0.000430073 0.00016131 
6.51525 0.000405874 0.000202834 
6.51567 0.000376892 0.000282104 
6.51654 0.000330345 0.00063269 
6.51938 0.00021882 0.00205947 
6.52868 -0.000112658 0.00631175 
6.5528 -0.000997656 0.0151089 
6.59957 -0.00303109 0.0267979 
6.66102 -0.00641577 0.0300217 
6.70721 -0.0113751 0.0183471 
6.68207 -0.014344 -0.0317914 
6.68914 -0.0374089 0.0600771 
6.4513 0.0228125 -0.318234 
6.16652 13.7636 -0.479077 
6.27609 0.0542517 0.292469 
6.55894 0.0296546 0.0020264 
6.61497 0.0195098 0.048684 
6.6724 0.00357933 -0.00249406 
6.64873 -0.000357261 -0.0227019 
6.59957 -0.00129903 -0.0222084 
6.55998 -0.000944019 -0.0127464 
6.53954 -0.000588735 -0.00503866 
6.53222 -0.000394492 -0.00126329 
6.53067 -0.000335397 -4.16354e-06 
6.53085 -0.000338488 0.000265388 
6.53133 -0.000363389 0.000271614 
6.53179 -0.000393041 0.000231138 
6.53216 -0.00042183 0.000183377 
6.53244 -0.000448062 0.000130375 
6.53261 -0.000470879 7.03682e-05 
6.53267 -0.000489515 1.19361e-06 
6.53259 -0.000503057 -8.01373e-05 
6.53235 -0.000510435 -0.000176023 
6.53192 -0.000510639 -0.000283975 
6.5313 -0.000503282 -0.000391914 
6.53052 -0.000489266 -0.000477481 
6.52964 -0.000470809 -0.000525846 
6.52875 -0.000450663 -0.000512016 
6.52786 -0.000430701 -0.000522671 
6.51966 0.000389638 -0.000469607 
6.51888 0.000404855 -0.000453031 
6.5181 0.000419782 -0.000463285 
6.51733 0.000433313 -0.000419915 
6.51664 0.000443567 -0.000345371 
6.5161 0.000448917 -0.000252559 
6.51572 0.000448754 -0.000161014 
6.5155 0.000443469 -8.07746e-05 
6.51542 0.000433902 -1.34083e-05 
6.51544 0.000420877 4.36159e-05 
6.51556 0.000405023 9.31154e-05 
6.51576 0.000386729 0.000136496 
6.51602 0.000365955 0.000177382 
6.51639 0.000340229 0.00025508 
6.51718 0.000296963 0.000594811 
6.51984 0.000185897 0.00195645 
6.52857 -0.000133954 0.00600105 
6.55113 -0.000987699 0.0142093 
6.59446 -0.00285349 0.0250808 
6.64978 -0.00649221 0.026492 
6.68769 -0.0130393 0.015168 
6.64239 -0.0289189 -0.0576444 
6.54667 -0.0820891 -0.0100889 
6.14771 -0.165394 -0.519 
5.26443 0.105272 0.00658558 
6.16304 -0.10004 0.512315 
6.52985 -0.0400718 0.00992515 
6.62361 -0.0125893 0.0614305 
6.67648 -0.00237366 -0.00900786 
6.64718 -0.00150875 -0.0228829 
6.5977 -0.000693811 -0.0224651 
6.55853 -0.000504314 -0.0125739 
6.5386 -0.000375598 -0.00496737 
6.53152 -0.000325031 -0.00123573 
6.53004 -0.000307136 -1.72308e-05 
6.5302 -0.000313281 0.000237511 
6.53064 -0.000332352 0.0002386 
6.53104 -0.000356067 0.000198303 
6.53135 -0.000379923 0.000152375 
6.53157 -0.00040175 0.000102181 
6.5317 -0.00042053 4.58437e-05 
6.53172 -0.000435474 -1.86167e-05 
6.53161 -0.000445772 -9.39641e-05 
6.53136 -0.000450488 -0.000182398 
6.53093 -0.000448749 -0.000281595 
6.53032 -0.000440259 -0.000380306 
6.52957 -0.000425906 -0.000457671 
6.52873 -0.000407782 -0.000499911 
6.52789 -0.000388455 -0.000483745 
6.52706 -0.000369632 -0.000490514 
6.52039 0.000334377 -0.000443836 
6.51965 0.000348992 -0.000430713 
6.51891 0.000363632 -0.00044303 
6.51817 0.00037723 -0.000404383 
6.51751 0.000387989 -0.00033611 
6.51698 0.000394348 -0.000250291 
6.5166 0.000395696 -0.000165275 
6.51637 0.000392348 -9.04766e-05 
6.51626 0.000385045 -2.73698e-05 
6.51626 0.000374535 2.63936e-05 
6.51634 0.000361399 7.3427e-05 
6.5165 0.000346077 0.000115167 
6.51673 0.000328893 0.00015515 
6.51705 0.000309353 0.000232213 
6.51777 0.000282841 0.000562276 
6.52028 0.00023381 0.00188505 
6.52862 0.000134033 0.00579063 
6.55023 1.04988e-05 0.0138036 
6.59177 9.36403e-05 0.0243204 
6.6451 0.00142749 0.0267088 
6.68041 0.00517577 0.0136799 
6.64347 0.0220401 -0.0401062 
6.55184 0.0495446 -0.0382573 
6.1649 0.160179 -0.402995 
5.74024 0.285764 -0.00908841 
6.14282 0.163486 0.403893 
6.54049 0.0246194 0.0448466 
6.63741 0.0219906 0.0445731 
6.6818 0.00793835 -0.00869922 
6.65156 0.00556013 -0.0251508 
6.60007 0.00301619 -0.0235841 
6.55941 0.0013486 -0.0134108 
6.53855 0.000357184 -0.00531672 
6.53109 -7.99519e-05 -0.00137457 
6.52949 -0.000229028 -6.38475e-05 
6.52961 -0.000276168 0.000207072 
6.53 -0.000299427 0.000210189 
6.53035 -0.000320204 0.00017003 
6.53062 -0.000340184 0.000125924 
6.5308 -0.000358348 7.84511e-05 
6.53088 -0.000373698 2.56799e-05 
6.53087 -0.000385542 -3.43218e-05 
6.53074 -0.000393146 -0.000104105 
6.53048 -0.000395684 -0.000185711 
6.53005 -0.000392394 -0.000276966 
6.52946 -0.000383049 -0.000367394 
6.52874 -0.000368519 -0.000437521 
6.52794 -0.00035078 -0.000474522 
6.52715 -0.000332233 -0.00045669 
6.52637 -0.000314441 -0.000460342 
6.52102 0.000283827 -0.000419292 
6.52031 0.000297902 -0.000409003 
6.51961 0.000312265 -0.000422839 
6.5189 0.000325894 -0.000388305 
6.51826 0.000337058 -0.000325651 
6.51775 0.000344256 -0.000246212 
6.51737 0.000346871 -0.000167223 
6.51713 0.000345155 -9.75168e-05 
6.51701 0.000339766 -3.84803e-05 
6.51699 0.000331378 1.20378e-05 
6.51704 0.00032052 5.64037e-05 
6.51717 0.000307608 9.57207e-05 
6.51736 0.000293029 0.000133252 
6.51764 0.000277497 0.000205467 
6.51832 0.000262797 0.00052389 
6.52076 0.000263255 0.00181378 
6.52901 0.000351309 0.00568845 
6.55071 0.000805231 0.0137577 
6.59328 0.00234213 0.0247683 
6.65025 0.0061828 0.0284171 
6.69297 0.0141135 0.0163972 
6.6771 0.0273454 -0.024066 
6.64292 0.0784736 -0.0142549 
6.62486 0.214465 -0.0101953 
7.17006 29.9473 -1.0962 
6.49379 0.400592 -0.0573088 
6.5637 0.0214285 0.0452285 
6.63873 -0.00226116 0.0513511 
6.69028 0.00401543 -0.00218487 
6.66416 0.00742166 -0.0249903 
6.60937 0.00595876 -0.0258904 
6.5641 0.00326671 -0.0152301 
6.54008 0.00122662 -0.00631267 
6.53116 0.000231116 -0.00172915 
6.52908 -0.000132498 -0.000170139 
6.52907 -0.000235568 0.000173037 
6.52942 -0.000267869 0.000185634 
6.52973 -0.00028643 0.000146515 
6.52996 -0.000303032 0.000103644 
6.5301 -0.000317885 5.87166e-05 
6.53015 -0.000330257 9.28811e-06 
6.53012 -0.000339442 -4.65368e-05 
6.52997 -0.000344782 -0.00011117 
6.5297 -0.000345529 -0.00018652 
6.52928 -0.000341009 -0.000270556 
6.52872 -0.000331036 -0.000353517 
6.52803 -0.00031645 -0.000417228 
6.52727 -0.000299115 -0.000449724 
6.52652 -0.000281288 -0.00043077 
6.52578 -0.000264421 -0.00043195 
6.52154 0.000237485 -0.000395839 
6.52088 0.000251078 -0.000387863 
6.52021 0.000265176 -0.000402763 
6.51953 0.000278799 -0.000371818 
6.51892 0.000290277 -0.000314226 
6.51842 0.000298163 -0.000240631 
6.51805 0.000301845 -0.000167221 
6.51781 0.000301529 -0.000102278 
6.51768 0.000297804 -4.7107e-05 
6.51763 0.000291277 2.76675e-07 
6.51767 0.000282429 4.19345e-05 
6.51777 0.000271554 7.86351e-05 
6.51793 0.000258914 0.000112701 
6.51818 0.000244699 0.000179022 
6.51882 0.000233078 0.000484837 
6.52123 0.000246983 0.00176563 
6.52962 0.000400211 0.0056916 
6.55215 0.00101778 0.0140657 
6.5976 0.00291091 0.0260023 
6.66114 0.00711561 0.03051 
6.71731 0.0167144 0.0221249 
6.70526 0.0315786 -0.0424685 
6.70703 0.119622 0.0446382 
6.4761 0.291134 -0.455411 
5.83491 2.29669 0.185745 
6.57387 0.236102 0.100747 
6.51696 0.0415064 0.0367843 
6.62868 0.00487457 0.081056 
6.70883 0.014613 0.00505407 
6.68829 0.0151328 -0.026422 
6.62774 0.0115691 -0.0300796 
6.57388 0.00627817 -0.0189218 
6.54378 0.0025773 -0.00820491 
6.53197 0.000719902 -0.00246365 
6.52889 3.22664e-05 -0.000378831 
6.52862 -0.000174334 0.000115034 
6.5289 -0.000230454 0.000160035 
6.52918 -0.000252605 0.000125352 
6.52937 -0.000267583 8.46172e-05 
6.52948 -0.000280029 4.226e-05 
6.52951 -0.000289926 -3.9062e-06 
6.52945 -0.000296868 -5.58053e-05 
6.52929 -0.000300295 -0.000115666 
6.52902 -0.000299557 -0.00018528 
6.52861 -0.000294047 -0.000262738 
6.52807 -0.000283612 -0.000338941 
6.52741 -0.000269053 -0.000396931 
6.52669 -0.000252131 -0.000425539 
6.52598 -0.000234982 -0.000405913 
6.52529 -0.00021896 -0.00040516 
6.52198 0.000194914 -0.000373354 
6.52135 0.000208067 -0.000367258 
6.52071 0.000221916 -0.000382836 
6.52007 0.000235514 -0.000355034 
6.51949 0.000247233 -0.000302032 
6.51901 0.000255677 -0.000233813 
6.51865 0.000260248 -0.000165565 
6.5184 0.000261134 -0.000105043 
6.51826 0.000258875 -5.34595e-05 
6.51821 0.000254021 -8.94196e-06 
6.51822 0.000246976 3.04405e-05 
6.5183 0.000238001 6.53058e-05 
6.51843 0.000226977 9.79632e-05 
6.51865 0.000214124 0.00016308 
6.51926 0.000201987 0.000473813 
6.52168 0.000216298 0.00179506 
6.53031 0.000337657 0.00591145 
6.55389 0.000771509 0.0148308 
6.6022 0.00161852 0.0278763 
6.67105 0.00263597 0.0335763 
6.73518 0.00163265 0.0272337 
6.72936 -0.00156158 -0.0401527 
6.78776 -0.0189431 0.113614 
6.39275 -0.0648346 -0.723462 
5.12498 5.80046 -0.104243 
6.21238 -0.103083 0.463565 
6.53901 -0.00582541 -0.00392634 
6.64375 0.0209955 0.0864674 
6.74441 0.0201053 0.00529916 
6.7263 0.0220978 -0.0312431 
6.65557 0.0157288 -0.0373555 
6.58875 0.00865021 -0.0243674 
6.54966 0.00359025 -0.0110499 
6.53356 0.00112079 -0.00354505 
6.52895 0.000172379 -0.000703809 
6.52827 -0.000115274 3.11179e-05 
6.52845 -0.000194798 0.000130227 
6.52868 -0.000220377 0.000105974 
6.52884 -0.000234428 6.82666e-05 
6.52893 -0.000244769 2.86888e-05 
6.52893 -0.000252556 -1.43403e-05 
6.52886 -0.000257565 -6.25513e-05 
6.5287 -0.000259367 -0.000117998 
6.52843 -0.000257375 -0.000182345 
6.52803 -0.000251048 -0.000253794 
6.52751 -0.000240263 -0.000323863 
6.52689 -0.000225785 -0.000376728 
6.52621 -0.000209282 -0.000401975 
6.52554 -0.000192783 -0.00038206 
6.52489 -0.000177551 -0.000379815 
6.52234 0.000155677 -0.000351727 
6.52174 0.000168445 -0.000347143 
6.52114 0.000182074 -0.000363068 
6.52053 0.000195637 -0.000338037 
6.51997 0.000207543 -0.00028923 
6.51951 0.000216441 -0.000225981 
6.51916 0.00022176 -0.000162527 
6.51892 0.000223679 -0.000106108 
6.51878 0.000222705 -5.78622e-05 
6.51871 0.000219327 -1.60088e-05 
6.51871 0.000213932 2.12993e-05 
6.51877 0.000206755 5.47469e-05 
6.51888 0.000198212 8.67513e-05 
6.51907 0.000189477 0.000153921 
6.51966 0.000190698 0.00047956 
6.52213 0.000238385 0.00187622 
6.53111 0.000447148 0.00623854 
6.55582 0.000956583 0.0157243 
6.60628 0.00170678 0.0293788 
6.6771 0.00143623 0.0349653 
6.73679 -0.00312372 0.0234302 
6.7145 -0.0175546 -0.0446946 
6.6894 -0.0523993 0.0370507 
6.18868 0.0623632 -0.640689 
5.40009 1.82417 0.082307 
6.01422 0.574886 0.280752 
6.42529 0.0775008 0.181493 
6.6845 0.0350299 0.0672522 
6.78529 0.0281115 0.0151687 
6.77184 0.0245721 -0.0376407 
6.68696 0.0164168 -0.0444506 
6.60537 0.00856308 -0.0299958 
6.55631 0.0035685 -0.0138797 
6.53548 0.00113315 -0.0046444 
6.52916 0.000208795 -0.00102694 
6.52799 -8.49909e-05 -4.97366e-05 
6.52805 -0.000165982 0.000106073 
6.52824 -0.000191606 9.11119e-05 
6.52838 -0.000203761 5.56207e-05 
6.52844 -0.000212115 1.81338e-05 
6.52843 -0.00021796 -2.21757e-05 
6.52835 -0.000221286 -6.70629e-05 
6.52818 -0.000221685 -0.00011847 
6.52792 -0.00021863 -0.000177984 
6.52754 -0.000211622 -0.000243933 
6.52704 -0.000200565 -0.000308421 
6.52645 -0.000186191 -0.000356683 
6.5258 -0.000170084 -0.000379022 
6.52518 -0.000154172 -0.000359142 
6.52457 -0.000139635 -0.000355762 
6.52262 0.000119463 -0.000330851 
6.52206 0.000131895 -0.000327464 
6.52149 0.000145331 -0.000343459 
6.52091 0.000158859 -0.000320886 
6.52038 0.000170925 -0.000275936 
6.51994 0.000180223 -0.00021731 
6.5196 0.000186197 -0.000158328 
6.51937 0.000189011 -0.00010575 
6.51922 0.000189138 -6.06636e-05 
6.51915 0.000187044 -2.14202e-05 
6.51914 0.000183096 1.37103e-05 
6.51918 0.000177738 4.52634e-05 
6.51927 0.000171731 7.56691e-05 
6.51945 0.000169136 0.000142945 
6.52003 0.000184995 0.000482489 
6.52262 0.00027814 0.00194908 
6.53209 0.000583637 0.00652884 
6.5581 0.00136113 0.016399 
6.61078 0.0027309 0.0302037 
6.6831 0.00460304 0.034144 
6.73794 0.00637548 0.0163034 
6.691 0.0111539 -0.0726014 
6.55791 0.0421691 -0.0605218 
6.12792 0.338194 -0.505849 
5.05162 2.93137 -0.219002 
5.72725 0.279466 0.246475 
6.47511 0.128372 0.31012 
6.76506 0.0863154 0.0293112 
6.84083 0.0406315 0.0147295 
6.81342 0.0218067 -0.0469355 
6.71145 0.0106511 -0.0498743 
6.61772 0.00501892 -0.0337897 
6.56125 0.00199337 -0.0157128 
6.53696 0.000645965 -0.00537068 
6.52933 9.90209e-05 -0.0012459 
6.52776 -8.51612e-05 -0.000104512 
6.5277 -0.000144404 9.00474e-05 
6.52786 -0.000164729 8.07788e-05 
6.52797 -0.000174995 4.62557e-05 
6.52802 -0.000181581 1.02375e-05 
6.528 -0.000185856 -2.77672e-05 
6.52791 -0.00018776 -6.96587e-05 
6.52774 -0.000186969 -0.000117362 
6.52748 -0.000182999 -0.000172426 
6.52712 -0.00017541 -0.000233326 
6.52664 -0.000164133 -0.00029272 
6.52608 -0.000149877 -0.000336835 
6.52548 -0.00013415 -0.000356657 
6.52489 -0.000118782 -0.000337072 
6.52432 -0.000104874 -0.000332856 
6.52283 8.59627e-05 -0.000310623 
6.5223 9.81134e-05 -0.000308159 
6.52176 0.000111385 -0.000324001 
6.52122 0.000124885 -0.000303618 
6.52072 0.0001371 -0.000262226 
6.5203 0.00014676 -0.000207918 
6.51997 0.000153317 -0.000153132 
6.51975 0.000156909 -0.000104169 
6.5196 0.000157975 -6.20639e-05 
6.51952 0.000156951 -2.5275e-05 
6.5195 0.000154212 7.84681e-06 
6.51954 0.000150062 3.78527e-05 
6.51961 0.000145314 6.75585e-05 
6.51978 0.000142159 0.000137885 
6.52038 0.00015108 0.000496315 
6.52308 0.000196575 0.00203589 
6.53295 0.00033876 0.00680304 
6.55992 0.000619455 0.017045 
6.61416 0.00105711 0.0312363 
6.68835 0.00152117 0.036114 
6.7444 0.00152395 0.0192672 
6.71164 0.00341375 -0.0488427 
6.65386 -0.016318 0.0132079 
6.3893 -0.084184 -0.422079 
5.95032 0.35262 0.273572 
6.97249 16.2099 2.97051 
6.82839 0.183465 0.192228 
6.96714 0.0840469 -0.0744735 
6.89122 0.0178012 -0.0191856 
6.82658 -0.00234554 -0.0539618 
6.71442 -0.00512349 -0.0509546 
6.61877 -0.00310594 -0.0336285 
6.56179 -0.00123189 -0.0156842 
6.53712 -0.00041819 -0.0054206 
6.52922 -0.000173734 -0.00129121 
6.52751 -0.000133115 -0.000125526 
6.5274 -0.000134805 7.86318e-05 
6.52752 -0.00014243 7.20078e-05 
6.52762 -0.000148694 3.85151e-05 
6.52765 -0.000153362 4.10077e-06 
6.52762 -0.000156133 -3.1663e-05 
6.52753 -0.000156797 -7.0715e-05 
6.52736 -0.000154982 -0.000114956 
6.52711 -0.000150246 -0.000165888 
6.52676 -0.000142184 -0.000222128 
6.52632 -0.000130743 -0.000276844 
6.52579 -0.000116604 -0.000317202 
6.52522 -0.000101209 -0.000334833 
6.52467 -8.63126e-05 -0.000315766 
6.52414 -7.29552e-05 -0.000310956 
6.52297 5.49116e-05 -0.000290925 
6.52248 6.68543e-05 -0.00028915 
6.52198 8.00109e-05 -0.000304669 
6.52146 9.35045e-05 -0.000286254 
6.52099 0.000105861 -0.000248164 
6.52059 0.000115846 -0.000197914 
6.52028 0.000122915 -0.000147094 
6.52006 0.000127179 -0.000101575 
6.51992 0.000129051 -6.23249e-05 
6.51984 0.00012897 -2.79147e-05 
6.51981 0.00012728 3.18266e-06 
6.51984 0.000124327 3.14043e-05 
6.51991 0.000120343 5.96367e-05 
6.52006 0.000115891 0.000129465 
6.52066 0.000106939 0.000488802 
6.52337 7.38796e-05 0.00202146 
6.5332 -7.00721e-05 0.00672787 
6.5599 -0.000456755 0.0167902 
6.61344 -0.0010706 0.0308113 
6.68765 -0.000590942 0.0370107 
6.74786 0.00441764 0.0240294 
6.73919 0.0223149 -0.0204966 
6.67035 0.0504038 -0.0228045 
6.51117 0.131793 -0.110531 
6.38766 11.5295 -3.29362 
6.1177 1.62904 0.0563324 
6.8378 0.163409 0.483288 
6.96605 -0.00484117 -0.135335 
6.84608 -0.0446232 0.00268343 
6.78679 -0.0357222 -0.0484758 
6.68649 -0.0226399 -0.0410968 
6.60543 -0.0108319 -0.0280281 
6.55686 -0.0041989 -0.0131416 
6.53564 -0.00135093 -0.00461964 
6.52874 -0.000415143 -0.0010951 
6.52722 -0.000170531 -9.57951e-05 
6.52712 -0.000124193 7.74087e-05 
6.52724 -0.000120469 6.5887e-05 
6.52732 -0.000123821 3.26464e-05 
6.52734 -0.000126883 -3.96142e-07 
6.52731 -0.000128459 -3.40588e-05 
6.52721 -0.000128097 -7.04613e-05 
6.52705 -0.00012546 -0.000111477 
6.52681 -0.000120123 -0.000158567 
6.52648 -0.0001117 -0.000210474 
6.52606 -0.000100133 -0.000260849 
6.52556 -8.60847e-05 -0.000297767 
6.52503 -7.09511e-05 -0.000313474 
6.52451 -5.64256e-05 -0.000295101 
6.52401 -4.34965e-05 -0.000289904 
6.52306 2.61306e-05 -0.000271624 
6.5226 3.79238e-05 -0.000270364 
6.52213 5.101e-05 -0.000285422 
6.52164 6.45297e-05 -0.000268796 
6.5212 7.70306e-05 -0.000233807 
6.52082 8.72996e-05 -0.000187402 
6.52053 9.47965e-05 -0.000140362 
6.52032 9.96242e-05 -9.81357e-05 
6.52018 0.000102187 -6.16233e-05 
6.5201 0.000102901 -2.95143e-05 
6.52007 0.000102085 -4.51883e-07 
6.52009 9.97757e-05 2.57392e-05 
6.52015 9.53472e-05 5.15083e-05 
6.52029 8.34499e-05 0.000115403 
6.52085 3.86869e-05 0.000448187 
6.52338 -0.000147753 0.00185764 
6.53247 -0.000791153 0.00614789 
6.55692 -0.00258764 0.0151976 
6.60572 -0.00627601 0.0278471 
6.67372 -0.0117096 0.0337055 
6.73329 -0.014767 0.0260978 
6.73865 -0.0114944 -0.00886683 
6.75238 0.0367081 0.0499154 
6.71723 0.0933657 -0.0540898 
6.83804 10.8852 -4.40677 
5.70505 0.674514 -0.136302 
6.52373 -0.141067 0.607746 
6.7993 -0.152719 -0.104636 
6.72068 -0.0849379 0.0218022 
6.69988 -0.0554218 -0.0284533 
6.63678 -0.0300486 -0.0264455 
6.58258 -0.0138166 -0.0193617 
6.54849 -0.00522993 -0.00947325 
6.53313 -0.00167221 -0.00340994 
6.52804 -0.000482623 -0.000813126 
6.52693 -0.000169052 -5.5146e-05 
6.52689 -0.000105041 7.24812e-05 
6.52699 -9.793e-05 5.80655e-05 
6.52706 -9.98678e-05 2.66842e-05 
6.52708 -0.000101967 -4.10738e-06 
6.52704 -0.000102605 -3.54576e-05 
6.52695 -0.000101444 -6.92395e-05 
6.52679 -9.81686e-05 -0.000107198 
6.52656 -9.23838e-05 -0.000150668 
6.52625 -8.36966e-05 -0.00019849 
6.52585 -7.20441e-05 -0.000244781 
6.52539 -5.80714e-05 -0.000278502 
6.5249 -4.31469e-05 -0.000292497 
6.52441 -2.89146e-05 -0.000274944 
6.52395 -1.63238e-05 -0.000269532 
6.52309 -5.07853e-07 -0.000252588 
6.52266 1.11978e-05 -0.000251728 
6.52222 2.42628e-05 -0.000266209 
6.52177 3.78329e-05 -0.000251242 
6.52136 5.04606e-05 -0.00021921 
6.521 6.09478e-05 -0.000176494 
6.52073 6.87693e-05 -0.000133077 
6.52053 7.40395e-05 -9.39941e-05 
6.52039 7.71665e-05 -6.00719e-05 
6.52032 7.85877e-05 -3.00976e-05 
6.52029 7.86035e-05 -2.89537e-06 
6.5203 7.7278e-05 2.15329e-05 
6.52035 7.34085e-05 4.48349e-05 
6.52047 5.96945e-05 0.000100294 
6.52096 -3.19284e-06 0.000385324 
6.52314 -0.000266171 0.00158161 
6.53084 -0.0011925 0.00514907 
6.55115 -0.00376881 0.0124578 
6.59081 -0.00945176 0.0221562 
6.644 -0.0190002 0.0249647 
6.68802 -0.0308102 0.0171976 
6.67519 -0.0430841 -0.0291403 
6.68384 -0.0256107 0.0547122 
6.56883 0.060531 -0.268034 
5.81811 1.11258 -0.234959 
5.83994 0.427794 0.149848 
6.27951 -0.0306865 0.287613 
6.53344 -0.112586 0.0147836 
6.58659 -0.0591454 0.0306174 
6.60829 -0.0400556 -0.00697984 
6.58761 -0.0215557 -0.0124555 
6.56032 -0.00999228 -0.0113548 
6.54037 -0.00380866 -0.00603076 
6.5307 -0.00121513 -0.00229416 
6.52739 -0.000347128 -0.000550916 
6.52669 -0.000120518 -2.45816e-05 
6.5267 -7.81494e-05 6.4901e-05 
6.5268 -7.49834e-05 4.95248e-05 
6.52686 -7.71685e-05 2.13178e-05 
6.52687 -7.85636e-05 -6.94445e-06 
6.52683 -7.84584e-05 -3.59398e-05 
6.52674 -7.6653e-05 -6.72274e-05 
6.52659 -7.28968e-05 -0.000102303 
6.52637 -6.67873e-05 -0.000142348 
6.52608 -5.79233e-05 -0.000186283 
6.52571 -4.62278e-05 -0.000228681 
6.52528 -3.23289e-05 -0.000259386 
6.52481 -1.75687e-05 -0.000271824 
6.52437 -3.55651e-06 -0.00025518 
6.52394 8.78377e-06 -0.000249676 
6.52307 -2.50887e-05 -0.00023369 
6.52267 -1.34133e-05 -0.000233171 
6.52226 -3.38167e-07 -0.000246994 
6.52185 1.32837e-05 -0.000233607 
6.52146 2.60118e-05 -0.000204435 
6.52113 3.66581e-05 -0.000165301 
6.52087 4.47061e-05 -0.000125387 
6.52069 5.0284e-05 -8.93106e-05 
6.52056 5.38233e-05 -5.78128e-05 
6.52048 5.57804e-05 -2.9749e-05 
6.52045 5.65163e-05 -4.0227e-06 
6.52046 5.61568e-05 1.93872e-05 
6.52051 5.40228e-05 4.20939e-05 
6.52062 4.3516e-05 9.21792e-05 
6.52103 -9.34869e-06 0.000335199 
6.52282 -0.000244353 0.00131744 
6.52898 -0.00107262 0.00416614 
6.54472 -0.00342467 0.00968008 
6.57406 -0.00870291 0.0163862 
6.60926 -0.0183405 0.0153848 
6.6294 -0.0331537 0.0060854 
6.58336 -0.0545728 -0.0522144 
6.55951 -0.113247 0.0527765 
6.28428 -0.180402 -0.482162 
5.17091 0.25427 -0.198182 
5.94876 0.449456 0.485435 
6.20015 -0.044493 0.022353 
6.35942 -0.0311313 0.0979705 
6.49971 -0.025847 0.039909 
6.55233 -0.0148383 0.00840227 
6.55803 -0.00820599 -0.00396386 
6.54676 -0.00390407 -0.00623949 
6.53537 -0.00154658 -0.00385268 
6.5292 -0.000507099 -0.00154878 
6.52698 -0.000152186 -0.000377727 
6.52652 -6.4281e-05 -3.60246e-06 
6.52655 -5.19323e-05 5.84774e-05 
6.52664 -5.38163e-05 4.33204e-05 
6.52669 -5.59614e-05 1.75146e-05 
6.5267 -5.66744e-05 -8.59045e-06 
6.52666 -5.59043e-05 -3.55435e-05 
6.52657 -5.35994e-05 -6.45587e-05 
6.52643 -4.94899e-05 -9.69437e-05 
6.52623 -4.31585e-05 -0.000133737 
6.52595 -3.41882e-05 -0.000173947 
6.52561 -2.24907e-05 -0.0002126 
6.52521 -8.67638e-06 -0.000240416 
6.52478 5.94206e-06 -0.000251393 
6.52437 1.97927e-05 -0.000235701 
6.52398 3.19744e-05 -0.000230167 
6.523 -4.76802e-05 -0.000214793 
6.52263 -3.59571e-05 -0.000214611 
6.52226 -2.28309e-05 -0.000227755 
6.52187 -9.15758e-06 -0.00021592 
6.52152 3.62464e-06 -0.000189562 
6.52121 1.43329e-05 -0.000153953 
6.52097 2.24668e-05 -0.000117465 
6.5208 2.81862e-05 -8.42948e-05 
6.52068 3.19553e-05 -5.50992e-05 
6.52061 3.42644e-05 -2.88081e-05 
6.52058 3.55173e-05 -4.41624e-06 
6.52059 3.61073e-05 1.82742e-05 
6.52063 3.62047e-05 4.09031e-05 
6.52074 3.38974e-05 8.87921e-05 
6.5211 1.29477e-05 0.000302102 
6.52261 -9.407e-05 0.00113387 
6.52767 -0.000491465 0.00345733 
6.54015 -0.00157405 0.00774829 
6.56209 -0.0038782 0.0122723 
6.58463 -0.00742811 0.0092776 
6.58616 -0.012603 -0.00367792 
6.52138 -0.0161512 -0.0549343 
6.40452 -0.0573139 -0.0466608 
5.98692 -0.0583638 -0.410316 
5.35137 0.200026 -0.183051 
5.4727 0.361679 0.437646 
6.20255 0.0926884 0.149318 
6.37931 0.062532 0.0637977 
6.49218 0.0252336 0.0425036 
6.5457 0.0117549 0.00939942 
6.55293 0.00469491 -0.00262739 
6.5438 0.00156268 -0.00511245 
6.53409 0.000439886 -0.0032312 
6.52876 0.000100473 -0.00130619 
6.52683 1.1011e-05 -0.000316384 
6.52642 -1.75083e-05 8.62947e-07 
6.52644 -2.91081e-05 5.36922e-05 
6.52652 -3.41644e-05 3.92717e-05 
6.52657 -3.6e-05 1.52769e-05 
6.52657 -3.60377e-05 -9.23171e-06 
6.52653 -3.47521e-05 -3.44458e-05 
6.52645 -3.21003e-05 -6.14208e-05 
6.52632 -2.77874e-05 -9.12828e-05 
6.52613 -2.13586e-05 -0.000124969 
6.52588 -1.23782e-05 -0.00016158 
6.52556 -7.43014e-07 -0.000196601 
6.52519 1.29563e-05 -0.000221611 
6.5248 2.74399e-05 -0.000231164 
6.52442 4.11784e-05 -0.000216402 
6.52406 5.32945e-05 -0.000210826 
6.52288 -6.8249e-05 -0.00019574 
6.52255 -5.64112e-05 -0.000195973 
6.52221 -4.32182e-05 -0.000208485 
6.52186 -2.95319e-05 -0.000198241 
6.52153 -1.67873e-05 -0.000174711 
6.52125 -6.1545e-06 -0.000142618 
6.52103 1.90034e-06 -0.000109507 
6.52087 7.5818e-06 -7.91608e-05 
6.52075 1.13886e-05 -5.21684e-05 
6.52069 1.38215e-05 -2.7586e-05 
6.52066 1.52975e-05 -4.52138e-06 
6.52067 1.62136e-05 1.72059e-05 
6.52072 1.71866e-05 3.94434e-05 
6.52082 1.88535e-05 8.55887e-05 
6.52118 2.02168e-05 0.000284226 
6.52258 1.30138e-05 0.00103951 
6.52721 -1.09139e-05 0.00313268 
6.53848 8.1593e-06 0.00694017 
6.55807 0.00040463 0.0108541 
6.57766 0.00203666 0.00770646 
6.57585 0.00614794 -0.00581643 
6.51391 0.0148017 -0.0503632 
6.36296 0.040523 -0.0861286 
6.01521 0.116604 -0.277249 
5.65853 0.200091 -0.135297 
5.79422 0.457446 0.346098 
6.36395 0.0344967 0.150643 
6.49683 0.0478999 0.0190976 
6.5478 0.0340257 0.0230494 
6.57215 0.0180522 -0.000331082 
6.56405 0.00830377 -0.00717836 
6.54768 0.00322179 -0.00689645 
6.53517 0.00103669 -0.00377713 
6.52899 0.000277679 -0.00143902 
6.52683 5.5236e-05 -0.000347054 
6.52637 -5.17247e-08 -9.46912e-06 
6.52637 -1.33467e-05 4.81873e-05 
6.52644 -1.6574e-05 3.62313e-05 
6.52648 -1.70988e-05 1.38343e-05 
6.52649 -1.64065e-05 -9.25823e-06 
6.52645 -1.47286e-05 -3.29377e-05 
6.52637 -1.19064e-05 -5.80406e-05 
6.52625 -7.57306e-06 -8.55246e-05 
6.52607 -1.229e-06 -0.000116221 
6.52584 7.60035e-06 -0.000149325 
6.52555 1.90525e-05 -0.000180779 
6.52521 3.25693e-05 -0.000203008 
6.52485 4.69046e-05 -0.000211111 
6.52451 6.0565e-05 -0.000197193 
6.52418 7.26963e-05 -0.000191471 
6.52273 -8.67556e-05 -0.000176359 
6.52244 -7.47306e-05 -0.000177201 
6.52213 -6.14834e-05 -0.00018922 
6.52181 -4.78786e-05 -0.000180685 
6.52151 -3.53305e-05 -0.000160059 
6.52125 -2.49721e-05 -0.000131507 
6.52105 -1.72143e-05 -0.000101734 
6.5209 -1.17902e-05 -7.4122e-05 
6.52079 -8.15338e-06 -4.92222e-05 
6.52073 -5.77791e-06 -2.62484e-05 
6.5207 -4.24983e-06 -4.48697e-06 
6.52072 -3.16442e-06 1.61804e-05 
6.52076 -1.82939e-06 3.74759e-05 
6.52087 1.67611e-06 8.25805e-05 
6.52123 1.37758e-05 0.000276008 
6.52266 5.9613e-05 0.00101877 
6.52734 0.000241787 0.00310569 
6.53902 0.000908018 0.00708631 
6.56039 0.0030549 0.0117343 
6.58544 0.00868873 0.0107223 
6.59717 0.022673 0.00136374 
6.55875 0.0495723 -0.0354419 
6.52875 0.143286 0.00872472 
6.41338 0.270181 -0.124014 
6.66883 11.9146 0.26681 
6.29956 0.640801 0.0265189 
6.43683 0.0996958 0.0654262 
6.55803 0.0469479 0.0465107 
6.60753 0.0272812 0.0028086 
6.60204 0.0133669 -0.00913414 
6.57769 0.00606806 -0.0126902 
6.55261 0.00223108 -0.00911957 
6.53663 0.000685712 -0.00456466 
6.5293 0.000160127 -0.00164608 
6.52686 2.70887e-05 -0.000392941 
6.52633 1.66906e-06 -1.91255e-05 
6.52633 -4.22012e-07 4.47256e-05 
6.52639 3.21577e-07 3.43828e-05 
6.52644 1.33862e-06 1.31017e-05 
6.52644 2.63827e-06 -8.86463e-06 
6.52641 4.52401e-06 -3.12149e-05 
6.52634 7.31778e-06 -5.46316e-05 
6.52622 1.14526e-05 -7.98962e-05 
6.52606 1.74744e-05 -0.000107726 
6.52584 2.59147e-05 -0.000137392 
6.52558 3.69737e-05 -0.000165299 
6.52527 5.01504e-05 -0.000184708 
6.52495 6.4246e-05 -0.000191257 
6.52463 7.78071e-05 -0.00017802 
6.52434 9.00012e-05 -0.000171927 
6.52255 -0.000102961 -0.000156495 
6.52228 -9.07341e-05 -0.000158292 
6.52201 -7.75431e-05 -0.000170091 
6.52172 -6.42402e-05 -0.00016348 
6.52145 -5.21842e-05 -0.000145888 
6.52121 -4.24343e-05 -0.000120919 
6.52103 -3.53119e-05 -9.44376e-05 
6.52089 -3.04695e-05 -6.94504e-05 
6.52079 -2.73013e-05 -4.64957e-05 
6.52073 -2.52482e-05 -2.49829e-05 
6.52071 -2.38978e-05 -4.39218e-06 
6.52072 -2.29453e-05 1.51905e-05 
6.52077 -2.21415e-05 3.52975e-05 
6.52088 -2.1148e-05 7.82424e-05 
6.52125 -1.90016e-05 0.00026781 
6.52271 -6.98214e-06 0.0010074 
6.52756 6.27666e-05 0.00314898 
6.54002 0.00039444 0.007412 
6.56421 0.00154932 0.0132018 
6.59692 0.0047383 0.0141856 
6.62725 0.011628 0.0121405 
6.61648 0.0243835 -0.0346712 
6.63615 0.0476352 0.0677152 
6.4544 0.063709 -0.42815 
5.35328 1.09724 -0.256879 
6.20949 0.862559 0.4269 
6.58571 0.103486 -0.0198918 
6.61733 0.0464422 0.0316636 
6.63841 0.00744549 -0.00327354 
6.61956 0.00466579 -0.0145728 
6.58526 0.00148833 -0.015655 
6.55526 0.000470466 -0.0104229 
6.53731 6.69184e-05 -0.0049854 
6.5294 -5.21047e-06 -0.00174908 
6.52685 -3.93044e-06 -0.000408442 
6.52631 8.54001e-06 -2.02736e-05 
6.52631 1.5382e-05 4.43475e-05 
6.52638 1.86789e-05 3.38653e-05 
6.52643 2.04455e-05 1.29949e-05 
6.52643 2.19416e-05 -8.2023e-06 
6.5264 2.37103e-05 -2.94911e-05 
6.52633 2.61651e-05 -5.14427e-05 
6.52623 2.97728e-05 -7.46861e-05 
6.52608 3.5119e-05 -9.9799e-05 
6.52588 4.28022e-05 -0.000126101 
6.52564 5.31161e-05 -0.000150444 
6.52536 6.56636e-05 -0.000166918 
6.52507 7.93283e-05 -0.000171709 
6.52479 9.27187e-05 -0.000158865 
6.52453 0.000105025 -0.00015203 
6.52233 -0.000116421 -0.000136035 
6.5221 -0.000104067 -0.000139358 
6.52186 -9.11955e-05 -0.000151389 
6.5216 -7.86142e-05 -0.000147027 
6.52136 -6.75572e-05 -0.00013265 
6.52114 -5.89475e-05 -0.000111302 
6.52097 -5.29805e-05 -8.80359e-05 
6.52084 -4.92092e-05 -6.55127e-05 
6.52075 -4.69511e-05 -4.42748e-05 
6.52069 -4.55865e-05 -2.39104e-05 
6.52067 -4.46497e-05 -4.03689e-06 
6.52069 -4.38072e-05 1.52717e-05 
6.52074 -4.28633e-05 3.56623e-05 
6.52085 -4.24631e-05 7.96007e-05 
6.52122 -4.65761e-05 0.000269233 
6.52266 -6.98844e-05 0.00100965 
6.5275 -0.000136659 0.003176 
6.54015 -0.000240257 0.00767363 
6.5655 -0.000178641 0.0142019 
6.60249 0.00080581 0.0179389 
6.64241 0.00376462 0.0182787 
6.65874 0.0163216 -0.00500567 
6.71319 0.0265426 0.0603018 
6.34903 0.151753 -0.497662 
5.48495 0.792903 -0.181594 
5.7848 1.32175 0.520662 
6.59197 0.216083 0.186515 
6.66143 0.0688647 -0.021936 
6.64727 0.0137055 0.00417324 
6.62516 0.00309468 -0.0177702 
6.5864 0.000214826 -0.0157409 
6.55542 -0.000194369 -0.0105242 
6.53723 -0.000108254 -0.00492643 
6.52936 -1.92654e-05 -0.00171203 
6.52684 2.28944e-05 -0.000390021 
6.52633 3.53705e-05 -1.4064e-05 
6.52634 3.91566e-05 4.60993e-05 
6.52641 4.05892e-05 3.42808e-05 
6.52645 4.16651e-05 1.32804e-05 
6.52646 4.26816e-05 -7.5417e-06 
6.52644 4.38765e-05 -2.80766e-05 
6.52637 4.55489e-05 -4.88357e-05 
6.52627 4.81554e-05 -7.03017e-05 
6.52613 5.23116e-05 -9.28891e-05 
6.52595 5.86919e-05 -0.000115927 
6.52573 6.77168e-05 -0.00013667 
6.52548 7.9145e-05 -0.000150015 
6.52522 9.1999e-05 -0.000152717 
6.52497 0.000105001 -0.000139798 
6.52475 0.000117388 -0.00013164 
6.5221 -0.000126667 -0.000114899 
6.5219 -0.000114271 -0.000120623 
6.52168 -0.000102094 -0.000133591 
6.52146 -9.08428e-05 -0.000131948 
6.52124 -8.15235e-05 -0.000121013 
6.52104 -7.48338e-05 -0.000103306 
6.52088 -7.07789e-05 -8.31378e-05 
6.52076 -6.87725e-05 -6.28686e-05 
6.52067 -6.80356e-05 -4.30898e-05 
6.52061 -6.78871e-05 -2.36025e-05 
6.52059 -6.78482e-05 -4.21849e-06 
6.52061 -6.76464e-05 1.48533e-05 
6.52066 -6.74545e-05 3.50813e-05 
6.52077 -6.93948e-05 7.72983e-05 
6.52113 -8.53014e-05 0.00025516 
6.52249 -0.000158051 0.000945635 
6.52704 -0.0004087 0.00297424 
6.53894 -0.00106455 0.00721375 
6.56297 -0.00244401 0.0134894 
6.59833 -0.00474796 0.0170211 
6.63465 -0.00817293 0.0160437 
6.64527 -0.0115538 -0.00837616 
6.64147 0.0116493 0.0186398 
6.73445 0.284637 0.0706156 
6.71866 2.12811 -0.300991 
6.26429 1.77322 0.185359 
6.67567 0.113726 0.116915 
6.70444 0.00528432 -0.0618842 
6.64602 -0.00488668 -0.00545484 
6.62032 -0.00467148 -0.0179201 
6.58306 -0.00275517 -0.0152435 
6.5538 -0.00121842 -0.00994571 
6.53669 -0.000400823 -0.00466033 
6.52927 -6.33899e-05 -0.00162123 
6.52689 3.70319e-05 -0.000371049 
6.5264 6.01276e-05 -1.22181e-05 
6.52641 6.37507e-05 4.55606e-05 
6.52648 6.46758e-05 3.39627e-05 
6.52653 6.52606e-05 1.31847e-05 
6.52654 6.56818e-05 -7.37725e-06 
6.52651 6.59576e-05 -2.74322e-05 
6.52645 6.63594e-05 -4.73074e-05 
6.52635 6.73595e-05 -6.72967e-05 
6.52622 6.96342e-05 -8.76083e-05 
6.52605 7.39598e-05 -0.000107528 
6.52585 8.09158e-05 -0.000124643 
6.52563 9.04687e-05 -0.000134614 
6.5254 0.000101873 -0.000134746 
6.52518 0.000114081 -0.000121034 
6.52498 0.000126434 -0.000110662 
6.52184 -0.000132572 -9.30221e-05 
6.52168 -0.000120286 -0.000102423 
6.52149 -0.000109343 -0.000117358 
6.52129 -0.000100235 -0.000119052 
6.52109 -9.35866e-05 -0.000111816 
6.52091 -8.97552e-05 -9.77239e-05 
6.52075 -8.84803e-05 -8.04501e-05 
6.52063 -8.8995e-05 -6.21318e-05 
6.52054 -9.04031e-05 -4.34768e-05 
6.52049 -9.19411e-05 -2.45653e-05 
6.52047 -9.30669e-05 -5.56305e-06 
6.52048 -9.34609e-05 1.28489e-05 
6.52053 -9.31744e-05 3.10589e-05 
6.52064 -9.46836e-05 6.52444e-05 
6.52097 -0.000111795 0.000209584 
6.5222 -0.000199611 0.00077821 
6.52621 -0.000506108 0.00244956 
6.53662 -0.00131861 0.00587847 
6.55747 -0.0028821 0.0106067 
6.58753 -0.00505229 0.011748 
6.61639 -0.00523248 0.00498584 
6.60667 -0.000687176 -0.0364735 
6.55073 0.0705751 -0.0670384 
6.24972 0.344665 -0.305125 
5.69998 3.36257 -0.0905381 
5.66814 2.19939 -0.000303411 
6.43148 0.153842 0.155235 
6.60177 0.00114447 0.0105056 
6.61968 -0.0102272 0.00447596 
6.60542 -0.00811639 -0.0132188 
6.57519 -0.00463414 -0.0121468 
6.55046 -0.00204278 -0.00833339 
6.53563 -0.000676139 -0.00397301 
6.52909 -0.000132562 -0.00140103 
6.52696 3.9314e-05 -0.00031471 
6.52652 8.05577e-05 -7.53429e-07 
6.52654 8.90084e-05 4.81313e-05 
6.52661 9.07883e-05 3.4699e-05 
6.52665 9.12812e-05 1.32256e-05 
6.52666 9.09739e-05 -7.7358e-06 
6.52663 8.99974e-05 -2.78505e-05 
6.52657 8.86272e-05 -4.73232e-05 
6.52648 8.73826e-05 -6.62628e-05 
6.52635 8.7014e-05 -8.46524e-05 
6.52618 8.84183e-05 -0.000101688 
6.526 9.23607e-05 -0.000115213 
6.52579 9.9081e-05 -0.000121555 
6.52559 0.000108192 -0.000118488 
6.5254 0.000119061 -0.000102917 
6.52524 0.000131256 -8.90526e-05 
6.52158 -0.000132366 -7.04058e-05 
6.52145 -0.000120315 -8.51817e-05 
6.52129 -0.00011123 -0.000103481 
6.52111 -0.000105192 -0.000109218 
6.52092 -0.000102192 -0.000105884 
6.52075 -0.000102109 -9.5254e-05 
6.52059 -0.000104358 -8.05191e-05 
6.52047 -0.000107984 -6.36748e-05 
6.52037 -0.000111988 -4.55747e-05 
6.52031 -0.000115555 -2.65279e-05 
6.52029 -0.000118144 -6.90141e-06 
6.5203 -0.000119515 1.25986e-05 
6.52035 -0.000120228 3.23048e-05 
6.52046 -0.000124568 6.58738e-05 
6.52077 -0.000154079 0.000190875 
6.5218 -0.000286774 0.000662074 
6.5251 -0.00074216 0.00202418 
6.53348 -0.00196093 0.00475675 
6.55005 -0.00457466 0.008591 
6.57303 -0.00897314 0.00882352 
6.59605 -0.0147082 0.00818174 
6.58559 -0.0196295 -0.0358471 
6.64629 -0.0223519 0.110843 
6.48463 -0.116581 -0.519678 
5.11109 0.508411 -0.241269 
5.79749 0.085765 0.44789 
6.52646 -0.175647 0.144053 
6.58317 -0.066263 -0.0304218 
6.57789 -0.0345157 0.0124274 
6.5798 -0.0184706 -0.00721832 
6.56222 -0.00887445 -0.00794128 
6.54508 -0.00368158 -0.0062101 
6.53388 -0.00127367 -0.00310208 
6.52873 -0.00031729 -0.00112304 
6.52702 -1.96855e-06 -0.000247739 
6.52668 8.78522e-05 1.09049e-05 
6.52671 0.000110466 4.94328e-05 
6.52678 0.000116242 3.45377e-05 
6.52683 0.000117307 1.24504e-05 
6.52683 0.000116323 -9.13852e-06 
6.5268 0.000113883 -2.97294e-05 
6.52674 0.000110406 -4.92876e-05 
6.52664 0.000106457 -6.76773e-05 
6.5265 0.000102851 -8.46025e-05 
6.52634 0.000100589 -9.91221e-05 
6.52616 0.000100612 -0.00010923 
6.52597 0.000103483 -0.000111762 
6.52578 0.000109297 -0.000104801 
6.52562 0.000118096 -8.59175e-05 
6.52549 0.000129898 -6.68912e-05 
6.52133 -0.000122799 -4.74582e-05 
6.52124 -0.000111433 -6.9457e-05 
6.5211 -0.000105098 -9.28418e-05 
6.52093 -0.000103128 -0.00010322 
6.52074 -0.000104619 -0.000103787 
6.52057 -0.000108878 -9.62475e-05 
6.52041 -0.000115006 -8.35286e-05 
6.52027 -0.00012191 -6.75831e-05 
6.52017 -0.000128556 -4.94587e-05 
6.5201 -0.000134147 -2.96902e-05 
6.52007 -0.000138174 -8.81249e-06 
6.52008 -0.000140482 1.25052e-05 
6.52013 -0.000141782 3.46238e-05 
6.52024 -0.000147073 6.82446e-05 
6.5205 -0.000179261 0.000172524 
6.52131 -0.000320598 0.000536301 
6.52377 -0.000791043 0.00155415 
6.52983 -0.00202415 0.0035471 
6.5414 -0.00460209 0.00621434 
6.55659 -0.00874113 0.00638509 
6.56969 -0.0150581 0.00490206 
6.5597 -0.0203733 -0.0171536 
6.58467 -0.0731657 0.0469726 
6.35572 -0.0406073 -0.31796 
5.70171 0.317461 -0.177935 
5.9579 0.221912 0.251547 
6.28814 -0.0368887 0.125544 
6.47287 -0.0387744 0.0374628 
6.53025 -0.0211904 0.0148104 
6.5496 -0.0139023 0.0011142 
6.54724 -0.0073065 -0.00370198 
6.53862 -0.00335905 -0.00381239 
6.53167 -0.00122931 -0.0021157 
6.52821 -0.000321922 -0.00078745 
6.52705 6.01049e-06 -0.000160926 
6.52686 0.000104517 2.80864e-05 
6.52692 0.000131311 5.17935e-05 
6.527 0.000138007 3.43021e-05 
6.52705 0.00013888 1.11651e-05 
6.52705 0.000136972 -1.14615e-05 
6.52701 0.000133026 -3.30004e-05 
6.52694 0.000127437 -5.31704e-05 
6.52683 0.00012075 -7.15733e-05 
6.52669 0.000113762 -8.76083e-05 
6.52652 0.000107492 -0.000100161 
6.52634 0.000102995 -0.000107268 
6.52615 0.000101135 -0.000106043 
6.52597 0.000102585 -9.46418e-05 
6.52583 0.000108294 -7.07378e-05 
6.52574 0.000119082 -4.47398e-05 
6.52112 -9.95045e-05 -2.58926e-05 
6.52105 -9.06801e-05 -5.65035e-05 
6.52093 -8.87931e-05 -8.65319e-05 
6.52076 -9.22841e-05 -0.000101734 
6.52057 -9.91934e-05 -0.000105763 
6.52038 -0.000108258 -0.000100603 
6.52021 -0.000118347 -8.91693e-05 
6.52006 -0.00012838 -7.34743e-05 
6.51995 -0.000137414 -5.47842e-05 
6.51987 -0.000144764 -3.38664e-05 
6.51983 -0.000150035 -1.14458e-05 
6.51983 -0.000153154 1.17732e-05 
6.51988 -0.000154943 3.58401e-05 
6.51998 -0.000160209 6.78588e-05 
6.5202 -0.000190492 0.000146991 
6.52079 -0.000318831 0.000396783 
6.52244 -0.00073697 0.0010657 
6.52631 -0.00179983 0.00231865 
6.53332 -0.00395153 0.00384722 
6.54147 -0.00731098 0.00326497 
6.5447 -0.0117367 0.000215245 
6.52608 -0.0168146 -0.0189492 
6.47263 -0.0330444 -0.0258261 
6.33147 0.0229852 -0.113173 
6.10129 0.124167 -0.147991 
6.0694 0.57555 0.0974829 
6.24562 0.0730429 0.125048 
6.41902 0.00678069 0.0398623 
6.49185 -0.0120196 0.0266045 
6.52758 -0.00775 0.00633122 
6.53502 -0.00512895 5.26302e-05 
6.53299 -0.00253803 -0.00174245 
6.5296 -0.0010155 -0.00114067 
6.52771 -0.000266048 -0.000430701 
6.5271 2.3241e-05 -5.49651e-05 
6.52706 0.000118148 5.33053e-05 
6.52716 0.000144996 5.71641e-05 
6.52725 0.000152012 3.49585e-05 
6.5273 0.000152573 9.89965e-06 
6.52729 0.000149888 -1.43133e-05 
6.52725 0.000144647 -3.72641e-05 
6.52716 0.000137219 -5.85289e-05 
6.52704 0.00012806 -7.75071e-05 
6.52688 0.00011785 -9.33194e-05 
6.5267 0.000107492 -0.000104674 
6.52651 9.80132e-05 -0.000109542 
6.52631 9.04926e-05 -0.000105062 
6.52614 8.61507e-05 -8.91283e-05 
6.52601 8.6946e-05 -5.87722e-05 
6.52595 9.46509e-05 -2.45069e-05 
6.52097 -5.55353e-05 -9.60218e-06 
6.52092 -5.33072e-05 -4.89636e-05 
6.5208 -5.92152e-05 -8.6482e-05 
6.52062 -7.03801e-05 -0.00010581 
6.52042 -8.3725e-05 -0.000112083 
6.52021 -9.76143e-05 -0.000108066 
6.52002 -0.000111114 -9.69188e-05 
6.51985 -0.000123466 -8.07434e-05 
6.51972 -0.000134034 -6.09836e-05 
6.51962 -0.000142372 -3.86111e-05 
6.51958 -0.000148245 -1.45283e-05 
6.51957 -0.000151633 1.0461e-05 
6.51962 -0.000153051 3.59576e-05 
6.51972 -0.000155912 6.52638e-05 
6.51991 -0.000175511 0.000119706 
6.52031 -0.000263344 0.000267102 
6.5213 -0.000543454 0.000640769 
6.52348 -0.00120968 0.00130245 
6.52713 -0.00237989 0.00192358 
6.53047 -0.00365542 0.000863075 
6.52801 -0.0040863 -0.00372308 
6.50693 -0.000408442 -0.0184076 
6.44884 0.0142916 -0.0417925 
6.35258 0.0566779 -0.0608031 
6.15597 0.156841 -0.191353 
5.82396 0.629816 0.0627406 
6.29413 0.125971 0.191284 
6.42705 0.0417801 0.0170829 
6.48389 0.0121631 0.0344457 
6.51996 0.00204108 0.00695874 
6.52841 -0.000826777 0.00215185 
6.52936 -0.000946439 -0.000347732 
6.52814 -0.000459626 -0.000377877 
6.52737 -9.55705e-05 -0.000117143 
6.52719 7.43219e-05 4.60137e-05 
6.52728 0.000132032 8.03362e-05 
6.52741 0.000148448 6.36978e-05 
6.52751 0.000152252 3.61892e-05 
6.52755 0.000151749 8.73416e-06 
6.52755 0.000148386 -1.73857e-05 
6.52749 0.00014238 -4.20581e-05 
6.52739 0.000133864 -6.47853e-05 
6.52725 0.000123097 -8.48612e-05 
6.52707 0.000110505 -0.000101196 
6.52687 9.66723e-05 -0.000112378 
6.52666 8.22845e-05 -0.000116273 
6.52645 6.82331e-05 -0.000109784 
6.52626 5.60916e-05 -9.01007e-05 
6.52614 4.87049e-05 -5.27807e-05 
6.52608 4.89793e-05 -1.03766e-05 
6.52091 -6.40738e-06 -2.1951e-06 
6.52087 -1.14323e-05 -4.95938e-05 
6.52073 -2.63292e-05 -9.43325e-05 
6.52052 -4.69436e-05 -0.000116193 
6.52029 -6.86369e-05 -0.000122771 
6.52005 -8.91273e-05 -0.000118298 
6.51983 -0.000107513 -0.000106299 
6.51964 -0.000123353 -8.88913e-05 
6.51949 -0.000136345 -6.7597e-05 
6.51938 -0.00014632 -4.35073e-05 
6.51932 -0.000153255 -1.76376e-05 
6.51931 -0.000157315 9.1969e-06 
6.51936 -0.000159311 3.62655e-05 
6.51945 -0.000162669 6.40329e-05 
6.51961 -0.000179347 0.000100963 
6.51989 -0.000239632 0.000180073 
6.52045 -0.000395554 0.000377681 
6.52163 -0.000673882 0.000756795 
6.52367 -0.000958549 0.00115578 
6.52557 -0.000857684 0.000518539 
6.52309 -0.000105484 -0.00314722 
6.50914 0.00223782 -0.0105625 
6.48065 0.00834947 -0.0185317 
6.50291 0.0242519 0.0400703 
6.38779 -0.0438937 -0.205495 
6.07539 0.0623443 0.0129977 
6.39735 -0.0403317 0.205373 
6.52618 0.00506499 -0.0374304 
6.50694 0.00541166 0.0145655 
6.52299 0.000978571 0.00276916 
6.5271 -3.21672e-05 0.00125508 
6.52785 -0.000334749 -0.000174627 
6.5274 -0.000207661 -9.90313e-05 
6.52724 -1.88414e-05 3.16568e-05 
6.52734 9.42944e-05 9.74724e-05 
6.52752 0.000142799 9.16487e-05 
6.52768 0.000158599 6.52896e-05 
6.52778 0.000162673 3.56319e-05 
6.52782 0.00016183 6.92759e-06 
6.52781 0.000157736 -2.07735e-05 
6.52774 0.000150536 -4.71473e-05 
6.52762 0.000140241 -7.1536e-05 
6.52746 0.000126904 -9.31415e-05 
6.52726 0.000110673 -0.000110735 
6.52703 9.17902e-05 -0.000122877 
6.52679 7.06441e-05 -0.00012737 
6.52654 4.80993e-05 -0.000120752 
6.52633 2.63379e-05 -9.88823e-05 
6.52618 9.6243e-06 -5.52427e-05 
6.52613 1.8788e-06 -5.8942e-06 
