0.00012291 8.21608e-05 3.20946e-05 
0.000110033 9.05021e-05 -3.22114e-05 
5.21827e-05 6.21848e-05 -1.9641e-05 
2.44711e-05 4.09043e-05 -7.68954e-06 
1.34158e-05 2.79798e-05 -3.33782e-06 
8.46314e-06 2.04114e-05 -1.75584e-06 
5.30152e-06 1.53816e-05 -1.54189e-06 
2.23942e-06 1.13775e-05 -1.70369e-06 
-1.12156e-06 7.70723e-06 -1.86089e-06 
-4.5481e-06 4.21662e-06 -1.76204e-06 
-7.45764e-06 1.09525e-06 -1.30128e-06 
-9.17874e-06 -1.28474e-06 -5.03131e-07 
-9.21228e-06 -2.54448e-06 4.72463e-07 
-7.45675e-06 -2.46829e-06 1.36971e-06 
-4.31379e-06 -1.11891e-06 1.92738e-06 
-6.26582e-07 1.15853e-06 1.95113e-06 
2.58139e-06 3.86796e-06 1.48854e-06 
4.45843e-06 6.65727e-06 6.701e-07 
4.80279e-06 9.64506e-06 3.49231e-07 
4.82528e-06 1.42942e-05 1.29844e-06 
8.50716e-06 2.30767e-05 7.92125e-06 
4.0541e-05 4.4687e-05 3.9437e-05 
0.000159515 2.6267e-05 0.000113079 
0.00079381 -0.000258509 0.000600785 
0.00210693 -0.00496109 0.000478433 
0.00182072 -0.00133378 -0.000582558 
0.000749529 3.9191e-05 -0.000325142 
0.000232985 0.000118419 -0.00016049 
6.17646e-05 7.05463e-05 -3.3138e-05 
2.03137e-05 3.63096e-05 -1.29524e-05 
1.13816e-05 2.17607e-05 -3.94501e-07 
1.17798e-05 1.52463e-05 -1.01501e-07 
1.1912e-05 1.10981e-05 -4.19653e-07 
1.00301e-05 7.00702e-06 -1.79194e-06 
5.90392e-06 2.56512e-06 -2.71582e-06 
4.93692e-07 -1.85532e-06 -3.08245e-06 
-4.93335e-06 -5.63779e-06 -2.73879e-06 
-9.20409e-06 -8.31306e-06 -1.88425e-06 
-1.16125e-05 -9.74713e-06 -8.06264e-07 
-1.20422e-05 -1.0169e-05 1.79785e-07 
-1.08957e-05 -1.00692e-05 8.50176e-07 
-8.88195e-06 -1.00479e-05 1.1097e-06 
-6.77456e-06 -1.06947e-05 9.86688e-07 
-5.27406e-06 -1.25773e-05 5.22792e-07 
-5.08369e-06 -1.64173e-05 -3.06625e-07 
-7.56245e-06 -2.35143e-05 -2.21417e-06 
-1.62399e-05 -3.65969e-05 -6.42776e-06 
-4.15377e-05 -5.96142e-05 -1.88975e-05 
-0.000103131 -9.41409e-05 -3.75667e-05 
-0.000134505 -8.9383e-05 2.10854e-05 
0.000205493 5.82352e-06 8.66713e-05 
0.000253121 4.32316e-05 -3.28805e-05 
0.000179967 5.66914e-05 -3.35971e-05 
0.000121753 5.07009e-05 -2.29557e-05 
8.56039e-05 4.12958e-05 -1.38094e-05 
6.34235e-05 3.30886e-05 -9.0709e-06 
4.80774e-05 2.68358e-05 -6.76726e-06 
3.56613e-05 2.20971e-05 -5.8692e-06 
2.43352e-05 1.83307e-05 -5.48446e-06 
1.37148e-05 1.51324e-05 -5.05052e-06 
4.36949e-06 1.22888e-05 -4.1937e-06 
-2.63322e-06 9.76256e-06 -2.78485e-06 
-6.2457e-06 7.65233e-06 -9.47867e-07 
-5.92792e-06 6.13281e-06 9.87402e-07 
-1.96007e-06 5.39594e-06 2.59724e-06 
4.59496e-06 5.62114e-06 3.60322e-06 
1.23034e-05 7.02942e-06 3.94167e-06 
2.02818e-05 9.99709e-06 4.34987e-06 
2.90752e-05 1.54162e-05 5.38295e-06 
4.2818e-05 2.44494e-05 1.09233e-05 
7.09554e-05 3.89715e-05 2.17175e-05 
0.000141428 4.89254e-05 5.87785e-05 
0.000343095 3.49155e-05 0.000157992 
0.000903843 -0.000125699 0.000337878 
0.00132558 -0.536065 -0.0204082 
0.00129114 -0.00299563 -2.2909e-05 
0.00104654 -0.00032295 -0.000381417 
0.000475211 2.17278e-05 -0.000138547 
0.000217595 6.19857e-05 -9.32604e-05 
0.000105495 4.85759e-05 -2.90893e-05 
6.47757e-05 3.07599e-05 -1.54255e-05 
4.56741e-05 1.85425e-05 -7.10759e-06 
3.36131e-05 1.03085e-05 -6.26929e-06 
2.16711e-05 4.7213e-06 -6.2819e-06 
8.76729e-06 8.04845e-07 -6.59515e-06 
-4.21241e-06 -1.88862e-06 -6.09444e-06 
-1.55122e-05 -3.68058e-06 -4.84779e-06 
-2.37377e-05 -4.88774e-06 -3.14631e-06 
-2.84107e-05 -5.88915e-06 -1.52212e-06 
-3.01166e-05 -7.0946e-06 -4.32916e-07 
-3.02461e-05 -8.89477e-06 -1.60658e-07 
-3.0569e-05 -1.16282e-05 -7.73374e-07 
-3.28752e-05 -1.55964e-05 -2.23453e-06 
-3.88849e-05 -2.1129e-05 -4.54743e-06 
-5.06648e-05 -2.86485e-05 -8.13922e-06 
-7.15619e-05 -3.86011e-05 -1.38093e-05 
-0.000108273 -5.05018e-05 -2.40587e-05 
-0.000170286 -6.00595e-05 -3.72176e-05 
-0.000256845 -4.8011e-05 -4.37396e-05 
-0.000220876 -2.3104e-06 8.80536e-05 
0.000174767 -1.44696e-05 9.54679e-05 
0.000291832 5.64134e-06 1.17366e-05 
0.000271321 2.94392e-05 -2.30902e-05 
0.000218023 3.84546e-05 -2.45984e-05 
0.000170955 3.82562e-05 -1.99951e-05 
0.000135223 3.46342e-05 -1.50168e-05 
0.000108301 3.05051e-05 -1.17194e-05 
8.67755e-05 2.68861e-05 -9.74431e-06 
6.83235e-05 2.39558e-05 -8.59493e-06 
5.18657e-05 2.15755e-05 -7.67748e-06 
3.74222e-05 1.95251e-05 -6.54319e-06 
2.57479e-05 1.7616e-05 -4.9397e-06 
1.78488e-05 1.5754e-05 -2.86832e-06 
1.44721e-05 1.39738e-05 -5.58221e-07 
1.57622e-05 1.24542e-05 1.67846e-06 
2.12508e-05 1.15261e-05 3.59956e-06 
3.04067e-05 1.16835e-05 5.4829e-06 
4.35419e-05 1.36508e-05 7.8061e-06 
6.37597e-05 1.84091e-05 1.31739e-05 
9.76539e-05 2.74043e-05 2.12831e-05 
0.000161067 4.05216e-05 4.42776e-05 
0.000268472 5.1073e-05 5.92619e-05 
0.00046581 -8.46798e-06 0.000148683 
0.000875178 -0.000358014 0.000227621 
0.00138774 -0.00243829 5.51642e-05 
0.000778465 -0.00627514 -0.000429128 
0.000640416 -0.000508973 0.00016219 
0.000568028 -8.30287e-05 -0.000159427 
0.000338288 3.646e-05 -6.81651e-05 
0.000208227 4.0767e-05 -5.41302e-05 
0.000129192 2.98167e-05 -2.71575e-05 
8.43022e-05 1.86201e-05 -1.84851e-05 
5.42455e-05 1.07592e-05 -1.26414e-05 
3.12079e-05 5.77295e-06 -1.06595e-05 
1.13978e-05 2.8435e-06 -9.14828e-06 
-5.66167e-06 1.11244e-06 -7.72381e-06 
-1.95141e-05 -1.19005e-07 -5.99547e-06 
-2.97878e-05 -1.41468e-06 -4.30225e-06 
-3.69232e-05 -3.18391e-06 -3.05867e-06 
-4.22462e-05 -5.6888e-06 -2.65568e-06 
-4.77037e-05 -9.0627e-06 -3.28559e-06 
-5.54626e-05 -1.33494e-05 -4.96794e-06 
-6.76287e-05 -1.85398e-05 -7.6337e-06 
-8.62635e-05 -2.45615e-05 -1.13213e-05 
-0.000113663 -3.11178e-05 -1.61394e-05 
-0.000152787 -3.7175e-05 -2.24613e-05 
-0.000206038 -3.96851e-05 -2.84648e-05 
-0.000269216 -3.1949e-05 -2.90553e-05 
-0.000300868 -6.09691e-06 7.88944e-06 
-0.000183627 1.68109e-05 9.87837e-05 
0.000138282 -1.27413e-05 9.64839e-05 
0.000277845 -8.00267e-06 3.33013e-05 
0.00030559 8.2413e-06 -3.04071e-06 
0.000280128 2.14687e-05 -1.74758e-05 
0.00024045 2.77751e-05 -1.91211e-05 
0.000202578 2.93268e-05 -1.71136e-05 
0.000170281 2.85773e-05 -1.44299e-05 
0.000143185 2.7064e-05 -1.2289e-05 
0.00011993 2.55025e-05 -1.07262e-05 
9.95065e-05 2.41167e-05 -9.47796e-06 
8.16197e-05 2.28771e-05 -8.18109e-06 
6.66446e-05 2.16578e-05 -6.57228e-06 
5.53269e-05 2.0342e-05 -4.5648e-06 
4.84034e-05 1.8897e-05 -2.24514e-06 
4.63211e-05 1.74197e-05 2.12149e-07 
4.92857e-05 1.61502e-05 2.80144e-06 
5.77069e-05 1.544e-05 5.74466e-06 
7.33982e-05 1.56815e-05 1.03681e-05 
0.000100618 1.71493e-05 1.73751e-05 
0.000149801 1.97895e-05 3.31584e-05 
0.00023382 2.21789e-05 4.9169e-05 
0.00038487 1.89925e-05 0.000102492 
0.000536396 -5.74583e-05 1.56135e-05 
0.000502076 -0.000472286 3.15738e-05 
0.000622651 -0.00482109 0.000315201 
0.00102725 -0.00131457 -0.000118154 
0.000672386 -0.000167009 -0.000141144 
0.000542189 -4.22204e-05 -2.71113e-05 
0.000416831 1.58592e-05 -8.01275e-05 
0.000281005 2.46782e-05 -5.166e-05 
0.000184708 2.08771e-05 -4.02259e-05 
0.000119537 1.52617e-05 -2.51175e-05 
7.59039e-05 1.05743e-05 -1.84354e-05 
4.40239e-05 7.41749e-06 -1.37103e-05 
1.92688e-05 5.38148e-06 -1.11004e-05 
-7.66791e-07 3.89218e-06 -9.00829e-06 
-1.70145e-05 2.37877e-06 -7.3511e-06 
-3.02749e-05 4.22091e-07 -6.1276e-06 
-4.17186e-05 -2.21561e-06 -5.62504e-06 
-5.30398e-05 -5.59432e-06 -6.04861e-06 
-6.62428e-05 -9.63529e-06 -7.47988e-06 
-8.33458e-05 -1.41596e-05 -9.84929e-06 
-0.00010616 -1.8893e-05 -1.30197e-05 
-0.000136188 -2.33822e-05 -1.67806e-05 
-0.000174508 -2.6769e-05 -2.08314e-05 
-0.000220882 -2.7363e-05 -2.3864e-05 
-0.000270921 -2.23645e-05 -2.29536e-05 
-0.000307113 -8.91896e-06 -7.8602e-06 
-0.000286035 8.73668e-06 3.15961e-05 
-0.000143533 1.40232e-05 0.000100191 
0.000111564 -9.73557e-06 8.77334e-05 
0.000251024 -1.11209e-05 4.49502e-05 
0.000306982 -2.17186e-06 1.14165e-05 
0.000309181 8.74954e-06 -6.58086e-06 
0.000286093 1.69055e-05 -1.39229e-05 
0.000255138 2.14809e-05 -1.5318e-05 
0.000224326 2.35015e-05 -1.44672e-05 
0.00019628 2.4095e-05 -1.29981e-05 
0.00017133 2.40421e-05 -1.15982e-05 
0.000149141 2.37445e-05 -1.03365e-05 
0.000129525 2.33378e-05 -9.05825e-06 
0.00011269 2.28066e-05 -7.56709e-06 
9.9175e-05 2.20852e-05 -5.75224e-06 
8.96334e-05 2.11327e-05 -3.61668e-06 
8.46582e-05 1.99781e-05 -1.20125e-06 
8.48088e-05 1.87072e-05 1.5168e-06 
9.1022e-05 1.73842e-05 4.94299e-06 
0.000105197 1.57891e-05 9.54994e-06 
0.000131645 1.31445e-05 1.75521e-05 
0.000176709 6.8356e-06 2.7659e-05 
0.000254777 -6.81975e-06 5.20802e-05 
0.000366706 -4.52852e-05 5.32729e-05 
0.000554251 -8.38007e-05 0.000142828 
0.000249358 -0.000206835 -0.000520937 
-0.000869075 -0.807742 -0.0277779 
0.000163357 -0.00226747 0.000466277 
0.000832126 -0.000311952 -0.00012917 
0.000598208 -6.09446e-05 -8.69141e-05 
0.000452733 -7.30229e-06 -6.25429e-05 
0.000317654 1.80348e-06 -6.34617e-05 
0.000214993 7.07097e-06 -3.93869e-05 
0.000144821 8.54239e-06 -2.96181e-05 
9.52006e-05 8.50164e-06 -2.03298e-05 
5.92789e-05 7.7757e-06 -1.56673e-05 
3.1453e-05 6.77702e-06 -1.23888e-05 
8.80813e-06 5.45503e-06 -1.04414e-05 
-1.05772e-05 3.63853e-06 -9.17303e-06 
-2.81278e-05 1.18405e-06 -8.62787e-06 
-4.53427e-05 -1.92788e-06 -8.84545e-06 
-6.38697e-05 -5.57983e-06 -9.89999e-06 
-8.53875e-05 -9.53625e-06 -1.17416e-05 
-0.00011137 -1.34645e-05 -1.42089e-05 
-0.000142853 -1.69197e-05 -1.70119e-05 
-0.000180171 -1.92719e-05 -1.9707e-05 
-0.000222373 -1.95764e-05 -2.1367e-05 
-0.000265869 -1.65439e-05 -2.02561e-05 
-0.000301284 -8.94149e-06 -1.23449e-05 
-0.000308949 2.38492e-06 7.47088e-06 
-0.000257181 1.20232e-05 4.45622e-05 
-0.000114723 1.05251e-05 9.05454e-05 
9.32717e-05 -7.09424e-06 7.86109e-05 
0.000224723 -1.07216e-05 4.82226e-05 
0.000294437 -6.56806e-06 2.11429e-05 
0.000316953 1.05439e-06 2.7657e-06 
0.000310911 8.41548e-06 -7.10514e-06 
0.000291035 1.39194e-05 -1.13384e-05 
0.000266309 1.74632e-05 -1.23959e-05 
0.000241209 1.95596e-05 -1.20618e-05 
0.000217507 2.07535e-05 -1.12319e-05 
0.000195726 2.14293e-05 -1.02687e-05 
0.000176038 2.17851e-05 -9.20156e-06 
0.000158703 2.18826e-05 -7.94007e-06 
0.000144188 2.17136e-05 -6.39406e-06 
0.000133089 2.12605e-05 -4.5304e-06 
0.000126039 2.05256e-05 -2.34925e-06 
0.000123705 1.95164e-05 1.86656e-07 
0.000126912 1.81089e-05 3.17909e-06 
0.000136875 1.58603e-05 6.91366e-06 
0.000154987 1.13269e-05 1.1103e-05 
0.000182999 2.24132e-06 1.67875e-05 
0.000219521 -1.86421e-05 1.83443e-05 
0.000263962 -5.02059e-05 2.8786e-05 
0.000305307 -0.000202888 1.21565e-05 
0.000456353 -0.000442606 0.000187588 
0.000605896 -0.00828546 -0.000424575 
-0.000103815 -0.00380337 0.000103615 
0.000560319 -0.000552182 0.000175635 
0.000574766 -0.000129727 -1.54662e-05 
0.000415769 -5.52319e-05 -7.61679e-05 
0.000295192 -2.26432e-05 -3.86025e-05 
0.000214778 -7.1513e-06 -3.61611e-05 
0.00015401 1.64238e-06 -2.44449e-05 
0.000109199 5.70361e-06 -1.98078e-05 
7.40197e-05 7.12245e-06 -1.55168e-05 
4.53189e-05 6.98438e-06 -1.32884e-05 
2.03656e-05 5.83587e-06 -1.18704e-05 
-2.63639e-06 3.88473e-06 -1.13265e-05 
-2.52177e-05 1.25097e-06 -1.1444e-05 
-4.87484e-05 -1.91008e-06 -1.22308e-05 
-7.4524e-05 -5.35714e-06 -1.3611e-05 
-0.000103635 -8.76221e-06 -1.54442e-05 
-0.000136772 -1.17193e-05 -1.74661e-05 
-0.000173968 -1.37407e-05 -1.92752e-05 
-0.000214219 -1.42351e-05 -2.02112e-05 
-0.00025479 -1.25258e-05 -1.92018e-05 
-0.000289925 -8.02306e-06 -1.43197e-05 
-0.000309048 -8.63296e-07 -2.96154e-06 
-0.000295491 7.09517e-06 1.79264e-05 
-0.000228874 1.15369e-05 4.81189e-05 
-9.51153e-05 7.61306e-06 8.06268e-05 
8.04042e-05 -5.31132e-06 7.03026e-05 
0.000202122 -9.41513e-06 4.81794e-05 
0.000277262 -8.01678e-06 2.64703e-05 
0.000312921 -3.20723e-06 9.89307e-06 
0.000320917 2.55801e-06 -7.90689e-07 
0.000312474 7.71802e-06 -6.59335e-06 
0.000295842 1.17135e-05 -9.19764e-06 
0.000276062 1.45805e-05 -9.98497e-06 
0.000255773 1.65816e-05 -9.8977e-06 
0.000236182 1.79781e-05 -9.41276e-06 
0.000217858 1.89463e-05 -8.69968e-06 
0.000201226 1.95707e-05 -7.7552e-06 
0.000186781 1.98777e-05 -6.52693e-06 
0.000175126 1.9876e-05 -4.96768e-06 
0.000166933 1.95875e-05 -3.06953e-06 
0.000162902 1.90273e-05 -8.09267e-07 
0.000163673 1.81565e-05 1.68734e-06 
0.000169588 1.664e-05 4.29725e-06 
0.00017978 1.38262e-05 5.86861e-06 
0.000191189 7.72015e-06 6.01304e-06 
0.000195759 -2.79102e-06 5.58507e-07 
0.000190347 -2.63093e-05 2.94413e-06 
0.000156257 -5.57325e-05 -1.30484e-05 
0.000536143 -0.000270682 0.000464578 
0.00102354 -0.00118954 -0.000326973 
-0.000271377 -0.00930946 -0.000585651 
1.51877e-05 -0.000829527 0.000616556 
0.000384219 -0.000271903 -0.000109562 
0.00027533 -9.037e-05 -6.61636e-07 
0.000233386 -3.96792e-05 -2.95499e-05 
0.000188905 -1.46438e-05 -1.65472e-05 
0.000152446 -1.91061e-06 -1.86771e-05 
0.000118142 4.13677e-06 -1.57813e-05 
8.73501e-05 6.39336e-06 -1.48507e-05 
5.88958e-05 6.53231e-06 -1.37142e-05 
3.18977e-05 5.40114e-06 -1.33879e-05 
5.09118e-06 3.42449e-06 -1.35485e-05 
-2.26312e-05 8.60927e-07 -1.42613e-05 
-5.22591e-05 -2.0426e-06 -1.53923e-05 
-8.45351e-05 -4.98986e-06 -1.68143e-05 
-0.00011984 -7.62575e-06 -1.82974e-05 
-0.000158009 -9.54931e-06 -1.95203e-05 
-0.000198087 -1.03317e-05 -2.00138e-05 
-0.000237969 -9.54997e-06 -1.90964e-05 
-0.000273805 -6.87344e-06 -1.5719e-05 
-0.000299192 -2.29783e-06 -8.46518e-06 
-0.000304467 3.46189e-06 4.36617e-06 
-0.000277096 8.5308e-06 2.36485e-05 
-0.000204632 1.00469e-05 4.81042e-05 
-8.13605e-05 5.6618e-06 7.16434e-05 
7.09375e-05 -4.11257e-06 6.3383e-05 
0.000183236 -8.09347e-06 4.64989e-05 
0.000259362 -8.21121e-06 2.91536e-05 
0.000302842 -5.43387e-06 1.47036e-05 
0.00032121 -1.2886e-06 4.38252e-06 
0.000322725 3.00087e-06 -2.09746e-06 
0.000314303 6.77052e-06 -5.66052e-06 
0.000300785 9.81577e-06 -7.34667e-06 
0.000285114 1.21811e-05 -7.95784e-06 
0.000268898 1.3994e-05 -7.99753e-06 
0.000253008 1.53686e-05 -7.6979e-06 
0.000238033 1.63741e-05 -7.11846e-06 
0.000224541 1.70429e-05 -6.22859e-06 
0.000213186 1.74003e-05 -4.98482e-06 
0.000204736 1.74917e-05 -3.3226e-06 
0.000200006 1.7409e-05 -1.29458e-06 
0.000199757 1.72626e-05 1.13034e-06 
0.000204048 1.72395e-05 3.05256e-06 
0.000211609 1.73566e-05 4.53987e-06 
0.000216808 1.79882e-05 3.70826e-07 
0.00021227 1.79219e-05 -1.63971e-06 
0.000181915 1.52335e-05 -2.5059e-05 
0.000184883 -2.52399e-06 5.74451e-05 
0.000295177 -0.000236426 4.10696e-06 
0.000551379 -0.000635382 0.000290497 
0.000904756 -0.00624862 -0.000284283 
1.97514e-05 -0.000291924 -0.000394771 
-3.93017e-05 -0.00019582 0.000150198 
0.000112397 -6.85429e-05 7.33919e-06 
0.000148994 -3.11047e-05 1.85517e-05 
0.000160829 -9.41196e-06 -4.68452e-06 
0.00014848 5.31186e-07 -8.3173e-06 
0.000126515 4.88905e-06 -1.29701e-05 
9.96988e-05 6.14838e-06 -1.37563e-05 
7.13797e-05 5.73914e-06 -1.44598e-05 
4.20379e-05 4.36092e-06 -1.49236e-05 
1.13927e-05 2.38049e-06 -1.57514e-05 
-2.11961e-05 4.29563e-08 -1.68347e-05 
-5.6208e-05 -2.41071e-06 -1.8098e-05 
-9.3801e-05 -4.69809e-06 -1.93205e-05 
-0.000133647 -6.49668e-06 -2.02361e-05 
-0.000174797 -7.46878e-06 -2.04943e-05 
-0.000215499 -7.30121e-06 -1.96473e-05 
-0.000252939 -5.76388e-06 -1.70847e-05 
-0.000282858 -2.81393e-06 -1.20053e-05 
-0.000299174 1.2402e-06 -3.43702e-06 
-0.000293931 5.53031e-06 9.41377e-06 
-0.000258205 8.55502e-06 2.65993e-05 
-0.000184572 8.51701e-06 4.63528e-05 
-7.13172e-05 4.33278e-06 6.42499e-05 
6.36106e-05 -3.31581e-06 5.75966e-05 
0.00016734 -6.99648e-06 4.42406e-05 
0.000242137 -7.93344e-06 3.01374e-05 
0.00028982 -6.54785e-06 1.77583e-05 
0.000315331 -3.76342e-06 8.24326e-06 
0.000324731 -4.68113e-07 1.71913e-06 
0.000323606 2.74214e-06 -2.32691e-06 
0.000316255 5.57534e-06 -4.60563e-06 
0.000305566 7.95197e-06 -5.77039e-06 
0.000293291 9.89635e-06 -6.27827e-06 
0.000280462 1.14583e-05 -6.38152e-06 
0.000267777 1.26739e-05 -6.16649e-06 
0.000255861 1.35608e-05 -5.62317e-06 
0.000245435 1.41356e-05 -4.67262e-06 
0.000237378 1.44482e-05 -3.25469e-06 
0.000232786 1.46151e-05 -1.20102e-06 
0.000232776 1.4902e-05 1.23576e-06 
0.000238392 1.57637e-05 4.45781e-06 
0.000248998 1.82145e-05 5.76048e-06 
0.000262941 2.33876e-05 8.92216e-06 
0.000270279 3.32396e-05 -2.56785e-06 
0.000266601 4.15867e-05 9.54685e-06 
0.000251194 2.08956e-05 -2.36205e-05 
0.000241252 -4.28463e-05 5.21521e-05 
0.000493418 -0.000386204 0.000233132 
0.00104589 -0.000561518 -2.80229e-05 
0.000292405 -0.000106636 -0.000380714 
-7.89062e-05 4.19521e-06 -9.41391e-06 
3.29037e-05 -5.53939e-06 6.35319e-05 
0.000122711 3.22643e-06 1.93317e-05 
0.000155556 6.10489e-06 8.22444e-06 
0.000156438 7.19475e-06 -6.67012e-06 
0.00013837 6.87098e-06 -1.13149e-05 
0.000112177 5.85416e-06 -1.44374e-05 
8.20241e-05 4.39483e-06 -1.56036e-05 
4.96466e-05 2.64852e-06 -1.67018e-05 
1.51144e-05 7.23164e-07 -1.77972e-05 
-2.18e-05 -1.25862e-06 -1.90328e-05 
-6.11877e-05 -3.12878e-06 -2.01975e-05 
-0.000102689 -4.66849e-06 -2.10527e-05 
-0.000145382 -5.62841e-06 -2.12908e-05 
-0.000187701 -5.76645e-06 -2.05806e-05 
-0.00022736 -4.89753e-06 -1.85381e-05 
-0.000261221 -2.95685e-06 -1.47048e-05 
-0.000285116 -8.055e-08 -8.53055e-06 
-0.000293748 3.2974e-06 5.26939e-07 
-0.000280919 6.37834e-06 1.27732e-05 
-0.000240444 8.0514e-06 2.7809e-05 
-0.000167972 7.22054e-06 4.40502e-05 
-6.36632e-05 3.43224e-06 5.81646e-05 
5.767e-05 -2.77255e-06 5.26955e-05 
0.000153693 -6.13942e-06 4.17855e-05 
0.000225961 -7.51355e-06 3.01191e-05 
0.000275455 -7.06088e-06 1.95062e-05 
0.000305557 -5.33935e-06 1.09487e-05 
0.000320786 -2.96964e-06 4.70598e-06 
0.000325614 -4.34373e-07 5.27518e-07 
0.000323724 1.97402e-06 -2.07894e-06 
0.000317766 4.12176e-06 -3.62007e-06 
0.000309463 5.97169e-06 -4.49304e-06 
0.000299893 7.52506e-06 -4.93884e-06 
0.000289782 8.78427e-06 -5.06004e-06 
0.000279771 9.73904e-06 -4.8457e-06 
0.000270586 1.03741e-05 -4.22838e-06 
0.000263196 1.06908e-05 -3.0304e-06 
0.000258871 1.07542e-05 -1.17987e-06 
0.000259365 1.07539e-05 1.81336e-06 
0.000266485 1.11942e-05 5.17108e-06 
0.000282784 1.30256e-05 1.11878e-05 
0.000308058 1.83756e-05 1.21991e-05 
0.00034504 2.91615e-05 2.51382e-05 
0.000372479 4.79647e-05 -1.02952e-05 
0.000348086 4.05262e-05 9.7012e-07 
0.00031842 -1.00067e-05 -2.95972e-05 
0.000410209 -0.554963 0.0200226 
0.000491232 -0.00108086 -9.81509e-05 
0.000182494 -0.000168109 -0.000109314 
5.91894e-05 2.65993e-05 -4.94498e-06 
0.000101256 4.75079e-05 2.61217e-05 
0.000163761 3.18869e-05 2.25648e-05 
0.00018549 1.93892e-05 -9.07779e-07 
0.000177021 1.16701e-05 -8.05682e-06 
0.000153881 7.14136e-06 -1.4235e-05 
0.000123227 4.18411e-06 -1.61312e-05 
8.92982e-05 1.95885e-06 -1.75409e-05 
5.31704e-05 7.64335e-08 -1.84935e-05 
1.49715e-05 -1.59788e-06 -1.96053e-05 
-2.54724e-05 -3.06361e-06 -2.07028e-05 
-6.79893e-05 -4.23558e-06 -2.15999e-05 
-0.000111864 -4.97387e-06 -2.19761e-05 
-0.000155744 -5.11761e-06 -2.15245e-05 
-0.000197662 -4.52698e-06 -1.9944e-05 
-0.000235054 -3.13215e-06 -1.69465e-05 
-0.000264757 -9.85515e-07 -1.22286e-05 
-0.000282982 1.68543e-06 -5.47574e-06 
-0.000285347 4.43705e-06 3.5695e-06 
-0.000267173 6.60891e-06 1.49132e-05 
-0.000224232 7.41541e-06 2.80437e-05 
-0.000154037 6.19728e-06 4.16072e-05 
-5.75943e-05 2.80982e-06 5.31148e-05 
5.2664e-05 -2.38649e-06 4.84507e-05 
0.000141729 -5.46857e-06 3.93217e-05 
0.000210851 -7.06862e-06 2.9487e-05 
0.000260585 -7.23688e-06 2.03345e-05 
0.000293352 -6.31426e-06 1.27025e-05 
0.000312612 -4.73201e-06 6.89321e-06 
0.00032197 -2.863e-06 2.79078e-06 
0.000324539 -9.65062e-07 5.61254e-08 
0.000322676 8.17458e-07 -1.70541e-06 
0.000317988 2.42015e-06 -2.82806e-06 
0.000311513 3.81704e-06 -3.53669e-06 
0.000303954 4.98621e-06 -3.93758e-06 
0.000295893 5.88918e-06 -4.04531e-06 
0.000287985 6.46356e-06 -3.76984e-06 
0.000281107 6.62968e-06 -3.00063e-06 
0.000276578 6.3077e-06 -1.3779e-06 
0.000276199 5.46802e-06 1.08853e-06 
0.00028286 4.21057e-06 5.79062e-06 
0.000299634 2.98552e-06 1.04888e-05 
0.00033337 2.79735e-06 2.36104e-05 
0.000384739 6.43539e-06 2.19359e-05 
0.000473035 1.75834e-05 6.72808e-05 
0.000497759 5.56094e-05 -8.98042e-05 
0.000327976 -9.29619e-05 1.54068e-05 
0.000302074 -0.501338 -0.00825241 
4.19667e-05 -0.000927819 -0.000117165 
3.4607e-05 -0.000116086 0.000135351 
0.000196546 2.62614e-05 1.99593e-05 
0.000245956 5.8409e-05 2.15206e-05 
0.000249897 3.64044e-05 -1.01711e-05 
0.000230085 1.9056e-05 -1.01243e-05 
0.000201385 8.93352e-06 -1.69818e-05 
0.000166388 3.42345e-06 -1.77477e-05 
0.000129138 2.29475e-07 -1.90424e-05 
9.05111e-05 -1.85545e-06 -1.94274e-05 
5.08044e-05 -3.36483e-06 -2.01352e-05 
9.63355e-06 -4.48803e-06 -2.09165e-05 
-3.31847e-05 -5.25968e-06 -2.17271e-05 
-7.73793e-05 -5.63984e-06 -2.2224e-05 
-0.000122012 -5.55315e-06 -2.20872e-05 
-0.000165484 -4.92017e-06 -2.09995e-05 
-0.000205626 -3.69244e-06 -1.87116e-05 
-0.000239816 -1.89047e-06 -1.50268e-05 
-0.000265071 3.60459e-07 -9.78235e-06 
-0.000278103 2.80278e-06 -2.83713e-06 
-0.000275401 5.03747e-06 5.87755e-06 
-0.000253497 6.55149e-06 1.62328e-05 
-0.000209519 6.80393e-06 2.77122e-05 
-0.000142106 5.40744e-06 3.92172e-05 
-5.26045e-05 2.37042e-06 4.88334e-05 
4.83295e-05 -2.09408e-06 4.47092e-05 
0.000131065 -4.92427e-06 3.69205e-05 
0.000196746 -6.62848e-06 2.84873e-05 
0.000245686 -7.20511e-06 2.0517e-05 
0.0002797 -6.86705e-06 1.37163e-05 
0.000301518 -5.91789e-06 8.37792e-06 
0.000314084 -4.64266e-06 4.4607e-06 
0.000320036 -3.25614e-06 1.72439e-06 
0.000321441 -1.89133e-06 -1.38223e-07 
0.000319767 -6.16491e-07 -1.40853e-06 
0.000315981 5.34745e-07 -2.29184e-06 
0.000310721 1.53133e-06 -2.9094e-06 
0.000304466 2.31755e-06 -3.29377e-06 
0.000297689 2.79253e-06 -3.4249e-06 
0.000291027 2.79503e-06 -3.14616e-06 
0.000285404 2.09118e-06 -2.37523e-06 
0.000282387 3.68337e-07 -4.47342e-07 
0.000284087 -2.79481e-06 2.17009e-06 
0.000294701 -7.87969e-06 8.90658e-06 
0.000317788 -1.59293e-05 1.29864e-05 
0.000367592 -2.72633e-05 3.90512e-05 
0.000436129 -4.981e-05 1.72243e-05 
0.000625207 -5.58595e-05 0.000187576 
0.000223423 -0.000114532 -0.000743889 
-0.00132204 -0.85003 -0.00997129 
-0.000511123 -0.000764939 0.000421122 
-5.10829e-06 -0.000177001 0.000112264 
0.000318051 4.88017e-06 0.000124239 
0.000367097 1.66344e-05 -3.76065e-05 
0.000307433 9.66636e-06 -1.86871e-05 
0.000258235 2.78342e-06 -2.57927e-05 
0.000211096 -1.62241e-06 -2.1258e-05 
0.000167496 -4.18842e-06 -2.16431e-05 
0.000124943 -5.70488e-06 -2.07855e-05 
8.3052e-05 -6.68901e-06 -2.08957e-05 
4.09584e-05 -7.31993e-06 -2.10804e-05 
-1.83071e-06 -7.62524e-06 -2.15577e-05 
-4.55455e-05 -7.5733e-06 -2.19696e-05 
-8.98095e-05 -7.12183e-06 -2.2039e-05 
-0.000133575 -6.23408e-06 -2.14069e-05 
-0.000175142 -4.89384e-06 -1.97897e-05 
-0.000212312 -3.12443e-06 -1.69841e-05 
-0.000242569 -1.01003e-06 -1.28768e-05 
-0.000263228 1.28617e-06 -7.4102e-06 
-0.000271525 3.51258e-06 -5.6171e-07 
-0.000264706 5.33609e-06 7.63363e-06 
-0.000240218 6.37468e-06 1.69935e-05 
-0.000196109 6.26642e-06 2.70573e-05 
-0.000131686 4.79601e-06 3.69362e-05 
-4.83749e-05 2.04942e-06 4.51282e-05 
4.45153e-05 -1.85778e-06 4.13696e-05 
0.000121463 -4.46223e-06 3.46164e-05 
0.00018359 -6.19623e-06 2.7271e-05 
0.000231066 -7.03287e-06 2.02573e-05 
0.00026531 -7.10882e-06 1.41731e-05 
0.000288533 -6.64447e-06 9.28666e-06 
0.000303178 -5.86059e-06 5.59472e-06 
0.000311494 -4.93304e-06 2.92615e-06 
0.000315302 -3.97562e-06 1.04103e-06 
0.000315937 -3.0472e-06 -2.94863e-07 
0.000314302 -2.17439e-06 -1.27205e-06 
0.00031097 -1.38113e-06 -2.0221e-06 
0.000306295 -7.19678e-07 -2.63066e-06 
0.000300524 -2.99804e-07 -3.11243e-06 
0.000293883 -3.17608e-07 -3.48558e-06 
0.000286748 -1.08246e-06 -3.54833e-06 
0.000279665 -3.06502e-06 -3.44379e-06 
0.000273873 -6.92287e-06 -2.05917e-06 
0.000270564 -1.37975e-05 -1.39064e-06 
0.000273452 -2.49583e-05 5.31181e-06 
0.000281332 -4.58809e-05 5.36605e-07 
0.000310657 -7.5311e-05 3.83463e-05 
0.000329829 -0.00022992 -3.03564e-05 
0.000529241 -0.000497967 0.00035374 
0.000182489 -0.00763762 -0.00107393 
-0.00187341 -0.454369 0.00350164 
-0.000263789 -0.000321303 0.000772101 
0.000382087 -7.34899e-05 -5.41401e-05 
0.000335065 -5.13131e-05 1.0823e-06 
0.000294228 -2.56253e-05 -3.09666e-05 
0.000242152 -1.76959e-05 -2.11212e-05 
0.000195859 -1.42035e-05 -2.3354e-05 
0.000151115 -1.2695e-05 -2.1267e-05 
0.000108116 -1.19636e-05 -2.13511e-05 
6.55792e-05 -1.15224e-05 -2.105e-05 
2.31606e-05 -1.10986e-05 -2.11962e-05 
-1.95303e-05 -1.0503e-05 -2.13408e-05 
-6.2477e-05 -9.61813e-06 -2.14087e-05 
-0.000105193 -8.3829e-06 -2.10616e-05 
-0.000146563 -6.78347e-06 -2.00084e-05 
-0.0001849 -4.8494e-06 -1.79918e-05 
-0.000218105 -2.65548e-06 -1.48642e-05 
-0.00024388 -3.25879e-07 -1.05738e-05 
-0.000259892 1.96305e-06 -5.13442e-06 
-0.000263873 3.98496e-06 1.40866e-06 
-0.000253682 5.4757e-06 8.97131e-06 
-0.000227437 6.16156e-06 1.73683e-05 
-0.000183791 5.8094e-06 2.62091e-05 
-0.000122424 4.31513e-06 3.47759e-05 
-4.47036e-05 1.80584e-06 4.18604e-05 
4.11317e-05 -1.65838e-06 3.83663e-05 
0.000112771 -4.05804e-06 3.24245e-05 
0.000171345 -5.77402e-06 2.59394e-05 
0.000216943 -6.76427e-06 1.97048e-05 
0.000250713 -7.11919e-06 1.42293e-05 
0.000274483 -7.00583e-06 9.74973e-06 
0.000290304 -6.60049e-06 6.28387e-06 
0.000300112 -6.04859e-06 3.71115e-06 
0.000305523 -5.44504e-06 1.84842e-06 
0.000307772 -4.83489e-06 5.03922e-07 
0.000307722 -4.2298e-06 -4.93816e-07 
0.000305913 -3.63401e-06 -1.29321e-06 
0.000302608 -3.07457e-06 -2.0132e-06 
0.000297832 -2.63248e-06 -2.77142e-06 
0.000291436 -2.47059e-06 -3.60897e-06 
0.000283112 -2.86273e-06 -4.67231e-06 
0.000272572 -4.20724e-06 -5.69376e-06 
0.000259354 -7.09038e-06 -7.36138e-06 
0.000243455 -1.2207e-05 -7.84226e-06 
0.000223353 -2.0963e-05 -1.20714e-05 
0.00019824 -3.39646e-05 -9.34532e-06 
0.000163493 -6.13249e-05 -2.2549e-05 
0.00010568 -8.58544e-05 -5.6122e-06 
0.000436732 -0.000351309 0.000383599 
0.000663096 -0.00118615 -0.000511762 
2.24918e-05 -0.0105197 -0.000224352 
-6.29385e-05 -0.000625026 0.00014667 
0.00018492 -0.000206879 6.68646e-05 
0.000223762 -6.37183e-05 -5.83802e-06 
0.000219306 -3.85347e-05 -1.82913e-06 
0.000194172 -2.70844e-05 -1.83396e-05 
0.000158124 -2.15189e-05 -1.74845e-05 
0.000119797 -1.84672e-05 -1.99461e-05 
7.97702e-05 -1.65785e-05 -1.99297e-05 
3.92547e-05 -1.52045e-05 -2.03429e-05 
-1.58954e-06 -1.39532e-05 -2.03569e-05 
-4.24668e-05 -1.25972e-05 -2.03529e-05 
-8.30924e-05 -1.10061e-05 -2.00911e-05 
-0.000122809 -9.12719e-06 -1.94012e-05 
-0.000160488 -6.97106e-06 -1.80155e-05 
-0.000194533 -4.60201e-06 -1.57405e-05 
-0.000223039 -2.12891e-06 -1.24711e-05 
-0.000243986 3.03414e-07 -8.20082e-06 
-0.00025541 2.52225e-06 -2.98159e-06 
-0.000255478 4.33511e-06 3.111e-06 
-0.000242528 5.54136e-06 9.98098e-06 
-0.000215149 5.9525e-06 1.74639e-05 
-0.000172376 5.42644e-06 2.52401e-05 
-0.000114071 3.93109e-06 3.27271e-05 
-4.14592e-05 1.61517e-06 3.89327e-05 
3.81157e-05 -1.48849e-06 3.56507e-05 
0.000104875 -3.70302e-06 3.03516e-05 
0.000159974 -5.37032e-06 2.45617e-05 
0.000203465 -6.43733e-06 1.89723e-05 
0.000236304 -6.96568e-06 1.4014e-05 
0.00026002 -7.088e-06 9.89122e-06 
0.000276349 -6.95061e-06 6.6331e-06 
0.000286964 -6.67739e-06 4.15956e-06 
0.000293316 -6.34929e-06 2.33747e-06 
0.000296568 -5.99992e-06 1.01837e-06 
0.000297581 -5.62609e-06 5.21483e-08 
0.000296908 -5.20786e-06 -7.10336e-07 
0.000294788 -4.73417e-06 -1.43151e-06 
0.000291131 -4.22867e-06 -2.2633e-06 
0.000285504 -3.77266e-06 -3.40107e-06 
0.00027718 -3.51478e-06 -4.89828e-06 
0.00026511 -3.67605e-06 -7.09264e-06 
0.00024821 -4.49958e-06 -9.45015e-06 
0.000224847 -6.23298e-06 -1.35566e-05 
0.000193643 -8.82642e-06 -1.60432e-05 
0.000151357 -1.19883e-05 -2.44858e-05 
9.04106e-05 -1.68274e-05 -2.72252e-05 
7.12501e-05 -3.41508e-05 3.52697e-05 
0.000132479 -0.000260899 -2.7556e-06 
0.000401046 -0.00067597 0.000412285 
0.0010457 -0.00675296 -0.0001563 
0.000211604 -0.000367806 -0.000329125 
3.14133e-05 -9.64081e-05 3.00358e-05 
0.000137036 -2.13382e-05 3.16304e-05 
0.00015588 -2.30896e-05 -1.04772e-05 
0.000140467 -2.21663e-05 -8.56607e-06 
0.00011424 -2.13603e-05 -1.66721e-05 
8.07279e-05 -2.00253e-05 -1.71821e-05 
4.46494e-05 -1.86018e-05 -1.86826e-05 
7.04629e-06 -1.70732e-05 -1.88674e-05 
-3.09226e-05 -1.54085e-05 -1.89648e-05 
-6.87257e-05 -1.35534e-05 -1.87122e-05 
-0.000105792 -1.14665e-05 -1.81968e-05 
-0.000141392 -9.14384e-06 -1.72185e-05 
-0.000174431 -6.62949e-06 -1.5605e-05 
-0.000203471 -4.01504e-06 -1.32015e-05 
-0.000226852 -1.42845e-06 -9.94579e-06 
-0.000242867 9.80725e-07 -5.85445e-06 
-0.000249901 3.05486e-06 -9.93219e-07 
-0.000246484 4.63793e-06 4.55941e-06 
-0.000231316 5.58367e-06 1.07169e-05 
-0.000203301 5.76768e-06 1.73456e-05 
-0.000161702 5.10997e-06 2.419e-05 
-0.000106442 3.6229e-06 3.07753e-05 
-3.855e-05 1.46408e-06 3.62735e-05 
3.54121e-05 -1.3466e-06 3.31811e-05 
9.76739e-05 -3.39708e-06 2.83984e-05 
0.000149421 -4.99794e-06 2.31856e-05 
0.000190709 -6.08802e-06 1.81433e-05 
0.00022235 -6.71037e-06 1.36311e-05 
0.00024563 -6.97448e-06 9.82108e-06 
0.000262018 -7.00606e-06 6.74794e-06 
0.00027296 -6.91509e-06 4.36448e-06 
0.000279762 -6.77539e-06 2.58322e-06 
0.000283535 -6.61658e-06 1.29877e-06 
0.000285163 -6.42807e-06 3.92435e-07 
0.000285264 -6.17171e-06 -2.78775e-07 
0.000284137 -5.79947e-06 -8.81749e-07 
0.000281698 -5.27225e-06 -1.62584e-06 
0.000277454 -4.57345e-06 -2.68829e-06 
0.000270484 -3.7153e-06 -4.3311e-06 
0.000259599 -2.72015e-06 -6.4671e-06 
0.000243303 -1.59495e-06 -9.65017e-06 
0.00022052 -2.3891e-07 -1.23596e-05 
0.000189649 1.78909e-06 -1.77942e-05 
0.000152288 4.81602e-06 -1.60829e-05 
0.000110301 1.19184e-05 -2.40823e-05 
7.33258e-05 -1.2643e-05 -3.58281e-07 
8.13279e-05 -5.84658e-05 3.44405e-05 
0.00044851 -0.000357485 0.000344435 
0.00132299 -0.00174478 0.000133016 
0.000589114 -0.000206697 -0.000505172 
0.000199751 5.71985e-05 2.01429e-05 
0.00016971 1.80088e-05 -4.71537e-05 
0.000133413 -7.84037e-07 -6.03041e-06 
0.000107877 -1.23588e-05 -1.91594e-05 
7.53164e-05 -1.72169e-05 -1.55526e-05 
4.21774e-05 -1.87299e-05 -1.76079e-05 
7.52841e-06 -1.84411e-05 -1.73175e-05 
-2.73e-05 -1.71861e-05 -1.74766e-05 
-6.19624e-05 -1.54033e-05 -1.71505e-05 
-9.58924e-05 -1.32827e-05 -1.66867e-05 
-0.000128596 -1.09145e-05 -1.5905e-05 
-0.000159363 -8.35868e-06 -1.47204e-05 
-0.000187219 -5.694e-06 -1.29721e-05 
-0.000210925 -3.02933e-06 -1.05583e-05 
-0.000229097 -4.97213e-07 -7.43875e-06 
-0.000240335 1.76182e-06 -3.63989e-06 
-0.000243335 3.61332e-06 7.78267e-07 
-0.000236919 4.93715e-06 5.75013e-06 
-0.000220042 5.63117e-06 1.12091e-05 
-0.000191817 5.61679e-06 1.70533e-05 
-0.000151628 4.85356e-06 2.30813e-05 
-9.93867e-05 3.37777e-06 2.89052e-05 
-3.59047e-05 1.34548e-06 3.38265e-05 
3.29654e-05 -1.23247e-06 3.09168e-05 
9.10611e-05 -3.1419e-06 2.65597e-05 
0.000139606 -4.66906e-06 2.18417e-05 
0.000178685 -5.74792e-06 1.72769e-05 
0.000209002 -6.409e-06 1.31595e-05 
0.000231636 -6.74463e-06 9.62971e-06 
0.000247821 -6.86524e-06 6.72307e-06 
0.000258799 -6.87228e-06 4.41782e-06 
0.000265736 -6.83932e-06 2.66565e-06 
0.000269691 -6.80146e-06 1.40421e-06 
0.000271575 -6.75321e-06 5.5036e-07 
0.000272096 -6.65284e-06 -1.12382e-08 
0.000271677 -6.43125e-06 -4.45927e-07 
0.000270373 -6.00287e-06 -9.45507e-07 
0.000267794 -5.27675e-06 -1.75514e-06 
0.000263147 -4.16152e-06 -2.99583e-06 
0.000255271 -2.57186e-06 -4.9634e-06 
0.000243039 -4.22979e-07 -7.1375e-06 
0.000225095 2.29776e-06 -1.07015e-05 
0.000201913 5.31547e-06 -1.12918e-05 
0.000171732 7.85665e-06 -1.91716e-05 
0.000154158 5.46732e-06 7.50975e-06 
0.000108501 7.74041e-06 -7.64231e-05 
0.000134299 -0.000106228 0.00017048 
0.000534856 -0.456583 0.0520015 
0.000469234 -0.00351327 -0.000173477 
0.000532604 -0.000365546 0.000395719 
0.000490998 -3.23574e-05 -0.00029066 
0.000228276 1.50009e-05 -2.7109e-05 
0.000153272 5.49436e-06 -4.67403e-05 
9.03953e-05 -7.24206e-06 -2.28475e-05 
4.58614e-05 -1.40597e-05 -2.20417e-05 
6.76572e-06 -1.69184e-05 -1.80254e-05 
-2.8078e-05 -1.71705e-05 -1.70106e-05 
-6.08466e-05 -1.60555e-05 -1.59245e-05 
-9.19763e-05 -1.4192e-05 -1.52187e-05 
-0.000121624 -1.19337e-05 -1.44034e-05 
-0.000149517 -9.44797e-06 -1.34218e-05 
-0.000175127 -6.84194e-06 -1.20955e-05 
-0.000197647 -4.21309e-06 -1.03124e-05 
-0.000216068 -1.67331e-06 -7.98654e-06 
-0.000229272 6.55215e-07 -5.09448e-06 
-0.000236137 2.65266e-06 -1.65758e-06 
-0.000235614 4.21324e-06 2.27948e-06 
-0.000226748 5.25024e-06 6.67166e-06 
-0.000208667 5.69575e-06 1.14739e-05 
-0.000180614 5.50184e-06 1.66121e-05 
-0.000142032 4.65036e-06 2.19277e-05 
-9.27826e-05 3.18616e-06 2.7103e-05 
-3.34627e-05 1.25472e-06 3.15455e-05 
3.07204e-05 -1.14448e-06 2.88188e-05 
8.49292e-05 -2.93629e-06 2.4826e-05 
0.000130427 -4.39069e-06 2.05462e-05 
0.000167347 -5.44046e-06 1.64105e-05 
0.000196305 -6.10708e-06 1.26531e-05 
0.000218204 -6.46858e-06 9.38359e-06 
0.00023407 -6.62247e-06 6.63364e-06 
0.000244948 -6.66454e-06 4.39781e-06 
0.000251862 -6.67283e-06 2.65842e-06 
0.000255792 -6.69624e-06 1.3906e-06 
0.000257655 -6.74738e-06 5.51774e-07 
0.000258239 -6.79932e-06 5.99757e-08 
0.00025812 -6.7862e-06 -2.13173e-07 
0.000257548 -6.60834e-06 -4.59062e-07 
0.00025638 -6.14209e-06 -8.61125e-07 
0.000254051 -5.25666e-06 -1.67478e-06 
0.00024972 -3.83367e-06 -2.8551e-06 
0.000242273 -1.83768e-06 -4.88931e-06 
0.000230936 6.1735e-07 -6.56322e-06 
0.000213409 2.39601e-06 -1.17284e-05 
0.000190849 1.05667e-06 -9.35349e-06 
0.000145673 -2.00598e-05 -3.88464e-05 
0.000154649 -6.42252e-05 7.28277e-05 
-0.000157982 -0.000237513 -0.000480818 
-0.00121425 -0.747474 -0.0487768 
-0.000175469 -0.00709155 0.000695183 
0.000632304 -0.00051735 -0.000416449 
0.000391628 -0.000159108 1.31565e-05 
0.000290307 -5.46562e-06 -9.5124e-05 
0.000160549 -5.2073e-06 -4.34014e-05 
7.88241e-05 -9.61366e-06 -3.72676e-05 
1.83663e-05 -1.44699e-05 -2.47595e-05 
-2.57317e-05 -1.59832e-05 -1.98128e-05 
-6.12372e-05 -1.56879e-05 -1.62111e-05 
-9.16058e-05 -1.42106e-05 -1.43832e-05 
-0.000118933 -1.21472e-05 -1.307e-05 
-0.000143987 -9.78373e-06 -1.20146e-05 
-0.000166897 -7.29241e-06 -1.08812e-05 
-0.00018734 -4.77733e-06 -9.51548e-06 
-0.000204709 -2.33214e-06 -7.78873e-06 
-0.00021821 -5.39347e-08 -5.63529e-06 
-0.000226958 1.95819e-06 -3.03139e-06 
-0.000230056 3.61345e-06 1.16221e-08 
-0.000226648 4.83706e-06 3.46872e-06 
-0.00021593 5.57179e-06 7.31496e-06 
-0.000197146 5.77499e-06 1.15234e-05 
-0.000169615 5.4175e-06 1.60398e-05 
-0.000132807 4.49106e-06 2.07384e-05 
-8.65245e-05 3.03832e-06 2.53572e-05 
-3.11721e-05 1.18709e-06 2.93923e-05 
2.86266e-05 -1.07866e-06 2.68518e-05 
7.91771e-05 -2.77452e-06 2.31848e-05 
0.000121776 -4.16271e-06 1.93041e-05 
0.00015661 -5.17849e-06 1.55626e-05 
0.000184223 -5.83659e-06 1.2142e-05 
0.000205369 -6.20203e-06 9.12319e-06 
0.000220888 -6.36e-06 6.5289e-06 
0.00023164 -6.40085e-06 4.36041e-06 
0.000238486 -6.40828e-06 2.61886e-06 
0.000242297 -6.44872e-06 1.30875e-06 
0.000243942 -6.56138e-06 4.22995e-07 
0.000244248 -6.74956e-06 -7.65408e-08 
0.000243909 -6.97504e-06 -2.8485e-07 
0.000243378 -7.15918e-06 -3.40672e-07 
0.000242759 -7.19327e-06 -4.58521e-07 
0.000241785 -6.96012e-06 -7.75373e-07 
0.000239791 -6.36596e-06 -1.61913e-06 
0.000235926 -5.36015e-06 -2.77419e-06 
0.000228696 -4.07235e-06 -5.59372e-06 
0.000215901 -2.44085e-06 -8.8796e-06 
0.000188861 -3.66027e-06 -2.29464e-05 
0.000129974 -6.16458e-06 -3.91506e-05 
-3.91499e-05 -0.000124672 -0.000137281 
-0.000216965 -0.000327363 6.19393e-05 
0.000245225 -0.00599677 0.000227077 
0.000533978 -0.00164873 0.00011119 
0.000447709 -0.0003372 -9.16472e-05 
0.000375029 -1.60594e-05 -2.84102e-05 
0.000275988 -2.31131e-05 -6.74688e-05 
0.000147632 -1.48584e-05 -5.5361e-05 
5.26432e-05 -1.72811e-05 -3.85518e-05 
-1.26743e-05 -1.68035e-05 -2.68667e-05 
-5.81347e-05 -1.58853e-05 -1.91699e-05 
-9.17152e-05 -1.40903e-05 -1.48558e-05 
-0.000118552 -1.19285e-05 -1.23006e-05 
-0.000141427 -9.55593e-06 -1.07474e-05 
-0.00016164 -7.12736e-06 -9.55405e-06 
-0.000179576 -4.72305e-06 -8.41081e-06 
-0.000195098 -2.41132e-06 -7.10613e-06 
-0.00020776 -2.5758e-07 -5.52786e-06 
-0.000216941 1.668e-06 -3.61054e-06 
-0.000221933 3.29692e-06 -1.32901e-06 
-0.000221998 4.56994e-06 1.31922e-06 
-0.00021641 5.44144e-06 4.32617e-06 
-0.000204457 5.87806e-06 7.68228e-06 
-0.000185453 5.85446e-06 1.13718e-05 
-0.000158762 5.35157e-06 1.53525e-05 
-0.000123869 4.36302e-06 1.95212e-05 
-8.053e-05 2.9229e-06 2.36596e-05 
-2.89907e-05 1.13701e-06 2.7337e-05 
2.6643e-05 -1.02933e-06 2.49867e-05 
7.37198e-05 -2.64706e-06 2.16229e-05 
0.000113551 -3.97848e-06 1.81117e-05 
0.00014637 -4.96447e-06 1.47369e-05 
0.000172665 -5.61487e-06 1.16358e-05 
0.000193065 -5.98279e-06 8.86344e-06 
0.000208248 -6.1409e-06 6.43001e-06 
0.000218895 -6.17224e-06 4.334e-06 
0.000225694 -6.16301e-06 2.58351e-06 
0.000229368 -6.19437e-06 1.19973e-06 
0.000230684 -6.3323e-06 2.04735e-07 
0.000230431 -6.61667e-06 -4.05059e-07 
0.000229352 -7.05322e-06 -6.75588e-07 
0.000228023 -7.6127e-06 -7.29313e-07 
0.000226743 -8.24363e-06 -7.11684e-07 
0.000225416 -8.89423e-06 -8.91872e-07 
0.000223581 -9.54738e-06 -1.30248e-06 
0.000220361 -1.02133e-05 -2.47597e-06 
0.000214681 -1.0865e-05 -3.77854e-06 
0.00020478 -1.12631e-05 -7.27933e-06 
0.000185294 -9.73097e-06 -1.34439e-05 
0.000149853 -7.76931e-06 -2.37629e-05 
-8.39835e-06 5.77291e-06 -0.000136432 
-0.000135782 -0.000172994 0.000105265 
0.000156073 -0.000289559 7.56527e-05 
0.000140006 -0.00333346 -0.000144541 
0.000567575 -0.000308621 0.000303376 
0.000505484 -8.60947e-05 -0.000229708 
0.000236117 -3.90222e-05 -6.29903e-05 
0.000105368 -3.2252e-05 -6.27783e-05 
9.71343e-06 -2.45057e-05 -3.55876e-05 
-5.01572e-05 -1.94599e-05 -2.47372e-05 
-9.06587e-05 -1.53141e-05 -1.65866e-05 
-0.000119029 -1.20296e-05 -1.22798e-05 
-0.000140708 -9.16267e-06 -9.75375e-06 
-0.000158491 -6.58391e-06 -8.24356e-06 
-0.000173753 -4.20535e-06 -7.14291e-06 
-0.000186946 -2.00822e-06 -6.11627e-06 
-0.000198012 -1.16257e-09 -4.97609e-06 
-0.000206602 1.78526e-06 -3.61436e-06 
-0.00021221 3.31134e-06 -1.97301e-06 
-0.00021424 4.53735e-06 -2.09962e-08 
-0.000212051 5.43087e-06 2.25512e-06 
-0.000204988 5.96869e-06 4.86001e-06 
-0.000192388 6.134e-06 7.7926e-06 
-0.000173605 5.9117e-06 1.10412e-05 
-0.000148031 5.28696e-06 1.45684e-05 
-0.000115168 4.25116e-06 1.82848e-05 
-7.47423e-05 2.82736e-06 2.20059e-05 
-2.68886e-05 1.0982e-06 2.53589e-05 
2.4741e-05 -9.90287e-07 2.32027e-05 
6.84946e-05 -2.5428e-06 2.01279e-05 
0.000105668 -3.82725e-06 1.69604e-05 
0.00013653 -4.79263e-06 1.39264e-05 
0.00016152 -5.44586e-06 1.11278e-05 
0.000181165 -5.82972e-06 8.59769e-06 
0.000196006 -6.00421e-06 6.33187e-06 
0.000206564 -6.04192e-06 4.31961e-06 
0.000213352 -6.02483e-06 2.56531e-06 
0.000216917 -6.03948e-06 1.09557e-06 
0.000217875 -6.16911e-06 -5.28329e-08 
0.000216906 -6.48448e-06 -8.54322e-07 
0.000214701 -7.03674e-06 -1.33274e-06 
0.000211848 -7.8591e-06 -1.56591e-06 
0.000208672 -8.9791e-06 -1.75478e-06 
0.000205104 -1.04524e-05 -2.0594e-06 
0.000200524 -1.23827e-05 -2.93072e-06 
0.000193934 -1.50036e-05 -4.10506e-06 
0.000183841 -1.84969e-05 -6.7167e-06 
0.000168649 -2.36177e-05 -8.76006e-06 
0.000148292 -2.94952e-05 -1.18961e-05 
0.000108806 -4.72637e-05 -2.64971e-05 
9.90839e-05 -5.9907e-05 3.69975e-05 
-0.000384611 -0.000358878 -0.000554561 
-0.0016428 -0.852877 -0.0670505 
-0.000422165 -0.00811617 0.000808187 
0.000570413 -0.000704065 -0.00038371 
0.000291158 -0.00023812 -1.70222e-05 
0.000145424 -7.98057e-05 -0.000102729 
2.00598e-05 -4.60285e-05 -3.65926e-05 
-4.62466e-05 -2.86262e-05 -3.02109e-05 
-9.17394e-05 -1.90615e-05 -1.75344e-05 
-0.000120907 -1.29905e-05 -1.23952e-05 
-0.000141464 -8.85203e-06 -8.81183e-06 
-0.00015685 -5.77863e-06 -6.95177e-06 
-0.000169337 -3.30863e-06 -5.78749e-06 
-0.000179911 -1.21098e-06 -4.94291e-06 
-0.000188893 6.2117e-07 -4.13393e-06 
-0.000196189 2.22277e-06 -3.21474e-06 
-0.000201485 3.59171e-06 -2.10057e-06 
-0.000204334 4.70928e-06 -7.39391e-07 
-0.0002042 5.55386e-06 9.02452e-07 
-0.000200496 6.10818e-06 2.84702e-06 
-0.000192596 6.36064e-06 5.10649e-06 
-0.000179862 6.30211e-06 7.68284e-06 
-0.000161669 5.92159e-06 1.05632e-05 
-0.000137435 5.20489e-06 1.37096e-05 
-0.000106683 4.13996e-06 1.70407e-05 
-6.91315e-05 2.73942e-06 2.03959e-05 
-2.48485e-05 1.06453e-06 2.34469e-05 
2.29045e-05 -9.56102e-07 2.1487e-05 
6.34626e-05 -2.45139e-06 1.86898e-05 
9.80669e-05 -3.69724e-06 1.58402e-05 
0.000127005 -4.65239e-06 1.3119e-05 
0.000150674 -5.32305e-06 1.06018e-05 
0.000169518 -5.74392e-06 8.30455e-06 
0.000183966 -5.96283e-06 6.20996e-06 
0.000194401 -6.03857e-06 4.29558e-06 
0.000201179 -6.04048e-06 2.55664e-06 
0.000204673 -6.04696e-06 1.01502e-06 
0.000205324 -6.1418e-06 -2.8785e-07 
0.000203652 -6.40933e-06 -1.3192e-06 
0.000200214 -6.932e-06 -2.08127e-06 
0.000195479 -7.79348e-06 -2.67335e-06 
0.000189653 -9.09394e-06 -3.25027e-06 
0.000182428 -1.09661e-05 -4.20218e-06 
0.00017291 -1.36235e-05 -5.62449e-06 
0.000159325 -1.72989e-05 -8.53569e-06 
0.000139758 -2.25383e-05 -1.14543e-05 
0.000110937 -2.91508e-05 -1.88996e-05 
7.15183e-05 -4.14226e-05 -2.10664e-05 
1.80864e-05 -5.33178e-05 -3.87031e-05 
-6.53063e-05 -0.000213721 -5.60359e-05 
-0.000413341 -0.000562339 -0.000267112 
0.000383934 -0.00985711 0.00096134 
0.000609253 -0.00312665 0.000124018 
0.000121236 -0.000441545 7.06524e-05 
6.15873e-05 -0.000128952 -0.000101977 
-2.21295e-05 -6.81598e-05 -1.11759e-05 
-6.46918e-05 -3.38241e-05 -2.73397e-05 
-0.000102554 -2.10839e-05 -1.35628e-05 
-0.000126621 -1.27318e-05 -1.08689e-05 
-0.000143829 -7.65206e-06 -7.17287e-06 
-0.000156002 -4.16983e-06 -5.47674e-06 
-0.000165474 -1.71299e-06 -4.37468e-06 
-0.00017332 1.62242e-07 -3.7224e-06 
-0.00018005 1.68464e-06 -3.18177e-06 
-0.000185723 2.97586e-06 -2.60514e-06 
-0.000190159 4.08195e-06 -1.89868e-06 
-0.000193035 5.00789e-06 -1.00748e-06 
-0.000193936 5.73864e-06 1.09378e-07 
-0.00019237 6.25386e-06 1.48683e-06 
-0.00018778 6.53596e-06 3.15271e-06 
-0.000179562 6.57206e-06 5.12442e-06 
-0.000167094 6.35155e-06 7.40475e-06 
-0.000149769 5.86219e-06 9.9778e-06 
-0.00012703 5.08854e-06 1.28029e-05 
-9.84287e-05 4.01573e-06 1.58029e-05 
-6.36929e-05 2.64851e-06 1.88337e-05 
-2.28657e-05 1.03077e-06 2.15981e-05 
2.11271e-05 -9.22996e-07 1.98335e-05 
5.86046e-05 -2.36505e-06 1.73015e-05 
9.07135e-05 -3.57816e-06 1.47417e-05 
0.00011774 -4.53168e-06 1.23018e-05 
0.000140038 -5.23319e-06 1.00386e-05 
0.000157986 -5.71198e-06 7.95695e-06 
0.000171924 -6.0049e-06 6.0304e-06 
0.000182132 -6.15456e-06 4.22762e-06 
0.000188841 -6.21e-06 2.53429e-06 
0.00019228 -6.22794e-06 9.64434e-07 
0.000192732 -6.27382e-06 -4.47935e-07 
0.000190551 -6.42311e-06 -1.67084e-06 
0.000186113 -6.76427e-06 -2.72349e-06 
0.000179689 -7.40536e-06 -3.6929e-06 
0.00017122 -8.4816e-06 -4.84191e-06 
0.000160109 -1.01672e-05 -6.39509e-06 
0.000144899 -1.26501e-05 -9.07865e-06 
0.000123615 -1.61575e-05 -1.23253e-05 
9.29463e-05 -2.05975e-05 -1.88748e-05 
5.18657e-05 -2.64094e-05 -2.10975e-05 
-6.69367e-06 -3.12614e-05 -3.94696e-05 
-6.52214e-05 -4.91628e-05 -7.58227e-06 
-0.000184548 -7.13195e-05 -0.000126154 
-3.14268e-05 -0.000376046 0.000409514 
0.00082456 -0.0038018 -0.000155098 
0.000471848 -0.00682251 -6.60134e-05 
0.000279415 -0.000395848 -0.000202738 
9.96643e-06 -9.33947e-05 -7.11564e-05 
-7.34879e-05 -8.99907e-06 -2.8728e-05 
-0.000108587 -9.78732e-06 -1.43719e-05 
-0.000129996 -5.18719e-06 -9.60898e-06 
-0.000143853 -2.6298e-06 -5.84866e-06 
-0.000152976 -1.66335e-07 -4.1355e-06 
-0.000159715 1.50523e-06 -3.18772e-06 
-0.000165248 2.70643e-06 -2.72942e-06 
-0.000170137 3.58028e-06 -2.42077e-06 
-0.00017447 4.28614e-06 -2.09126e-06 
-0.000178096 4.90289e-06 -1.6572e-06 
-0.000180756 5.4599e-06 -1.07783e-06 
-0.000182127 5.9479e-06 -3.28654e-07 
-0.000181839 6.33775e-06 6.19389e-07 
-0.000179451 6.59381e-06 1.80037e-06 
-0.000174457 6.68335e-06 3.24789e-06 
-0.000166289 6.58046e-06 4.98538e-06 
-0.000154352 6.26503e-06 7.01845e-06 
-0.000138065 5.71942e-06 9.33023e-06 
-0.000116901 4.92594e-06 1.18784e-05 
-9.04434e-05 3.86832e-06 1.45882e-05 
-5.84423e-05 2.54678e-06 1.73267e-05 
-2.09452e-05 9.92999e-07 1.98164e-05 
1.94091e-05 -8.89083e-07 1.82404e-05 
5.39151e-05 -2.27929e-06 1.59586e-05 
8.3591e-05 -3.46279e-06 1.36586e-05 
0.000108701 -4.41955e-06 1.1465e-05 
0.000129555 -5.16014e-06 9.42286e-06 
0.000146472 -5.71084e-06 7.53136e-06 
0.000159728 -6.09919e-06 5.76184e-06 
0.000169535 -6.35086e-06 4.08073e-06 
0.000176046 -6.48999e-06 2.46989e-06 
0.000179408 -6.54217e-06 9.36013e-07 
0.000179796 -6.53982e-06 -4.96143e-07 
0.000177434 -6.52949e-06 -1.81402e-06 
0.000172528 -6.58052e-06 -3.04877e-06 
0.00016512 -6.79356e-06 -4.3472e-06 
0.000154875 -7.30498e-06 -5.92205e-06 
0.00014078 -8.27973e-06 -8.26295e-06 
0.000121142 -9.8878e-06 -1.13954e-05 
9.32291e-05 -1.22249e-05 -1.66156e-05 
5.52168e-05 -1.52986e-05 -2.0537e-05 
2.96557e-06 -1.86385e-05 -3.17763e-05 
-5.38938e-05 -2.33062e-05 -1.78387e-05 
-0.000133505 -3.39693e-05 -6.71839e-05 
-9.79675e-05 -0.00015762 0.000160279 
-0.0001301 -0.000813255 -0.000343056 
-0.000154973 -0.00925183 0.000546674 
0.000978137 -0.00119766 0.000316862 
0.000467317 -0.000243398 -0.0004674 
3.69035e-05 -1.62324e-05 -3.46881e-05 
-4.91834e-05 4.27231e-06 -5.33067e-05 
-0.000104963 9.03615e-06 -1.43357e-05 
-0.000126778 7.42332e-06 -1.0241e-05 
-0.000139309 7.41269e-06 -4.62018e-06 
-0.000146251 7.2433e-06 -3.32339e-06 
-0.000151443 7.11209e-06 -2.54948e-06 
-0.000155948 6.85261e-06 -2.34229e-06 
-0.000160152 6.58635e-06 -2.11924e-06 
-0.000163912 6.38258e-06 -1.8101e-06 
-0.000166959 6.2889e-06 -1.35316e-06 
-0.000168998 6.30477e-06 -7.5918e-07 
-0.00016975 6.39665e-06 -2.81692e-08 
-0.000168926 6.50987e-06 8.53946e-07 
-0.000166184 6.58291e-06 1.92056e-06 
-0.000161107 6.55845e-06 3.21213e-06 
-0.0001532 6.38983e-06 4.76208e-06 
-0.000141924 6.04217e-06 6.58412e-06 
-0.000126738 5.48962e-06 8.66573e-06 
-0.000107153 4.71168e-06 1.09665e-05 
-8.27839e-05 3.69206e-06 1.34147e-05 
-5.34094e-05 2.42947e-06 1.58847e-05 
-1.90991e-05 9.48799e-07 1.81105e-05 
1.77527e-05 -8.54119e-07 1.67079e-05 
4.9395e-05 -2.19271e-06 1.46593e-05 
7.66956e-05 -3.34727e-06 1.25881e-05 
9.98776e-05 -4.30771e-06 1.06045e-05 
0.000119201 -5.08821e-06 8.74714e-06 
0.000134932 -5.71362e-06 7.0153e-06 
0.000147303 -6.20384e-06 5.38563e-06 
0.00015649 -6.56868e-06 3.83152e-06 
0.000162629 -6.80702e-06 2.33946e-06 
0.000165847 -6.91068e-06 9.1537e-07 
0.000166294 -6.87301e-06 -4.27514e-07 
0.000164133 -6.70065e-06 -1.69432e-06 
0.000159454 -6.42634e-06 -2.958e-06 
0.000152115 -6.11761e-06 -4.37462e-06 
0.000141499 -5.87874e-06 -6.27343e-06 
0.000126328 -5.82988e-06 -8.91789e-06 
0.000104438 -6.08649e-06 -1.30044e-05 
7.34317e-05 -6.65254e-06 -1.76538e-05 
2.99753e-05 -7.55382e-06 -2.56047e-05 
-2.45857e-05 -8.35592e-06 -2.6165e-05 
-9.68647e-05 -1.18317e-05 -4.74146e-05 
-0.000152216 -1.85497e-05 1.18994e-05 
-0.000283744 -0.000121294 -0.000174548 
-0.000228431 -0.000358651 0.000458615 
0.000917024 -0.00555969 0.000370829 
0.000568207 -0.00084501 -0.000491462 
0.000300824 -0.000200888 4.9969e-05 
0.000115204 -9.9284e-06 -0.000153498 
-2.55423e-05 1.40719e-05 -1.65619e-05 
-7.2124e-05 1.71702e-05 -2.62102e-05 
-0.000102172 1.64175e-05 -8.14455e-06 
-0.000116041 1.48428e-05 -6.45501e-06 
-0.00012532 1.32836e-05 -3.91889e-06 
-0.00013231 1.16574e-05 -3.55603e-06 
-0.000138693 1.01405e-05 -3.17639e-06 
-0.000144519 8.82609e-06 -2.84797e-06 
-0.000149559 7.7955e-06 -2.32807e-06 
-0.000153462 7.06946e-06 -1.66611e-06 
-0.000155959 6.62392e-06 -8.92327e-07 
-0.000156863 6.39863e-06 -4.21411e-08 
-0.00015602 6.31184e-06 8.8559e-07 
-0.000153241 6.27443e-06 1.92193e-06 
-0.000148254 6.20284e-06 3.11665e-06 
-0.000140684 6.02799e-06 4.51787e-06 
-0.000130081 5.69867e-06 6.15423e-06 
-0.000115966 5.17964e-06 8.02442e-06 
-9.78945e-05 4.44726e-06 1.00951e-05 
-7.55142e-05 3.48582e-06 1.22997e-05 
-4.86311e-05 2.29477e-06 1.45179e-05 
-1.73432e-05 8.97078e-07 1.64913e-05 
1.61598e-05 -8.18895e-07 1.52364e-05 
4.5046e-05 -2.10597e-06 1.34032e-05 
7.00293e-05 -3.2305e-06 1.15307e-05 
9.12747e-05 -4.19096e-06 9.72253e-06 
0.000108987 -5.00473e-06 8.01444e-06 
0.000123384 -5.69556e-06 6.41118e-06 
0.000134667 -6.27707e-06 4.90182e-06 
0.000143013 -6.74574e-06 3.4756e-06 
0.000148587 -7.07902e-06 2.13297e-06 
0.00015157 -7.23959e-06 8.85315e-07 
0.000152161 -7.18565e-06 -2.59841e-07 
0.000150545 -6.88505e-06 -1.33186e-06 
0.00014678 -6.32854e-06 -2.42837e-06 
0.000140611 -5.53869e-06 -3.76611e-06 
0.000131259 -4.56262e-06 -5.63029e-06 
0.000117206 -3.46145e-06 -8.48064e-06 
9.62907e-05 -2.23878e-06 -1.2365e-05 
6.57334e-05 -8.97991e-07 -1.80459e-05 
2.39449e-05 9.60127e-07 -2.27501e-05 
-3.13356e-05 2.7407e-06 -3.20699e-05 
-9.22406e-05 6.7928e-06 -2.28201e-05 
-0.000170728 -3.09918e-06 -5.8157e-05 
-0.000181124 7.91905e-06 9.91668e-05 
-0.000114096 -0.000137284 -0.000125623 
-0.000386812 -0.759465 -0.000526671 
0.000267851 -0.00106506 0.000404995 
0.000352319 -0.000122658 -0.000314601 
0.000114031 -3.22594e-05 -1.00177e-05 
2.95955e-05 1.11719e-05 -6.13663e-05 
-3.38341e-05 1.81977e-05 -1.40748e-05 
-6.17283e-05 2.01913e-05 -1.40156e-05 
-8.066e-05 1.91861e-05 -7.11388e-06 
-9.36702e-05 1.70635e-05 -6.49371e-06 
-0.000105209 1.45455e-05 -5.56664e-06 
-0.00011569 1.21229e-05 -5.12775e-06 
-0.000125092 1.0041e-05 -4.40669e-06 
-0.000132938 8.4063e-06 -3.51359e-06 
-0.000138866 7.2301e-06 -2.46953e-06 
-0.000142669 6.46712e-06 -1.37342e-06 
-0.0001443 6.03532e-06 -2.81686e-07 
-0.00014379 5.83208e-06 7.88907e-07 
-0.000141153 5.74778e-06 1.86825e-06 
-0.000136311 5.67906e-06 3.01632e-06 
-0.000129051 5.53895e-06 4.29982e-06 
-0.000119047 5.26225e-06 5.76803e-06 
-0.000105902 4.80503e-06 7.43731e-06 
-8.92246e-05 4.14023e-06 9.28677e-06 
-6.86961e-05 3.25266e-06 1.12578e-05 
-4.41453e-05 2.1436e-06 1.3236e-05 
-1.56945e-05 8.37936e-07 1.49704e-05 
1.46303e-05 -7.84541e-07 1.38252e-05 
4.08676e-05 -2.02063e-06 1.21904e-05 
6.3595e-05 -3.11297e-06 1.049e-05 
8.29064e-05 -4.06681e-06 8.82664e-06 
9.89483e-05 -4.90139e-06 7.23718e-06 
0.000111892 -5.6387e-06 5.73569e-06 
0.000121923 -6.28688e-06 4.32914e-06 
0.000129242 -6.83256e-06 3.02917e-06 
0.000134085 -7.23862e-06 1.85657e-06 
0.000136735 -7.44876e-06 8.34434e-07 
0.000137504 -7.39822e-06 -3.30645e-08 
0.000136669 -7.02721e-06 -7.90572e-07 
0.000134331 -6.29266e-06 -1.56919e-06 
0.000130225 -5.17079e-06 -2.59625e-06 
0.000123508 -3.65284e-06 -4.21528e-06 
0.000112641 -1.71082e-06 -6.73612e-06 
9.54094e-05 6.93039e-07 -1.05257e-05 
6.94868e-05 3.77129e-06 -1.51748e-05 
3.29993e-05 7.51808e-06 -2.09283e-05 
-1.32013e-05 1.33739e-05 -2.39421e-05 
-6.62764e-05 1.88199e-05 -2.82263e-05 
-0.000113589 3.59626e-05 -1.23681e-05 
-0.000132005 -4.84794e-05 -6.25683e-07 
8.13011e-05 -0.000321535 0.0002581 
0.000649593 -0.00595001 9.37527e-05 
0.000258138 -0.000676222 -0.000280992 
0.000151841 -0.000182491 6.28881e-05 
9.99923e-05 -3.23414e-05 -7.31288e-05 
3.60568e-05 -6.10016e-07 -6.46787e-06 
5.38053e-06 1.67754e-05 -1.93457e-05 
-1.98868e-05 2.11829e-05 -8.80845e-06 
-3.84658e-05 2.11779e-05 -9.91246e-06 
-5.65786e-05 1.86763e-05 -8.79756e-06 
-7.3801e-05 1.55822e-05 -8.55583e-06 
-8.99584e-05 1.25998e-05 -7.68038e-06 
-0.00010416 1.01002e-05 -6.52696e-06 
-0.000115783 8.17031e-06 -5.09761e-06 
-0.000124441 6.7961e-06 -3.56585e-06 
-0.000130043 5.90486e-06 -2.05103e-06 
-0.000132719 5.39875e-06 -6.406e-07 
-0.000132716 5.16526e-06 6.37059e-07 
-0.000130278 5.08778e-06 1.80974e-06 
-0.000125549 5.05549e-06 2.94758e-06 
-0.000118509 4.97305e-06 4.1366e-06 
-0.000108977 4.76699e-06 5.44944e-06 
-9.66578e-05 4.38702e-06 6.92426e-06 
-8.12206e-05 3.80284e-06 8.55686e-06 
-6.23806e-05 2.99913e-06 1.02998e-05 
-3.99853e-05 1.97921e-06 1.20466e-05 
-1.41685e-05 7.72539e-07 1.35581e-05 
1.3162e-05 -7.51908e-07 1.24725e-05 
3.68558e-05 -1.93797e-06 1.10219e-05 
5.73943e-05 -2.99545e-06 9.47109e-06 
7.47908e-05 -3.93452e-06 7.92809e-06 
8.91324e-05 -4.77445e-06 6.43411e-06 
0.000100551 -5.53424e-06 5.0153e-06 
0.000109224 -6.21718e-06 3.69936e-06 
0.000115397 -6.80385e-06 2.52308e-06 
0.000119396 -7.25082e-06 1.52995e-06 
0.000121633 -7.49564e-06 7.56328e-07 
0.000122563 -7.46679e-06 2.07183e-07 
0.000122594 -7.09443e-06 -1.7482e-07 
0.000121928 -6.31634e-06 -5.34417e-07 
0.000120371 -5.0767e-06 -1.11645e-06 
0.00011715 -3.30983e-06 -2.23525e-06 
0.000110831 -9.33583e-07 -4.20889e-06 
9.94254e-05 2.19386e-06 -7.22504e-06 
8.09387e-05 6.14478e-06 -1.10116e-05 
5.40526e-05 1.12078e-05 -1.51702e-05 
2.12486e-05 1.66791e-05 -1.55893e-05 
-1.29043e-05 2.42008e-05 -1.63893e-05 
-1.41241e-05 2.35505e-05 2.37576e-05 
-2.16223e-06 2.95032e-05 -2.89659e-05 
0.000176797 -0.000132813 0.000260073 
0.000546145 -0.000214478 -5.98926e-05 
0.00025542 -0.00066803 -0.000103582 
5.74068e-05 -0.000104013 -8.59791e-05 
4.57227e-05 -3.78902e-05 1.72918e-05 
5.03962e-05 5.57248e-06 -1.20596e-05 
4.10385e-05 1.91363e-05 -3.56123e-06 
2.74631e-05 2.37583e-05 -1.02503e-05 
6.39013e-06 2.19962e-05 -1.14418e-05 
-1.75575e-05 1.85583e-05 -1.24604e-05 
-4.20084e-05 1.47762e-05 -1.19138e-05 
-6.46677e-05 1.1531e-05 -1.06202e-05 
-8.42082e-05 8.97445e-06 -8.81412e-06 
-9.98727e-05 7.10311e-06 -6.77615e-06 
-0.000111394 5.81722e-06 -4.70561e-06 
-0.000118858 5.00963e-06 -2.74903e-06 
-0.000122603 4.57076e-06 -1.00261e-06 
-0.000123095 4.39262e-06 4.9967e-07 
-0.000120808 4.36779e-06 1.78495e-06 
-0.000116104 4.39348e-06 2.93126e-06 
-0.000109162 4.37805e-06 4.04089e-06 
-9.99543e-05 4.24763e-06 5.20838e-06 
-8.82977e-05 3.9493e-06 6.49425e-06 
-7.39299e-05 3.45025e-06 7.91318e-06 
-5.66017e-05 2.73446e-06 9.43157e-06 
-3.61749e-05 1.80687e-06 1.09542e-05 
-1.27772e-05 7.03012e-07 1.22617e-05 
1.17513e-05 -7.21191e-07 1.11761e-05 
3.30052e-05 -1.85822e-06 9.89834e-06 
5.14283e-05 -2.87802e-06 8.47968e-06 
6.69471e-05 -3.79402e-06 7.03943e-06 
7.95929e-05 -4.62381e-06 5.62615e-06 
8.94646e-05 -5.38235e-06 4.27959e-06 
9.67448e-05 -6.06878e-06 3.04833e-06 
0.000101726 -6.66153e-06 1.99286e-06 
0.000104831 -7.11892e-06 1.17675e-06 
0.000106598 -7.3848e-06 6.47598e-07 
0.000107621 -7.397e-06 4.10989e-07 
0.000108442 -7.09333e-06 4.03947e-07 
0.000109384 -6.41112e-06 4.77758e-07 
0.00011038 -5.2759e-06 3.956e-07 
0.000110826 -3.58623e-06 -1.23374e-07 
0.000109515 -1.1942e-06 -1.39009e-06 
0.000104804 2.05221e-06 -3.46701e-06 
9.47515e-05 6.25749e-06 -6.68071e-06 
7.85012e-05 1.10695e-05 -9.15132e-06 
5.50104e-05 1.53975e-05 -1.43831e-05 
3.41829e-05 1.54444e-05 -2.76392e-06 
8.51773e-06 -1.34074e-06 -2.92861e-05 
9.24682e-05 -4.61162e-05 0.000143167 
-3.5499e-06 -0.000200123 -0.000388218 
-0.000728902 -0.832304 0.04035 
-8.12498e-05 -0.00121186 9.00871e-05 
-6.76493e-05 -0.000139753 6.52395e-05 
3.14664e-05 -1.93866e-05 2.51839e-05 
7.67203e-05 1.89827e-05 1.46753e-05 
9.23924e-05 2.90954e-05 2.25271e-07 
8.00946e-05 2.65242e-05 -1.15388e-05 
5.24205e-05 2.17025e-05 -1.56027e-05 
1.92189e-05 1.63152e-05 -1.69121e-05 
-1.37174e-05 1.20383e-05 -1.56246e-05 
-4.31496e-05 8.87049e-06 -1.34935e-05 
-6.77147e-05 6.69921e-06 -1.08746e-05 
-8.69217e-05 5.26195e-06 -8.20132e-06 
-0.000100818 4.36205e-06 -5.62441e-06 
-0.000109754 3.84909e-06 -3.28321e-06 
-0.000114287 3.61566e-06 -1.25077e-06 
-0.000115082 3.57358e-06 4.42027e-07 
-0.000112803 3.64162e-06 1.82469e-06 
-0.000107999 3.74011e-06 2.97818e-06 
-0.000101021 3.79336e-06 4.01459e-06 
-9.19909e-05 3.73538e-06 5.04439e-06 
-8.08358e-05 3.51515e-06 6.14734e-06 
-6.73661e-05 3.09887e-06 7.35653e-06 
-5.13716e-05 2.46955e-06 8.65391e-06 
-3.27248e-05 1.63333e-06 9.9598e-06 
-1.15267e-05 6.32257e-07 1.10845e-05 
1.03954e-05 -6.91818e-07 9.93381e-06 
2.93111e-05 -1.78027e-06 8.82089e-06 
4.56987e-05 -2.7596e-06 7.52151e-06 
5.93947e-05 -3.64506e-06 6.17243e-06 
7.03803e-05 -4.45155e-06 4.83233e-06 
7.87311e-05 -5.18964e-06 3.55479e-06 
8.46397e-05 -5.85552e-06 2.40691e-06 
8.84479e-05 -6.42915e-06 1.46795e-06 
9.06593e-05 -6.87731e-06 8.15071e-07 
9.19131e-05 -7.16008e-06 5.01257e-07 
9.29094e-05 -7.23715e-06 5.30763e-07 
9.429e-05 -7.06877e-06 8.40339e-07 
9.64892e-05 -6.60683e-06 1.28948e-06 
9.95932e-05 -5.77561e-06 1.67956e-06 
0.000103233 -4.44489e-06 1.76076e-06 
0.000106589 -2.41643e-06 1.35701e-06 
0.000108371 5.5016e-07 1.31136e-07 
0.000107141 4.60008e-06 -1.56332e-06 
0.000100584 9.40342e-06 -5.45839e-06 
8.80432e-05 1.38509e-05 -6.3755e-06 
6.27242e-05 1.28158e-05 -2.08474e-05 
3.73637e-05 3.06813e-06 6.58175e-06 
-5.02473e-05 -0.000124824 -0.000106206 
-1.31327e-05 -0.000457167 0.0003083 
0.000326476 -0.00612932 -0.000178528 
-0.000231891 -0.000885566 -0.000108625 
-8.47668e-05 -0.000134016 0.000177823 
9.08565e-05 1.22977e-05 2.31142e-05 
0.000154999 4.25416e-05 3.13143e-05 
0.00016739 3.65722e-05 -1.19057e-05 
0.000138448 2.73532e-05 -1.70855e-05 
9.5276e-05 1.77999e-05 -2.37963e-05 
4.87637e-05 1.12576e-05 -2.19261e-05 
6.73083e-06 7.04234e-06 -1.93764e-05 
-2.87351e-05 4.65355e-06 -1.5741e-05 
-5.7012e-05 3.3804e-06 -1.22921e-05 
-7.84602e-05 2.7718e-06 -9.01755e-06 
-9.3636e-05 2.53079e-06 -6.07604e-06 
-0.000103228 2.49792e-06 -3.48206e-06 
-0.000107993 2.58746e-06 -1.27989e-06 
-0.000108734 2.74994e-06 5.22667e-07 
-0.000106238 2.9447e-06 1.95464e-06 
-0.000101176 3.12747e-06 3.09458e-06 
-9.40299e-05 3.24811e-06 4.05427e-06 
-8.50418e-05 3.25565e-06 4.95105e-06 
-7.42403e-05 3.10538e-06 5.87745e-06 
-6.15088e-05 2.7646e-06 6.88216e-06 
-4.66784e-05 2.21583e-06 7.96316e-06 
-2.96298e-05 1.46611e-06 9.06037e-06 
-1.04165e-05 5.63657e-07 1.00249e-05 
9.093e-06 -6.62608e-07 8.74499e-06 
2.57726e-05 -1.70193e-06 7.79087e-06 
4.02108e-05 -2.63797e-06 6.60167e-06 
5.21536e-05 -3.48681e-06 5.33672e-06 
6.15389e-05 -4.26044e-06 4.06707e-06 
6.84277e-05 -4.96564e-06 2.85927e-06 
7.30259e-05 -5.59742e-06 1.79481e-06 
7.57156e-05 -6.14048e-06 9.64505e-07 
7.7057e-05 -6.57479e-06 4.50292e-07 
7.77475e-05 -6.88275e-06 3.02444e-07 
7.85368e-05 -7.05363e-06 5.20447e-07 
8.01114e-05 -7.0797e-06 1.0423e-06 
8.29752e-05 -6.94075e-06 1.75254e-06 
8.73555e-05 -6.57656e-06 2.4947e-06 
9.31761e-05 -5.85243e-06 3.13261e-06 
0.000100063 -4.5349e-06 3.4853e-06 
0.000107426 -2.29613e-06 3.55021e-06 
0.000114101 1.14482e-06 2.5826e-06 
0.000118329 5.88268e-06 1.19294e-06 
0.000115059 1.06018e-05 -5.72693e-06 
9.92042e-05 1.38e-05 -8.73185e-06 
5.49763e-05 1.37692e-06 -3.8805e-05 
-4.7581e-05 -1.43126e-05 -4.30823e-05 
-0.000246423 -0.000206406 -0.000117894 
-0.000623859 -0.533025 -0.0364974 
-0.000434985 -0.00164958 0.000344547 
5.02922e-05 -0.000185443 -5.79831e-05 
0.000194795 1.12167e-05 0.000130394 
0.000273436 3.73649e-05 -2.3106e-05 
0.00024588 3.21731e-05 -1.23474e-05 
0.000191104 1.75883e-05 -3.57241e-05 
0.00012381 7.85162e-06 -3.05052e-05 
6.40462e-05 2.19448e-06 -2.75463e-05 
1.43414e-05 -2.45939e-07 -2.16202e-05 
-2.4518e-05 -9.1969e-07 -1.68451e-05 
-5.40629e-05 -6.99324e-07 -1.25267e-05 
-7.56472e-05 -1.39398e-07 -8.93978e-06 
-9.04994e-05 4.85476e-07 -5.84896e-06 
-9.95976e-05 1.05709e-06 -3.21868e-06 
-0.000103827 1.54581e-06 -1.00867e-06 
-0.000104034 1.95734e-06 7.86032e-07 
-0.00010103 2.30177e-06 2.19533e-06 
-9.55314e-05 2.57658e-06 3.28473e-06 
-8.80848e-05 2.76239e-06 4.15511e-06 
-7.90173e-05 2.82752e-06 4.91949e-06 
-6.84409e-05 2.73697e-06 5.67499e-06 
-5.63064e-05 2.4614e-06 6.4814e-06 
-4.2487e-05 1.98392e-06 7.35193e-06 
-2.68687e-05 1.31256e-06 8.24953e-06 
-9.43862e-06 5.00622e-07 9.07604e-06 
7.84591e-06 -6.32088e-07 7.61064e-06 
2.2394e-05 -1.62047e-06 6.81017e-06 
3.4975e-05 -2.51036e-06 5.72444e-06 
4.52451e-05 -3.31795e-06 4.53919e-06 
5.31061e-05 -4.05282e-06 3.33917e-06 
5.86099e-05 -4.71938e-06 2.20219e-06 
6.19754e-05 -5.31351e-06 1.21904e-06 
6.36103e-05 -5.82699e-06 4.84209e-07 
6.40995e-05 -6.25516e-06 7.49141e-08 
6.41478e-05 -6.60474e-06 3.03991e-08 
6.44891e-05 -6.89682e-06 3.3942e-07 
6.57845e-05 -7.16018e-06 9.43188e-07 
6.85408e-05 -7.41224e-06 1.75021e-06 
7.30834e-05 -7.62796e-06 2.67685e-06 
7.95943e-05 -7.70313e-06 3.65668e-06 
8.82204e-05 -7.41587e-06 4.7155e-06 
9.90565e-05 -6.42374e-06 5.6898e-06 
0.00011196 -4.24516e-06 6.53198e-06 
0.000125282 -5.38592e-07 5.42325e-06 
0.000134376 5.03281e-06 1.98604e-06 
0.000127931 1.00303e-05 -1.13152e-05 
8.64564e-05 1.0902e-05 -2.92645e-05 
3.53787e-05 -2.98192e-05 -1.92248e-05 
-0.000143374 -0.000270801 -0.00018374 
-0.000330719 -0.00341745 -4.05192e-06 
-0.000632342 -0.00271992 -0.000167676 
-4.10361e-05 -0.000280443 0.000514702 
0.000316272 -3.18719e-05 -4.52055e-05 
0.000343358 2.1408e-05 3.71896e-05 
0.000303165 9.12725e-06 -5.28707e-05 
0.000208275 -2.89776e-06 -3.92952e-05 
0.000125028 -8.79333e-06 -3.89198e-05 
5.63487e-05 -1.00887e-05 -2.86563e-05 
5.03582e-06 -9.06508e-06 -2.1857e-05 
-3.2761e-05 -7.10747e-06 -1.57526e-05 
-5.99337e-05 -4.99278e-06 -1.1303e-05 
-7.9014e-05 -3.08866e-06 -7.73143e-06 
-9.16306e-05 -1.53192e-06 -4.85024e-06 
-9.89243e-05 -3.30407e-07 -2.42787e-06 
-0.000101754 5.68796e-07 -4.02112e-07 
-0.000100887 1.23675e-06 1.25459e-06 
-9.70533e-05 1.73544e-06 2.55733e-06 
-9.09249e-05 2.10302e-06 3.55051e-06 
-8.305e-05 2.34996e-06 4.31204e-06 
-7.37969e-05 2.46434e-06 4.94035e-06 
-6.33379e-05 2.4224e-06 5.52877e-06 
-5.16821e-05 2.20002e-06 6.14315e-06 
-3.87417e-05 1.78237e-06 6.81016e-06 
-2.44052e-05 1.17878e-06 7.51788e-06 
-8.57799e-06 4.46065e-07 8.22638e-06 
6.6588e-06 -5.98891e-07 6.53375e-06 
1.91852e-05 -1.53336e-06 5.88115e-06 
3.0007e-05 -2.3742e-06 4.89332e-06 
3.86932e-05 -3.13707e-06 3.78422e-06 
4.5114e-05 -3.83014e-06 2.65257e-06 
4.93153e-05 -4.45711e-06 1.58507e-06 
5.15238e-05 -5.01657e-06 6.7685e-07 
5.21557e-05 -5.50835e-06 1.87746e-08 
5.17871e-05 -5.94267e-06 -3.24771e-07 
5.10804e-05 -6.3483e-06 -3.33537e-07 
5.06901e-05 -6.7752e-06 -3.46629e-08 
5.11779e-05 -7.28745e-06 5.10094e-07 
5.29735e-05 -7.94506e-06 1.23671e-06 
5.64071e-05 -8.77712e-06 2.11209e-06 
6.18302e-05 -9.74972e-06 3.18937e-06 
6.97691e-05 -1.07411e-05 4.55824e-06 
8.1027e-05 -1.15078e-05 6.37677e-06 
9.63875e-05 -1.16985e-05 8.32939e-06 
0.000115705 -1.07346e-05 9.83179e-06 
0.000135766 -8.21308e-06 8.16157e-06 
0.000145852 -4.99666e-06 -1.00869e-06 
0.000127599 -1.06412e-05 -1.92898e-05 
5.98669e-05 -0.000133081 -5.69388e-05 
-9.86037e-05 -0.000504052 -0.000126678 
-0.000466923 -0.007428 -0.000408424 
-0.000605346 -0.00524988 0.000213777 
-2.26648e-05 -0.000411227 -8.5217e-05 
0.000314567 -5.8957e-05 0.000243028 
0.000407503 -1.28583e-05 -7.67334e-05 
0.000283212 -3.0043e-05 -4.20507e-05 
0.00017593 -3.17918e-05 -5.28504e-05 
8.58079e-05 -2.85509e-05 -3.5488e-05 
2.20386e-05 -2.30274e-05 -2.67171e-05 
-2.28484e-05 -1.75353e-05 -1.80333e-05 
-5.34577e-05 -1.2681e-05 -1.25066e-05 
-7.43035e-05 -8.69975e-06 -8.39752e-06 
-8.81308e-05 -5.57687e-06 -5.45305e-06 
-9.66759e-05 -3.21863e-06 -3.10467e-06 
-0.00010093 -1.48962e-06 -1.15103e-06 
-0.000101556 -2.47578e-07 5.19648e-07 
-9.91072e-05 6.38066e-07 1.9173e-06 
-9.41348e-05 1.27126e-06 3.03655e-06 
-8.71904e-05 1.72107e-06 3.88806e-06 
-7.87683e-05 2.02077e-06 4.51867e-06 
-6.92392e-05 2.17456e-06 5.00388e-06 
-5.88118e-05 2.16929e-06 5.42683e-06 
-4.7541e-05 1.9871e-06 5.85489e-06 
-3.53725e-05 1.61655e-06 6.32607e-06 
-2.21924e-05 1.06873e-06 6.85398e-06 
-7.8144e-06 4.01909e-07 7.46081e-06 
5.5388e-06 -5.62094e-07 5.5189e-06 
1.61609e-05 -1.43889e-06 5.00661e-06 
2.53269e-05 -2.22776e-06 4.11123e-06 
3.25234e-05 -2.94325e-06 3.07444e-06 
3.75916e-05 -3.59296e-06 2.00805e-06 
4.05706e-05 -4.18145e-06 1.00521e-06 
4.16873e-05 -4.71097e-06 1.61171e-07 
4.13492e-05 -5.18877e-06 -4.42105e-07 
4.00946e-05 -5.63673e-06 -7.58964e-07 
3.85036e-05 -6.0996e-06 -7.93563e-07 
3.70995e-05 -6.64817e-06 -5.95479e-07 
3.62797e-05 -7.37398e-06 -2.34956e-07 
3.63111e-05 -8.37605e-06 2.3332e-07 
3.74116e-05 -9.74285e-06 8.1911e-07 
3.99112e-05 -1.15377e-05 1.6158e-06 
4.44518e-05 -1.37909e-05 2.82181e-06 
5.20811e-05 -1.651e-05 4.57749e-06 
6.4036e-05 -1.96569e-05 6.85729e-06 
8.0955e-05 -2.31452e-05 8.91431e-06 
0.000100565 -2.66572e-05 8.22749e-06 
0.000113709 -3.06801e-05 7.08863e-07 
8.60422e-05 -4.06124e-05 -3.67899e-05 
-9.41837e-05 -8.99886e-05 -0.000133788 
-0.000294622 -0.000143466 1.33538e-05 
-0.000660057 -0.000535282 -0.000541893 
-0.00214113 -0.850086 -0.0202319 
-0.000269929 -0.000224728 0.000964393 
0.000460708 -3.35291e-05 -0.000124446 
0.000299524 -9.49562e-05 -3.72128e-05 
0.000178442 -7.46384e-05 -6.50143e-05 
7.59296e-05 -6.00319e-05 -3.71263e-05 
8.52394e-06 -4.44053e-05 -2.82905e-05 
-3.69968e-05 -3.24448e-05 -1.74424e-05 
-6.57873e-05 -2.31553e-05 -1.14028e-05 
-8.39169e-05 -1.61893e-05 -6.99014e-06 
-9.50204e-05 -1.09663e-05 -4.27471e-06 
-0.000101516 -7.10205e-06 -2.33193e-06 
-0.000104632 -4.27902e-06 -8.34431e-07 
-0.000104966 -2.24893e-06 4.79219e-07 
-0.000102808 -8.06163e-07 1.6704e-06 
-9.83989e-05 2.14253e-07 2.7289e-06 
-9.20458e-05 9.36957e-07 3.60962e-06 
-8.41331e-05 1.44488e-06 4.2849e-06 
-7.50661e-05 1.78219e-06 4.76495e-06 
-6.5191e-05 1.96243e-06 5.09893e-06 
-5.47333e-05 1.98044e-06 5.35637e-06 
-4.37799e-05 1.82467e-06 5.60337e-06 
-3.23017e-05 1.488e-06 5.8871e-06 
-2.01776e-05 9.83525e-07 6.24547e-06 
-7.12485e-06 3.68743e-07 6.76242e-06 
4.49418e-06 -5.21441e-07 4.57147e-06 
1.33377e-05 -1.3366e-06 4.18952e-06 
2.09569e-05 -2.0707e-06 3.3807e-06 
2.67623e-05 -2.73642e-06 2.41168e-06 
3.05672e-05 -3.34139e-06 1.40553e-06 
3.24005e-05 -3.89185e-06 4.5963e-07 
3.24812e-05 -4.39356e-06 -3.33306e-07 
3.11943e-05 -4.85902e-06 -9.02976e-07 
2.90219e-05 -5.31638e-06 -1.22486e-06 
2.64376e-05 -5.81752e-06 -1.33035e-06 
2.38034e-05 -6.44185e-06 -1.29488e-06 
2.13102e-05 -7.2939e-06 -1.20687e-06 
1.89972e-05 -8.49565e-06 -1.1231e-06 
1.68565e-05 -1.01788e-05 -1.03168e-06 
1.50091e-05 -1.24846e-05 -8.2113e-07 
1.38764e-05 -1.5582e-05 -3.29015e-07 
1.42299e-05 -1.97052e-05 5.9699e-07 
1.69502e-05 -2.51931e-05 1.84066e-06 
2.2234e-05 -3.24778e-05 2.74542e-06 
2.86092e-05 -4.16957e-05 2.25801e-06 
2.88522e-05 -5.148e-05 -5.18292e-06 
4.77177e-06 -5.49755e-05 -2.30238e-05 
-0.00013405 -4.21094e-05 -0.000117548 
-0.00045555 -0.000212493 -0.000138973 
-0.000745738 -0.536476 -0.0312964 
-0.000322784 -0.0103295 -0.000214464 
0.000347559 -0.00042505 2.6379e-05 
0.000253379 -0.000275494 -0.000129152 
6.09842e-05 -0.000133438 -6.06888e-05 
-1.85848e-05 -9.98404e-05 -2.68404e-05 
-6.40969e-05 -6.84618e-05 -1.9121e-05 
-9.21319e-05 -4.84844e-05 -1.01936e-05 
-0.000107832 -3.39708e-05 -5.91554e-06 
-0.000115669 -2.38357e-05 -2.47738e-06 
-0.00011845 -1.65102e-05 -6.72189e-07 
-0.000118415 -1.12024e-05 4.23957e-07 
-0.000116759 -7.33008e-06 1.06958e-06 
-0.000113972 -4.5189e-06 1.63151e-06 
-0.000110068 -2.49024e-06 2.23766e-06 
-0.0001049 -1.03452e-06 2.91854e-06 
-9.83604e-05 9.10375e-09 3.61275e-06 
-9.05001e-05 7.57449e-07 4.23561e-06 
-8.15291e-05 1.28698e-06 4.71792e-06 
-7.17566e-05 1.63895e-06 5.03522e-06 
-6.14942e-05 1.82821e-06 5.21151e-06 
-5.09718e-05 1.85395e-06 5.30338e-06 
-4.0296e-05 1.71012e-06 5.37491e-06 
-2.9453e-05 1.39427e-06 5.48067e-06 
-1.83089e-05 9.21333e-07 5.68015e-06 
-6.48659e-06 3.45718e-07 6.11455e-06 
3.53291e-06 -4.774e-07 3.69671e-06 
1.07321e-05 -1.22735e-06 3.43274e-06 
1.69185e-05 -1.90411e-06 2.70406e-06 
2.14355e-05 -2.51767e-06 1.79785e-06 
2.40688e-05 -3.07567e-06 8.45935e-07 
2.48335e-05 -3.58594e-06 -5.1715e-08 
2.39338e-05 -4.0567e-06 -8.05839e-07 
2.1725e-05 -4.50238e-06 -1.35769e-06 
1.86268e-05 -4.95122e-06 -1.70292e-06 
1.50032e-05 -5.45238e-06 -1.89888e-06 
1.10519e-05 -6.08005e-06 -2.04797e-06 
6.75027e-06 -6.93317e-06 -2.26001e-06 
1.88536e-06 -8.13149e-06 -2.60882e-06 
-3.83071e-06 -9.81264e-06 -3.09289e-06 
-1.06023e-05 -1.21374e-05 -3.63962e-06 
-1.84302e-05 -1.53147e-05 -4.13558e-06 
-2.71847e-05 -1.96468e-05 -4.60669e-06 
-3.70048e-05 -2.56243e-05 -5.30791e-06 
-4.9088e-05 -3.39214e-05 -7.06555e-06 
-6.66868e-05 -4.56963e-05 -1.09775e-05 
-9.35657e-05 -6.06683e-05 -1.62911e-05 
-0.000132174 -8.20245e-05 -2.48484e-05 
-0.00014577 -8.24652e-05 -2.89905e-06 
-0.00069209 -0.000216775 -0.00062581 
-0.00187437 -0.773514 -0.00326645 
0.000664197 -0.00730185 0.000952034 
0.000825488 -0.000538104 -0.00113021 
-0.000134863 -0.0001884 -7.75959e-05 
-0.000192706 -9.63027e-05 -4.02641e-05 
-0.000205508 -6.78258e-05 9.57468e-07 
-0.000194244 -5.01591e-05 2.8473e-06 
-0.000183583 -3.64967e-05 4.67406e-06 
-0.000172324 -2.65821e-05 5.15177e-06 
-0.000161046 -1.91043e-05 5.27786e-06 
-0.000150121 -1.3549e-05 5.07415e-06 
-0.000140074 -9.3744e-06 4.60974e-06 
-0.000131088 -6.25131e-06 4.15958e-06 
-0.000122933 -3.92043e-06 3.88635e-06 
-0.000115119 -2.18965e-06 3.88023e-06 
-0.000107113 -9.06354e-07 4.11008e-06 
-9.85166e-05 4.54787e-08 4.47843e-06 
-8.91649e-05 7.48705e-07 4.86093e-06 
-7.91298e-05 1.25531e-06 5.1547e-06 
-6.86447e-05 1.592e-06 5.3072e-06 
-5.79929e-05 1.76805e-06 5.32382e-06 
-4.74045e-05 1.78356e-06 5.2522e-06 
-3.6996e-05 1.63671e-06 5.15567e-06 
-2.67586e-05 1.32935e-06 5.09492e-06 
-1.65412e-05 8.77662e-07 5.14714e-06 
-5.87999e-06 3.30713e-07 5.50281e-06 
2.66118e-06 -4.31051e-07 2.89885e-06 
8.35692e-06 -1.11318e-06 2.73872e-06 
1.32292e-05 -1.73043e-06 2.08359e-06 
1.65652e-05 -2.28923e-06 1.2355e-06 
1.81243e-05 -2.79668e-06 3.32363e-07 
1.79046e-05 -3.26133e-06 -5.24231e-07 
1.60925e-05 -3.69202e-06 -1.24785e-06 
1.30138e-05 -4.10179e-06 -1.78889e-06 
9.03243e-06 -4.51347e-06 -2.15906e-06 
4.41859e-06 -4.96523e-06 -2.43719e-06 
-7.69226e-07 -5.51426e-06 -2.74849e-06 
-6.73751e-06 -6.23687e-06 -3.22359e-06 
-1.39193e-05 -7.22466e-06 -3.95042e-06 
-2.28535e-05 -8.57883e-06 -4.94526e-06 
-3.40317e-05 -1.0406e-05 -6.14957e-06 
-4.78276e-05 -1.2819e-05 -7.528e-06 
-6.46343e-05 -1.59517e-05 -9.149e-06 
-8.54593e-05 -1.99581e-05 -1.16092e-05 
-0.000112798 -2.51457e-05 -1.56396e-05 
-0.000152041 -3.18853e-05 -2.33899e-05 
-0.000209834 -4.32136e-05 -3.27355e-05 
-0.000285844 -6.51872e-05 -3.86119e-05 
-0.000326801 -0.000198825 -3.94438e-06 
-0.00048682 -0.000606185 -0.000154009 
5.0345e-05 -0.00995408 0.000575286 
0.00128784 -0.00189511 0.000423502 
0.000747082 -0.000482549 -0.000617728 
-0.000134347 -3.18334e-05 -0.000215811 
-0.000286528 -1.14367e-05 -1.19377e-05 
-0.000284291 -1.4821e-05 -2.4379e-06 
-0.000264028 -1.68875e-05 1.13883e-05 
-0.000238201 -1.61867e-05 1.07877e-05 
-0.000214362 -1.37821e-05 1.09288e-05 
-0.000192413 -1.10368e-05 9.92447e-06 
-0.000172999 -8.39965e-06 8.78746e-06 
-0.000156259 -6.10786e-06 7.52611e-06 
-0.000142074 -4.19857e-06 6.41357e-06 
-0.000129921 -2.65399e-06 5.61527e-06 
-0.000119057 -1.42208e-06 5.19673e-06 
-0.000108729 -4.46779e-07 5.11227e-06 
-9.83675e-05 3.20621e-07 5.23899e-06 
-8.76834e-05 9.13688e-07 5.42877e-06 
-7.66734e-05 1.35045e-06 5.55622e-06 
-6.5535e-05 1.63709e-06 5.55262e-06 
-5.45415e-05 1.77366e-06 5.41416e-06 
-4.39246e-05 1.75908e-06 5.18567e-06 
-3.38037e-05 1.59434e-06 4.93211e-06 
-2.41664e-05 1.28458e-06 4.71936e-06 
-1.48411e-05 8.46138e-07 4.63778e-06 
-5.29091e-06 3.20726e-07 4.91665e-06 
1.88238e-06 -3.83847e-07 2.18036e-06 
6.21996e-06 -9.9683e-07 2.1093e-06 
9.9006e-06 -1.55295e-06 1.52148e-06 
1.21685e-05 -2.05433e-06 7.28008e-07 
1.27594e-05 -2.50648e-06 -1.29654e-07 
1.16541e-05 -2.91722e-06 -9.48665e-07 
9.02235e-06 -3.294e-06 -1.64385e-06 
5.16633e-06 -3.64588e-06 -2.17096e-06 
4.11028e-07 -3.98689e-06 -2.55209e-06 
-5.03797e-06 -4.33987e-06 -2.88061e-06 
-1.1218e-05 -4.73898e-06 -3.29772e-06 
-1.84609e-05 -5.22879e-06 -3.94649e-06 
-2.73452e-05 -5.8581e-06 -4.92116e-06 
-3.85546e-05 -6.66663e-06 -6.22799e-06 
-5.2705e-05 -7.6624e-06 -7.79819e-06 
-7.02293e-05 -8.78435e-06 -9.52467e-06 
-9.15086e-05 -9.83554e-06 -1.14958e-05 
-0.000117257 -1.03748e-05 -1.38966e-05 
-0.000149653 -9.5212e-06 -1.81029e-05 
-0.000192623 -5.92683e-06 -2.36011e-05 
-0.000255427 1.02258e-06 -3.68655e-05 
-0.000341575 6.07981e-06 -3.5991e-05 
-0.000475624 -6.58316e-05 -6.54713e-05 
-0.000119151 -0.000286642 0.000579638 
0.00114301 -0.00657029 0.000261552 
0.000708896 -0.00272545 -0.000188041 
0.000264542 -0.000529185 -0.000234859 
-5.10105e-05 -3.3418e-05 -0.000101495 
-0.000218053 2.89889e-05 -6.14114e-05 
-0.000267366 2.18812e-05 -4.5993e-06 
-0.000265844 9.64457e-06 1.989e-06 
-0.000250689 2.16807e-06 9.50959e-06 
-0.00022889 -1.41066e-06 1.06938e-05 
-0.000206086 -2.69507e-06 1.09829e-05 
-0.000184345 -2.80286e-06 1.00863e-05 
-0.000164966 -2.35909e-06 8.86295e-06 
-0.000148239 -1.7023e-06 7.62281e-06 
-0.000133836 -9.9849e-07 6.65908e-06 
-0.000121052 -3.25622e-07 6.07372e-06 
-0.000109121 2.82899e-07 5.83797e-06 
-9.74396e-05 8.09886e-07 5.82753e-06 
-8.5702e-05 1.24156e-06 5.88606e-06 
-7.39014e-05 1.56369e-06 5.88062e-06 
-6.22438e-05 1.76342e-06 5.73891e-06 
-5.10135e-05 1.83213e-06 5.45793e-06 
-4.04482e-05 1.76703e-06 5.0859e-06 
-3.06655e-05 1.57068e-06 4.69174e-06 
-2.16437e-05 1.24988e-06 4.34559e-06 
-1.319e-05 8.19536e-07 4.1463e-06 
-4.71197e-06 3.12408e-07 4.35031e-06 
1.19663e-06 -3.37301e-07 1.54169e-06 
4.32264e-06 -8.81212e-07 1.54545e-06 
6.93698e-06 -1.37531e-06 1.01967e-06 
8.2552e-06 -1.8169e-06 2.79214e-07 
7.99495e-06 -2.20861e-06 -5.32882e-07 
6.1227e-06 -2.55574e-06 -1.31253e-06 
2.79623e-06 -2.86254e-06 -1.97406e-06 
-1.69511e-06 -3.1326e-06 -2.47488e-06 
-7.04535e-06 -3.37062e-06 -2.84188e-06 
-1.30804e-05 -3.58462e-06 -3.17608e-06 
-1.98853e-05 -3.78732e-06 -3.62671e-06 
-2.78523e-05 -3.99413e-06 -4.34076e-06 
-3.76172e-05 -4.21475e-06 -5.40322e-06 
-4.98848e-05 -4.43474e-06 -6.79186e-06 
-6.51897e-05 -4.57958e-06 -8.35612e-06 
-8.3687e-05 -4.45332e-06 -9.87553e-06 
-0.000105036 -3.62283e-06 -1.10569e-05 
-0.000128594 -1.24185e-06 -1.19117e-05 
-0.000153381 4.27059e-06 -1.17565e-05 
-0.000179251 1.54871e-05 -1.23328e-05 
-0.000203618 3.62717e-05 -5.71706e-06 
-0.000232013 6.72411e-05 -1.07895e-05 
-0.000244217 9.08126e-05 6.74257e-05 
0.000306263 -0.000184627 0.000586781 
0.00121691 -0.000995215 0.000107131 
0.000193678 -0.00673163 -0.000612324 
-0.000184999 -0.00037599 0.000244868 
5.75111e-06 -8.20559e-05 -0.000119537 
-0.000125688 1.84834e-05 -4.3135e-05 
-0.000196601 2.6509e-05 -3.06525e-05 
-0.000229018 1.88241e-05 -6.91673e-06 
-0.000232401 1.14768e-05 1.64305e-06 
-0.000221793 6.36412e-06 7.34558e-06 
-0.00020431 3.36523e-06 9.22196e-06 
-0.000184923 1.74857e-06 9.5267e-06 
-0.000166174 9.92032e-07 8.8403e-06 
-0.000149224 7.3862e-07 7.89161e-06 
-0.000134178 7.7039e-07 7.04803e-06 
-0.000120583 9.54943e-07 6.50222e-06 
-0.000107803 1.20898e-06 6.25616e-06 
-9.53227e-05 1.47491e-06 6.20168e-06 
-8.28988e-05 1.70863e-06 6.18776e-06 
-7.05797e-05 1.87594e-06 6.08632e-06 
-5.86138e-05 1.95279e-06 5.83192e-06 
-4.73119e-05 1.92592e-06 5.42985e-06 
-3.69208e-05 1.79155e-06 4.93589e-06 
-2.75546e-05 1.55247e-06 4.42419e-06 
-1.91793e-05 1.21503e-06 3.96794e-06 
-1.15845e-05 7.90879e-07 3.6702e-06 
-4.14281e-06 3.02616e-07 3.80302e-06 
6.00994e-07 -2.9267e-07 9.8131e-07 
2.66041e-06 -7.68861e-07 1.04727e-06 
4.33512e-06 -1.20095e-06 5.79481e-07 
4.82692e-06 -1.58125e-06 -1.07357e-07 
3.84343e-06 -1.90818e-06 -8.69845e-07 
1.34374e-06 -2.18269e-06 -1.60251e-06 
-2.51817e-06 -2.40424e-06 -2.218e-06 
-7.45385e-06 -2.57061e-06 -2.67295e-06 
-1.31582e-05 -2.67885e-06 -2.99537e-06 
-1.94616e-05 -2.72677e-06 -3.28926e-06 
-2.64595e-05 -2.71372e-06 -3.7066e-06 
-3.45559e-05 -2.63844e-06 -4.39215e-06 
-4.43816e-05 -2.49126e-06 -5.41581e-06 
-5.65806e-05 -2.23616e-06 -6.71237e-06 
-7.14994e-05 -1.77854e-06 -8.04687e-06 
-8.88335e-05 -9.02312e-07 -9.00531e-06 
-0.00010732 8.17665e-07 -9.05666e-06 
-0.000124404 4.20118e-06 -7.40792e-06 
-0.00013616 1.05202e-05 -3.58029e-06 
-0.000135812 2.19746e-05 5.28356e-06 
-0.000115623 3.99763e-05 1.55811e-05 
-5.14039e-05 6.60727e-05 5.23255e-05 
6.01703e-05 6.58771e-05 4.29751e-05 
0.000148286 -0.000234893 4.73383e-05 
0.000395128 -0.000529368 0.000308301 
0.00061346 -0.00116475 -0.000229773 
-5.81074e-05 -8.84099e-05 -0.000199231 
-9.47776e-05 -6.94454e-05 4.63415e-05 
-8.67388e-05 -1.70658e-06 -3.73864e-05 
-0.00014966 1.22267e-05 -2.41808e-05 
-0.000189472 1.45123e-05 -1.39114e-05 
-0.000205712 1.17139e-05 -2.67146e-06 
-0.000204431 8.71054e-06 3.51764e-06 
-0.000193376 6.27117e-06 6.97838e-06 
-0.000177861 4.58402e-06 8.13095e-06 
-0.000161339 3.49162e-06 8.10827e-06 
-0.000145522 2.83545e-06 7.55004e-06 
-0.000130937 2.47752e-06 6.95706e-06 
-0.000117393 2.3139e-06 6.55357e-06 
-0.000104439 2.2653e-06 6.37851e-06 
-9.16912e-05 2.26996e-06 6.33911e-06 
-7.90097e-05 2.27939e-06 6.2969e-06 
-6.65217e-05 2.25726e-06 6.13483e-06 
-5.45311e-05 2.17954e-06 5.79938e-06 
-4.33788e-05 2.03357e-06 5.30698e-06 
-3.3322e-05 1.81555e-06 4.72177e-06 
-2.4471e-05 1.52688e-06 4.12255e-06 
-1.67824e-05 1.17103e-06 3.58411e-06 
-1.00353e-05 7.54396e-07 3.21023e-06 
-3.58912e-06 2.88877e-07 3.27846e-06 
9.03204e-08 -2.50705e-07 4.96197e-07 
1.22401e-06 -6.61481e-07 6.13862e-07 
2.08517e-06 -1.03261e-06 2.01192e-07 
1.87616e-06 -1.35159e-06 -4.29505e-07 
3.0534e-07 -1.61155e-06 -1.13469e-06 
-2.665e-06 -1.80734e-06 -1.80734e-06 
-6.87375e-06 -1.93235e-06 -2.35817e-06 
-1.20218e-05 -1.97864e-06 -2.74264e-06 
-1.7792e-05 -1.93833e-06 -2.98924e-06 
-2.40051e-05 -1.80532e-06 -3.20393e-06 
-3.07505e-05 -1.57652e-06 -3.54083e-06 
-3.84264e-05 -1.25095e-06 -4.14256e-06 
-4.76446e-05 -8.24847e-07 -5.06756e-06 
-5.89862e-05 -2.81654e-07 -6.2168e-06 
-7.26347e-05 4.28821e-07 -7.28928e-06 
-8.79216e-05 1.41872e-06 -7.73549e-06 
-0.000102842 2.93039e-06 -6.79127e-06 
-0.00011353 5.33873e-06 -3.36882e-06 
-0.00011366 9.36026e-06 3.81489e-06 
-9.39727e-05 1.49335e-05 1.63199e-05 
-4.02222e-05 2.25146e-05 3.73462e-05 
5.94804e-05 1.22789e-05 5.91222e-05 
0.00025654 -1.34606e-05 0.000129226 
-5.25671e-05 -0.000228014 -0.000500719 
-0.00118287 -0.780801 0.00028303 
-0.000208116 -0.00230713 0.000476861 
-9.10481e-05 -0.000330125 -7.40585e-05 
-7.91002e-05 -4.91572e-05 1.46924e-05 
-8.44318e-05 -1.43842e-05 -2.67895e-05 
-0.00013116 1.35904e-07 -2.05665e-05 
-0.000166277 5.30259e-06 -1.30795e-05 
-0.000184301 7.24195e-06 -4.38431e-06 
-0.000186808 7.27786e-06 1.87766e-06 
-0.000179338 6.68482e-06 5.41205e-06 
-0.000166719 5.90856e-06 6.98452e-06 
-0.000152305 5.17769e-06 7.27035e-06 
-0.00013795 4.56315e-06 6.98994e-06 
-0.000124326 4.07658e-06 6.59254e-06 
-0.000111388 3.69815e-06 6.32558e-06 
-9.8811e-05 3.39741e-06 6.23066e-06 
-8.63174e-05 3.1427e-06 6.22634e-06 
-7.38538e-05 2.90642e-06 6.18284e-06 
-6.16126e-05 2.66741e-06 5.9936e-06 
-4.99411e-05 2.41164e-06 5.61515e-06 
-3.92039e-05 2.13123e-06 5.07245e-06 
-2.96668e-05 1.82235e-06 4.43518e-06 
-2.14404e-05 1.48291e-06 3.78453e-06 
-1.44795e-05 1.11101e-06 3.1954e-06 
-8.56369e-06 7.06187e-07 2.77004e-06 
-3.06099e-06 2.69664e-07 2.78359e-06 
-3.41546e-07 -2.11536e-07 8.25294e-08 
1.54579e-09 -5.59717e-07 2.43483e-07 
1.72323e-07 -8.71993e-07 -1.16368e-07 
-6.13304e-07 -1.13162e-06 -6.87355e-07 
-2.63342e-06 -1.32558e-06 -1.32503e-06 
-5.90872e-06 -1.44136e-06 -1.92054e-06 
-1.02576e-05 -1.46507e-06 -2.38336e-06 
-1.53594e-05 -1.38308e-06 -2.6694e-06 
-2.08782e-05 -1.18469e-06 -2.80997e-06 
-2.66236e-05 -8.65297e-07 -2.91632e-06 
-3.2685e-05 -4.28859e-07 -3.14854e-06 
-3.94716e-05 1.10986e-07 -3.65471e-06 
-4.76112e-05 7.31181e-07 -4.492e-06 
-5.76957e-05 1.40091e-06 -5.55896e-06 
-6.9888e-05 2.08166e-06 -6.52101e-06 
-8.34457e-05 2.7349e-06 -6.82249e-06 
-9.61417e-05 3.31093e-06 -5.53301e-06 
-0.00010379 3.80018e-06 -1.75506e-06 
-9.94412e-05 3.96517e-06 6.45118e-06 
-7.40142e-05 3.88467e-06 1.83339e-05 
-1.49073e-05 -8.65598e-07 3.92607e-05 
7.85237e-05 -9.81388e-06 4.5936e-05 
0.000170831 -0.000171901 4.54955e-05 
0.000128109 -0.00049279 -3.80718e-05 
0.000405811 -0.00911573 0.000180633 
-0.00060401 -0.00364089 -3.69266e-05 
-0.000417926 -0.00043421 0.000520464 
-3.42478e-05 -9.50386e-05 -7.66071e-05 
-0.000109484 -2.75889e-05 -7.18432e-06 
-0.000138489 -1.11545e-05 -1.71163e-05 
-0.000164365 -3.72457e-06 -7.81865e-06 
-0.000175087 1.3835e-06 -2.01416e-06 
-0.000174573 4.40033e-06 2.77666e-06 
-0.000166266 5.91797e-06 5.53024e-06 
-0.000154006 6.45379e-06 6.66122e-06 
-0.000140475 6.41722e-06 6.80387e-06 
-0.000127154 6.08201e-06 6.48577e-06 
-0.000114544 5.60919e-06 6.11589e-06 
-0.000102537 5.08494e-06 5.88717e-06 
-9.08051e-05 4.5518e-06 5.82819e-06 
-7.90894e-05 4.03035e-06 5.84931e-06 
-6.73604e-05 3.53082e-06 5.82151e-06 
-5.58306e-05 3.05818e-06 5.64005e-06 
-4.48617e-05 2.61371e-06 5.26383e-06 
-3.48284e-05 2.19529e-06 4.719e-06 
-2.60045e-05 1.79757e-06 4.0753e-06 
-1.85095e-05 1.4126e-06 3.41322e-06 
-1.23088e-05 1.03102e-06 2.80665e-06 
-7.19708e-06 6.44519e-07 2.35551e-06 
-2.57082e-06 2.44471e-07 2.32727e-06 
-7.00466e-07 -1.74718e-07 -2.63535e-07 
-1.01927e-06 -4.63182e-07 -6.63675e-08 
-1.42102e-06 -7.19644e-07 -3.76015e-07 
-2.66516e-06 -9.23825e-07 -8.83932e-07 
-5.00212e-06 -1.0563e-06 -1.44307e-06 
-8.41943e-06 -1.09631e-06 -1.9423e-06 
-1.26996e-05 -1.02182e-06 -2.291e-06 
-1.74888e-05 -8.13032e-07 -2.44842e-06 
-2.2429e-05 -4.57154e-07 -2.45346e-06 
-2.73261e-05 4.64447e-08 -2.42867e-06 
-3.22913e-05 6.8189e-07 -2.5485e-06 
-3.77846e-05 1.41362e-06 -2.9752e-06 
-4.45165e-05 2.18338e-06 -3.78528e-06 
-5.31976e-05 2.9038e-06 -4.88973e-06 
-6.41673e-05 3.44689e-06 -6.00497e-06 
-7.691e-05 3.62061e-06 -6.54512e-06 
-8.95802e-05 3.15343e-06 -5.81556e-06 
-9.82933e-05 1.63451e-06 -2.37529e-06 
-9.71723e-05 -1.40178e-06 3.92935e-06 
-7.64359e-05 -6.9787e-06 1.79635e-05 
-2.90424e-05 -1.52022e-05 2.86308e-05 
6.71689e-05 -3.36294e-05 7.43705e-05 
0.00012284 -5.69939e-05 -2.63842e-05 
0.000454688 -0.000410038 0.0005086 
0.000549906 -0.00251985 -0.000837088 
-0.000551251 -0.00847571 -0.000156696 
-0.000211693 -0.000544685 2.76032e-05 
-0.000121695 -0.000176403 1.94782e-05 
-0.000141337 -4.13441e-05 -2.40119e-05 
-0.000170745 -2.39986e-05 -7.02541e-06 
-0.000179599 -1.14938e-05 -1.75439e-06 
-0.00017785 -3.48787e-06 3.22641e-06 
-0.000168438 2.06986e-06 6.03202e-06 
-0.000155079 5.37685e-06 7.22018e-06 
-0.000140458 7.06722e-06 7.32866e-06 
-0.000126292 7.66834e-06 6.81405e-06 
-0.000113347 7.59453e-06 6.13713e-06 
-0.000101658 7.12538e-06 5.57177e-06 
-9.08476e-05 6.4416e-06 5.25274e-06 
-8.0426e-05 5.65959e-06 5.16297e-06 
-7.00383e-05 4.85691e-06 5.19283e-06 
-5.95925e-05 4.08581e-06 5.19906e-06 
-4.92617e-05 3.37892e-06 5.06666e-06 
-3.93876e-05 2.75191e-06 4.74487e-06 
-3.03423e-05 2.20593e-06 4.25147e-06 
-2.24121e-05 1.73131e-06 3.64986e-06 
-1.57388e-05 1.31208e-06 3.01696e-06 
-1.03147e-05 9.30287e-07 2.42552e-06 
-5.96486e-06 5.69785e-07 1.97374e-06 
-2.13134e-06 2.13689e-07 1.91875e-06 
-9.91039e-07 -1.39464e-07 -5.45196e-07 
-1.84926e-06 -3.7072e-07 -3.18618e-07 
-2.71299e-06 -5.74815e-07 -5.81921e-07 
-4.30778e-06 -7.28679e-07 -1.02486e-06 
-6.84218e-06 -8.06648e-07 -1.49548e-06 
-1.0253e-05 -7.79582e-07 -1.87962e-06 
-1.42697e-05 -6.16925e-07 -2.08764e-06 
-1.84927e-05 -2.92154e-07 -2.08546e-06 
-2.25375e-05 2.10187e-07 -1.92501e-06 
-2.62164e-05 8.87134e-07 -1.74798e-06 
-2.96884e-05 1.7112e-06 -1.75148e-06 
-3.35112e-05 2.62621e-06 -2.12493e-06 
-3.85481e-05 3.54322e-06 -2.97182e-06 
-4.57385e-05 4.33211e-06 -4.25587e-06 
-5.57513e-05 4.80239e-06 -5.73023e-06 
-6.8599e-05 4.66994e-06 -6.99875e-06 
-8.31319e-05 3.50959e-06 -7.25448e-06 
-9.67492e-05 7.17283e-07 -6.00829e-06 
-0.000104373 -4.50464e-06 -8.74841e-07 
-9.99573e-05 -1.314e-05 5.50602e-06 
-6.95842e-05 -2.66066e-05 2.81563e-05 
-9.76583e-06 -5.25699e-05 2.91078e-05 
0.000202249 -0.000136518 0.00020962 
0.000328371 -0.000638396 -0.000237376 
-0.000102879 -0.00405144 -3.60116e-05 
0.000488446 -0.00380902 0.000367808 
4.43268e-05 -0.000409223 -0.000403466 
-0.000241589 -0.00011919 -1.42093e-06 
-0.000231338 -5.90245e-05 -1.21494e-05 
-0.000227254 -3.01264e-05 5.88548e-06 
-0.000209833 -1.54129e-05 8.80782e-06 
-0.00018841 -4.87809e-06 1.12246e-05 
-0.000165592 1.98127e-06 1.10696e-05 
-0.000144093 6.18287e-06 1.01561e-05 
-0.000125176 8.39076e-06 8.67607e-06 
-0.000109334 9.23911e-06 7.16172e-06 
-9.63702e-05 9.19676e-06 5.84415e-06 
-8.56724e-05 8.60153e-06 4.90644e-06 
-7.64237e-05 7.68888e-06 4.38474e-06 
-6.78417e-05 6.62687e-06 4.21439e-06 
-5.93651e-05 5.53729e-06 4.2491e-06 
-5.07573e-05 4.50576e-06 4.31938e-06 
-4.20978e-05 3.58562e-06 4.28554e-06 
-3.36814e-05 2.80088e-06 4.07485e-06 
-2.58736e-05 2.15139e-06 3.68723e-06 
-1.89838e-05 1.62032e-06 3.17442e-06 
-1.31936e-05 1.18246e-06 2.60823e-06 
-8.54056e-06 8.11397e-07 2.06124e-06 
-4.89401e-06 4.84308e-07 1.63178e-06 
-1.75401e-06 1.78398e-07 1.56626e-06 
-1.21637e-06 -1.04972e-07 -7.64496e-07 
-2.49666e-06 -2.80575e-07 -5.15956e-07 
-3.71952e-06 -4.34904e-07 -7.38454e-07 
-5.56891e-06 -5.42625e-07 -1.11659e-06 
-8.19775e-06 -5.72401e-07 -1.49106e-06 
-1.1475e-05 -4.87479e-07 -1.74376e-06 
-1.50592e-05 -2.49552e-07 -1.78686e-06 
-1.84911e-05 1.74072e-07 -1.59584e-06 
-2.13542e-05 8.01523e-07 -1.24096e-06 
-2.34734e-05 1.62726e-06 -8.89665e-07 
-2.50783e-05 2.61523e-06 -7.70231e-07 
-2.68613e-05 3.69568e-06 -1.10334e-06 
-2.98911e-05 4.76394e-06 -2.03194e-06 
-3.53923e-05 5.67593e-06 -3.55524e-06 
-4.44522e-05 6.23114e-06 -5.53177e-06 
-5.76753e-05 6.1348e-06 -7.59341e-06 
-7.49081e-05 4.92711e-06 -9.37523e-06 
-9.47314e-05 1.91116e-06 -9.80658e-06 
-0.000114479 -4.00468e-06 -8.96223e-06 
-0.000128312 -1.43327e-05 -2.1159e-06 
-0.000129239 -3.30633e-05 5.08111e-06 
-9.3975e-05 -7.60598e-05 4.77808e-05 
2.13685e-05 -0.000279806 8.67716e-05 
-5.97171e-05 -0.0012746 -3.83128e-05 
-0.000115697 -0.0122538 2.29027e-05 
0.000257739 -0.0108018 0.000669603 
-0.000214541 -0.000711832 -3.51654e-05 
-0.00031834 -0.000157095 -9.98862e-05 
-0.000337065 -5.27871e-05 2.33844e-05 
-0.000286074 -2.65803e-05 1.70656e-05 
-0.000240505 -1.10416e-05 2.25275e-05 
-0.000196834 -1.18575e-06 1.93797e-05 
-0.000159846 5.09959e-06 1.66253e-05 
-0.000129701 8.73885e-06 1.31687e-05 
-0.000106312 1.05428e-05 1.00945e-05 
-8.88015e-05 1.10751e-05 7.43755e-06 
-7.60456e-05 1.07532e-05 5.39868e-06 
-6.67416e-05 9.87851e-06 4.00578e-06 
-5.95875e-05 8.6798e-06 3.23764e-06 
-5.34355e-05 7.33655e-06 2.97481e-06 
-4.7449e-05 5.98931e-06 3.03508e-06 
-4.11904e-05 4.74046e-06 3.21209e-06 
-3.46116e-05 3.65297e-06 3.33089e-06 
-2.79486e-05 2.75228e-06 3.28639e-06 
-2.15666e-05 2.03327e-06 3.05373e-06 
-1.58145e-05 1.47079e-06 2.66976e-06 
-1.09333e-05 1.03104e-06 2.20127e-06 
-7.02175e-06 6.80702e-07 1.7227e-06 
-4.00539e-06 3.92363e-07 1.33518e-06 
-1.44793e-06 1.4022e-07 1.27568e-06 
-1.37872e-06 -7.06744e-08 -9.21479e-07 
-2.9659e-06 -1.89744e-07 -6.59126e-07 
-4.44902e-06 -2.93191e-07 -8.47397e-07 
-6.46345e-06 -3.53651e-07 -1.16228e-06 
-9.09396e-06 -3.34956e-07 -1.43541e-06 
-1.21264e-05 -1.94793e-07 -1.54436e-06 
-1.51339e-05 1.09604e-07 -1.40427e-06 
-1.75859e-05 6.12998e-07 -1.00295e-06 
-1.90305e-05 1.33213e-06 -4.33193e-07 
-1.93119e-05 2.25642e-06 1.06529e-07 
-1.87472e-05 3.34275e-06 3.54073e-07 
-1.81862e-05 4.51668e-06 5.51224e-08 
-1.89175e-05 5.67859e-06 -9.58102e-07 
-2.24492e-05 6.70955e-06 -2.72722e-06 
-3.02284e-05 7.46689e-06 -5.13689e-06 
-4.34095e-05 7.75018e-06 -8.01487e-06 
-6.26424e-05 7.23717e-06 -1.09796e-05 
-8.80703e-05 5.34743e-06 -1.39817e-05 
-0.000118979 1.12065e-06 -1.59155e-05 
-0.000154261 -7.19493e-06 -1.81082e-05 
-0.000191962 -2.38774e-05 -1.66571e-05 
-0.0002303 -5.68992e-05 -1.72305e-05 
-0.000337321 -0.000192537 -7.48422e-05 
-0.000327725 -0.000346696 0.000262394 
0.00107222 -0.00745996 0.000882112 
0.000841655 -0.0011395 -0.000658149 
-0.000425446 -7.91219e-05 -0.000224314 
-0.000501903 -6.03092e-05 7.58743e-05 
-0.000403662 -1.39157e-05 2.91588e-05 
-0.000326399 -3.80487e-06 4.17269e-05 
-0.000252083 3.63464e-06 3.1741e-05 
-0.000192131 8.18498e-06 2.67275e-05 
-0.000144504 1.09928e-05 2.03439e-05 
-0.000108579 1.24442e-05 1.52342e-05 
-8.24843e-05 1.29068e-05 1.07845e-05 
-6.44864e-05 1.26388e-05 7.26417e-06 
-5.27553e-05 1.1828e-05 4.60191e-06 
-4.55064e-05 1.06302e-05 2.81256e-06 
-4.1034e-05 9.19133e-06 1.82239e-06 
-3.78493e-05 7.6534e-06 1.49388e-06 
-3.48265e-05 6.14501e-06 1.614e-06 
-3.13072e-05 4.76778e-06 1.94088e-06 
-2.71026e-05 3.58588e-06 2.25849e-06 
-2.23907e-05 2.62383e-06 2.42379e-06 
-1.75469e-05 1.87282e-06 2.38307e-06 
-1.29761e-05 1.3025e-06 2.15709e-06 
-8.99507e-06 8.73942e-07 1.80849e-06 
-5.77678e-06 5.49929e-07 1.41579e-06 
-3.30922e-06 3.00982e-07 1.08571e-06 
-1.21897e-06 1.01435e-07 1.04879e-06 
-1.47956e-06 -3.46208e-08 -1.0116e-06 
-3.25108e-06 -8.89578e-08 -7.4248e-07 
-4.88553e-06 -1.29824e-07 -9.02063e-07 
-6.96282e-06 -1.2795e-07 -1.15427e-06 
-9.48842e-06 -4.35964e-08 -1.32204e-06 
-1.21559e-05 1.66019e-07 -1.28115e-06 
-1.44487e-05 5.38937e-07 -9.52858e-07 
-1.57692e-05 1.09961e-06 -3.41175e-07 
-1.5642e-05 1.85029e-06 4.35303e-07 
-1.39496e-05 2.76549e-06 1.14658e-06 
-1.11154e-05 3.7933e-06 1.50005e-06 
-8.15095e-06 4.86606e-06 1.22259e-06 
-6.53473e-06 5.917e-06 1.38295e-07 
-7.95873e-06 6.90021e-06 -1.77956e-06 
-1.40486e-05 7.79873e-06 -4.44179e-06 
-2.61534e-05 8.61174e-06 -7.65388e-06 
-4.53334e-05 9.29447e-06 -1.134e-05 
-7.24149e-05 9.68682e-06 -1.52341e-05 
-0.000108314 9.36054e-06 -1.97376e-05 
-0.000153852 7.73361e-06 -2.36889e-05 
-0.000210089 4.5223e-06 -2.80473e-05 
-0.000279406 2.46843e-07 -2.97697e-05 
-0.000338747 1.48287e-05 1.60062e-05 
0.00012832 -6.37594e-05 0.000479257 
0.00114054 -0.00098569 0.000137483 
0.000607985 -0.00113286 -0.000351857 
-0.000129691 -7.45039e-05 -0.00022876 
-0.000382034 5.28684e-05 -3.40658e-05 
-0.00036473 3.63768e-05 2.80585e-05 
-0.000296385 2.86015e-05 3.286e-05 
-0.000225167 2.25613e-05 3.31814e-05 
-0.000163797 1.92775e-05 2.64113e-05 
-0.000115715 1.70258e-05 2.06141e-05 
-7.97632e-05 1.54066e-05 1.49391e-05 
-5.44228e-05 1.40946e-05 1.02569e-05 
-3.78221e-05 1.2896e-05 6.39467e-06 
-2.81372e-05 1.16668e-05 3.45252e-06 
-2.34919e-05 1.03335e-05 1.42426e-06 
-2.20296e-05 8.89317e-06 2.90581e-07 
-2.20426e-05 7.39989e-06 -7.13949e-08 
-2.21678e-05 5.93785e-06 1.25913e-07 
-2.15379e-05 4.5922e-06 6.16339e-07 
-1.98218e-05 3.42625e-06 1.14762e-06 
-1.71356e-05 2.47039e-06 1.53853e-06 
-1.38658e-05 1.72301e-06 1.70529e-06 
-1.04774e-05 1.15954e-06 1.65138e-06 
-7.36806e-06 7.44551e-07 1.4351e-06 
-4.79014e-06 4.42335e-07 1.1392e-06 
-2.79605e-06 2.23915e-07 8.77775e-07 
-1.06766e-06 6.66073e-08 8.79781e-07 
-1.51087e-06 1.12759e-08 -1.01714e-06 
-3.30648e-06 4.92044e-08 -7.45157e-07 
-4.93713e-06 1.03457e-07 -8.77775e-07 
-6.9188e-06 2.06125e-07 -1.06291e-06 
-9.16937e-06 3.97878e-07 -1.12295e-06 
-1.12981e-05 7.09377e-07 -9.39977e-07 
-1.27258e-05 1.15272e-06 -4.5028e-07 
-1.28309e-05 1.71674e-06 3.20792e-07 
-1.11668e-05 2.36578e-06 1.22936e-06 
-7.70055e-06 3.0464e-06 2.02329e-06 
-2.98056e-06 3.70338e-06 2.40059e-06 
1.85209e-06 4.30357e-06 2.0979e-06 
5.23734e-06 4.86059e-06 9.76919e-07 
5.49926e-06 5.4563e-06 -9.42153e-07 
1.16174e-06 6.24969e-06 -3.49582e-06 
-8.87722e-06 7.46468e-06 -6.50679e-06 
-2.53815e-05 9.36242e-06 -9.80943e-06 
-4.91067e-05 1.21679e-05 -1.35651e-05 
-8.10888e-05 1.60349e-05 -1.76151e-05 
-0.000122626 2.10979e-05 -2.21307e-05 
-0.000172862 2.7905e-05 -2.31268e-05 
-0.000219142 3.84837e-05 -1.12406e-05 
-0.000170842 3.00239e-05 8.54789e-05 
0.000205047 -0.000165042 0.00025655 
0.00046926 -0.00075142 -0.000101494 
9.90492e-05 -0.00258115 -0.000124643 
-3.50913e-05 -0.000260436 -1.53885e-05 
-0.000178216 1.02782e-05 -7.67638e-05 
-0.000247299 5.24294e-05 3.62018e-06 
-0.000213272 4.58348e-05 2.31027e-05 
-0.000163267 3.47296e-05 2.39846e-05 
-0.000116003 2.59257e-05 2.14593e-05 
-7.70441e-05 1.96574e-05 1.67798e-05 
-4.73877e-05 1.53624e-05 1.24707e-05 
-2.63086e-05 1.2534e-05 8.45113e-06 
-1.28328e-05 1.0673e-05 5.01166e-06 
-5.74492e-06 9.36729e-06 2.20498e-06 
-3.60457e-06 8.30922e-06 1.77241e-07 
-4.75227e-06 7.30931e-06 -1.01023e-06 
-7.49467e-06 6.28367e-06 -1.40092e-06 
-1.03592e-05 5.22862e-06 -1.16934e-06 
-1.23221e-05 4.18744e-06 -5.73446e-07 
-1.29112e-05 3.21824e-06 1.17631e-07 
-1.21554e-05 2.36955e-06 6.94579e-07 
-1.04179e-05 1.66806e-06 1.0458e-06 
-8.193e-06 1.11715e-06 1.15535e-06 
-5.93766e-06 7.03003e-07 1.07208e-06 
-3.97237e-06 4.0223e-07 8.78492e-07 
-2.41105e-06 1.89508e-07 6.9204e-07 
-9.79836e-07 4.60839e-08 7.47672e-07 
-1.40178e-06 1.21527e-07 -8.93435e-07 
-2.94411e-06 3.25578e-07 -6.18507e-07 
-4.29751e-06 5.50745e-07 -7.19971e-07 
-5.89182e-06 8.38546e-07 -8.29873e-07 
-7.56195e-06 1.21894e-06 -7.90179e-07 
-8.89469e-06 1.67205e-06 -5.14329e-07 
-9.34964e-06 2.13734e-06 3.47457e-08 
-8.40178e-06 2.52301e-06 8.08271e-07 
-5.74203e-06 2.7289e-06 1.6534e-06 
-1.47689e-06 2.68227e-06 2.33222e-06 
3.76021e-06 2.37738e-06 2.5838e-06 
8.85691e-06 1.9057e-06 2.21069e-06 
1.24407e-05 1.46365e-06 1.15188e-06 
1.32009e-05 1.3359e-06 -4.89167e-07 
1.01867e-05 1.85997e-06 -2.49481e-06 
2.95837e-06 3.39329e-06 -4.60924e-06 
-8.52263e-06 6.29085e-06 -6.72404e-06 
-2.42264e-05 1.09093e-05 -8.82911e-06 
-4.45859e-05 1.75553e-05 -1.131e-05 
-7.01249e-05 2.62377e-05 -1.33125e-05 
-9.906e-05 3.59731e-05 -1.31451e-05 
-0.000111258 3.97033e-05 6.52125e-06 
-6.41684e-05 3.78067e-06 3.67604e-05 
3.64196e-05 -0.000207302 5.14309e-05 
2.37303e-05 -0.00109122 -4.2073e-05 
-0.000143018 -0.00614285 -9.99146e-05 
-0.000143438 -0.00043094 3.65913e-05 
-0.000107709 -7.0338e-05 -8.96133e-06 
-0.00011903 4.26841e-05 -5.07919e-07 
-0.000110379 4.40886e-05 8.6535e-06 
-8.71751e-05 3.522e-05 1.31406e-05 
-6.11919e-05 2.52528e-05 1.22918e-05 
-3.80946e-05 1.71141e-05 1.05085e-05 
-1.93053e-05 1.122e-05 8.14709e-06 
-5.2509e-06 7.34338e-06 5.76928e-06 
4.00293e-06 5.07887e-06 3.39481e-06 
8.64767e-06 3.97343e-06 1.24932e-06 
9.31257e-06 3.60041e-06 -4.61349e-07 
7.05654e-06 3.5881e-06 -1.55723e-06 
3.20322e-06 3.64993e-06 -1.98536e-06 
-9.40531e-07 3.60294e-06 -1.83279e-06 
-4.35701e-06 3.36947e-06 -1.29731e-06 
-6.4834e-06 2.9583e-06 -6.16398e-07 
-7.22424e-06 2.43137e-06 5.48956e-09 
-6.83383e-06 1.8685e-06 4.44085e-07 
-5.73793e-06 1.33976e-06 6.63242e-07 
-4.36958e-06 8.91185e-07 6.93594e-07 
-3.0632e-06 5.41527e-07 5.9936e-07 
-1.9794e-06 2.78771e-07 4.88091e-07 
-8.86092e-07 8.40959e-08 6.04784e-07 
-7.9483e-07 4.26434e-07 -5.71127e-07 
-1.5503e-06 9.12852e-07 -2.96231e-07 
-2.1457e-06 1.37055e-06 -3.57029e-07 
-2.8327e-06 1.90267e-06 -3.69427e-07 
-3.45997e-06 2.46614e-06 -2.79609e-07 
-3.79252e-06 2.93125e-06 -5.0605e-08 
-3.56325e-06 3.11831e-06 3.15199e-07 
-2.55533e-06 2.84492e-06 7.65657e-07 
-7.01768e-07 1.99246e-06 1.19574e-06 
1.83238e-06 5.75701e-07 1.46938e-06 
4.62996e-06 -1.21346e-06 1.46201e-06 
7.09093e-06 -3.01369e-06 1.10953e-06 
8.58063e-06 -4.3623e-06 4.40772e-07 
8.60785e-06 -4.80214e-06 -4.24788e-07 
6.96668e-06 -3.98768e-06 -1.30829e-06 
3.77919e-06 -1.74456e-06 -2.04619e-06 
-5.86416e-07 1.95595e-06 -2.52948e-06 
-5.7573e-06 7.10103e-06 -2.85801e-06 
-1.16524e-05 1.37627e-05 -3.15024e-06 
-1.88661e-05 2.18028e-05 -4.04652e-06 
-2.70309e-05 2.94087e-05 -3.57882e-06 
-3.19327e-05 2.78915e-05 -2.57748e-06 
-2.75201e-05 1.04426e-06 3.47514e-06 
-0.000104151 -5.71725e-05 -8.59471e-05 
-0.000281539 -0.000238648 5.19638e-05 
-5.21958e-05 -0.000312489 2.69393e-05 
-0.000200459 -8.28502e-05 -6.85635e-05 
-0.000101732 1.06384e-05 6.94857e-05 
-3.43085e-05 2.91007e-05 3.05702e-06 
-2.90447e-05 3.29653e-05 4.23093e-06 
-2.23183e-05 2.69482e-05 3.47654e-06 
-1.55242e-05 1.89669e-05 3.56373e-06 
-8.9991e-06 1.14902e-05 3.26477e-06 
-3.05446e-06 5.36462e-06 2.96564e-06 
2.01643e-06 8.19452e-07 2.38884e-06 
5.77528e-06 -2.09423e-06 1.59372e-06 
7.88951e-06 -3.45105e-06 6.66661e-07 
8.28438e-06 -3.48391e-06 -2.12995e-07 
7.20467e-06 -2.57172e-06 -8.84879e-07 
5.14881e-06 -1.17325e-06 -1.24542e-06 
2.72615e-06 2.71505e-07 -1.28156e-06 
4.91382e-07 1.43175e-06 -1.06201e-06 
-1.18127e-06 2.13576e-06 -7.03842e-07 
-2.14748e-06 2.36837e-06 -3.27824e-07 
-2.46388e-06 2.2265e-06 -2.25801e-08 
-2.30989e-06 1.85767e-06 1.70739e-07 
-1.9017e-06 1.406e-06 2.52464e-07 
-1.42684e-06 9.77578e-07 2.52139e-07 
-1.01014e-06 6.18035e-07 2.08239e-07 
-5.07003e-07 2.72911e-07 3.78798e-07 
