8.22421e-05 
0.000114393 
0.000123562 
0.000117615 
0.000103659 
8.72766e-05 
7.10868e-05 
5.62985e-05 
4.32904e-05 
3.20613e-05 
2.24463e-05 
1.42295e-05 
7.19518e-06 
1.14886e-06 
-4.07662e-06 
-8.62129e-06 
-1.26011e-05 
-1.61117e-05 
-1.92321e-05 
-2.20278e-05 
-2.45539e-05 
-2.68569e-05 
-2.89771e-05 
-3.09498e-05 
-3.28071e-05 
-3.45783e-05 
-3.62917e-05 
-3.79755e-05 
-3.96585e-05 
-4.13717e-05 
-4.31492e-05 
-4.50299e-05 
-4.7059e-05 
-4.9291e-05 
-5.17915e-05 
-5.46414e-05 
-5.79407e-05 
-6.18133e-05 
-6.64123e-05 
-7.19234e-05 
-7.85659e-05 
-8.65813e-05 
-9.61992e-05 
-0.000107547 
-0.000120455 
-0.000134019 
-0.000145903 
-0.000150533 
-0.000139246 
-9.95263e-05 
0.000234824 
0.00030871 
0.000319446 
0.000298032 
0.0002647 
0.000228851 
0.000194866 
0.000164445 
0.000137983 
0.000115286 
9.59258e-05 
7.94194e-05 
6.53071e-05 
5.31823e-05 
4.26995e-05 
3.35699e-05 
2.5555e-05 
1.84579e-05 
1.21157e-05 
6.39244e-06 
1.17387e-06 
-3.6378e-06 
-8.1277e-06 
-1.23716e-05 
-1.6439e-05 
-2.03953e-05 
-2.43041e-05 
-2.82302e-05 
-3.22413e-05 
-3.64107e-05 
-4.08206e-05 
-4.55652e-05 
-5.07549e-05 
-5.65221e-05 
-6.30268e-05 
-7.04654e-05 
-7.90798e-05 
-8.9169e-05 
-0.000101102 
-0.000115327 
-0.000132379 
-0.000152868 
-0.000177422 
-0.00020655 
-0.000240312 
-0.000277609 
-0.000314687 
-0.000342313 
-0.000338521 
-0.000263724 
0.000347649 
0.000465989 
0.000490885 
0.000467236 
0.000424256 
0.00037547 
0.000327618 
0.00028362 
0.000244481 
0.000210258 
0.000180577 
0.000154902 
0.000132672 
0.000113359 
9.6494e-05 
8.16719e-05 
6.85489e-05 
5.68345e-05 
4.62833e-05 
3.6687e-05 
2.7867e-05 
1.96683e-05 
1.19539e-05 
4.5999e-06 
-2.50843e-06 
-9.4808e-06 
-1.64249e-05 
-2.34507e-05 
-3.0674e-05 
-3.82205e-05 
-4.62301e-05 
-5.48627e-05 
-6.43041e-05 
-7.47737e-05 
-8.65337e-05 
-9.98996e-05 
-0.000115252 
-0.000133052 
-0.000153846 
-0.000178281 
-0.000207086 
-0.000241036 
-0.000280833 
-0.000326853 
-0.000378621 
-0.000433761 
-0.000485829 
-0.000520638 
-0.000505756 
-0.000385692 
0.000393867 
0.000554007 
0.0006083 
0.000599501 
0.000560352 
0.000508316 
0.000453115 
0.000399683 
0.000350304 
0.000305801 
0.000266232 
0.000231279 
0.000200467 
0.000173279 
0.000149213 
0.000127807 
0.000108653 
9.13903e-05 
7.57062e-05 
6.13279e-05 
4.80161e-05 
3.55586e-05 
2.37646e-05 
1.24589e-05 
1.47687e-06 
-9.3404e-06 
-2.015e-05 
-3.11123e-05 
-4.23969e-05 
-5.41864e-05 
-6.66832e-05 
-8.01154e-05 
-9.47442e-05 
-0.000110873 
-0.000128856 
-0.00014911 
-0.000172122 
-0.000198455 
-0.000228753 
-0.00026372 
-0.000304076 
-0.000350446 
-0.000403151 
-0.000461781 
-0.000524418 
-0.000586256 
-0.000637039 
-0.000657247 
-0.000609156 
-0.000438879 
0.000402934 
0.000594454 
0.000679257 
0.000693385 
0.000668069 
0.000622166 
0.000567389 
0.000510554 
0.000455389 
0.000403767 
0.000356456 
0.000313601 
0.000275012 
0.000240334 
0.000209148 
0.000181023 
0.000155545 
0.000132334 
0.000111041 
9.13516e-05 
7.29821e-05 
5.56743e-05 
3.91905e-05 
2.33087e-05 
7.81689e-06 
-7.49152e-06 
-2.28224e-05 
-3.83859e-05 
-5.44042e-05 
-7.11154e-05 
-8.87801e-05 
-0.000107688 
-0.000128165 
-0.000150581 
-0.000175357 
-0.000202968 
-0.00023395 
-0.000268887 
-0.000308395 
-0.000353068 
-0.000403383 
-0.000459514 
-0.000521011 
-0.000586249 
-0.000651508 
-0.000709496 
-0.000747048 
-0.000742277 
-0.000658467 
-0.000450339 
0.000391959 
0.000602478 
0.000712914 
0.000751014 
0.00074397 
0.000710097 
0.000661774 
0.000606911 
0.000550438 
0.000495266 
0.000442954 
0.000394233 
0.000349328 
0.000308163 
0.000270501 
0.000236024 
0.00020438 
0.000175214 
0.000148184 
0.000122964 
9.92466e-05 
7.67464e-05 
5.51917e-05 
3.43235e-05 
1.38909e-05 
-6.35389e-06 
-2.66594e-05 
-4.72794e-05 
-6.84817e-05 
-9.05512e-05 
-0.000113796 
-0.000138551 
-0.000165188 
-0.000194113 
-0.000225775 
-0.000260657 
-0.000299269 
-0.000342122 
-0.000389682 
-0.000442276 
-0.000499952 
-0.000562228 
-0.00062771 
-0.000693453 
-0.000754096 
-0.000800676 
-0.0008188 
-0.000786712 
-0.000672049 
-0.000440081 
0.000372034 
0.000591567 
0.000720891 
0.000780278 
0.000792074 
0.000772792 
0.000734521 
0.000685622 
0.000631692 
0.000576361 
0.000521906 
0.000469647 
0.000420271 
0.000374044 
0.000330977 
0.000290925 
0.000253655 
0.000218885 
0.000186317 
0.000155644 
0.000126564 
9.87823e-05 
7.20114e-05 
4.59697e-05 
2.03792e-05 
-5.03785e-06 
-3.05621e-05 
-5.648e-05 
-8.30934e-05 
-0.00011072 
-0.000139698 
-0.000170389 
-0.000203181 
-0.000238485 
-0.00027673 
-0.000318354 
-0.000363771 
-0.000413336 
-0.000467261 
-0.000525505 
-0.000587587 
-0.000652298 
-0.000717302 
-0.000778613 
-0.000829858 
-0.000861256 
-0.000858413 
-0.000801416 
-0.000663503 
-0.000419472 
0.000348678 
0.000570036 
0.00071183 
0.00078837 
0.000817371 
0.000813004 
0.00078639 
0.000745761 
0.000697015 
0.00064424 
0.000590181 
0.000536622 
0.000484679 
0.000434968 
0.000387778 
0.000343172 
0.00030107 
0.000261301 
0.000223641 
0.000187832 
0.000153602 
0.000120668 
8.87449e-05 
5.7545e-05 
2.6778e-05 
-3.85022e-06 
-3.46383e-05 
-6.58919e-05 
-9.7931e-05 
-0.00013109 
-0.000165716 
-0.000202174 
-0.000240838 
-0.000282088 
-0.000326296 
-0.000373799 
-0.000424863 
-0.000479622 
-0.000537975 
-0.000599465 
-0.000663063 
-0.000726908 
-0.000787993 
-0.000841642 
-0.000880926 
-0.000895983 
-0.000873355 
-0.000795805 
-0.000642077 
-0.000394545 
0.000324776 
0.000543154 
0.000692107 
0.000781482 
0.000825032 
0.00083452 
0.000819759 
0.000788467 
0.000746481 
0.00069809 
0.000646355 
0.000593398 
0.000540639 
0.000488994 
0.000439017 
0.000390985 
0.000344988 
0.000300986 
0.000258854 
0.000218406 
0.000179417 
0.000141639 
0.000104805 
6.86386e-05 
3.28516e-05 
-2.85045e-06 
-3.8769e-05 
-7.52126e-05 
-0.000112503 
-0.000150971 
-0.000190954 
-0.000232793 
-0.000276824 
-0.000323363 
-0.000372688 
-0.000424995 
-0.000480364 
-0.000538676 
-0.000599506 
-0.000661988 
-0.000724654 
-0.000785172 
-0.00084004 
-0.000884199 
-0.00091063 
-0.000909943 
-0.000870135 
-0.000776838 
-0.000613597 
-0.000368425 
0.000301681 
0.000514017 
0.000666031 
0.000764347 
0.000819508 
0.000841077 
0.000837465 
0.000815645 
0.000781157 
0.00073827 
0.000690182 
0.000639231 
0.000587082 
0.000534877 
0.000483372 
0.000433036 
0.00038413 
0.000336748 
0.000290873 
0.000246403 
0.00020318 
0.000161003 
0.000119642 
7.88445e-05 
3.83419e-05 
-2.14682e-06 
-4.2909e-05 
-8.424e-05 
-0.000126446 
-0.000169836 
-0.000214716 
-0.000261383 
-0.000310107 
-0.000361116 
-0.000414565 
-0.000470498 
-0.000528788 
-0.000589059 
-0.000650599 
-0.000712229 
-0.000772125 
-0.000827607 
-0.000874898 
-0.000908854 
-0.000922704 
-0.000907871 
-0.000854006 
-0.000749442 
-0.00058164 
-0.000342677 
0.000279974 
0.000484413 
0.000636454 
0.000740445 
0.000804411 
0.000836019 
0.000842347 
0.000829522 
0.000802642 
0.000765795 
0.000722177 
0.000674224 
0.00062375 
0.000572074 
0.000520122 
0.000468519 
0.000417656 
0.000367756 
0.000318911 
0.000271109 
0.000224265 
0.000178237 
0.000132842 
8.78646e-05 
4.30691e-05 
-1.79866e-06 
-4.6994e-05 
-9.27812e-05 
-0.000139435 
-0.000187226 
-0.000236413 
-0.000287226 
-0.000339857 
-0.000394428 
-0.000450961 
-0.000509334 
-0.00056923 
-0.000630065 
-0.000690882 
-0.000750237 
-0.000806053 
-0.000855452 
-0.000894576 
-0.000918416 
-0.000920676 
-0.000893763 
-0.00082897 
-0.000716983 
-0.00054836 
-0.000318038 
0.000259834 
0.000455325 
0.000605208 
0.000712247 
0.000782528 
0.000822146 
0.000836975 
0.000832308 
0.000812716 
0.000782009 
0.000743273 
0.000698946 
0.000650915 
0.000600607 
0.000549072 
0.000497065 
0.000445098 
0.0003935 
0.000342454 
0.000292035 
0.000242231 
0.000192964 
0.000144104 
9.5485e-05 
4.69111e-05 
-1.83502e-06 
-5.09574e-05 
-0.000100669 
-0.000151201 
-0.000202774 
-0.000255584 
-0.000309786 
-0.00036548 
-0.000422676 
-0.000481272 
-0.000540999 
-0.000601373 
-0.000661616 
-0.000720576 
-0.000776619 
-0.00082752 
-0.00087033 
-0.000901265 
-0.000915602 
-0.000907651 
-0.000870847 
-0.000797986 
-0.000681732 
-0.000515032 
-0.000294812 
0.000241245 
0.000427261 
0.000573451 
0.00068148 
0.000755963 
0.000801714 
0.000823567 
0.000826034 
0.000813145 
0.000788372 
0.000754618 
0.000714253 
0.000669167 
0.000620842 
0.000570408 
0.00051871 
0.00046636 
0.000413779 
0.000361238 
0.00030889 
0.000256791 
0.000204925 
0.000153219 
0.000101558 
4.97938e-05 
-2.25513e-06 
-5.47182e-05 
-0.000107738 
-0.000161503 
-0.000216172 
-0.000271871 
-0.000328678 
-0.0003866 
-0.000445545 
-0.000505286 
-0.000565419 
-0.00062531 
-0.000684031 
-0.000740285 
-0.000792325 
-0.000837866 
-0.000873996 
-0.000897108 
-0.000902867 
-0.000886242 
-0.000841651 
-0.000763209 
-0.000645198 
-0.000482391 
-0.000273084 
0.000224101 
0.000400454 
0.000541893 
0.000649332 
0.000726271 
0.0007765 
0.000803969 
0.000812492 
0.000805573 
0.000786328 
0.000757433 
0.000721137 
0.000679286 
0.000633365 
0.000584546 
0.000533736 
0.000481615 
0.000428681 
0.000375278 
0.00032163 
0.00026786 
0.000214015 
0.000160081 
0.000105996 
5.16661e-05 
-3.02484e-06 
-5.81599e-05 
-0.000113831 
-0.000170154 
-0.000227222 
-0.00028509 
-0.000343752 
-0.000403124 
-0.00046301 
-0.000523073 
-0.00058279 
-0.00064141 
-0.000697892 
-0.000750851 
-0.000798487 
-0.00083853 
-0.000868182 
-0.000884088 
-0.000882348 
-0.000858588 
-0.00080812 
-0.000726191 
-0.000608382 
-0.000450848 
-0.000252824 
0.000208264 
0.000374975 
0.000510958 
0.000616614 
0.000694594 
0.00074788 
0.000779685 
0.000793208 
0.000791472 
0.000777233 
0.000752924 
0.00072064 
0.000682142 
0.000638887 
0.000592055 
0.000542582 
0.000491198 
0.000438455 
0.00038476 
0.000330396 
0.000275549 
0.000220324 
0.000164766 
0.000108871 
5.26036e-05 
-4.09254e-06 
-6.12508e-05 
-0.000118911 
-0.000177122 
-0.000235905 
-0.000295238 
-0.000355036 
-0.000415126 
-0.00047522 
-0.000534884 
-0.000593501 
-0.000650227 
-0.000703951 
-0.000753241 
-0.000796303 
-0.000830937 
-0.000854512 
-0.000863969 
-0.00085585 
-0.000826405 
-0.000771739 
-0.000688044 
-0.000571936 
-0.000420616 
-0.000233957 
0.000193593 
0.000350815 
0.00048089 
0.000583871 
0.000661766 
0.000716915 
0.000751926 
0.000769466 
0.000772125 
0.000762317 
0.000742229 
0.000713783 
0.000678634 
0.000638181 
0.000593584 
0.000545788 
0.000495549 
0.000443459 
0.000389971 
0.00033542 
0.000280046 
0.000224008 
0.000167407 
0.000110295 
5.26937e-05 
-5.39479e-06 
-6.39517e-05 
-0.000122963 
-0.000182411 
-0.000242249 
-0.000302382 
-0.000362648 
-0.000422794 
-0.000482451 
-0.000541105 
-0.000598066 
-0.000652429 
-0.000703043 
-0.000748472 
-0.000786965 
-0.000816438 
-0.00083446 
-0.000838279 
-0.000824875 
-0.000791062 
-0.000733632 
-0.000649562 
-0.000536285 
-0.000391792 
-0.000216385 
0.000179954 
0.000327919 
0.000451818 
0.000551468 
0.000628392 
0.000684417 
0.000721656 
0.000742326 
0.00074863 
0.000742671 
0.000726391 
0.000701536 
0.000669641 
0.000632028 
0.000589818 
0.000543945 
0.000495174 
0.000444119 
0.00039127 
0.000337001 
0.000281598 
0.000225271 
0.000168169 
0.000110399 
5.20362e-05 
-6.86191e-06 
-6.62238e-05 
-0.000125981 
-0.000186055 
-0.000246333 
-0.000306652 
-0.00036678 
-0.000426396 
-0.000485063 
-0.000542204 
-0.000597075 
-0.000648739 
-0.000696033 
-0.000737547 
-0.00077161 
-0.000796274 
-0.000809327 
-0.000808324 
-0.000790654 
-0.000753634 
-0.000694647 
-0.00061131 
-0.000501698 
-0.000364403 
-0.000200008 
0.000167231 
0.000306213 
0.000423799 
0.00051965 
0.000594911 
0.000651008 
0.000689646 
0.000712661 
0.000721921 
0.000719245 
0.000706345 
0.000684793 
0.000655996 
0.00062119 
0.000581443 
0.000537661 
0.000490603 
0.000440897 
0.000389051 
0.000335474 
0.000280489 
0.000224346 
0.000167242 
0.000109332 
5.07397e-05 
-8.42394e-06 
-6.80371e-05 
-0.000127979 
-0.000188114 
-0.000248269 
-0.000308221 
-0.000367678 
-0.000426259 
-0.000483472 
-0.000538696 
-0.000591155 
-0.000639897 
-0.000683775 
-0.000721431 
-0.000751289 
-0.000771556 
-0.000780243 
-0.0007752 
-0.000754189 
-0.000714971 
-0.000655423 
-0.000573687 
-0.000468342 
-0.000338435 
-0.000184732 
0.000155322 
0.00028562 
0.000396852 
0.000488576 
0.000561643 
0.000617162 
0.000656504 
0.000681185 
0.000692782 
0.000692859 
0.000682919 
0.000664363 
0.000638473 
0.000606391 
0.000569122 
0.000527536 
0.000482375 
0.000434265 
0.000383729 
0.000331196 
0.000277019 
0.000221485 
0.000164829 
0.000107249 
4.89156e-05 
-1.00145e-05 
-6.93716e-05 
-0.000128987 
-0.000188672 
-0.000248201 
-0.000307298 
-0.00036562 
-0.000422739 
-0.000478122 
-0.000531119 
-0.000580937 
-0.000626631 
-0.000667088 
-0.000701017 
-0.000726954 
-0.000743266 
-0.000748178 
-0.000739822 
-0.000716292 
-0.000675732 
-0.000616437 
-0.000536972 
-0.000436313 
-0.000313852 
-0.000170468 
0.00014414 
0.000266065 
0.000370971 
0.000458348 
0.000528822 
0.000583245 
0.000622716 
0.000648481 
0.000661867 
0.000664214 
0.000656833 
0.000640968 
0.000617774 
0.000588299 
0.000553482 
0.000514147 
0.000471012 
0.000424694 
0.000375717 
0.000324528 
0.000271498 
0.000216945 
0.000161138 
0.00010431 
4.66731e-05 
-1.15734e-05 
-7.0218e-05 
-0.000129048 
-0.00018783 
-0.000246291 
-0.000304111 
-0.000360907 
-0.000416212 
-0.000469468 
-0.000520007 
-0.000567038 
-0.000609636 
-0.000646734 
-0.000677123 
-0.000699453 
-0.000712253 
-0.000713956 
-0.000702946 
-0.000677615 
-0.000636434 
-0.000578045 
-0.000501358 
-0.000405661 
-0.000290607 
-0.000157138 
0.000133613 
0.000247478 
0.000346135 
0.000429033 
0.000496618 
0.000549537 
0.000588666 
0.000615024 
0.000629723 
0.000633908 
0.000628716 
0.000615244 
0.000594529 
0.000567526 
0.000535104 
0.000498037 
0.000457014 
0.000412634 
0.000365419 
0.000315821 
0.000264228 
0.000210979 
0.00015637 
0.000100667 
4.41155e-05 
-1.30488e-05 
-7.05771e-05 
-0.000128219 
-0.000185702 
-0.000242714 
-0.000298901 
-0.000353845 
-0.000407056 
-0.00045796 
-0.000505883 
-0.000550047 
-0.00058956 
-0.000623412 
-0.00065048 
-0.000669532 
-0.000679253 
-0.00067827 
-0.000665195 
-0.000638679 
-0.000597474 
-0.000540512 
-0.000466978 
-0.000376404 
-0.000268645 
-0.000144671 
0.000123682 
0.000229798 
0.00032232 
0.000400671 
0.000465156 
0.000516256 
0.000554661 
0.000581203 
0.000596806 
0.000602446 
0.000599104 
0.000587747 
0.000569298 
0.000544621 
0.000514516 
0.000479707 
0.000440846 
0.000398511 
0.000353217 
0.000305413 
0.0002555 
0.00020383 
0.000150722 
9.64659e-05 
4.13371e-05 
-1.43974e-05 
-7.04592e-05 
-0.000126566 
-0.00018241 
-0.000237653 
-0.00029191 
-0.000344742 
-0.000395642 
-0.00044403 
-0.000489239 
-0.000530513 
-0.000566999 
-0.000597751 
-0.000621735 
-0.000637838 
-0.00064489 
-0.000641696 
-0.000627074 
-0.000599898 
-0.00055916 
-0.000504028 
-0.000433913 
-0.000348538 
-0.00024791 
-0.000133004 
0.000114294 
0.000212971 
0.000299497 
0.000373287 
0.000434529 
0.00048357 
0.000520947 
0.000547332 
0.000563493 
0.000570254 
0.000568462 
0.000558962 
0.000542572 
0.000520073 
0.000492195 
0.000459611 
0.000422935 
0.00038272 
0.000339466 
0.00029362 
0.000245585 
0.000195725 
0.000144373 
9.18395e-05 
3.84224e-05 
-1.55857e-05 
-6.98825e-05 
-0.000124159 
-0.000178083 
-0.000231292 
-0.000283381 
-0.000333896 
-0.000382326 
-0.000428089 
-0.000470536 
-0.000508937 
-0.000542489 
-0.00057031 
-0.000591456 
-0.000604927 
-0.000609691 
-0.000604715 
-0.000588995 
-0.000561601 
-0.000521725 
-0.000468732 
-0.000402215 
-0.000322044 
-0.000228345 
-0.00012208 
0.000105409 
0.000196949 
0.000277639 
0.000346893 
0.000404803 
0.000451609 
0.000487719 
0.000513671 
0.000530097 
0.000537692 
0.000537183 
0.000529304 
0.000514781 
0.000494314 
0.000468566 
0.000438159 
0.000403667 
0.000365618 
0.000324493 
0.000280732 
0.000234736 
0.000186874 
0.000137489 
8.69081e-05 
3.54444e-05 
-1.65891e-05 
-6.88719e-05 
-0.000121075 
-0.000172847 
-0.00022381 
-0.000273545 
-0.000321593 
-0.000367441 
-0.000410518 
-0.000450194 
-0.000485776 
-0.000516509 
-0.000541582 
-0.000560135 
-0.000571276 
-0.000574102 
-0.00056772 
-0.000551288 
-0.000524042 
-0.000485343 
-0.000434719 
-0.000371906 
-0.000296895 
-0.000209895 
-0.000111848 
9.69923e-05 
0.000181692 
0.000256721 
0.000321494 
0.00037603 
0.000420475 
0.000455133 
0.000480428 
0.000496878 
0.000505062 
0.000505601 
0.000499133 
0.000486298 
0.00046772 
0.000444001 
0.000415712 
0.000383388 
0.000347528 
0.000308593 
0.000267011 
0.000223178 
0.000177464 
0.000130219 
8.17773e-05 
3.2465e-05 
-1.73912e-05 
-6.74579e-05 
-0.000117392 
-0.00016683 
-0.000215382 
-0.000262626 
-0.000308099 
-0.000351297 
-0.000391664 
-0.000428595 
-0.000461436 
-0.000489484 
-0.000511996 
-0.000528194 
-0.000537288 
-0.000538488 
-0.000531034 
-0.000514217 
-0.000487419 
-0.000450143 
-0.00040205 
-0.000342993 
-0.000273053 
-0.000192505 
-0.000102262 
8.90133e-05 
0.000167164 
0.000236715 
0.00029709 
0.000348244 
0.000390247 
0.000423316 
0.000447777 
0.000464049 
0.000472613 
0.000473998 
0.000468754 
0.000457443 
0.00044062 
0.000418829 
0.000392591 
0.000362405 
0.000328737 
0.000292029 
0.000252692 
0.000211115 
0.000167666 
0.000122694 
7.65391e-05 
2.95349e-05 
-1.79836e-05 
-6.56752e-05 
-0.000113188 
-0.000160152 
-0.000206173 
-0.000250829 
-0.000293662 
-0.000334178 
-0.000371842 
-0.000406081 
-0.000436278 
-0.000461784 
-0.000481921 
-0.000495992 
-0.000503299 
-0.000503155 
-0.000494915 
-0.000477989 
-0.000451883 
-0.000416217 
-0.000370763 
-0.000315466 
-0.000250479 
-0.000176124 
-9.3279e-05 
8.14475e-05 
0.000153335 
0.000217601 
0.000273678 
0.00032147 
0.000360986 
0.000392365 
0.000415855 
0.000431786 
0.000440558 
0.000442613 
0.000438427 
0.00042849 
0.000413295 
0.000393332 
0.000369075 
0.000340984 
0.000309497 
0.00027503 
0.000237981 
0.000198725 
0.000157624 
0.000115027 
7.12713e-05 
2.66947e-05 
-1.83643e-05 
-6.35612e-05 
-0.000108541 
-0.000152931 
-0.000196339 
-0.000238346 
-0.000278505 
-0.000316339 
-0.000351335 
-0.000382952 
-0.000410615 
-0.000433728 
-0.000451674 
-0.000463833 
-0.000469589 
-0.000468351 
-0.000459571 
-0.000442767 
-0.000417545 
-0.000383627 
-0.000340874 
-0.000289307 
-0.000229129 
-0.000160701 
-8.48617e-05 
7.42736e-05 
0.000140177 
0.000199355 
0.000251252 
0.000295727 
0.000332739 
0.000362362 
0.000384775 
0.000400236 
0.000409068 
0.000411644 
0.00040837 
0.000399672 
0.000385988 
0.000367754 
0.000345403 
0.000319358 
0.000290026 
0.0002578 
0.000223058 
0.000186163 
0.000147468 
0.000107314 
6.60383e-05 
2.39753e-05 
-1.8537e-05 
-6.11548e-05 
-0.000103524 
-0.000145275 
-0.000186021 
-0.000225351 
-0.000262834 
-0.000298009 
-0.000330392 
-0.000359473 
-0.000384721 
-0.00040559 
-0.000421524 
-0.00043197 
-0.00043639 
-0.000434276 
-0.000425168 
-0.000408673 
-0.000384487 
-0.000352414 
-0.000312387 
-0.000264487 
-0.000208959 
-0.000146188 
-7.69747e-05 
6.74734e-05 
0.000127667 
0.000181958 
0.000229803 
0.000271027 
0.00030554 
0.000333368 
0.000354628 
0.000369515 
0.000378288 
0.000381257 
0.000378767 
0.000371187 
0.000358902 
0.000342304 
0.000321783 
0.000297726 
0.000270512 
0.00024051 
0.000208077 
0.000173561 
0.000137304 
9.96378e-05 
6.08928e-05 
2.13991e-05 
-1.85103e-05 
-5.8496e-05 
-9.82087e-05 
-0.000137286 
-0.00017535 
-0.000212003 
-0.000246829 
-0.000279391 
-0.000309231 
-0.000335875 
-0.000358832 
-0.000377605 
-0.000391696 
-0.000400613 
-0.00040389 
-0.000401091 
-0.000391833 
-0.0003758 
-0.000352764 
-0.000322596 
-0.000285291 
-0.000240975 
-0.000189925 
-0.000132541 
-6.95858e-05 
6.10312e-05 
0.000115785 
0.000165392 
0.000209324 
0.000247375 
0.000279418 
0.000305433 
0.000325487 
0.00033972 
0.000348337 
0.00035159 
0.000349771 
0.000343199 
0.000332212 
0.000317158 
0.000298389 
0.000276259 
0.000251117 
0.000223308 
0.00019317 
0.000161033 
0.000127224 
9.20647e-05 
5.58767e-05 
1.89813e-05 
-1.82963e-05 
-5.56243e-05 
-9.26621e-05 
-0.000129057 
-0.000164444 
-0.000198442 
-0.000230652 
-0.000260662 
-0.000288042 
-0.000312354 
-0.000333147 
-0.00034997 
-0.000362377 
-0.000369936 
-0.00037224 
-0.000368922 
-0.000359663 
-0.000344216 
-0.000322412 
-0.000294183 
-0.000259569 
-0.000218736 
-0.000171981 
-0.000119717 
-6.26655e-05 
5.49334e-05 
0.000104512 
0.00014964 
0.000189806 
0.000224775 
0.000254391 
0.000278595 
0.00029741 
0.000310929 
0.000319309 
0.000322755 
0.00032151 
0.000315847 
0.000306062 
0.000292463 
0.000275369 
0.000255099 
0.000231976 
0.00020632 
0.000178447 
0.000148671 
0.000117302 
8.46493e-05 
5.10219e-05 
1.67306e-05 
-1.79099e-05 
-5.25787e-05 
-8.69465e-05 
-0.000120674 
-0.000153411 
-0.000184792 
-0.000214444 
-0.000241976 
-0.00026699 
-0.000289079 
-0.000307835 
-0.000322849 
-0.000333723 
-0.000340078 
-0.000341563 
-0.000337867 
-0.000328732 
-0.000313965 
-0.000293452 
-0.000267169 
-0.000235198 
-0.000197732 
-0.000155085 
-0.000107675 
-5.61867e-05 
4.91682e-05 
9.38312e-05 
0.000134688 
0.000171239 
0.000203229 
0.000230474 
0.000252884 
0.000270442 
0.000283205 
0.000291285 
0.000294845 
0.000294087 
0.000289244 
0.000280572 
0.000268344 
0.000252846 
0.000234367 
0.000213203 
0.000189649 
0.000164001 
0.000136553 
0.0001076 
7.74345e-05 
4.63522e-05 
1.46507e-05 
-1.73682e-05 
-4.93966e-05 
-8.11195e-05 
-0.000112213 
-0.000142343 
-0.000171165 
-0.000198328 
-0.000223467 
-0.000246214 
-0.000266195 
-0.000283038 
-0.000296377 
-0.000305859 
-0.000311151 
-0.000311952 
-0.000308003 
-0.000299093 
-0.000285079 
-0.000265891 
-0.000241544 
-0.00021215 
-0.000177925 
-0.000139194 
-9.63781e-05 
-5.01249e-05 
4.37256e-05 
8.373e-05 
0.000120522 
0.000153616 
0.000182736 
0.000207678 
0.000228322 
0.000244622 
0.000256598 
0.000264327 
0.000267936 
0.000267589 
0.000263483 
0.000255841 
0.000244902 
0.000230922 
0.000214161 
0.000194891 
0.000173381 
0.000149907 
0.000124744 
9.81668e-05 
7.04539e-05 
4.18845e-05 
1.27411e-05 
-1.66892e-05 
-4.6114e-05 
-7.52338e-05 
-0.000103742 
-0.000131324 
-0.000157657 
-0.000182411 
-0.000205249 
-0.000225832 
-0.00024382 
-0.000258874 
-0.000270667 
-0.000278887 
-0.000283245 
-0.000283482 
-0.000279383 
-0.000270783 
-0.000257576 
-0.000239729 
-0.000217291 
-0.000190397 
-0.000159279 
-0.000124271 
-8.57928e-05 
-4.44582e-05 
3.85973e-05 
7.41965e-05 
0.000107131 
0.000136927 
0.000163295 
0.000186009 
0.000204927 
0.000219976 
0.000231147 
0.000238487 
0.000242088 
0.000242084 
0.000238641 
0.00023195 
0.000222221 
0.00020968 
0.000194564 
0.000177116 
0.000157586 
0.000136227 
0.000113292 
8.90411e-05 
6.37327e-05 
3.76296e-05 
1.09979e-05 
-1.5892e-05 
-4.27644e-05 
-6.93376e-05 
-9.53236e-05 
-0.000120428 
-0.00014435 
-0.000166784 
-0.00018742 
-0.000205946 
-0.000222054 
-0.000235439 
-0.000245809 
-0.000252889 
-0.000256429 
-0.000256208 
-0.00025205 
-0.000243825 
-0.000231463 
-0.00021496 
-0.000194391 
-0.000169909 
-0.00014176 
-0.00011028 
-7.58881e-05 
-3.91669e-05 
3.37766e-05 
6.52216e-05 
9.45059e-05 
0.000121169 
0.000144905 
0.000165475 
0.000182715 
0.00019653 
0.000206886 
0.000213805 
0.000217351 
0.00021763 
0.000214781 
0.000208965 
0.000200369 
0.00018919 
0.000175641 
0.000159943 
0.000142322 
0.000123009 
0.00010224 
8.02528e-05 
5.72893e-05 
3.35938e-05 
9.41467e-06 
-1.49957e-05 
-3.93797e-05 
-6.34745e-05 
-8.70121e-05 
-0.000109719 
-0.000131318 
-0.000151527 
-0.000170062 
-0.00018664 
-0.000200981 
-0.000212813 
-0.000221876 
-0.00022793 
-0.000230757 
-0.000230172 
-0.000226031 
-0.000218235 
-0.000206742 
-0.000191573 
-0.000172822 
-0.000150658 
-0.000125334 
-9.71882e-05 
-6.66374e-05 
-3.42342e-05 
2.92586e-05 
5.67987e-05 
8.26412e-05 
0.000106337 
0.000127568 
0.000146081 
0.000161697 
0.000174302 
0.000183842 
0.000190315 
0.000193765 
0.000194273 
0.000191952 
0.000186941 
0.000179401 
0.000169507 
0.000157448 
0.000143421 
0.000127633 
0.000110293 
9.16177e-05 
7.18247e-05 
5.11368e-05 
2.97798e-05 
7.98324e-06 
-1.40193e-05 
-3.59893e-05 
-5.7684e-05 
-7.88561e-05 
-9.92542e-05 
-0.000118623 
-0.000136706 
-0.000153245 
-0.000167982 
-0.000180668 
-0.000191059 
-0.000198927 
-0.000204059 
-0.00020627 
-0.000205404 
-0.000201345 
-0.00019402 
-0.00018341 
-0.000169556 
-0.000152565 
-0.000132618 
-0.000109973 
-8.4969e-05 
-5.80177e-05 
-2.96457e-05 
2.50403e-05 
4.89239e-05 
7.15335e-05 
9.24306e-05 
0.000111285 
0.000127833 
0.000141884 
0.000153308 
0.000162035 
0.000168046 
0.000171363 
0.000172049 
0.000170196 
0.000165922 
0.000159363 
0.000150676 
0.000140027 
0.000127593 
0.000113557 
9.81118e-05 
8.1451e-05 
6.37741e-05 
4.5284e-05 
2.61873e-05 
6.69421e-06 
-1.29813e-05 
-3.26208e-05 
-5.20019e-05 
-7.08987e-05 
-8.90821e-05 
-0.00010632 
-0.000122379 
-0.000137027 
-0.000150033 
-0.000161173 
-0.000170232 
-0.000177008 
-0.000181317 
-0.000183 
-0.000181928 
-0.000178006 
-0.000171184 
-0.000161462 
-0.000148894 
-0.0001336 
-0.000115767 
-9.56546e-05 
-7.35995e-05 
-5.00104e-05 
-2.53901e-05 
2.11208e-05 
4.15965e-05 
6.11833e-05 
7.94509e-05 
9.60598e-05 
0.000110739 
0.000123287 
0.000133564 
0.000141486 
0.00014702 
0.000150174 
0.000150992 
0.000149549 
0.000145943 
0.000140294 
0.000132736 
0.000123416 
0.000112491 
0.000100125 
8.64898e-05 
7.17594e-05 
5.61139e-05 
3.97366e-05 
2.28144e-05 
5.53758e-06 
-1.18998e-05 
-2.92996e-05 
-4.64607e-05 
-6.31787e-05 
-7.92467e-05 
-9.44558e-05 
-0.000108597 
-0.000121461 
-0.000132843 
-0.000142544 
-0.000150374 
-0.000156158 
-0.000159736 
-0.000160972 
-0.000159758 
-0.000156022 
-0.000149728 
-0.000140891 
-0.000129578 
-0.000115912 
-0.000100086 
-8.23583e-05 
-6.30621e-05 
-4.26018e-05 
-2.14591e-05 
1.75014e-05 
3.48194e-05 
5.15945e-05 
6.7404e-05 
8.19009e-05 
9.48089e-05 
0.000105919 
0.000115084 
0.000122213 
0.00012726 
0.000130221 
0.000131128 
0.00013004 
0.000127039 
0.000122226 
0.00011572 
0.000107647 
9.81464e-05 
8.73635e-05 
7.54492e-05 
6.25596e-05 
4.88548e-05 
3.44985e-05 
1.96578e-05 
4.50316e-06 
-1.07918e-05 
-2.60497e-05 
-4.10904e-05 
-5.57314e-05 
-6.97878e-05 
-8.30735e-05 
-9.54024e-05 
-0.00010659 
-0.000116454 
-0.000124821 
-0.000131524 
-0.00013641 
-0.000139342 
-0.000140205 
-0.000138909 
-0.000135398 
-0.000129652 
-0.000121693 
-0.000111596 
-9.94886e-05 
-8.55612e-05 
-7.00709e-05 
-5.3345e-05 
-3.57827e-05 
-1.78475e-05 
1.41859e-05 
2.85988e-05 
4.27754e-05 
5.62994e-05 
6.88185e-05 
8.00536e-05 
8.97928e-05 
9.78853e-05 
0.000104233 
0.000108786 
0.000111529 
0.000112484 
0.000111697 
0.000109237 
0.00010519 
9.96565e-05 
9.27484e-05 
8.45856e-05 
7.52952e-05 
6.50098e-05 
5.38665e-05 
4.20061e-05 
2.95729e-05 
1.67144e-05 
3.58107e-06 
-9.67384e-06 
-2.28935e-05 
-3.59191e-05 
-4.85896e-05 
-6.07419e-05 
-7.22125e-05 
-8.28377e-05 
-9.24556e-05 
-0.000100908 
-0.000108042 
-0.000113714 
-0.000117792 
-0.000120158 
-0.000120716 
-0.000119392 
-0.000116142 
-0.000110956 
-0.000103864 
-9.4943e-05 
-8.43207e-05 
-7.21842e-05 
-5.87846e-05 
-4.4442e-05 
-2.95492e-05 
-1.45535e-05 
1.11806e-05 
2.29449e-05 
3.47382e-05 
4.61503e-05 
5.68264e-05 
6.64881e-05 
7.49241e-05 
8.19833e-05 
8.75666e-05 
9.16185e-05 
9.41206e-05 
9.50849e-05 
9.45482e-05 
9.25672e-05 
8.9215e-05 
8.45773e-05 
7.87495e-05 
7.18354e-05 
6.39445e-05 
5.51914e-05 
4.5695e-05 
3.55772e-05 
2.49633e-05 
1.39814e-05 
2.76205e-06 
-8.56141e-06 
-1.98527e-05 
-3.09739e-05 
-4.1785e-05 
-5.21446e-05 
-6.19108e-05 
-7.09419e-05 
-7.90979e-05 
-8.62421e-05 
-9.22433e-05 
-9.69778e-05 
-0.000100333 
-0.000102209 
-0.000102525 
-0.00010122 
-9.82605e-05 
-9.36438e-05 
-8.74034e-05 
-7.96155e-05 
-7.04047e-05 
-5.99514e-05 
-4.84974e-05 
-3.63529e-05 
-2.39023e-05 
-1.15787e-05 
8.49458e-06 
1.78713e-05 
2.74989e-05 
3.69736e-05 
4.59419e-05 
5.41297e-05 
6.13308e-05 
6.73977e-05 
7.22334e-05 
7.57819e-05 
7.80218e-05 
7.89596e-05 
7.86241e-05 
7.70621e-05 
7.43348e-05 
7.05145e-05 
6.5682e-05 
5.99253e-05 
5.33376e-05 
4.60162e-05 
3.80622e-05 
2.95796e-05 
2.06748e-05 
1.14571e-05 
2.03784e-06 
-7.46942e-06 
-1.69485e-05 
-2.62816e-05 
-3.53495e-05 
-4.40318e-05 
-5.22074e-05 
-5.97557e-05 
-6.65576e-05 
-7.24971e-05 
-7.74628e-05 
-8.135e-05 
-8.40633e-05 
-8.55195e-05 
-8.56506e-05 
-8.44073e-05 
-8.17635e-05 
-7.77209e-05 
-7.23136e-05 
-6.56146e-05 
-5.77415e-05 
-4.88642e-05 
-3.92123e-05 
-2.90824e-05 
-1.88481e-05 
-8.92812e-06 
6.13938e-06 
1.33952e-05 
2.1077e-05 
2.87893e-05 
3.61846e-05 
4.29983e-05 
4.90334e-05 
5.41506e-05 
5.82583e-05 
6.1303e-05 
6.3263e-05 
6.41412e-05 
6.39604e-05 
6.2759e-05 
6.05877e-05 
5.75066e-05 
5.3583e-05 
4.88902e-05 
4.35058e-05 
3.75108e-05 
3.09893e-05 
2.40279e-05 
1.67153e-05 
9.14222e-06 
1.40155e-06 
-6.41214e-06 
-1.4202e-05 
-2.187e-05 
-2.93167e-05 
-3.64416e-05 
-4.3144e-05 
-4.93232e-05 
-5.48801e-05 
-5.97179e-05 
-6.37439e-05 
-6.68711e-05 
-6.90201e-05 
-7.01219e-05 
-7.01203e-05 
-6.89754e-05 
-6.6667e-05 
-6.31985e-05 
-5.86024e-05 
-5.29456e-05 
-4.63355e-05 
-3.89281e-05 
-3.09365e-05 
-2.26399e-05 
-1.43965e-05 
-6.60956e-06 
4.12848e-06 
9.53582e-06 
1.54937e-05 
2.16186e-05 
2.75756e-05 
3.31152e-05 
3.8055e-05 
4.22677e-05 
4.56703e-05 
4.8215e-05 
4.98813e-05 
5.06706e-05 
5.06012e-05 
4.97044e-05 
4.80213e-05 
4.5601e-05 
4.24985e-05 
3.87732e-05 
3.4488e-05 
2.97088e-05 
2.45034e-05 
1.89421e-05 
1.30965e-05 
7.04007e-06 
8.47926e-07 
-5.40339e-06 
-1.16355e-05 
-1.7769e-05 
-2.37233e-05 
-2.94169e-05 
-3.47681e-05 
-3.96954e-05 
-4.41181e-05 
-4.79577e-05 
-5.11388e-05 
-5.35906e-05 
-5.52486e-05 
-5.60567e-05 
-5.59691e-05 
-5.49534e-05 
-5.29937e-05 
-5.00939e-05 
-4.62825e-05 
-4.16179e-05 
-3.61946e-05 
-3.01511e-05 
-2.36798e-05 
-1.70371e-05 
-1.05601e-05 
-4.63325e-06 
2.47633e-06 
6.31277e-06 
1.07699e-05 
1.54822e-05 
2.01357e-05 
2.4503e-05 
2.84211e-05 
3.17789e-05 
3.45052e-05 
3.65592e-05 
3.79239e-05 
3.86004e-05 
3.86033e-05 
3.79576e-05 
3.66964e-05 
3.48584e-05 
3.24872e-05 
2.96293e-05 
2.63343e-05 
2.26536e-05 
1.86403e-05 
1.43491e-05 
9.83588e-06 
5.158e-06 
3.73943e-07 
-4.45656e-06 
-9.27237e-06 
-1.40115e-05 
-1.86108e-05 
-2.30068e-05 
-2.71354e-05 
-3.09326e-05 
-3.43352e-05 
-3.72816e-05 
-3.97122e-05 
-4.15715e-05 
-4.28083e-05 
-4.33781e-05 
-4.32446e-05 
-4.23817e-05 
-4.07767e-05 
-3.84326e-05 
-3.53726e-05 
-3.1645e-05 
-2.73287e-05 
-2.25418e-05 
-1.74514e-05 
-1.22854e-05 
-7.35187e-06 
-3.01013e-06 
1.19618e-06 
3.74259e-06 
6.92179e-06 
1.03962e-05 
1.38827e-05 
1.71831e-05 
2.01594e-05 
2.27197e-05 
2.48066e-05 
2.63881e-05 
2.74514e-05 
2.79979e-05 
2.80392e-05 
2.75951e-05 
2.66908e-05 
2.53561e-05 
2.36237e-05 
2.15288e-05 
1.91085e-05 
1.6401e-05 
1.34461e-05 
1.02844e-05 
6.95738e-06 
3.50762e-06 
-2.14266e-08 
-3.58537e-06 
-7.13875e-06 
-1.06354e-05 
-1.40284e-05 
-1.72702e-05 
-2.0313e-05 
-2.31089e-05 
-2.56105e-05 
-2.77715e-05 
-2.95471e-05 
-3.08952e-05 
-3.1777e-05 
-3.21586e-05 
-3.2012e-05 
-3.13169e-05 
-3.00627e-05 
-2.82511e-05 
-2.58994e-05 
-2.30446e-05 
-1.97488e-05 
-1.61069e-05 
-1.22568e-05 
-8.39168e-06 
-4.78101e-06 
-1.74936e-06 
2.96626e-07 
1.83367e-06 
3.95625e-06 
6.36795e-06 
8.82841e-06 
1.11758e-05 
1.33009e-05 
1.51334e-05 
1.66308e-05 
1.77702e-05 
1.85431e-05 
1.89514e-05 
1.90041e-05 
1.8716e-05 
1.81055e-05 
1.71939e-05 
1.60046e-05 
1.45624e-05 
1.28933e-05 
1.10241e-05 
8.98241e-06 
6.79658e-06 
4.49546e-06 
2.10863e-06 
-3.33712e-07 
-2.80069e-06 
-5.26065e-06 
-7.6814e-06 
-1.00302e-05 
-1.22737e-05 
-1.43785e-05 
-1.6311e-05 
-1.80377e-05 
-1.9526e-05 
-2.07441e-05 
-2.16621e-05 
-2.22523e-05 
-2.24901e-05 
-2.23551e-05 
-2.1832e-05 
-2.09124e-05 
-1.95965e-05 
-1.78958e-05 
-1.58359e-05 
-1.3462e-05 
-1.08447e-05 
-8.08956e-06 
-5.34945e-06 
-2.84507e-06 
-8.52936e-07 
-2.25952e-07 
5.74686e-07 
1.85719e-06 
3.38344e-06 
4.96728e-06 
6.48887e-06 
7.87018e-06 
9.06271e-06 
1.00381e-05 
1.07819e-05 
1.12892e-05 
1.15621e-05 
1.16071e-05 
1.14342e-05 
1.10558e-05 
1.04858e-05 
9.7393e-06 
8.83229e-06 
7.78135e-06 
6.60355e-06 
5.31641e-06 
3.9378e-06 
2.48601e-06 
9.79721e-07 
-5.61955e-07 
-2.11947e-06 
-3.67275e-06 
-5.20135e-06 
-6.6844e-06 
-8.10071e-06 
-9.42882e-06 
-1.06472e-05 
-1.17344e-05 
-1.26693e-05 
-1.34313e-05 
-1.40011e-05 
-1.43603e-05 
-1.44927e-05 
-1.43845e-05 
-1.40253e-05 
-1.34086e-05 
-1.25337e-05 
-1.14069e-05 
-1.00442e-05 
-8.47456e-06 
-6.74511e-06 
-4.9285e-06 
-3.1337e-06 
-1.52345e-06 
-3.10314e-07 
-3.94169e-07 
-7.12766e-08 
5.85079e-07 
1.41252e-06 
2.28747e-06 
3.13407e-06 
3.90441e-06 
4.56977e-06 
5.11388e-06 
5.52882e-06 
5.81227e-06 
5.96572e-06 
5.99322e-06 
5.9006e-06 
5.69487e-06 
5.3839e-06 
4.97612e-06 
4.48034e-06 
3.9057e-06 
3.26156e-06 
2.55751e-06 
1.8033e-06 
1.00895e-06 
1.84647e-07 
-6.59128e-07 
-1.51165e-06 
-2.3619e-06 
-3.1986e-06 
-4.01024e-06 
-4.78506e-06 
-5.51117e-06 
-6.17656e-06 
-6.76925e-06 
-7.2774e-06 
-7.68947e-06 
-7.99439e-06 
-8.18182e-06 
-8.24237e-06 
-8.16798e-06 
-7.9523e-06 
-7.59123e-06 
-7.08363e-06 
-6.43237e-06 
-5.6457e-06 
-4.7395e-06 
-3.74048e-06 
-2.69109e-06 
-1.65701e-06 
-7.39075e-07 
-7.23094e-08 
-2.86274e-07 
-2.33775e-07 
-2.17879e-08 
2.79708e-07 
6.1208e-07 
9.40422e-07 
1.24234e-06 
1.50443e-06 
1.71902e-06 
1.88225e-06 
1.99278e-06 
2.05095e-06 
2.05825e-06 
2.01693e-06 
1.92976e-06 
1.79985e-06 
1.63059e-06 
1.4255e-06 
1.18827e-06 
9.22678e-07 
6.32602e-07 
3.22022e-07 
-4.97853e-09 
-3.44205e-07 
-6.91342e-07 
-1.04194e-06 
-1.39142e-06 
-1.73507e-06 
-2.06805e-06 
-2.38541e-06 
-2.68214e-06 
-2.95315e-06 
-3.19334e-06 
-3.39769e-06 
-3.56126e-06 
-3.67931e-06 
-3.74741e-06 
-3.76149e-06 
-3.71804e-06 
-3.61425e-06 
-3.44825e-06 
-3.21938e-06 
-2.92868e-06 
-2.57947e-06 
-2.17831e-06 
-1.73641e-06 
-1.27163e-06 
-8.115e-07 
-3.97021e-07 
-7.66361e-08 
