0.000131729 -3.2601e-06 -2.51734e-06 
0.00014678 -3.65856e-06 -2.20565e-06 
0.000162243 -4.07278e-06 -1.70239e-06 
0.000177823 -4.4882e-06 -1.10739e-06 
0.000193412 -4.92436e-06 -4.73324e-07 
0.000209032 -5.39561e-06 1.79954e-07 
0.000224764 -5.91178e-06 8.47851e-07 
0.000240708 -6.47458e-06 1.53901e-06 
0.000256941 -7.08308e-06 2.26536e-06 
0.000273532 -7.74332e-06 3.03039e-06 
0.000290538 -8.44995e-06 3.84247e-06 
0.000308 -9.20686e-06 4.70891e-06 
0.000325946 -1.00109e-05 5.63456e-06 
0.000344391 -1.08625e-05 6.62511e-06 
0.00036334 -1.17602e-05 7.6795e-06 
0.000382795 -1.2703e-05 8.80165e-06 
0.000402749 -1.36888e-05 9.99102e-06 
0.000423185 -1.47141e-05 1.12474e-05 
0.000444081 -1.5777e-05 1.25771e-05 
0.000465398 -1.68732e-05 1.3971e-05 
0.000487102 -1.80008e-05 1.54238e-05 
0.00050916 -1.91538e-05 1.69379e-05 
0.000531522 -2.03288e-05 1.85126e-05 
0.000554115 -2.15126e-05 2.01338e-05 
0.000576897 -2.27168e-05 2.18009e-05 
0.000599792 -2.39114e-05 2.35067e-05 
0.000622739 -2.51174e-05 2.52422e-05 
0.000645654 -2.62975e-05 2.70011e-05 
0.000668457 -2.74706e-05 2.87853e-05 
0.000691053 -2.86141e-05 3.05685e-05 
0.000713364 -2.97277e-05 3.23462e-05 
0.000735277 -3.07853e-05 3.41295e-05 
0.00075669 -3.18162e-05 3.58903e-05 
0.000777507 -3.27793e-05 3.76153e-05 
0.000797637 -3.36876e-05 3.92995e-05 
0.000816962 -3.45108e-05 4.09416e-05 
0.000835368 -3.52663e-05 4.25145e-05 
0.000852759 -3.59267e-05 4.4032e-05 
0.000868994 -3.6495e-05 4.54683e-05 
0.000884028 -3.69963e-05 4.68038e-05 
0.000897756 -3.73617e-05 4.80381e-05 
0.000910055 -3.76205e-05 4.9179e-05 
0.000920911 -3.7822e-05 5.01876e-05 
0.000930258 -3.78725e-05 5.10838e-05 
0.000938053 -3.78563e-05 5.18293e-05 
0.000944319 -3.77246e-05 5.24602e-05 
0.000949063 -3.75351e-05 5.29419e-05 
0.000952575 -3.74079e-05 5.3147e-05 
0.000955404 -3.70649e-05 5.44222e-05 
0.000114739 -2.43445e-06 -2.81306e-06 
0.000127788 -2.74049e-06 -2.53032e-06 
0.000141115 -3.03091e-06 -2.18837e-06 
0.000154543 -3.33344e-06 -1.7365e-06 
0.000167906 -3.64964e-06 -1.21977e-06 
0.000181156 -3.98743e-06 -6.75597e-07 
0.000194324 -4.35209e-06 -1.2241e-07 
0.000207477 -4.74746e-06 4.35672e-07 
0.000220693 -5.17403e-06 1.0059e-06 
0.000234037 -5.63437e-06 1.59388e-06 
0.000247562 -6.12562e-06 2.20335e-06 
0.000261314 -6.64975e-06 2.84226e-06 
0.00027532 -7.20435e-06 3.51466e-06 
0.000289605 -7.79173e-06 4.22354e-06 
0.000304178 -8.40682e-06 4.97286e-06 
0.000319047 -9.05348e-06 5.76151e-06 
0.000334213 -9.72689e-06 6.59129e-06 
0.000349671 -1.04258e-05 7.46414e-06 
0.000365415 -1.11528e-05 8.37693e-06 
0.000381427 -1.18981e-05 9.33218e-06 
0.000397685 -1.26648e-05 1.03246e-05 
0.000414173 -1.34495e-05 1.13508e-05 
0.000430861 -1.42436e-05 1.24157e-05 
0.000447716 -1.50539e-05 1.35118e-05 
0.000464709 -1.58717e-05 1.46349e-05 
0.000481802 -1.66918e-05 1.5776e-05 
0.000498954 -1.7505e-05 1.6947e-05 
0.000516106 -1.83207e-05 1.81273e-05 
0.000533231 -1.91276e-05 1.93255e-05 
0.000550254 -1.99158e-05 2.05302e-05 
0.000567129 -2.06935e-05 2.17334e-05 
0.00058379 -2.14368e-05 2.2942e-05 
0.000600175 -2.21688e-05 2.41433e-05 
0.000616204 -2.28531e-05 2.5322e-05 
0.000631813 -2.35014e-05 2.6491e-05 
0.000646927 -2.41152e-05 2.76338e-05 
0.000661493 -2.46888e-05 2.87483e-05 
0.000675404 -2.51923e-05 2.98318e-05 
0.000688602 -2.56656e-05 3.08719e-05 
0.000701006 -2.60614e-05 3.18626e-05 
0.000712548 -2.64072e-05 3.2781e-05 
0.000723187 -2.66758e-05 3.36663e-05 
0.000732831 -2.68965e-05 3.44709e-05 
0.000741419 -2.70211e-05 3.51985e-05 
0.000748954 -2.71128e-05 3.58652e-05 
0.000755379 -2.71231e-05 3.64302e-05 
0.000760705 -2.70723e-05 3.69328e-05 
0.000764893 -2.69682e-05 3.73471e-05 
0.000768088 -2.68904e-05 3.76232e-05 
0.000770153 -2.6323e-05 3.85203e-05 
0.000113763 -1.97281e-06 -2.6599e-06 
0.000125255 -2.28454e-06 -2.44172e-06 
0.000137045 -2.54279e-06 -2.09242e-06 
0.000148789 -2.77894e-06 -1.66802e-06 
0.000160347 -3.02266e-06 -1.20572e-06 
0.000171702 -3.28423e-06 -7.31958e-07 
0.000182899 -3.56698e-06 -2.57687e-07 
0.000194002 -3.87231e-06 2.15786e-07 
0.000205076 -4.20037e-06 6.93121e-07 
0.000216174 -4.55018e-06 1.17822e-06 
0.000227344 -4.92268e-06 1.67556e-06 
0.000238618 -5.3147e-06 2.19074e-06 
0.000250022 -5.72986e-06 2.72471e-06 
0.000261576 -6.16287e-06 3.27958e-06 
0.00027329 -6.61419e-06 3.85918e-06 
0.000285171 -7.0848e-06 4.45968e-06 
0.000297225 -7.57107e-06 5.08429e-06 
0.00030945 -8.07194e-06 5.73322e-06 
0.000321841 -8.58773e-06 6.40284e-06 
0.000334397 -9.11554e-06 7.096e-06 
0.000347103 -9.65344e-06 7.80699e-06 
0.000359946 -1.01974e-05 8.53901e-06 
0.000372916 -1.07533e-05 9.28758e-06 
0.000385986 -1.13055e-05 1.00509e-05 
0.000399136 -1.1863e-05 1.08292e-05 
0.000412351 -1.24245e-05 1.16168e-05 
0.000425603 -1.29787e-05 1.24195e-05 
0.000438848 -1.35272e-05 1.32241e-05 
0.000452063 -1.40681e-05 1.40376e-05 
0.000465207 -1.45999e-05 1.48537e-05 
0.00047824 -1.51162e-05 1.56673e-05 
0.000491121 -1.56153e-05 1.6487e-05 
0.000503789 -1.60971e-05 1.72935e-05 
0.000516216 -1.65579e-05 1.80959e-05 
0.00052834 -1.6991e-05 1.88874e-05 
0.000540093 -1.73906e-05 1.9665e-05 
0.000551437 -1.77716e-05 2.04217e-05 
0.000562326 -1.81148e-05 2.11625e-05 
0.000572671 -1.84117e-05 2.1874e-05 
0.000582443 -1.86867e-05 2.25594e-05 
0.000591585 -1.8913e-05 2.32057e-05 
0.000600058 -1.91009e-05 2.38279e-05 
0.000607787 -1.92431e-05 2.43988e-05 
0.00061476 -1.93461e-05 2.49349e-05 
0.000620926 -1.94047e-05 2.54103e-05 
0.000626275 -1.94168e-05 2.58452e-05 
0.000630783 -1.93974e-05 2.62329e-05 
0.00063442 -1.93318e-05 2.65753e-05 
0.000637223 -1.92684e-05 2.68118e-05 
0.00063904 -1.87394e-05 2.76404e-05 
0.000113471 -1.67878e-06 -2.39812e-06 
0.000123561 -1.95403e-06 -2.22699e-06 
0.000133928 -2.18327e-06 -1.8952e-06 
0.000144185 -2.38377e-06 -1.49017e-06 
0.000154191 -2.58493e-06 -1.06219e-06 
0.000163942 -2.79906e-06 -6.34018e-07 
0.000173488 -3.02966e-06 -2.12755e-07 
0.000182892 -3.27596e-06 2.02742e-07 
0.000192211 -3.5391e-06 6.15245e-07 
0.000201493 -3.81652e-06 1.02911e-06 
0.000210775 -4.10824e-06 1.44763e-06 
0.000220089 -4.41471e-06 1.87369e-06 
0.000229459 -4.73323e-06 2.30709e-06 
0.000238902 -5.06315e-06 2.75234e-06 
0.000248431 -5.40541e-06 3.2081e-06 
0.000258056 -5.75722e-06 3.67287e-06 
0.000267786 -6.11739e-06 4.15015e-06 
0.00027762 -6.48602e-06 4.63905e-06 
0.000287559 -6.86235e-06 5.13702e-06 
0.000297607 -7.24534e-06 5.64464e-06 
0.000307757 -7.63026e-06 6.16325e-06 
0.000318002 -8.02243e-06 6.69042e-06 
0.00032833 -8.41289e-06 7.22607e-06 
0.000338737 -8.81021e-06 7.76936e-06 
0.000349205 -9.20215e-06 8.3175e-06 
0.000359715 -9.59151e-06 8.87196e-06 
0.000370254 -9.98198e-06 9.43433e-06 
0.000380796 -1.03656e-05 9.99855e-06 
0.000391316 -1.07411e-05 1.0568e-05 
0.000401788 -1.11128e-05 1.11353e-05 
0.000412182 -1.14678e-05 1.17075e-05 
0.000422462 -1.18169e-05 1.22783e-05 
0.000432591 -1.21482e-05 1.28433e-05 
0.000442536 -1.24647e-05 1.34062e-05 
0.000452253 -1.27627e-05 1.39667e-05 
0.000461699 -1.30454e-05 1.45169e-05 
0.000470828 -1.33001e-05 1.50535e-05 
0.000479603 -1.35349e-05 1.55856e-05 
0.000487975 -1.37489e-05 1.61018e-05 
0.000495901 -1.39335e-05 1.65938e-05 
0.00050335 -1.40908e-05 1.70703e-05 
0.000510277 -1.42221e-05 1.75242e-05 
0.000516637 -1.43177e-05 1.79547e-05 
0.000522409 -1.43955e-05 1.8351e-05 
0.000527561 -1.44289e-05 1.87228e-05 
0.000532071 -1.44486e-05 1.90621e-05 
0.000535906 -1.4423e-05 1.93783e-05 
0.000539033 -1.43832e-05 1.96699e-05 
0.000541489 -1.4345e-05 1.98674e-05 
0.000543053 -1.38392e-05 2.0643e-05 
0.000113324 -1.48348e-06 -2.08781e-06 
0.000122173 -1.72371e-06 -1.93329e-06 
0.000131233 -1.92431e-06 -1.61542e-06 
0.000140136 -2.09837e-06 -1.2323e-06 
0.000148761 -2.27072e-06 -8.37167e-07 
0.000157114 -2.45092e-06 -4.5066e-07 
0.000165245 -2.64186e-06 -7.75184e-08 
0.000173213 -2.84336e-06 2.84616e-07 
0.000181069 -3.05541e-06 6.37722e-07 
0.000188858 -3.27674e-06 9.86145e-07 
0.000196614 -3.50673e-06 1.33163e-06 
0.000204365 -3.74413e-06 1.67623e-06 
0.000212135 -3.98881e-06 2.02214e-06 
0.000219941 -4.24083e-06 2.37012e-06 
0.000227797 -4.49809e-06 2.71967e-06 
0.000235715 -4.76008e-06 3.07307e-06 
0.000243704 -5.02824e-06 3.4304e-06 
0.000251767 -5.29942e-06 3.79133e-06 
0.000259907 -5.57393e-06 4.15571e-06 
0.000268127 -5.85133e-06 4.52521e-06 
0.000276425 -6.13215e-06 4.90056e-06 
0.000284796 -6.41425e-06 5.27834e-06 
0.000293239 -6.69743e-06 5.66141e-06 
0.00030174 -6.97865e-06 6.04775e-06 
0.000310296 -7.26217e-06 6.43986e-06 
0.00031889 -7.54211e-06 6.83652e-06 
0.000327509 -7.82123e-06 7.2341e-06 
0.000336135 -8.09286e-06 7.63815e-06 
0.000344748 -8.36399e-06 8.04446e-06 
0.000353329 -8.62782e-06 8.44998e-06 
0.000361856 -8.88335e-06 8.86205e-06 
0.000370293 -9.13056e-06 9.27147e-06 
0.000378617 -9.36767e-06 9.68316e-06 
0.000386797 -9.59506e-06 1.00939e-05 
0.000394799 -9.80927e-06 1.0503e-05 
0.000402587 -1.00091e-05 1.09062e-05 
0.00041013 -1.01937e-05 1.13076e-05 
0.000417389 -1.03637e-05 1.17004e-05 
0.000424324 -1.05105e-05 1.20861e-05 
0.000430905 -1.06461e-05 1.24601e-05 
0.000437107 -1.07609e-05 1.28229e-05 
0.00044289 -1.08542e-05 1.31712e-05 
0.000448229 -1.0929e-05 1.35029e-05 
0.000453088 -1.09766e-05 1.38143e-05 
0.000457455 -1.10102e-05 1.41128e-05 
0.000461287 -1.10154e-05 1.43893e-05 
0.000464571 -1.10054e-05 1.46554e-05 
0.00046726 -1.09699e-05 1.48961e-05 
0.00046939 -1.09388e-05 1.50651e-05 
0.000470723 -1.04774e-05 1.57761e-05 
0.000112995 -1.35288e-06 -1.7492e-06 
0.000120728 -1.55976e-06 -1.6004e-06 
0.000128596 -1.73211e-06 -1.2991e-06 
0.000136277 -1.88199e-06 -9.47562e-07 
0.000143681 -2.0285e-06 -5.94601e-07 
0.000150824 -2.17902e-06 -2.57037e-07 
0.000157755 -2.3353e-06 6.23643e-08 
0.000164526 -2.49743e-06 3.66092e-07 
0.000171186 -2.6653e-06 6.56444e-07 
0.000177773 -2.83796e-06 9.37374e-07 
0.00018432 -3.01544e-06 1.21069e-06 
0.000190852 -3.19671e-06 1.47892e-06 
0.000197391 -3.38177e-06 1.74331e-06 
0.000203953 -3.57015e-06 2.00479e-06 
0.000210552 -3.76106e-06 2.26571e-06 
0.000217199 -3.95581e-06 2.52621e-06 
0.000223902 -4.15253e-06 2.78657e-06 
0.000230665 -4.35095e-06 3.04928e-06 
0.000237491 -4.55266e-06 3.3132e-06 
0.000244384 -4.7556e-06 3.57929e-06 
0.000251342 -4.95955e-06 3.84766e-06 
0.000258362 -5.16383e-06 4.11944e-06 
0.00026544 -5.36943e-06 4.39563e-06 
0.00027257 -5.57629e-06 4.67532e-06 
0.000279744 -5.78238e-06 4.95734e-06 
0.000286955 -5.98647e-06 5.2445e-06 
0.000294185 -6.18888e-06 5.53489e-06 
0.000301425 -6.3904e-06 5.83066e-06 
0.000308655 -6.58741e-06 6.12736e-06 
0.00031586 -6.77989e-06 6.42892e-06 
0.000323022 -6.97082e-06 6.73285e-06 
0.000330115 -7.15053e-06 7.0399e-06 
0.000337114 -7.32649e-06 7.34885e-06 
0.000343996 -7.4946e-06 7.65668e-06 
0.000350732 -7.64995e-06 7.96755e-06 
0.000357291 -7.79941e-06 8.2761e-06 
0.000363652 -7.93679e-06 8.58246e-06 
0.000369775 -8.05859e-06 8.8872e-06 
0.000375636 -8.17277e-06 9.18718e-06 
0.000381204 -8.26954e-06 9.47771e-06 
0.000386455 -8.35278e-06 9.76354e-06 
0.000391361 -8.42322e-06 1.00405e-05 
0.000395899 -8.47766e-06 1.03068e-05 
0.000400045 -8.51723e-06 1.05632e-05 
0.000403777 -8.54141e-06 1.08039e-05 
0.00040707 -8.54448e-06 1.10363e-05 
0.000409889 -8.5312e-06 1.12572e-05 
0.000412206 -8.50291e-06 1.14646e-05 
0.000414055 -8.48157e-06 1.16076e-05 
0.000415173 -8.04842e-06 1.2247e-05 
0.000112301 -1.26211e-06 -1.41553e-06 
0.000119045 -1.43466e-06 -1.2728e-06 
0.000125853 -1.57807e-06 -9.98474e-07 
0.000132467 -1.70302e-06 -6.91112e-07 
0.000138828 -1.82388e-06 -3.91363e-07 
0.00014496 -1.94526e-06 -1.11133e-07 
0.000150908 -2.06935e-06 1.48382e-07 
0.000156719 -2.19553e-06 3.90237e-07 
0.000162435 -2.32436e-06 6.17193e-07 
0.000168089 -2.45569e-06 8.32555e-07 
0.000173711 -2.58887e-06 1.0386e-06 
0.000179323 -2.72431e-06 1.23752e-06 
0.000184942 -2.8608e-06 1.43153e-06 
0.000190584 -2.99955e-06 1.62192e-06 
0.000196258 -3.13994e-06 1.81064e-06 
0.000201974 -3.28228e-06 1.99763e-06 
0.00020774 -3.42647e-06 2.18453e-06 
0.000213558 -3.5716e-06 2.37297e-06 
0.00021943 -3.71892e-06 2.56166e-06 
0.000225359 -3.86675e-06 2.75359e-06 
0.000231342 -4.017e-06 2.94821e-06 
0.000237377 -4.16793e-06 3.14641e-06 
0.00024346 -4.31978e-06 3.34753e-06 
0.000249585 -4.47182e-06 3.55182e-06 
0.000255746 -4.62384e-06 3.76078e-06 
0.000261936 -4.77702e-06 3.97376e-06 
0.000268142 -4.92699e-06 4.19171e-06 
0.000274351 -5.07751e-06 4.41293e-06 
0.000280553 -5.22559e-06 4.63781e-06 
0.000286732 -5.36998e-06 4.86769e-06 
0.000292868 -5.51206e-06 5.09975e-06 
0.000298947 -5.64976e-06 5.33758e-06 
0.000304944 -5.78234e-06 5.57568e-06 
0.00031084 -5.90841e-06 5.81618e-06 
0.000316611 -6.0273e-06 6.06142e-06 
0.000322232 -6.14106e-06 6.3028e-06 
0.000327681 -6.243e-06 6.54702e-06 
0.000332929 -6.3381e-06 6.79151e-06 
0.000337951 -6.42346e-06 7.03059e-06 
0.000342728 -6.49845e-06 7.26729e-06 
0.000347235 -6.56225e-06 7.49993e-06 
0.000351446 -6.61426e-06 7.7269e-06 
0.000355345 -6.6578e-06 7.9455e-06 
0.000358912 -6.68573e-06 8.15762e-06 
0.000362125 -6.703e-06 8.36104e-06 
0.000364963 -6.70649e-06 8.55997e-06 
0.000367396 -6.69531e-06 8.74961e-06 
0.000369396 -6.67071e-06 8.92724e-06 
0.000370996 -6.65306e-06 9.04815e-06 
0.000371931 -6.25131e-06 9.62505e-06 
0.000111211 -1.18974e-06 -1.12434e-06 
0.000117107 -1.32679e-06 -9.93706e-07 
0.000123015 -1.44086e-06 -7.57897e-07 
0.000128741 -1.54008e-06 -5.04169e-07 
0.000134253 -1.63534e-06 -2.63741e-07 
0.00013958 -1.72956e-06 -4.42717e-08 
0.000144761 -1.82352e-06 1.5485e-07 
0.000149836 -1.91829e-06 3.36881e-07 
0.000154839 -2.01362e-06 5.04654e-07 
0.0001598 -2.11003e-06 6.61109e-07 
0.00016474 -2.20723e-06 8.09053e-07 
0.00016968 -2.30553e-06 9.50451e-07 
0.000174632 -2.40475e-06 1.08779e-06 
0.000179608 -2.50497e-06 1.22208e-06 
0.000184616 -2.60701e-06 1.3545e-06 
0.000189662 -2.70977e-06 1.4862e-06 
0.000194751 -2.81404e-06 1.61878e-06 
0.000199885 -2.92009e-06 1.75323e-06 
0.000205064 -3.02754e-06 1.88926e-06 
0.000210289 -3.13695e-06 2.02834e-06 
0.000215558 -3.24702e-06 2.17022e-06 
0.000220868 -3.35856e-06 2.31608e-06 
0.000226215 -3.47134e-06 2.46567e-06 
0.000231593 -3.58516e-06 2.61953e-06 
0.000236996 -3.69936e-06 2.77829e-06 
0.000242416 -3.81438e-06 2.94111e-06 
0.000247846 -3.92946e-06 3.10939e-06 
0.000253273 -4.04344e-06 3.28081e-06 
0.000258688 -4.15633e-06 3.45739e-06 
0.000264077 -4.26846e-06 3.63814e-06 
0.000269423 -4.37662e-06 3.82286e-06 
0.000274714 -4.4837e-06 4.0113e-06 
0.000279932 -4.58582e-06 4.20255e-06 
0.000285057 -4.68387e-06 4.39746e-06 
0.000290071 -4.77745e-06 4.59435e-06 
0.00029495 -4.8631e-06 4.79211e-06 
0.000299677 -4.94483e-06 4.99287e-06 
0.000304228 -5.01828e-06 5.19251e-06 
0.000308582 -5.08449e-06 5.39027e-06 
0.00031272 -5.14195e-06 5.58805e-06 
0.000316624 -5.19392e-06 5.78158e-06 
0.000320272 -5.23341e-06 5.97264e-06 
0.000323647 -5.26674e-06 6.15671e-06 
0.000326735 -5.2893e-06 6.33815e-06 
0.000329514 -5.30162e-06 6.51356e-06 
0.000331966 -5.30458e-06 6.68345e-06 
0.000334066 -5.29215e-06 6.84948e-06 
0.000335791 -5.27454e-06 7.00313e-06 
0.000337177 -5.26058e-06 7.10515e-06 
0.00033796 -4.8874e-06 7.62173e-06 
0.000109816 -1.12041e-06 -9.05363e-07 
0.000115023 -1.22255e-06 -7.931e-07 
0.000120209 -1.30797e-06 -6.0294e-07 
0.000125237 -1.3824e-06 -4.0607e-07 
0.000130097 -1.45327e-06 -2.24916e-07 
0.000134817 -1.52233e-06 -6.33579e-08 
0.00013943 -1.59047e-06 8.03529e-08 
0.000143969 -1.65817e-06 2.0894e-07 
0.000148461 -1.72574e-06 3.25584e-07 
0.000152928 -1.79374e-06 4.3267e-07 
0.000157389 -1.86188e-06 5.33167e-07 
0.000161855 -1.93092e-06 6.28712e-07 
0.000166339 -2.00055e-06 7.21527e-07 
0.000170847 -2.07141e-06 8.12408e-07 
0.000175384 -2.14293e-06 9.02897e-07 
0.000179954 -2.21618e-06 9.94412e-07 
0.000184561 -2.29114e-06 1.08718e-06 
0.000189202 -2.36692e-06 1.18255e-06 
0.000193879 -2.44469e-06 1.28081e-06 
0.00019859 -2.52446e-06 1.38229e-06 
0.000203332 -2.60547e-06 1.48816e-06 
0.000208102 -2.68809e-06 1.59851e-06 
0.000212894 -2.77279e-06 1.71291e-06 
0.000217706 -2.85823e-06 1.83231e-06 
0.00022253 -2.94528e-06 1.95657e-06 
0.000227359 -3.0327e-06 2.08559e-06 
0.000232186 -3.12142e-06 2.21929e-06 
0.000237003 -3.20955e-06 2.35788e-06 
0.000241799 -3.29798e-06 2.50094e-06 
0.000246562 -3.38475e-06 2.64869e-06 
0.000251282 -3.47123e-06 2.80073e-06 
0.000255945 -3.5551e-06 2.95572e-06 
0.000260536 -3.63602e-06 3.11534e-06 
0.00026504 -3.7146e-06 3.27767e-06 
0.000269439 -3.7884e-06 3.4429e-06 
0.000273717 -3.85877e-06 3.61034e-06 
0.000277855 -3.92327e-06 3.77853e-06 
0.000281835 -3.98184e-06 3.94807e-06 
0.000285639 -4.03522e-06 4.11713e-06 
0.000289251 -4.08263e-06 4.28526e-06 
0.000292653 -4.12238e-06 4.45034e-06 
0.000295831 -4.15534e-06 4.6151e-06 
0.000298765 -4.18102e-06 4.77494e-06 
0.000301447 -4.19999e-06 4.93218e-06 
0.000303856 -4.20965e-06 5.0852e-06 
0.000305976 -4.21028e-06 5.23398e-06 
0.000307789 -4.20132e-06 5.37986e-06 
0.000309272 -4.18468e-06 5.51348e-06 
0.000310471 -4.17822e-06 5.59793e-06 
0.000311126 -3.82856e-06 6.06343e-06 
0.000108287 -1.04603e-06 -7.73832e-07 
0.000112972 -1.11537e-06 -6.83525e-07 
0.000117615 -1.17436e-06 -5.40271e-07 
0.00012213 -1.22596e-06 -3.97693e-07 
0.000126521 -1.27488e-06 -2.70646e-07 
0.000130812 -1.32191e-06 -1.60453e-07 
0.000135033 -1.36767e-06 -6.4942e-08 
0.000139207 -1.41285e-06 1.83644e-08 
0.000143355 -1.4574e-06 9.24006e-08 
0.000147493 -1.50193e-06 1.59456e-07 
0.000151634 -1.5469e-06 2.21826e-07 
0.000155787 -1.592e-06 2.81308e-07 
0.000159957 -1.63816e-06 3.3952e-07 
0.00016415 -1.6852e-06 3.97405e-07 
0.000168367 -1.73325e-06 4.56744e-07 
0.00017261 -1.78305e-06 5.17668e-07 
0.000176878 -1.83389e-06 5.81693e-07 
0.00018117 -1.88715e-06 6.49422e-07 
0.000185484 -1.94206e-06 7.20782e-07 
0.000189818 -1.9987e-06 7.96738e-07 
0.000194168 -2.05794e-06 8.77636e-07 
0.000198531 -2.11872e-06 9.63605e-07 
0.000202901 -2.18173e-06 1.05431e-06 
0.000207274 -2.24646e-06 1.15074e-06 
0.000211645 -2.31304e-06 1.25202e-06 
0.000216007 -2.38055e-06 1.35901e-06 
0.000220354 -2.44981e-06 1.47066e-06 
0.000224679 -2.51974e-06 1.58763e-06 
0.000228972 -2.58996e-06 1.7092e-06 
0.000233227 -2.66053e-06 1.83525e-06 
0.000237431 -2.72957e-06 1.96543e-06 
0.000241575 -2.79829e-06 2.09957e-06 
0.000245646 -2.8652e-06 2.23736e-06 
0.000249631 -2.92901e-06 2.37822e-06 
0.000253517 -2.99097e-06 2.52164e-06 
0.000257289 -3.04866e-06 2.66673e-06 
0.000260931 -3.10204e-06 2.81405e-06 
0.000264428 -3.1518e-06 2.96193e-06 
0.000267766 -3.19604e-06 3.1092e-06 
0.00027093 -3.23487e-06 3.25598e-06 
0.000273905 -3.2679e-06 3.40257e-06 
0.000276677 -3.29652e-06 3.54715e-06 
0.000279234 -3.31848e-06 3.68828e-06 
0.000281563 -3.3331e-06 3.82734e-06 
0.000283648 -3.34165e-06 3.96399e-06 
0.000285477 -3.34336e-06 4.09652e-06 
0.000287033 -3.33529e-06 4.22598e-06 
0.000288305 -3.32465e-06 4.3428e-06 
0.000289336 -3.32038e-06 4.41172e-06 
0.000289882 -2.99553e-06 4.83336e-06 
0.000106825 -9.63525e-07 -7.31263e-07 
0.00011115 -1.00386e-06 -6.63622e-07 
0.000115418 -1.03896e-06 -5.64386e-07 
0.000119588 -1.07023e-06 -4.7041e-07 
0.000123671 -1.09971e-06 -3.90568e-07 
0.00012769 -1.12755e-06 -3.24536e-07 
0.000131668 -1.15408e-06 -2.7011e-07 
0.000135621 -1.17966e-06 -2.24898e-07 
0.000139565 -1.20475e-06 -1.86328e-07 
0.00014351 -1.22948e-06 -1.5236e-07 
0.000147464 -1.25437e-06 -1.21107e-07 
0.00015143 -1.27957e-06 -9.05823e-08 
0.000155413 -1.30572e-06 -5.99285e-08 
0.000159412 -1.33269e-06 -2.75212e-08 
0.000163427 -1.36116e-06 7.688e-09 
0.000167456 -1.3911e-06 4.6338e-08 
0.000171498 -1.42329e-06 8.9376e-08 
0.000175549 -1.45723e-06 1.37081e-07 
0.000179605 -1.49371e-06 1.90113e-07 
0.000183664 -1.53275e-06 2.48702e-07 
0.000187721 -1.574e-06 3.13126e-07 
0.000191771 -1.61813e-06 3.83677e-07 
0.000195811 -1.6647e-06 4.60089e-07 
0.000199835 -1.71399e-06 5.42554e-07 
0.00020384 -1.76544e-06 6.3081e-07 
0.000207819 -1.81924e-06 7.24845e-07 
0.000211768 -1.87445e-06 8.24088e-07 
0.00021568 -1.93157e-06 9.28583e-07 
0.000219549 -1.98971e-06 1.0378e-06 
0.000223369 -2.04828e-06 1.15154e-06 
0.000227131 -2.10735e-06 1.26953e-06 
0.000230828 -2.16572e-06 1.39073e-06 
0.000234449 -2.22292e-06 1.51548e-06 
0.000237984 -2.2787e-06 1.64308e-06 
0.000241421 -2.33161e-06 1.77305e-06 
0.00024475 -2.38292e-06 1.90468e-06 
0.000247958 -2.43014e-06 2.03778e-06 
0.000251033 -2.47374e-06 2.1707e-06 
0.000253961 -2.51268e-06 2.30416e-06 
0.000256731 -2.54766e-06 2.43709e-06 
0.00025933 -2.578e-06 2.56843e-06 
0.000261745 -2.60196e-06 2.69789e-06 
0.000263966 -2.62146e-06 2.82565e-06 
0.00026598 -2.6355e-06 2.95182e-06 
0.000267776 -2.64377e-06 3.07481e-06 
0.000269342 -2.64543e-06 3.19455e-06 
0.000270666 -2.64075e-06 3.31093e-06 
0.000271744 -2.63376e-06 3.41396e-06 
0.000272623 -2.6359e-06 3.47101e-06 
0.000273072 -2.33166e-06 3.85362e-06 
0.000105628 -8.7351e-07 -7.71378e-07 
0.000109739 -8.88164e-07 -7.25565e-07 
0.000113786 -9.02193e-07 -6.65956e-07 
0.000117759 -9.15161e-07 -6.14846e-07 
0.000121677 -9.27013e-07 -5.76233e-07 
0.00012556 -9.37479e-07 -5.48836e-07 
0.000129425 -9.46477e-07 -5.30316e-07 
0.000133284 -9.54424e-07 -5.18467e-07 
0.000137145 -9.61425e-07 -5.10928e-07 
0.000141014 -9.68044e-07 -5.05704e-07 
0.000144894 -9.74627e-07 -5.01086e-07 
0.000148784 -9.81621e-07 -4.95458e-07 
0.000152684 -9.89157e-07 -4.874e-07 
0.000156591 -9.98259e-07 -4.75716e-07 
0.000160502 -1.00887e-06 -4.59466e-07 
0.000164411 -1.02146e-06 -4.37681e-07 
0.000168315 -1.03655e-06 -4.09823e-07 
0.000172208 -1.0546e-06 -3.75379e-07 
0.000176086 -1.07545e-06 -3.33934e-07 
0.000179944 -1.09967e-06 -2.85232e-07 
0.000183777 -1.1275e-06 -2.29204e-07 
0.00018758 -1.15861e-06 -1.65965e-07 
0.00019135 -1.19326e-06 -9.55998e-08 
0.000195083 -1.23132e-06 -1.83404e-08 
0.000198774 -1.27279e-06 6.54507e-08 
0.000202421 -1.31709e-06 1.55467e-07 
0.000206019 -1.36422e-06 2.5128e-07 
0.000209563 -1.41349e-06 3.52318e-07 
0.000213051 -1.46484e-06 4.58133e-07 
0.000216478 -1.5176e-06 5.68135e-07 
0.000219837 -1.5708e-06 6.81896e-07 
0.000223125 -1.62447e-06 7.98856e-07 
0.000226333 -1.67754e-06 9.18754e-07 
0.000229454 -1.72961e-06 1.04074e-06 
0.00023248 -1.78e-06 1.16433e-06 
0.000235402 -1.82756e-06 1.2888e-06 
0.000238211 -1.8728e-06 1.41419e-06 
0.000240896 -1.91475e-06 1.53901e-06 
0.000243448 -1.95237e-06 1.66374e-06 
0.000245856 -1.98621e-06 1.78668e-06 
0.000248109 -2.01488e-06 1.90836e-06 
0.000250199 -2.03957e-06 2.0282e-06 
0.000252112 -2.0581e-06 2.14622e-06 
0.000253838 -2.07249e-06 2.26199e-06 
0.000255368 -2.08126e-06 2.37537e-06 
0.00025669 -2.08528e-06 2.48549e-06 
0.000257799 -2.08344e-06 2.59093e-06 
0.000258694 -2.08083e-06 2.68372e-06 
0.000259429 -2.0896e-06 2.73011e-06 
0.000259788 -1.8047e-06 3.08025e-06 
0.000104876 -7.7701e-07 -8.87284e-07 
0.000108909 -7.68486e-07 -8.6241e-07 
0.000112871 -7.6318e-07 -8.39343e-07 
0.000116783 -7.58849e-07 -8.27372e-07 
0.000120666 -7.53821e-07 -8.2682e-07 
0.000124538 -7.47157e-07 -8.35563e-07 
0.000128412 -7.38761e-07 -8.51112e-07 
0.000132294 -7.2875e-07 -8.71161e-07 
0.000136188 -7.17521e-07 -8.93378e-07 
0.000140092 -7.05472e-07 -9.15785e-07 
0.000144005 -6.93215e-07 -9.365e-07 
0.000147922 -6.81306e-07 -9.53773e-07 
0.000151837 -6.7042e-07 -9.66022e-07 
0.000155744 -6.61015e-07 -9.71994e-07 
0.000159636 -6.54241e-07 -9.70586e-07 
0.000163504 -6.50268e-07 -9.60907e-07 
0.000167341 -6.49685e-07 -9.42296e-07 
0.00017114 -6.53206e-07 -9.1434e-07 
0.000174896 -6.61138e-07 -8.76511e-07 
0.000178601 -6.73985e-07 -8.29224e-07 
0.000182251 -6.91594e-07 -7.72402e-07 
0.000185842 -7.14296e-07 -7.06285e-07 
0.00018937 -7.42001e-07 -6.31466e-07 
0.000192833 -7.74544e-07 -5.48518e-07 
0.000196229 -8.11667e-07 -4.58134e-07 
0.000199556 -8.53079e-07 -3.60933e-07 
0.000202813 -8.98165e-07 -2.57724e-07 
0.000205998 -9.46598e-07 -1.49331e-07 
0.000209109 -9.97607e-07 -3.65339e-08 
0.000212147 -1.05074e-06 7.99903e-08 
0.000215108 -1.10529e-06 1.99581e-07 
0.00021799 -1.16042e-06 3.21312e-07 
0.00022079 -1.21533e-06 4.449e-07 
0.000223502 -1.2696e-06 5.69317e-07 
0.000226122 -1.32225e-06 6.94123e-07 
0.000228645 -1.37264e-06 8.18897e-07 
0.000231062 -1.42019e-06 9.42743e-07 
0.000233368 -1.46447e-06 1.06519e-06 
0.000235555 -1.50491e-06 1.18615e-06 
0.000237613 -1.54102e-06 1.30445e-06 
0.000239536 -1.57254e-06 1.42028e-06 
0.000241314 -1.59839e-06 1.53345e-06 
0.000242935 -1.61948e-06 1.64441e-06 
0.000244389 -1.63465e-06 1.75304e-06 
0.000245665 -1.64566e-06 1.85962e-06 
0.000246755 -1.65246e-06 1.96248e-06 
0.000247657 -1.6549e-06 2.05965e-06 
0.000248375 -1.65614e-06 2.14563e-06 
0.000248962 -1.67119e-06 2.18852e-06 
0.000249224 -1.4102e-06 2.51319e-06 
0.00010474 -6.74139e-07 -1.07744e-06 
0.000108824 -6.42942e-07 -1.0741e-06 
0.000112834 -6.18593e-07 -1.08764e-06 
0.000116815 -5.96477e-07 -1.11535e-06 
0.000120794 -5.73142e-07 -1.15429e-06 
0.000124786 -5.47478e-07 -1.20147e-06 
0.000128796 -5.19146e-07 -1.25397e-06 
0.000132827 -4.88344e-07 -1.30905e-06 
0.000136875 -4.55593e-07 -1.36405e-06 
0.000140934 -4.21616e-07 -1.41648e-06 
0.000144994 -3.87247e-07 -1.46389e-06 
0.000149045 -3.53547e-07 -1.50402e-06 
0.000153075 -3.21608e-07 -1.53486e-06 
0.000157071 -2.92648e-07 -1.55486e-06 
0.00016102 -2.67276e-07 -1.56237e-06 
0.00016491 -2.47385e-07 -1.55648e-06 
0.000168731 -2.33166e-07 -1.53635e-06 
0.000172472 -2.25863e-07 -1.50193e-06 
0.000176127 -2.25855e-07 -1.45323e-06 
0.000179688 -2.33494e-07 -1.39084e-06 
0.000183151 -2.48931e-07 -1.31512e-06 
0.000186514 -2.7227e-07 -1.22728e-06 
0.000189776 -3.03068e-07 -1.12834e-06 
0.000192936 -3.41113e-07 -1.01969e-06 
0.000195996 -3.85689e-07 -9.0259e-07 
0.000198958 -4.3609e-07 -7.78335e-07 
0.000201825 -4.91664e-07 -6.48303e-07 
0.0002046 -5.51482e-07 -5.13938e-07 
0.000207286 -6.1461e-07 -3.76391e-07 
0.000209886 -6.80036e-07 -2.36831e-07 
0.000212401 -7.4689e-07 -9.6253e-08 
0.000214834 -8.14237e-07 4.44072e-08 
0.000217185 -8.81133e-07 1.84332e-07 
0.000219452 -9.46582e-07 3.2265e-07 
0.000221636 -1.00984e-06 4.58984e-07 
0.000223731 -1.07027e-06 5.92651e-07 
0.000225736 -1.12702e-06 7.23097e-07 
0.000227645 -1.17977e-06 8.49701e-07 
0.000229453 -1.22776e-06 9.72222e-07 
0.000231155 -1.2705e-06 1.0902e-06 
0.000232744 -1.3076e-06 1.20378e-06 
0.000234211 -1.33864e-06 1.31331e-06 
0.000235544 -1.36308e-06 1.41925e-06 
0.000236733 -1.38153e-06 1.52268e-06 
0.000237762 -1.39431e-06 1.62438e-06 
0.000238622 -1.40404e-06 1.7241e-06 
0.000239314 -1.41248e-06 1.8184e-06 
0.000239844 -1.4182e-06 1.90881e-06 
0.000240249 -1.43867e-06 1.97238e-06 
0.000240359 -1.21743e-06 2.28836e-06 
0.000105401 -5.62038e-07 -1.35201e-06 
0.000109675 -5.05851e-07 -1.37401e-06 
0.000113875 -4.60421e-07 -1.4306e-06 
0.000118075 -4.16934e-07 -1.5059e-06 
0.000122302 -3.70491e-07 -1.59349e-06 
0.000126569 -3.19825e-07 -1.68907e-06 
0.000130873 -2.64759e-07 -1.78856e-06 
0.00013521 -2.05779e-07 -1.88785e-06 
0.000139565 -1.44081e-07 -1.98292e-06 
0.000143923 -8.1054e-08 -2.06969e-06 
0.000148263 -1.86264e-08 -2.14416e-06 
0.000152563 4.12146e-08 -2.20274e-06 
0.000156802 9.61441e-08 -2.24233e-06 
0.000160956 1.44416e-07 -2.25995e-06 
0.000165004 1.83153e-07 -2.25385e-06 
0.00016893 2.11143e-07 -2.22327e-06 
0.000172716 2.26813e-07 -2.1673e-06 
0.000176352 2.28733e-07 -2.08711e-06 
0.000179829 2.16839e-07 -1.98339e-06 
0.000183144 1.90423e-07 -1.85826e-06 
0.000186295 1.50308e-07 -1.71374e-06 
0.000189286 9.68946e-08 -1.55269e-06 
0.000192121 3.1575e-08 -1.37761e-06 
0.000194807 -4.45889e-08 -1.19153e-06 
0.000197354 -1.30085e-07 -9.97172e-07 
0.000199771 -2.23154e-07 -7.97258e-07 
0.000202069 -3.22102e-07 -5.94442e-07 
0.000204259 -4.25216e-07 -3.90943e-07 
0.000206351 -5.30895e-07 -1.88902e-07 
0.000208354 -6.37404e-07 9.98972e-09 
0.000210277 -7.43356e-07 2.04057e-07 
0.000212126 -8.47163e-07 3.92115e-07 
0.000213907 -9.47593e-07 5.73301e-07 
0.000215624 -1.04364e-06 7.4685e-07 
0.000217277 -1.13426e-06 9.12288e-07 
0.000218868 -1.21876e-06 1.06911e-06 
0.000220396 -1.29635e-06 1.21725e-06 
0.000221857 -1.36686e-06 1.35629e-06 
0.000223248 -1.42942e-06 1.48684e-06 
0.000224565 -1.4846e-06 1.60852e-06 
0.000225802 -1.53118e-06 1.72211e-06 
0.00022695 -1.56958e-06 1.82785e-06 
0.000227997 -1.5985e-06 1.92749e-06 
0.000228927 -1.61803e-06 2.02367e-06 
0.000229717 -1.62973e-06 2.12043e-06 
0.000230347 -1.63808e-06 2.22115e-06 
0.000230805 -1.64929e-06 2.32764e-06 
0.000231077 -1.66031e-06 2.4676e-06 
0.000231127 -1.70616e-06 2.65334e-06 
0.000230861 -1.57788e-06 3.02499e-06 
0.000107106 -4.29882e-07 -1.74507e-06 
0.000111742 -3.42577e-07 -1.80308e-06 
0.000116318 -2.6986e-07 -1.92172e-06 
0.000120939 -1.9563e-07 -2.06617e-06 
0.00012563 -1.1413e-07 -2.22457e-06 
0.000130392 -2.50381e-08 -2.38924e-06 
0.000135213 7.08177e-08 -2.55229e-06 
0.000140066 1.7118e-07 -2.70528e-06 
0.00014492 2.72522e-07 -2.83988e-06 
0.000149735 3.70892e-07 -2.94752e-06 
0.000154468 4.6147e-07 -3.02043e-06 
0.000159076 5.39526e-07 -3.05162e-06 
0.000163515 6.0002e-07 -3.03591e-06 
0.000167748 6.38228e-07 -2.97006e-06 
0.000171742 6.51628e-07 -2.85272e-06 
0.000175473 6.36641e-07 -2.68445e-06 
0.000178923 5.92012e-07 -2.46788e-06 
0.000182084 5.1787e-07 -2.20734e-06 
0.000184958 4.14571e-07 -1.90792e-06 
0.000187553 2.84329e-07 -1.57616e-06 
0.000189882 1.29612e-07 -1.21851e-06 
0.000191965 -4.6134e-08 -8.42208e-07 
0.000193825 -2.39249e-07 -4.5382e-07 
0.000195487 -4.45693e-07 -6.02617e-08 
0.000196979 -6.61152e-07 3.32719e-07 
0.000198327 -8.8204e-07 7.1978e-07 
0.000199556 -1.10429e-06 1.09648e-06 
0.000200691 -1.32491e-06 1.45901e-06 
0.000201754 -1.5409e-06 1.80372e-06 
0.000202765 -1.7488e-06 2.12925e-06 
0.000203739 -1.94732e-06 2.43348e-06 
0.000204692 -2.13457e-06 2.71533e-06 
0.000205632 -2.30808e-06 2.97529e-06 
0.000206567 -2.46858e-06 3.21228e-06 
0.0002075 -2.61361e-06 3.42748e-06 
0.000208434 -2.74381e-06 3.62128e-06 
0.000209365 -2.85869e-06 3.79496e-06 
0.000210292 -2.95857e-06 3.94923e-06 
0.000211209 -3.04369e-06 4.08555e-06 
0.000212109 -3.11391e-06 4.2053e-06 
0.000212983 -3.17069e-06 4.31007e-06 
0.000213821 -3.21354e-06 4.40103e-06 
0.00021461 -3.24277e-06 4.48039e-06 
0.000215327 -3.25602e-06 4.55259e-06 
0.000215934 -3.25356e-06 4.62483e-06 
0.000216379 -3.23747e-06 4.71073e-06 
0.000216598 -3.2178e-06 4.83027e-06 
0.000216446 -3.1653e-06 5.08414e-06 
0.000215426 -3.14424e-06 5.76475e-06 
0.000213796 -3.60812e-06 6.4311e-06 
0.000110294 -2.42317e-07 -2.34487e-06 
0.000115544 -1.15211e-07 -2.46437e-06 
0.000120782 -4.38546e-10 -2.68591e-06 
0.000126142 1.24818e-07 -2.93755e-06 
0.000131625 2.63207e-07 -3.19498e-06 
0.0001372 4.106e-07 -3.43991e-06 
0.000142811 5.60793e-07 -3.65258e-06 
0.000148384 7.05477e-07 -3.81202e-06 
0.000153828 8.33875e-07 -3.89789e-06 
0.000159049 9.34105e-07 -3.89149e-06 
0.000163955 9.93477e-07 -3.77955e-06 
0.000168461 1.00172e-06 -3.55398e-06 
0.0001725 9.51179e-07 -3.21317e-06 
0.000176022 8.36684e-07 -2.76193e-06 
0.000179001 6.57512e-07 -2.20951e-06 
0.000181429 4.1574e-07 -1.57044e-06 
0.00018332 1.16659e-07 -8.61162e-07 
0.000184703 -2.32454e-07 -9.99947e-08 
0.00018562 -6.22488e-07 6.94561e-07 
0.000186126 -1.04402e-06 1.50439e-06 
0.000186278 -1.48627e-06 2.31307e-06 
0.00018614 -1.94043e-06 3.10571e-06 
0.000185775 -2.39679e-06 3.87026e-06 
0.000185243 -2.84728e-06 4.59663e-06 
0.0001846 -3.28544e-06 5.27812e-06 
0.000183899 -3.70527e-06 5.90924e-06 
0.000183183 -4.10266e-06 6.48801e-06 
0.000182491 -4.47497e-06 7.01264e-06 
0.000181854 -4.81946e-06 7.48411e-06 
0.000181298 -5.13589e-06 7.90563e-06 
0.000180841 -5.42513e-06 8.27653e-06 
0.000180497 -5.6841e-06 8.60284e-06 
0.000180271 -5.91678e-06 8.88831e-06 
0.000180168 -6.12403e-06 9.13338e-06 
0.000180188 -6.30426e-06 9.34487e-06 
0.000180324 -6.46181e-06 9.52365e-06 
0.000180567 -6.59414e-06 9.6761e-06 
0.000180909 -6.7085e-06 9.80121e-06 
0.000181338 -6.79952e-06 9.90472e-06 
0.000181837 -6.87267e-06 9.98863e-06 
0.000182394 -6.92864e-06 1.00532e-05 
0.000182992 -6.96591e-06 1.01019e-05 
0.000183613 -6.98711e-06 1.01349e-05 
0.000184235 -6.98886e-06 1.0155e-05 
0.000184813 -6.96418e-06 1.01681e-05 
0.000185269 -6.90906e-06 1.01866e-05 
0.000185487 -6.81973e-06 1.0228e-05 
0.000185223 -6.63264e-06 1.03538e-05 
0.000183155 -5.92163e-06 1.1293e-05 
0.000176885 -5.86131e-06 1.16257e-05 
0.000115888 9.5877e-08 -3.33467e-06 
0.000122138 2.61753e-07 -3.56219e-06 
0.000128505 4.40112e-07 -3.93576e-06 
0.000135065 6.44365e-07 -4.30276e-06 
0.000141703 8.56746e-07 -4.60205e-06 
0.00014826 1.05266e-06 -4.78032e-06 
0.000154544 1.20489e-06 -4.78653e-06 
0.000160353 1.28438e-06 -4.58007e-06 
0.000165493 1.26587e-06 -4.13708e-06 
0.000169803 1.13067e-06 -3.45396e-06 
0.000173167 8.71056e-07 -2.54732e-06 
0.000175522 4.88921e-07 -1.44912e-06 
0.00017686 -3.84992e-09 -2.02441e-07 
0.000177219 -5.88885e-07 1.14392e-06 
0.000176676 -1.24365e-06 2.54056e-06 
0.000175336 -1.94212e-06 3.94025e-06 
0.000173323 -2.66161e-06 5.30129e-06 
0.000170772 -3.37871e-06 6.58921e-06 
0.000167817 -4.07503e-06 7.77713e-06 
0.000164588 -4.73291e-06 8.84764e-06 
0.000161203 -5.34287e-06 9.79129e-06 
0.000157768 -5.89743e-06 1.06038e-05 
0.000154374 -6.39212e-06 1.129e-05 
0.000151092 -6.82706e-06 1.18584e-05 
0.00014798 -7.2055e-06 1.23194e-05 
0.00014508 -7.53101e-06 1.26864e-05 
0.000142422 -7.80935e-06 1.29742e-05 
0.000140024 -8.04747e-06 1.31952e-05 
0.000137896 -8.25011e-06 1.33634e-05 
0.000136039 -8.4241e-06 1.34889e-05 
0.000134449 -8.57241e-06 1.35819e-05 
0.00013312 -8.70306e-06 1.3652e-05 
0.000132041 -8.81736e-06 1.37027e-05 
0.000131195 -8.91574e-06 1.37421e-05 
0.00013057 -9.00636e-06 1.37749e-05 
0.000130148 -9.08753e-06 1.38015e-05 
0.000129913 -9.16071e-06 1.3827e-05 
0.000129841 -9.22534e-06 1.38501e-05 
0.00012992 -9.28612e-06 1.38748e-05 
0.000130128 -9.33988e-06 1.38978e-05 
0.000130448 -9.3861e-06 1.392e-05 
0.000130866 -9.42755e-06 1.39402e-05 
0.000131365 -9.45982e-06 1.39553e-05 
0.000131932 -9.48288e-06 1.39632e-05 
0.000132548 -9.48958e-06 1.39589e-05 
0.000133163 -9.46234e-06 1.39377e-05 
0.000133689 -9.3878e-06 1.38912e-05 
0.000134074 -9.26433e-06 1.37536e-05 
0.000134241 -8.84144e-06 1.32305e-05 
0.000137057 -8.30581e-06 7.4598e-06 
0.000125693 7.27411e-07 -4.93778e-06 
0.000133381 9.14758e-07 -5.27099e-06 
0.000141182 1.15264e-06 -5.61418e-06 
0.00014881 1.36396e-06 -5.6859e-06 
0.000155839 1.47202e-06 -5.38547e-06 
0.000161871 1.42186e-06 -4.66098e-06 
0.000166568 1.18118e-06 -3.51094e-06 
0.000169691 7.41581e-07 -1.98722e-06 
0.000171124 1.20297e-07 -1.79713e-07 
0.000170872 -6.47177e-07 1.80122e-06 
0.000169044 -1.51388e-06 3.84128e-06 
0.000165831 -2.43177e-06 5.83456e-06 
0.000161474 -3.35132e-06 7.69073e-06 
0.000156246 -4.22958e-06 9.33926e-06 
0.000150419 -5.03029e-06 1.07309e-05 
0.000144253 -5.72506e-06 1.18437e-05 
0.000137972 -6.30119e-06 1.26741e-05 
0.000131766 -6.75291e-06 1.32412e-05 
0.000125779 -7.08692e-06 1.35732e-05 
0.00012012 -7.31501e-06 1.37092e-05 
0.000114856 -7.45345e-06 1.36888e-05 
0.000110026 -7.51909e-06 1.35522e-05 
0.000105645 -7.53094e-06 1.3335e-05 
0.000101712 -7.50256e-06 1.3067e-05 
9.82088e-05 -7.44802e-06 1.27714e-05 
9.5115e-05 -7.37763e-06 1.24679e-05 
9.24026e-05 -7.30037e-06 1.21698e-05 
9.00431e-05 -7.22268e-06 1.18858e-05 
8.80089e-05 -7.14871e-06 1.16234e-05 
8.627e-05 -7.08138e-06 1.13865e-05 
8.48001e-05 -7.02405e-06 1.11777e-05 
8.35746e-05 -6.97798e-06 1.09961e-05 
8.25727e-05 -6.94281e-06 1.0843e-05 
8.17726e-05 -6.91934e-06 1.07187e-05 
8.11525e-05 -6.90693e-06 1.06192e-05 
8.06968e-05 -6.90504e-06 1.05443e-05 
8.03891e-05 -6.91332e-06 1.04927e-05 
8.02127e-05 -6.93024e-06 1.04615e-05 
8.01532e-05 -6.95479e-06 1.04478e-05 
8.01995e-05 -6.98634e-06 1.04498e-05 
8.03395e-05 -7.02254e-06 1.0466e-05 
8.05636e-05 -7.06447e-06 1.04915e-05 
8.08692e-05 -7.11011e-06 1.05243e-05 
8.1256e-05 -7.15919e-06 1.05583e-05 
8.17346e-05 -7.21003e-06 1.05854e-05 
8.23203e-05 -7.25459e-06 1.05933e-05 
8.29995e-05 -7.27e-06 1.05706e-05 
8.3767e-05 -7.27677e-06 1.04855e-05 
8.47823e-05 -7.30138e-06 1.04098e-05 
8.57486e-05 -7.73065e-06 1.13383e-05 
0.000141127 1.54122e-06 -6.48467e-06 
0.000149432 1.57402e-06 -6.26841e-06 
0.000156806 1.52927e-06 -5.41042e-06 
0.000162409 1.23832e-06 -3.84487e-06 
0.00016571 6.73038e-07 -1.70634e-06 
0.000166486 -1.29175e-07 8.05425e-07 
0.000164775 -1.09437e-06 3.46514e-06 
0.000160814 -2.13924e-06 6.061e-06 
0.000154981 -3.18063e-06 8.41605e-06 
0.00014773 -4.14608e-06 1.03973e-05 
0.000139543 -4.97498e-06 1.19232e-05 
0.000130884 -5.63034e-06 1.29593e-05 
0.000122161 -6.09162e-06 1.35245e-05 
0.000113702 -6.36379e-06 1.36719e-05 
0.000105744 -6.46801e-06 1.34831e-05 
9.84383e-05 -6.43713e-06 1.30491e-05 
9.18514e-05 -6.30327e-06 1.24545e-05 
8.59953e-05 -6.10141e-06 1.17736e-05 
8.08401e-05 -5.85903e-06 1.10603e-05 
7.6337e-05 -5.59884e-06 1.03533e-05 
7.24243e-05 -5.33469e-06 9.67904e-06 
6.90372e-05 -5.07948e-06 9.05219e-06 
6.61131e-05 -4.83843e-06 8.47987e-06 
6.35942e-05 -4.61661e-06 7.96517e-06 
6.14279e-05 -4.41519e-06 7.50668e-06 
5.95673e-05 -4.23435e-06 7.10294e-06 
5.79709e-05 -4.0748e-06 6.74959e-06 
5.66037e-05 -3.93517e-06 6.44325e-06 
5.54361e-05 -3.81526e-06 6.18038e-06 
5.44419e-05 -3.71344e-06 5.95692e-06 
5.35983e-05 -3.62809e-06 5.76915e-06 
5.28866e-05 -3.55845e-06 5.61376e-06 
5.22926e-05 -3.50388e-06 5.48802e-06 
5.18015e-05 -3.46178e-06 5.3897e-06 
5.14017e-05 -3.43271e-06 5.31474e-06 
5.10839e-05 -3.41365e-06 5.26218e-06 
5.08386e-05 -3.40505e-06 5.22937e-06 
5.06591e-05 -3.40541e-06 5.21385e-06 
5.05397e-05 -3.41372e-06 5.21333e-06 
5.0475e-05 -3.42836e-06 5.22659e-06 
5.04625e-05 -3.45069e-06 5.25053e-06 
5.0501e-05 -3.47802e-06 5.28216e-06 
5.05943e-05 -3.51186e-06 5.31901e-06 
5.07536e-05 -3.55387e-06 5.35524e-06 
5.10043e-05 -3.60634e-06 5.38308e-06 
5.13965e-05 -3.67424e-06 5.38816e-06 
5.20148e-05 -3.75367e-06 5.3435e-06 
5.29228e-05 -3.81662e-06 5.21101e-06 
5.4373e-05 -3.94189e-06 4.84576e-06 
5.80968e-05 -3.53982e-06 2.58673e-06 
0.000157617 1.5859e-06 -4.44238e-06 
0.000161478 8.61886e-07 -2.33789e-06 
0.000162594 -1.14469e-08 7.26856e-07 
0.000160345 -1.06319e-06 3.97565e-06 
0.000155039 -2.17822e-06 7.03419e-06 
0.00014727 -3.24503e-06 9.64158e-06 
0.00013776 -4.17299e-06 1.16303e-05 
0.000127268 -4.89674e-06 1.29171e-05 
0.000116501 -5.37671e-06 1.35051e-05 
0.000106047 -5.60617e-06 1.34732e-05 
9.63277e-05 -5.61206e-06 1.29605e-05 
8.75856e-05 -5.44247e-06 1.21249e-05 
7.99194e-05 -5.1562e-06 1.11164e-05 
7.33171e-05 -4.80361e-06 1.00492e-05 
6.77055e-05 -4.42487e-06 9.00212e-06 
6.29797e-05 -4.04764e-06 8.02248e-06 
5.90242e-05 -3.68827e-06 7.13383e-06 
5.5725e-05 -3.35529e-06 6.34215e-06 
5.29782e-05 -3.05193e-06 5.64468e-06 
5.06929e-05 -2.77846e-06 5.03467e-06 
4.87926e-05 -2.53453e-06 4.50353e-06 
4.72127e-05 -2.31686e-06 4.04053e-06 
4.59014e-05 -2.12328e-06 3.63655e-06 
4.48156e-05 -1.95045e-06 3.28275e-06 
4.39199e-05 -1.79499e-06 2.97165e-06 
4.3184e-05 -1.65495e-06 2.69642e-06 
4.25826e-05 -1.52712e-06 2.45088e-06 
4.20939e-05 -1.40955e-06 2.23114e-06 
4.16983e-05 -1.30138e-06 2.03385e-06 
4.13793e-05 -1.2019e-06 1.85719e-06 
4.11227e-05 -1.11118e-06 1.69942e-06 
4.09161e-05 -1.02866e-06 1.55931e-06 
4.07499e-05 -9.54751e-07 1.4358e-06 
4.06163e-05 -8.89144e-07 1.32812e-06 
4.05084e-05 -8.31248e-07 1.23466e-06 
4.0422e-05 -7.81095e-07 1.15502e-06 
4.03523e-05 -7.38067e-07 1.08755e-06 
4.02968e-05 -7.01657e-07 1.03161e-06 
4.02531e-05 -6.71942e-07 9.8667e-07 
4.02195e-05 -6.48604e-07 9.52274e-07 
4.01946e-05 -6.31605e-07 9.27833e-07 
4.01788e-05 -6.21637e-07 9.14581e-07 
4.01724e-05 -6.19831e-07 9.13656e-07 
4.01784e-05 -6.28728e-07 9.28393e-07 
4.02054e-05 -6.54287e-07 9.65494e-07 
4.02759e-05 -7.09261e-07 1.03404e-06 
4.04605e-05 -8.2345e-07 1.13669e-06 
4.09519e-05 -1.03927e-06 1.22976e-06 
4.20891e-05 -1.40338e-06 1.17725e-06 
4.57559e-05 -2.20776e-06 6.75878e-07 
0.000159262 -4.30839e-07 3.88575e-06 
0.000152872 -1.68917e-06 6.64551e-06 
0.000144289 -2.8077e-06 9.60374e-06 
0.000133454 -3.71685e-06 1.1757e-05 
0.000121359 -4.38706e-06 1.29995e-05 
0.000108993 -4.77703e-06 1.33498e-05 
9.71729e-05 -4.88131e-06 1.29421e-05 
8.64572e-05 -4.74292e-06 1.19945e-05 
7.7133e-05 -4.43546e-06 1.07455e-05 
6.92673e-05 -4.03562e-06 9.39519e-06 
6.27834e-05 -3.6028e-06 8.07857e-06 
5.7526e-05 -3.17494e-06 6.871e-06 
5.33108e-05 -2.77299e-06 5.8025e-06 
4.99578e-05 -2.40735e-06 4.8761e-06 
4.73104e-05 -2.0816e-06 4.08078e-06 
4.52419e-05 -1.79377e-06 3.39755e-06 
4.36509e-05 -1.53778e-06 2.80656e-06 
4.24546e-05 -1.30621e-06 2.28865e-06 
4.15823e-05 -1.0914e-06 1.82985e-06 
4.09675e-05 -8.89944e-07 1.42417e-06 
4.05482e-05 -7.03326e-07 1.07101e-06 
4.02708e-05 -5.35634e-07 7.71791e-07 
4.00932e-05 -3.90179e-07 5.25951e-07 
3.99842e-05 -2.68421e-07 3.30585e-07 
3.99209e-05 -1.70192e-07 1.80736e-07 
3.98866e-05 -9.38933e-08 6.99074e-08 
3.98701e-05 -3.70185e-08 -8.58057e-09 
3.98634e-05 3.51362e-09 -6.15944e-08 
3.98617e-05 3.10579e-08 -9.55605e-08 
3.98623e-05 4.88285e-08 -1.1589e-07 
3.98637e-05 5.96213e-08 -1.26933e-07 
3.98655e-05 6.56757e-08 -1.31854e-07 
3.98673e-05 6.86663e-08 -1.32963e-07 
3.98691e-05 6.97538e-08 -1.31789e-07 
3.98708e-05 6.97258e-08 -1.2936e-07 
3.98724e-05 6.90828e-08 -1.26334e-07 
3.98738e-05 6.81575e-08 -1.23161e-07 
3.98752e-05 6.7147e-08 -1.2007e-07 
3.98763e-05 6.61938e-08 -1.17284e-07 
3.98772e-05 6.53975e-08 -1.14916e-07 
3.98778e-05 6.48168e-08 -1.13064e-07 
3.98782e-05 6.45314e-08 -1.11832e-07 
3.98782e-05 6.46368e-08 -1.11337e-07 
3.98776e-05 6.52501e-08 -1.11734e-07 
3.98763e-05 6.65195e-08 -1.13118e-07 
3.98738e-05 6.83468e-08 -1.14915e-07 
3.98696e-05 6.88367e-08 -1.12805e-07 
3.98701e-05 5.42775e-08 -8.64545e-08 
3.99186e-05 -2.71482e-08 3.30899e-08 
4.00771e-05 -3.3157e-07 5.33028e-07 
0.000135082 -3.43449e-06 1.21839e-05 
0.000121394 -3.84231e-06 1.27833e-05 
0.000107865 -4.21793e-06 1.31612e-05 
9.47933e-05 -4.284e-06 1.26785e-05 
8.29329e-05 -4.10623e-06 1.15452e-05 
7.27501e-05 -3.76089e-06 1.0057e-05 
6.43832e-05 -3.32885e-06 8.47734e-06 
5.77275e-05 -2.87202e-06 6.9786e-06 
5.25528e-05 -2.43026e-06 5.64668e-06 
4.85985e-05 -2.02731e-06 4.50501e-06 
4.5635e-05 -1.67376e-06 3.54083e-06 
4.34805e-05 -1.36545e-06 2.72379e-06 
4.19874e-05 -1.08843e-06 2.02152e-06 
4.10187e-05 -8.27543e-07 1.41521e-06 
4.04354e-05 -5.83068e-07 9.06672e-07 
4.01112e-05 -3.68216e-07 5.0587e-07 
3.99493e-05 -1.9536e-07 2.16006e-07 
3.98814e-05 -7.02124e-08 2.89221e-08 
3.98615e-05 8.37737e-09 -7.3216e-08 
3.98622e-05 4.81334e-08 -1.14958e-07 
3.98699e-05 6.09977e-08 -1.20535e-07 
3.98795e-05 5.88025e-08 -1.08068e-07 
3.98893e-05 4.99562e-08 -8.84769e-08 
3.98987e-05 3.91211e-08 -6.75067e-08 
3.9907e-05 2.85928e-08 -4.80397e-08 
3.99139e-05 1.94039e-08 -3.14226e-08 
3.99194e-05 1.19509e-08 -1.81428e-08 
3.99235e-05 6.28515e-09 -8.17832e-09 
3.99264e-05 2.22914e-09 -1.1478e-09 
3.99284e-05 -5.12784e-10 3.52064e-09 
3.99297e-05 -2.26584e-09 6.43009e-09 
3.99305e-05 -3.32867e-09 8.12214e-09 
3.9931e-05 -3.9302e-09 9.00782e-09 
3.99314e-05 -4.24276e-09 9.39401e-09 
3.99315e-05 -4.37873e-09 9.4815e-09 
3.99317e-05 -4.40998e-09 9.39756e-09 
3.99317e-05 -4.38558e-09 9.22723e-09 
3.99318e-05 -4.33149e-09 9.02083e-09 
3.99318e-05 -4.26761e-09 8.80769e-09 
3.99318e-05 -4.20488e-09 8.6103e-09 
3.99318e-05 -4.15054e-09 8.43737e-09 
3.99318e-05 -4.1119e-09 8.30224e-09 
3.99318e-05 -4.09342e-09 8.21021e-09 
3.99319e-05 -4.09955e-09 8.16618e-09 
3.9932e-05 -4.12235e-09 8.15776e-09 
3.9932e-05 -4.09683e-09 8.08863e-09 
3.99318e-05 -3.72088e-09 7.51842e-09 
3.99303e-05 -1.76881e-09 4.69487e-09 
3.99247e-05 5.04759e-09 -4.76064e-09 
3.99036e-05 2.86143e-08 -3.93384e-08 
9.50988e-05 -4.83153e-06 1.32004e-05 
8.3159e-05 -4.21216e-06 1.19231e-05 
7.24242e-05 -3.67047e-06 1.02123e-05 
6.34785e-05 -3.09672e-06 8.38981e-06 
5.63345e-05 -2.53898e-06 6.6808e-06 
5.08266e-05 -2.05021e-06 5.1901e-06 
4.67413e-05 -1.64207e-06 3.933e-06 
4.38568e-05 -1.29831e-06 2.8806e-06 
4.19584e-05 -9.92549e-07 1.99067e-06 
4.08257e-05 -6.99496e-07 1.24053e-06 
4.02258e-05 -4.24495e-07 6.44194e-07 
3.99521e-05 -1.96501e-07 2.25172e-07 
3.98559e-05 -3.84376e-08 -1.65939e-08 
3.98414e-05 4.35332e-08 -1.13795e-07 
3.98558e-05 6.55529e-08 -1.23503e-07 
3.98761e-05 5.62419e-08 -9.6645e-08 
3.98952e-05 3.76398e-08 -6.16124e-08 
3.99102e-05 2.016e-08 -3.08727e-08 
3.99204e-05 7.4745e-09 -9.13897e-09 
3.99261e-05 5.38249e-11 3.19127e-09 
3.99288e-05 -3.29755e-09 8.38992e-09 
3.99298e-05 -4.23345e-09 9.43042e-09 
3.993e-05 -4.03019e-09 8.55812e-09 
3.99298e-05 -3.39999e-09 7.01366e-09 
3.99294e-05 -2.67522e-09 5.37655e-09 
3.9929e-05 -1.99609e-09 3.89169e-09 
3.99287e-05 -1.41829e-09 2.65393e-09 
3.99283e-05 -9.59496e-10 1.6869e-09 
3.99281e-05 -6.15405e-10 9.7294e-10 
3.99279e-05 -3.69896e-10 4.73161e-10 
3.99277e-05 -2.01782e-10 1.39861e-10 
3.99277e-05 -9.02808e-11 -7.28347e-11 
3.99276e-05 -1.80847e-11 -2.02742e-10 
3.99275e-05 2.77977e-11 -2.78343e-10 
3.99275e-05 5.67105e-11 -3.19504e-10 
3.99275e-05 7.4408e-11 -3.39069e-10 
3.99275e-05 8.5051e-11 -3.4577e-10 
3.99274e-05 9.11295e-11 -3.44689e-10 
3.99274e-05 9.42996e-11 -3.3942e-10 
3.99274e-05 9.56869e-11 -3.32002e-10 
3.99274e-05 9.61021e-11 -3.23973e-10 
3.99274e-05 9.59357e-11 -3.16009e-10 
3.99274e-05 9.55311e-11 -3.08709e-10 
3.99274e-05 9.47499e-11 -3.02031e-10 
3.99274e-05 9.24091e-11 -2.94369e-10 
3.99274e-05 8.33651e-11 -2.79016e-10 
3.99274e-05 4.98056e-11 -2.32219e-10 
3.99276e-05 -5.88974e-11 -7.90952e-11 
3.99279e-05 -3.78185e-10 3.74623e-10 
3.99289e-05 -1.21426e-09 1.51177e-09 
5.69468e-05 -5.2418e-06 9.93062e-06 
5.22639e-05 -4.22051e-06 8.01423e-06 
4.83183e-05 -3.08282e-06 5.88172e-06 
4.53635e-05 -2.16152e-06 4.12312e-06 
4.31966e-05 -1.43005e-06 2.74767e-06 
4.16347e-05 -8.74427e-07 1.69221e-06 
4.06027e-05 -4.80732e-07 8.89826e-07 
4.0051e-05 -2.06783e-07 3.19585e-07 
3.98397e-05 -2.92919e-08 -5.01225e-09 
3.98078e-05 5.01526e-08 -1.16905e-07 
3.98404e-05 5.73113e-08 -1.09116e-07 
3.98801e-05 3.60507e-08 -6.53032e-08 
3.99093e-05 1.40222e-08 -2.42759e-08 
3.99252e-05 4.49132e-10 7.75547e-10 
3.99312e-05 -4.70433e-09 1.00889e-08 
3.99322e-05 -5.08567e-09 1.04395e-08 
3.99315e-05 -3.83084e-09 7.72075e-09 
3.99305e-05 -2.40758e-09 4.70997e-09 
3.99295e-05 -1.29394e-09 2.354e-09 
3.99288e-05 -5.73232e-10 8.4256e-10 
3.99283e-05 -1.75006e-10 3.78549e-11 
3.9928e-05 1.50085e-11 -3.06884e-10 
3.99278e-05 9.35254e-11 -4.07871e-10 
3.99277e-05 1.18794e-10 -3.99483e-10 
3.99276e-05 1.19994e-10 -3.49507e-10 
3.99276e-05 1.10509e-10 -2.88257e-10 
3.99275e-05 9.687e-11 -2.28907e-10 
3.99275e-05 8.26256e-11 -1.77302e-10 
3.99275e-05 6.94972e-11 -1.35276e-10 
3.99275e-05 5.81625e-11 -1.0253e-10 
3.99275e-05 4.87009e-11 -7.77354e-11 
3.99275e-05 4.09294e-11 -5.92551e-11 
3.99275e-05 3.45788e-11 -4.55452e-11 
3.99275e-05 2.94191e-11 -3.53797e-11 
3.99275e-05 2.5187e-11 -2.77568e-11 
3.99275e-05 2.17585e-11 -2.20541e-11 
3.99275e-05 1.89776e-11 -1.77788e-11 
3.99276e-05 1.67105e-11 -1.45471e-11 
3.99276e-05 1.48984e-11 -1.21559e-11 
3.99276e-05 1.34421e-11 -1.03879e-11 
3.99276e-05 1.22866e-11 -9.10588e-12 
3.99276e-05 1.13917e-11 -8.22123e-12 
3.99276e-05 1.07332e-11 -7.66333e-12 
3.99276e-05 1.03304e-11 -7.44413e-12 
3.99276e-05 1.02297e-11 -7.61011e-12 
3.99276e-05 1.05885e-11 -8.42677e-12 
3.99276e-05 1.16506e-11 -1.03849e-11 
3.99276e-05 1.32185e-11 -1.41769e-11 
3.99276e-05 1.27371e-11 -2.17155e-11 
3.99276e-05 1.82465e-11 1.1529e-12 
0.000117318 -2.97531e-06 -2.69252e-06 
0.000123447 -4.022e-06 1.08042e-06 
0.000138498 -4.13231e-06 1.43648e-06 
0.000154432 -3.95899e-06 1.9987e-06 
0.000170763 -3.60773e-06 2.63083e-06 
0.000187207 -3.18509e-06 3.29763e-06 
0.000203705 -2.74522e-06 3.99912e-06 
0.000220305 -2.30679e-06 4.73963e-06 
0.000237112 -1.87421e-06 5.52646e-06 
0.000254226 -1.4388e-06 6.3673e-06 
0.000271726 -9.89463e-07 7.26772e-06 
0.000289685 -5.21279e-07 8.22835e-06 
0.000308158 -2.7641e-08 9.25691e-06 
0.000327186 5.00393e-07 1.03537e-05 
0.000346798 1.06662e-06 1.15234e-05 
0.000367001 1.67885e-06 1.2763e-05 
0.000387804 2.33561e-06 1.40751e-05 
0.000409202 3.0421e-06 1.54573e-05 
0.000431182 3.79985e-06 1.69071e-05 
0.000453732 4.60765e-06 1.84287e-05 
0.000476811 5.47616e-06 2.00124e-05 
0.000500374 6.39779e-06 2.16524e-05 
0.000524389 7.36851e-06 2.33478e-05 
0.000548814 8.39172e-06 2.50975e-05 
0.000573567 9.47494e-06 2.68799e-05 
0.000598589 1.05989e-05 2.8706e-05 
0.000623816 1.17744e-05 3.05492e-05 
0.000649156 1.29889e-05 3.24192e-05 
0.000674539 1.42467e-05 3.42849e-05 
0.000699871 1.55322e-05 3.61652e-05 
0.000725042 1.68622e-05 3.80222e-05 
0.00074995 1.82095e-05 3.98558e-05 
0.000774512 1.95724e-05 4.16586e-05 
0.000798578 2.096e-05 4.34288e-05 
0.000822048 2.23594e-05 4.51303e-05 
0.000844805 2.37508e-05 4.67719e-05 
0.000866745 2.51371e-05 4.83304e-05 
0.000887714 2.65183e-05 4.98023e-05 
0.000907621 2.7867e-05 5.11771e-05 
0.000926314 2.92039e-05 5.24404e-05 
0.000943678 3.0496e-05 5.35971e-05 
0.000959648 3.17429e-05 5.46008e-05 
0.000974082 3.29285e-05 5.54792e-05 
0.000986889 3.40536e-05 5.62362e-05 
0.000998062 3.5103e-05 5.68173e-05 
0.00100748 3.60785e-05 5.72665e-05 
0.00101518 3.69375e-05 5.75663e-05 
0.00102115 3.77092e-05 5.77323e-05 
0.00102548 3.83356e-05 5.77761e-05 
0.00102892 3.85048e-05 5.78545e-05 
0.0010313 4.0428e-05 5.87839e-05 
0.000119855 -4.04831e-06 6.56248e-07 
0.000133508 -3.93133e-06 1.02714e-06 
0.000147468 -3.72905e-06 1.47143e-06 
0.000161536 -3.41027e-06 1.97888e-06 
0.000175561 -3.03285e-06 2.52406e-06 
0.000189514 -2.64096e-06 3.09657e-06 
0.000203438 -2.25381e-06 3.69521e-06 
0.000217413 -1.87655e-06 4.32424e-06 
0.000231518 -1.50106e-06 4.98933e-06 
0.000245816 -1.11967e-06 5.69043e-06 
0.000260364 -7.31275e-07 6.43347e-06 
0.000275204 -3.25169e-07 7.21955e-06 
0.000290365 1.01744e-07 8.05235e-06 
0.000305869 5.54336e-07 8.93098e-06 
0.000321723 1.03638e-06 9.85758e-06 
0.000337934 1.54794e-06 1.08301e-05 
0.0003545 2.09142e-06 1.18489e-05 
0.000371412 2.66928e-06 1.29142e-05 
0.000388662 3.2813e-06 1.40213e-05 
0.000406223 3.93059e-06 1.51697e-05 
0.000424071 4.61289e-06 1.63539e-05 
0.000442185 5.32619e-06 1.75712e-05 
0.000460526 6.07656e-06 1.88235e-05 
0.00047906 6.85897e-06 2.01005e-05 
0.000497742 7.67328e-06 2.13943e-05 
0.000516534 8.5066e-06 2.2704e-05 
0.000535373 9.3791e-06 2.40261e-05 
0.000554216 1.02636e-05 2.53554e-05 
0.000573005 1.11811e-05 2.668e-05 
0.000591662 1.21136e-05 2.79991e-05 
0.000610137 1.30595e-05 2.92994e-05 
0.000628348 1.40215e-05 3.05913e-05 
0.000646222 1.50041e-05 3.18389e-05 
0.000663666 1.59749e-05 3.30556e-05 
0.000680615 1.69582e-05 3.42347e-05 
0.000696994 1.79334e-05 3.53694e-05 
0.000712719 1.89118e-05 3.64363e-05 
0.00072768 1.98751e-05 3.7457e-05 
0.00074182 2.08299e-05 3.83923e-05 
0.000755021 2.17627e-05 3.92485e-05 
0.000767261 2.26404e-05 4.00263e-05 
0.000778441 2.35196e-05 4.07229e-05 
0.000788482 2.43549e-05 4.13006e-05 
0.000797342 2.51162e-05 4.18122e-05 
0.000805006 2.58631e-05 4.22029e-05 
0.000811437 2.65157e-05 4.2505e-05 
0.000816628 2.71319e-05 4.2707e-05 
0.000820598 2.76528e-05 4.28354e-05 
0.000823652 2.80345e-05 4.2932e-05 
0.000824734 2.9476e-05 4.33518e-05 
0.000117923 -3.74195e-06 3.1852e-07 
0.000130052 -3.63881e-06 6.99244e-07 
0.000142365 -3.3948e-06 1.0912e-06 
0.000154602 -3.07343e-06 1.51487e-06 
0.000166668 -2.72052e-06 1.96252e-06 
0.000178565 -2.36558e-06 2.42833e-06 
0.000190347 -2.02032e-06 2.91121e-06 
0.000202082 -1.68628e-06 3.41337e-06 
0.000213834 -1.3573e-06 3.93644e-06 
0.000225657 -1.03009e-06 4.48377e-06 
0.000237597 -6.99097e-07 5.05628e-06 
0.000249685 -3.58809e-07 5.65769e-06 
0.000261947 -6.32908e-09 6.28558e-06 
0.000274399 3.59511e-07 6.94275e-06 
0.000287049 7.44717e-07 7.62809e-06 
0.000299903 1.1446e-06 8.34083e-06 
0.000312965 1.56407e-06 9.08059e-06 
0.000326228 2.00451e-06 9.84573e-06 
0.000339689 2.46139e-06 1.0636e-05 
0.000353335 2.94139e-06 1.14469e-05 
0.000367154 3.43752e-06 1.22769e-05 
0.000381128 3.95292e-06 1.31284e-05 
0.000395241 4.4896e-06 1.39891e-05 
0.000409458 5.04052e-06 1.4865e-05 
0.000423764 5.6087e-06 1.57524e-05 
0.000438139 6.18956e-06 1.66458e-05 
0.000452533 6.79483e-06 1.75395e-05 
0.000466914 7.4046e-06 1.84351e-05 
0.000481248 8.03153e-06 1.93289e-05 
0.000495487 8.67133e-06 2.02123e-05 
0.00050959 9.31472e-06 2.10885e-05 
0.000523497 9.98025e-06 2.19475e-05 
0.00053716 1.06397e-05 2.27902e-05 
0.000550533 1.13105e-05 2.36077e-05 
0.000563542 1.19869e-05 2.43948e-05 
0.000576123 1.26606e-05 2.51569e-05 
0.000588245 1.33282e-05 2.58832e-05 
0.000599822 1.40053e-05 2.65601e-05 
0.000610786 1.46602e-05 2.72052e-05 
0.000621101 1.53143e-05 2.77924e-05 
0.000630708 1.5939e-05 2.83361e-05 
0.000639544 1.65679e-05 2.88174e-05 
0.000647561 1.71538e-05 2.92469e-05 
0.000654718 1.77308e-05 2.96068e-05 
0.000660988 1.82575e-05 2.99054e-05 
0.000666354 1.87563e-05 3.01492e-05 
0.000670797 1.92249e-05 3.03257e-05 
0.000674287 1.96516e-05 3.04492e-05 
0.000676966 1.99976e-05 3.05406e-05 
0.000677789 2.14029e-05 3.07778e-05 
0.000116989 -3.35714e-06 1.69475e-07 
0.000127666 -3.28425e-06 5.15624e-07 
0.000138494 -3.03526e-06 8.76383e-07 
0.000149161 -2.71546e-06 1.25154e-06 
0.000159581 -2.37873e-06 1.63867e-06 
0.000169773 -2.04936e-06 2.03576e-06 
0.000179795 -1.73406e-06 2.44219e-06 
0.000189706 -1.43163e-06 2.86009e-06 
0.000199566 -1.1383e-06 3.29004e-06 
0.00020942 -8.49404e-07 3.73405e-06 
0.000219305 -5.6177e-07 4.19427e-06 
0.000229251 -2.70277e-07 4.66888e-06 
0.000239279 2.34244e-08 5.16002e-06 
0.000249405 3.25407e-07 5.66792e-06 
0.000259639 6.3561e-07 6.18979e-06 
0.000269992 9.51302e-07 6.72662e-06 
0.000280466 1.27756e-06 7.27819e-06 
0.000291062 1.61433e-06 7.8427e-06 
0.00030178 1.95854e-06 8.41945e-06 
0.000312618 2.31263e-06 9.00589e-06 
0.000323566 2.67666e-06 9.60458e-06 
0.000334618 3.05186e-06 1.02085e-05 
0.000345759 3.43401e-06 1.0824e-05 
0.000356982 3.82889e-06 1.14401e-05 
0.000368259 4.23057e-06 1.20596e-05 
0.00037958 4.639e-06 1.2686e-05 
0.000390922 5.06201e-06 1.33103e-05 
0.000402257 5.49058e-06 1.39331e-05 
0.000413553 5.93003e-06 1.45535e-05 
0.000424788 6.37352e-06 1.51654e-05 
0.000435919 6.82754e-06 1.57738e-05 
0.000446912 7.29092e-06 1.63671e-05 
0.000457725 7.75452e-06 1.69491e-05 
0.000468322 8.22509e-06 1.7517e-05 
0.000478651 8.7033e-06 1.80686e-05 
0.000488667 9.18516e-06 1.8593e-05 
0.000498325 9.6594e-06 1.90999e-05 
0.000507581 1.0142e-05 1.95836e-05 
0.000516379 1.06246e-05 2.00318e-05 
0.000524681 1.10909e-05 2.04508e-05 
0.000532447 1.15552e-05 2.08375e-05 
0.00053963 1.20115e-05 2.11845e-05 
0.000546184 1.24544e-05 2.14978e-05 
0.000552094 1.28778e-05 2.17627e-05 
0.000557318 1.32831e-05 2.19969e-05 
0.000561846 1.36716e-05 2.21814e-05 
0.000565634 1.40408e-05 2.23376e-05 
0.000568665 1.43942e-05 2.2453e-05 
0.000571025 1.46934e-05 2.25312e-05 
0.000571614 1.60616e-05 2.26874e-05 
0.000116419 -2.95054e-06 1.48164e-07 
0.00012579 -2.88122e-06 4.62642e-07 
0.000135253 -2.63214e-06 7.94454e-07 
0.00014451 -2.32059e-06 1.13387e-06 
0.000153487 -2.00163e-06 1.47617e-06 
0.000162208 -1.69656e-06 1.82024e-06 
0.000170731 -1.40974e-06 2.1669e-06 
0.000179112 -1.13786e-06 2.51722e-06 
0.000187403 -8.79086e-07 2.87266e-06 
0.000195646 -6.27964e-07 3.23389e-06 
0.000203875 -3.82409e-07 3.60118e-06 
0.000212115 -1.40465e-07 3.97574e-06 
0.000220389 1.00444e-07 4.3581e-06 
0.000228714 3.42433e-07 4.74652e-06 
0.000237101 5.84221e-07 5.1418e-06 
0.00024556 8.28152e-07 5.54503e-06 
0.000254101 1.0759e-06 5.95379e-06 
0.000262723 1.32687e-06 6.36812e-06 
0.000271431 1.5805e-06 6.78865e-06 
0.000280226 1.83858e-06 7.21597e-06 
0.000289102 2.10412e-06 7.64682e-06 
0.000298057 2.37168e-06 8.08252e-06 
0.000307082 2.64715e-06 8.51964e-06 
0.000316168 2.92503e-06 8.96251e-06 
0.000325308 3.21163e-06 9.40636e-06 
0.00033448 3.50538e-06 9.85107e-06 
0.000343673 3.8025e-06 1.02946e-05 
0.000352864 4.10854e-06 1.07401e-05 
0.000362032 4.42215e-06 1.11806e-05 
0.000371158 4.73693e-06 1.1619e-05 
0.00038021 5.0658e-06 1.2051e-05 
0.000389156 5.39567e-06 1.24771e-05 
0.000397969 5.73373e-06 1.28962e-05 
0.000406615 6.0775e-06 1.33052e-05 
0.000415053 6.428e-06 1.37009e-05 
0.000423252 6.77818e-06 1.40844e-05 
0.000431171 7.13547e-06 1.44529e-05 
0.000438771 7.49418e-06 1.48005e-05 
0.000446009 7.85175e-06 1.51334e-05 
0.000452863 8.20658e-06 1.54444e-05 
0.000459293 8.56018e-06 1.57314e-05 
0.000465263 8.90739e-06 1.59951e-05 
0.000470741 9.25053e-06 1.62269e-05 
0.000475702 9.57553e-06 1.64395e-05 
0.000480121 9.9025e-06 1.66179e-05 
0.000483968 1.02089e-05 1.67768e-05 
0.000487217 1.05198e-05 1.69015e-05 
0.000489827 1.08059e-05 1.69998e-05 
0.000491885 1.10626e-05 1.70814e-05 
0.000492288 1.2368e-05 1.71747e-05 
0.000115806 -2.53821e-06 2.03088e-07 
0.000123994 -2.45907e-06 4.89592e-07 
0.00013221 -2.21394e-06 7.90015e-07 
0.000140194 -1.92161e-06 1.0915e-06 
0.000147895 -1.63096e-06 1.38907e-06 
0.000155343 -1.3588e-06 1.68171e-06 
0.000162592 -1.10753e-06 1.97065e-06 
0.000169694 -8.73926e-07 2.2571e-06 
0.000176697 -6.55802e-07 2.54248e-06 
0.000183638 -4.48607e-07 2.82791e-06 
0.000190548 -2.50422e-07 3.11399e-06 
0.000197453 -5.84279e-08 3.40146e-06 
0.000204371 1.2889e-07 3.69047e-06 
0.000211321 3.1229e-07 3.98166e-06 
0.000218315 4.94167e-07 4.27612e-06 
0.000225362 6.75544e-07 4.57256e-06 
0.00023247 8.5592e-07 4.87213e-06 
0.000239643 1.03836e-06 5.17537e-06 
0.000246886 1.22187e-06 5.48126e-06 
0.000254197 1.40783e-06 5.78977e-06 
0.000261576 1.59624e-06 6.10089e-06 
0.00026902 1.78786e-06 6.41588e-06 
0.000276523 1.98431e-06 6.73432e-06 
0.000284079 2.18575e-06 7.054e-06 
0.000291679 2.39015e-06 7.3754e-06 
0.000299311 2.60168e-06 7.69801e-06 
0.000306961 2.81678e-06 8.02326e-06 
0.000314614 3.04154e-06 8.34628e-06 
0.000322251 3.26835e-06 8.66905e-06 
0.000329855 3.50221e-06 8.99247e-06 
0.000337406 3.74388e-06 9.30974e-06 
0.000344871 3.99108e-06 9.62576e-06 
0.00035223 4.24525e-06 9.93574e-06 
0.000359455 4.50302e-06 1.02383e-05 
0.000366511 4.76855e-06 1.05355e-05 
0.000373375 5.03734e-06 1.08229e-05 
0.000380013 5.31088e-06 1.10982e-05 
0.000386389 5.58716e-06 1.13653e-05 
0.000392475 5.86809e-06 1.16146e-05 
0.00039824 6.14352e-06 1.18511e-05 
0.000403659 6.42108e-06 1.20733e-05 
0.000408705 6.69713e-06 1.22775e-05 
0.000413351 6.968e-06 1.24647e-05 
0.000417572 7.23711e-06 1.26314e-05 
0.000421346 7.49672e-06 1.27769e-05 
0.000424642 7.75581e-06 1.29028e-05 
0.00042743 8.00921e-06 1.30094e-05 
0.000429685 8.25095e-06 1.30957e-05 
0.00043147 8.47825e-06 1.31666e-05 
0.000431718 9.69157e-06 1.32256e-05 
0.000114914 -2.14188e-06 2.93326e-07 
0.00012204 -2.05263e-06 5.47666e-07 
0.000129138 -1.8221e-06 8.09684e-07 
0.000136003 -1.56215e-06 1.0668e-06 
0.000142607 -1.3114e-06 1.3147e-06 
0.000148983 -1.08188e-06 1.55356e-06 
0.000155182 -8.7425e-07 1.78443e-06 
0.00016125 -6.85203e-07 2.00927e-06 
0.000167228 -5.12098e-07 2.22976e-06 
0.00017315 -3.51105e-07 2.44673e-06 
0.000179045 -2.00241e-07 2.66166e-06 
0.000184934 -5.68428e-08 2.87487e-06 
0.000190834 8.09283e-08 3.08799e-06 
0.000196761 2.14431e-07 3.30155e-06 
0.000202724 3.4605e-07 3.51583e-06 
0.000208734 4.75172e-07 3.73161e-06 
0.000214797 6.0384e-07 3.94909e-06 
0.000220915 7.34051e-07 4.1686e-06 
0.000227091 8.63837e-07 4.39038e-06 
0.000233326 9.96483e-07 4.61563e-06 
0.00023962 1.13173e-06 4.84354e-06 
0.000245967 1.27085e-06 5.07404e-06 
0.000252363 1.41324e-06 5.30663e-06 
0.000258803 1.55879e-06 5.54199e-06 
0.00026528 1.70913e-06 5.7807e-06 
0.000271785 1.8652e-06 6.02e-06 
0.000278302 2.02688e-06 6.26186e-06 
0.000284821 2.19336e-06 6.5042e-06 
0.000291328 2.36509e-06 6.74674e-06 
0.000297804 2.54419e-06 6.9892e-06 
0.000304234 2.72668e-06 7.23178e-06 
0.000310595 2.9195e-06 7.47116e-06 
0.000316863 3.11505e-06 7.7072e-06 
0.000323019 3.31577e-06 7.94077e-06 
0.000329033 3.52663e-06 8.16894e-06 
0.000334884 3.73694e-06 8.38987e-06 
0.000340543 3.954e-06 8.60627e-06 
0.000345983 4.17774e-06 8.81276e-06 
0.000351178 4.39954e-06 9.01028e-06 
0.000356106 4.6244e-06 9.19735e-06 
0.00036074 4.85072e-06 9.37266e-06 
0.000365057 5.07572e-06 9.53695e-06 
0.000369039 5.29828e-06 9.68589e-06 
0.000372661 5.51931e-06 9.82188e-06 
0.000375907 5.73592e-06 9.94455e-06 
0.000378748 5.95582e-06 1.00509e-05 
0.000381153 6.17194e-06 1.01402e-05 
0.000383099 6.37652e-06 1.02135e-05 
0.000384644 6.57516e-06 1.02799e-05 
0.00038477 7.70329e-06 1.0314e-05 
0.000113664 -1.7909e-06 3.79392e-07 
0.000119866 -1.69857e-06 5.9478e-07 
0.000126004 -1.4951e-06 8.11623e-07 
0.000131928 -1.27768e-06 1.01963e-06 
0.00013763 -1.07434e-06 1.21594e-06 
0.000143145 -8.92401e-07 1.4008e-06 
0.000148515 -7.315e-07 1.57668e-06 
0.000153782 -5.87825e-07 1.74497e-06 
0.000158979 -4.58864e-07 1.90769e-06 
0.000164136 -3.41589e-07 2.06618e-06 
0.000169276 -2.33172e-07 2.2218e-06 
0.000174417 -1.31842e-07 2.37577e-06 
0.000179573 -3.47244e-08 2.52874e-06 
0.000184756 5.86937e-08 2.68198e-06 
0.000189973 1.50058e-07 2.83532e-06 
0.000195232 2.39972e-07 2.99017e-06 
0.000200538 3.30085e-07 3.14733e-06 
0.000205891 4.21939e-07 3.30642e-06 
0.000211293 5.14412e-07 3.46861e-06 
0.000216745 6.10133e-07 3.63287e-06 
0.000222243 7.0789e-07 3.80044e-06 
0.000227784 8.09569e-07 3.97102e-06 
0.000233364 9.14665e-07 4.14477e-06 
0.000238979 1.02395e-06 4.32162e-06 
0.000244619 1.13842e-06 4.50138e-06 
0.000250278 1.25677e-06 4.68432e-06 
0.000255945 1.38215e-06 4.86839e-06 
0.000261608 1.51082e-06 5.0546e-06 
0.000267256 1.64558e-06 5.24275e-06 
0.000272874 1.78672e-06 5.43035e-06 
0.000278445 1.93264e-06 5.61939e-06 
0.000283954 2.08513e-06 5.8066e-06 
0.000289382 2.24219e-06 5.99292e-06 
0.000294709 2.40573e-06 6.17734e-06 
0.000299911 2.57542e-06 6.35657e-06 
0.000304969 2.74699e-06 6.53472e-06 
0.00030986 2.92694e-06 6.70643e-06 
0.000314559 3.10921e-06 6.87196e-06 
0.000319048 3.29284e-06 7.03106e-06 
0.000323304 3.48027e-06 7.18394e-06 
0.000327308 3.66833e-06 7.32632e-06 
0.000331037 3.85789e-06 7.46029e-06 
0.000334477 4.04353e-06 7.58462e-06 
0.000337609 4.23191e-06 7.69805e-06 
0.000340411 4.41787e-06 7.80126e-06 
0.000342865 4.60447e-06 7.89075e-06 
0.000344939 4.79091e-06 7.96955e-06 
0.000346621 4.96569e-06 8.03253e-06 
0.000347959 5.14105e-06 8.09261e-06 
0.000347989 6.18585e-06 8.10598e-06 
0.000112115 -1.51131e-06 4.32052e-07 
0.000117552 -1.42419e-06 6.03659e-07 
0.00012291 -1.25649e-06 7.72656e-07 
0.000128086 -1.08582e-06 9.31025e-07 
0.000133086 -9.31236e-07 1.07746e-06 
0.000137943 -7.96382e-07 1.21308e-06 
0.000142693 -6.79314e-07 1.33966e-06 
0.000147369 -5.77448e-07 1.45922e-06 
0.000151998 -4.87628e-07 1.57351e-06 
0.000156604 -4.07621e-07 1.68399e-06 
0.000161204 -3.34475e-07 1.79217e-06 
0.000165813 -2.66664e-07 1.89903e-06 
0.00017044 -2.01887e-07 2.00555e-06 
0.000175094 -1.39368e-07 2.11213e-06 
0.000179781 -7.80954e-08 2.22034e-06 
0.000184504 -1.62661e-08 2.33039e-06 
0.000189266 4.63793e-08 2.44229e-06 
0.000194066 1.10905e-07 2.55712e-06 
0.000198905 1.77602e-07 2.67509e-06 
0.000203782 2.46864e-07 2.79627e-06 
0.000208694 3.19978e-07 2.92102e-06 
0.000213636 3.97011e-07 3.04951e-06 
0.000218605 4.77684e-07 3.18124e-06 
0.000223595 5.62904e-07 3.31679e-06 
0.000228599 6.53014e-07 3.45532e-06 
0.000233611 7.47548e-07 3.59737e-06 
0.000238621 8.47181e-07 3.74174e-06 
0.000243621 9.51867e-07 3.88889e-06 
0.000248599 1.06193e-06 4.03748e-06 
0.000253542 1.17706e-06 4.18839e-06 
0.000258439 1.29841e-06 4.33917e-06 
0.000263274 1.42359e-06 4.4904e-06 
0.000268032 1.55526e-06 4.64165e-06 
0.000272696 1.69196e-06 4.79113e-06 
0.000277246 1.8334e-06 4.93952e-06 
0.000281666 1.98032e-06 5.08418e-06 
0.000285935 2.13049e-06 5.22546e-06 
0.000290034 2.28499e-06 5.36282e-06 
0.000293946 2.44183e-06 5.4954e-06 
0.000297652 2.60186e-06 5.62085e-06 
0.000301135 2.76082e-06 5.74107e-06 
0.000304378 2.92418e-06 5.85339e-06 
0.000307364 3.08453e-06 5.95916e-06 
0.000310081 3.24681e-06 6.05583e-06 
0.000312508 3.4086e-06 6.14344e-06 
0.000314628 3.56969e-06 6.22233e-06 
0.000316418 3.73332e-06 6.28893e-06 
0.000317866 3.8816e-06 6.34579e-06 
0.000319025 4.03516e-06 6.39986e-06 
0.000318981 5.00558e-06 6.40155e-06 
0.000110421 -1.31761e-06 4.35951e-07 
0.000115265 -1.24175e-06 5.63158e-07 
0.000120027 -1.11265e-06 6.85877e-07 
0.000124644 -9.87468e-07 7.98315e-07 
0.00012913 -8.77947e-07 9.00061e-07 
0.000133515 -7.85115e-07 9.92393e-07 
0.000137827 -7.0678e-07 1.07715e-06 
0.000142093 -6.40506e-07 1.15591e-06 
0.000146332 -5.83481e-07 1.23044e-06 
0.000150562 -5.33699e-07 1.30235e-06 
0.000154795 -4.88646e-07 1.37244e-06 
0.000159042 -4.46978e-07 1.4423e-06 
0.000163309 -4.06828e-07 1.51235e-06 
0.0001676 -3.67649e-07 1.58362e-06 
0.000171919 -3.27534e-07 1.65682e-06 
0.000176266 -2.86472e-07 1.73219e-06 
0.000180642 -2.43396e-07 1.81116e-06 
0.000185047 -1.97076e-07 1.89308e-06 
0.000189477 -1.4807e-07 1.97859e-06 
0.000193931 -9.55941e-08 2.06854e-06 
0.000198406 -3.8746e-08 2.16222e-06 
0.000202896 2.23803e-08 2.26001e-06 
0.000207399 8.72432e-08 2.36207e-06 
0.000211908 1.57372e-07 2.46812e-06 
0.000216418 2.3175e-07 2.57785e-06 
0.000220922 3.11453e-07 2.69146e-06 
0.000225412 3.95381e-07 2.80847e-06 
0.000229882 4.84855e-07 2.92828e-06 
0.000234321 5.78876e-07 3.05087e-06 
0.000238721 6.78285e-07 3.17471e-06 
0.000243068 7.82125e-07 3.30059e-06 
0.000247352 8.90926e-07 3.42733e-06 
0.00025156 1.00513e-06 3.55365e-06 
0.000255676 1.12346e-06 3.68021e-06 
0.000259687 1.24672e-06 3.80473e-06 
0.000263576 1.3734e-06 3.92753e-06 
0.000267327 1.50458e-06 4.0482e-06 
0.000270923 1.63924e-06 4.1647e-06 
0.00027435 1.77567e-06 4.27712e-06 
0.000277592 1.91412e-06 4.3853e-06 
0.000280634 2.05492e-06 4.48926e-06 
0.000283462 2.19717e-06 4.58652e-06 
0.000286061 2.3386e-06 4.67721e-06 
0.000288419 2.48059e-06 4.76216e-06 
0.00029052 2.62353e-06 4.83994e-06 
0.000292349 2.76611e-06 4.90893e-06 
0.000293887 2.90879e-06 4.96928e-06 
0.000295131 3.03706e-06 5.01775e-06 
0.000296131 3.16859e-06 5.06995e-06 
0.000296028 4.07573e-06 5.06162e-06 
0.000108778 -1.21212e-06 3.88111e-07 
0.000113198 -1.15021e-06 4.73387e-07 
0.000117538 -1.05811e-06 5.54185e-07 
0.000121769 -9.73723e-07 6.26044e-07 
0.000125909 -9.03452e-07 6.89032e-07 
0.000129984 -8.46623e-07 7.44326e-07 
0.000134014 -8.0102e-07 7.93441e-07 
0.00013802 -7.64496e-07 8.38113e-07 
0.000142016 -7.34411e-07 8.79587e-07 
0.000146013 -7.08998e-07 9.1929e-07 
0.000150019 -6.8654e-07 9.58422e-07 
0.00015404 -6.6506e-07 9.9796e-07 
0.000158079 -6.43942e-07 1.03866e-06 
0.000162137 -6.21773e-07 1.08163e-06 
0.000166214 -5.97396e-07 1.12717e-06 
0.000170309 -5.70705e-07 1.17642e-06 
0.000174421 -5.40329e-07 1.22914e-06 
0.000178546 -5.0654e-07 1.28629e-06 
0.000182682 -4.68574e-07 1.34805e-06 
0.000186825 -4.26092e-07 1.41433e-06 
0.000190971 -3.79171e-07 1.4858e-06 
0.000195116 -3.27145e-07 1.56206e-06 
0.000199255 -2.70569e-07 1.64341e-06 
0.000203384 -2.08858e-07 1.72938e-06 
0.000207497 -1.42478e-07 1.82012e-06 
0.000211589 -7.07965e-08 1.91469e-06 
0.000215653 5.14381e-09 2.0135e-06 
0.000219684 8.60522e-08 2.11568e-06 
0.000223673 1.71523e-07 2.22071e-06 
0.000227614 2.6138e-07 2.32853e-06 
0.000231497 3.56167e-07 2.43777e-06 
0.000235313 4.54603e-07 2.5482e-06 
0.000239051 5.57493e-07 2.65941e-06 
0.000242699 6.64763e-07 2.77002e-06 
0.000246244 7.75364e-07 2.88061e-06 
0.000249676 8.89644e-07 2.98923e-06 
0.000252978 1.00759e-06 3.09541e-06 
0.00025614 1.12725e-06 3.19867e-06 
0.000259146 1.24963e-06 3.29898e-06 
0.000261985 1.37398e-06 3.39525e-06 
0.000264643 1.49978e-06 3.48598e-06 
0.000267106 1.6256e-06 3.57256e-06 
0.000269365 1.75213e-06 3.65429e-06 
0.000271406 1.88005e-06 3.73014e-06 
0.000273217 2.00746e-06 3.79951e-06 
0.000274785 2.13412e-06 3.86266e-06 
0.000276096 2.26076e-06 3.91701e-06 
0.000277155 2.36999e-06 3.96246e-06 
0.000278013 2.48479e-06 4.01181e-06 
0.000277859 3.33472e-06 3.99733e-06 
0.000107385 -1.189e-06 2.91934e-07 
0.000111536 -1.14177e-06 3.39425e-07 
0.000115612 -1.0829e-06 3.82971e-07 
0.00011961 -1.03412e-06 4.19099e-07 
0.000123551 -9.97601e-07 4.48033e-07 
0.000127455 -9.71725e-07 4.70729e-07 
0.000131338 -9.54209e-07 4.88613e-07 
0.000135214 -9.42962e-07 5.03012e-07 
0.000139091 -9.35828e-07 5.15424e-07 
0.000142976 -9.30942e-07 5.27013e-07 
0.000146872 -9.26854e-07 5.38979e-07 
0.000150781 -9.22009e-07 5.52152e-07 
0.000154701 -9.15507e-07 5.67954e-07 
0.000158632 -9.0606e-07 5.86825e-07 
0.000162569 -8.93065e-07 6.09618e-07 
0.00016651 -8.75737e-07 6.37038e-07 
0.000170451 -8.53785e-07 6.6971e-07 
0.000174387 -8.26636e-07 7.07754e-07 
0.000178313 -7.94183e-07 7.51745e-07 
0.000182227 -7.56236e-07 8.01976e-07 
0.000186122 -7.12549e-07 8.58159e-07 
0.000189994 -6.63411e-07 9.20476e-07 
0.00019384 -6.08815e-07 9.88804e-07 
0.000197655 -5.4895e-07 1.06297e-06 
0.000201434 -4.83932e-07 1.14246e-06 
0.000205174 -4.14037e-07 1.22709e-06 
0.000208871 -3.39316e-07 1.31613e-06 
0.000212518 -2.60335e-07 1.40934e-06 
0.000216112 -1.77131e-07 1.50596e-06 
0.000219646 -8.99181e-08 1.6051e-06 
0.000223115 9.50188e-10 1.70652e-06 
0.000226511 9.53387e-08 1.80933e-06 
0.000229826 1.93404e-07 1.91283e-06 
0.000233052 2.94468e-07 2.01629e-06 
0.000236178 3.9869e-07 2.11846e-06 
0.000239196 5.04832e-07 2.21978e-06 
0.000242093 6.13976e-07 2.31873e-06 
0.000244861 7.24376e-07 2.41481e-06 
0.000247487 8.37072e-07 2.50749e-06 
0.000249961 9.50249e-07 2.59596e-06 
0.000252271 1.06427e-06 2.68074e-06 
0.000254407 1.17941e-06 2.76017e-06 
0.000256357 1.29479e-06 2.83538e-06 
0.00025811 1.41051e-06 2.90517e-06 
0.000259656 1.52588e-06 2.96989e-06 
0.000260984 1.64056e-06 3.02832e-06 
0.000262086 1.75275e-06 3.07935e-06 
0.000262972 1.84749e-06 3.12237e-06 
0.000263698 1.94502e-06 3.17059e-06 
0.000263495 2.74603e-06 3.1524e-06 
0.000106425 -1.24105e-06 1.51998e-07 
0.000110447 -1.20829e-06 1.64855e-07 
0.0001144 -1.17964e-06 1.74428e-07 
0.000118302 -1.16261e-06 1.77726e-07 
0.000122175 -1.15639e-06 1.74778e-07 
0.000126034 -1.15863e-06 1.66605e-07 
0.000129892 -1.16684e-06 1.54412e-07 
0.000133755 -1.17895e-06 1.39665e-07 
0.000137628 -1.19279e-06 1.23674e-07 
0.000141512 -1.20671e-06 1.07835e-07 
0.000145405 -1.21912e-06 9.34462e-08 
0.000149303 -1.22863e-06 8.18058e-08 
0.000153203 -1.23388e-06 7.38713e-08 
0.000157099 -1.23422e-06 7.10968e-08 
0.000160984 -1.22864e-06 7.40288e-08 
0.000164852 -1.21656e-06 8.34769e-08 
0.000168696 -1.19769e-06 1.0023e-07 
0.000172511 -1.17187e-06 1.24815e-07 
0.00017629 -1.13858e-06 1.57461e-07 
0.000180029 -1.09838e-06 1.98152e-07 
0.000183722 -1.05131e-06 2.47086e-07 
0.000187365 -9.97453e-07 3.03969e-07 
0.000190956 -9.37371e-07 3.68462e-07 
0.00019449 -8.71468e-07 4.40095e-07 
0.000197965 -8.00296e-07 5.18423e-07 
0.000201378 -7.24118e-07 6.02645e-07 
0.000204729 -6.43564e-07 6.92174e-07 
0.000208013 -5.59044e-07 7.86097e-07 
0.000211229 -4.71143e-07 8.83805e-07 
0.000214374 -3.80134e-07 9.84492e-07 
0.000217444 -2.86145e-07 1.0871e-06 
0.000220436 -1.89926e-07 1.19095e-06 
0.000223345 -9.1242e-08 1.29522e-06 
0.000226164 9.17551e-09 1.39895e-06 
0.000228889 1.1118e-07 1.50151e-06 
0.00023151 2.14822e-07 1.602e-06 
0.00023402 3.19273e-07 1.69984e-06 
0.000236412 4.24237e-07 1.79456e-06 
0.000238676 5.30261e-07 1.88516e-06 
0.000240804 6.35825e-07 1.97148e-06 
0.000242787 7.4188e-07 2.05259e-06 
0.000244614 8.47602e-07 2.12923e-06 
0.000246275 9.54234e-07 2.20031e-06 
0.000247758 1.06047e-06 2.26707e-06 
0.000249054 1.16674e-06 2.3288e-06 
0.000250156 1.27091e-06 2.3851e-06 
0.000251059 1.37148e-06 2.43431e-06 
0.000251777 1.45508e-06 2.47683e-06 
0.000252371 1.53923e-06 2.52792e-06 
0.000252115 2.29623e-06 2.50858e-06 
0.000106066 -1.36479e-06 -3.10345e-08 
0.000110091 -1.34705e-06 -5.20609e-08 
0.000114053 -1.34793e-06 -7.61257e-08 
0.00011799 -1.36202e-06 -1.06448e-07 
0.000121921 -1.38616e-06 -1.42893e-07 
0.000125861 -1.41713e-06 -1.8444e-07 
0.000129816 -1.45217e-06 -2.29686e-07 
0.000133788 -1.48881e-06 -2.77003e-07 
0.000137774 -1.52481e-06 -3.24677e-07 
0.00014177 -1.55812e-06 -3.70951e-07 
0.000145768 -1.5869e-06 -4.13968e-07 
0.000149759 -1.60949e-06 -4.51956e-07 
0.000153734 -1.62443e-06 -4.83274e-07 
0.000157681 -1.63066e-06 -5.06672e-07 
0.00016159 -1.62745e-06 -5.20216e-07 
0.000165451 -1.61403e-06 -5.23339e-07 
0.000169254 -1.59011e-06 -5.15002e-07 
0.000172992 -1.55593e-06 -4.94827e-07 
0.000176656 -1.51156e-06 -4.62753e-07 
0.000180242 -1.45784e-06 -4.18703e-07 
0.000183745 -1.39497e-06 -3.63083e-07 
0.000187161 -1.32398e-06 -2.96604e-07 
0.00019049 -1.2457e-06 -2.19975e-07 
0.00019373 -1.16116e-06 -1.34236e-07 
0.000196883 -1.07122e-06 -4.04462e-08 
0.000199947 -9.76765e-07 6.0358e-08 
0.000202926 -8.78624e-07 1.66852e-07 
0.000205819 -7.77791e-07 2.77867e-07 
0.000208629 -6.74832e-07 3.92144e-07 
0.000211357 -5.70462e-07 5.08631e-07 
0.000214002 -4.65128e-07 6.26214e-07 
0.000216566 -3.59282e-07 7.43835e-07 
0.000219045 -2.53141e-07 8.60341e-07 
0.000221439 -1.47346e-07 9.75014e-07 
0.000223743 -4.17849e-08 1.08704e-06 
0.000225954 6.32619e-08 1.19552e-06 
0.000228067 1.67429e-07 1.29985e-06 
0.000230077 2.70378e-07 1.39932e-06 
0.000231976 3.72202e-07 1.49332e-06 
0.000233759 4.72488e-07 1.58151e-06 
0.000235418 5.71589e-07 1.66372e-06 
0.000236943 6.70258e-07 1.73956e-06 
0.000238323 7.6854e-07 1.80973e-06 
0.000239545 8.67496e-07 1.8743e-06 
0.000240599 9.66191e-07 1.93475e-06 
0.000241479 1.06287e-06 1.9916e-06 
0.000242184 1.15469e-06 2.04298e-06 
0.000242726 1.2353e-06 2.09096e-06 
0.000243158 1.32104e-06 2.15576e-06 
0.000242819 2.03618e-06 2.14596e-06 
0.000106484 -1.56589e-06 -2.64754e-07 
0.000110645 -1.5659e-06 -3.23515e-07 
0.000114755 -1.60058e-06 -3.86391e-07 
0.000118866 -1.65078e-06 -4.57116e-07 
0.000123 -1.71102e-06 -5.35369e-07 
0.000127165 -1.77703e-06 -6.19557e-07 
0.000131361 -1.84513e-06 -7.07594e-07 
0.000135584 -1.91192e-06 -7.96874e-07 
0.000139822 -1.97423e-06 -8.84599e-07 
0.000144062 -2.02908e-06 -9.6758e-07 
0.000148288 -2.07353e-06 -1.04273e-06 
0.000152481 -2.10524e-06 -1.1069e-06 
0.000156623 -2.12222e-06 -1.15736e-06 
0.000160697 -2.12281e-06 -1.19104e-06 
0.000164683 -2.10583e-06 -1.2066e-06 
0.000168568 -2.07167e-06 -1.20221e-06 
0.000172338 -2.01968e-06 -1.17721e-06 
0.000175982 -1.95141e-06 -1.13163e-06 
0.000179494 -1.86763e-06 -1.06573e-06 
0.000182869 -1.77017e-06 -9.80854e-07 
0.000186105 -1.66059e-06 -8.7845e-07 
0.000189203 -1.54118e-06 -7.60515e-07 
0.000192167 -1.41365e-06 -6.29061e-07 
0.000195001 -1.28024e-06 -4.86341e-07 
0.000197711 -1.14269e-06 -3.34772e-07 
0.000200304 -1.00269e-06 -1.76707e-07 
0.000202788 -8.61965e-07 -1.43406e-08 
0.00020517 -7.21819e-07 1.50286e-07 
0.000207458 -5.83371e-07 3.15173e-07 
0.000209659 -4.4747e-07 4.78579e-07 
0.000211777 -3.14952e-07 6.38869e-07 
0.000213817 -1.863e-07 7.94726e-07 
0.000215783 -6.17503e-08 9.45102e-07 
0.000217677 5.84908e-08 1.08899e-06 
0.000219497 1.74447e-07 1.2256e-06 
0.000221244 2.85876e-07 1.3543e-06 
0.000222914 3.93058e-07 1.47466e-06 
0.000224506 4.95645e-07 1.58629e-06 
0.000226013 5.9436e-07 1.68929e-06 
0.000227433 6.89052e-07 1.78307e-06 
0.000228756 7.80546e-07 1.86793e-06 
0.000229975 8.69487e-07 1.94359e-06 
0.000231076 9.57693e-07 2.01093e-06 
0.000232044 1.04708e-06 2.07211e-06 
0.00023286 1.13996e-06 2.13018e-06 
0.000233512 1.23524e-06 2.18942e-06 
0.000233998 1.33174e-06 2.2544e-06 
0.000234305 1.44305e-06 2.34039e-06 
0.000234443 1.58249e-06 2.4703e-06 
0.000233878 2.26426e-06 2.498e-06 
0.000107901 -1.86796e-06 -5.74562e-07 
0.000112357 -1.89407e-06 -6.83603e-07 
0.000116785 -1.97689e-06 -8.00994e-07 
0.000121253 -2.07863e-06 -9.30804e-07 
0.00012578 -2.19072e-06 -1.071e-06 
0.000130366 -2.30637e-06 -1.21781e-06 
0.000135 -2.41919e-06 -1.36623e-06 
0.000139662 -2.52272e-06 -1.51026e-06 
0.000144327 -2.61098e-06 -1.64331e-06 
0.000148964 -2.67785e-06 -1.75838e-06 
0.000153538 -2.71814e-06 -1.84863e-06 
0.000158014 -2.72733e-06 -1.90767e-06 
0.000162358 -2.70256e-06 -1.93011e-06 
0.000166539 -2.64195e-06 -1.91297e-06 
0.000170529 -2.5459e-06 -1.8533e-06 
0.000174307 -2.41556e-06 -1.75084e-06 
0.000177859 -2.25345e-06 -1.60713e-06 
0.000181176 -2.06373e-06 -1.42431e-06 
0.000184256 -1.85014e-06 -1.20657e-06 
0.000187103 -1.61807e-06 -9.58335e-07 
0.000189726 -1.37189e-06 -6.85076e-07 
0.000192138 -1.11684e-06 -3.92294e-07 
0.000194356 -8.57146e-07 -8.58099e-08 
0.000196397 -5.97409e-07 2.28772e-07 
0.000198281 -3.41148e-07 5.46455e-07 
0.000200029 -9.15211e-08 8.62427e-07 
0.000201659 1.48993e-07 1.17277e-06 
0.00020319 3.78295e-07 1.47374e-06 
0.000204639 5.94432e-07 1.76216e-06 
0.000206022 7.97243e-07 2.03608e-06 
0.000207351 9.85493e-07 2.29368e-06 
0.000208637 1.15927e-06 2.53315e-06 
0.000209886 1.3193e-06 2.75467e-06 
0.000211106 1.46525e-06 2.95679e-06 
0.000212298 1.59837e-06 3.14011e-06 
0.000213464 1.71907e-06 3.30463e-06 
0.0002146 1.82867e-06 3.45091e-06 
0.000215706 1.9274e-06 3.57972e-06 
0.000216775 2.01718e-06 3.69134e-06 
0.000217802 2.09816e-06 3.78767e-06 
0.000218778 2.17257e-06 3.86874e-06 
0.000219695 2.24105e-06 3.936e-06 
0.000220537 2.30706e-06 3.98954e-06 
0.000221279 2.3754e-06 4.03235e-06 
0.000221887 2.45256e-06 4.06996e-06 
0.00022232 2.54708e-06 4.11515e-06 
0.000222536 2.6798e-06 4.19107e-06 
0.000222391 2.95614e-06 4.37311e-06 
0.000221603 3.42219e-06 4.85731e-06 
0.000220268 4.08524e-06 5.08318e-06 
0.000110684 -2.33458e-06 -1.02991e-06 
0.000115662 -2.40922e-06 -1.21893e-06 
0.000120662 -2.57317e-06 -1.42511e-06 
0.000125766 -2.75642e-06 -1.64852e-06 
0.000130976 -2.94343e-06 -1.87982e-06 
0.000136267 -3.11954e-06 -2.10629e-06 
0.000141598 -3.26921e-06 -2.31284e-06 
0.000146911 -3.37665e-06 -2.48224e-06 
0.000152138 -3.42755e-06 -2.59647e-06 
0.000157207 -3.40911e-06 -2.63883e-06 
0.000162046 -3.31328e-06 -2.59644e-06 
0.000166587 -3.136e-06 -2.46104e-06 
0.000170773 -2.8782e-06 -2.22916e-06 
0.000174562 -2.54548e-06 -1.90277e-06 
0.000177923 -2.14545e-06 -1.48854e-06 
0.000180844 -1.69014e-06 -9.96612e-07 
0.000183325 -1.19192e-06 -4.39614e-07 
0.000185384 -6.63808e-07 1.6808e-07 
0.000187045 -1.18823e-07 8.11768e-07 
0.000188344 4.30811e-07 1.4766e-06 
0.000189324 9.74537e-07 2.14938e-06 
0.000190029 1.50287e-06 2.8174e-06 
0.000190508 2.00849e-06 3.46981e-06 
0.000190806 2.48463e-06 4.09845e-06 
0.000190971 2.92815e-06 4.69574e-06 
0.000191042 3.33563e-06 5.25701e-06 
0.000191059 3.70663e-06 5.77885e-06 
0.000191053 4.04015e-06 6.25891e-06 
0.000191053 4.33685e-06 6.69773e-06 
0.000191083 4.60051e-06 7.09494e-06 
0.000191161 4.83047e-06 7.45061e-06 
0.0001913 5.0305e-06 7.76857e-06 
0.000191507 5.20456e-06 8.04916e-06 
0.000191789 5.35128e-06 8.29426e-06 
0.000192145 5.4772e-06 8.50693e-06 
0.000192573 5.58213e-06 8.68826e-06 
0.000193065 5.67105e-06 8.84304e-06 
0.000193617 5.74304e-06 8.96993e-06 
0.000194216 5.8026e-06 9.07404e-06 
0.000194851 5.85141e-06 9.15615e-06 
0.00019551 5.88954e-06 9.21724e-06 
0.000196176 5.92015e-06 9.2598e-06 
0.000196834 5.9443e-06 9.28358e-06 
0.000197453 5.9684e-06 9.28742e-06 
0.00019798 6.00185e-06 9.2749e-06 
0.000198333 6.06035e-06 9.25149e-06 
0.00019839 6.16966e-06 9.23152e-06 
0.000197783 6.53557e-06 9.21385e-06 
0.000194716 7.91277e-06 9.78599e-06 
0.000190369 9.33973e-06 1.11607e-05 
0.000115577 -3.10714e-06 -1.79273e-06 
0.000121442 -3.2824e-06 -2.11013e-06 
0.000127435 -3.57347e-06 -2.44961e-06 
0.000133595 -3.8488e-06 -2.78188e-06 
0.000139847 -4.06814e-06 -3.06497e-06 
0.000146079 -4.19101e-06 -3.25377e-06 
0.000152155 -4.1808e-06 -3.30496e-06 
0.000157919 -4.00995e-06 -3.18409e-06 
0.000163217 -3.66446e-06 -2.86972e-06 
0.000167909 -3.14512e-06 -2.35734e-06 
0.000171883 -2.46772e-06 -1.65728e-06 
0.000175065 -1.65746e-06 -7.93271e-07 
0.000177417 -7.46551e-07 2.0214e-07 
0.000178942 2.29885e-07 1.29179e-06 
0.000179676 1.2371e-06 2.43765e-06 
0.00017968 2.24266e-06 3.60202e-06 
0.000179036 3.21752e-06 4.75121e-06 
0.000177842 4.13851e-06 5.85771e-06 
0.000176199 4.98835e-06 6.89814e-06 
0.000174212 5.75485e-06 7.85857e-06 
0.00017198 6.43274e-06 8.72844e-06 
0.0001696 7.01817e-06 9.5034e-06 
0.000167155 7.51516e-06 1.01841e-05 
0.000164717 7.92907e-06 1.07759e-05 
0.00016235 8.26712e-06 1.12845e-05 
0.000160101 8.53821e-06 1.17184e-05 
0.00015801 8.75179e-06 1.20863e-05 
0.000156104 8.91561e-06 1.23973e-05 
0.000154403 9.03982e-06 1.26603e-05 
0.000152918 9.13182e-06 1.2882e-05 
0.000151653 9.19667e-06 1.30726e-05 
0.000150611 9.24424e-06 1.32348e-05 
0.000149783 9.27561e-06 1.33733e-05 
0.000149162 9.29546e-06 1.34965e-05 
0.000148737 9.31026e-06 1.36038e-05 
0.000148496 9.31795e-06 1.36992e-05 
0.00014842 9.32577e-06 1.37821e-05 
0.000148493 9.32836e-06 1.38584e-05 
0.000148699 9.33362e-06 1.39247e-05 
0.000149019 9.33714e-06 1.39815e-05 
0.000149435 9.33933e-06 1.4031e-05 
0.000149931 9.34141e-06 1.40691e-05 
0.000150489 9.33987e-06 1.40959e-05 
0.000151089 9.33569e-06 1.41059e-05 
0.000151691 9.33257e-06 1.40878e-05 
0.000152214 9.33614e-06 1.40304e-05 
0.00015254 9.34242e-06 1.39148e-05 
0.000152486 9.33102e-06 1.36147e-05 
0.000150571 9.836e-06 1.21744e-05 
0.000149727 0.0061426 0.00961042 
0.000124101 -4.38736e-06 -3.10293e-06 
0.000131334 -4.67686e-06 -3.51208e-06 
0.00013873 -4.94834e-06 -3.80703e-06 
0.00014609 -4.99264e-06 -3.88455e-06 
0.000153109 -4.74867e-06 -3.66625e-06 
0.000159464 -4.18157e-06 -3.10979e-06 
0.000164847 -3.29422e-06 -2.21415e-06 
0.000169008 -2.12804e-06 -1.01827e-06 
0.000171782 -7.50868e-07 4.10707e-07 
0.0001731 7.55417e-07 1.99046e-06 
0.000172986 2.30596e-06 3.63324e-06 
0.000171542 3.82262e-06 5.25697e-06 
0.000168926 5.2392e-06 6.79227e-06 
0.000165336 6.50542e-06 8.1826e-06 
0.00016099 7.58525e-06 9.3887e-06 
0.000156104 8.46309e-06 1.03906e-05 
0.000150886 9.13406e-06 1.11832e-05 
0.00014552 9.61093e-06 1.17764e-05 
0.000140165 9.91187e-06 1.21897e-05 
0.000134948 1.0064e-05 1.24468e-05 
0.000129966 1.00938e-05 1.2576e-05 
0.00012529 1.00295e-05 1.2607e-05 
0.000120965 9.89833e-06 1.25646e-05 
0.000117014 9.72272e-06 1.24717e-05 
0.000113446 9.51986e-06 1.23476e-05 
0.000110259 9.30561e-06 1.22078e-05 
0.000107439 9.09095e-06 1.20632e-05 
0.000104971 8.88228e-06 1.19228e-05 
0.000102833 8.68677e-06 1.17921e-05 
0.000101004 8.50708e-06 1.16765e-05 
9.94607e-05 8.34673e-06 1.15778e-05 
9.81816e-05 8.20428e-06 1.1497e-05 
9.71468e-05 8.08114e-06 1.1436e-05 
9.63325e-05 7.97969e-06 1.13929e-05 
9.57187e-05 7.89495e-06 1.13675e-05 
9.52882e-05 7.82777e-06 1.13595e-05 
9.50222e-05 7.77801e-06 1.13666e-05 
9.49014e-05 7.74349e-06 1.13866e-05 
9.49104e-05 7.72143e-06 1.14183e-05 
9.5036e-05 7.71077e-06 1.14596e-05 
9.52619e-05 7.71098e-06 1.15086e-05 
9.55798e-05 7.71684e-06 1.15629e-05 
9.59823e-05 7.72753e-06 1.16194e-05 
9.6467e-05 7.73705e-06 1.16735e-05 
9.70363e-05 7.7397e-06 1.17157e-05 
9.76778e-05 7.73355e-06 1.17259e-05 
9.83395e-05 7.71321e-06 1.16937e-05 
9.90993e-05 7.61163e-06 1.16211e-05 
0.000100341 7.36594e-06 1.1754e-05 
0.000104578 7.98426e-06 1.44068e-05 
0.000138116 -5.69749e-06 -4.38172e-06 
0.0001465 -5.57835e-06 -4.17643e-06 
0.000154305 -4.91179e-06 -3.45721e-06 
0.000160814 -3.68213e-06 -2.22053e-06 
0.000165487 -2.00068e-06 -5.53856e-07 
0.000168 -1.92679e-08 1.3973e-06 
0.000168244 2.08906e-06 3.46394e-06 
0.0001663 4.15867e-06 5.48697e-06 
0.000162402 6.05107e-06 7.33486e-06 
0.00015689 7.66269e-06 8.9081e-06 
0.000150155 8.92845e-06 1.01466e-05 
0.000142613 9.818e-06 1.10247e-05 
0.000134651 1.03413e-05 1.15528e-05 
0.000126616 1.05347e-05 1.17678e-05 
0.000118788 1.04542e-05 1.17251e-05 
0.000111374 1.01702e-05 1.14855e-05 
0.000104504 9.74681e-06 1.11126e-05 
9.82484e-05 9.24516e-06 1.0659e-05 
9.26265e-05 8.70825e-06 1.0167e-05 
8.76284e-05 8.1686e-06 9.66645e-06 
8.32191e-05 7.6484e-06 9.1801e-06 
7.93539e-05 7.16126e-06 8.72035e-06 
7.59815e-05 6.71322e-06 8.29583e-06 
7.30512e-05 6.30835e-06 7.90988e-06 
7.05136e-05 5.94562e-06 7.56373e-06 
6.8322e-05 5.62473e-06 7.25728e-06 
6.64358e-05 5.34247e-06 6.98876e-06 
6.48186e-05 5.09588e-06 6.75668e-06 
6.3439e-05 4.88291e-06 6.55871e-06 
6.22679e-05 4.70049e-06 6.39194e-06 
6.12803e-05 4.54526e-06 6.25417e-06 
6.04568e-05 4.41423e-06 6.14381e-06 
5.978e-05 4.30612e-06 6.05792e-06 
5.92317e-05 4.21899e-06 5.99459e-06 
5.87999e-05 4.14943e-06 5.95131e-06 
5.84714e-05 4.09685e-06 5.92685e-06 
5.82356e-05 4.05921e-06 5.91876e-06 
5.80831e-05 4.03478e-06 5.92508e-06 
5.80062e-05 4.02161e-06 5.94398e-06 
5.79974e-05 4.01865e-06 5.97471e-06 
5.80525e-05 4.02453e-06 6.01369e-06 
5.81687e-05 4.03534e-06 6.06075e-06 
5.83495e-05 4.0498e-06 6.11403e-06 
5.86071e-05 4.06219e-06 6.17152e-06 
5.89682e-05 4.06467e-06 6.23069e-06 
5.94828e-05 4.04395e-06 6.2814e-06 
6.01972e-05 3.99266e-06 6.29012e-06 
6.11431e-05 3.85889e-06 6.26094e-06 
6.24346e-05 3.75725e-06 5.93539e-06 
6.49138e-05 0.00106968 0.00270108 
0.000155387 -4.30241e-06 -2.82006e-06 
0.000161086 -2.60807e-06 -8.22337e-07 
0.000164149 -1.1091e-07 1.52233e-06 
0.000164027 2.56286e-06 3.95623e-06 
0.000160825 5.10899e-06 6.22961e-06 
0.000154955 7.30735e-06 8.16085e-06 
0.00014701 9.01507e-06 9.63555e-06 
0.00013766 1.01581e-05 1.05993e-05 
0.000127575 1.07324e-05 1.10562e-05 
0.000117357 1.0794e-05 1.10633e-05 
0.000107488 1.04485e-05 1.07147e-05 
9.83097e-05 9.8209e-06 1.01252e-05 
9.00204e-05 9.03719e-06 9.39902e-06 
8.26983e-05 8.1926e-06 8.61926e-06 
7.63381e-05 7.35489e-06 7.84392e-06 
7.08803e-05 6.56591e-06 7.10874e-06 
6.62342e-05 5.84781e-06 6.43136e-06 
6.22978e-05 5.20692e-06 5.81808e-06 
5.89718e-05 4.64175e-06 5.26899e-06 
5.61654e-05 4.14688e-06 4.78189e-06 
5.37986e-05 3.71616e-06 4.35061e-06 
5.18024e-05 3.34047e-06 3.96963e-06 
5.01195e-05 3.01328e-06 3.63264e-06 
4.87013e-05 2.72681e-06 3.33367e-06 
4.75067e-05 2.47574e-06 3.06786e-06 
4.65006e-05 2.25532e-06 2.83035e-06 
4.56535e-05 2.06045e-06 2.61783e-06 
4.49403e-05 1.8883e-06 2.42738e-06 
4.43402e-05 1.73569e-06 2.25669e-06 
4.38351e-05 1.60043e-06 2.10388e-06 
4.34101e-05 1.48081e-06 1.96743e-06 
4.30524e-05 1.37506e-06 1.84642e-06 
4.27523e-05 1.28176e-06 1.74002e-06 
4.25005e-05 1.2005e-06 1.64671e-06 
4.22904e-05 1.12891e-06 1.56642e-06 
4.21161e-05 1.06771e-06 1.49787e-06 
4.19724e-05 1.01479e-06 1.44031e-06 
4.1856e-05 9.69914e-07 1.39369e-06 
4.17647e-05 9.32659e-07 1.35778e-06 
4.1696e-05 9.03151e-07 1.33208e-06 
4.16499e-05 8.79875e-07 1.31785e-06 
4.16285e-05 8.64367e-07 1.31654e-06 
4.16365e-05 8.5646e-07 1.33133e-06 
4.16858e-05 8.56784e-07 1.36928e-06 
4.18025e-05 8.67386e-07 1.44234e-06 
4.20423e-05 8.86891e-07 1.56879e-06 
4.25309e-05 9.00824e-07 1.75858e-06 
4.34612e-05 8.82242e-07 1.96626e-06 
4.54129e-05 5.42489e-07 2.30785e-06 
5.02904e-05 -4.14404e-05 0.000596474 
0.000161565 2.41379e-06 3.2332e-06 
0.000157942 4.89896e-06 5.90076e-06 
0.000151258 7.49695e-06 7.97559e-06 
0.000141862 9.41763e-06 9.44389e-06 
0.000130705 1.05751e-05 1.02607e-05 
0.00011875 1.09749e-05 1.04514e-05 
0.000106849 1.07205e-05 1.01154e-05 
9.5663e-05 9.98788e-06 9.40896e-06 
8.5619e-05 8.97968e-06 8.49813e-06 
7.69137e-05 7.86967e-06 7.51858e-06 
6.9565e-05 6.77801e-06 6.5596e-06 
6.34746e-05 5.77361e-06 5.67027e-06 
5.84872e-05 4.88469e-06 4.87112e-06 
5.44356e-05 4.11422e-06 4.16551e-06 
5.11648e-05 3.45277e-06 3.54763e-06 
4.85412e-05 2.88558e-06 3.00553e-06 
4.64514e-05 2.39692e-06 2.52535e-06 
4.48002e-05 1.97304e-06 2.09594e-06 
4.3507e-05 1.60316e-06 1.70886e-06 
4.25027e-05 1.28019e-06 1.35954e-06 
4.17291e-05 9.99192e-07 1.04745e-06 
4.11389e-05 7.57385e-07 7.73433e-07 
4.06941e-05 5.52238e-07 5.38534e-07 
4.03643e-05 3.81847e-07 3.43188e-07 
4.01246e-05 2.44265e-07 1.8631e-07 
3.99549e-05 1.3637e-07 6.55684e-08 
3.98389e-05 5.52474e-08 -2.26877e-08 
3.97628e-05 -2.98511e-09 -8.3632e-08 
3.97156e-05 -4.28927e-08 -1.22959e-07 
3.96883e-05 -6.87704e-08 -1.46332e-07 
3.96747e-05 -8.4657e-08 -1.58581e-07 
3.96698e-05 -9.35341e-08 -1.63544e-07 
3.96705e-05 -9.79414e-08 -1.63956e-07 
3.96743e-05 -9.94686e-08 -1.61716e-07 
3.96798e-05 -9.92967e-08 -1.5806e-07 
3.9686e-05 -9.8185e-08 -1.53806e-07 
3.96922e-05 -9.66627e-08 -1.49422e-07 
3.9698e-05 -9.49737e-08 -1.4524e-07 
3.9703e-05 -9.3425e-08 -1.4149e-07 
3.97071e-05 -9.2083e-08 -1.38312e-07 
3.97101e-05 -9.11136e-08 -1.35819e-07 
3.97117e-05 -9.05883e-08 -1.34153e-07 
3.97116e-05 -9.06582e-08 -1.3347e-07 
3.97094e-05 -9.15481e-08 -1.33894e-07 
3.97051e-05 -9.37019e-08 -1.35109e-07 
3.9701e-05 -9.80594e-08 -1.33972e-07 
3.97145e-05 -1.0685e-07 -1.12739e-07 
3.98282e-05 -1.21574e-07 -3.85778e-09 
4.02893e-05 -1.20222e-07 3.72848e-07 
4.16774e-05 9.57227e-08 1.62226e-06 
0.000142279 9.75612e-06 8.8713e-06 
0.000129699 1.05808e-05 9.77262e-06 
0.000116482 1.10613e-05 9.91408e-06 
0.000103201 1.07531e-05 9.45983e-06 
9.07525e-05 9.84565e-06 8.58956e-06 
7.9754e-05 8.6007e-06 7.50744e-06 
7.04771e-05 7.25934e-06 6.38065e-06 
6.2912e-05 5.98188e-06 5.31381e-06 
5.68851e-05 4.84808e-06 4.35804e-06 
5.21655e-05 3.87724e-06 3.52734e-06 
4.85298e-05 3.05828e-06 2.81234e-06 
4.57812e-05 2.36764e-06 2.19034e-06 
4.37483e-05 1.78286e-06 1.64116e-06 
4.22799e-05 1.2877e-06 1.15471e-06 
4.12478e-05 8.7356e-07 7.34319e-07 
4.05502e-05 5.37169e-07 3.90801e-07 
4.0107e-05 2.78549e-07 1.34527e-07 
3.98531e-05 9.6582e-08 -3.10957e-08 
3.97324e-05 -1.43084e-08 -1.15839e-07 
3.96963e-05 -6.8497e-08 -1.42292e-07 
3.97069e-05 -8.53678e-08 -1.35786e-07 
3.9739e-05 -8.20332e-08 -1.1494e-07 
3.97783e-05 -6.96329e-08 -9.00241e-08 
3.9817e-05 -5.42743e-08 -6.5973e-08 
3.98514e-05 -3.91167e-08 -4.49488e-08 
3.98798e-05 -2.57417e-08 -2.7768e-08 
3.99017e-05 -1.48219e-08 -1.45637e-08 
3.99178e-05 -6.51897e-09 -5.01646e-09 
3.99288e-05 -6.30537e-10 1.46894e-09 
3.9936e-05 3.26905e-09 5.59802e-09 
3.99404e-05 5.65849e-09 8.04257e-09 
3.9943e-05 6.99851e-09 9.35124e-09 
3.99443e-05 7.63434e-09 9.93194e-09 
3.99448e-05 7.83673e-09 1.00771e-08 
3.9945e-05 7.7824e-09 9.96695e-09 
3.99448e-05 7.58299e-09 9.72114e-09 
3.99445e-05 7.31326e-09 9.41821e-09 
3.99442e-05 7.02201e-09 9.10267e-09 
3.99439e-05 6.73189e-09 8.80225e-09 
3.99436e-05 6.46713e-09 8.53687e-09 
3.99434e-05 6.22881e-09 8.31435e-09 
3.99432e-05 6.03245e-09 8.1501e-09 
3.99432e-05 5.88086e-09 8.0441e-09 
3.99432e-05 5.78014e-09 7.99337e-09 
3.99433e-05 5.74555e-09 7.93563e-09 
3.99429e-05 5.79551e-09 7.57096e-09 
3.99405e-05 5.92015e-09 5.61809e-09 
3.99303e-05 5.12733e-09 -1.2811e-09 
3.98972e-05 3.38208e-09 -2.35926e-08 
3.97929e-05 -2.74581e-08 -9.81354e-08 
0.000104143 1.11623e-05 9.80398e-06 
9.09517e-05 1.02089e-05 8.63126e-06 
7.90482e-05 8.80991e-06 7.31489e-06 
6.89379e-05 7.28279e-06 5.98562e-06 
6.07274e-05 5.82457e-06 4.77477e-06 
5.43089e-05 4.53789e-06 3.73335e-06 
4.94604e-05 3.44827e-06 2.85296e-06 
4.59202e-05 2.54055e-06 2.10075e-06 
4.34287e-05 1.7877e-06 1.44475e-06 
4.17459e-05 1.16776e-06 8.75143e-07 
4.06715e-05 6.70358e-07 4.09971e-07 
4.00514e-05 2.98213e-07 8.10518e-08 
3.97605e-05 5.80126e-08 -9.41859e-08 
3.96816e-05 -5.75706e-08 -1.42443e-07 
3.97093e-05 -8.67521e-08 -1.2328e-07 
3.97733e-05 -7.50492e-08 -8.37626e-08 
3.98379e-05 -5.04858e-08 -4.57498e-08 
3.98883e-05 -2.61189e-08 -1.70434e-08 
3.99207e-05 -7.70986e-09 6.53096e-10 
3.99373e-05 3.12871e-09 9.09619e-09 
3.99434e-05 7.74279e-09 1.15632e-08 
3.99438e-05 8.6074e-09 1.09982e-08 
3.99418e-05 7.74701e-09 9.23581e-09 
3.9939e-05 6.30168e-09 7.19515e-09 
3.99362e-05 4.80239e-09 5.283e-09 
3.99337e-05 3.46496e-09 3.66259e-09 
3.99317e-05 2.36682e-09 2.38314e-09 
3.99301e-05 1.52074e-09 1.43231e-09 
3.9929e-05 9.0309e-10 7.64481e-10 
3.99282e-05 4.74953e-10 3.19451e-10 
3.99277e-05 1.91517e-10 3.70818e-11 
3.99274e-05 1.15102e-11 -1.33949e-10 
3.99272e-05 -9.79961e-11 -2.31786e-10 
3.99271e-05 -1.61867e-10 -2.84119e-10 
3.9927e-05 -1.96603e-10 -3.08282e-10 
3.9927e-05 -2.13021e-10 -3.15772e-10 
3.9927e-05 -2.18877e-10 -3.13811e-10 
3.9927e-05 -2.17705e-10 -3.06528e-10 
3.9927e-05 -2.1312e-10 -2.96801e-10 
3.9927e-05 -2.06406e-10 -2.8641e-10 
3.9927e-05 -1.99092e-10 -2.76156e-10 
3.9927e-05 -1.91669e-10 -2.66897e-10 
3.9927e-05 -1.84367e-10 -2.58311e-10 
3.9927e-05 -1.77671e-10 -2.49832e-10 
3.9927e-05 -1.70856e-10 -2.36553e-10 
3.9927e-05 -1.61703e-10 -2.0278e-10 
3.99272e-05 -1.36999e-10 -1.01481e-10 
3.99277e-05 -5.57347e-11 1.98953e-10 
3.99291e-05 1.76171e-10 8.3168e-10 
3.99317e-05 1.45143e-09 2.7474e-09 
6.6152e-05 7.951e-06 7.92619e-06 
5.90659e-05 6.49014e-06 5.91801e-06 
5.31453e-05 4.83441e-06 4.24981e-06 
4.86106e-05 3.47898e-06 2.91311e-06 
4.5207e-05 2.41499e-06 1.87499e-06 
4.27313e-05 1.58076e-06 1.09182e-06 
4.10768e-05 9.15009e-07 5.06282e-07 
4.01323e-05 4.06516e-07 1.01178e-07 
3.9731e-05 7.868e-08 -9.80722e-08 
3.9667e-05 -6.32457e-08 -1.28948e-07 
3.97414e-05 -8.23668e-08 -8.82698e-08 
3.98359e-05 -5.57476e-08 -3.96913e-08 
3.99045e-05 -2.29648e-08 -5.71593e-09 
3.99385e-05 -5.06089e-10 9.96393e-09 
3.99478e-05 8.44762e-09 1.29737e-08 
3.99456e-05 9.013e-09 1.05058e-08 
3.99402e-05 6.63978e-09 6.81091e-09 
3.9935e-05 3.96893e-09 3.59747e-09 
3.99312e-05 1.89243e-09 1.37847e-09 
3.99289e-05 5.85696e-10 1.26169e-10 
3.99277e-05 -8.42716e-11 -4.32801e-10 
3.99272e-05 -3.4946e-10 -5.99637e-10 
3.99271e-05 -4.08672e-10 -5.86378e-10 
3.9927e-05 -3.81548e-10 -5.06353e-10 
3.99271e-05 -3.26186e-10 -4.10989e-10 
3.99271e-05 -2.67093e-10 -3.21412e-10 
3.99272e-05 -2.13645e-10 -2.45691e-10 
3.99273e-05 -1.69319e-10 -1.85906e-10 
3.99273e-05 -1.34325e-10 -1.40791e-10 
3.99274e-05 -1.07325e-10 -1.07649e-10 
3.99274e-05 -8.66516e-11 -8.35815e-11 
3.99275e-05 -7.07074e-11 -6.60011e-11 
3.99275e-05 -5.82655e-11 -5.30202e-11 
3.99275e-05 -4.84334e-11 -4.32175e-11 
3.99275e-05 -4.05179e-11 -3.56853e-11 
3.99275e-05 -3.41536e-11 -2.98637e-11 
3.99275e-05 -2.90187e-11 -2.52734e-11 
3.99275e-05 -2.4847e-11 -2.16636e-11 
3.99275e-05 -2.15165e-11 -1.88426e-11 
3.99275e-05 -1.88481e-11 -1.66244e-11 
3.99275e-05 -1.67416e-11 -1.49353e-11 
3.99276e-05 -1.51095e-11 -1.3691e-11 
3.99276e-05 -1.3887e-11 -1.29099e-11 
3.99276e-05 -1.30699e-11 -1.26135e-11 
3.99276e-05 -1.27076e-11 -1.29811e-11 
3.99276e-05 -1.31298e-11 -1.42864e-11 
3.99275e-05 -1.52471e-11 -1.62421e-11 
3.99275e-05 -2.12958e-11 -1.82485e-11 
3.99275e-05 -3.91758e-11 3.5349e-13 
3.99276e-05 -1.77956e-11 3.40348e-11 
