0.000139066 -3.3574e-06 -2.57383e-06 
0.000154479 -3.74665e-06 -2.2316e-06 
0.000170214 -4.14757e-06 -1.70551e-06 
0.00018599 -4.5504e-06 -1.09949e-06 
0.000201726 -4.97551e-06 -4.63432e-07 
0.000217463 -5.43653e-06 1.8622e-07 
0.000233293 -5.94237e-06 8.47153e-07 
0.00024932 -6.49391e-06 1.52925e-06 
0.000265621 -7.08956e-06 2.24473e-06 
0.000282264 -7.73498e-06 2.99689e-06 
0.000299304 -8.42455e-06 3.79377e-06 
0.000316781 -9.16193e-06 4.64229e-06 
0.00033472 -9.94377e-06 5.54695e-06 
0.000353136 -1.07704e-05 6.51303e-06 
0.000372032 -1.16402e-05 7.53918e-06 
0.00039141 -1.2552e-05 8.62902e-06 
0.000411261 -1.35037e-05 9.78175e-06 
0.000431569 -1.44918e-05 1.09971e-05 
0.000452313 -1.55144e-05 1.2281e-05 
0.000473452 -1.65672e-05 1.36245e-05 
0.000494955 -1.76482e-05 1.50223e-05 
0.000516788 -1.87518e-05 1.64768e-05 
0.000538901 -1.98743e-05 1.79872e-05 
0.000561224 -2.10032e-05 1.95397e-05 
0.000583716 -2.21494e-05 2.11338e-05 
0.000606299 -2.32838e-05 2.27625e-05 
0.000628915 -2.44265e-05 2.44167e-05 
0.000651479 -2.5541e-05 2.60903e-05 
0.000673913 -2.66452e-05 2.77846e-05 
0.00069612 -2.77168e-05 2.94738e-05 
0.000718021 -2.8755e-05 3.1153e-05 
0.000739505 -2.97339e-05 3.2832e-05 
0.000760466 -3.06815e-05 3.44831e-05 
0.00078081 -3.15576e-05 3.60925e-05 
0.000800447 -3.23746e-05 3.76547e-05 
0.000819261 -3.31042e-05 3.91683e-05 
0.000837145 -3.37637e-05 4.06072e-05 
0.000854009 -3.43283e-05 4.19856e-05 
0.000869726 -3.4803e-05 4.32807e-05 
0.00088426 -3.52135e-05 4.44754e-05 
0.00089752 -3.54966e-05 4.55729e-05 
0.000909398 -3.56823e-05 4.65839e-05 
0.000919887 -3.58192e-05 4.74743e-05 
0.000928928 -3.58196e-05 4.82669e-05 
0.000936483 -3.57644e-05 4.89279e-05 
0.000942568 -3.56075e-05 4.9494e-05 
0.000947183 -3.54031e-05 4.9934e-05 
0.000950587 -3.52609e-05 5.01311e-05 
0.00095326 -3.49107e-05 5.13317e-05 
0.000121583 -2.49811e-06 -2.90347e-06 
0.000134998 -2.8124e-06 -2.59826e-06 
0.000148648 -3.0997e-06 -2.22997e-06 
0.000162333 -3.39585e-06 -1.75653e-06 
0.000175898 -3.70584e-06 -1.22694e-06 
0.000189312 -4.03831e-06 -6.77025e-07 
0.000202622 -4.39822e-06 -1.22468e-07 
0.000215903 -4.78899e-06 4.34633e-07 
0.000229237 -5.21072e-06 1.00268e-06 
0.00024269 -5.66568e-06 1.58767e-06 
0.000256313 -6.15075e-06 2.19338e-06 
0.000270153 -6.66778e-06 2.82756e-06 
0.000284236 -7.21424e-06 3.4941e-06 
0.000298586 -7.79232e-06 4.19577e-06 
0.000313212 -8.39689e-06 4.93634e-06 
0.000328121 -9.03174e-06 5.7145e-06 
0.000343314 -9.692e-06 6.53194e-06 
0.000358787 -1.03764e-05 7.39046e-06 
0.000374531 -1.10875e-05 8.28687e-06 
0.000390532 -1.18155e-05 9.22366e-06 
0.000406766 -1.25636e-05 1.01955e-05 
0.000423218 -1.33283e-05 1.1199e-05 
0.000439858 -1.41011e-05 1.22392e-05 
0.000456654 -1.48888e-05 1.33085e-05 
0.000473577 -1.56829e-05 1.44027e-05 
0.000490591 -1.6478e-05 1.5513e-05 
0.000507654 -1.72651e-05 1.66512e-05 
0.000524709 -1.80535e-05 1.77966e-05 
0.000541729 -1.88318e-05 1.89578e-05 
0.00055864 -1.95902e-05 2.01231e-05 
0.000575397 -2.03366e-05 2.12847e-05 
0.000591933 -2.1047e-05 2.24488e-05 
0.000608189 -2.1744e-05 2.36025e-05 
0.000624085 -2.23916e-05 2.47306e-05 
0.000639559 -2.3001e-05 2.58453e-05 
0.000654535 -2.35735e-05 2.69301e-05 
0.000668964 -2.41037e-05 2.79827e-05 
0.00068274 -2.45625e-05 2.90007e-05 
0.000695809 -2.49895e-05 2.99727e-05 
0.000708092 -2.53394e-05 3.08937e-05 
0.000719527 -2.56397e-05 3.17428e-05 
0.000730074 -2.58651e-05 3.25596e-05 
0.000739644 -2.60451e-05 3.32999e-05 
0.000748178 -2.61339e-05 3.39693e-05 
0.000755676 -2.61931e-05 3.4585e-05 
0.000762079 -2.61766e-05 3.51094e-05 
0.000767389 -2.61038e-05 3.55812e-05 
0.00077156 -2.59822e-05 3.5977e-05 
0.000774717 -2.58872e-05 3.62477e-05 
0.000776733 -2.53312e-05 3.71008e-05 
0.000120613 -2.01926e-06 -2.73928e-06 
0.000132409 -2.33986e-06 -2.50603e-06 
0.000144476 -2.5985e-06 -2.13318e-06 
0.000156448 -2.8329e-06 -1.68803e-06 
0.000168192 -3.07534e-06 -1.21117e-06 
0.000179704 -3.33642e-06 -7.27915e-07 
0.000191041 -3.6192e-06 -2.47161e-07 
0.000202273 -3.92479e-06 2.31283e-07 
0.000213468 -4.25313e-06 7.12907e-07 
0.00022468 -4.60307e-06 1.20191e-06 
0.000235955 -4.97544e-06 1.7028e-06 
0.000247327 -5.36696e-06 2.2211e-06 
0.000258822 -5.78118e-06 2.7576e-06 
0.000270459 -6.21272e-06 3.31429e-06 
0.000282248 -6.66202e-06 3.89489e-06 
0.000294196 -7.13001e-06 4.49544e-06 
0.000306311 -7.613e-06 5.11907e-06 
0.000318588 -8.10991e-06 5.76598e-06 
0.000331025 -8.62106e-06 6.43244e-06 
0.000343619 -9.14354e-06 7.12133e-06 
0.000356357 -9.67543e-06 7.82691e-06 
0.000369226 -1.02127e-05 8.55238e-06 
0.000382215 -1.07612e-05 9.29324e-06 
0.0003953 -1.13054e-05 1.00477e-05 
0.000408459 -1.18543e-05 1.08161e-05 
0.000421678 -1.24065e-05 1.15926e-05 
0.000434932 -1.29509e-05 1.2383e-05 
0.000448174 -1.3489e-05 1.3174e-05 
0.000461385 -1.40189e-05 1.39726e-05 
0.000474525 -1.45392e-05 1.47724e-05 
0.000487554 -1.50433e-05 1.55681e-05 
0.000500432 -1.55295e-05 1.63681e-05 
0.000513102 -1.59976e-05 1.71531e-05 
0.000525536 -1.64438e-05 1.79318e-05 
0.000537674 -1.68614e-05 1.86975e-05 
0.00054945 -1.72444e-05 1.94472e-05 
0.000560827 -1.76077e-05 2.0174e-05 
0.000571761 -1.79322e-05 2.08831e-05 
0.000582161 -1.82098e-05 2.15619e-05 
0.000592002 -1.84646e-05 2.22139e-05 
0.000601225 -1.86707e-05 2.28275e-05 
0.000609788 -1.88386e-05 2.3418e-05 
0.000617616 -1.89613e-05 2.39599e-05 
0.000624692 -1.90455e-05 2.44705e-05 
0.000630959 -1.90864e-05 2.49251e-05 
0.000636401 -1.90821e-05 2.53445e-05 
0.000640987 -1.90472e-05 2.57223e-05 
0.000644676 -1.8967e-05 2.60608e-05 
0.000647496 -1.88893e-05 2.62994e-05 
0.00064931 -1.83703e-05 2.70988e-05 
0.000120325 -1.72027e-06 -2.4565e-06 
0.000130663 -2.00379e-06 -2.2724e-06 
0.000141257 -2.2354e-06 -1.91793e-06 
0.000151701 -2.43742e-06 -1.49199e-06 
0.00016186 -2.64087e-06 -1.04791e-06 
0.000171742 -2.85794e-06 -6.07462e-07 
0.000181407 -3.09182e-06 -1.76164e-07 
0.000190919 -3.34149e-06 2.48216e-07 
0.000200338 -3.60802e-06 6.68971e-07 
0.000209715 -3.88868e-06 1.09066e-06 
0.000219085 -4.18346e-06 1.5166e-06 
0.000228483 -4.49277e-06 1.9496e-06 
0.00023793 -4.81382e-06 2.38936e-06 
0.000247446 -5.14591e-06 2.84035e-06 
0.000257042 -5.49e-06 3.30117e-06 
0.00026673 -5.84322e-06 3.77021e-06 
0.000276519 -6.20436e-06 4.25102e-06 
0.000286407 -6.57352e-06 4.74267e-06 
0.000296398 -6.94994e-06 5.24255e-06 
0.000306494 -7.33258e-06 5.75129e-06 
0.000316689 -7.71664e-06 6.27022e-06 
0.000326976 -8.10755e-06 6.79693e-06 
0.000337343 -8.49626e-06 7.33134e-06 
0.000347788 -8.89148e-06 7.87258e-06 
0.000358292 -9.28086e-06 8.41787e-06 
0.000368836 -9.66729e-06 8.96868e-06 
0.00037941 -1.00545e-05 9.52658e-06 
0.000389986 -1.04346e-05 1.00854e-05 
0.000400542 -1.08064e-05 1.06486e-05 
0.000411053 -1.11741e-05 1.12085e-05 
0.00042149 -1.15248e-05 1.17722e-05 
0.000431819 -1.18696e-05 1.23334e-05 
0.000442006 -1.21963e-05 1.28874e-05 
0.000452019 -1.2508e-05 1.3438e-05 
0.000461816 -1.28007e-05 1.39849e-05 
0.000471356 -1.30778e-05 1.45203e-05 
0.000480595 -1.33266e-05 1.50414e-05 
0.000489494 -1.35548e-05 1.55571e-05 
0.000498006 -1.37619e-05 1.60568e-05 
0.000506086 -1.39389e-05 1.65325e-05 
0.0005137 -1.40882e-05 1.69938e-05 
0.000520801 -1.42111e-05 1.74337e-05 
0.000527339 -1.4298e-05 1.78524e-05 
0.000533286 -1.43667e-05 1.82395e-05 
0.000538604 -1.43904e-05 1.86052e-05 
0.000543265 -1.44001e-05 1.89417e-05 
0.000547224 -1.4364e-05 1.92584e-05 
0.000550441 -1.43129e-05 1.9554e-05 
0.000552945 -1.42632e-05 1.9758e-05 
0.000554535 -1.3765e-05 2.05163e-05 
0.000120137 -1.52581e-06 -2.11718e-06 
0.000129177 -1.77439e-06 -1.94915e-06 
0.000138408 -1.97876e-06 -1.60859e-06 
0.000147449 -2.15644e-06 -1.20491e-06 
0.000156185 -2.33315e-06 -7.93547e-07 
0.000164632 -2.51811e-06 -3.93983e-07 
0.000172847 -2.71391e-06 -9.65374e-09 
0.000180891 -2.92019e-06 3.62615e-07 
0.000188818 -3.13689e-06 7.25118e-07 
0.000196672 -3.36268e-06 1.08237e-06 
0.00020449 -3.59692e-06 1.4361e-06 
0.000212299 -3.83831e-06 1.78836e-06 
0.000220123 -4.08671e-06 2.14133e-06 
0.00022798 -4.3422e-06 2.49574e-06 
0.000235886 -4.60261e-06 2.85106e-06 
0.000243851 -4.86742e-06 3.20959e-06 
0.000251884 -5.13811e-06 3.57139e-06 
0.000259991 -5.41147e-06 3.93614e-06 
0.000268174 -5.68781e-06 4.30368e-06 
0.000276436 -5.96667e-06 4.67573e-06 
0.000284776 -6.24867e-06 5.05304e-06 
0.000293188 -6.5316e-06 5.43213e-06 
0.000301672 -6.81527e-06 5.81591e-06 
0.000310215 -7.09663e-06 6.20236e-06 
0.000318813 -7.38008e-06 6.59401e-06 
0.00032745 -7.65964e-06 6.98961e-06 
0.000336114 -7.93824e-06 7.38546e-06 
0.000344788 -8.20912e-06 7.78719e-06 
0.000353451 -8.47951e-06 8.19049e-06 
0.000362088 -8.74256e-06 8.59221e-06 
0.000370677 -8.99733e-06 8.99974e-06 
0.000379185 -9.24388e-06 9.40375e-06 
0.00038759 -9.48043e-06 9.80919e-06 
0.000395863 -9.70738e-06 1.02128e-05 
0.000403973 -9.9212e-06 1.06141e-05 
0.000411885 -1.01206e-05 1.10088e-05 
0.000419569 -1.03047e-05 1.14015e-05 
0.000426987 -1.04739e-05 1.17855e-05 
0.000434096 -1.06198e-05 1.21628e-05 
0.000440866 -1.0754e-05 1.25293e-05 
0.000447268 -1.08669e-05 1.28857e-05 
0.000453258 -1.09576e-05 1.32292e-05 
0.000458805 -1.10292e-05 1.35579e-05 
0.000463868 -1.10728e-05 1.38683e-05 
0.000468426 -1.11013e-05 1.41682e-05 
0.000472431 -1.11003e-05 1.44483e-05 
0.00047586 -1.1083e-05 1.47201e-05 
0.000478657 -1.10388e-05 1.4969e-05 
0.000480852 -1.09985e-05 1.5147e-05 
0.000482223 -1.05423e-05 1.58488e-05 
0.000119692 -1.39919e-06 -1.74429e-06 
0.000127559 -1.61426e-06 -1.58141e-06 
0.000135541 -1.79118e-06 -1.25856e-06 
0.000143309 -1.94568e-06 -8.88404e-07 
0.000150779 -2.0973e-06 -5.20822e-07 
0.000157977 -2.25307e-06 -1.71328e-07 
0.000164955 -2.4145e-06 1.5842e-07 
0.000171769 -2.5816e-06 4.71523e-07 
0.000178467 -2.75423e-06 7.70499e-07 
0.00018509 -2.93141e-06 1.05945e-06 
0.00019167 -3.11322e-06 1.34019e-06 
0.000198234 -3.29858e-06 1.61528e-06 
0.000204802 -3.48752e-06 1.88595e-06 
0.000211393 -3.67956e-06 2.15314e-06 
0.000218021 -3.87387e-06 2.41923e-06 
0.000224696 -4.07182e-06 2.68435e-06 
0.000231427 -4.27147e-06 2.94875e-06 
0.00023822 -4.47255e-06 3.21501e-06 
0.000245077 -4.67671e-06 3.48191e-06 
0.000252001 -4.8818e-06 3.75046e-06 
0.000258993 -5.08761e-06 4.02075e-06 
0.000266047 -5.29344e-06 4.29398e-06 
0.000273162 -5.50036e-06 4.57114e-06 
0.00028033 -5.70831e-06 4.85132e-06 
0.000287546 -5.91524e-06 5.13333e-06 
0.000294801 -6.11996e-06 5.42004e-06 
0.000302078 -6.32285e-06 5.70951e-06 
0.000309369 -6.52482e-06 6.00393e-06 
0.000316655 -6.72226e-06 6.29872e-06 
0.000323922 -6.91523e-06 6.59787e-06 
0.000331154 -7.1069e-06 6.89882e-06 
0.000338325 -7.28748e-06 7.20232e-06 
0.000345413 -7.46466e-06 7.50712e-06 
0.000352398 -7.63427e-06 7.81021e-06 
0.000359251 -7.7913e-06 8.11599e-06 
0.000365946 -7.9427e-06 8.41921e-06 
0.000372458 -8.08207e-06 8.72031e-06 
0.00037875 -8.20578e-06 9.02023e-06 
0.000384796 -8.32179e-06 9.31615e-06 
0.000390562 -8.42003e-06 9.60365e-06 
0.000396021 -8.50431e-06 9.88783e-06 
0.000401141 -8.57525e-06 1.01647e-05 
0.000405892 -8.62942e-06 1.04325e-05 
0.000410247 -8.66779e-06 1.06921e-05 
0.000414175 -8.6896e-06 1.09378e-05 
0.000417644 -8.6889e-06 1.1177e-05 
0.000420612 -8.67043e-06 1.14061e-05 
0.000423043 -8.63519e-06 1.16235e-05 
0.000424964 -8.60635e-06 1.17766e-05 
0.000426128 -8.17714e-06 1.24119e-05 
0.000118801 -1.31299e-06 -1.3762e-06 
0.000125621 -1.49313e-06 -1.22003e-06 
0.00013249 -1.64126e-06 -9.27025e-07 
0.000139144 -1.77097e-06 -6.04322e-07 
0.000145531 -1.89681e-06 -2.9266e-07 
0.000151681 -2.02312e-06 -2.61694e-09 
0.000157643 -2.15201e-06 2.6549e-07 
0.000163466 -2.28276e-06 5.15183e-07 
0.000169191 -2.41599e-06 7.4938e-07 
0.000174855 -2.55155e-06 9.71476e-07 
0.000180484 -2.6888e-06 1.18376e-06 
0.000186103 -2.82815e-06 1.38845e-06 
0.00019173 -2.96837e-06 1.58776e-06 
0.000197379 -3.11072e-06 1.78298e-06 
0.000203062 -3.25453e-06 1.97608e-06 
0.000208789 -3.40014e-06 2.16694e-06 
0.000214567 -3.5474e-06 2.35722e-06 
0.0002204 -3.69538e-06 2.54859e-06 
0.00022629 -3.84533e-06 2.73966e-06 
0.000232239 -3.99552e-06 2.93354e-06 
0.000238246 -4.14794e-06 3.12963e-06 
0.000244308 -4.30078e-06 3.32886e-06 
0.000250422 -4.45426e-06 3.53055e-06 
0.000256582 -4.60769e-06 3.73496e-06 
0.000262781 -4.76085e-06 3.94365e-06 
0.000269014 -4.91504e-06 4.15598e-06 
0.000275267 -5.0658e-06 4.37295e-06 
0.000281528 -5.2171e-06 4.59279e-06 
0.000287788 -5.36596e-06 4.8159e-06 
0.00029403 -5.51121e-06 5.04368e-06 
0.000300238 -5.65439e-06 5.27318e-06 
0.000306398 -5.79349e-06 5.50809e-06 
0.000312487 -5.92782e-06 5.74277e-06 
0.000318489 -6.05598e-06 5.97953e-06 
0.00032438 -6.17729e-06 6.22089e-06 
0.000330137 -6.2938e-06 6.45833e-06 
0.000335739 -6.39856e-06 6.69905e-06 
0.000341155 -6.49658e-06 6.94073e-06 
0.00034636 -6.5848e-06 7.17795e-06 
0.000351332 -6.66246e-06 7.41406e-06 
0.000356042 -6.72859e-06 7.64753e-06 
0.00036046 -6.78244e-06 7.87682e-06 
0.000364566 -6.82722e-06 8.09918e-06 
0.000368334 -6.85542e-06 8.31652e-06 
0.000371736 -6.87185e-06 8.52654e-06 
0.000374745 -6.87311e-06 8.73339e-06 
0.000377323 -6.85817e-06 8.93209e-06 
0.000379435 -6.8279e-06 9.12024e-06 
0.000381108 -6.80394e-06 9.25146e-06 
0.000382091 -6.40536e-06 9.8272e-06 
0.000117437 -1.2438e-06 -1.05534e-06 
0.000123359 -1.38758e-06 -9.13063e-07 
0.000129282 -1.50615e-06 -6.6235e-07 
0.000135008 -1.60983e-06 -3.9678e-07 
0.000140512 -1.70964e-06 -1.47074e-07 
0.000145826 -1.80834e-06 8.02354e-08 
0.000150993 -1.90661e-06 2.8642e-07 
0.000156053 -2.0056e-06 4.75048e-07 
0.00016104 -2.10504e-06 6.49026e-07 
0.000165985 -2.20549e-06 8.11324e-07 
0.00017091 -2.30662e-06 9.64761e-07 
0.000175834 -2.40879e-06 1.11126e-06 
0.000180773 -2.51179e-06 1.25333e-06 
0.000185737 -2.61567e-06 1.39193e-06 
0.000190735 -2.7213e-06 1.52818e-06 
0.000195775 -2.82745e-06 1.66323e-06 
0.000200861 -2.93495e-06 1.79869e-06 
0.000205996 -3.04408e-06 1.93552e-06 
0.00021118 -3.15436e-06 2.07341e-06 
0.000216416 -3.26638e-06 2.21386e-06 
0.0002217 -3.37879e-06 2.35656e-06 
0.00022703 -3.49236e-06 2.5028e-06 
0.000232401 -3.60692e-06 2.65229e-06 
0.00023781 -3.72224e-06 2.80562e-06 
0.00024325 -3.83764e-06 2.96348e-06 
0.000248712 -3.95367e-06 3.12501e-06 
0.000254189 -4.06955e-06 3.2917e-06 
0.000259669 -4.1842e-06 3.46119e-06 
0.000265143 -4.29772e-06 3.63556e-06 
0.000270598 -4.41059e-06 3.81381e-06 
0.000276018 -4.51961e-06 3.99573e-06 
0.000281392 -4.62793e-06 4.18103e-06 
0.000286704 -4.73159e-06 4.36883e-06 
0.000291935 -4.83157e-06 4.56009e-06 
0.00029707 -4.92746e-06 4.75327e-06 
0.000302084 -5.01562e-06 4.94753e-06 
0.000306962 -5.10012e-06 5.14542e-06 
0.000311677 -5.1764e-06 5.34307e-06 
0.000316207 -5.24546e-06 5.54002e-06 
0.000320531 -5.30565e-06 5.73842e-06 
0.000324627 -5.36027e-06 5.93399e-06 
0.00032847 -5.40199e-06 6.12854e-06 
0.000332038 -5.43713e-06 6.31735e-06 
0.000335315 -5.46073e-06 6.50474e-06 
0.00033827 -5.47304e-06 6.68716e-06 
0.000340883 -5.47473e-06 6.86502e-06 
0.00034312 -5.45938e-06 7.04e-06 
0.000344952 -5.43707e-06 7.20385e-06 
0.000346409 -5.41757e-06 7.31589e-06 
0.00034724 -5.04722e-06 7.83272e-06 
0.000115711 -1.17533e-06 -8.13471e-07 
0.000120902 -1.28358e-06 -6.91729e-07 
0.000126064 -1.37331e-06 -4.90037e-07 
0.000131059 -1.45197e-06 -2.83934e-07 
0.000135882 -1.52711e-06 -9.51899e-08 
0.000140563 -1.6004e-06 7.31725e-08 
0.000145136 -1.67274e-06 2.23325e-07 
0.000149635 -1.74462e-06 3.58115e-07 
0.000154087 -1.81636e-06 4.80755e-07 
0.000158514 -1.88856e-06 5.93571e-07 
0.000162936 -1.96088e-06 6.99522e-07 
0.000167365 -2.0341e-06 8.00163e-07 
0.000171814 -2.10785e-06 8.9769e-07 
0.00017629 -2.18278e-06 9.92803e-07 
0.000180799 -2.25824e-06 1.087e-06 
0.000185346 -2.33532e-06 1.1817e-06 
0.000189934 -2.41394e-06 1.27706e-06 
0.000194562 -2.49313e-06 1.37441e-06 
0.000199232 -2.57406e-06 1.47404e-06 
0.000203943 -2.65673e-06 1.57625e-06 
0.000208692 -2.74028e-06 1.68226e-06 
0.000213475 -2.82511e-06 1.7922e-06 
0.000218289 -2.91169e-06 1.90561e-06 
0.00022313 -2.99859e-06 2.02354e-06 
0.000227989 -3.08681e-06 2.14588e-06 
0.000232861 -3.175e-06 2.27257e-06 
0.000237738 -3.26426e-06 2.40359e-06 
0.000242611 -3.35265e-06 2.53922e-06 
0.000247471 -3.44126e-06 2.67905e-06 
0.000252305 -3.52815e-06 2.82335e-06 
0.000257104 -3.61493e-06 2.9717e-06 
0.000261854 -3.6993e-06 3.1227e-06 
0.000266543 -3.78103e-06 3.27815e-06 
0.000271156 -3.86083e-06 3.43616e-06 
0.000275678 -3.93612e-06 3.59713e-06 
0.000280092 -4.00826e-06 3.76072e-06 
0.000284379 -4.07463e-06 3.92579e-06 
0.000288519 -4.13516e-06 4.09341e-06 
0.000292493 -4.1906e-06 4.26196e-06 
0.000296281 -4.24015e-06 4.43113e-06 
0.000299864 -4.28202e-06 4.59874e-06 
0.000303223 -4.31703e-06 4.76748e-06 
0.000306335 -4.34453e-06 4.93235e-06 
0.000309189 -4.36484e-06 5.09555e-06 
0.000311761 -4.37495e-06 5.25524e-06 
0.000314029 -4.3748e-06 5.4114e-06 
0.00031597 -4.36355e-06 5.56548e-06 
0.000317554 -4.34266e-06 5.70846e-06 
0.00031882 -4.33119e-06 5.80232e-06 
0.000319522 -3.98419e-06 6.26853e-06 
0.000113813 -1.09984e-06 -6.64439e-07 
0.000118444 -1.17522e-06 -5.66346e-07 
0.000123031 -1.23871e-06 -4.13619e-07 
0.000127484 -1.29467e-06 -2.62937e-07 
0.00013181 -1.34801e-06 -1.28609e-07 
0.000136036 -1.39951e-06 -1.1405e-08 
0.00014019 -1.44981e-06 9.10486e-08 
0.000144298 -1.49965e-06 1.81212e-07 
0.00014838 -1.54894e-06 2.61983e-07 
0.000152452 -1.5983e-06 3.35547e-07 
0.000156529 -1.6482e-06 4.04112e-07 
0.00016062 -1.69822e-06 4.6938e-07 
0.000164732 -1.74932e-06 5.32869e-07 
0.00016887 -1.80123e-06 5.95414e-07 
0.000173038 -1.85401e-06 6.58758e-07 
0.000177238 -1.90838e-06 7.22932e-07 
0.000181471 -1.96352e-06 7.8945e-07 
0.000185736 -2.02084e-06 8.58858e-07 
0.000190031 -2.07945e-06 9.31039e-07 
0.000194354 -2.13933e-06 1.00702e-06 
0.000198704 -2.20145e-06 1.08717e-06 
0.000203076 -2.2646e-06 1.17163e-06 
0.000207465 -2.32952e-06 1.26008e-06 
0.000211867 -2.39561e-06 1.35365e-06 
0.000216277 -2.46309e-06 1.45146e-06 
0.000220686 -2.53098e-06 1.55456e-06 
0.000225089 -2.60023e-06 1.66187e-06 
0.000229478 -2.66976e-06 1.77422e-06 
0.000233845 -2.7393e-06 1.89091e-06 
0.00023818 -2.80909e-06 2.01185e-06 
0.000242472 -2.87729e-06 2.13675e-06 
0.000246713 -2.94539e-06 2.26541e-06 
0.000250892 -3.01193e-06 2.39756e-06 
0.000254995 -3.07563e-06 2.53269e-06 
0.000259011 -3.1378e-06 2.6705e-06 
0.000262924 -3.19579e-06 2.81049e-06 
0.000266719 -3.2495e-06 2.95376e-06 
0.000270378 -3.29969e-06 3.09905e-06 
0.000273883 -3.34445e-06 3.24544e-06 
0.000277217 -3.38404e-06 3.39319e-06 
0.000280361 -3.41812e-06 3.54248e-06 
0.000283301 -3.44811e-06 3.69112e-06 
0.000286021 -3.47155e-06 3.83723e-06 
0.000288507 -3.48745e-06 3.98186e-06 
0.00029074 -3.49669e-06 4.12446e-06 
0.000292706 -3.49798e-06 4.26331e-06 
0.000294381 -3.48787e-06 4.39977e-06 
0.00029575 -3.47332e-06 4.52472e-06 
0.000296845 -3.46401e-06 4.60226e-06 
0.000297437 -3.14188e-06 5.02446e-06 
0.000111955 -1.01521e-06 -6.0604e-07 
0.00011619 -1.06241e-06 -5.31395e-07 
0.000120369 -1.1027e-06 -4.23076e-07 
0.000124446 -1.13901e-06 -3.20462e-07 
0.000128435 -1.17364e-06 -2.32156e-07 
0.000132358 -1.20677e-06 -1.57554e-07 
0.000136239 -1.23881e-06 -9.4438e-08 
0.000140094 -1.27014e-06 -4.05384e-08 
0.00014394 -1.3012e-06 6.60246e-09 
0.000147788 -1.33207e-06 4.88517e-08 
0.000151646 -1.36324e-06 8.79338e-08 
0.00015552 -1.39476e-06 1.25729e-07 
0.000159415 -1.42728e-06 1.62863e-07 
0.000163333 -1.46044e-06 2.00911e-07 
0.000167274 -1.49497e-06 2.40778e-07 
0.000171239 -1.53066e-06 2.83022e-07 
0.000175225 -1.5683e-06 3.28497e-07 
0.000179232 -1.60713e-06 3.77472e-07 
0.000183257 -1.64804e-06 4.30581e-07 
0.000187296 -1.69093e-06 4.88087e-07 
0.000191347 -1.73529e-06 5.50308e-07 
0.000195405 -1.78191e-06 6.17603e-07 
0.000199465 -1.8302e-06 6.89799e-07 
0.000203523 -1.88057e-06 7.67197e-07 
0.000207573 -1.93232e-06 8.49646e-07 
0.000211611 -1.98579e-06 9.37265e-07 
0.000215629 -2.03996e-06 1.0296e-06 
0.000219621 -2.09556e-06 1.12686e-06 
0.00022358 -2.1517e-06 1.22858e-06 
0.000227498 -2.20796e-06 1.33467e-06 
0.000231367 -2.26464e-06 1.4449e-06 
0.000235179 -2.32063e-06 1.55817e-06 
0.000238925 -2.37563e-06 1.67491e-06 
0.000242595 -2.42949e-06 1.79444e-06 
0.000246178 -2.4806e-06 1.91652e-06 
0.000249664 -2.53019e-06 2.04088e-06 
0.000253037 -2.57548e-06 2.16802e-06 
0.000256282 -2.61708e-06 2.29685e-06 
0.000259381 -2.65414e-06 2.42855e-06 
0.00026232 -2.68775e-06 2.56203e-06 
0.000265082 -2.71744e-06 2.69592e-06 
0.000267655 -2.74147e-06 2.82942e-06 
0.000270025 -2.76178e-06 2.96205e-06 
0.000272183 -2.77696e-06 3.0933e-06 
0.000274114 -2.78608e-06 3.22117e-06 
0.000275807 -2.78749e-06 3.34581e-06 
0.000277244 -2.78095e-06 3.46763e-06 
0.000278415 -2.77003e-06 3.57716e-06 
0.000279359 -2.76682e-06 3.64176e-06 
0.000279853 -2.46507e-06 4.02423e-06 
0.000110335 -9.23378e-07 -6.27224e-07 
0.000114315 -9.46607e-07 -5.74114e-07 
0.000118235 -9.67285e-07 -5.0399e-07 
0.000122079 -9.86633e-07 -4.41925e-07 
0.000125864 -1.00508e-06 -3.91958e-07 
0.000129612 -1.02249e-06 -3.52796e-07 
0.000133339 -1.03881e-06 -3.22238e-07 
0.000137058 -1.05452e-06 -2.98332e-07 
0.000140778 -1.06962e-06 -2.7892e-07 
0.000144508 -1.08466e-06 -2.62266e-07 
0.00014825 -1.09987e-06 -2.46934e-07 
0.000152008 -1.11557e-06 -2.31535e-07 
0.000155783 -1.13175e-06 -2.14922e-07 
0.000159574 -1.14929e-06 -1.96006e-07 
0.000163378 -1.16802e-06 -1.74136e-07 
0.000167195 -1.1882e-06 -1.48425e-07 
0.000171021 -1.21021e-06 -1.18427e-07 
0.000174852 -1.23444e-06 -8.36373e-08 
0.000178685 -1.26058e-06 -4.37256e-08 
0.000182516 -1.28905e-06 1.73876e-09 
0.000186341 -1.32017e-06 5.28677e-08 
0.000190156 -1.35342e-06 1.0967e-07 
0.000193955 -1.38914e-06 1.72269e-07 
0.000197734 -1.42721e-06 2.4057e-07 
0.00020149 -1.46767e-06 3.14461e-07 
0.000205216 -1.50995e-06 3.93834e-07 
0.000208908 -1.55422e-06 4.78477e-07 
0.00021256 -1.59982e-06 5.68005e-07 
0.000216166 -1.64691e-06 6.62152e-07 
0.000219721 -1.69496e-06 7.6043e-07 
0.000223219 -1.74314e-06 8.62518e-07 
0.000226653 -1.79184e-06 9.67859e-07 
0.000230017 -1.84008e-06 1.07618e-06 
0.000233303 -1.8876e-06 1.18655e-06 
0.000236505 -1.93357e-06 1.29867e-06 
0.000239611 -1.97647e-06 1.41232e-06 
0.00024261 -2.01662e-06 1.52851e-06 
0.000245487 -2.05306e-06 1.64669e-06 
0.000248226 -2.08524e-06 1.76804e-06 
0.000250811 -2.11446e-06 1.89069e-06 
0.000253229 -2.13979e-06 2.01475e-06 
0.00025547 -2.16275e-06 2.13885e-06 
0.000257522 -2.18107e-06 2.26192e-06 
0.000259379 -2.19647e-06 2.38234e-06 
0.000261033 -2.20637e-06 2.49939e-06 
0.000262475 -2.21045e-06 2.61262e-06 
0.000263693 -2.20679e-06 2.72149e-06 
0.000264683 -2.20016e-06 2.81844e-06 
0.000265488 -2.20279e-06 2.87003e-06 
0.000265896 -1.91907e-06 3.21846e-06 
0.000109117 -8.26654e-07 -7.15612e-07 
0.000112967 -8.2965e-07 -6.81859e-07 
0.000116754 -8.33344e-07 -6.44665e-07 
0.000120485 -8.37687e-07 -6.17021e-07 
0.000124183 -8.41853e-07 -5.99798e-07 
0.000127864 -8.44986e-07 -5.91078e-07 
0.000131542 -8.47142e-07 -5.88726e-07 
0.000135223 -8.48384e-07 -5.90858e-07 
0.000138915 -8.49033e-07 -5.95533e-07 
0.000142618 -8.49309e-07 -6.01229e-07 
0.000146335 -8.49651e-07 -6.06521e-07 
0.000150063 -8.50366e-07 -6.10051e-07 
0.000153801 -8.51916e-07 -6.10677e-07 
0.000157543 -8.54448e-07 -6.07489e-07 
0.000161288 -8.58781e-07 -5.9966e-07 
0.000165029 -8.64963e-07 -5.86528e-07 
0.000168762 -8.73191e-07 -5.67496e-07 
0.000172482 -8.84054e-07 -5.42219e-07 
0.000176184 -8.97674e-07 -5.10063e-07 
0.000179863 -9.14473e-07 -4.71263e-07 
0.000183514 -9.34174e-07 -4.25539e-07 
0.000187134 -9.5718e-07 -3.72775e-07 
0.000190716 -9.83442e-07 -3.13286e-07 
0.000194258 -1.01281e-06 -2.47192e-07 
0.000197755 -1.04531e-06 -1.74841e-07 
0.000201204 -1.08073e-06 -9.64636e-08 
0.000204602 -1.11862e-06 -1.25208e-08 
0.000207943 -1.1589e-06 7.65268e-08 
0.000211225 -1.20102e-06 1.70135e-07 
0.000214444 -1.24475e-06 2.67895e-07 
0.000217595 -1.28973e-06 3.69297e-07 
0.000220675 -1.3354e-06 4.73364e-07 
0.000223681 -1.38123e-06 5.79766e-07 
0.000226607 -1.42699e-06 6.87182e-07 
0.000229451 -1.47147e-06 7.95106e-07 
0.000232205 -1.5134e-06 9.03552e-07 
0.000234859 -1.5515e-06 1.01287e-06 
0.000237398 -1.58521e-06 1.12439e-06 
0.000239805 -1.61488e-06 1.23928e-06 
0.000242063 -1.64149e-06 1.35617e-06 
0.000244161 -1.66581e-06 1.47438e-06 
0.000246089 -1.68718e-06 1.59261e-06 
0.000247841 -1.70681e-06 1.70967e-06 
0.000249413 -1.72312e-06 1.82315e-06 
0.000250804 -1.73628e-06 1.93203e-06 
0.000252009 -1.7438e-06 2.03551e-06 
0.000253022 -1.74446e-06 2.13337e-06 
0.000253842 -1.7419e-06 2.21941e-06 
0.000254516 -1.74997e-06 2.26091e-06 
0.000254847 -1.48542e-06 2.57896e-06 
0.000108439 -7.26765e-07 -8.6226e-07 
0.000112268 -7.11847e-07 -8.46547e-07 
0.000116032 -7.00255e-07 -8.38834e-07 
0.000119759 -6.9078e-07 -8.42143e-07 
0.000123473 -6.81179e-07 -8.54772e-07 
0.000127188 -6.70531e-07 -8.74265e-07 
0.000130912 -6.58549e-07 -8.9847e-07 
0.000134651 -6.45314e-07 -9.25373e-07 
0.000138404 -6.31153e-07 -9.53214e-07 
0.00014217 -6.16334e-07 -9.80313e-07 
0.000145945 -6.0137e-07 -1.00523e-06 
0.000149725 -5.86688e-07 -1.02649e-06 
0.000153503 -5.72873e-07 -1.0429e-06 
0.000157272 -5.60593e-07 -1.05351e-06 
0.000161024 -5.49928e-07 -1.05721e-06 
0.000164753 -5.42137e-07 -1.05332e-06 
0.00016845 -5.37203e-07 -1.04108e-06 
0.00017211 -5.35887e-07 -1.02033e-06 
0.000175724 -5.38433e-07 -9.90708e-07 
0.000179289 -5.45117e-07 -9.52319e-07 
0.000182798 -5.56125e-07 -9.04841e-07 
0.000186248 -5.71795e-07 -8.48822e-07 
0.000189633 -5.91835e-07 -7.84424e-07 
0.000192952 -6.16484e-07 -7.12215e-07 
0.000196201 -6.45371e-07 -6.32716e-07 
0.000199378 -6.78293e-07 -5.4645e-07 
0.000202483 -7.14968e-07 -4.54059e-07 
0.000205513 -7.55002e-07 -3.56448e-07 
0.000208467 -7.97853e-07 -2.54247e-07 
0.000211344 -8.4294e-07 -1.48189e-07 
0.000214143 -8.89881e-07 -3.90362e-08 
0.000216863 -9.38222e-07 7.23524e-08 
0.000219503 -9.87521e-07 1.84963e-07 
0.000222064 -1.03712e-06 2.97321e-07 
0.000224546 -1.08614e-06 4.08306e-07 
0.000226949 -1.13281e-06 5.16971e-07 
0.000229265 -1.17436e-06 6.24121e-07 
0.000231479 -1.20936e-06 7.32448e-07 
0.000233568 -1.23848e-06 8.44643e-07 
0.000235512 -1.26447e-06 9.60064e-07 
0.000237298 -1.28891e-06 1.07678e-06 
0.000238921 -1.31181e-06 1.19363e-06 
0.000240376 -1.33335e-06 1.30888e-06 
0.000241666 -1.3544e-06 1.41924e-06 
0.000242797 -1.3725e-06 1.52198e-06 
0.00024377 -1.3852e-06 1.61801e-06 
0.000244582 -1.39165e-06 1.70759e-06 
0.000245235 -1.39393e-06 1.78863e-06 
0.000245773 -1.40757e-06 1.83168e-06 
0.000246016 -1.17003e-06 2.12486e-06 
0.000108423 -6.23998e-07 -1.06422e-06 
0.000112335 -5.91928e-07 -1.0667e-06 
0.000116181 -5.65571e-07 -1.08803e-06 
0.000120007 -5.41993e-07 -1.12219e-06 
0.000123839 -5.17927e-07 -1.16522e-06 
0.000127689 -4.9222e-07 -1.21423e-06 
0.000131561 -4.64521e-07 -1.26682e-06 
0.000135455 -4.34855e-07 -1.3208e-06 
0.000139367 -4.03569e-07 -1.37417e-06 
0.00014329 -3.7113e-07 -1.42497e-06 
0.000147216 -3.38172e-07 -1.47133e-06 
0.000151134 -3.05491e-07 -1.51151e-06 
0.000155034 -2.73926e-07 -1.54396e-06 
0.000158903 -2.44143e-07 -1.567e-06 
0.000162729 -2.17627e-07 -1.57941e-06 
0.000166502 -1.94807e-07 -1.58045e-06 
0.00017021 -1.76691e-07 -1.56896e-06 
0.000173843 -1.64286e-07 -1.54502e-06 
0.000177394 -1.57757e-07 -1.50806e-06 
0.000180856 -1.58092e-07 -1.45852e-06 
0.000184224 -1.65158e-07 -1.3966e-06 
0.000187494 -1.79286e-07 -1.32324e-06 
0.000190663 -2.00138e-07 -1.23885e-06 
0.00019373 -2.27778e-07 -1.14464e-06 
0.000196696 -2.61856e-07 -1.04159e-06 
0.000199562 -3.01773e-07 -9.3081e-07 
0.000202328 -3.46977e-07 -8.13578e-07 
0.000204997 -3.96772e-07 -6.91035e-07 
0.000207573 -4.50472e-07 -5.64285e-07 
0.000210057 -5.07304e-07 -4.3447e-07 
0.000212451 -5.66408e-07 -3.02633e-07 
0.000214759 -6.27227e-07 -1.69851e-07 
0.000216984 -6.89196e-07 -3.71229e-08 
0.000219129 -7.52311e-07 9.38277e-08 
0.000221203 -8.15957e-07 2.20591e-07 
0.000223215 -8.78158e-07 3.40232e-07 
0.000225168 -9.33793e-07 4.52433e-07 
0.000227046 -9.77558e-07 5.61937e-07 
0.000228814 -1.00947e-06 6.76708e-07 
0.000230438 -1.03721e-06 7.97344e-07 
0.000231905 -1.06509e-06 9.18553e-07 
0.000233213 -1.09182e-06 1.03798e-06 
0.000234361 -1.11714e-06 1.15608e-06 
0.000235356 -1.14434e-06 1.26737e-06 
0.000236217 -1.17119e-06 1.36669e-06 
0.000236954 -1.19137e-06 1.45774e-06 
0.000237554 -1.20383e-06 1.54816e-06 
0.000238002 -1.21254e-06 1.65599e-06 
0.000238309 -1.24859e-06 1.76848e-06 
0.000238358 -1.07551e-06 2.07609e-06 
0.000109199 -5.16865e-07 -1.32685e-06 
0.000113299 -4.66386e-07 -1.35016e-06 
0.000117337 -4.24091e-07 -1.40455e-06 
0.000121377 -3.84234e-07 -1.47452e-06 
0.000125444 -3.42595e-07 -1.55409e-06 
0.000129548 -2.97912e-07 -1.63974e-06 
0.000133688 -2.49746e-07 -1.72851e-06 
0.000137859 -1.98225e-07 -1.81749e-06 
0.000142051 -1.43979e-07 -1.90392e-06 
0.00014625 -8.77951e-08 -1.98476e-06 
0.00015044 -3.09272e-08 -2.0571e-06 
0.000154601 2.53649e-08 -2.1178e-06 
0.000158713 7.91608e-08 -2.16411e-06 
0.000162758 1.28526e-07 -2.19358e-06 
0.000166714 1.72287e-07 -2.20407e-06 
0.000170565 2.07982e-07 -2.19392e-06 
0.000174293 2.34117e-07 -2.16224e-06 
0.000177886 2.49665e-07 -2.10873e-06 
0.000181334 2.53115e-07 -2.03345e-06 
0.000184629 2.44213e-07 -1.93748e-06 
0.000187768 2.22499e-07 -1.82177e-06 
0.000190749 1.88092e-07 -1.68831e-06 
0.000193576 1.41316e-07 -1.53918e-06 
0.00019625 8.36323e-08 -1.37657e-06 
0.000198779 1.55306e-08 -1.20294e-06 
0.00020117 -6.15789e-08 -1.02069e-06 
0.000203432 -1.46199e-07 -8.3228e-07 
0.000205573 -2.36946e-07 -6.40095e-07 
0.000207603 -3.3207e-07 -4.46309e-07 
0.000209531 -4.30084e-07 -2.5285e-07 
0.000211365 -5.29453e-07 -6.12917e-08 
0.000213113 -6.28914e-07 1.27009e-07 
0.000214781 -7.27489e-07 3.11369e-07 
0.000216376 -8.25502e-07 4.90382e-07 
0.00021791 -9.23922e-07 6.6183e-07 
0.000219407 -1.02359e-06 8.20367e-07 
0.000220892 -1.11908e-06 9.60436e-07 
0.000222365 -1.19565e-06 1.08523e-06 
0.000223776 -1.2435e-06 1.21281e-06 
0.000225048 -1.27773e-06 1.35173e-06 
0.00022616 -1.31658e-06 1.48775e-06 
0.000227128 -1.35345e-06 1.61231e-06 
0.000227952 -1.38214e-06 1.73297e-06 
0.000228633 -1.41372e-06 1.84448e-06 
0.000229212 -1.44903e-06 1.93462e-06 
0.00022971 -1.47153e-06 2.01733e-06 
0.000230072 -1.47696e-06 2.12509e-06 
0.000230159 -1.45493e-06 2.34229e-06 
0.000229663 -1.49237e-06 2.85429e-06 
0.000228802 -1.81452e-06 3.3956e-06 
0.000110926 -4.00726e-07 -1.66907e-06 
0.000115344 -3.27711e-07 -1.72079e-06 
0.000119711 -2.65301e-07 -1.82074e-06 
0.000124113 -2.03231e-07 -1.94156e-06 
0.000128575 -1.36097e-07 -2.07468e-06 
0.000133102 -6.26963e-08 -2.215e-06 
0.000137686 1.69674e-08 -2.35759e-06 
0.000142311 1.0214e-07 -2.49702e-06 
0.000146954 1.91133e-07 -2.62743e-06 
0.000151586 2.8161e-07 -2.74204e-06 
0.000156173 3.69966e-07 -2.83446e-06 
0.000160678 4.52707e-07 -2.89815e-06 
0.000165063 5.25981e-07 -2.92704e-06 
0.000169291 5.85046e-07 -2.91631e-06 
0.000173327 6.26087e-07 -2.86166e-06 
0.00017714 6.45085e-07 -2.76149e-06 
0.000180707 6.39475e-07 -2.6148e-06 
0.00018401 6.06914e-07 -2.42226e-06 
0.000187039 5.45944e-07 -2.18676e-06 
0.000189793 4.56827e-07 -1.91182e-06 
0.000192276 3.40348e-07 -1.60252e-06 
0.000194498 1.9866e-07 -1.26459e-06 
0.000196477 3.43721e-08 -9.04223e-07 
0.000198232 -1.49138e-07 -5.27568e-07 
0.000199784 -3.48093e-07 -1.41287e-07 
0.00020116 -5.58508e-07 2.48605e-07 
0.000202383 -7.76555e-07 6.36516e-07 
0.000203479 -9.98304e-07 1.01709e-06 
0.00020447 -1.21985e-06 1.3861e-06 
0.00020538 -1.43792e-06 1.74017e-06 
0.000206227 -1.64992e-06 2.0759e-06 
0.000207027 -1.85199e-06 2.39225e-06 
0.00020779 -2.043e-06 2.6889e-06 
0.000208522 -2.22223e-06 2.96597e-06 
0.000209232 -2.39047e-06 3.2262e-06 
0.000209935 -2.5563e-06 3.46759e-06 
0.000210679 -2.72531e-06 3.6822e-06 
0.000211522 -2.88592e-06 3.85922e-06 
0.000212433 -2.99355e-06 4.02144e-06 
0.000213261 -3.05302e-06 4.19807e-06 
0.000213933 -3.11703e-06 4.36043e-06 
0.000214523 -3.18185e-06 4.47745e-06 
0.000215054 -3.2112e-06 4.56685e-06 
0.000215483 -3.224e-06 4.63771e-06 
0.000215857 -3.24043e-06 4.67409e-06 
0.000216208 -3.23312e-06 4.70935e-06 
0.000216398 -3.19012e-06 4.80953e-06 
0.000216089 -3.06496e-06 5.08393e-06 
0.000214122 -2.62822e-06 6.16566e-06 
0.000208995 -2.88817e-06 6.70683e-06 
0.000113866 -2.6018e-07 -2.14122e-06 
0.000118786 -1.56705e-07 -2.24044e-06 
0.000123692 -6.39979e-08 -2.41765e-06 
0.000128695 3.56541e-08 -2.62427e-06 
0.000133812 1.46955e-07 -2.84486e-06 
0.000139032 2.69047e-07 -3.06823e-06 
0.000144324 3.99618e-07 -3.28148e-06 
0.000149641 5.33969e-07 -3.46967e-06 
0.000154922 6.65665e-07 -3.61612e-06 
0.000160093 7.85918e-07 -3.70359e-06 
0.000165073 8.85128e-07 -3.71572e-06 
0.000169779 9.52161e-07 -3.63804e-06 
0.000174133 9.77411e-07 -3.45874e-06 
0.000178062 9.50631e-07 -3.17175e-06 
0.000181512 8.64996e-07 -2.775e-06 
0.000184441 7.1588e-07 -2.27231e-06 
0.000186831 5.01698e-07 -1.67165e-06 
0.000188681 2.24252e-07 -9.85976e-07 
0.000190009 -1.1155e-07 -2.3148e-07 
0.000190849 -4.98337e-07 5.7398e-07 
0.000191249 -9.26852e-07 1.41115e-06 
0.000191267 -1.38641e-06 2.26072e-06 
0.000190965 -1.86546e-06 3.10506e-06 
0.000190409 -2.35304e-06 3.92895e-06 
0.00018966 -2.83961e-06 4.71929e-06 
0.00018878 -3.31588e-06 5.46596e-06 
0.000187824 -3.77463e-06 6.16194e-06 
0.00018684 -4.211e-06 6.80203e-06 
0.000185871 -4.61986e-06 7.38444e-06 
0.000184952 -4.99935e-06 7.90811e-06 
0.000184109 -5.34646e-06 8.37499e-06 
0.000183365 -5.66248e-06 8.78784e-06 
0.000182731 -5.94564e-06 9.14868e-06 
0.000182208 -6.19334e-06 9.46463e-06 
0.000181784 -6.40982e-06 9.74331e-06 
0.000181439 -6.59821e-06 9.99418e-06 
0.000181172 -6.77944e-06 1.0228e-05 
0.000181051 -6.98145e-06 1.04362e-05 
0.000181163 -7.17386e-06 1.06197e-05 
0.000181365 -7.28587e-06 1.0815e-05 
0.000181497 -7.37084e-06 1.09665e-05 
0.000181681 -7.47802e-06 1.10336e-05 
0.00018207 -7.52989e-06 1.10114e-05 
0.000182572 -7.50076e-06 1.09267e-05 
0.000183137 -7.43668e-06 1.08085e-05 
0.000183727 -7.33074e-06 1.07217e-05 
0.000184068 -7.18142e-06 1.07482e-05 
0.000183821 -6.97237e-06 1.08973e-05 
0.000182236 -6.47308e-06 1.11857e-05 
0.00018177 -6.55072e-06 6.84647e-06 
0.000118553 -4.45837e-08 -2.86767e-06 
0.00012428 9.82528e-08 -3.0565e-06 
0.000130095 2.42057e-07 -3.37036e-06 
0.000136111 4.08249e-07 -3.71091e-06 
0.000142292 5.93012e-07 -4.04069e-06 
0.000148552 7.86113e-07 -4.32297e-06 
0.000154764 9.72666e-07 -4.51343e-06 
0.000160765 1.12998e-06 -4.56584e-06 
0.000166373 1.23251e-06 -4.43645e-06 
0.000171402 1.25271e-06 -4.09176e-06 
0.000175682 1.16706e-06 -3.51228e-06 
0.000179076 9.59082e-07 -2.6958e-06 
0.000181488 6.2103e-07 -1.65753e-06 
0.000182872 1.56316e-07 -4.28883e-07 
0.000183232 -4.23166e-07 9.47338e-07 
0.000182616 -1.0973e-06 2.4206e-06 
0.000181114 -1.84085e-06 3.93622e-06 
0.000178843 -2.62494e-06 5.44206e-06 
0.000175943 -3.42279e-06 6.89041e-06 
0.000172561 -4.20783e-06 8.24248e-06 
0.000168846 -4.95774e-06 9.46856e-06 
0.000164937 -5.65474e-06 1.05513e-05 
0.000160961 -6.28857e-06 1.14824e-05 
0.000157022 -6.85145e-06 1.2264e-05 
0.000153207 -7.3417e-06 1.29023e-05 
0.000149583 -7.76153e-06 1.34119e-05 
0.000146197 -8.11734e-06 1.38087e-05 
0.000143083 -8.41598e-06 1.41083e-05 
0.000140261 -8.6642e-06 1.43287e-05 
0.000137739 -8.86926e-06 1.44856e-05 
0.000135517 -9.03974e-06 1.45935e-05 
0.000133589 -9.18216e-06 1.4662e-05 
0.000131947 -9.29991e-06 1.47025e-05 
0.000130572 -9.39736e-06 1.47243e-05 
0.000129439 -9.4752e-06 1.473e-05 
0.000128506 -9.52907e-06 1.47278e-05 
0.000127707 -9.55763e-06 1.47303e-05 
0.000126978 -9.5876e-06 1.47543e-05 
0.000126365 -9.66937e-06 1.48157e-05 
0.000125895 -9.7583e-06 1.4956e-05 
0.000125554 -9.92483e-06 1.49642e-05 
0.000125431 -9.92426e-06 1.49665e-05 
0.000125654 -1.01031e-05 1.49146e-05 
0.000126502 -1.02127e-05 1.46576e-05 
0.000127764 -1.00468e-05 1.44511e-05 
0.000128944 -9.89915e-06 1.43885e-05 
0.000129738 -9.7427e-06 1.44062e-05 
0.000130003 -9.54496e-06 1.43912e-05 
0.000128989 -8.91574e-06 1.48354e-05 
0.0001252 -9.41834e-06 1.55289e-05 
0.000126192 3.63232e-07 -4.08234e-06 
0.000133214 5.44801e-07 -4.42443e-06 
0.000140476 7.71274e-07 -4.88696e-06 
0.000147895 1.02394e-06 -5.24822e-06 
0.000155186 1.25205e-06 -5.39971e-06 
0.000162014 1.40323e-06 -5.24276e-06 
0.000168007 1.42542e-06 -4.69782e-06 
0.000172805 1.27291e-06 -3.72353e-06 
0.000176109 9.16844e-07 -2.32574e-06 
0.000177719 3.51567e-07 -5.57699e-07 
0.000177552 -4.0627e-07 1.48908e-06 
0.000175655 -1.3174e-06 3.69458e-06 
0.000172182 -2.32837e-06 5.93039e-06 
0.000167373 -3.37858e-06 8.07095e-06 
0.00016152 -4.40467e-06 1.00074e-05 
0.00015494 -5.35161e-06 1.16591e-05 
0.000147936 -6.17499e-06 1.29789e-05 
0.000140783 -6.85178e-06 1.39547e-05 
0.000133712 -7.37284e-06 1.45983e-05 
0.000126908 -7.74328e-06 1.4944e-05 
0.0001205 -7.977e-06 1.50442e-05 
0.000114568 -8.09932e-06 1.49524e-05 
0.000109156 -8.13184e-06 1.4721e-05 
0.000104275 -8.09961e-06 1.43967e-05 
9.9918e-05 -8.02187e-06 1.40171e-05 
9.60592e-05 -7.91438e-06 1.36139e-05 
9.26647e-05 -7.79225e-06 1.32074e-05 
8.96985e-05 -7.66415e-06 1.28138e-05 
8.71244e-05 -7.53903e-06 1.24441e-05 
8.49056e-05 -7.42123e-06 1.21045e-05 
8.30066e-05 -7.31352e-06 1.17982e-05 
8.1396e-05 -7.21887e-06 1.15263e-05 
8.00486e-05 -7.13934e-06 1.1289e-05 
7.89368e-05 -7.07206e-06 1.1086e-05 
7.80377e-05 -7.01963e-06 1.0911e-05 
7.73305e-05 -6.9742e-06 1.07615e-05 
7.67789e-05 -6.92653e-06 1.0629e-05 
7.63071e-05 -6.85421e-06 1.05088e-05 
7.58146e-05 -6.76195e-06 1.04069e-05 
7.5163e-05 -6.63489e-06 1.04288e-05 
7.40316e-05 -6.72959e-06 1.02942e-05 
7.47204e-05 -6.69699e-06 1.00943e-05 
7.39917e-05 -6.62328e-06 1.02604e-05 
7.46663e-05 -6.97764e-06 9.93631e-06 
7.69463e-05 -7.0625e-06 9.88788e-06 
7.8106e-05 -7.02856e-06 1.02038e-05 
7.89233e-05 -7.09426e-06 1.02873e-05 
7.97755e-05 -7.10308e-06 1.01248e-05 
8.09685e-05 -6.86484e-06 9.53546e-06 
8.37754e-05 -5.88107e-06 5.22981e-06 
0.000138561 1.03892e-06 -5.77939e-06 
0.000147028 1.20351e-06 -6.04727e-06 
0.000155338 1.39595e-06 -6.03154e-06 
0.000162802 1.46334e-06 -5.42557e-06 
0.000168704 1.30433e-06 -4.14762e-06 
0.000172459 8.66508e-07 -2.21237e-06 
0.000173676 1.45302e-07 2.64308e-07 
0.000172206 -8.17412e-07 3.08397e-06 
0.000168153 -1.94586e-06 6.00639e-06 
0.000161841 -3.14177e-06 8.78522e-06 
0.000153751 -4.29885e-06 1.12019e-05 
0.000144455 -5.31972e-06 1.30962e-05 
0.000134542 -6.13415e-06 1.43852e-05 
0.000124546 -6.70264e-06 1.50637e-05 
0.000114901 -7.02102e-06 1.5197e-05 
0.000105908 -7.11745e-06 1.48975e-05 
9.7739e-05 -7.03638e-06 1.42932e-05 
9.04605e-05 -6.82888e-06 1.35014e-05 
8.40673e-05 -6.54195e-06 1.26179e-05 
7.85102e-05 -6.21261e-06 1.17142e-05 
7.3717e-05 -5.87054e-06 1.08383e-05 
6.96013e-05 -5.53226e-06 1.00173e-05 
6.60792e-05 -5.21125e-06 9.26664e-06 
6.30706e-05 -4.91351e-06 8.59099e-06 
6.05035e-05 -4.64182e-06 7.9915e-06 
5.83141e-05 -4.39887e-06 7.46431e-06 
5.64467e-05 -4.18292e-06 7.00347e-06 
5.48542e-05 -3.99276e-06 6.60447e-06 
5.34964e-05 -3.82757e-06 6.26054e-06 
5.23406e-05 -3.68478e-06 5.9666e-06 
5.13592e-05 -3.56324e-06 5.71692e-06 
5.05285e-05 -3.45982e-06 5.50715e-06 
4.98302e-05 -3.37469e-06 5.33256e-06 
4.92515e-05 -3.30579e-06 5.18962e-06 
4.87812e-05 -3.25128e-06 5.07238e-06 
4.84194e-05 -3.21191e-06 4.97546e-06 
4.81752e-05 -3.18603e-06 4.88531e-06 
4.80766e-05 -3.16649e-06 4.77503e-06 
4.81555e-05 -3.13108e-06 4.58171e-06 
4.85238e-05 -3.07817e-06 4.17043e-06 
5.06536e-05 -2.96019e-06 2.42359e-06 
5.12945e-05 -1.45415e-06 3.57984e-06 
5.1471e-05 -2.65336e-06 2.22815e-06 
5.35513e-05 -1.46024e-06 2.18491e-06 
5.20361e-05 -1.34395e-06 4.22511e-06 
4.98799e-05 -2.95551e-06 4.83133e-06 
4.99368e-05 -3.36387e-06 4.83612e-06 
5.09567e-05 -3.57264e-06 4.57794e-06 
5.33265e-05 -3.93368e-06 3.93494e-06 
5.96148e-05 -4.00714e-06 2.36686e-06 
0.00015489 1.51032e-06 -6.05283e-06 
0.000162272 1.29548e-06 -5.06302e-06 
0.000167594 9.29191e-07 -2.94361e-06 
0.000169642 2.20724e-07 3.34724e-08 
0.000167988 -8.0248e-07 3.50645e-06 
0.000162746 -2.03426e-06 7.0571e-06 
0.000154446 -3.31932e-06 1.02694e-05 
0.000143883 -4.48537e-06 1.28142e-05 
0.000131969 -5.40708e-06 1.44941e-05 
0.000119622 -6.01401e-06 1.52538e-05 
0.000107639 -6.28316e-06 1.51776e-05 
9.65871e-05 -6.24999e-06 1.44618e-05 
8.6779e-05 -5.99022e-06 1.33394e-05 
7.83213e-05 -5.58971e-06 1.20228e-05 
7.11761e-05 -5.1207e-06 1.06709e-05 
6.52254e-05 -4.63722e-06 9.38242e-06 
6.03177e-05 -4.17085e-06 8.20879e-06 
5.62927e-05 -3.73758e-06 7.16796e-06 
5.30001e-05 -3.34441e-06 6.25964e-06 
5.0311e-05 -2.99439e-06 5.47412e-06 
4.8119e-05 -2.68443e-06 4.7961e-06 
4.63384e-05 -2.41055e-06 4.21018e-06 
4.48991e-05 -2.16749e-06 3.70089e-06 
4.37456e-05 -1.94926e-06 3.25382e-06 
4.28313e-05 -1.75012e-06 2.85702e-06 
4.21154e-05 -1.56497e-06 2.50017e-06 
4.15626e-05 -1.39143e-06 2.17775e-06 
4.114e-05 -1.22917e-06 1.88756e-06 
4.08182e-05 -1.0796e-06 1.628e-06 
4.05745e-05 -9.43769e-07 1.39837e-06 
4.03903e-05 -8.2182e-07 1.19706e-06 
4.02518e-05 -7.13571e-07 1.02263e-06 
4.01479e-05 -6.1848e-07 8.72542e-07 
4.00712e-05 -5.36057e-07 7.45571e-07 
4.00157e-05 -4.66397e-07 6.40694e-07 
3.9978e-05 -4.10411e-07 5.5849e-07 
3.99584e-05 -3.71635e-07 5.03194e-07 
3.99654e-05 -3.59967e-07 4.85577e-07 
4.00305e-05 -3.98488e-07 5.26872e-07 
4.02379e-05 -5.33066e-07 6.67057e-07 
4.07307e-05 -8.86136e-07 1.20023e-06 
4.12258e-05 -1.25552e-06 1.82916e-06 
4.12569e-05 -1.13547e-06 1.63911e-06 
4.168e-05 -1.54362e-06 2.40623e-06 
4.12909e-05 -1.31943e-06 2.24384e-06 
4.04165e-05 -7.46402e-07 1.23029e-06 
4.02206e-05 -6.58437e-07 8.92409e-07 
4.06663e-05 -8.49738e-07 9.1643e-07 
4.19761e-05 -1.34795e-06 9.89459e-07 
4.61368e-05 -2.39346e-06 7.17897e-07 
0.000164233 3.31176e-07 -2.96839e-07 
0.000163541 -7.84389e-07 2.74257e-06 
0.000159294 -1.95035e-06 6.74843e-06 
0.000150855 -3.15575e-06 1.0436e-05 
0.000139134 -4.24896e-06 1.32845e-05 
0.000125442 -5.09035e-06 1.49933e-05 
0.000111227 -5.59945e-06 1.54767e-05 
9.78025e-05 -5.75292e-06 1.48466e-05 
8.59226e-05 -5.48085e-06 1.34787e-05 
7.57542e-05 -4.96042e-06 1.17956e-05 
6.72924e-05 -4.38181e-06 1.00631e-05 
6.04541e-05 -3.81263e-06 8.43503e-06 
5.50476e-05 -3.27858e-06 6.98753e-06 
5.08317e-05 -2.79593e-06 5.74217e-06 
4.75828e-05 -2.37215e-06 4.68687e-06 
4.51179e-05 -2.00253e-06 3.79205e-06 
4.32946e-05 -1.67682e-06 3.02449e-06 
4.19985e-05 -1.37953e-06 2.35418e-06 
4.11241e-05 -1.09753e-06 1.76405e-06 
4.05632e-05 -8.33181e-07 1.25467e-06 
4.022e-05 -5.96859e-07 8.31753e-07 
4.00219e-05 -3.95986e-07 4.95935e-07 
3.99175e-05 -2.33648e-07 2.42252e-07 
3.98704e-05 -1.09935e-07 6.1982e-08 
3.98552e-05 -2.19402e-08 -5.63473e-08 
3.98549e-05 3.53736e-08 -1.25949e-07 
3.98596e-05 6.82991e-08 -1.60339e-07 
3.98649e-05 8.38028e-08 -1.71931e-07 
3.98695e-05 8.8339e-08 -1.70337e-07 
3.98737e-05 8.66981e-08 -1.6172e-07 
3.98776e-05 8.19363e-08 -1.49823e-07 
3.98816e-05 7.58493e-08 -1.36795e-07 
3.98855e-05 6.94146e-08 -1.23812e-07 
3.98893e-05 6.31367e-08 -1.11497e-07 
3.98928e-05 5.73334e-08 -1.00299e-07 
3.98959e-05 5.2265e-08 -9.05913e-08 
3.98983e-05 4.82668e-08 -8.28452e-08 
3.98995e-05 4.57254e-08 -7.76642e-08 
3.9899e-05 4.49747e-08 -7.53771e-08 
3.98957e-05 4.63231e-08 -7.44421e-08 
3.98879e-05 5.20696e-08 -8.75152e-08 
3.98737e-05 6.56498e-08 -1.087e-07 
3.98768e-05 5.55467e-08 -9.86985e-08 
3.98597e-05 7.94805e-08 -1.40912e-07 
3.98665e-05 9.03168e-08 -1.55582e-07 
3.98698e-05 8.16125e-08 -1.42041e-07 
3.98744e-05 7.28604e-08 -1.17678e-07 
3.98811e-05 5.26847e-08 -7.76601e-08 
3.9921e-05 -2.62182e-08 4.46779e-08 
4.00501e-05 -3.3101e-07 5.70516e-07 
0.000147344 -3.21724e-06 1.05381e-05 
0.000135452 -4.0783e-06 1.31196e-05 
0.000121728 -5.18551e-06 1.52957e-05 
0.0001072 -5.68645e-06 1.58011e-05 
9.32067e-05 -5.5924e-06 1.49328e-05 
8.05837e-05 -5.07083e-06 1.32159e-05 
6.96626e-05 -4.33657e-06 1.12e-05 
6.05e-05 -3.73712e-06 9.34392e-06 
5.40417e-05 -3.53294e-06 7.33141e-06 
4.97745e-05 -2.71745e-06 5.58251e-06 
4.63349e-05 -2.03389e-06 4.27695e-06 
4.36877e-05 -1.60585e-06 3.20167e-06 
4.19069e-05 -1.24791e-06 2.27217e-06 
4.08355e-05 -9.02948e-07 1.47562e-06 
4.02554e-05 -5.80955e-07 8.30114e-07 
3.99769e-05 -3.11097e-07 3.53483e-07 
3.98693e-05 -1.09308e-07 4.36016e-08 
3.98447e-05 1.86396e-08 -1.19907e-07 
3.98509e-05 7.91762e-08 -1.75202e-07 
3.9864e-05 9.18575e-08 -1.69679e-07 
3.98772e-05 8.05411e-08 -1.39313e-07 
3.98901e-05 6.137e-08 -1.02685e-07 
3.99021e-05 4.19517e-08 -6.80638e-08 
3.99122e-05 2.52083e-08 -3.88594e-08 
3.99201e-05 1.21575e-08 -1.64115e-08 
3.99255e-05 2.98525e-09 -8.9647e-10 
3.99288e-05 -2.69179e-09 8.46837e-09 
3.99306e-05 -5.67686e-09 1.31675e-08 
3.99314e-05 -6.8998e-09 1.48524e-08 
3.99317e-05 -7.12063e-09 1.48538e-08 
3.99317e-05 -6.84304e-09 1.40346e-08 
3.99316e-05 -6.35598e-09 1.28871e-08 
3.99314e-05 -5.80462e-09 1.16615e-08 
3.99312e-05 -5.26173e-09 1.04797e-08 
3.9931e-05 -4.75964e-09 9.398e-09 
3.99307e-05 -4.31657e-09 8.44584e-09 
3.99305e-05 -3.94439e-09 7.64422e-09 
3.99304e-05 -3.63868e-09 6.99447e-09 
3.99302e-05 -3.36737e-09 6.44723e-09 
3.99302e-05 -3.10795e-09 5.79996e-09 
3.99301e-05 -2.73552e-09 5.512e-09 
3.99304e-05 -3.97939e-09 7.34348e-09 
3.99303e-05 -2.86819e-09 5.53004e-09 
3.99316e-05 -4.30484e-09 8.38062e-09 
3.9932e-05 -6.79628e-09 1.25155e-08 
3.9932e-05 -6.02634e-09 1.1439e-08 
3.99317e-05 -4.4014e-09 8.94706e-09 
3.99304e-05 -2.09566e-09 5.00745e-09 
3.9925e-05 5.06202e-09 -5.49678e-09 
3.9906e-05 2.90061e-08 -4.48753e-08 
9.09404e-05 -1.24532e-05 2.36701e-05 
7.8775e-05 -1.06528e-05 2.03602e-05 
6.84863e-05 -8.76919e-06 1.65566e-05 
6.04352e-05 -6.89922e-06 1.28864e-05 
5.43282e-05 -5.2465e-06 9.72264e-06 
4.97364e-05 -3.85277e-06 7.118e-06 
4.626e-05 -2.68926e-06 5.00305e-06 
4.37461e-05 -1.79564e-06 3.11586e-06 
4.2355e-05 -0.00010474 0.000182558 
4.1301e-05 -7.18161e-06 1.88948e-05 
4.03466e-05 -2.98862e-07 6.1699e-07 
3.99172e-05 -1.33869e-07 1.32762e-07 
3.97948e-05 2.92996e-08 -1.1802e-07 
3.97932e-05 8.88819e-08 -1.8046e-07 
3.98304e-05 8.27205e-08 -1.4839e-07 
3.98689e-05 5.4121e-08 -9.29477e-08 
3.98991e-05 2.59966e-08 -4.24747e-08 
3.99186e-05 6.0005e-09 -7.05652e-09 
3.99284e-05 -4.59582e-09 1.13896e-08 
3.99318e-05 -7.96652e-09 1.67993e-08 
3.99322e-05 -7.62091e-09 1.55632e-08 
3.99316e-05 -6.03752e-09 1.21693e-08 
3.99308e-05 -4.32982e-09 8.615e-09 
3.99299e-05 -2.85353e-09 5.55917e-09 
3.99292e-05 -1.69496e-09 3.17011e-09 
3.99286e-05 -8.57567e-10 1.45368e-09 
3.99282e-05 -3.08184e-10 3.38039e-10 
3.9928e-05 1.42703e-11 -3.04656e-10 
3.99278e-05 1.81182e-10 -6.22322e-10 
3.99277e-05 2.54279e-10 -7.43619e-10 
3.99276e-05 2.7684e-10 -7.60094e-10 
3.99276e-05 2.74734e-10 -7.26922e-10 
3.99275e-05 2.6141e-10 -6.73269e-10 
3.99275e-05 2.43715e-10 -6.13646e-10 
3.99275e-05 2.25079e-10 -5.55184e-10 
3.99275e-05 2.06781e-10 -5.00718e-10 
3.99275e-05 1.89227e-10 -4.51211e-10 
3.99275e-05 1.71129e-10 -4.05339e-10 
3.99275e-05 1.49428e-10 -3.5857e-10 
3.99275e-05 1.17276e-10 -2.95701e-10 
3.99276e-05 5.42961e-11 -1.89622e-10 
3.99275e-05 1.4243e-10 -3.11633e-10 
3.99276e-05 8.9513e-11 -2.59597e-10 
3.99275e-05 6.71173e-11 -2.2416e-10 
3.99274e-05 2.85751e-10 -5.92679e-10 
3.99274e-05 3.04474e-10 -7.37297e-10 
3.99275e-05 9.58723e-11 -3.82179e-10 
3.99276e-05 -6.241e-11 -8.07531e-11 
3.99279e-05 -4.20326e-10 5.00454e-10 
3.99288e-05 -1.61801e-09 1.93774e-09 
0.000124228 -3.06843e-06 -2.77372e-06 
0.000130557 -4.14101e-06 1.12461e-06 
0.000146035 -4.2261e-06 1.49475e-06 
0.00016231 -4.01632e-06 2.06214e-06 
0.000178882 -3.63915e-06 2.69124e-06 
0.000195495 -3.20332e-06 3.35041e-06 
0.000212116 -2.7593e-06 4.04155e-06 
0.000228811 -2.32211e-06 4.76973e-06 
0.000245692 -1.89366e-06 5.54234e-06 
0.000262865 -1.46387e-06 6.36679e-06 
0.000280404 -1.02125e-06 7.24816e-06 
0.000298382 -5.61027e-07 8.18667e-06 
0.000316852 -7.67696e-08 9.18959e-06 
0.000335852 4.40113e-07 1.02569e-05 
0.000355408 9.93175e-07 1.13928e-05 
0.000375527 1.58984e-06 1.25941e-05 
0.000396216 2.22841e-06 1.38631e-05 
0.00041747 2.91382e-06 1.51973e-05 
0.000439274 3.6473e-06 1.65938e-05 
0.000461616 4.42755e-06 1.80569e-05 
0.000484456 5.26504e-06 1.95769e-05 
0.000507748 6.15207e-06 2.11479e-05 
0.000531463 7.08461e-06 2.27693e-05 
0.000555557 8.06609e-06 2.44397e-05 
0.000579951 9.10368e-06 2.61382e-05 
0.000604586 1.01787e-05 2.78755e-05 
0.000629398 1.13016e-05 2.96255e-05 
0.0006543 1.24604e-05 3.13975e-05 
0.000679218 1.36588e-05 3.31612e-05 
0.00070406 1.48821e-05 3.49343e-05 
0.000728716 1.61463e-05 3.66797e-05 
0.000753082 1.74246e-05 3.83966e-05 
0.000777074 1.8715e-05 4.0077e-05 
0.000800543 2.00261e-05 4.17184e-05 
0.000823385 2.13444e-05 4.32851e-05 
0.000845484 2.26502e-05 4.47854e-05 
0.000866738 2.39452e-05 4.61966e-05 
0.000886998 2.5229e-05 4.75161e-05 
0.000906182 2.64745e-05 4.8735e-05 
0.00092415 2.77018e-05 4.98418e-05 
0.000940803 2.888e-05 5.08439e-05 
0.00095609 3.00099e-05 5.17002e-05 
0.000969892 3.10784e-05 5.24407e-05 
0.000982133 3.20895e-05 5.30726e-05 
0.000992816 3.30305e-05 5.3547e-05 
0.00100183 3.39071e-05 5.39083e-05 
0.00100923 3.4682e-05 5.41416e-05 
0.00101498 3.53853e-05 5.4263e-05 
0.00101916 3.59648e-05 5.4283e-05 
0.00102245 3.61382e-05 5.43442e-05 
0.00102463 3.79597e-05 5.51654e-05 
0.00012684 -4.17281e-06 6.73468e-07 
0.00014087 -4.03234e-06 1.05824e-06 
0.000155141 -3.80001e-06 1.5111e-06 
0.00016945 -3.4573e-06 2.02146e-06 
0.000183662 -3.06568e-06 2.56549e-06 
0.000197767 -2.66716e-06 3.13437e-06 
0.000211822 -2.27793e-06 3.72792e-06 
0.000225914 -1.90092e-06 4.35084e-06 
0.000240125 -1.52672e-06 5.00887e-06 
0.000254519 -1.14717e-06 5.70178e-06 
0.000269151 -7.6114e-07 6.4353e-06 
0.000284062 -3.58027e-07 7.21027e-06 
0.000299281 6.50967e-08 8.0302e-06 
0.000314829 5.1292e-07 8.89397e-06 
0.000330711 9.89027e-07 9.80357e-06 
0.000346935 1.4933e-06 1.07568e-05 
0.000363498 2.02806e-06 1.17539e-05 
0.000380392 2.5956e-06 1.27951e-05 
0.000397607 3.19559e-06 1.38756e-05 
0.000415117 3.83113e-06 1.49949e-05 
0.0004329 4.49794e-06 1.61474e-05 
0.000450933 5.19396e-06 1.73306e-05 
0.000469179 5.9252e-06 1.85465e-05 
0.000487603 6.68669e-06 1.97846e-05 
0.000506164 7.47825e-06 2.10373e-05 
0.000524821 8.28726e-06 2.23036e-05 
0.000543513 9.13344e-06 2.35801e-05 
0.000562199 9.99011e-06 2.48613e-05 
0.00058082 1.08777e-05 2.61355e-05 
0.000599299 1.17786e-05 2.74015e-05 
0.000617586 1.26908e-05 2.86456e-05 
0.0006356 1.36169e-05 2.9878e-05 
0.000653267 1.45608e-05 3.10629e-05 
0.000670498 1.54907e-05 3.22127e-05 
0.000687224 1.64296e-05 3.33208e-05 
0.000703374 1.73573e-05 3.43801e-05 
0.000718866 1.82841e-05 3.53681e-05 
0.000733594 1.91923e-05 3.63064e-05 
0.000747505 2.00884e-05 3.71578e-05 
0.000760488 2.09598e-05 3.79301e-05 
0.000772525 2.17755e-05 3.86252e-05 
0.000783522 2.25912e-05 3.92428e-05 
0.000793409 2.3365e-05 3.97484e-05 
0.000802142 2.40699e-05 4.01947e-05 
0.000809708 2.47647e-05 4.05304e-05 
0.000816066 2.53748e-05 4.07879e-05 
0.000821202 2.59573e-05 4.09568e-05 
0.000825125 2.64574e-05 4.10626e-05 
0.000828107 2.68342e-05 4.11412e-05 
0.000829146 2.82109e-05 4.15134e-05 
0.000124876 -3.85111e-06 3.21748e-07 
0.000137324 -3.73238e-06 7.16875e-07 
0.000149912 -3.46339e-06 1.11939e-06 
0.000162371 -3.12102e-06 1.55007e-06 
0.000174618 -2.75417e-06 2.00198e-06 
0.000186671 -2.39081e-06 2.47037e-06 
0.000198592 -2.04032e-06 2.95494e-06 
0.000210455 -1.70263e-06 3.45833e-06 
0.000222327 -1.37064e-06 3.98227e-06 
0.000234262 -1.04071e-06 4.53008e-06 
0.000246307 -7.07241e-07 5.10254e-06 
0.000258491 -3.64766e-07 5.70324e-06 
0.00027084 -1.05095e-08 6.32961e-06 
0.000283371 3.56564e-07 6.98432e-06 
0.000296089 7.4239e-07 7.66619e-06 
0.000309004 1.14216e-06 8.37432e-06 
0.000322118 1.56072e-06 9.10831e-06 
0.000335423 1.99939e-06 9.86646e-06 
0.000348918 2.4536e-06 1.06485e-05 
0.00036259 2.93001e-06 1.14499e-05 
0.000376426 3.42162e-06 1.22692e-05 
0.000390411 3.93155e-06 1.31087e-05 
0.000404526 4.46176e-06 1.39562e-05 
0.000418739 5.00529e-06 1.48177e-05 
0.000433034 5.56509e-06 1.56895e-05 
0.000447393 6.13656e-06 1.65662e-05 
0.000461766 6.73132e-06 1.74419e-05 
0.000476122 7.32953e-06 1.83183e-05 
0.000490427 7.94363e-06 1.91916e-05 
0.000504635 8.56928e-06 2.00531e-05 
0.000518707 9.19714e-06 2.09057e-05 
0.000532582 9.84539e-06 2.17394e-05 
0.000546217 1.0486e-05 2.25549e-05 
0.000559564 1.11359e-05 2.33431e-05 
0.000572551 1.17893e-05 2.40986e-05 
0.000585119 1.2438e-05 2.48269e-05 
0.000597234 1.30787e-05 2.55173e-05 
0.000608813 1.37267e-05 2.61566e-05 
0.000619791 1.43514e-05 2.67628e-05 
0.000630131 1.4974e-05 2.73107e-05 
0.000639776 1.55675e-05 2.78154e-05 
0.00064866 1.61655e-05 2.8259e-05 
0.000656735 1.67229e-05 2.86532e-05 
0.000663957 1.72739e-05 2.89813e-05 
0.000670294 1.77794e-05 2.92521e-05 
0.000675721 1.82622e-05 2.94725e-05 
0.000680212 1.87205e-05 2.96304e-05 
0.000683728 1.9144e-05 2.97397e-05 
0.000686395 1.94917e-05 2.98191e-05 
0.000687231 2.08469e-05 3.00383e-05 
0.000123934 -3.44434e-06 1.76205e-07 
0.000134875 -3.35918e-06 5.36556e-07 
0.000145932 -3.08762e-06 9.0983e-07 
0.000156788 -2.74813e-06 1.29532e-06 
0.000167365 -2.39717e-06 1.69091e-06 
0.000177693 -2.05765e-06 2.09524e-06 
0.000187838 -1.73452e-06 2.50822e-06 
0.000197864 -1.42541e-06 2.93228e-06 
0.000207831 -1.12597e-06 3.36808e-06 
0.000217785 -8.31314e-07 3.81761e-06 
0.000227765 -5.38238e-07 4.28296e-06 
0.000237798 -2.41636e-07 4.76218e-06 
0.000247908 5.67183e-08 5.25734e-06 
0.00025811 3.62877e-07 5.76863e-06 
0.000268414 6.76742e-07 6.29315e-06 
0.000278831 9.95477e-07 6.83187e-06 
0.000289366 1.32419e-06 7.38455e-06 
0.000300016 1.6628e-06 7.94937e-06 
0.000310785 2.0082e-06 8.52563e-06 
0.000321669 2.36283e-06 9.11073e-06 
0.000332659 2.72679e-06 9.70731e-06 
0.00034375 3.10127e-06 1.03083e-05 
0.000354926 3.48203e-06 1.09201e-05 
0.00036618 3.87488e-06 1.15317e-05 
0.000377487 4.27385e-06 1.2146e-05 
0.000388835 4.67884e-06 1.27664e-05 
0.000400204 5.09766e-06 1.3384e-05 
0.000411564 5.52117e-06 1.39994e-05 
0.000422888 5.95465e-06 1.46115e-05 
0.000434152 6.39112e-06 1.52144e-05 
0.000445317 6.837e-06 1.58129e-05 
0.000456349 7.29098e-06 1.63954e-05 
0.000467208 7.74385e-06 1.69656e-05 
0.000477862 8.20232e-06 1.75206e-05 
0.000488259 8.66709e-06 1.80582e-05 
0.000498356 9.13421e-06 1.85676e-05 
0.000508109 9.59269e-06 1.90584e-05 
0.000517475 1.00588e-05 1.95252e-05 
0.000526397 1.05245e-05 1.9956e-05 
0.000534836 1.09742e-05 2.03574e-05 
0.00054275 1.14226e-05 2.07268e-05 
0.000550089 1.18645e-05 2.1057e-05 
0.000556802 1.22949e-05 2.13545e-05 
0.000562869 1.27088e-05 2.16052e-05 
0.000568239 1.3108e-05 2.18266e-05 
0.000572897 1.34941e-05 2.20001e-05 
0.000576788 1.38651e-05 2.21471e-05 
0.000579888 1.42246e-05 2.22548e-05 
0.000582273 1.45302e-05 2.2326e-05 
0.000582901 1.58637e-05 2.24764e-05 
0.000123323 -3.00984e-06 1.69213e-07 
0.000132902 -2.92813e-06 4.98816e-07 
0.000142544 -2.65743e-06 8.44522e-07 
0.000151945 -2.32738e-06 1.19604e-06 
0.00016104 -1.99458e-06 1.54885e-06 
0.000169864 -1.67893e-06 1.90232e-06 
0.00017848 -1.38339e-06 2.25767e-06 
0.000186946 -1.10377e-06 2.61618e-06 
0.000195317 -8.37913e-07 2.97937e-06 
0.000203635 -5.80178e-07 3.34789e-06 
0.000211932 -3.28473e-07 3.72199e-06 
0.000220238 -8.08633e-08 4.10286e-06 
0.000228574 1.65218e-07 4.49101e-06 
0.000236956 4.11892e-07 4.88462e-06 
0.000245397 6.57823e-07 5.2845e-06 
0.000253909 9.05382e-07 5.69176e-06 
0.000262499 1.15626e-06 6.10392e-06 
0.000271169 1.40984e-06 6.52105e-06 
0.000279922 1.66555e-06 6.94376e-06 
0.000288761 1.92523e-06 7.3727e-06 
0.000297681 2.19192e-06 7.80455e-06 
0.000306678 2.46009e-06 8.24067e-06 
0.000315745 2.73573e-06 8.67761e-06 
0.000324872 3.01324e-06 9.1198e-06 
0.000334053 3.299e-06 9.56241e-06 
0.000343267 3.59139e-06 1.00054e-05 
0.000352503 3.8865e-06 1.04467e-05 
0.000361739 4.18994e-06 1.08895e-05 
0.000370957 4.5002e-06 1.13268e-05 
0.000380137 4.81078e-06 1.17617e-05 
0.000389248 5.13462e-06 1.21897e-05 
0.000398263 5.45841e-06 1.26113e-05 
0.000407155 5.7894e-06 1.30256e-05 
0.000415892 6.12509e-06 1.34292e-05 
0.000424437 6.46662e-06 1.38191e-05 
0.000432758 6.80705e-06 1.41964e-05 
0.000440817 7.15418e-06 1.45583e-05 
0.000448573 7.50264e-06 1.48992e-05 
0.000455983 7.85033e-06 1.52253e-05 
0.000463022 8.19609e-06 1.55295e-05 
0.000469647 8.54191e-06 1.581e-05 
0.000475818 8.88306e-06 1.60676e-05 
0.000481497 9.22229e-06 1.62937e-05 
0.000486653 9.54594e-06 1.65012e-05 
0.000491253 9.87446e-06 1.6675e-05 
0.00049526 1.01854e-05 1.68299e-05 
0.000498638 1.05039e-05 1.69508e-05 
0.000501339 1.08008e-05 1.70457e-05 
0.000503444 1.10667e-05 1.71234e-05 
0.000503896 1.2349e-05 1.7216e-05 
0.000122603 -2.56496e-06 2.44444e-07 
0.000130941 -2.4728e-06 5.46442e-07 
0.00013928 -2.20758e-06 8.6076e-07 
0.000147359 -1.89892e-06 1.17424e-06 
0.000155136 -1.59608e-06 1.4823e-06 
0.000162648 -1.3144e-06 1.78436e-06 
0.000169955 -1.0551e-06 2.08199e-06 
0.000177109 -8.14354e-07 2.37654e-06 
0.000184159 -5.8975e-07 2.66951e-06 
0.000191145 -3.76587e-07 2.96207e-06 
0.000198096 -1.72943e-07 3.25482e-06 
0.00020504 2.4037e-08 3.54848e-06 
0.000211996 2.15857e-07 3.84321e-06 
0.000218982 4.03277e-07 4.13964e-06 
0.00022601 5.88732e-07 4.43891e-06 
0.000233092 7.73256e-07 4.73965e-06 
0.000240234 9.56296e-07 5.04305e-06 
0.000247442 1.14102e-06 5.34968e-06 
0.000254719 1.32637e-06 5.65845e-06 
0.000262066 1.51377e-06 5.96934e-06 
0.000269481 1.70321e-06 6.28237e-06 
0.000276962 1.89547e-06 6.59882e-06 
0.000284504 2.0922e-06 6.9183e-06 
0.000292101 2.29356e-06 7.23857e-06 
0.000299744 2.49742e-06 7.56013e-06 
0.00030742 2.70806e-06 7.88253e-06 
0.000315118 2.92177e-06 8.2073e-06 
0.000322823 3.14473e-06 8.52948e-06 
0.000330516 3.3691e-06 8.85118e-06 
0.000338183 3.59989e-06 9.17335e-06 
0.000345804 3.8378e-06 9.48912e-06 
0.00035335 4.08046e-06 9.80355e-06 
0.0003608 4.32929e-06 1.01118e-05 
0.00036813 4.58092e-06 1.04124e-05 
0.000375308 4.83975e-06 1.07078e-05 
0.00038231 5.10142e-06 1.09932e-05 
0.000389103 5.36781e-06 1.12666e-05 
0.000395652 5.63728e-06 1.15321e-05 
0.000401926 5.91217e-06 1.17798e-05 
0.000407892 6.18265e-06 1.20151e-05 
0.000413521 6.45681e-06 1.22364e-05 
0.000418781 6.73127e-06 1.24399e-05 
0.00042364 7.0026e-06 1.26269e-05 
0.000428066 7.27451e-06 1.27934e-05 
0.000432032 7.53933e-06 1.29387e-05 
0.000435495 7.80615e-06 1.30643e-05 
0.000438422 8.06967e-06 1.31704e-05 
0.000440776 8.32429e-06 1.32558e-05 
0.000442619 8.56183e-06 1.33247e-05 
0.00044292 9.7597e-06 1.33854e-05 
0.000121523 -2.13531e-06 3.55791e-07 
0.000128741 -2.03347e-06 6.24605e-07 
0.000135908 -1.7858e-06 8.9904e-07 
0.000142821 -1.51271e-06 1.16666e-06 
0.000149461 -1.25228e-06 1.4237e-06 
0.000155865 -1.01511e-06 1.67083e-06 
0.000162087 -8.00962e-07 1.90933e-06 
0.000168175 -6.06076e-07 2.1413e-06 
0.000174172 -4.27677e-07 2.36852e-06 
0.000180111 -2.61826e-07 2.59181e-06 
0.00018602 -1.06544e-07 2.8127e-06 
0.000191924 4.0851e-08 3.03149e-06 
0.000197839 1.82225e-07 3.24985e-06 
0.00020378 3.18926e-07 3.4683e-06 
0.000209759 4.53376e-07 3.68708e-06 
0.000215786 5.84896e-07 3.90698e-06 
0.000221867 7.15567e-07 4.12818e-06 
0.000228005 8.47446e-07 4.35099e-06 
0.000234204 9.7845e-07 4.57565e-06 
0.000240464 1.112e-06 4.8034e-06 
0.000246786 1.24779e-06 5.03339e-06 
0.000253164 1.38713e-06 5.26554e-06 
0.000259593 1.52939e-06 5.49935e-06 
0.000266071 1.67448e-06 5.73555e-06 
0.000272588 1.82403e-06 5.97479e-06 
0.000279137 1.97901e-06 6.21425e-06 
0.000285703 2.13928e-06 6.45605e-06 
0.000292276 2.30397e-06 6.6981e-06 
0.000298842 2.47343e-06 6.94019e-06 
0.000305383 2.64983e-06 7.18212e-06 
0.000311887 2.82897e-06 7.42415e-06 
0.000318332 3.01792e-06 7.66295e-06 
0.000324696 3.20887e-06 7.89846e-06 
0.000330962 3.40441e-06 8.13162e-06 
0.000337101 3.60979e-06 8.35951e-06 
0.000343093 3.81438e-06 8.58034e-06 
0.000348911 4.02599e-06 8.797e-06 
0.000354525 4.24496e-06 9.00409e-06 
0.000359909 4.46289e-06 9.20265e-06 
0.000365037 4.68523e-06 9.39119e-06 
0.000369879 4.91062e-06 9.56839e-06 
0.000374406 5.13645e-06 9.73491e-06 
0.000378597 5.3617e-06 9.88622e-06 
0.000382421 5.58744e-06 1.00246e-05 
0.000385854 5.81081e-06 1.01494e-05 
0.00038886 6.03963e-06 1.02575e-05 
0.000391402 6.26668e-06 1.0348e-05 
0.000393448 6.48458e-06 1.04218e-05 
0.000395055 6.69364e-06 1.04875e-05 
0.000395234 7.8108e-06 1.05242e-05 
0.000120004 -1.75461e-06 4.5938e-07 
0.000126246 -1.65141e-06 6.87191e-07 
0.000132407 -1.43456e-06 9.14279e-07 
0.00013834 -1.20737e-06 1.13091e-06 
0.000144043 -9.96789e-07 1.33484e-06 
0.000149554 -8.08976e-07 1.52668e-06 
0.000154918 -6.42949e-07 1.70915e-06 
0.000160177 -4.94568e-07 1.88372e-06 
0.000165367 -3.61273e-07 2.05246e-06 
0.000170515 -2.40007e-07 2.21672e-06 
0.000175647 -1.27924e-07 2.37785e-06 
0.00018078 -2.32886e-08 2.53709e-06 
0.00018593 7.68221e-08 2.69504e-06 
0.000191108 1.72851e-07 2.85297e-06 
0.000196323 2.66431e-07 3.01063e-06 
0.000201582 3.58146e-07 3.16947e-06 
0.000206891 4.49679e-07 3.33026e-06 
0.00021225 5.42585e-07 3.49256e-06 
0.000217664 6.35674e-07 3.65757e-06 
0.00022313 7.31684e-07 3.82418e-06 
0.000228647 8.29308e-07 3.99367e-06 
0.000234212 9.30541e-07 4.16574e-06 
0.000239821 1.03486e-06 4.34056e-06 
0.000245469 1.14306e-06 4.51807e-06 
0.000251148 1.2562e-06 4.69814e-06 
0.00025685 1.37291e-06 4.88108e-06 
0.000262566 1.49646e-06 5.06486e-06 
0.000268283 1.62293e-06 5.25057e-06 
0.000273992 1.75519e-06 5.43812e-06 
0.000279678 1.89347e-06 5.62503e-06 
0.000285325 2.03605e-06 5.81345e-06 
0.00029092 2.1847e-06 6.00007e-06 
0.000296445 2.33737e-06 6.18596e-06 
0.000301882 2.49612e-06 6.37015e-06 
0.00030721 2.6608e-06 6.54935e-06 
0.000312408 2.82736e-06 6.72792e-06 
0.000317456 3.00287e-06 6.90044e-06 
0.000322325 3.18148e-06 7.06733e-06 
0.000326996 3.36258e-06 7.22838e-06 
0.000331444 3.54896e-06 7.38386e-06 
0.000335646 3.7375e-06 7.52929e-06 
0.000339574 3.92922e-06 7.66671e-06 
0.000343212 4.11856e-06 7.79467e-06 
0.000346533 4.31241e-06 7.91165e-06 
0.000349511 4.50551e-06 8.0181e-06 
0.000352122 4.70102e-06 8.11022e-06 
0.000354327 4.8982e-06 8.19105e-06 
0.000356107 5.0859e-06 8.25518e-06 
0.000357504 5.27137e-06 8.31504e-06 
0.000357587 6.30739e-06 8.33135e-06 
0.000118125 -1.4512e-06 5.24197e-07 
0.000123559 -1.35549e-06 7.06119e-07 
0.0001289 -1.17787e-06 8.83534e-07 
0.000134052 -1e-06 1.04917e-06 
0.000139023 -8.39823e-07 1.20227e-06 
0.000143849 -7.00147e-07 1.34425e-06 
0.000148567 -5.78616e-07 1.47704e-06 
0.000153211 -4.72541e-07 1.60267e-06 
0.000157808 -3.78733e-07 1.72293e-06 
0.000162382 -2.95018e-07 1.83922e-06 
0.000166952 -2.18439e-07 1.95306e-06 
0.000171532 -1.47539e-07 2.06536e-06 
0.000176132 -8.00166e-08 2.17708e-06 
0.000180762 -1.51684e-08 2.28852e-06 
0.000185428 4.7954e-08 2.40128e-06 
0.000190135 1.11221e-07 2.51548e-06 
0.000194885 1.74827e-07 2.63107e-06 
0.000199679 2.39822e-07 2.74913e-06 
0.000204517 3.06534e-07 2.86985e-06 
0.000209399 3.75341e-07 2.99325e-06 
0.000214322 4.4758e-07 3.1197e-06 
0.000219282 5.23377e-07 3.24938e-06 
0.000224276 6.02422e-07 3.38178e-06 
0.000229297 6.857e-07 3.51753e-06 
0.000234339 7.73608e-07 3.65578e-06 
0.000239395 8.65666e-07 3.79719e-06 
0.000244456 9.626e-07 3.94056e-06 
0.000249512 1.06438e-06 4.08648e-06 
0.000254554 1.17129e-06 4.23366e-06 
0.000259569 1.28298e-06 4.38313e-06 
0.000264545 1.40056e-06 4.53245e-06 
0.00026947 1.5215e-06 4.68232e-06 
0.000274327 1.64857e-06 4.83241e-06 
0.000279103 1.78033e-06 4.98094e-06 
0.00028378 1.91673e-06 5.12872e-06 
0.00028834 2.05891e-06 5.27318e-06 
0.000292762 2.20498e-06 5.41481e-06 
0.000297027 2.35647e-06 5.55324e-06 
0.000301113 2.51163e-06 5.68767e-06 
0.000305 2.67152e-06 5.81569e-06 
0.000308668 2.83179e-06 5.93921e-06 
0.000312096 2.99804e-06 6.05528e-06 
0.000315265 3.16253e-06 6.16507e-06 
0.000318156 3.33032e-06 6.26566e-06 
0.000320746 3.49893e-06 6.35677e-06 
0.000323012 3.66826e-06 6.43857e-06 
0.000324925 3.84187e-06 6.50728e-06 
0.000326465 4.00212e-06 6.56549e-06 
0.000327682 4.16526e-06 6.61943e-06 
0.000327689 5.12758e-06 6.62409e-06 
0.00011606 -1.2388e-06 5.35892e-07 
0.000120863 -1.15641e-06 6.72174e-07 
0.000125575 -1.01967e-06 8.02482e-07 
0.000130139 -8.8858e-07 9.21851e-07 
0.00013457 -7.73973e-07 1.03031e-06 
0.000138898 -6.7636e-07 1.12933e-06 
0.000143153 -5.93369e-07 1.22081e-06 
0.000147361 -5.22582e-07 1.30631e-06 
0.000151542 -4.61216e-07 1.38754e-06 
0.000155716 -4.07375e-07 1.4661e-06 
0.000159895 -3.58574e-07 1.54267e-06 
0.00016409 -3.13573e-07 1.6188e-06 
0.000168307 -2.70548e-07 1.69481e-06 
0.000172554 -2.29052e-07 1.77166e-06 
0.000176832 -1.87173e-07 1.84999e-06 
0.000181146 -1.44969e-07 1.92995e-06 
0.000185495 -1.01361e-07 2.01297e-06 
0.000189879 -5.5125e-08 2.0983e-06 
0.000194297 -6.83912e-09 2.18652e-06 
0.000198747 4.43254e-08 2.27856e-06 
0.000203226 9.93446e-08 2.37361e-06 
0.00020773 1.5816e-07 2.47208e-06 
0.000212255 2.20202e-07 2.57414e-06 
0.000216795 2.87191e-07 2.67954e-06 
0.000221345 3.58049e-07 2.78804e-06 
0.000225897 4.34046e-07 2.8999e-06 
0.000230444 5.13997e-07 3.01472e-06 
0.000234977 5.99378e-07 3.13198e-06 
0.000239488 6.89109e-07 3.2518e-06 
0.000243966 7.84057e-07 3.37268e-06 
0.0002484 8.83172e-07 3.49565e-06 
0.000252781 9.86924e-07 3.61955e-06 
0.000257096 1.09578e-06 3.74316e-06 
0.000261331 1.20852e-06 3.86728e-06 
0.000265472 1.32623e-06 3.98966e-06 
0.000269504 1.44779e-06 4.11079e-06 
0.000273409 1.57484e-06 4.23047e-06 
0.000277169 1.70676e-06 4.34679e-06 
0.000280765 1.842e-06 4.46005e-06 
0.000284179 1.9809e-06 4.57011e-06 
0.000287394 2.1237e-06 4.67692e-06 
0.000290392 2.26927e-06 4.77769e-06 
0.000293158 2.41498e-06 4.87223e-06 
0.000295675 2.56212e-06 4.96101e-06 
0.000297926 2.71113e-06 5.04218e-06 
0.00029989 2.86092e-06 5.11381e-06 
0.000301543 3.01236e-06 5.17601e-06 
0.000302874 3.15148e-06 5.22543e-06 
0.00030393 3.29189e-06 5.27738e-06 
0.000303877 4.19068e-06 5.27173e-06 
0.000114018 -1.11674e-06 4.94327e-07 
0.000118361 -1.04961e-06 5.88717e-07 
0.000122621 -9.50702e-07 6.77572e-07 
0.00012677 -8.60305e-07 7.5724e-07 
0.000130826 -7.84256e-07 8.28137e-07 
0.000134815 -7.21644e-07 8.91533e-07 
0.000138759 -6.7026e-07 9.48933e-07 
0.000142678 -6.28084e-07 1.00203e-06 
0.000146587 -5.92548e-07 1.05194e-06 
0.000150499 -5.62044e-07 1.10002e-06 
0.000154422 -5.3498e-07 1.14733e-06 
0.000158363 -5.09431e-07 1.19475e-06 
0.000162326 -4.84971e-07 1.24285e-06 
0.000166314 -4.60203e-07 1.29271e-06 
0.000170329 -4.34038e-07 1.34445e-06 
0.00017437 -4.06433e-07 1.39917e-06 
0.000178437 -3.76015e-07 1.45644e-06 
0.000182527 -3.43088e-07 1.51728e-06 
0.000186639 -3.06854e-07 1.58177e-06 
0.000190769 -2.66874e-07 1.64975e-06 
0.000194914 -2.23237e-07 1.72197e-06 
0.000199071 -1.75142e-07 1.79797e-06 
0.000203233 -1.23115e-07 1.87818e-06 
0.000207397 -6.63954e-08 1.96209e-06 
0.000211557 -5.41856e-09 2.05e-06 
0.000215706 6.06144e-08 2.14097e-06 
0.000219838 1.30669e-07 2.23563e-06 
0.000223945 2.05607e-07 2.33317e-06 
0.00022802 2.85016e-07 2.43319e-06 
0.000232055 3.68725e-07 2.53584e-06 
0.000236041 4.57273e-07 2.63979e-06 
0.000239968 5.49205e-07 2.745e-06 
0.000243827 6.45392e-07 2.85114e-06 
0.000247607 7.45825e-07 2.95687e-06 
0.000251295 8.49704e-07 3.06292e-06 
0.00025488 9.57944e-07 3.16743e-06 
0.000258345 1.07119e-06 3.27021e-06 
0.000261674 1.18793e-06 3.37112e-06 
0.00026485 1.30943e-06 3.47048e-06 
0.000267856 1.43483e-06 3.56723e-06 
0.000270677 1.56326e-06 3.65974e-06 
0.000273299 1.69281e-06 3.74919e-06 
0.00027571 1.82369e-06 3.83439e-06 
0.000277896 1.95628e-06 3.91373e-06 
0.000279843 2.0887e-06 3.98604e-06 
0.000281536 2.22115e-06 4.0513e-06 
0.000282957 2.35509e-06 4.10678e-06 
0.000284101 2.4737e-06 4.15249e-06 
0.000285014 2.59678e-06 4.20096e-06 
0.000284909 3.43735e-06 4.18871e-06 
0.000112199 -1.07506e-06 4.06369e-07 
0.000116235 -1.02312e-06 4.64582e-07 
0.000120197 -9.56696e-07 5.18064e-07 
0.000124078 -9.00381e-07 5.64255e-07 
0.0001279 -8.56105e-07 6.03669e-07 
0.000131682 -8.22258e-07 6.37259e-07 
0.000135442 -7.96721e-07 6.66399e-07 
0.000139193 -7.77625e-07 6.92264e-07 
0.000142945 -7.62986e-07 7.16221e-07 
0.000146707 -7.5113e-07 7.39241e-07 
0.000150482 -7.4082e-07 7.62323e-07 
0.000154275 -7.3063e-07 7.86066e-07 
0.000158086 -7.19897e-07 8.11745e-07 
0.000161916 -7.07309e-07 8.39577e-07 
0.000165763 -6.92497e-07 8.70229e-07 
0.000169625 -6.74655e-07 9.04238e-07 
0.0001735 -6.53568e-07 9.42185e-07 
0.000177385 -6.2854e-07 9.84007e-07 
0.000181276 -5.9956e-07 1.03027e-06 
0.00018517 -5.66228e-07 1.0813e-06 
0.000189063 -5.28192e-07 1.13674e-06 
0.000192949 -4.85683e-07 1.19692e-06 
0.000196825 -4.38447e-07 1.26175e-06 
0.000200686 -3.86618e-07 1.33121e-06 
0.000204528 -3.30045e-07 1.40487e-06 
0.000208343 -2.68908e-07 1.48277e-06 
0.000212128 -2.03051e-07 1.56428e-06 
0.000215875 -1.32979e-07 1.64938e-06 
0.000219579 -5.86117e-08 1.73747e-06 
0.000223233 1.98618e-08 1.82781e-06 
0.00022683 1.02027e-07 1.92039e-06 
0.000230364 1.87691e-07 2.01445e-06 
0.000233826 2.76949e-07 2.10937e-06 
0.000237209 3.69095e-07 2.20445e-06 
0.000240503 4.64624e-07 2.29841e-06 
0.000243696 5.62899e-07 2.39195e-06 
0.000246776 6.66016e-07 2.48384e-06 
0.000249726 7.72896e-07 2.57417e-06 
0.000252531 8.84903e-07 2.66298e-06 
0.000255174 9.99789e-07 2.74969e-06 
0.000257644 1.11732e-06 2.83482e-06 
0.000259929 1.23702e-06 2.91621e-06 
0.000262018 1.35709e-06 2.99444e-06 
0.000263904 1.47694e-06 3.06737e-06 
0.000265575 1.59597e-06 3.13456e-06 
0.000267022 1.71471e-06 3.19429e-06 
0.00026823 1.8323e-06 3.24541e-06 
0.000269202 1.93455e-06 3.28734e-06 
0.000269987 2.03918e-06 3.33314e-06 
0.000269836 2.82947e-06 3.31614e-06 
0.000110773 -1.10193e-06 2.80527e-07 
0.000114635 -1.06397e-06 3.07515e-07 
0.00011843 -1.02529e-06 3.30724e-07 
0.00012217 -9.97426e-07 3.48276e-07 
0.000125875 -9.79708e-07 3.60391e-07 
0.000129563 -9.7005e-07 3.6807e-07 
0.000133245 -9.66285e-07 3.72311e-07 
0.00013693 -9.66744e-07 3.74376e-07 
0.000140625 -9.69505e-07 3.75246e-07 
0.000144331 -9.7328e-07 3.75998e-07 
0.000148052 -9.76817e-07 3.77576e-07 
0.000151785 -9.78967e-07 3.8093e-07 
0.00015553 -9.78636e-07 3.86631e-07 
0.000159283 -9.75365e-07 3.95757e-07 
0.000163041 -9.6831e-07 4.08657e-07 
0.0001668 -9.56951e-07 4.25806e-07 
0.000170556 -9.40971e-07 4.4785e-07 
0.000174304 -9.20189e-07 4.7521e-07 
0.000178039 -8.93959e-07 5.08113e-07 
0.000181758 -8.62567e-07 5.46518e-07 
0.000185455 -8.25937e-07 5.90819e-07 
0.000189126 -7.83796e-07 6.40853e-07 
0.000192767 -7.36491e-07 6.96485e-07 
0.000196373 -6.84085e-07 7.57583e-07 
0.00019994 -6.26876e-07 8.23939e-07 
0.000203465 -5.64821e-07 8.95007e-07 
0.000206942 -4.98362e-07 9.70545e-07 
0.000210367 -4.27642e-07 1.04989e-06 
0.000213737 -3.53173e-07 1.13273e-06 
0.000217045 -2.75128e-07 1.21855e-06 
0.000220288 -1.93597e-07 1.30646e-06 
0.000223461 -1.09564e-07 1.39599e-06 
0.000226559 -2.28898e-08 1.4864e-06 
0.000229577 6.54749e-08 1.57662e-06 
0.000232509 1.55607e-07 1.66588e-06 
0.000235346 2.48381e-07 1.75323e-06 
0.000238075 3.44316e-07 1.83856e-06 
0.000240682 4.44488e-07 1.92237e-06 
0.000243148 5.49927e-07 2.00475e-06 
0.00024546 6.58326e-07 2.08616e-06 
0.000247606 7.69544e-07 2.16556e-06 
0.000249577 8.81462e-07 2.24329e-06 
0.000251367 9.93859e-07 2.31725e-06 
0.00025297 1.10395e-06 2.38725e-06 
0.000254384 1.21219e-06 2.45112e-06 
0.0002556 1.31808e-06 2.5078e-06 
0.00025661 1.42161e-06 2.55566e-06 
0.000257422 1.50929e-06 2.59458e-06 
0.000258087 1.59678e-06 2.63915e-06 
0.000257897 2.34119e-06 2.6176e-06 
0.000109882 -1.18782e-06 1.22558e-07 
0.000113684 -1.16305e-06 1.21783e-07 
0.000117426 -1.14873e-06 1.17997e-07 
0.000121134 -1.14576e-06 1.09385e-07 
0.000124828 -1.15163e-06 9.628e-08 
0.000128521 -1.16365e-06 7.94445e-08 
0.000132222 -1.17974e-06 5.99205e-08 
0.000135936 -1.198e-06 3.88416e-08 
0.000139663 -1.21685e-06 1.72612e-08 
0.000143402 -1.23482e-06 -3.71562e-09 
0.000147152 -1.25073e-06 -2.30344e-08 
0.000150907 -1.26339e-06 -3.96512e-08 
0.000154662 -1.27189e-06 -5.26105e-08 
0.000158412 -1.27546e-06 -6.13078e-08 
0.00016215 -1.27357e-06 -6.44237e-08 
0.00016587 -1.26558e-06 -6.16072e-08 
0.000169565 -1.25101e-06 -5.21837e-08 
0.000173229 -1.22996e-06 -3.57633e-08 
0.000176857 -1.20211e-06 -1.21646e-08 
0.000180442 -1.16785e-06 1.89656e-08 
0.000183981 -1.1268e-06 5.76414e-08 
0.000187468 -1.0795e-06 1.03602e-07 
0.0001909 -1.02615e-06 1.56816e-07 
0.000194274 -9.67155e-07 2.16793e-07 
0.000197586 -9.02951e-07 2.8316e-07 
0.000200834 -8.3389e-07 3.55469e-07 
0.000204015 -7.60328e-07 4.33017e-07 
0.000207128 -6.82971e-07 5.15127e-07 
0.00021017 -6.02146e-07 6.01043e-07 
0.000213139 -5.1838e-07 6.90154e-07 
0.000216032 -4.32175e-07 7.81701e-07 
0.000218849 -3.44174e-07 8.74891e-07 
0.000221587 -2.54972e-07 9.68603e-07 
0.000224245 -1.65785e-07 1.06188e-06 
0.000226822 -7.67054e-08 1.15325e-06 
0.000229314 1.26853e-08 1.24114e-06 
0.00023171 1.0413e-07 1.32511e-06 
0.000233992 2.00045e-07 1.40605e-06 
0.000236139 3.01702e-07 1.48562e-06 
0.000238134 4.07266e-07 1.56474e-06 
0.00023997 5.14871e-07 1.64314e-06 
0.000241638 6.23472e-07 1.7198e-06 
0.000243135 7.30569e-07 1.79418e-06 
0.000244464 8.34086e-07 1.86376e-06 
0.000245627 9.32389e-07 1.92694e-06 
0.000246621 1.02695e-06 1.98287e-06 
0.000247442 1.11772e-06 2.03019e-06 
0.000248098 1.19466e-06 2.06915e-06 
0.000248642 1.27102e-06 2.11656e-06 
0.000248412 1.96875e-06 2.09413e-06 
0.000109647 -1.32834e-06 -6.60044e-08 
0.000113494 -1.31689e-06 -9.34405e-08 
0.000117288 -1.32594e-06 -1.23659e-07 
0.000121067 -1.34707e-06 -1.58518e-07 
0.00012485 -1.37613e-06 -1.97769e-07 
0.000128649 -1.41008e-06 -2.40573e-07 
0.000132466 -1.44654e-06 -2.85886e-07 
0.000136302 -1.48352e-06 -3.32505e-07 
0.000140154 -1.51929e-06 -3.79143e-07 
0.000144017 -1.55222e-06 -4.24456e-07 
0.000147882 -1.58086e-06 -4.67035e-07 
0.000151741 -1.60389e-06 -5.05539e-07 
0.000155585 -1.62026e-06 -5.38683e-07 
0.000159403 -1.62895e-06 -5.64776e-07 
0.000163185 -1.62895e-06 -5.83166e-07 
0.000166922 -1.6203e-06 -5.92498e-07 
0.000170603 -1.60203e-06 -5.92058e-07 
0.000174222 -1.57466e-06 -5.81382e-07 
0.00017777 -1.5379e-06 -5.59893e-07 
0.000181242 -1.49227e-06 -5.2772e-07 
0.000184632 -1.43797e-06 -4.8501e-07 
0.000187938 -1.37597e-06 -4.32128e-07 
0.000191156 -1.30652e-06 -3.69527e-07 
0.000194284 -1.23071e-06 -2.97858e-07 
0.000197322 -1.14918e-06 -2.18038e-07 
0.00020027 -1.0627e-06 -1.31002e-07 
0.000203128 -9.72177e-07 -3.77418e-08 
0.000205898 -8.78398e-07 6.07728e-08 
0.00020858 -7.81977e-07 1.6348e-07 
0.000211176 -6.83614e-07 2.69267e-07 
0.000213686 -5.84033e-07 3.77209e-07 
0.000216112 -4.84071e-07 4.86359e-07 
0.000218457 -3.84665e-07 5.95896e-07 
0.000220724 -2.87293e-07 7.04397e-07 
0.000222918 -1.93417e-07 8.09654e-07 
0.000225045 -1.03647e-07 9.08532e-07 
0.000227099 -1.51314e-08 9.98884e-07 
0.000229057 7.75646e-08 1.08214e-06 
0.000230887 1.78747e-07 1.16318e-06 
0.000232567 2.85583e-07 1.24471e-06 
0.000234089 3.93635e-07 1.32588e-06 
0.00023545 5.01442e-07 1.40535e-06 
0.000236648 6.07325e-07 1.48304e-06 
0.000237695 7.05867e-07 1.55666e-06 
0.000238604 7.95782e-07 1.6224e-06 
0.000239376 8.81287e-07 1.68029e-06 
0.00024 9.6654e-07 1.73477e-06 
0.000240471 1.0525e-06 1.79589e-06 
0.000240833 1.14486e-06 1.87679e-06 
0.000240517 1.79383e-06 1.87116e-06 
0.000110191 -1.52608e-06 -2.89546e-07 
0.000114188 -1.52988e-06 -3.45888e-07 
0.000118141 -1.56487e-06 -4.05637e-07 
0.0001221 -1.61311e-06 -4.71097e-07 
0.000126083 -1.66918e-06 -5.41981e-07 
0.000130097 -1.72946e-06 -6.17301e-07 
0.000134142 -1.79115e-06 -6.95701e-07 
0.000138213 -1.85169e-06 -7.75513e-07 
0.000142301 -1.90885e-06 -8.54847e-07 
0.000146394 -1.96028e-06 -9.31523e-07 
0.000150477 -2.00386e-06 -1.00325e-06 
0.000154535 -2.03744e-06 -1.06738e-06 
0.000158552 -2.05931e-06 -1.12143e-06 
0.000162511 -2.06777e-06 -1.16356e-06 
0.000166394 -2.06197e-06 -1.19113e-06 
0.000170188 -2.04103e-06 -1.20261e-06 
0.000173878 -2.00463e-06 -1.19703e-06 
0.000177455 -1.95334e-06 -1.17317e-06 
0.000180908 -1.88726e-06 -1.13125e-06 
0.000184231 -1.80786e-06 -1.07123e-06 
0.000187422 -1.71586e-06 -9.93981e-07 
0.000190477 -1.61307e-06 -9.00561e-07 
0.000193399 -1.50086e-06 -7.92944e-07 
0.000196189 -1.38104e-06 -6.72458e-07 
0.00019885 -1.25532e-06 -5.41125e-07 
0.000201389 -1.12524e-06 -4.01026e-07 
0.000203811 -9.92402e-07 -2.54156e-07 
0.000206122 -8.58288e-07 -1.02651e-07 
0.000208329 -7.24112e-07 5.16213e-08 
0.000210439 -5.90937e-07 2.06898e-07 
0.000212457 -4.59514e-07 3.61676e-07 
0.000214388 -3.30658e-07 5.1484e-07 
0.000216239 -2.05002e-07 6.65786e-07 
0.000218016 -8.45755e-08 8.1389e-07 
0.000219733 2.77642e-08 9.57586e-07 
0.00022141 1.2844e-07 1.09213e-06 
0.00022306 2.18879e-07 1.21009e-06 
0.000224662 3.09589e-07 1.30924e-06 
0.000226156 4.14005e-07 1.39928e-06 
0.000227497 5.28335e-07 1.49082e-06 
0.000228682 6.39837e-07 1.58088e-06 
0.000229719 7.46979e-07 1.6651e-06 
0.000230601 8.52523e-07 1.74606e-06 
0.000231346 9.46162e-07 1.82293e-06 
0.000231989 1.02351e-06 1.88866e-06 
0.00023253 1.10198e-06 1.94701e-06 
0.000232918 1.21072e-06 2.02093e-06 
0.000233038 1.41648e-06 2.1724e-06 
0.000232766 1.73332e-06 2.53121e-06 
0.000232032 2.32781e-06 2.69084e-06 
0.000111666 -1.79442e-06 -5.61941e-07 
0.000115931 -1.81918e-06 -6.55379e-07 
0.000120172 -1.88937e-06 -7.5482e-07 
0.000124446 -1.97536e-06 -8.63668e-07 
0.000128772 -2.07038e-06 -9.81213e-07 
0.000133151 -2.1696e-06 -1.10546e-06 
0.000137578 -2.26872e-06 -1.23376e-06 
0.000142037 -2.36338e-06 -1.36256e-06 
0.000146511 -2.44929e-06 -1.4874e-06 
0.000150975 -2.52151e-06 -1.60304e-06 
0.000155401 -2.57571e-06 -1.70413e-06 
0.00015976 -2.60743e-06 -1.78522e-06 
0.000164021 -2.61303e-06 -1.84059e-06 
0.000168155 -2.58994e-06 -1.86537e-06 
0.000172133 -2.53555e-06 -1.8557e-06 
0.000175931 -2.44998e-06 -1.80896e-06 
0.000179529 -2.33342e-06 -1.72338e-06 
0.000182912 -2.18709e-06 -1.59885e-06 
0.000186073 -2.01401e-06 -1.4368e-06 
0.000189007 -1.81714e-06 -1.23968e-06 
0.000191718 -1.60047e-06 -1.01129e-06 
0.000194211 -1.3683e-06 -7.5595e-07 
0.000196498 -1.12503e-06 -4.78554e-07 
0.000198592 -8.74481e-07 -1.84537e-07 
0.000200509 -6.21166e-07 1.20781e-07 
0.000202267 -3.68733e-07 4.323e-07 
0.000203883 -1.20466e-07 7.45027e-07 
0.000205377 1.20485e-07 1.05439e-06 
0.000206764 3.51951e-07 1.35662e-06 
0.000208062 5.72365e-07 1.64829e-06 
0.000209285 7.80145e-07 1.92631e-06 
0.000210444 9.7537e-07 2.18957e-06 
0.000211547 1.15879e-06 2.43726e-06 
0.000212601 1.32971e-06 2.67063e-06 
0.000213617 1.48755e-06 2.89342e-06 
0.000214626 1.62508e-06 3.10617e-06 
0.000215675 1.73667e-06 3.30035e-06 
0.000216785 1.83189e-06 3.45666e-06 
0.000217867 1.94474e-06 3.5802e-06 
0.000218801 2.0778e-06 3.69675e-06 
0.000219589 2.19199e-06 3.80522e-06 
0.000220283 2.28123e-06 3.88687e-06 
0.000220862 2.36569e-06 3.94634e-06 
0.000221325 2.43186e-06 3.9945e-06 
0.000221736 2.4696e-06 4.02713e-06 
0.000222084 2.52427e-06 4.05223e-06 
0.000222221 2.66119e-06 4.10359e-06 
0.000221753 3.07753e-06 4.24449e-06 
0.000219381 4.28936e-06 4.98973e-06 
0.00021621 5.65713e-06 6.23852e-06 
0.000114296 -2.17038e-06 -9.20936e-07 
0.000118996 -2.23173e-06 -1.07248e-06 
0.000123708 -2.36153e-06 -1.23815e-06 
0.000128506 -2.51152e-06 -1.42053e-06 
0.000133398 -2.6711e-06 -1.61556e-06 
0.000138376 -2.83098e-06 -1.81674e-06 
0.000143416 -2.98118e-06 -2.01495e-06 
0.000148482 -3.11035e-06 -2.19877e-06 
0.000153526 -3.20633e-06 -2.35438e-06 
0.000158491 -3.25662e-06 -2.46732e-06 
0.000163316 -3.25037e-06 -2.5224e-06 
0.000167936 -3.17817e-06 -2.50642e-06 
0.00017229 -3.03298e-06 -2.40803e-06 
0.000176321 -2.81272e-06 -2.21999e-06 
0.000179984 -2.51764e-06 -1.93926e-06 
0.000183243 -2.1528e-06 -1.56687e-06 
0.00018608 -1.7252e-06 -1.10847e-06 
0.000188487 -1.24519e-06 -5.73552e-07 
0.000190472 -7.2493e-07 2.56905e-08 
0.000192055 -1.76927e-07 6.74968e-07 
0.000193267 3.85939e-07 1.35879e-06 
0.000194145 9.51112e-07 2.06145e-06 
0.000194733 1.50792e-06 2.76838e-06 
0.000195077 2.04702e-06 3.46667e-06 
0.000195223 2.56025e-06 4.14469e-06 
0.000195218 3.04205e-06 4.79359e-06 
0.000195104 3.48834e-06 5.40656e-06 
0.000194921 3.89608e-06 5.97839e-06 
0.000194704 4.26512e-06 6.5064e-06 
0.000194484 4.59573e-06 6.98834e-06 
0.000194283 4.88824e-06 7.42552e-06 
0.000194123 5.14649e-06 7.81665e-06 
0.000194013 5.37225e-06 8.16275e-06 
0.000193953 5.57105e-06 8.46958e-06 
0.000193937 5.75048e-06 8.74214e-06 
0.000193963 5.91011e-06 8.99677e-06 
0.000194073 6.04377e-06 9.24912e-06 
0.000194359 6.14124e-06 9.48874e-06 
0.000194805 6.25124e-06 9.67761e-06 
0.000195198 6.39881e-06 9.82736e-06 
0.000195494 6.49833e-06 9.95132e-06 
0.000195846 6.51784e-06 1.00176e-05 
0.000196278 6.50668e-06 1.00019e-05 
0.000196703 6.46738e-06 9.93181e-06 
0.000197149 6.39699e-06 9.83738e-06 
0.000197556 6.38135e-06 9.74871e-06 
0.000197652 6.49469e-06 9.69555e-06 
0.000196968 6.82763e-06 9.62688e-06 
0.000193735 7.86049e-06 8.94795e-06 
0.000191046 0.0152684 0.0209506 
0.000118516 -2.74703e-06 -1.46683e-06 
0.000123922 -2.88526e-06 -1.72131e-06 
0.000129431 -3.12573e-06 -2.00409e-06 
0.000135108 -3.38098e-06 -2.30605e-06 
0.000140928 -3.62531e-06 -2.60561e-06 
0.000146832 -3.82932e-06 -2.87306e-06 
0.000152727 -3.95906e-06 -3.07115e-06 
0.000158496 -3.98103e-06 -3.16007e-06 
0.000164006 -3.86496e-06 -3.10177e-06 
0.000169115 -3.58984e-06 -2.86629e-06 
0.000173688 -3.14543e-06 -2.4357e-06 
0.000177608 -2.53426e-06 -1.80585e-06 
0.000180783 -1.76983e-06 -9.8809e-07 
0.000183151 -8.77247e-07 -5.53957e-09 
0.000184689 1.12687e-07 1.1086e-06 
0.000185405 1.16514e-06 2.31547e-06 
0.000185342 2.24243e-06 3.57258e-06 
0.00018457 3.30982e-06 4.83856e-06 
0.000183179 4.3352e-06 6.07564e-06 
0.000181275 5.29361e-06 7.25198e-06 
0.000178968 6.1653e-06 8.34357e-06 
0.000176372 6.93828e-06 9.33518e-06 
0.000173595 7.60752e-06 1.02172e-05 
0.00017073 8.1743e-06 1.09886e-05 
0.000167864 8.64266e-06 1.16525e-05 
0.000165065 9.02159e-06 1.22165e-05 
0.000162389 9.32087e-06 1.26895e-05 
0.000159883 9.54959e-06 1.30825e-05 
0.000157577 9.72057e-06 1.34064e-05 
0.000155493 9.84355e-06 1.36736e-05 
0.000153642 9.92938e-06 1.38928e-05 
0.00015203 9.98385e-06 1.40719e-05 
0.000150656 1.00154e-05 1.42191e-05 
0.000149505 1.00339e-05 1.43373e-05 
0.000148549 1.00423e-05 1.44286e-05 
0.000147746 1.00525e-05 1.44982e-05 
0.000147041 1.00717e-05 1.4568e-05 
0.000146453 1.00891e-05 1.46826e-05 
0.000146089 1.01166e-05 1.48372e-05 
0.000145825 1.01988e-05 1.49773e-05 
0.000145674 1.02147e-05 1.50473e-05 
0.000145692 1.0157e-05 1.51204e-05 
0.000146144 1.00207e-05 1.51243e-05 
0.000147018 9.82218e-06 1.49669e-05 
0.000148017 9.6861e-06 1.47857e-05 
0.000148918 9.67098e-06 1.46536e-05 
0.00014938 9.76217e-06 1.45384e-05 
0.000149181 9.94308e-06 1.43277e-05 
0.000147261 1.06135e-05 1.45712e-05 
0.000147024 1.15153e-05 1.71535e-05 
0.000125297 -3.72107e-06 -2.41811e-06 
0.000131876 -4.00428e-06 -2.82926e-06 
0.000138684 -4.36746e-06 -3.23305e-06 
0.000145664 -4.63574e-06 -3.55306e-06 
0.000152631 -4.73552e-06 -3.7033e-06 
0.000159346 -4.59474e-06 -3.6023e-06 
0.000165521 -4.15727e-06 -3.18683e-06 
0.000170858 -3.3985e-06 -2.42372e-06 
0.000175084 -2.3275e-06 -1.31765e-06 
0.000177982 -9.87524e-07 9.14538e-08 
0.000179422 5.53386e-07 1.73417e-06 
0.000179366 2.20851e-06 3.51763e-06 
0.000177865 3.88584e-06 5.34172e-06 
0.000175048 5.49727e-06 7.10854e-06 
0.000171105 6.96642e-06 8.73406e-06 
0.000166262 8.23672e-06 1.01533e-05 
0.000160759 9.27211e-06 1.13301e-05 
0.000154837 1.00614e-05 1.22494e-05 
0.000148719 1.06095e-05 1.29187e-05 
0.000142601 1.09373e-05 1.33579e-05 
0.00013664 1.10776e-05 1.36022e-05 
0.000130956 1.10674e-05 1.36876e-05 
0.000125633 1.09434e-05 1.36538e-05 
0.000120725 1.07408e-05 1.35339e-05 
0.000116259 1.04875e-05 1.33576e-05 
0.000112236 1.02087e-05 1.31492e-05 
0.00010865 9.92032e-06 1.29262e-05 
0.000105482 9.63505e-06 1.27034e-05 
0.00010271 9.36307e-06 1.24901e-05 
0.000100305 9.10987e-06 1.2292e-05 
9.82385e-05 8.87812e-06 1.21137e-05 
9.64844e-05 8.66877e-06 1.19585e-05 
9.50183e-05 8.48365e-06 1.18254e-05 
9.38096e-05 8.32284e-06 1.17143e-05 
9.28352e-05 8.18207e-06 1.16201e-05 
9.20575e-05 8.06337e-06 1.15348e-05 
9.14116e-05 7.97009e-06 1.14421e-05 
9.07981e-05 7.90419e-06 1.13483e-05 
9.01709e-05 7.86099e-06 1.12821e-05 
8.93426e-05 8.00427e-06 1.13902e-05 
8.89497e-05 7.81419e-06 1.1507e-05 
8.90046e-05 7.73083e-06 1.12696e-05 
8.88839e-05 7.82325e-06 1.16654e-05 
9.02026e-05 7.3334e-06 1.16169e-05 
9.20212e-05 7.22419e-06 1.13675e-05 
9.31372e-05 7.46998e-06 1.14971e-05 
9.39471e-05 7.54249e-06 1.14717e-05 
9.45992e-05 7.42326e-06 1.12315e-05 
9.41347e-05 7.84442e-06 1.00638e-05 
9.45687e-05 0.00875685 0.0151581 
0.000136347 -5.11929e-06 -3.78176e-06 
0.000144483 -5.37529e-06 -4.06126e-06 
0.000152643 -5.36327e-06 -4.01651e-06 
0.000160306 -4.8747e-06 -3.5162e-06 
0.000166889 -3.86282e-06 -2.49439e-06 
0.000171846 -2.34234e-06 -9.65129e-07 
0.00017474 -4.03019e-07 9.80582e-07 
0.000175309 1.80574e-06 3.18987e-06 
0.000173494 4.10324e-06 5.4784e-06 
0.000169432 6.30439e-06 7.65991e-06 
0.000163429 8.24453e-06 9.5713e-06 
0.000155909 9.79849e-06 1.10971e-05 
0.000147361 1.08974e-05 1.21742e-05 
0.000138278 1.15283e-05 1.2798e-05 
0.000129103 1.17314e-05 1.30112e-05 
0.000120193 1.15834e-05 1.28895e-05 
0.000111803 1.11805e-05 1.25221e-05 
0.000104088 1.06136e-05 1.19955e-05 
9.71265e-05 9.95847e-06 1.13814e-05 
9.09358e-05 9.27354e-06 1.07362e-05 
8.54903e-05 8.60147e-06 1.00956e-05 
8.07364e-05 7.96468e-06 9.485e-06 
7.66108e-05 7.37846e-06 8.91757e-06 
7.30454e-05 6.8471e-06 8.4004e-06 
6.99736e-05 6.37289e-06 7.93672e-06 
6.73327e-05 5.95422e-06 7.52402e-06 
6.50667e-05 5.58578e-06 7.16084e-06 
6.31256e-05 5.26487e-06 6.8443e-06 
6.14675e-05 4.98587e-06 6.5706e-06 
6.00557e-05 4.74504e-06 6.3364e-06 
5.88592e-05 4.53825e-06 6.1375e-06 
5.78509e-05 4.36152e-06 5.97161e-06 
5.70115e-05 4.21095e-06 5.83569e-06 
5.63227e-05 4.08475e-06 5.72543e-06 
5.57724e-05 3.97615e-06 5.6392e-06 
5.53555e-05 3.88312e-06 5.57044e-06 
5.50699e-05 3.79515e-06 5.50603e-06 
5.48994e-05 3.70392e-06 5.41037e-06 
5.47975e-05 3.57263e-06 5.2432e-06 
5.4728e-05 3.40393e-06 4.81338e-06 
5.61276e-05 0.00212074 0.00404344 
5.53853e-05 3.15873e-06 4.42642e-06 
5.64576e-05 0.00220485 0.00405748 
5.73416e-05 0.00215991 0.00436663 
5.67342e-05 3.45157e-06 5.19688e-06 
5.67409e-05 3.66488e-06 5.64058e-06 
5.73464e-05 3.59006e-06 5.7406e-06 
5.8615e-05 3.28013e-06 5.70111e-06 
6.14908e-05 2.53992e-06 5.45909e-06 
6.79422e-05 0.00120821 0.00887443 
0.000152252 -5.51707e-06 -3.94913e-06 
0.000160434 -4.7618e-06 -2.95642e-06 
0.000166979 -3.05572e-06 -1.25e-06 
0.000170823 -6.52522e-07 1.0522e-06 
0.000171401 2.16325e-06 3.6949e-06 
0.000168576 5.06341e-06 6.3632e-06 
0.00016259 7.72464e-06 8.74996e-06 
0.000153982 9.88315e-06 1.06262e-05 
0.000143497 1.1367e-05 1.18611e-05 
0.000131977 1.21133e-05 1.24226e-05 
0.000120224 1.2173e-05 1.2376e-05 
0.000108895 1.16886e-05 1.18611e-05 
9.8447e-05 1.08449e-05 1.10464e-05 
8.91376e-05 9.81788e-06 1.00839e-05 
8.10523e-05 8.74352e-06 9.087e-06 
7.41595e-05 7.70861e-06 8.12606e-06 
6.8355e-05 6.76081e-06 7.23724e-06 
6.35021e-05 5.91767e-06 6.43539e-06 
5.94605e-05 5.18023e-06 5.72323e-06 
5.61026e-05 4.5413e-06 5.09564e-06 
5.33167e-05 3.98868e-06 4.54421e-06 
5.10079e-05 3.5113e-06 4.05873e-06 
4.90968e-05 3.09631e-06 3.62894e-06 
4.75177e-05 2.73375e-06 3.24552e-06 
4.62138e-05 2.41579e-06 2.90104e-06 
4.51382e-05 2.13429e-06 2.58987e-06 
4.42519e-05 1.88453e-06 2.30776e-06 
4.35207e-05 1.66252e-06 2.05124e-06 
4.29171e-05 1.46458e-06 1.81887e-06 
4.24184e-05 1.28876e-06 1.60899e-06 
4.20064e-05 1.13241e-06 1.42074e-06 
4.16658e-05 9.94535e-07 1.25272e-06 
4.13854e-05 8.72327e-07 1.10447e-06 
4.11572e-05 7.65356e-07 9.76233e-07 
4.09768e-05 6.72775e-07 8.6966e-07 
4.08464e-05 5.9429e-07 7.90418e-07 
4.0781e-05 5.31391e-07 7.51716e-07 
4.08228e-05 4.87571e-07 7.79852e-07 
4.10693e-05 4.65311e-07 9.19634e-07 
4.17604e-05 4.49774e-07 1.27054e-06 
4.34442e-05 7.6814e-07 2.34266e-06 
4.36211e-05 1.6175e-06 1.91756e-06 
4.4362e-05 9.45343e-07 2.6131e-06 
4.50653e-05 1.95977e-06 2.94823e-06 
4.33388e-05 2.17542e-06 1.85581e-06 
4.18405e-05 1.10067e-06 1.32996e-06 
4.18118e-05 6.92388e-07 1.36069e-06 
4.28484e-05 5.56179e-07 1.68123e-06 
4.54316e-05 2.21057e-07 2.36132e-06 
5.11194e-05 -0.000302053 0.00259601 
0.000164969 -1.23827e-06 5.06857e-07 
0.000167014 1.36681e-06 3.38791e-06 
0.000165091 4.78299e-06 6.2815e-06 
0.000158799 7.9794e-06 8.84956e-06 
0.000148815 1.05166e-05 1.07741e-05 
0.000136292 1.21029e-05 1.1874e-05 
0.000122597 1.26437e-05 1.21133e-05 
0.000109 1.22475e-05 1.15657e-05 
9.63222e-05 1.12187e-05 1.05078e-05 
8.50476e-05 9.88108e-06 9.25081e-06 
7.54298e-05 8.46281e-06 7.97893e-06 
6.74825e-05 7.11257e-06 6.78521e-06 
6.10522e-05 5.90754e-06 5.71414e-06 
5.59183e-05 4.86929e-06 4.77772e-06 
5.18598e-05 3.98874e-06 3.96707e-06 
4.86816e-05 3.24295e-06 3.2636e-06 
4.62217e-05 2.60715e-06 2.64458e-06 
4.43427e-05 2.06083e-06 2.09268e-06 
4.29258e-05 1.58969e-06 1.59692e-06 
4.18702e-05 1.18452e-06 1.15613e-06 
4.10957e-05 8.41076e-07 7.74031e-07 
4.05393e-05 5.56269e-07 4.54489e-07 
4.01522e-05 3.2742e-07 2.00231e-07 
3.98959e-05 1.52167e-07 1.18015e-08 
3.97382e-05 2.67486e-08 -1.14398e-07 
3.96521e-05 -5.48659e-08 -1.868e-07 
3.96146e-05 -1.01283e-07 -2.18796e-07 
3.96072e-05 -1.22771e-07 -2.25073e-07 
3.9617e-05 -1.28843e-07 -2.16943e-07 
3.9636e-05 -1.26117e-07 -2.01834e-07 
3.96591e-05 -1.18833e-07 -1.84103e-07 
3.96833e-05 -1.09537e-07 -1.66116e-07 
3.97071e-05 -9.9705e-08 -1.48989e-07 
3.97293e-05 -9.00692e-08 -1.33349e-07 
3.97492e-05 -8.11744e-08 -1.19627e-07 
3.97658e-05 -7.33976e-08 -1.08242e-07 
3.97781e-05 -6.72047e-08 -9.97122e-08 
3.97852e-05 -6.35216e-08 -9.42413e-08 
3.97874e-05 -6.37527e-08 -9.02843e-08 
3.97859e-05 -6.52936e-08 -8.22944e-08 
3.97324e-05 -9.24204e-08 -1.25015e-07 
3.97251e-05 -9.77398e-08 -8.99014e-08 
3.9708e-05 -8.1382e-08 -1.44895e-07 
3.96172e-05 -1.5781e-07 -1.96863e-07 
3.9623e-05 -1.19105e-07 -1.97338e-07 
3.96761e-05 -1.06308e-07 -1.72312e-07 
3.97254e-05 -1.14019e-07 -1.17208e-07 
3.98494e-05 -1.17858e-07 6.59887e-11 
4.03034e-05 -1.28778e-07 3.8648e-07 
4.17186e-05 1.06076e-07 1.7382e-06 
0.000154869 7.89621e-06 8.4307e-06 
0.000145291 1.03378e-05 1.09117e-05 
0.000132862 1.23625e-05 1.21498e-05 
0.000118539 1.30197e-05 1.21757e-05 
0.000103827 1.25082e-05 1.12683e-05 
8.99087e-05 1.1228e-05 9.8405e-06 
7.75618e-05 9.63182e-06 8.39236e-06 
6.74706e-05 7.88066e-06 7.12188e-06 
6.00737e-05 6.14034e-06 5.62538e-06 
5.43178e-05 4.79183e-06 4.30588e-06 
4.97396e-05 3.71771e-06 3.31369e-06 
4.62894e-05 2.80218e-06 2.49313e-06 
4.38092e-05 2.02771e-06 1.77373e-06 
4.20888e-05 1.38106e-06 1.14206e-06 
4.09403e-05 8.52316e-07 6.09856e-07 
4.02192e-05 4.39443e-07 1.99606e-07 
3.98154e-05 1.43713e-07 -6.95561e-08 
3.96386e-05 -3.58677e-08 -1.96698e-07 
3.96041e-05 -1.1413e-07 -2.18399e-07 
3.96403e-05 -1.27371e-07 -1.88371e-07 
3.97028e-05 -1.10878e-07 -1.42604e-07 
3.97687e-05 -8.44092e-08 -9.75738e-08 
3.98276e-05 -5.71226e-08 -5.90397e-08 
3.98753e-05 -3.30267e-08 -2.87575e-08 
3.99102e-05 -1.39093e-08 -7.0243e-09 
3.99331e-05 -3.79465e-10 6.82512e-09 
3.99461e-05 7.90441e-09 1.43284e-08 
3.99521e-05 1.2061e-08 1.74608e-08 
3.99538e-05 1.34934e-08 1.8001e-08 
3.99533e-05 1.33936e-08 1.72043e-08 
3.99517e-05 1.25458e-08 1.58233e-08 
3.99497e-05 1.14061e-08 1.42613e-08 
3.99476e-05 1.02071e-08 1.27188e-08 
3.99456e-05 9.06495e-09 1.1292e-08 
3.99438e-05 8.03015e-09 1.00239e-08 
3.99423e-05 7.12854e-09 8.94221e-09 
3.9941e-05 6.38561e-09 8.04843e-09 
3.994e-05 5.81162e-09 7.29884e-09 
3.9939e-05 5.37327e-09 6.58439e-09 
3.99377e-05 4.60952e-09 5.28048e-09 
3.99391e-05 4.47736e-09 7.1796e-09 
3.994e-05 6.73636e-09 6.48028e-09 
3.99392e-05 2.33496e-09 7.11534e-09 
3.99462e-05 6.12981e-09 1.26243e-08 
3.99498e-05 9.71636e-09 1.46173e-08 
3.99461e-05 7.43152e-09 1.0621e-08 
3.99413e-05 6.7783e-09 6.69171e-09 
3.99303e-05 5.95017e-09 -9.65709e-10 
3.98943e-05 4.09119e-09 -2.67533e-08 
3.97834e-05 -3.30802e-08 -1.16732e-07 
0.000111719 1.68825e-05 1.78954e-05 
9.65866e-05 1.54126e-05 1.55249e-05 
8.29738e-05 1.29036e-05 1.25705e-05 
7.17169e-05 1.02427e-05 9.74966e-06 
6.27676e-05 7.8627e-06 7.3019e-06 
5.57514e-05 5.8858e-06 5.25851e-06 
5.02106e-05 4.29323e-06 3.55928e-06 
4.557e-05 2.87297e-06 1.57153e-06 
4.30443e-05 1.06176e-06 7.99735e-07 
4.1757e-05 9.35038e-07 6.73503e-07 
4.05772e-05 7.03429e-07 3.25334e-07 
3.98553e-05 2.564e-07 -4.8275e-08 
3.95786e-05 -2.15824e-08 -1.99941e-07 
3.95775e-05 -1.21518e-07 -1.92688e-07 
3.9679e-05 -1.16769e-07 -1.29806e-07 
3.97904e-05 -7.89824e-08 -6.58731e-08 
3.98771e-05 -3.83135e-08 -1.82355e-08 
3.99301e-05 -7.03787e-09 9.50283e-09 
3.99531e-05 1.02709e-08 2.01047e-08 
3.99573e-05 1.55424e-08 2.04673e-08 
3.99533e-05 1.44136e-08 1.67525e-08 
3.99471e-05 1.12113e-08 1.22294e-08 
3.99411e-05 7.8795e-09 8.13255e-09 
3.99361e-05 5.0505e-09 4.83517e-09 
3.99323e-05 2.86864e-09 2.40526e-09 
3.99296e-05 1.32397e-09 7.81528e-10 
3.9928e-05 3.35711e-10 -1.82302e-10 
3.99271e-05 -2.24332e-10 -6.7567e-10 
3.99267e-05 -4.96707e-10 -8.7571e-10 
3.99265e-05 -5.98441e-10 -9.15232e-10 
3.99265e-05 -6.10913e-10 -8.77813e-10 
3.99265e-05 -5.82046e-10 -8.0878e-10 
3.99266e-05 -5.36565e-10 -7.3065e-10 
3.99266e-05 -4.86621e-10 -6.53815e-10 
3.99267e-05 -4.38311e-10 -5.8303e-10 
3.99268e-05 -3.94075e-10 -5.19447e-10 
3.99269e-05 -3.54686e-10 -4.61845e-10 
3.99269e-05 -3.18902e-10 -4.0675e-10 
3.9927e-05 -2.85717e-10 -3.42379e-10 
3.99272e-05 -2.20582e-10 -2.07629e-10 
3.99272e-05 -9.14816e-11 -2.76409e-10 
3.9927e-05 -2.48493e-10 -3.44057e-10 
3.99274e-05 -3.90735e-11 -1.98001e-10 
3.9927e-05 -4.17115e-11 -4.85066e-10 
3.99264e-05 -3.25553e-10 -8.20784e-10 
3.99267e-05 -4.86671e-10 -4.9048e-10 
3.99272e-05 -2.57607e-10 -1.15498e-10 
3.99279e-05 -7.62636e-11 2.76797e-10 
3.99295e-05 2.45343e-10 1.22209e-09 
3.99339e-05 1.19756e-09 5.12299e-09 
