6.25353 
6.31218 
6.35563 
6.39341 
6.4215 
6.44333 
6.45999 
6.47295 
6.48311 
6.49118 
6.49767 
6.50296 
6.50732 
6.51096 
6.51404 
6.51669 
6.51899 
6.52101 
6.52282 
6.52446 
6.52597 
6.52738 
6.52873 
6.53003 
6.53131 
6.53259 
6.53388 
6.53522 
6.53663 
6.53812 
6.53973 
6.54148 
6.54342 
6.54558 
6.54803 
6.55084 
6.5541 
6.55792 
6.56246 
6.56793 
6.57461 
6.58288 
6.59326 
6.60651 
6.6236 
6.64612 
6.67542 
6.71543 
6.76237 
6.8275 
6.29376 
6.33247 
6.36638 
6.3975 
6.4221 
6.44192 
6.45757 
6.47006 
6.48006 
6.48816 
6.49477 
6.50023 
6.50478 
6.50862 
6.5119 
6.51472 
6.51719 
6.51937 
6.52133 
6.52311 
6.52475 
6.52628 
6.52774 
6.52915 
6.53054 
6.53192 
6.53332 
6.53476 
6.53627 
6.53786 
6.53958 
6.54144 
6.54349 
6.54578 
6.54837 
6.55132 
6.55472 
6.55869 
6.56338 
6.56898 
6.57575 
6.58403 
6.59427 
6.60709 
6.62324 
6.64386 
6.66972 
6.70287 
6.73956 
6.78215 
6.33075 
6.35509 
6.37972 
6.40408 
6.42464 
6.44199 
6.45621 
6.46792 
6.47755 
6.48551 
6.49212 
6.49767 
6.50236 
6.50636 
6.5098 
6.51279 
6.51543 
6.51777 
6.51988 
6.5218 
6.52358 
6.52524 
6.52683 
6.52836 
6.52987 
6.53137 
6.53289 
6.53445 
6.53607 
6.53779 
6.53963 
6.54163 
6.54382 
6.54625 
6.54899 
6.5521 
6.55566 
6.55979 
6.56463 
6.57035 
6.57717 
6.58539 
6.59535 
6.60753 
6.62242 
6.64071 
6.66258 
6.68872 
6.71542 
6.74195 
6.36424 
6.37908 
6.39603 
6.414 
6.43023 
6.44463 
6.45696 
6.46746 
6.47636 
6.4839 
6.4903 
6.49576 
6.50045 
6.5045 
6.50804 
6.51114 
6.51389 
6.51635 
6.51858 
6.52063 
6.52253 
6.52431 
6.52602 
6.52767 
6.52928 
6.5309 
6.53253 
6.5342 
6.53594 
6.53778 
6.53974 
6.54185 
6.54417 
6.54673 
6.54959 
6.55282 
6.55649 
6.56071 
6.56559 
6.57129 
6.57797 
6.58587 
6.59522 
6.60631 
6.6194 
6.63478 
6.65222 
6.67159 
6.6899 
6.70585 
6.39128 
6.40036 
6.41181 
6.42479 
6.43729 
6.44892 
6.45931 
6.46847 
6.47646 
6.4834 
6.48943 
6.49466 
6.49923 
6.50324 
6.50677 
6.5099 
6.51271 
6.51524 
6.51755 
6.51969 
6.52167 
6.52355 
6.52535 
6.52709 
6.5288 
6.53051 
6.53224 
6.534 
6.53584 
6.53777 
6.53983 
6.54204 
6.54445 
6.5471 
6.55004 
6.55332 
6.55703 
6.56125 
6.56606 
6.5716 
6.57798 
6.58536 
6.59389 
6.60371 
6.61489 
6.62744 
6.64095 
6.65496 
6.66723 
6.6768 
6.41345 
6.41894 
6.42651 
6.43571 
6.44512 
6.4543 
6.46285 
6.47064 
6.47764 
6.48388 
6.48941 
6.49432 
6.49866 
6.50253 
6.50598 
6.50908 
6.51189 
6.51444 
6.51679 
6.51897 
6.52102 
6.52296 
6.52482 
6.52663 
6.52842 
6.5302 
6.532 
6.53384 
6.53575 
6.53775 
6.53987 
6.54215 
6.54462 
6.54731 
6.55027 
6.55356 
6.55724 
6.56136 
6.56601 
6.57127 
6.57722 
6.58396 
6.59154 
6.6 
6.60929 
6.61927 
6.62948 
6.63937 
6.64739 
6.65302 
6.4314 
6.43466 
6.43958 
6.44601 
6.453 
6.46014 
6.46706 
6.47359 
6.47962 
6.48512 
6.49011 
6.49461 
6.49867 
6.50233 
6.50565 
6.50866 
6.51142 
6.51395 
6.5163 
6.51849 
6.52056 
6.52253 
6.52444 
6.52629 
6.52813 
6.52996 
6.53181 
6.5337 
6.53566 
6.5377 
6.53987 
6.54217 
6.54466 
6.54735 
6.5503 
6.55354 
6.55711 
6.56108 
6.56548 
6.57039 
6.57583 
6.58185 
6.58846 
6.59562 
6.6032 
6.611 
6.61858 
6.62545 
6.63056 
6.63379 
6.44609 
6.44793 
6.45104 
6.45546 
6.46059 
6.46609 
6.47162 
6.47701 
6.48212 
6.48691 
6.49134 
6.49541 
6.49915 
6.50257 
6.5057 
6.50859 
6.51125 
6.51372 
6.51604 
6.51821 
6.52028 
6.52226 
6.52418 
6.52606 
6.52792 
6.52978 
6.53166 
6.53358 
6.53556 
6.53762 
6.5398 
6.54211 
6.54458 
6.54724 
6.55013 
6.55326 
6.55669 
6.56045 
6.56456 
6.56906 
6.57396 
6.57926 
6.58493 
6.59088 
6.59698 
6.60299 
6.60853 
6.61321 
6.61634 
6.61806 
6.45818 
6.45912 
6.46098 
6.46397 
6.46769 
6.47187 
6.47625 
6.48066 
6.48496 
6.48907 
6.49296 
6.4966 
6.49999 
6.50315 
6.50608 
6.50881 
6.51135 
6.51374 
6.51599 
6.51812 
6.52016 
6.52213 
6.52404 
6.52592 
6.52779 
6.52965 
6.53154 
6.53347 
6.53545 
6.53751 
6.53968 
6.54196 
6.54439 
6.54699 
6.54978 
6.55278 
6.55603 
6.55953 
6.56332 
6.56739 
6.57174 
6.57635 
6.58115 
6.58606 
6.5909 
6.59547 
6.59946 
6.60256 
6.60436 
6.60513 
6.46822 
6.46857 
6.4696 
6.47156 
6.47421 
6.47736 
6.4808 
6.48437 
6.48795 
6.49146 
6.49484 
6.49807 
6.50112 
6.504 
6.50671 
6.50927 
6.51167 
6.51395 
6.51612 
6.51819 
6.52019 
6.52212 
6.52401 
6.52587 
6.52772 
6.52958 
6.53145 
6.53337 
6.53533 
6.53737 
6.5395 
6.54174 
6.5441 
6.54661 
6.54928 
6.55212 
6.55516 
6.5584 
6.56185 
6.5655 
6.56932 
6.57328 
6.57731 
6.58131 
6.58511 
6.58855 
6.59136 
6.59334 
6.59424 
6.5944 
6.47663 
6.47661 
6.47706 
6.47828 
6.48013 
6.48248 
6.48516 
6.48804 
6.491 
6.49397 
6.49689 
6.49972 
6.50245 
6.50506 
6.50755 
6.50992 
6.51218 
6.51434 
6.51641 
6.5184 
6.52033 
6.52222 
6.52406 
6.52589 
6.52771 
6.52954 
6.53139 
6.53327 
6.53521 
6.5372 
6.53928 
6.54145 
6.54372 
6.54612 
6.54865 
6.55132 
6.55414 
6.55711 
6.56022 
6.56346 
6.56679 
6.57017 
6.57352 
6.57674 
6.5797 
6.58225 
6.58418 
6.58536 
6.58565 
6.58544 
6.48374 
6.48348 
6.48354 
6.48423 
6.48548 
6.48721 
6.48928 
6.49158 
6.49401 
6.49651 
6.49902 
6.50149 
6.50391 
6.50626 
6.50853 
6.51071 
6.51282 
6.51485 
6.51682 
6.51872 
6.52058 
6.5224 
6.52419 
6.52597 
6.52775 
6.52954 
6.53134 
6.53318 
6.53507 
6.53701 
6.53902 
6.5411 
6.54328 
6.54555 
6.54793 
6.55041 
6.55301 
6.5557 
6.55849 
6.56134 
6.56422 
6.56708 
6.56985 
6.57243 
6.57471 
6.57656 
6.57784 
6.57844 
6.57833 
6.57788 
6.48981 
6.48939 
6.48918 
6.48949 
6.49029 
6.49153 
6.49311 
6.49494 
6.49693 
6.49902 
6.50117 
6.50332 
6.50545 
6.50756 
6.50961 
6.51162 
6.51357 
6.51547 
6.51732 
6.51913 
6.5209 
6.52265 
6.52438 
6.52611 
6.52783 
6.52956 
6.53131 
6.5331 
6.53492 
6.53679 
6.53872 
6.54071 
6.54277 
6.54491 
6.54713 
6.54943 
6.5518 
6.55423 
6.55671 
6.55921 
6.56169 
6.56409 
6.56636 
6.56841 
6.57014 
6.57146 
6.57224 
6.57244 
6.57205 
6.57146 
6.49501 
6.4945 
6.4941 
6.49414 
6.49461 
6.49548 
6.49667 
6.4981 
6.49972 
6.50147 
6.50329 
6.50515 
6.50703 
6.50891 
6.51076 
6.51259 
6.51439 
6.51616 
6.5179 
6.5196 
6.52129 
6.52296 
6.52462 
6.52627 
6.52793 
6.5296 
6.53129 
6.53301 
6.53476 
6.53655 
6.53839 
6.54028 
6.54223 
6.54423 
6.54629 
6.5484 
6.55055 
6.55273 
6.55493 
6.5571 
6.55922 
6.56123 
6.56308 
6.56469 
6.56598 
6.56688 
6.5673 
6.56721 
6.56665 
6.56597 
6.49951 
6.49894 
6.49843 
6.49826 
6.49848 
6.49906 
6.49993 
6.50106 
6.50237 
6.50381 
6.50536 
6.50697 
6.50861 
6.51028 
6.51195 
6.51361 
6.51526 
6.5169 
6.51852 
6.52013 
6.52172 
6.52331 
6.52489 
6.52647 
6.52806 
6.52966 
6.53128 
6.53292 
6.5346 
6.5363 
6.53804 
6.53983 
6.54165 
6.54351 
6.54541 
6.54734 
6.54928 
6.55123 
6.55317 
6.55505 
6.55685 
6.55852 
6.56002 
6.56127 
6.56222 
6.56279 
6.56294 
6.56265 
6.56197 
6.56125 
6.50342 
6.50282 
6.50223 
6.50192 
6.50195 
6.5023 
6.50293 
6.5038 
6.50485 
6.50604 
6.50735 
6.50873 
6.51017 
6.51165 
6.51314 
6.51465 
6.51616 
6.51767 
6.51918 
6.52068 
6.52218 
6.52368 
6.52518 
6.52669 
6.5282 
6.52973 
6.53127 
6.53284 
6.53443 
6.53604 
6.53768 
6.53935 
6.54105 
6.54278 
6.54452 
6.54627 
6.54803 
6.54976 
6.55145 
6.55308 
6.5546 
6.55599 
6.55718 
6.55814 
6.55881 
6.55914 
6.55909 
6.55866 
6.5579 
6.55716 
6.50684 
6.50622 
6.50558 
6.50518 
6.50506 
6.50524 
6.50567 
6.50632 
6.50716 
6.50814 
6.50924 
6.51043 
6.51169 
6.51299 
6.51433 
6.51569 
6.51707 
6.51846 
6.51986 
6.52126 
6.52266 
6.52407 
6.52549 
6.52692 
6.52835 
6.5298 
6.53127 
6.53275 
6.53425 
6.53577 
6.53731 
6.53887 
6.54045 
6.54204 
6.54363 
6.54522 
6.54679 
6.54832 
6.5498 
6.5512 
6.55248 
6.55362 
6.55457 
6.55529 
6.55574 
6.55588 
6.55568 
6.55515 
6.55436 
6.55362 
6.50984 
6.50922 
6.50855 
6.50807 
6.50785 
6.50789 
6.50817 
6.50865 
6.50931 
6.51011 
6.51103 
6.51205 
6.51314 
6.51429 
6.51549 
6.51672 
6.51797 
6.51925 
6.52054 
6.52184 
6.52315 
6.52448 
6.52581 
6.52715 
6.52851 
6.52988 
6.53126 
6.53266 
6.53407 
6.5355 
6.53694 
6.53839 
6.53984 
6.5413 
6.54275 
6.54419 
6.54559 
6.54694 
6.54823 
6.54943 
6.5505 
6.55143 
6.55218 
6.5527 
6.55298 
6.55297 
6.55266 
6.55207 
6.55126 
6.55053 
6.51248 
6.51186 
6.51117 
6.51065 
6.51035 
6.51029 
6.51044 
6.51078 
6.51129 
6.51194 
6.51271 
6.51358 
6.51453 
6.51554 
6.51661 
6.51772 
6.51886 
6.52002 
6.52121 
6.52242 
6.52364 
6.52488 
6.52613 
6.52739 
6.52867 
6.52995 
6.53125 
6.53257 
6.53389 
6.53522 
6.53656 
6.53791 
6.53925 
6.54058 
6.5419 
6.54319 
6.54443 
6.54563 
6.54674 
6.54776 
6.54866 
6.54941 
6.54999 
6.55036 
6.55049 
6.55038 
6.54999 
6.54935 
6.54854 
6.54783 
6.5148 
6.5142 
6.51351 
6.51295 
6.5126 
6.51245 
6.5125 
6.51273 
6.51312 
6.51364 
6.51428 
6.51502 
6.51585 
6.51674 
6.51768 
6.51868 
6.51971 
6.52078 
6.52187 
6.52299 
6.52412 
6.52527 
6.52644 
6.52762 
6.52882 
6.53003 
6.53125 
6.53247 
6.53371 
6.53495 
6.53619 
6.53743 
6.53866 
6.53988 
6.54107 
6.54223 
6.54333 
6.54438 
6.54535 
6.54621 
6.54696 
6.54756 
6.54799 
6.54824 
6.54826 
6.54806 
6.54762 
6.54696 
6.54616 
6.54546 
6.51686 
6.51626 
6.51558 
6.51501 
6.51461 
6.5144 
6.51437 
6.51451 
6.5148 
6.51521 
6.51574 
6.51637 
6.51708 
6.51786 
6.51871 
6.5196 
6.52053 
6.52151 
6.52251 
6.52354 
6.52459 
6.52566 
6.52675 
6.52785 
6.52897 
6.5301 
6.53123 
6.53238 
6.53353 
6.53468 
6.53583 
6.53697 
6.5381 
6.5392 
6.54028 
6.54131 
6.54229 
6.54321 
6.54404 
6.54477 
6.54539 
6.54586 
6.54618 
6.54632 
6.54626 
6.546 
6.54552 
6.54485 
6.54406 
6.54339 
6.51867 
6.51809 
6.51742 
6.51684 
6.51641 
6.51616 
6.51607 
6.51613 
6.51633 
6.51666 
6.51709 
6.51762 
6.51824 
6.51892 
6.51967 
6.52047 
6.52132 
6.5222 
6.52312 
6.52407 
6.52504 
6.52603 
6.52704 
6.52807 
6.52911 
6.53016 
6.53122 
6.53229 
6.53335 
6.53442 
6.53548 
6.53652 
6.53755 
6.53855 
6.53952 
6.54044 
6.54131 
6.54211 
6.54283 
6.54344 
6.54395 
6.54432 
6.54454 
6.54459 
6.54447 
6.54416 
6.54366 
6.54299 
6.54222 
6.54157 
6.52027 
6.51971 
6.51905 
6.51847 
6.51803 
6.51774 
6.5176 
6.5176 
6.51773 
6.51798 
6.51834 
6.51878 
6.51931 
6.51991 
6.52057 
6.52129 
6.52206 
6.52286 
6.5237 
6.52457 
6.52547 
6.52639 
6.52732 
6.52828 
6.52924 
6.53022 
6.53121 
6.53219 
6.53318 
6.53416 
6.53514 
6.53609 
6.53703 
6.53794 
6.53881 
6.53963 
6.54039 
6.54109 
6.5417 
6.54222 
6.54263 
6.54291 
6.54305 
6.54304 
6.54287 
6.54252 
6.54201 
6.54134 
6.5406 
6.53998 
6.52169 
6.52115 
6.5205 
6.51992 
6.51947 
6.51915 
6.51898 
6.51893 
6.51901 
6.51919 
6.51948 
6.51985 
6.52031 
6.52083 
6.52142 
6.52206 
6.52275 
6.52348 
6.52425 
6.52505 
6.52587 
6.52672 
6.52759 
6.52847 
6.52937 
6.53028 
6.53119 
6.5321 
6.53301 
6.53392 
6.53481 
6.53569 
6.53654 
6.53736 
6.53814 
6.53887 
6.53954 
6.54015 
6.54067 
6.5411 
6.54142 
6.54163 
6.54171 
6.54165 
6.54143 
6.54107 
6.54055 
6.5399 
6.53918 
6.53859 
6.52293 
6.52241 
6.52179 
6.52122 
6.52076 
6.52042 
6.52022 
6.52013 
6.52016 
6.52029 
6.52052 
6.52083 
6.52122 
6.52168 
6.5222 
6.52277 
6.5234 
6.52406 
6.52476 
6.52549 
6.52625 
6.52703 
6.52784 
6.52865 
6.52948 
6.53032 
6.53117 
6.53201 
6.53285 
6.53368 
6.5345 
6.5353 
6.53607 
6.53681 
6.53751 
6.53816 
6.53875 
6.53927 
6.53972 
6.54008 
6.54033 
6.54048 
6.5405 
6.5404 
6.54016 
6.53978 
6.53926 
6.53863 
6.53794 
6.53737 
6.52402 
6.52352 
6.52292 
6.52236 
6.5219 
6.52156 
6.52133 
6.52122 
6.52121 
6.52129 
6.52147 
6.52173 
6.52206 
6.52246 
6.52292 
6.52344 
6.524 
6.5246 
6.52524 
6.52591 
6.5266 
6.52733 
6.52807 
6.52882 
6.52959 
6.53036 
6.53114 
6.53192 
6.5327 
6.53346 
6.53421 
6.53494 
6.53564 
6.5363 
6.53693 
6.5375 
6.53802 
6.53848 
6.53885 
6.53915 
6.53934 
6.53944 
6.53942 
6.53929 
6.53903 
6.53864 
6.53813 
6.53751 
6.53685 
6.53631 
6.52498 
6.5245 
6.52392 
6.52337 
6.52292 
6.52257 
6.52233 
6.52219 
6.52215 
6.5222 
6.52233 
6.52255 
6.52283 
6.52318 
6.52358 
6.52404 
6.52455 
6.52509 
6.52568 
6.52629 
6.52693 
6.52759 
6.52828 
6.52898 
6.52969 
6.5304 
6.53112 
6.53184 
6.53255 
6.53325 
6.53393 
6.5346 
6.53523 
6.53583 
6.53639 
6.5369 
6.53736 
6.53775 
6.53807 
6.5383 
6.53845 
6.53851 
6.53846 
6.5383 
6.53802 
6.53763 
6.53713 
6.53654 
6.53591 
6.53539 
6.52581 
6.52535 
6.52479 
6.52426 
6.52381 
6.52346 
6.52321 
6.52305 
6.52299 
6.52301 
6.52311 
6.52329 
6.52353 
6.52383 
6.52419 
6.5246 
6.52505 
6.52555 
6.52608 
6.52664 
6.52723 
6.52784 
6.52847 
6.52912 
6.52977 
6.53043 
6.53109 
6.53176 
6.53241 
6.53305 
6.53368 
6.53428 
6.53485 
6.53539 
6.5359 
6.53635 
6.53675 
6.53708 
6.53735 
6.53754 
6.53765 
6.53767 
6.5376 
6.53742 
6.53714 
6.53675 
6.53626 
6.53569 
6.53509 
6.5346 
6.52653 
6.52609 
6.52555 
6.52504 
6.5246 
6.52426 
6.524 
6.52383 
6.52374 
6.52374 
6.52381 
6.52395 
6.52416 
6.52442 
6.52474 
6.5251 
6.52552 
6.52597 
6.52645 
6.52696 
6.52751 
6.52807 
6.52865 
6.52924 
6.52985 
6.53046 
6.53107 
6.53168 
6.53228 
6.53287 
6.53344 
6.53399 
6.53451 
6.535 
6.53544 
6.53584 
6.53619 
6.53648 
6.53671 
6.53686 
6.53694 
6.53693 
6.53683 
6.53665 
6.53636 
6.53598 
6.5355 
6.53496 
6.53438 
6.53393 
6.52714 
6.52673 
6.52621 
6.52572 
6.52529 
6.52495 
6.52469 
6.52451 
6.52441 
6.52439 
6.52444 
6.52455 
6.52472 
6.52495 
6.52523 
6.52556 
6.52593 
6.52634 
6.52678 
6.52726 
6.52775 
6.52827 
6.52881 
6.52936 
6.52992 
6.53048 
6.53104 
6.5316 
6.53216 
6.5327 
6.53322 
6.53372 
6.53419 
6.53463 
6.53503 
6.53539 
6.5357 
6.53595 
6.53613 
6.53626 
6.5363 
6.53628 
6.53616 
6.53597 
6.53568 
6.53531 
6.53485 
6.53433 
6.53379 
6.53335 
6.52766 
6.52727 
6.52678 
6.5263 
6.52589 
6.52556 
6.5253 
6.52511 
6.525 
6.52496 
6.52499 
6.52508 
6.52523 
6.52543 
6.52568 
6.52597 
6.52631 
6.52668 
6.52709 
6.52752 
6.52798 
6.52846 
6.52895 
6.52946 
6.52998 
6.5305 
6.53102 
6.53154 
6.53204 
6.53254 
6.53302 
6.53348 
6.53391 
6.5343 
6.53466 
6.53498 
6.53525 
6.53547 
6.53562 
6.53572 
6.53574 
6.5357 
6.53558 
6.53537 
6.53509 
6.53473 
6.53429 
6.53379 
6.53328 
6.53287 
6.5281 
6.52772 
6.52725 
6.5268 
6.52641 
6.52608 
6.52582 
6.52564 
6.52552 
6.52547 
6.52548 
6.52555 
6.52567 
6.52585 
6.52607 
6.52634 
6.52664 
6.52698 
6.52736 
6.52775 
6.52818 
6.52862 
6.52908 
6.52955 
6.53003 
6.53051 
6.53099 
6.53147 
6.53194 
6.5324 
6.53284 
6.53326 
6.53365 
6.53401 
6.53433 
6.53462 
6.53485 
6.53504 
6.53517 
6.53524 
6.53525 
6.53519 
6.53507 
6.53486 
6.53459 
6.53424 
6.53382 
6.53335 
6.53286 
6.53247 
6.52845 
6.5281 
6.52765 
6.52722 
6.52684 
6.52653 
6.52628 
6.52609 
6.52597 
6.52591 
6.52591 
6.52596 
6.52607 
6.52622 
6.52642 
6.52666 
6.52694 
6.52725 
6.52759 
6.52796 
6.52835 
6.52876 
6.52919 
6.52963 
6.53007 
6.53052 
6.53097 
6.53141 
6.53185 
6.53227 
6.53268 
6.53306 
6.53342 
6.53375 
6.53404 
6.53429 
6.5345 
6.53466 
6.53478 
6.53483 
6.53482 
6.53476 
6.53463 
6.53443 
6.53416 
6.53382 
6.53342 
6.53298 
6.53252 
6.53216 
6.52873 
6.5284 
6.52798 
6.52757 
6.52721 
6.5269 
6.52666 
6.52648 
6.52636 
6.52629 
6.52628 
6.52632 
6.52641 
6.52655 
6.52673 
6.52694 
6.5272 
6.52749 
6.5278 
6.52814 
6.52851 
6.52889 
6.52929 
6.5297 
6.53011 
6.53053 
6.53095 
6.53136 
6.53177 
6.53216 
6.53253 
6.53289 
6.53322 
6.53352 
6.53378 
6.53401 
6.5342 
6.53434 
6.53443 
6.53447 
6.53446 
6.53439 
6.53425 
6.53406 
6.5338 
6.53348 
6.5331 
6.53268 
6.53225 
6.53191 
6.52895 
6.52864 
6.52824 
6.52785 
6.52751 
6.52722 
6.52698 
6.5268 
6.52668 
6.52661 
6.52659 
6.52663 
6.5267 
6.52683 
6.52699 
6.52719 
6.52742 
6.52769 
6.52798 
6.5283 
6.52864 
6.529 
6.52937 
6.52975 
6.53014 
6.53054 
6.53093 
6.53131 
6.53169 
6.53206 
6.53241 
6.53274 
6.53304 
6.53332 
6.53356 
6.53377 
6.53393 
6.53406 
6.53414 
6.53417 
6.53415 
6.53407 
6.53394 
6.53375 
6.5335 
6.5332 
6.53284 
6.53245 
6.53204 
6.53172 
6.5291 
6.52881 
6.52844 
6.52807 
6.52775 
6.52747 
6.52725 
6.52707 
6.52695 
6.52688 
6.52686 
6.52688 
6.52695 
6.52706 
6.52721 
6.52739 
6.52761 
6.52786 
6.52814 
6.52843 
6.52875 
6.52909 
6.52944 
6.5298 
6.53017 
6.53054 
6.53091 
6.53127 
6.53163 
6.53197 
6.5323 
6.53261 
6.53289 
6.53314 
6.53337 
6.53356 
6.53371 
6.53382 
6.53389 
6.53391 
6.53389 
6.53381 
6.53368 
6.5335 
6.53327 
6.53298 
6.53265 
6.53228 
6.5319 
6.5316 
6.5292 
6.52893 
6.52858 
6.52824 
6.52793 
6.52767 
6.52746 
6.52729 
6.52717 
6.5271 
6.52708 
6.5271 
6.52716 
6.52726 
6.52739 
6.52757 
6.52777 
6.528 
6.52826 
6.52855 
6.52885 
6.52917 
6.5295 
6.52984 
6.53019 
6.53054 
6.53089 
6.53124 
6.53158 
6.5319 
6.53221 
6.5325 
6.53276 
6.533 
6.53321 
6.53339 
6.53353 
6.53363 
6.53369 
6.53371 
6.53368 
6.5336 
6.53348 
6.53331 
6.53309 
6.53282 
6.5325 
6.53216 
6.53181 
6.53153 
6.52925 
6.52899 
6.52867 
6.52835 
6.52806 
6.52782 
6.52762 
6.52746 
6.52734 
6.52728 
6.52725 
6.52726 
6.52732 
6.52741 
6.52754 
6.5277 
6.5279 
6.52812 
6.52836 
6.52863 
6.52892 
6.52923 
6.52955 
6.52988 
6.53021 
6.53055 
6.53088 
6.53121 
6.53153 
6.53184 
6.53214 
6.53241 
6.53266 
6.53289 
6.53309 
6.53325 
6.53338 
6.53347 
6.53353 
6.53354 
6.53351 
6.53344 
6.53332 
6.53316 
6.53295 
6.5327 
6.53241 
6.53209 
6.53177 
6.53151 
6.52925 
6.52901 
6.52871 
6.52842 
6.52815 
6.52792 
6.52773 
6.52758 
6.52747 
6.52741 
6.52738 
6.52739 
6.52744 
6.52753 
6.52765 
6.52781 
6.52799 
6.5282 
6.52844 
6.5287 
6.52898 
6.52927 
6.52958 
6.5299 
6.53022 
6.53055 
6.53087 
6.53119 
6.5315 
6.5318 
6.53208 
6.53234 
6.53258 
6.5328 
6.53299 
6.53315 
6.53327 
6.53336 
6.53341 
6.53342 
6.53339 
6.53332 
6.53321 
6.53306 
6.53287 
6.53263 
6.53236 
6.53207 
6.53177 
6.53154 
6.5292 
6.52899 
6.52871 
6.52844 
6.52819 
6.52798 
6.5278 
6.52766 
6.52756 
6.52749 
6.52747 
6.52748 
6.52753 
6.52761 
6.52773 
6.52788 
6.52806 
6.52826 
6.52849 
6.52875 
6.52902 
6.52931 
6.52961 
6.52992 
6.53023 
6.53055 
6.53086 
6.53117 
6.53148 
6.53177 
6.53204 
6.5323 
6.53253 
6.53274 
6.53292 
6.53307 
6.53319 
6.53328 
6.53332 
6.53334 
6.53331 
6.53324 
6.53314 
6.533 
6.53282 
6.5326 
6.53236 
6.53209 
6.53181 
6.5316 
6.52912 
6.52893 
6.52868 
6.52843 
6.5282 
6.528 
6.52783 
6.5277 
6.52761 
6.52755 
6.52752 
6.52753 
6.52758 
6.52766 
6.52778 
6.52792 
6.5281 
6.5283 
6.52853 
6.52877 
6.52904 
6.52932 
6.52962 
6.52993 
6.53024 
6.53055 
6.53086 
6.53117 
6.53146 
6.53175 
6.53202 
6.53227 
6.5325 
6.53271 
6.53288 
6.53303 
6.53315 
6.53323 
6.53328 
6.53329 
6.53327 
6.53321 
6.53311 
6.53298 
6.53281 
6.53261 
6.53239 
6.53214 
6.53189 
6.5317 
6.52901 
6.52883 
6.52861 
6.52838 
6.52817 
6.52798 
6.52783 
6.52771 
6.52762 
6.52756 
6.52754 
6.52755 
6.5276 
6.52768 
6.52779 
6.52793 
6.52811 
6.52831 
6.52853 
6.52878 
6.52905 
6.52933 
6.52962 
6.52993 
6.53024 
6.53055 
6.53086 
6.53117 
6.53146 
6.53175 
6.53202 
6.53227 
6.53249 
6.5327 
6.53287 
6.53302 
6.53313 
6.53322 
6.53326 
6.53328 
6.53326 
6.5332 
6.53311 
6.53299 
6.53284 
6.53266 
6.53245 
6.53223 
6.532 
6.53183 
6.52887 
6.52871 
6.52851 
6.5283 
6.52811 
6.52794 
6.52779 
6.52768 
6.52759 
6.52754 
6.52752 
6.52753 
6.52758 
6.52766 
6.52777 
6.52792 
6.52809 
6.52829 
6.52852 
6.52877 
6.52903 
6.52932 
6.52962 
6.52992 
6.53024 
6.53055 
6.53087 
6.53117 
6.53147 
6.53176 
6.53203 
6.53228 
6.53251 
6.53271 
6.53289 
6.53304 
6.53315 
6.53324 
6.53328 
6.5333 
6.53328 
6.53323 
6.53315 
6.53303 
6.53289 
6.53273 
6.53254 
6.53234 
6.53214 
6.53199 
6.52871 
6.52857 
6.52839 
6.5282 
6.52803 
6.52787 
6.52773 
6.52762 
6.52754 
6.52749 
6.52747 
6.52748 
6.52753 
6.52761 
6.52772 
6.52787 
6.52804 
6.52825 
6.52848 
6.52873 
6.52901 
6.5293 
6.5296 
6.52991 
6.53023 
6.53055 
6.53087 
6.53119 
6.53149 
6.53179 
6.53206 
6.53232 
6.53255 
6.53276 
6.53294 
6.53309 
6.5332 
6.53329 
6.53334 
6.53336 
6.53334 
6.53329 
6.53321 
6.53311 
6.53297 
6.53282 
6.53265 
6.53247 
6.53229 
6.53216 
6.52854 
6.52842 
6.52826 
6.52809 
6.52792 
6.52777 
6.52764 
6.52753 
6.52745 
6.5274 
6.52738 
6.52739 
6.52744 
6.52753 
6.52764 
6.52779 
6.52797 
6.52818 
6.52842 
6.52868 
6.52896 
6.52926 
6.52957 
6.5299 
6.53023 
6.53056 
6.53089 
6.53121 
6.53153 
6.53183 
6.53211 
6.53238 
6.53262 
6.53283 
6.53301 
6.53317 
6.53329 
6.53337 
6.53342 
6.53344 
6.53343 
6.53338 
6.53331 
6.5332 
6.53308 
6.53293 
6.53278 
6.53261 
6.53246 
6.53235 
6.52837 
6.52826 
6.52812 
6.52796 
6.5278 
6.52766 
6.52753 
6.52742 
6.52734 
6.52728 
6.52726 
6.52728 
6.52733 
6.52741 
6.52753 
6.52768 
6.52787 
6.52809 
6.52833 
6.5286 
6.5289 
6.52921 
6.52953 
6.52987 
6.53022 
6.53056 
6.53091 
6.53124 
6.53157 
6.53189 
6.53218 
6.53246 
6.53271 
6.53293 
6.53312 
6.53328 
6.5334 
6.53349 
6.53354 
6.53356 
6.53355 
6.5335 
6.53342 
6.53332 
6.5332 
6.53306 
6.53291 
6.53277 
6.53263 
6.53253 
6.5282 
6.52811 
6.52798 
6.52783 
6.52768 
6.52753 
6.5274 
6.52728 
6.5272 
6.52714 
6.52712 
6.52713 
6.52718 
6.52726 
6.52739 
6.52755 
6.52774 
6.52797 
6.52823 
6.52851 
6.52882 
6.52914 
6.52949 
6.52984 
6.5302 
6.53057 
6.53093 
6.53128 
6.53163 
6.53196 
6.53227 
6.53256 
6.53282 
6.53305 
6.53325 
6.53342 
6.53355 
6.53364 
6.53369 
6.53371 
6.53369 
6.53364 
6.53356 
6.53346 
6.53333 
6.5332 
6.53306 
6.53292 
6.5328 
6.53271 
6.52805 
6.52797 
6.52785 
6.5277 
6.52754 
6.52739 
6.52725 
6.52713 
6.52703 
6.52697 
6.52694 
6.52695 
6.527 
6.52709 
6.52722 
6.52738 
6.52759 
6.52783 
6.5281 
6.5284 
6.52872 
6.52907 
6.52943 
6.52981 
6.53019 
6.53057 
6.53096 
6.53133 
6.5317 
6.53205 
6.53237 
6.53268 
6.53295 
6.5332 
6.53341 
6.53358 
6.53372 
6.53381 
6.53387 
6.53388 
6.53386 
6.5338 
6.53372 
6.53361 
6.53348 
6.53333 
6.53319 
6.53306 
6.53295 
6.53287 
6.52794 
6.52786 
6.52774 
6.52759 
6.52742 
6.52726 
6.5271 
6.52697 
6.52687 
6.52679 
6.52676 
6.52676 
6.52681 
6.5269 
6.52704 
6.52721 
6.52743 
6.52768 
6.52796 
6.52828 
6.52862 
6.52899 
6.52937 
6.52977 
6.53017 
6.53058 
6.53099 
6.53138 
6.53177 
6.53214 
6.53249 
6.53281 
6.5331 
6.53336 
6.53358 
6.53376 
6.5339 
6.534 
6.53405 
6.53407 
6.53404 
6.53398 
6.53388 
6.53376 
6.53361 
6.53346 
6.53331 
6.53317 
6.53306 
6.533 
6.52786 
6.52778 
6.52766 
6.5275 
6.52732 
6.52715 
6.52698 
6.52684 
6.52672 
6.52664 
6.5266 
6.5266 
6.52665 
6.52674 
6.52688 
6.52706 
6.52728 
6.52754 
6.52784 
6.52817 
6.52853 
6.52891 
6.52931 
6.52973 
6.53015 
6.53058 
6.531 
6.53142 
6.53182 
6.53221 
6.53257 
6.53291 
6.53321 
6.53348 
6.53371 
6.5339 
6.53404 
6.53414 
6.53419 
6.53421 
6.53417 
6.5341 
6.534 
6.53386 
6.53371 
6.53355 
6.53339 
6.53324 
6.53313 
6.53306 
