102.455 -0.241308 -5.86849 
115.042 0.0214177 -6.2305 
127.679 0.168162 -6.46873 
140.363 0.288108 -6.66088 
153.1 0.392963 -6.85385 
165.941 0.486828 -7.06913 
178.965 0.570414 -7.3107 
192.251 0.642205 -7.57424 
205.863 0.703624 -7.85536 
219.852 0.75784 -8.14754 
234.26 0.80081 -8.44604 
249.118 0.834831 -8.74453 
264.446 0.858237 -9.03727 
280.251 0.872608 -9.31965 
296.534 0.876659 -9.58809 
313.291 0.870166 -9.83721 
330.506 0.854222 -10.0639 
348.168 0.823784 -10.2652 
366.25 0.784409 -10.4337 
384.71 0.737198 -10.571 
403.517 0.679342 -10.676 
422.637 0.61008 -10.74 
442.01 0.535924 -10.7639 
461.587 0.453153 -10.7502 
481.309 0.368662 -10.6919 
501.116 0.275661 -10.594 
520.94 0.18692 -10.4536 
540.716 0.0935677 -10.2716 
560.362 0.00774415 -10.044 
579.793 -0.0725715 -9.78131 
598.939 -0.145508 -9.47874 
617.714 -0.210588 -9.13785 
636.019 -0.255327 -8.76189 
653.768 -0.287533 -8.35706 
670.876 -0.299926 -7.91968 
687.247 -0.292457 -7.45812 
702.799 -0.262247 -6.97322 
717.436 -0.206337 -6.46829 
731.075 -0.125336 -5.95166 
743.637 -0.0154076 -5.42197 
755.05 0.118721 -4.88914 
765.253 0.278734 -4.35654 
774.187 0.466923 -3.82509 
781.809 0.677153 -3.30823 
788.101 0.907899 -2.80948 
793.055 1.15565 -2.33408 
796.691 1.41019 -1.90234 
799.22 1.57215 -1.6536 
801.209 1.93831 -0.742138 
101.234 -0.24541 -7.52443 
115.925 0.119614 -7.30648 
129.685 0.357372 -7.44038 
143.187 0.513185 -7.62245 
156.616 0.637185 -7.81609 
170.071 0.740889 -8.02831 
183.64 0.829818 -8.26329 
197.402 0.906028 -8.5172 
211.426 0.96884 -8.78543 
225.765 1.02093 -9.05873 
240.456 1.05923 -9.32933 
255.525 1.08404 -9.59252 
270.992 1.09313 -9.84176 
286.861 1.08844 -10.0707 
303.133 1.06677 -10.2759 
319.797 1.03024 -10.4521 
336.839 0.976048 -10.5971 
354.24 0.905866 -10.7073 
371.975 0.819228 -10.7808 
390.014 0.715861 -10.8125 
408.319 0.597007 -10.8038 
426.855 0.463475 -10.7539 
445.582 0.315022 -10.6624 
464.453 0.157588 -10.5279 
483.414 -0.00965746 -10.3509 
502.413 -0.18605 -10.1301 
521.394 -0.369557 -9.87302 
540.305 -0.555789 -9.57392 
559.079 -0.743831 -9.23898 
577.652 -0.928744 -8.86667 
595.951 -1.10855 -8.46227 
613.913 -1.2839 -8.02787 
631.464 -1.44586 -7.56383 
648.525 -1.59615 -7.07271 
665.021 -1.73101 -6.56284 
680.88 -1.84649 -6.03257 
696.022 -1.94034 -5.48763 
710.374 -2.01315 -4.93155 
723.861 -2.05793 -4.36658 
736.409 -2.07728 -3.79941 
747.953 -2.06741 -3.23193 
758.432 -2.02959 -2.67226 
767.794 -1.9622 -2.1215 
775.989 -1.86546 -1.58575 
782.985 -1.74135 -1.07219 
788.765 -1.59236 -0.584843 
793.326 -1.42004 -0.129825 
796.693 -1.23829 0.272981 
799.049 -1.11631 0.508726 
800.552 -0.537948 1.40268 
117.762 0.394793 -8.32623 
132.828 0.528501 -8.19377 
147.358 0.694439 -8.25531 
161.636 0.83641 -8.40019 
175.819 0.958994 -8.57768 
190.014 1.06223 -8.7779 
204.315 1.14732 -8.9944 
218.794 1.21676 -9.21877 
233.504 1.27084 -9.44361 
248.483 1.30895 -9.66002 
263.753 1.33224 -9.86199 
279.327 1.33733 -10.0462 
295.211 1.32791 -10.2058 
311.402 1.29981 -10.3374 
327.891 1.25498 -10.4401 
344.665 1.19473 -10.5088 
361.701 1.11734 -10.5448 
378.981 1.02395 -10.5463 
396.479 0.917026 -10.5125 
414.163 0.796658 -10.4434 
432 0.664928 -10.3394 
449.958 0.521033 -10.2022 
467.999 0.370585 -10.0297 
486.083 0.208854 -9.82475 
504.166 0.0445574 -9.58805 
522.201 -0.122679 -9.32142 
540.142 -0.292702 -9.02796 
557.943 -0.462206 -8.70621 
575.548 -0.628179 -8.35942 
592.904 -0.788889 -7.98706 
609.95 -0.943917 -7.59416 
626.631 -1.0884 -7.18184 
642.887 -1.22232 -6.74956 
658.649 -1.34148 -6.30241 
673.856 -1.44515 -5.84168 
688.446 -1.53325 -5.36953 
702.351 -1.60037 -4.88779 
715.508 -1.64783 -4.40049 
727.855 -1.67408 -3.9088 
739.33 -1.67603 -3.41724 
749.875 -1.65517 -2.928 
759.44 -1.6105 -2.44561 
767.979 -1.54223 -1.97167 
775.452 -1.45055 -1.5114 
781.831 -1.33745 -1.06892 
787.103 -1.20494 -0.649152 
791.268 -1.05569 -0.255956 
794.35 -0.903252 0.0915538 
796.548 -0.812231 0.26086 
797.942 -0.127739 1.24104 
136.603 0.633108 -8.67597 
151.878 0.722688 -8.67572 
166.936 0.831135 -8.74121 
181.837 0.938105 -8.84772 
196.649 1.03201 -8.97557 
211.453 1.10742 -9.1175 
226.325 1.16384 -9.26405 
241.325 1.2 -9.40775 
256.491 1.22014 -9.54005 
271.849 1.22179 -9.65613 
287.413 1.20631 -9.75228 
303.188 1.17561 -9.82568 
319.174 1.12808 -9.87224 
335.364 1.06493 -9.89366 
351.75 0.988079 -9.8874 
368.316 0.897587 -9.85249 
385.046 0.794368 -9.79187 
401.921 0.680863 -9.7037 
418.92 0.556121 -9.58953 
436.017 0.425313 -9.44873 
453.183 0.285778 -9.2836 
470.393 0.140731 -9.09601 
487.616 -0.00761299 -8.88468 
504.814 -0.156921 -8.65238 
521.955 -0.308647 -8.39769 
539 -0.45984 -8.12481 
555.908 -0.606871 -7.8335 
572.638 -0.751192 -7.52399 
589.147 -0.890252 -7.19801 
605.385 -1.02057 -6.85546 
621.303 -1.14339 -6.50043 
636.851 -1.25497 -6.13046 
651.976 -1.35529 -5.74869 
666.622 -1.44189 -5.35607 
680.733 -1.51411 -4.95461 
694.254 -1.56934 -4.54521 
707.127 -1.60884 -4.12911 
719.297 -1.62942 -3.70958 
730.707 -1.63079 -3.28731 
741.304 -1.6128 -2.86426 
751.037 -1.57494 -2.44375 
759.861 -1.5173 -2.02755 
767.734 -1.44034 -1.61812 
774.621 -1.34471 -1.21857 
780.499 -1.23228 -0.832871 
785.355 -1.10533 -0.464929 
789.192 -0.965639 -0.117696 
792.035 -0.82919 0.186043 
794.114 -0.763465 0.301316 
795.401 -0.0087117 1.37248 
156.46 0.706025 -8.85683 
171.951 0.770134 -8.89426 
187.363 0.83673 -8.93908 
202.665 0.901993 -8.98807 
217.868 0.957192 -9.04271 
233.026 0.994188 -9.10138 
248.196 1.01255 -9.15831 
263.425 1.01277 -9.2086 
278.745 0.996974 -9.24481 
294.172 0.965535 -9.26588 
309.721 0.91955 -9.26895 
325.396 0.859832 -9.25279 
341.197 0.787985 -9.21776 
357.12 0.705637 -9.16338 
373.158 0.612891 -9.08887 
389.301 0.51042 -8.99644 
405.537 0.401937 -8.88546 
421.85 0.28591 -8.75585 
438.223 0.164875 -8.6089 
454.639 0.037772 -8.44525 
471.073 -0.0894003 -8.26544 
487.501 -0.219944 -8.0696 
503.898 -0.35143 -7.85675 
520.238 -0.484052 -7.6303 
536.486 -0.612116 -7.38838 
552.61 -0.740123 -7.13359 
568.578 -0.8628 -6.86345 
584.35 -0.9822 -6.58178 
599.889 -1.09406 -6.28707 
615.153 -1.19914 -5.98003 
630.096 -1.29484 -5.66243 
644.675 -1.38225 -5.33425 
658.842 -1.45673 -4.99662 
672.547 -1.51998 -4.65042 
685.742 -1.56942 -4.29645 
698.374 -1.60522 -3.93603 
710.394 -1.62519 -3.57106 
721.75 -1.62921 -3.20174 
732.392 -1.6171 -2.83021 
742.272 -1.5874 -2.45787 
751.343 -1.5407 -2.0866 
759.562 -1.47723 -1.71801 
766.893 -1.39729 -1.35409 
773.302 -1.30203 -0.997459 
778.768 -1.19313 -0.651461 
783.28 -1.0726 -0.319397 
786.84 -0.942935 -0.00441107 
789.48 -0.821832 0.265019 
791.458 -0.776553 0.345052 
792.617 0.0356246 1.47666 
176.568 0.678449 -8.85147 
192.172 0.710739 -8.88083 
207.738 0.742214 -8.87734 
223.188 0.770252 -8.86047 
238.516 0.787856 -8.8424 
253.759 0.791938 -8.82614 
268.961 0.780912 -8.80882 
284.162 0.755708 -8.78709 
299.39 0.718237 -8.75646 
314.663 0.668928 -8.71692 
329.994 0.610009 -8.66653 
345.39 0.541787 -8.60501 
360.854 0.465782 -8.5317 
376.386 0.382705 -8.44616 
391.98 0.293322 -8.34899 
407.63 0.199068 -8.23992 
423.327 0.100102 -8.11735 
439.059 -0.00343589 -7.98358 
454.811 -0.108496 -7.83666 
470.566 -0.216538 -7.67732 
486.305 -0.326722 -7.50353 
502.008 -0.43819 -7.31842 
517.651 -0.548934 -7.12022 
533.209 -0.659253 -6.91021 
548.656 -0.767964 -6.68591 
563.959 -0.873995 -6.45072 
579.091 -0.977602 -6.20286 
594.017 -1.07625 -5.94491 
608.702 -1.16881 -5.67405 
623.109 -1.25626 -5.39345 
637.198 -1.33508 -5.10224 
650.928 -1.40636 -4.80287 
664.26 -1.46693 -4.49355 
677.145 -1.51727 -4.1772 
689.542 -1.55591 -3.85402 
701.402 -1.5813 -3.52523 
712.681 -1.59336 -3.19141 
723.332 -1.59163 -2.85439 
733.31 -1.5744 -2.51518 
742.57 -1.54221 -2.1748 
751.069 -1.49455 -1.83501 
758.766 -1.43164 -1.49697 
765.626 -1.35412 -1.16225 
771.618 -1.26322 -0.833143 
776.722 -1.16064 -0.512697 
780.927 -1.04824 -0.204122 
784.237 -0.928553 0.0885381 
786.693 -0.822479 0.332559 
788.571 -0.794099 0.389679 
789.593 0.0629091 1.55392 
196.273 0.571495 -8.67158 
211.844 0.580292 -8.67533 
227.37 0.585946 -8.62337 
242.756 0.588217 -8.55619 
258.002 0.582036 -8.49025 
273.138 0.566199 -8.42948 
288.202 0.541834 -8.37207 
303.228 0.507526 -8.31626 
318.244 0.465645 -8.25891 
333.268 0.417187 -8.19873 
348.312 0.362086 -8.13387 
363.385 0.301869 -8.06319 
378.491 0.236059 -7.98596 
393.63 0.166219 -7.9012 
408.799 0.0925533 -7.80809 
423.99 0.0156042 -7.70495 
439.194 -0.0649898 -7.59134 
454.4 -0.148656 -7.46738 
469.594 -0.234876 -7.33065 
484.761 -0.324203 -7.18348 
499.883 -0.413714 -7.02346 
514.938 -0.504718 -6.85092 
529.907 -0.597549 -6.66531 
544.766 -0.690159 -6.46727 
559.49 -0.782331 -6.25602 
574.052 -0.873392 -6.03307 
588.425 -0.962287 -5.79836 
602.581 -1.04855 -5.55221 
616.487 -1.13051 -5.29424 
630.108 -1.20738 -5.02681 
643.412 -1.27874 -4.7493 
656.362 -1.34261 -4.46371 
668.921 -1.39813 -4.1688 
681.049 -1.44484 -3.8677 
692.706 -1.48083 -3.56013 
703.851 -1.50586 -3.24729 
714.442 -1.51854 -2.93054 
724.439 -1.51844 -2.61128 
733.799 -1.50456 -2.28986 
742.482 -1.47667 -1.96798 
750.447 -1.43438 -1.64653 
757.657 -1.3778 -1.32632 
764.076 -1.30759 -1.00886 
769.674 -1.22489 -0.696147 
774.431 -1.13162 -0.391238 
778.34 -1.02963 -0.0975347 
781.406 -0.921844 0.179658 
783.679 -0.831057 0.404667 
785.447 -0.817791 0.445774 
786.331 0.070153 1.62109 
215.095 0.418462 -8.37807 
230.525 0.416936 -8.36065 
245.884 0.411962 -8.28246 
261.092 0.403006 -8.19645 
276.158 0.389646 -8.11781 
291.112 0.371562 -8.04827 
305.988 0.347893 -7.9867 
320.814 0.320108 -7.93129 
335.614 0.287787 -7.87849 
350.405 0.251859 -7.82593 
365.197 0.212118 -7.77189 
379.997 0.169109 -7.71391 
394.805 0.12254 -7.65083 
409.62 0.0723048 -7.5808 
424.437 0.0200253 -7.50095 
439.246 -0.0373261 -7.41146 
454.038 -0.0976402 -7.31188 
468.799 -0.159785 -7.19963 
483.514 -0.226526 -7.07463 
498.167 -0.296119 -6.93709 
512.742 -0.368231 -6.78412 
527.218 -0.444027 -6.61818 
541.575 -0.521349 -6.43891 
555.792 -0.599747 -6.24487 
569.846 -0.68087 -6.0381 
583.715 -0.760975 -5.81816 
597.372 -0.84108 -5.5852 
610.792 -0.920712 -5.34058 
623.949 -0.998038 -5.0845 
636.813 -1.07143 -4.8178 
649.354 -1.14178 -4.54235 
661.543 -1.20548 -4.25767 
673.345 -1.26352 -3.96535 
684.727 -1.31343 -3.66723 
695.655 -1.35437 -3.36328 
706.092 -1.38538 -3.05527 
716.003 -1.40564 -2.74448 
725.35 -1.4136 -2.43185 
734.096 -1.40906 -2.11826 
742.204 -1.39112 -1.80505 
749.637 -1.35917 -1.4925 
756.358 -1.31355 -1.18145 
762.331 -1.25453 -0.873019 
767.53 -1.18347 -0.569226 
771.933 -1.10225 -0.273284 
775.535 -1.01301 0.010712 
778.346 -0.91854 0.276745 
780.425 -0.844162 0.486933 
782.068 -0.846242 0.514832 
782.813 0.0616438 1.68599 
232.826 0.253886 -8.06251 
248.089 0.26019 -8.04073 
263.258 0.258429 -7.96587 
278.282 0.253602 -7.89254 
293.183 0.246518 -7.83065 
307.987 0.238001 -7.78057 
322.722 0.227777 -7.74062 
337.411 0.215738 -7.70732 
352.072 0.201608 -7.67774 
366.716 0.185866 -7.64816 
381.348 0.167292 -7.61665 
395.969 0.146338 -7.5802 
410.577 0.122378 -7.53702 
425.164 0.0953222 -7.48459 
439.723 0.0644869 -7.42065 
454.239 0.0301847 -7.34538 
468.702 -0.008953 -7.25665 
483.095 -0.0518513 -7.1523 
497.401 -0.0995773 -7.03378 
511.604 -0.151396 -6.89895 
525.686 -0.208403 -6.74753 
539.626 -0.269733 -6.58107 
553.409 -0.335062 -6.39804 
567.013 -0.405057 -6.19995 
580.418 -0.476084 -5.98649 
593.605 -0.552232 -5.75863 
606.552 -0.628579 -5.5171 
619.236 -0.706623 -5.2638 
631.637 -0.783947 -4.99836 
643.731 -0.860341 -4.72219 
655.492 -0.934405 -4.43756 
666.897 -1.00482 -4.14401 
677.918 -1.07029 -3.84434 
688.528 -1.12941 -3.53902 
698.698 -1.18123 -3.22945 
708.397 -1.22394 -2.91697 
717.596 -1.257 -2.60306 
726.262 -1.27909 -2.28867 
734.365 -1.28907 -1.97526 
741.869 -1.28578 -1.66323 
748.741 -1.26889 -1.35285 
754.945 -1.23798 -1.04468 
760.447 -1.19369 -0.739486 
765.217 -1.13736 -0.439479 
769.24 -1.07094 -0.148281 
772.51 -0.996574 0.129375 
775.043 -0.917863 0.386408 
776.908 -0.860193 0.584236 
778.405 -0.879317 0.599334 
779.013 0.040069 1.75647 
249.541 0.111268 -7.81401 
264.702 0.137038 -7.80481 
279.753 0.151233 -7.75793 
294.68 0.161152 -7.71956 
309.51 0.170286 -7.69451 
324.27 0.180059 -7.68114 
338.977 0.190088 -7.67688 
353.648 0.200523 -7.6775 
368.29 0.209877 -7.67993 
382.908 0.218213 -7.6804 
397.5 0.225279 -7.67613 
412.06 0.229467 -7.6642 
426.578 0.231096 -7.64201 
441.044 0.228815 -7.60725 
455.441 0.222534 -7.55791 
469.753 0.21094 -7.4931 
483.966 0.194068 -7.41141 
498.059 0.171458 -7.31072 
512.012 0.142872 -7.19101 
525.809 0.105968 -7.0527 
539.432 0.0637596 -6.89533 
552.862 0.0144135 -6.71942 
566.081 -0.040727 -6.52377 
579.071 -0.103608 -6.31095 
591.817 -0.172009 -6.0802 
604.301 -0.245324 -5.83493 
616.507 -0.322784 -5.57369 
628.419 -0.40424 -5.29997 
640.02 -0.487815 -5.01386 
651.292 -0.572068 -4.71732 
662.219 -0.656748 -4.41279 
672.781 -0.738507 -4.1 
682.958 -0.818142 -3.78201 
692.732 -0.893108 -3.46017 
702.079 -0.96115 -3.13556 
710.975 -1.02192 -2.80979 
719.398 -1.07388 -2.48504 
727.323 -1.11512 -2.16212 
734.722 -1.14467 -1.84214 
741.567 -1.16116 -1.52539 
747.825 -1.16351 -1.212 
753.462 -1.15134 -0.901786 
758.444 -1.12526 -0.595587 
762.742 -1.08665 -0.295645 
766.341 -1.03788 -0.0061617 
769.241 -0.981351 0.267065 
771.464 -0.920229 0.516371 
773.088 -0.881414 0.702953 
774.416 -0.918478 0.704716 
774.884 0.00396394 1.8406 
265.543 0.00714148 -7.69643 
280.738 0.0649668 -7.71225 
295.813 0.101522 -7.7091 
310.789 0.134301 -7.71972 
325.7 0.166778 -7.74342 
340.566 0.201084 -7.77709 
355.398 0.23732 -7.81716 
370.202 0.274933 -7.85933 
384.975 0.313198 -7.90025 
399.714 0.351008 -7.93581 
414.407 0.387719 -7.96254 
429.039 0.421952 -7.97802 
443.594 0.453658 -7.97799 
458.052 0.479761 -7.96166 
472.392 0.501537 -7.92581 
486.591 0.516503 -7.86961 
500.629 0.524811 -7.79016 
514.482 0.523195 -7.68805 
528.13 0.514372 -7.56182 
541.551 0.495675 -7.41224 
554.728 0.465988 -7.23868 
567.644 0.427564 -7.04146 
580.281 0.377495 -6.82235 
592.626 0.319635 -6.58236 
604.666 0.2509 -6.32265 
616.388 0.174609 -6.04471 
627.785 0.0896099 -5.75072 
638.843 -0.000980791 -5.44302 
649.557 -0.0970897 -5.12286 
659.915 -0.197159 -4.79317 
669.907 -0.298086 -4.45534 
679.525 -0.400426 -4.11095 
688.754 -0.501061 -3.76362 
697.586 -0.598478 -3.41422 
706.007 -0.691064 -3.06444 
713.999 -0.77671 -2.71675 
721.549 -0.853999 -2.37288 
728.638 -0.921312 -2.03392 
735.246 -0.976647 -1.70099 
741.348 -1.01837 -1.37406 
746.915 -1.04515 -1.05266 
751.914 -1.05632 -0.73636 
756.31 -1.0523 -0.425677 
760.075 -1.03493 -0.122934 
763.194 -1.00702 0.166872 
765.675 -0.971132 0.436954 
767.546 -0.930721 0.678951 
768.893 -0.912048 0.855285 
770.026 -0.970093 0.843663 
770.348 -0.0524355 1.95241 
281.274 -0.0467884 -7.75059 
296.694 0.0490869 -7.7995 
311.98 0.11624 -7.8518 
327.196 0.177723 -7.92153 
342.379 0.239838 -8.00445 
357.543 0.305828 -8.09535 
372.691 0.37502 -8.19024 
387.817 0.447848 -8.28402 
402.909 0.522214 -8.37302 
417.95 0.597638 -8.45282 
432.918 0.672809 -8.51904 
447.788 0.745752 -8.5683 
462.531 0.815334 -8.59593 
477.119 0.878451 -8.60149 
491.523 0.935526 -8.57959 
505.71 0.983625 -8.52913 
519.653 1.02028 -8.44871 
533.324 1.04575 -8.33838 
546.699 1.05847 -8.19508 
559.755 1.05613 -8.02188 
572.472 1.04004 -7.81815 
584.836 1.00812 -7.58481 
596.833 0.961813 -7.32467 
608.454 0.900463 -7.03816 
619.69 0.825216 -6.72931 
630.539 0.736365 -6.39994 
640.998 0.636589 -6.05319 
651.066 0.525701 -5.6917 
660.745 0.406647 -5.31868 
670.035 0.281465 -4.93636 
678.937 0.150628 -4.54784 
687.45 0.0183968 -4.15621 
695.575 -0.114543 -3.76411 
703.31 -0.244992 -3.37313 
710.651 -0.371656 -2.98588 
717.592 -0.49231 -2.60485 
724.128 -0.604386 -2.2319 
730.249 -0.706095 -1.86839 
735.942 -0.795404 -1.51514 
741.188 -0.86988 -1.17196 
745.961 -0.92769 -0.838001 
750.228 -0.967746 -0.512269 
753.954 -0.990291 -0.194499 
757.109 -0.997832 0.113145 
759.68 -0.993961 0.405431 
761.679 -0.982777 0.673636 
763.144 -0.96642 0.908348 
764.172 -0.969959 1.07668 
765.07 -1.05219 1.05518 
765.233 -0.151624 2.13299 
297.269 -0.0470326 -8.00796 
313.147 0.0965876 -8.09879 
328.879 0.200712 -8.21952 
344.575 0.298939 -8.3646 
360.275 0.401288 -8.5235 
375.987 0.508933 -8.6903 
391.703 0.623877 -8.85947 
407.406 0.74461 -9.025 
423.069 0.870248 -9.18192 
438.66 0.998461 -9.32417 
454.143 1.12742 -9.44608 
469.476 1.25427 -9.54305 
484.615 1.37698 -9.60925 
499.515 1.49252 -9.64076 
514.135 1.59531 -9.63385 
528.431 1.68648 -9.5856 
542.363 1.76076 -9.49484 
555.899 1.81639 -9.35985 
569.008 1.85156 -9.18022 
581.665 1.86459 -8.95871 
593.853 1.85451 -8.69563 
605.56 1.82146 -8.39434 
616.778 1.76554 -8.05727 
627.506 1.68621 -7.6896 
637.748 1.58708 -7.29491 
647.51 1.46861 -6.8774 
656.804 1.33266 -6.44124 
665.642 1.18189 -5.99173 
674.04 1.01941 -5.53185 
682.011 0.846675 -5.06653 
689.572 0.668079 -4.59984 
696.736 0.485754 -4.13421 
703.515 0.302326 -3.67388 
709.921 0.120936 -3.2209 
715.961 -0.0555677 -2.7783 
721.642 -0.225505 -2.34876 
726.968 -0.385737 -1.9338 
731.939 -0.534122 -1.53512 
736.551 -0.668009 -1.15339 
740.79 -0.784678 -0.787905 
744.635 -0.881717 -0.43741 
748.054 -0.957289 -0.0999942 
751.009 -1.01158 0.225478 
753.466 -1.04675 0.538672 
755.406 -1.06921 0.835381 
756.845 -1.08621 1.10452 
757.838 -1.09945 1.333 
758.484 -1.12546 1.50073 
759.075 -1.23412 1.49075 
759.021 -0.381337 2.54264 
314.151 0.0128338 -8.51403 
330.787 0.218112 -8.66214 
347.273 0.370713 -8.87854 
363.774 0.520653 -9.1299 
380.335 0.679466 -9.39977 
396.953 0.850205 -9.68055 
413.611 1.03331 -9.96358 
430.273 1.22784 -10.2413 
446.891 1.43231 -10.5041 
463.41 1.642 -10.744 
479.767 1.8546 -10.9501 
495.893 2.06348 -11.1145 
511.718 2.26382 -11.2281 
527.174 2.44995 -11.2849 
542.19 2.61806 -11.2782 
556.709 2.75843 -11.2043 
570.674 2.87133 -11.0612 
584.043 2.94934 -10.8488 
596.78 2.99106 -10.5691 
608.864 2.99492 -10.2262 
620.282 2.96021 -9.82447 
631.032 2.88773 -9.36969 
641.122 2.77831 -8.86939 
650.568 2.63494 -8.33204 
659.395 2.46053 -7.76408 
667.63 2.25992 -7.17325 
675.305 2.03524 -6.56815 
682.458 1.79283 -5.95507 
689.122 1.53626 -5.33996 
695.334 1.26967 -4.72993 
701.129 0.998084 -4.12893 
706.539 0.72519 -3.54163 
711.591 0.454986 -2.97206 
716.313 0.19071 -2.42287 
720.726 -0.0644057 -1.89696 
724.847 -0.307208 -1.39653 
728.693 -0.535718 -0.922699 
732.271 -0.747352 -0.476799 
735.585 -0.939316 -0.0586634 
738.63 -1.10889 0.33288 
741.388 -1.25314 0.7 
743.827 -1.36982 1.04557 
745.906 -1.45782 1.37299 
747.578 -1.51989 1.68574 
748.808 -1.5639 1.98562 
749.596 -1.60701 2.26425 
750.018 -1.65921 2.50071 
750.172 -1.71194 2.70415 
750.269 -1.84627 2.79256 
749.765 -1.11576 3.86058 
332.721 0.150826 -9.36355 
350.542 0.443441 -9.60283 
368.231 0.666185 -9.97239 
386.038 0.896142 -10.3966 
404.004 1.14662 -10.8517 
422.117 1.42136 -11.3244 
440.333 1.72004 -11.8002 
458.584 2.04024 -12.2623 
476.782 2.37512 -12.6928 
494.821 2.71822 -13.0732 
512.586 3.05828 -13.3834 
529.952 3.38551 -13.6062 
546.798 3.68596 -13.7264 
563.003 3.95079 -13.729 
578.459 4.1638 -13.6069 
593.075 4.31829 -13.3583 
606.78 4.4068 -12.9802 
619.523 4.42211 -12.4817 
631.278 4.36465 -11.8699 
642.041 4.23246 -11.159 
651.829 4.03155 -10.3621 
660.673 3.76499 -9.49634 
668.622 3.44179 -8.57831 
675.734 3.06888 -7.62433 
682.079 2.6552 -6.64997 
687.727 2.21059 -5.66967 
692.753 1.74443 -4.69756 
697.231 1.26505 -3.74381 
701.23 0.781422 -2.81856 
704.818 0.300752 -1.92989 
708.055 -0.170302 -1.08327 
710.995 -0.625756 -0.283501 
713.686 -1.06079 0.466512 
716.167 -1.47173 1.16505 
718.47 -1.85553 1.81135 
720.622 -2.21027 2.4055 
722.643 -2.53392 2.94813 
724.547 -2.82597 3.44029 
726.34 -3.08374 3.88564 
728.017 -3.30803 4.2862 
729.561 -3.49457 4.64715 
730.94 -3.64364 4.97167 
732.108 -3.75084 5.26693 
732.993 -3.81681 5.5442 
733.514 -3.85057 5.8208 
733.604 -3.88198 6.10916 
733.296 -3.95328 6.40104 
732.642 -4.03928 6.79367 
731.547 -4.26986 7.35991 
729.75 -3.88816 8.64413 
354.209 0.423587 -10.7711 
373.898 0.849529 -11.1828 
393.566 1.18809 -11.8373 
413.57 1.5627 -12.5821 
433.925 1.98522 -13.3732 
454.576 2.45234 -14.1786 
475.411 2.95844 -14.9612 
496.271 3.49043 -15.6778 
516.955 4.02822 -16.2851 
537.238 4.54951 -16.7359 
556.871 5.02614 -16.9877 
575.604 5.42946 -17.0025 
593.201 5.7303 -16.7538 
609.463 5.90051 -16.2279 
624.225 5.9272 -15.4244 
637.379 5.79272 -14.3551 
648.874 5.49435 -13.0443 
658.707 5.03822 -11.5263 
666.928 4.43292 -9.83937 
673.625 3.69719 -8.02684 
678.92 2.85093 -6.13034 
682.954 1.91784 -4.19298 
685.884 0.92166 -2.25177 
687.874 -0.11337 -0.341861 
689.084 -1.16402 1.5086 
689.67 -2.21113 3.27639 
689.774 -3.23574 4.94382 
689.528 -4.22453 6.49854 
689.05 -5.16577 7.92938 
688.44 -6.04613 9.23579 
687.777 -6.86348 10.4152 
687.134 -7.61256 11.4689 
686.56 -8.28707 12.4049 
686.092 -8.894 13.2249 
685.759 -9.42702 13.9386 
685.574 -9.89253 14.5525 
685.544 -10.2917 15.0758 
685.668 -10.6288 15.5155 
685.938 -10.9066 15.8804 
686.33 -11.1255 16.1796 
686.816 -11.2913 16.4213 
687.353 -11.4022 16.6117 
687.886 -11.4592 16.7582 
688.323 -11.4518 16.8773 
688.511 -11.378 17.0007 
688.226 -11.2538 17.1886 
687.259 -11.1544 17.498 
685.275 -10.9804 18.2357 
680.465 -10.8756 20.5581 
673.795 -12.7356 22.8343 
380.996 1.02855 -13.2604 
403.775 1.6512 -14.0361 
426.89 2.2069 -15.2343 
450.754 2.85512 -16.5393 
475.254 3.58779 -17.8538 
500.145 4.38183 -19.0826 
525.06 5.19931 -20.1095 
549.513 5.98518 -20.8049 
572.948 6.66561 -21.0422 
594.79 7.15968 -20.7106 
614.504 7.38608 -19.7431 
631.654 7.28585 -18.1169 
645.926 6.82447 -15.8581 
657.151 5.99189 -13.0369 
665.309 4.80831 -9.74946 
670.501 3.31293 -6.11792 
672.94 1.56191 -2.26574 
672.915 -0.381355 1.68467 
670.765 -2.44975 5.62275 
666.856 -4.58036 9.4516 
661.558 -6.71178 13.0949 
655.229 -8.79781 16.4932 
648.204 -10.7945 19.6074 
640.774 -12.6707 22.4128 
633.205 -14.4062 24.9038 
625.709 -15.9879 27.0809 
618.464 -17.4096 28.9599 
611.607 -18.6739 30.5565 
605.243 -19.7826 31.8953 
599.446 -20.747 33.0078 
594.261 -21.5815 33.908 
589.715 -22.2842 34.6324 
585.806 -22.8797 35.2066 
582.526 -23.3782 35.6407 
579.861 -23.7807 35.9677 
577.771 -24.1082 36.1961 
576.216 -24.3561 36.3526 
575.154 -24.5537 36.4367 
574.545 -24.684 36.4705 
574.328 -24.767 36.4619 
574.451 -24.8046 36.4117 
574.856 -24.7906 36.3305 
575.475 -24.7336 36.2153 
576.237 -24.6197 36.0701 
576.978 -24.4133 35.912 
577.37 -24.0802 35.7976 
576.919 -23.6428 35.7919 
575.034 -22.9891 35.9623 
567.438 -20.2922 39.0518 
545.409 -20.2759 39.4771 
418.418 2.44672 -17.9165 
446.597 3.34819 -19.4945 
475.958 4.33019 -21.6037 
506.352 5.49881 -23.5594 
536.882 6.70357 -25.0128 
566.441 7.76317 -25.6076 
593.784 8.47603 -25.0308 
617.702 8.65136 -23.0845 
637.172 8.15196 -19.7271 
651.491 6.92059 -15.0794 
660.324 4.99005 -9.39225 
663.706 2.46005 -2.98646 
661.976 -0.521238 3.79044 
655.7 -3.78512 10.6096 
645.592 -7.16037 17.1834 
632.439 -10.4979 23.2884 
617.035 -13.6747 28.7588 
600.138 -16.5896 33.4951 
582.434 -19.1812 37.4525 
564.503 -21.4052 40.637 
546.827 -23.2617 43.0942 
529.785 -24.7622 44.8858 
513.663 -25.9307 46.1036 
498.644 -26.8063 46.8401 
484.847 -27.4357 47.185 
472.332 -27.8626 47.2267 
461.108 -28.1291 47.0444 
451.151 -28.2764 46.7001 
442.417 -28.3336 46.2534 
434.843 -28.3322 45.745 
428.351 -28.2869 45.2098 
422.876 -28.2273 44.6791 
418.333 -28.1577 44.1603 
414.639 -28.08 43.6755 
411.723 -28.0186 43.2356 
409.507 -27.9664 42.8366 
407.928 -27.9269 42.49 
406.899 -27.896 42.1862 
406.377 -27.8865 41.9352 
406.292 -27.8864 41.7227 
406.59 -27.8917 41.5479 
407.227 -27.9083 41.4045 
408.154 -27.9213 41.2787 
409.341 -27.9311 41.1585 
410.753 -27.9121 41.0227 
412.215 -27.7738 40.8638 
413.246 -27.4329 40.7096 
413.625 -27.1 40.2961 
413.633 -25.765 38.5148 
419.939 -23.2162 22.9255 
477.628 5.69108 -26.484 
513.932 6.92689 -28.7595 
550.573 8.29625 -30.1543 
584.996 9.27485 -29.4811 
614.595 9.38878 -26.3089 
637.249 8.37 -20.6038 
651.534 6.17334 -12.7455 
656.866 2.94902 -3.41504 
653.477 -1.01087 6.59058 
642.251 -5.34917 16.5037 
624.504 -9.7353 25.6961 
601.78 -13.8823 33.7024 
575.661 -17.5585 40.2358 
547.644 -20.6157 45.1719 
519.037 -22.9756 48.5181 
490.897 -24.6177 50.4099 
464.012 -25.6017 51.0438 
438.928 -26.0071 50.6721 
415.956 -25.953 49.5467 
395.237 -25.558 47.9102 
376.767 -24.9267 45.9605 
360.46 -24.1492 43.8644 
346.176 -23.3059 41.7468 
333.742 -22.446 39.693 
322.974 -21.6102 37.7567 
313.698 -20.8229 35.973 
305.744 -20.1012 34.3567 
298.959 -19.454 32.9097 
293.21 -18.8833 31.6314 
288.37 -18.3881 30.5136 
284.332 -17.969 29.5473 
281.004 -17.6217 28.7155 
278.309 -17.3395 28.011 
276.173 -17.1189 27.4248 
274.525 -16.9533 26.938 
273.315 -16.8378 26.5445 
272.494 -16.7685 26.2358 
272.013 -16.739 26.0002 
271.831 -16.7447 25.828 
271.919 -16.7826 25.712 
272.245 -16.8458 25.6479 
272.784 -16.9354 25.6219 
273.529 -17.0461 25.6292 
274.484 -17.1786 25.6546 
275.689 -17.3344 25.6779 
277.215 -17.4901 25.6676 
278.878 -17.4809 25.6491 
280.156 -17.4065 25.5898 
282.511 -17.9094 25.3606 
286.072 -18.8548 27.1609 
564.861 10.0933 -33.5736 
601.321 9.80345 -30.5884 
630.025 8.61659 -23.1308 
646.961 5.79556 -12.2054 
650.732 1.62462 0.687269 
641.793 -3.32223 13.9595 
621.872 -8.44168 26.2562 
593.44 -13.2174 36.6155 
559.229 -17.2656 44.4907 
521.903 -20.3582 49.6936 
483.799 -22.3883 52.3282 
446.799 -23.3975 52.7116 
412.253 -23.5014 51.3205 
380.971 -22.9054 48.6789 
353.32 -21.8329 45.2916 
329.326 -20.4841 41.5796 
308.764 -19.0123 37.852 
291.29 -17.5394 34.3174 
276.507 -16.1404 31.0838 
264.034 -14.8607 28.1978 
253.516 -13.7141 25.6682 
244.64 -12.7094 23.4756 
237.137 -11.8366 21.5889 
230.787 -11.0879 19.9753 
225.402 -10.4488 18.5989 
220.832 -9.90575 17.4314 
216.948 -9.44854 16.4424 
213.649 -9.0648 15.609 
210.852 -8.7462 14.9114 
208.485 -8.48385 14.3318 
206.489 -8.27014 13.8552 
204.815 -8.10023 13.4686 
203.427 -7.97061 13.1624 
202.288 -7.8738 12.9291 
201.368 -7.80986 12.7567 
200.645 -7.77091 12.6418 
200.096 -7.75769 12.5768 
199.705 -7.76628 12.5548 
199.459 -7.79414 12.5693 
199.345 -7.83741 12.6166 
199.359 -7.89995 12.6878 
199.5 -7.97547 12.7745 
199.778 -8.06865 12.8686 
200.224 -8.18567 12.9524 
200.905 -8.33587 13.0021 
201.963 -8.54432 12.975 
203.646 -8.79749 12.7982 
205.65 -8.74934 12.5172 
208.148 -9.04053 11.6239 
218.78 -8.22291 5.77933 
639.958 7.04516 -14.7329 
645.755 2.24415 -0.758842 
636.021 -3.19493 15.5791 
611.279 -8.71046 30.159 
575.279 -13.5629 41.5357 
532.252 -17.3241 49.1322 
486.217 -19.7936 52.9544 
440.588 -20.9616 53.4193 
397.922 -20.9592 51.2318 
359.807 -20.0372 47.2433 
326.932 -18.5202 42.311 
299.276 -16.7058 37.129 
276.401 -14.8399 32.1844 
257.655 -13.074 27.7332 
242.365 -11.4931 23.8752 
229.911 -10.1286 20.6091 
219.761 -8.97458 17.8791 
211.468 -8.00584 15.605 
204.67 -7.1912 13.7081 
199.074 -6.50365 12.1206 
194.453 -5.92209 10.7842 
190.627 -5.42516 9.64887 
187.459 -4.99743 8.67584 
184.836 -4.62314 7.83132 
182.673 -4.28859 7.0896 
180.897 -3.984 6.42886 
179.447 -3.69952 5.83255 
178.272 -3.43028 5.2921 
177.322 -3.17567 4.80117 
176.557 -2.93582 4.35702 
175.941 -2.71261 3.95757 
175.444 -2.50616 3.60134 
175.043 -2.31811 3.28653 
174.719 -2.14846 3.01167 
174.455 -1.9961 2.77265 
174.243 -1.86154 2.56888 
174.07 -1.74371 2.39581 
173.931 -1.64146 2.25196 
173.821 -1.55538 2.13601 
173.735 -1.48539 2.04698 
173.671 -1.43144 1.98347 
173.63 -1.39604 1.94955 
173.612 -1.38273 1.94862 
173.624 -1.39851 1.99101 
173.688 -1.45995 2.09762 
173.856 -1.59996 2.30145 
174.301 -1.90025 2.6313 
175.562 -2.51513 2.96954 
177.885 -2.98298 2.95021 
187.639 -6.4344 0.99446 
617.773 -6.58774 30.0766 
576.419 -11.5114 41.195 
527.853 -15.3999 49.6228 
475.303 -17.6795 53.2444 
423.321 -18.5075 52.736 
375.382 -18.0791 49.1052 
333.571 -16.7193 43.5709 
298.624 -14.8388 37.3003 
270.299 -12.8176 31.1858 
247.809 -10.9124 25.7314 
230.182 -9.24744 21.1188 
216.461 -7.84601 17.3311 
205.796 -6.68141 14.2572 
197.494 -5.71551 11.7625 
191.024 -4.90982 9.7201 
185.996 -4.22912 8.02128 
182.131 -3.63865 6.57657 
179.225 -3.10339 5.31438 
177.114 -2.59313 4.1904 
175.636 -2.09906 3.19198 
174.632 -1.6331 2.32548 
173.968 -1.21323 1.5991 
173.545 -0.852425 1.01262 
173.286 -0.556877 0.558304 
173.137 -0.326403 0.221759 
173.055 -0.155803 -0.015857 
173.014 -0.0365135 -0.174325 
172.995 0.0417749 -0.273468 
172.987 0.0898407 -0.330885 
172.985 0.117166 -0.360227 
172.985 0.131156 -0.371683 
172.988 0.137151 -0.372155 
172.991 0.138713 -0.366356 
172.996 0.137984 -0.357138 
173.001 0.136269 -0.346348 
173.006 0.134245 -0.335086 
173.01 0.132347 -0.324096 
173.015 0.130703 -0.313668 
173.019 0.129457 -0.304232 
173.023 0.128675 -0.295959 
173.026 0.128471 -0.289149 
173.028 0.128979 -0.284123 
173.029 0.130512 -0.281435 
173.028 0.13352 -0.281888 
173.023 0.138691 -0.286517 
173.014 0.146114 -0.295457 
173 0.153111 -0.300325 
172.995 0.128641 -0.253744 
173.179 -0.0973016 0.0137604 
173.483 -0.598727 1.18836 
489.572 -16.5457 54.9969 
430.415 -16.4872 53.0822 
376.372 -16.0888 49.0511 
329.263 -14.6723 42.8426 
290.277 -12.7422 35.7368 
259.389 -10.7065 28.8512 
235.676 -8.82865 22.8295 
217.821 -7.20975 17.871 
204.483 -5.85514 13.9158 
194.533 -4.74509 10.7974 
187.153 -3.84904 8.32442 
181.795 -3.11783 6.31594 
178.09 -2.47483 4.61933 
175.71 -1.85246 3.15539 
174.297 -1.25488 1.93377 
173.528 -0.733951 0.988453 
173.158 -0.331659 0.329376 
173.012 -0.0629246 -0.0677974 
172.974 0.0843016 -0.259267 
172.98 0.141868 -0.316822 
173.002 0.146593 -0.302424 
173.031 0.126972 -0.256517 
173.061 0.0994379 -0.200948 
173.089 0.0718979 -0.146505 
173.113 0.0477809 -0.0984839 
173.133 0.0284117 -0.0593346 
173.148 0.0140203 -0.0296841 
173.159 0.00416616 -0.00885757 
173.167 -0.0020027 0.00471197 
173.172 -0.00548987 0.0129161 
173.176 -0.00718731 0.0174672 
173.178 -0.00779415 0.0197151 
173.18 -0.00778009 0.0205752 
173.181 -0.00744616 0.0206564 
173.182 -0.00697784 0.0203246 
173.182 -0.00647511 0.0197886 
173.183 -0.00598967 0.0191716 
173.183 -0.00555299 0.0185523 
173.183 -0.00517666 0.0179597 
173.183 -0.00486247 0.0174272 
173.183 -0.00461187 0.016961 
173.183 -0.00442255 0.0165897 
173.183 -0.00429532 0.0163261 
173.183 -0.00422292 0.0161893 
173.184 -0.00417196 0.016169 
173.184 -0.00393451 0.0160566 
173.184 -0.00289116 0.0147441 
173.181 0.00229903 0.00775008 
173.16 0.0221128 -0.0179382 
173.119 0.0464023 -0.1395 
335.356 -16.4478 45.4824 
294.242 -13.4436 38.3232 
260.371 -10.7692 30.1747 
234.38 -8.385 23.0229 
214.912 -6.40722 17.2597 
200.548 -4.88463 12.8041 
190.126 -3.75051 9.4057 
182.805 -2.90346 6.77271 
178.001 -2.20814 4.62984 
175.182 -1.52634 2.82498 
173.735 -0.862369 1.3933 
173.108 -0.325001 0.414129 
172.912 0.0089897 -0.109021 
172.901 0.145697 -0.286064 
172.951 0.157541 -0.27908 
173.013 0.118557 -0.204653 
173.07 0.070305 -0.120099 
173.113 0.0301635 -0.0504323 
173.142 0.00401182 -0.00516873 
173.159 -0.0088781 0.0169405 
173.169 -0.0128386 0.0235156 
173.174 -0.0123301 0.0223624 
173.176 -0.0101738 0.0183977 
173.177 -0.00771058 0.0139366 
173.177 -0.00546942 0.00988376 
173.176 -0.00362606 0.00654023 
173.176 -0.00221844 0.00397558 
173.175 -0.00121904 0.00214495 
173.174 -0.00056176 0.000933276 
173.174 -0.000166984 0.000196487 
173.173 4.5933e-05 -0.000210357 
173.173 0.000141514 -0.000406066 
173.173 0.000167875 -0.000477413 
173.172 0.000153966 -0.000479701 
173.172 0.000120996 -0.000448177 
173.172 7.95031e-05 -0.000401758 
173.172 3.58737e-05 -0.000351045 
173.172 -5.79997e-06 -0.000300771 
173.172 -4.41435e-05 -0.000254316 
173.172 -7.85128e-05 -0.000211597 
173.172 -0.00010849 -0.00017369 
173.172 -0.000135309 -0.000139283 
173.172 -0.000160007 -0.000107825 
173.172 -0.000185678 -7.68499e-05 
173.171 -0.000218389 -3.91809e-05 
173.172 -0.0002753 2.65555e-05 
173.172 -0.000394575 0.000189972 
173.172 -0.000631573 0.000641122 
173.173 -0.00133721 0.00180069 
173.175 0.000586922 0.00635283 
219.76 -13.4189 26.6735 
205.475 -10.418 20.6946 
194.437 -7.26054 14.5086 
186.588 -4.94774 9.92165 
180.932 -3.22699 6.58954 
176.909 -1.98019 4.08987 
174.412 -1.07208 2.12856 
173.217 -0.390622 0.720854 
172.836 0.0102416 -0.0346877 
172.842 0.138688 -0.260907 
172.961 0.124889 -0.230698 
173.072 0.0699409 -0.12931 
173.144 0.0203839 -0.0392751 
173.177 -0.00693128 0.0100509 
173.187 -0.0145784 0.0237499 
173.187 -0.0126716 0.0202978 
173.184 -0.0082544 0.0125418 
173.18 -0.00418981 0.00565689 
173.177 -0.00133418 0.0010766 
173.175 0.000260405 -0.00125117 
173.173 0.000906062 -0.00199365 
173.173 0.00100643 -0.00190352 
173.172 0.000873113 -0.00151401 
173.172 0.000676479 -0.00109413 
173.172 0.000489465 -0.000742201 
173.171 0.000335232 -0.000477184 
173.171 0.000217671 -0.00029067 
173.171 0.000133343 -0.000167365 
173.171 7.6178e-05 -9.12522e-05 
173.171 3.95647e-05 -4.80377e-05 
173.172 1.75026e-05 -2.62745e-05 
173.172 5.17724e-06 -1.75692e-05 
173.172 -1.05189e-06 -1.61218e-05 
173.172 -3.43784e-06 -1.84825e-05 
173.172 -3.71116e-06 -2.23399e-05 
173.172 -2.76972e-06 -2.6649e-05 
173.172 -1.14679e-06 -3.08568e-05 
173.172 7.11133e-07 -3.46133e-05 
173.172 2.67237e-06 -3.79298e-05 
173.172 4.60309e-06 -4.07902e-05 
173.172 6.42274e-06 -4.32334e-05 
173.172 8.17693e-06 -4.54033e-05 
173.172 9.9024e-06 -4.74563e-05 
173.172 1.17833e-05 -4.97438e-05 
173.172 1.40087e-05 -5.27572e-05 
173.172 1.67355e-05 -5.75015e-05 
173.172 1.90382e-05 -6.55253e-05 
173.172 8.3945e-06 -7.32374e-05 
173.172 -2.83033e-05 -6.62659e-05 
173.172 -0.000393122 -4.67329e-05 
89.4331 -0.722784 -5.62853 
90.8532 -5.48569 -2.39856 
102.85 -5.87721 -3.00732 
115.028 -6.19844 -3.33809 
127.401 -6.40898 -3.57564 
139.855 -6.58235 -3.7877 
152.38 -6.76426 -3.99744 
165.028 -6.97566 -4.21293 
177.877 -7.22124 -4.43407 
191.008 -7.49539 -4.6595 
204.48 -7.79355 -4.889 
218.343 -8.11156 -5.11896 
232.641 -8.44414 -5.34792 
247.405 -8.7864 -5.57282 
262.654 -9.13185 -5.792 
278.394 -9.47722 -6.00391 
294.629 -9.81953 -6.20638 
311.353 -10.153 -6.39811 
328.552 -10.4773 -6.5762 
346.22 -10.788 -6.74013 
364.319 -11.0753 -6.89002 
382.811 -11.3436 -7.02551 
401.67 -11.5938 -7.1437 
420.859 -11.8113 -7.24435 
440.309 -12 -7.32982 
459.979 -12.1599 -7.39975 
479.8 -12.2856 -7.4523 
499.717 -12.3765 -7.49227 
519.651 -12.4341 -7.51722 
539.546 -12.4525 -7.52793 
559.296 -12.4265 -7.5285 
578.829 -12.3685 -7.51994 
598.069 -12.2706 -7.49919 
616.921 -12.1265 -7.47306 
635.275 -11.9432 -7.44156 
653.056 -11.7238 -7.40545 
670.166 -11.4609 -7.365 
686.507 -11.1614 -7.32465 
701.993 -10.8233 -7.28201 
716.522 -10.4461 -7.24178 
730.013 -10.0379 -7.20325 
742.381 -9.59633 -7.16814 
753.56 -9.12853 -7.13653 
763.487 -8.63445 -7.10792 
772.098 -8.11715 -7.08483 
779.36 -7.58836 -7.06944 
785.261 -7.05326 -7.05813 
789.793 -6.51443 -7.05213 
793.008 -6.01097 -7.0452 
795.4 -5.7578 -6.98912 
796.474 -4.28351 -7.169 
101.575 -7.16496 -3.38961 
115.508 -6.94612 -3.68462 
128.832 -7.05815 -3.9399 
142.03 -7.19186 -4.1336 
155.21 -7.33298 -4.31016 
168.449 -7.49813 -4.48359 
181.828 -7.69215 -4.65789 
195.424 -7.91147 -4.83178 
209.307 -8.1515 -5.00288 
223.528 -8.40451 -5.16539 
238.125 -8.66198 -5.31741 
253.128 -8.92117 -5.45405 
268.557 -9.17475 -5.5735 
284.417 -9.4175 -5.67132 
300.709 -9.6457 -5.7469 
317.425 -9.85514 -5.79665 
334.55 -10.0432 -5.82014 
352.065 -10.2063 -5.81615 
369.948 -10.3439 -5.78118 
388.166 -10.4487 -5.71659 
406.68 -10.5227 -5.62334 
425.455 -10.5655 -5.50023 
444.448 -10.5737 -5.34981 
463.605 -10.5465 -5.17277 
482.875 -10.4849 -4.96786 
502.199 -10.3842 -4.73993 
521.525 -10.2531 -4.48956 
540.785 -10.0827 -4.21993 
559.917 -9.87935 -3.93233 
578.842 -9.63754 -3.63186 
597.49 -9.36506 -3.3188 
615.791 -9.05915 -2.99846 
633.663 -8.72043 -2.67086 
651.021 -8.34773 -2.34292 
667.79 -7.95017 -2.01663 
683.886 -7.52234 -1.6954 
699.226 -7.07029 -1.38133 
713.735 -6.59379 -1.07975 
727.328 -6.09484 -0.792492 
739.933 -5.57872 -0.523401 
751.477 -5.04529 -0.27508 
761.902 -4.50289 -0.0503939 
771.152 -3.95118 0.148975 
779.176 -3.39476 0.319544 
785.949 -2.84379 0.460649 
791.455 -2.30119 0.571339 
795.696 -1.77484 0.649863 
798.724 -1.29771 0.697007 
800.869 -0.974619 0.729726 
801.187 0.569188 0.966882 
116.97 -7.95298 -4.38385 
131.679 -7.74697 -4.49678 
145.873 -7.76551 -4.68181 
159.862 -7.85928 -4.86524 
173.795 -7.98801 -5.04408 
187.779 -8.14705 -5.21861 
201.901 -8.33048 -5.38804 
216.233 -8.52993 -5.54943 
230.826 -8.73915 -5.69783 
245.72 -8.94821 -5.8308 
260.934 -9.15229 -5.94408 
276.487 -9.34749 -6.03666 
292.382 -9.52829 -6.10331 
308.617 -9.6896 -6.1446 
325.185 -9.8315 -6.1589 
342.066 -9.94799 -6.14503 
359.245 -10.0407 -6.10285 
376.697 -10.1064 -6.0335 
394.395 -10.1442 -5.93643 
412.305 -10.1531 -5.81324 
430.392 -10.1334 -5.66423 
448.622 -10.0856 -5.49216 
466.954 -10.0081 -5.29436 
485.346 -9.90012 -5.07769 
503.746 -9.76279 -4.84238 
522.105 -9.59725 -4.5902 
540.379 -9.40622 -4.32261 
558.511 -9.18557 -4.04311 
576.445 -8.93878 -3.75237 
594.12 -8.66333 -3.45329 
611.476 -8.36347 -3.15006 
628.451 -8.0401 -2.8423 
644.978 -7.68947 -2.53469 
660.986 -7.31705 -2.22953 
676.413 -6.92374 -1.9274 
691.189 -6.50878 -1.63345 
705.244 -6.0742 -1.34848 
718.513 -5.62349 -1.07453 
730.929 -5.155 -0.816216 
742.427 -4.67469 -0.573825 
752.949 -4.18281 -0.350626 
762.445 -3.68466 -0.147923 
770.866 -3.18073 0.0324265 
778.175 -2.67669 0.188509 
784.347 -2.17798 0.319359 
789.373 -1.69001 0.424326 
793.257 -1.2191 0.502749 
796.051 -0.797463 0.555127 
798.069 -0.513095 0.576579 
798.008 1.3368 0.706448 
135.255 -8.31902 -4.86765 
150.336 -8.24714 -4.94541 
165.166 -8.27067 -5.07904 
179.843 -8.3393 -5.2184 
194.461 -8.43664 -5.35477 
209.11 -8.55783 -5.48224 
223.865 -8.69378 -5.59577 
238.787 -8.83584 -5.69392 
253.91 -8.97607 -5.77199 
269.259 -9.10898 -5.82879 
284.848 -9.22998 -5.86393 
300.681 -9.33768 -5.87383 
316.756 -9.42563 -5.85972 
333.066 -9.49602 -5.82173 
349.601 -9.54603 -5.75898 
366.341 -9.57298 -5.67345 
383.269 -9.58004 -5.56604 
400.365 -9.56489 -5.43655 
417.605 -9.52742 -5.28831 
434.957 -9.46717 -5.12045 
452.394 -9.38499 -4.93635 
469.886 -9.28304 -4.73687 
487.397 -9.15718 -4.52482 
504.89 -9.01275 -4.29869 
522.328 -8.8447 -4.06239 
539.669 -8.65706 -3.81872 
556.87 -8.45023 -3.56655 
573.887 -8.22266 -3.30847 
590.672 -7.97496 -3.04692 
607.172 -7.70642 -2.78288 
623.338 -7.42115 -2.51835 
639.115 -7.11521 -2.25421 
654.446 -6.7909 -1.9929 
669.272 -6.44859 -1.73614 
683.537 -6.08932 -1.48623 
697.179 -5.71431 -1.24276 
710.142 -5.32251 -1.0098 
722.365 -4.91768 -0.788213 
733.792 -4.49997 -0.578938 
744.366 -4.07048 -0.384265 
754.038 -3.6327 -0.205497 
762.761 -3.18844 -0.043479 
770.494 -2.73984 0.10042 
777.205 -2.29092 0.22531 
782.873 -1.84639 0.330506 
787.489 -1.41133 0.415455 
791.061 -0.990908 0.480327 
793.642 -0.622329 0.523725 
795.578 -0.386609 0.546214 
795.217 1.73256 0.631336 
154.93 -8.51035 -5.06117 
170.31 -8.51046 -5.11973 
185.586 -8.52976 -5.19906 
200.749 -8.55838 -5.27562 
215.839 -8.60241 -5.34433 
230.921 -8.66038 -5.40052 
246.052 -8.72534 -5.44123 
261.278 -8.7925 -5.46379 
276.628 -8.85271 -5.46738 
292.117 -8.90523 -5.4512 
307.757 -8.94655 -5.4149 
323.549 -8.97424 -5.35963 
339.49 -8.98826 -5.28635 
355.576 -8.98826 -5.19458 
371.796 -8.97217 -5.08584 
388.139 -8.94131 -4.9627 
404.59 -8.89572 -4.82394 
421.131 -8.83361 -4.67196 
437.743 -8.75697 -4.50647 
454.405 -8.66372 -4.33209 
471.091 -8.55604 -4.14654 
487.777 -8.43338 -3.95109 
504.435 -8.29344 -3.74719 
521.034 -8.13856 -3.53814 
537.537 -7.96769 -3.32195 
553.915 -7.78252 -3.10129 
570.128 -7.57961 -2.87626 
586.137 -7.3623 -2.64946 
601.902 -7.12897 -2.42042 
617.376 -6.87863 -2.19191 
632.514 -6.614 -1.96328 
647.269 -6.33272 -1.73816 
661.59 -6.03651 -1.51585 
675.427 -5.72513 -1.29869 
688.727 -5.39926 -1.08713 
701.437 -5.05885 -0.883706 
713.504 -4.70609 -0.688765 
724.877 -4.34059 -0.503394 
735.503 -3.96365 -0.329669 
745.333 -3.57687 -0.168063 
754.32 -3.18212 -0.0195535 
762.422 -2.78089 0.114992 
769.603 -2.37549 0.234997 
775.832 -1.96915 0.339709 
781.09 -1.56609 0.428755 
785.371 -1.17094 0.502031 
788.682 -0.788782 0.558905 
791.086 -0.465273 0.597461 
792.952 -0.257571 0.629876 
792.323 2.06845 0.684288 
175.087 -8.55869 -5.06032 
190.653 -8.57227 -5.07513 
206.16 -8.55842 -5.09613 
221.552 -8.53818 -5.1076 
236.842 -8.52419 -5.11162 
252.076 -8.52017 -5.10491 
267.299 -8.5219 -5.08579 
282.55 -8.52556 -5.05296 
297.852 -8.52531 -5.00649 
313.223 -8.52087 -4.94697 
328.671 -8.50982 -4.87442 
344.203 -8.49131 -4.78969 
359.819 -8.46436 -4.69306 
375.515 -8.42786 -4.58546 
391.286 -8.38201 -4.46795 
407.124 -8.32702 -4.33985 
423.018 -8.25988 -4.20241 
438.954 -8.18288 -4.05704 
454.915 -8.09401 -3.90297 
470.885 -7.99449 -3.7399 
486.844 -7.88023 -3.56989 
502.767 -7.75505 -3.39363 
518.63 -7.61635 -3.2115 
534.409 -7.46621 -3.02309 
550.072 -7.29968 -2.83075 
565.588 -7.12194 -2.63349 
580.926 -6.9287 -2.4343 
596.05 -6.72374 -2.23262 
610.922 -6.50272 -2.02907 
625.504 -6.2685 -1.82593 
639.752 -6.01964 -1.62346 
653.628 -5.75834 -1.42307 
667.083 -5.48156 -1.22577 
680.072 -5.19236 -1.03275 
692.549 -4.88974 -0.845761 
704.466 -4.57509 -0.665064 
715.774 -4.24827 -0.491961 
726.426 -3.91039 -0.328291 
736.375 -3.56268 -0.174128 
745.576 -3.2055 -0.0309661 
753.986 -2.84084 0.10055 
761.564 -2.46998 0.220098 
768.276 -2.09474 0.32716 
774.094 -1.71819 0.421517 
779 -1.34429 0.502626 
782.989 -0.97709 0.570403 
786.067 -0.623574 0.623846 
788.314 -0.335809 0.66153 
790.103 -0.141168 0.70639 
789.237 2.33654 0.728292 
195.008 -8.45886 -4.89851 
210.595 -8.4581 -4.86858 
226.116 -8.40436 -4.84241 
241.498 -8.34338 -4.80806 
256.754 -8.289 -4.76957 
271.919 -8.24468 -4.72683 
287.031 -8.20828 -4.67757 
302.125 -8.17719 -4.62179 
317.224 -8.14734 -4.55952 
332.344 -8.11783 -4.4898 
347.499 -8.08592 -4.41323 
362.693 -8.05068 -4.32917 
377.93 -8.01074 -4.23832 
393.209 -7.96508 -4.14052 
408.526 -7.9129 -4.03536 
423.872 -7.85244 -3.92235 
439.238 -7.78286 -3.80201 
454.612 -7.70483 -3.67354 
469.98 -7.61482 -3.53761 
485.325 -7.51528 -3.39522 
500.627 -7.40364 -3.24551 
515.866 -7.28074 -3.08792 
531.021 -7.14472 -2.92419 
546.067 -6.99662 -2.75406 
560.976 -6.83462 -2.5787 
575.721 -6.6603 -2.3988 
590.274 -6.47316 -2.2148 
604.603 -6.27316 -2.02764 
618.673 -6.05851 -1.83891 
632.45 -5.83231 -1.64871 
645.897 -5.59229 -1.45931 
658.977 -5.34092 -1.27071 
671.649 -5.07535 -1.08464 
683.871 -4.79885 -0.902447 
695.602 -4.51045 -0.724858 
706.8 -4.21072 -0.55344 
717.419 -3.9005 -0.389349 
727.418 -3.58109 -0.233457 
736.753 -3.25216 -0.0868488 
745.384 -2.91534 0.0496326 
753.268 -2.57143 0.17539 
760.369 -2.22146 0.290092 
766.652 -1.86726 0.393492 
772.09 -1.51158 0.485333 
776.666 -1.15843 0.565409 
780.377 -0.811915 0.633043 
783.232 -0.480882 0.68708 
785.326 -0.222483 0.726765 
787.023 -0.034707 0.785718 
785.956 2.54906 0.777821 
214.139 -8.25107 -4.63695 
229.606 -8.23139 -4.5817 
244.983 -8.153 -4.53274 
260.209 -8.07466 -4.48199 
275.299 -8.00684 -4.43237 
290.287 -7.95124 -4.38302 
305.207 -7.90534 -4.33406 
320.088 -7.86797 -4.28341 
334.953 -7.83479 -4.2305 
349.816 -7.80346 -4.17435 
364.689 -7.77231 -4.11417 
379.576 -7.73872 -4.04918 
394.479 -7.70188 -3.97841 
409.397 -7.65958 -3.90162 
424.322 -7.60959 -3.81663 
439.247 -7.55128 -3.7248 
454.162 -7.48446 -3.62566 
469.052 -7.40714 -3.51705 
483.903 -7.31843 -3.40037 
498.7 -7.21947 -3.27436 
513.423 -7.10619 -3.13928 
528.052 -6.98107 -2.99655 
542.567 -6.8439 -2.8457 
556.945 -6.69302 -2.6864 
571.163 -6.52943 -2.52121 
585.194 -6.35311 -2.34931 
599.014 -6.16357 -2.17164 
612.595 -5.96171 -1.98956 
625.908 -5.74671 -1.80463 
638.92 -5.51955 -1.61701 
651.603 -5.28105 -1.42907 
663.92 -5.03061 -1.24078 
675.838 -4.76841 -1.0548 
687.321 -4.49653 -0.871727 
698.331 -4.21381 -0.693054 
708.831 -3.92171 -0.519988 
718.782 -3.62081 -0.354206 
728.145 -3.31187 -0.19625 
736.883 -2.99505 -0.0475211 
744.957 -2.67154 0.0911259 
752.327 -2.34159 0.219484 
758.958 -2.006 0.336978 
764.817 -1.66649 0.443598 
769.876 -1.32567 0.539078 
774.121 -0.987788 0.6231 
777.549 -0.657725 0.694641 
780.174 -0.345563 0.752541 
782.105 -0.112371 0.796561 
783.695 0.0696401 0.870374 
782.456 2.72421 0.836395 
232.193 -8.00828 -4.35608 
247.48 -7.98037 -4.30176 
262.659 -7.90089 -4.25798 
277.693 -7.83101 -4.21712 
292.605 -7.77382 -4.1812 
307.423 -7.7295 -4.1498 
322.177 -7.6964 -4.12116 
336.89 -7.67084 -4.09358 
351.58 -7.64995 -4.06552 
366.257 -7.63016 -4.03509 
380.928 -7.60973 -4.0011 
395.594 -7.58571 -3.96219 
410.253 -7.55671 -3.91698 
424.9 -7.52056 -3.86381 
439.525 -7.47417 -3.80297 
454.116 -7.41925 -3.7324 
468.662 -7.3533 -3.6517 
483.148 -7.27351 -3.56079 
497.555 -7.18233 -3.45911 
511.869 -7.07764 -3.34562 
526.07 -6.95815 -3.22168 
540.139 -6.82643 -3.0867 
554.058 -6.68033 -2.94084 
567.806 -6.52022 -2.78656 
581.36 -6.34743 -2.62122 
594.701 -6.16069 -2.44875 
607.804 -5.96108 -2.26888 
620.647 -5.7501 -2.08312 
633.205 -5.52671 -1.8922 
645.452 -5.29129 -1.69824 
657.363 -5.04648 -1.50186 
668.909 -4.78999 -1.30533 
680.06 -4.52467 -1.10989 
690.787 -4.25027 -0.916824 
701.059 -3.96719 -0.728102 
710.843 -3.67643 -0.544789 
720.106 -3.37897 -0.368353 
728.815 -3.07482 -0.200375 
736.936 -2.76509 -0.0420322 
744.432 -2.4499 0.106151 
751.27 -2.12915 0.243395 
757.412 -1.80361 0.36965 
762.825 -1.47448 0.484814 
767.485 -1.14479 0.588571 
771.376 -0.819058 0.680385 
774.5 -0.503069 0.759201 
776.877 -0.20802 0.822967 
778.626 0.00209495 0.873094 
780.092 0.175916 0.962198 
778.702 2.87545 0.906406 
249.182 -7.80903 -4.12588 
264.326 -7.78506 -4.09736 
279.356 -7.72597 -4.07978 
294.262 -7.68242 -4.06798 
309.072 -7.65231 -4.06271 
323.809 -7.63392 -4.06306 
338.496 -7.62475 -4.06712 
353.146 -7.62086 -4.07225 
367.772 -7.61936 -4.07656 
382.376 -7.61641 -4.07844 
396.958 -7.61016 -4.07519 
411.515 -7.59759 -4.06571 
426.037 -7.57675 -4.04783 
440.515 -7.54548 -4.02041 
454.933 -7.5021 -3.98203 
469.277 -7.44609 -3.93196 
483.533 -7.37653 -3.86876 
497.681 -7.29093 -3.7922 
511.702 -7.1904 -3.70067 
525.581 -7.07422 -3.59613 
539.298 -6.94267 -3.4774 
552.835 -6.79625 -3.34478 
566.173 -6.63363 -3.19801 
579.297 -6.45737 -3.03827 
592.185 -6.26516 -2.86759 
604.822 -6.06164 -2.68572 
617.188 -5.84374 -2.49438 
629.265 -5.61514 -2.29492 
641.036 -5.37461 -2.08923 
652.478 -5.12384 -1.87863 
663.573 -4.86447 -1.66539 
674.299 -4.59555 -1.45026 
684.634 -4.31935 -1.23581 
694.554 -4.03621 -1.02414 
704.035 -3.74682 -0.816168 
713.049 -3.45172 -0.614148 
721.572 -3.15253 -0.419865 
729.575 -2.84934 -0.234604 
737.029 -2.54266 -0.0596307 
743.903 -2.23206 0.10398 
750.162 -1.91744 0.255845 
755.772 -1.59877 0.395883 
760.7 -1.27735 0.52404 
764.921 -0.956439 0.64007 
768.422 -0.641198 0.74318 
771.209 -0.338334 0.83172 
773.31 -0.0602393 0.903766 
774.853 0.127846 0.960621 
776.176 0.289022 1.06575 
774.65 3.01275 0.99107 
265.372 -7.71131 -3.99575 
280.488 -7.70225 -4.0084 
295.494 -7.67662 -4.03148 
310.404 -7.67033 -4.06098 
325.249 -7.67645 -4.09697 
340.045 -7.69171 -4.13845 
354.805 -7.71291 -4.18298 
369.535 -7.73568 -4.2284 
384.236 -7.75755 -4.27181 
398.905 -7.77457 -4.31096 
413.531 -7.78375 -4.34361 
428.104 -7.78342 -4.36758 
442.606 -7.76989 -4.38017 
457.022 -7.74265 -4.38071 
471.331 -7.6991 -4.36692 
485.514 -7.63918 -4.33744 
499.55 -7.56065 -4.29006 
513.42 -7.46355 -4.22605 
527.1 -7.34718 -4.14372 
540.573 -7.21352 -4.04183 
553.822 -7.06057 -3.92214 
566.829 -6.88979 -3.78324 
579.576 -6.70135 -3.62839 
592.049 -6.49788 -3.45574 
604.234 -6.27882 -3.26837 
616.118 -6.04607 -3.06635 
627.689 -5.80022 -2.85305 
638.934 -5.54394 -2.62901 
649.841 -5.27717 -2.3967 
660.399 -5.00176 -2.15901 
670.594 -4.71933 -1.91613 
680.413 -4.42913 -1.67214 
689.841 -4.13495 -1.42847 
698.863 -3.83648 -1.18703 
707.463 -3.53405 -0.950605 
715.62 -3.22964 -0.721001 
723.317 -2.92423 -0.49995 
730.533 -2.61773 -0.28954 
737.244 -2.31055 -0.0910742 
743.423 -2.00189 0.0945045 
749.037 -1.69084 0.266736 
754.052 -1.37693 0.425456 
758.436 -1.06145 0.570878 
762.163 -0.747882 0.702798 
765.225 -0.442584 0.820198 
767.631 -0.153238 0.921289 
769.419 0.107506 1.00334 
770.724 0.273166 1.06878 
771.884 0.417473 1.18989 
770.233 3.14638 1.09966 
281.185 -7.75527 -3.99201 
296.448 -7.76599 -4.05909 
311.605 -7.78382 -4.13259 
326.698 -7.82161 -4.21311 
341.755 -7.87091 -4.30054 
356.787 -7.92652 -4.39306 
371.798 -7.9845 -4.48867 
386.782 -8.04032 -4.58408 
401.731 -8.09082 -4.67679 
416.63 -8.13234 -4.76368 
431.458 -8.16123 -4.84163 
446.196 -8.17532 -4.90751 
460.815 -8.17023 -4.95882 
475.294 -8.14718 -4.99321 
489.602 -8.10104 -5.00792 
503.714 -8.03227 -5.00038 
517.603 -7.93908 -4.97077 
531.246 -7.82357 -4.91629 
544.617 -7.68204 -4.83666 
557.696 -7.51829 -4.73242 
570.467 -7.33245 -4.6023 
582.912 -7.1242 -4.44863 
595.018 -6.89759 -4.27096 
606.775 -6.65139 -4.07198 
618.174 -6.39028 -3.85262 
629.21 -6.11432 -3.61627 
639.875 -5.82691 -3.36388 
650.169 -5.529 -3.09912 
660.088 -5.22308 -2.82443 
669.628 -4.91079 -2.54153 
678.787 -4.59303 -2.25503 
687.56 -4.27259 -1.9666 
695.944 -3.95083 -1.67932 
703.932 -3.62823 -1.3953 
711.516 -3.30627 -1.11739 
718.688 -2.98627 -0.848404 
725.437 -2.66923 -0.590276 
731.749 -2.35542 -0.344943 
737.609 -2.04447 -0.114256 
742.992 -1.73518 0.100683 
747.869 -1.42598 0.299292 
752.207 -1.11584 0.481729 
755.971 -0.805421 0.648509 
759.135 -0.498714 0.79977 
761.694 -0.203144 0.934953 
763.665 0.0719072 1.05143 
765.093 0.313727 1.14614 
766.122 0.457916 1.22251 
767.088 0.581261 1.3615 
765.317 3.29584 1.25959 
297.145 -7.96866 -4.13618 
312.771 -8.00592 -4.26895 
328.299 -8.07596 -4.40602 
343.797 -8.16881 -4.55255 
359.292 -8.27263 -4.70687 
374.788 -8.38056 -4.86842 
390.277 -8.48805 -5.03343 
405.744 -8.58918 -5.19903 
421.165 -8.68056 -5.36066 
436.512 -8.75702 -5.51432 
451.754 -8.81413 -5.65576 
466.852 -8.84891 -5.78071 
481.77 -8.85675 -5.88505 
496.467 -8.83676 -5.9628 
510.909 -8.78469 -6.0134 
525.054 -8.7001 -6.03223 
538.87 -8.58328 -6.01699 
552.327 -8.43326 -5.96601 
565.397 -8.2498 -5.87916 
578.059 -8.03721 -5.75564 
590.295 -7.79499 -5.59696 
602.093 -7.52687 -5.40411 
613.445 -7.23481 -5.17899 
624.348 -6.92275 -4.9258 
634.801 -6.59384 -4.64667 
644.81 -6.25131 -4.34478 
654.38 -5.89754 -4.02453 
663.521 -5.53694 -3.68945 
672.241 -5.17095 -3.34287 
680.551 -4.80241 -2.98992 
688.46 -4.43469 -2.63319 
695.976 -4.06819 -2.27664 
703.108 -3.70608 -1.92351 
709.861 -3.34859 -1.57731 
716.238 -2.99785 -1.24058 
722.241 -2.65523 -0.916357 
727.869 -2.32095 -0.607068 
733.119 -1.99547 -0.315058 
737.979 -1.67815 -0.0421185 
742.434 -1.36695 0.210478 
746.456 -1.05955 0.442049 
750.012 -0.753851 0.652909 
753.063 -0.449559 0.843911 
755.582 -0.150141 1.01696 
757.562 0.136028 1.17258 
759.029 0.395616 1.30831 
760.041 0.616671 1.41918 
760.737 0.744567 1.51233 
761.451 0.85326 1.67992 
759.544 3.52825 1.57672 
313.858 -8.38917 -4.45737 
330.122 -8.46346 -4.67693 
346.302 -8.60577 -4.90162 
362.499 -8.77576 -5.14093 
378.738 -8.95768 -5.39453 
395.015 -9.14445 -5.65921 
411.31 -9.3276 -5.93121 
427.59 -9.50091 -6.20532 
443.814 -9.65702 -6.47448 
459.934 -9.78975 -6.7322 
475.894 -9.89132 -6.96989 
491.637 -9.95659 -7.17989 
507.102 -9.97916 -7.35519 
522.229 -9.95576 -7.48961 
536.961 -9.88395 -7.57401 
551.248 -9.76034 -7.60736 
565.04 -9.58642 -7.58377 
578.303 -9.36293 -7.50271 
591.003 -9.09239 -7.36457 
603.121 -8.77959 -7.17038 
614.645 -8.42822 -6.9231 
625.569 -8.04332 -6.62651 
635.898 -7.63063 -6.28648 
645.643 -7.19771 -5.90788 
654.824 -6.74799 -5.49767 
663.457 -6.28753 -5.06124 
671.572 -5.82221 -4.60608 
679.194 -5.35632 -4.13739 
686.35 -4.89285 -3.6615 
693.069 -4.43708 -3.18384 
699.379 -3.9904 -2.70928 
705.303 -3.55542 -2.24261 
710.864 -3.13455 -1.78745 
716.081 -2.72849 -1.34759 
720.971 -2.33856 -0.926454 
725.546 -1.96606 -0.526085 
729.818 -1.61056 -0.14909 
733.789 -1.27224 0.202402 
737.46 -0.949497 0.526853 
740.817 -0.639666 0.822975 
743.839 -0.33935 1.09033 
746.491 -0.0447824 1.32917 
748.73 0.246324 1.54184 
750.517 0.533929 1.73223 
751.833 0.810549 1.9067 
752.708 1.05796 2.06746 
753.223 1.26003 2.20651 
753.488 1.3943 2.33727 
753.79 1.53436 2.57288 
751.628 4.14105 2.50684 
332.08 -9.08964 -5.02177 
349.354 -9.2267 -5.37029 
366.589 -9.48478 -5.73149 
383.923 -9.77968 -6.12186 
401.379 -10.0936 -6.54007 
418.94 -10.4139 -6.98016 
436.564 -10.7283 -7.43365 
454.192 -11.0235 -7.88818 
471.748 -11.2855 -8.33108 
489.145 -11.502 -8.74528 
506.284 -11.6577 -9.11586 
523.065 -11.7427 -9.42535 
539.387 -11.7472 -9.65991 
555.15 -11.6632 -9.80356 
570.266 -11.4865 -9.84975 
584.659 -11.2209 -9.79046 
598.267 -10.8644 -9.62366 
611.048 -10.4279 -9.35183 
622.974 -9.91793 -8.97911 
634.039 -9.34632 -8.51525 
644.249 -8.72384 -7.96969 
653.627 -8.06321 -7.35617 
662.205 -7.377 -6.68682 
670.028 -6.67687 -5.97512 
677.15 -5.9731 -5.23458 
683.623 -5.27462 -4.47838 
689.507 -4.59148 -3.71718 
694.86 -3.92862 -2.96191 
699.738 -3.29199 -2.22157 
704.196 -2.68624 -1.50351 
708.283 -2.11317 -0.81405 
712.045 -1.57498 -0.158288 
715.52 -1.07226 0.460373 
718.742 -0.605076 1.03922 
721.738 -0.172798 1.57666 
724.532 0.225424 2.07157 
727.141 0.591142 2.5236 
729.575 0.925761 2.9324 
731.839 1.23358 3.29921 
733.924 1.51782 3.62322 
735.809 1.78439 3.90604 
737.459 2.03803 4.14745 
738.822 2.28623 4.35135 
739.835 2.53679 4.52758 
740.439 2.79529 4.69382 
740.626 3.04718 4.87364 
740.488 3.2736 5.07934 
740.042 3.53379 5.36682 
739.382 3.88979 5.86511 
736.455 6.40835 5.92026 
352.904 -10.2325 -5.98938 
371.777 -10.4989 -6.56031 
390.734 -10.975 -7.171 
409.96 -11.505 -7.8429 
429.458 -12.0624 -8.56312 
449.179 -12.6202 -9.31283 
469.03 -13.1492 -10.0653 
488.881 -13.617 -10.7877 
508.574 -13.9922 -11.4433 
527.926 -14.2408 -11.9916 
546.742 -14.3341 -12.3929 
564.824 -14.2474 -12.6112 
581.984 -13.9671 -12.6164 
598.061 -13.4861 -12.3953 
612.915 -12.8125 -11.9368 
626.456 -11.9597 -11.2467 
638.626 -10.9484 -10.3427 
649.409 -9.80944 -9.24651 
658.831 -8.57075 -7.99014 
666.945 -7.2665 -6.60622 
673.831 -5.92477 -5.13105 
679.591 -4.57641 -3.59918 
684.34 -3.24541 -2.04398 
688.198 -1.9547 -0.495532 
691.289 -0.721214 1.02087 
693.735 0.441611 2.4833 
695.651 1.52452 3.87546 
697.145 2.52132 5.18383 
698.317 3.42709 6.39764 
699.249 4.24468 7.51346 
700.015 4.97317 8.52828 
700.68 5.61666 9.43977 
701.287 6.18184 10.2544 
701.88 6.67122 10.9711 
702.483 7.09287 11.5976 
703.118 7.45159 12.1379 
703.796 7.7549 12.5989 
704.52 8.00718 12.9864 
705.287 8.21832 13.3044 
706.078 8.39283 13.5619 
706.867 8.54152 13.76 
707.612 8.66861 13.9043 
708.253 8.78708 13.9946 
708.689 8.91684 14.042 
708.775 9.08763 14.0732 
708.354 9.32836 14.152 
707.366 9.68139 14.3701 
705.438 10.5249 14.9658 
701.475 12.0929 16.7365 
695.852 14.492 17.5095 
378.301 -12.2118 -7.78566 
399.831 -12.7745 -8.77939 
421.764 -13.6793 -9.86105 
444.297 -14.6399 -11.0362 
467.343 -15.5978 -12.2518 
490.714 -16.4748 -13.4319 
514.13 -17.1776 -14.4798 
537.227 -17.6077 -15.2818 
559.593 -17.6765 -15.7211 
580.795 -17.3102 -15.6967 
600.425 -16.4722 -15.142 
618.124 -15.1592 -14.0298 
633.611 -13.4036 -12.3726 
646.709 -11.2681 -10.2191 
657.336 -8.8271 -7.64651 
665.51 -6.1753 -4.74868 
671.336 -3.40228 -1.62589 
674.986 -0.593588 1.62181 
676.685 2.17461 4.90258 
676.691 4.83937 8.13437 
675.279 7.35131 11.2518 
672.729 9.67308 14.2004 
669.304 11.7843 16.9418 
665.258 13.6684 19.4547 
660.816 15.3288 21.7232 
656.177 16.7667 23.7464 
651.509 17.997 25.5294 
646.952 19.031 27.081 
642.624 19.8846 28.4207 
638.607 20.5872 29.563 
634.969 21.1442 30.5215 
631.748 21.5801 31.3239 
628.965 21.9177 31.9811 
626.635 22.1561 32.5094 
624.749 22.3253 32.9273 
623.295 22.4271 33.2444 
622.239 22.4823 33.4828 
621.568 22.4892 33.6405 
621.236 22.465 33.7377 
621.2 22.4175 33.7774 
621.413 22.347 33.7624 
621.814 22.264 33.6995 
622.34 22.1689 33.5845 
622.884 22.0825 33.4063 
623.23 22.0451 33.1697 
623.013 22.1273 32.9055 
621.815 22.3689 32.6945 
618.669 23.4214 32.4197 
607.119 27.9426 34.3005 
591.434 32.8154 38.8414 
412.587 -15.9246 -11.4185 
438.853 -17.1923 -13.2135 
466.156 -18.8352 -15.0974 
494.325 -20.2875 -16.8782 
522.788 -21.31 -18.2599 
550.792 -21.6383 -18.935 
577.449 -21.0575 -18.6395 
601.827 -19.4434 -17.21 
623.059 -16.7908 -14.6109 
640.443 -13.2075 -10.9388 
653.517 -8.89235 -6.38563 
662.086 -4.08501 -1.20421 
666.206 0.961322 4.33298 
666.146 6.01138 9.9677 
662.339 10.861 15.4684 
655.329 15.3549 20.6507 
645.714 19.3781 25.3772 
634.11 22.8642 29.5628 
621.108 25.7883 33.1584 
607.246 28.1539 36.1665 
593.004 29.9993 38.6077 
578.792 31.3644 40.5275 
564.939 32.3171 41.9865 
551.696 32.9216 43.0539 
539.255 33.2411 43.7934 
527.745 33.3351 44.2707 
517.241 33.2608 44.5442 
507.786 33.0598 44.6644 
499.385 32.7765 44.6756 
492.018 32.4418 44.6078 
485.653 32.0733 44.5001 
480.244 31.705 44.3621 
475.728 31.3372 44.2086 
472.043 30.9819 44.0655 
469.13 30.6575 43.9276 
466.921 30.3529 43.8053 
465.342 30.0873 43.6931 
464.33 29.8394 43.6069 
463.831 29.6321 43.5324 
463.771 29.4484 43.4686 
464.097 29.2866 43.4179 
464.753 29.1479 43.3644 
465.684 29.0162 43.3046 
466.841 28.8882 43.2163 
468.103 28.7762 43.047 
469.124 28.7331 42.7468 
469.335 28.7581 42.3035 
468.541 28.4544 41.4165 
461.856 30.8517 36.783 
456.045 21927.4 31373.1 
465.029 -22.8912 -18.5089 
498.951 -24.7254 -20.6808 
533.636 -25.7584 -21.7556 
567.366 -25.123 -21.1714 
598.175 -22.5656 -18.586 
624.173 -18.0863 -13.9998 
643.791 -11.9796 -7.72768 
656.022 -4.75951 -0.299797 
660.517 2.97942 7.67911 
657.544 10.6598 15.6227 
647.866 17.8021 23.047 
632.572 24.0547 29.589 
612.92 29.1965 35.0254 
590.205 33.1356 39.2446 
565.654 35.8744 42.2446 
540.34 37.5123 44.1163 
515.169 38.1867 45.0023 
490.838 38.0873 45.0846 
467.854 37.3931 44.5518 
446.545 36.2907 43.5814 
427.084 34.9274 42.3312 
409.54 33.4298 40.936 
393.898 31.8992 39.4901 
380.071 30.4024 38.0657 
367.947 28.9804 36.7121 
357.391 27.6632 35.4593 
348.263 26.4642 34.323 
340.427 25.3838 33.3114 
333.752 24.4252 32.4242 
328.115 23.5807 31.6613 
323.405 22.8471 31.0134 
319.524 22.2097 30.4731 
316.388 21.6636 30.036 
313.907 21.2075 29.6876 
312.008 20.8224 29.4216 
310.631 20.5057 29.2314 
309.714 20.2535 29.1065 
309.2 20.0567 29.0378 
309.043 19.9064 29.02 
309.205 19.7983 29.0456 
309.643 19.7295 29.108 
310.333 19.6862 29.2001 
311.259 19.6647 29.3143 
312.424 19.6466 29.4414 
313.861 19.6131 29.556 
315.524 19.5842 29.573 
316.95 19.6629 29.4848 
318.162 19.591 29.3803 
321.565 18.4728 29.8643 
332.127 20.7452 36.6246 
545.968 -29.0076 -23.6776 
584.462 -26.7425 -20.6383 
617.588 -20.9109 -14.4619 
641.542 -12.2893 -5.84387 
654.155 -2.03935 4.14291 
654.811 8.61357 14.3317 
644.225 18.586 23.7322 
624.078 27.0887 31.6447 
596.588 33.6551 37.679 
564.155 38.1138 41.6972 
529.07 40.5222 43.7851 
493.363 41.112 44.1783 
458.637 40.2523 43.224 
426.058 38.3483 41.3081 
396.358 35.8007 38.8108 
369.881 32.9644 36.0389 
346.667 30.0905 33.2362 
326.559 27.3578 30.5558 
309.283 24.8529 28.0877 
294.528 22.6155 25.8707 
281.962 20.6518 23.9171 
271.281 18.9484 22.2144 
262.205 17.4787 20.7454 
254.498 16.2186 19.4858 
247.954 15.139 18.4121 
242.399 14.2186 17.5026 
237.69 13.434 16.7364 
233.707 12.7665 16.0973 
230.351 12.2023 15.57 
227.535 11.7271 15.1399 
225.187 11.3284 14.7962 
223.252 10.9957 14.5313 
221.681 10.723 14.3344 
220.428 10.5037 14.1984 
219.459 10.3282 14.1156 
218.739 10.1938 14.0813 
218.243 10.0952 14.0884 
217.946 10.0273 14.1314 
217.828 9.98549 14.2049 
217.873 9.96679 14.3065 
218.069 9.96831 14.4269 
218.411 9.98046 14.5649 
218.907 10.0005 14.7154 
219.59 10.0145 14.8733 
220.535 10.0006 15.0365 
221.898 9.91685 15.1767 
223.704 9.81264 15.1149 
225.215 9.74602 15.0851 
228.341 9.2062 14.41 
235.868 3609.04 7869.68 
632.632 -15.2804 -8.11813 
649.219 -3.75226 4.06837 
650.018 9.81269 16.1294 
634.975 22.1417 26.6653 
606.886 31.9612 34.751 
569.509 38.6989 40.0312 
526.753 42.2888 42.5575 
482.188 43.0379 42.6555 
438.703 41.5159 40.8397 
398.368 38.4271 37.7352 
362.402 34.5017 33.9652 
331.288 30.3365 30.0489 
304.954 26.3595 26.3276 
282.986 22.7845 22.9863 
264.825 19.6908 20.0931 
249.884 17.074 17.6408 
237.605 14.8875 15.5795 
227.495 13.0659 13.8479 
219.142 11.5456 12.3905 
212.214 10.2709 11.1617 
206.446 9.19839 10.117 
201.623 8.28664 9.22257 
197.58 7.50559 8.44942 
194.183 6.8285 7.77345 
191.324 6.2373 7.17824 
188.914 5.71733 6.64716 
186.883 5.25508 6.1703 
185.168 4.84332 5.73938 
183.722 4.47524 5.34922 
182.501 4.14644 4.99615 
181.47 3.85243 4.67676 
180.598 3.58906 4.39009 
179.863 3.35298 4.13536 
179.244 3.14381 3.90904 
178.723 2.95509 3.71249 
178.287 2.78984 3.54256 
177.923 2.6425 3.39817 
177.625 2.513 3.2798 
177.386 2.4007 3.18778 
177.203 2.30705 3.12113 
177.077 2.2279 3.0851 
177.014 2.16909 3.08464 
177.029 2.13079 3.13061 
177.157 2.11574 3.24587 
177.468 2.13212 3.46843 
178.116 2.18288 3.86021 
179.453 2.23889 4.46125 
181.778 2.40308 4.90294 
185.56 1.75623 5.81273 
200.863 -82.9591 1205.58 
636.88 21.8198 24.163 
604.812 32.2886 33.7678 
561.572 40.1703 39.0974 
511.502 43.8167 41.0091 
459.582 43.8174 40.0614 
409.788 41.027 37.0022 
364.826 36.5105 32.7159 
326.124 31.3021 28.0438 
294.014 26.2043 23.5971 
268.06 21.663 19.6914 
247.426 17.835 16.412 
231.148 14.7039 13.7139 
218.316 12.1701 11.5042 
208.172 10.1154 9.68651 
200.125 8.43298 8.17421 
193.727 7.03148 6.89337 
188.651 5.84083 5.78319 
184.646 4.81002 4.79569 
181.512 3.90697 3.8973 
179.077 3.1141 3.07435 
177.202 2.4191 2.32906 
175.778 1.8161 1.67051 
174.714 1.30149 1.10881 
173.94 0.874904 0.651227 
173.393 0.534993 0.297948 
173.022 0.276319 0.0427348 
172.783 0.0905082 -0.127844 
172.637 -0.0353107 -0.232598 
172.556 -0.116316 -0.290403 
172.518 -0.165505 -0.317626 
172.507 -0.19373 -0.326284 
172.513 -0.208377 -0.324728 
172.528 -0.215016 -0.317902 
172.548 -0.216718 -0.308806 
172.57 -0.215731 -0.299158 
172.593 -0.213188 -0.289811 
172.614 -0.210099 -0.281211 
172.633 -0.206547 -0.273637 
172.65 -0.203089 -0.267256 
172.664 -0.199646 -0.262188 
172.675 -0.196571 -0.258675 
172.681 -0.193784 -0.256977 
172.682 -0.191702 -0.257618 
172.676 -0.190713 -0.261219 
172.661 -0.191937 -0.267549 
172.642 -0.198508 -0.271389 
172.652 -0.219678 -0.235924 
172.913 -0.295739 0.0119478 
173.948 -0.320451 0.676878 
177.911 -0.691581 4.6777 
521.841 45.5976 39.4648 
462.674 44.9749 38.6567 
406.579 41.9523 35.2358 
356.086 36.783 30.4504 
313.206 30.7113 25.2685 
278.511 24.7952 20.4321 
251.392 19.641 16.2944 
230.612 15.4336 12.9181 
214.81 12.1046 10.2227 
202.818 9.48549 8.08575 
193.755 7.39983 6.37287 
186.985 5.69686 4.94967 
182.025 4.27127 3.70537 
178.472 3.06551 2.58627 
176 2.0523 1.60285 
174.362 1.2249 0.801887 
173.364 0.594259 0.230274 
172.837 0.169757 -0.0987634 
172.626 -0.0667938 -0.229191 
172.598 -0.168352 -0.241252 
172.659 -0.193197 -0.203402 
172.756 -0.181431 -0.152916 
172.858 -0.154234 -0.104704 
172.953 -0.121874 -0.0635464 
173.033 -0.0898522 -0.0307075 
173.095 -0.061549 -0.00629904 
173.14 -0.0387851 0.0102603 
173.171 -0.0221255 0.0201868 
173.191 -0.010965 0.0250664 
173.202 -0.00399525 0.026526 
173.208 7.80244e-05 0.0258988 
173.211 0.00237987 0.0241812 
173.212 0.00362485 0.0219679 
173.212 0.00431063 0.0196806 
173.211 0.004703 0.0175078 
173.21 0.00494469 0.0155395 
173.209 0.00510065 0.0138368 
173.208 0.00522995 0.0123903 
173.207 0.00532633 0.0111819 
173.206 0.00542294 0.0101973 
173.205 0.00549213 0.00939535 
173.205 0.00556878 0.00876347 
173.205 0.00565081 0.00825669 
173.205 0.00574662 0.00782111 
173.205 0.00592436 0.0072556 
173.205 0.00632673 0.0060239 
173.201 0.00756449 0.0016296 
173.178 0.010897 -0.0126848 
173.109 0.019527 -0.0341152 
172.936 -0.0897479 -0.220677 
364.845 39.4549 32.8943 
317.686 33.175 26.2739 
278.824 26.1725 20.3986 
248.576 20.0819 15.4677 
225.696 15.1779 11.6171 
208.715 11.3862 8.71418 
196.317 8.47584 6.52958 
187.463 6.19586 4.81257 
181.339 4.35087 3.34169 
177.26 2.83371 2.02138 
174.699 1.60427 0.918176 
173.282 0.682847 0.169095 
172.687 0.118745 -0.169686 
172.582 -0.122155 -0.220255 
172.688 -0.174406 -0.160325 
172.851 -0.149455 -0.0849739 
173.002 -0.0994436 -0.0231023 
173.112 -0.0489551 0.0175853 
173.176 -0.0122724 0.0366886 
173.204 0.00648047 0.0396031 
173.211 0.012159 0.0339112 
173.208 0.0115897 0.0253922 
173.201 0.00913215 0.0170698 
173.194 0.0066108 0.0101204 
173.187 0.00454242 0.00482353 
173.182 0.00297013 0.00108636 
173.178 0.00184287 -0.00132573 
173.175 0.00109162 -0.00270215 
173.173 0.000638947 -0.0033324 
173.172 0.000404554 -0.00347328 
173.171 0.000308046 -0.00332197 
173.171 0.000286117 -0.00302071 
173.171 0.000295586 -0.00265402 
173.171 0.00031056 -0.00227982 
173.171 0.000319232 -0.00192474 
173.171 0.000316999 -0.00160261 
173.171 0.000302445 -0.00131934 
173.171 0.000280401 -0.00107342 
173.171 0.00025022 -0.000861806 
173.171 0.000215776 -0.000681794 
173.171 0.000177482 -0.000527193 
173.171 0.000137197 -0.00039427 
173.171 9.46506e-05 -0.000275919 
173.171 4.67589e-05 -0.00016616 
173.171 -1.18292e-05 -4.92672e-05 
173.171 -9.4814e-05 9.08348e-05 
173.171 -0.000226948 0.000282256 
173.173 -0.00049773 0.000457523 
173.175 -0.000807735 -0.00161715 
173.183 0.00114475 0.00591503 
242.863 22.1427 20.9077 
221.999 17.2148 14.5943 
205.846 12.2592 10.1176 
194.173 8.65446 6.8448 
185.668 6.00694 4.46522 
179.61 3.95604 2.6794 
175.663 2.28533 1.25638 
173.49 0.992187 0.268212 
172.663 0.187296 -0.156219 
172.604 -0.124247 -0.194668 
172.805 -0.164624 -0.115114 
173.018 -0.110566 -0.0339352 
173.158 -0.0414992 0.0167141 
173.216 0.00209754 0.0327131 
173.222 0.0147368 0.0274504 
173.209 0.0121024 0.0156116 
173.193 0.00628306 0.00475959 
173.18 0.00152974 -0.00257611 
173.173 -0.00130339 -0.00616282 
173.169 -0.00241258 -0.00691067 
173.168 -0.00238766 -0.00608877 
173.168 -0.00186022 -0.00470208 
173.169 -0.00125627 -0.00330749 
173.17 -0.00076276 -0.00213301 
173.17 -0.000419911 -0.00123501 
173.171 -0.00020671 -0.000596064 
173.171 -8.73308e-05 -0.000172001 
173.171 -2.95674e-05 8.77392e-05 
173.172 -8.28617e-06 0.000230958 
173.172 -6.2662e-06 0.000297101 
173.172 -1.27639e-05 0.000315788 
173.172 -2.1868e-05 0.000307355 
173.172 -3.04504e-05 0.000284641 
173.172 -3.74667e-05 0.000255554 
173.172 -4.20371e-05 0.000225028 
173.172 -4.4608e-05 0.000195264 
173.172 -4.54186e-05 0.000167763 
173.172 -4.46056e-05 0.000143061 
173.172 -4.27424e-05 0.000121227 
173.172 -3.99818e-05 0.000102247 
173.172 -3.64951e-05 8.59334e-05 
173.172 -3.24823e-05 7.19014e-05 
173.172 -2.78804e-05 5.99511e-05 
173.172 -2.271e-05 4.98332e-05 
173.172 -1.66089e-05 4.15745e-05 
173.172 -9.28093e-06 3.70906e-05 
173.172 -2.91829e-06 4.7563e-05 
173.172 2.98236e-06 9.82161e-05 
173.172 -5.47251e-05 0.000407745 
173.172 -0.000298683 0.000433842 
