2.66362 0.341024 -0.423014 
2.85753 0.297377 -0.436695 
3.02918 0.3433 -0.506287 
3.20529 0.408686 -0.592763 
3.38133 0.493654 -0.709419 
3.56154 0.604231 -0.866746 
3.75667 0.746807 -1.07979 
3.97915 0.922985 -1.34547 
4.21697 1.13512 -1.62434 
4.44037 1.41174 -1.96022 
4.55403 1.54889 -1.93417 
4.46431 1.67159 -1.91929 
4.3695 1.10521 -1.17587 
4.34606 0.496852 -0.506178 
4.27701 0.390506 -0.323308 
4.20577 0.281083 -0.197271 
4.17524 0.176084 -0.0685233 
4.17296 0.0722088 0.0587999 
4.14576 0.0180551 0.101997 
4.09985 -0.0187724 0.121289 
4.06592 -0.0456079 0.156844 
3.99208 -0.0636146 0.201243 
3.86338 -0.0817551 0.248883 
3.65835 -0.126698 0.286239 
3.57878 -0.212407 0.333424 
3.89819 -0.353559 0.454614 
4.64639 -0.487632 0.666528 
5.54299 -0.555511 1.01752 
6.33305 -0.660962 1.46023 
7.07567 -0.845685 1.91314 
7.87875 -1.04129 2.34195 
8.63475 -1.18734 2.75056 
9.06609 -1.31879 3.15022 
9.11899 -1.52058 3.47534 
8.95573 -1.7044 3.66542 
8.71258 -1.8159 3.72194 
8.46726 -1.85554 3.70312 
8.26452 -1.87365 3.70564 
8.13874 -1.95227 3.81114 
8.13653 -2.13917 4.04819 
8.33504 -2.466 4.45233 
8.80747 -2.947 5.05436 
9.55954 -3.5493 5.83861 
10.5458 -4.22994 6.75839 
11.7122 -4.96077 7.80286 
13.2423 -5.88891 9.16338 
15.5892 -7.22327 11.1431 
18.5527 -8.83354 12.1648 
21.997 -9.57408 10.1299 
3.05556 -0.109625 0.0117972 
3.31896 -0.141583 0.0139535 
3.56214 -0.119698 -0.0179113 
3.81668 -0.116051 -0.0123339 
4.06642 -0.120189 -0.0139836 
4.3161 -0.122169 -0.0161546 
4.57457 -0.12755 -0.0229978 
4.8596 -0.133544 -0.0384231 
5.17036 -0.132924 -0.0526276 
5.47526 -0.125493 -0.0545192 
5.74287 -0.104966 -0.0682945 
5.96511 -0.0554814 -0.108793 
6.1375 0.0426142 -0.236997 
6.33353 0.167756 -0.441154 
6.57204 0.324165 -0.695627 
6.8086 0.561028 -0.977226 
7.00593 0.807143 -1.358 
7.22947 1.11417 -1.82994 
7.47192 1.45315 -2.38197 
7.80804 1.75945 -2.97412 
8.27901 2.04345 -3.57986 
8.89251 2.15828 -3.87797 
9.58307 2.13143 -3.83898 
10.2386 2.10671 -3.7078 
10.7723 1.98063 -3.28595 
11.1483 1.85842 -2.9429 
11.4293 1.75737 -2.68242 
11.5383 1.49412 -2.23736 
11.5195 1.16448 -1.7773 
11.4271 0.933587 -1.49949 
11.3125 0.811282 -1.39079 
11.2931 0.695563 -1.37379 
11.5926 0.555111 -1.45936 
11.9886 0.580608 -1.54229 
12.2157 0.774719 -1.77675 
12.3066 0.945613 -2.02826 
12.6232 0.996467 -2.37352 
13.2946 1.13845 -2.75113 
14.0662 1.37429 -3.09406 
14.6838 1.66705 -3.37787 
15.1055 1.90949 -3.6641 
15.3956 2.15426 -3.93248 
15.5688 2.3796 -4.1687 
15.6368 2.57549 -4.35074 
15.5872 2.73409 -4.45676 
15.4673 2.78902 -4.53096 
15.3851 2.85113 -4.67455 
15.621 2.86364 -5.15209 
15.1391 3.92026 -4.90201 
14.7508 3.26455 -4.408 
2.91163 -0.0366444 -0.0388969 
3.09364 -0.0265851 -0.0447436 
3.30564 -0.0399169 -0.0241993 
3.51915 -0.0503991 -0.0127542 
3.73394 -0.05864 -0.0029106 
3.96393 -0.0712689 0.00349609 
4.2326 -0.0836629 -0.00473306 
4.55546 -0.0893223 -0.0195215 
4.92009 -0.0904952 -0.0252834 
5.27937 -0.0811057 -0.0120086 
5.56446 -0.065798 0.0301949 
5.75075 -0.0693539 0.110351 
5.83949 -0.0990283 0.233328 
5.86789 -0.173267 0.390805 
5.9206 -0.29178 0.564979 
6.07804 -0.440931 0.744149 
6.26393 -0.543252 0.889337 
6.43678 -0.626895 1.01007 
6.54427 -0.6702 1.14265 
6.55162 -0.718249 1.28619 
6.48679 -0.780244 1.46056 
6.37979 -0.867211 1.645 
6.26643 -0.952023 1.82404 
6.12439 -1.07712 1.97107 
6.00565 -1.2122 2.04521 
5.85599 -1.24107 2.04634 
5.63082 -1.22641 2.02162 
5.3579 -1.18964 1.96417 
5.08429 -1.15173 1.89001 
4.90179 -1.13066 1.8331 
4.8616 -1.1312 1.82954 
4.94818 -1.13939 1.85766 
5.1634 -1.14659 1.85497 
5.65049 -1.25004 1.73336 
6.06653 -1.093 1.76024 
6.3637 -1.08025 1.8705 
6.57358 -1.12743 1.97561 
6.9564 -1.26938 2.13145 
7.45354 -1.39817 2.32391 
7.96582 -1.49659 2.50208 
8.4039 -1.55885 2.64174 
8.79294 -1.63957 2.76436 
9.16667 -1.69986 2.83606 
9.58236 -1.74583 2.83968 
10.0742 -1.74654 2.74315 
10.5829 -1.66294 2.60661 
10.824 -1.44665 2.59011 
10.2647 -1.19701 3.25152 
10.7164 -2.66128 3.67975 
12.5141 -3.20198 2.68012 
2.97388 -0.0116394 -0.0812102 
3.17621 -0.012689 -0.0780532 
3.37238 -0.0130764 -0.0792337 
3.56657 -0.013993 -0.0781324 
3.7696 -0.0192642 -0.0803732 
4.00856 -0.0261372 -0.0998698 
4.30708 -0.026538 -0.128091 
4.64153 -0.021445 -0.13792 
4.96431 -0.0219651 -0.121101 
5.25571 -0.0329503 -0.0896097 
5.50178 -0.0403506 -0.0607449 
5.68383 -0.0338746 -0.055689 
5.80926 -0.010656 -0.084653 
5.87748 0.0375165 -0.140813 
5.93137 0.0772616 -0.225603 
6.03638 0.114851 -0.322556 
6.22419 0.151739 -0.408139 
6.4259 0.207855 -0.473387 
6.62577 0.23759 -0.536157 
6.79678 0.29415 -0.621759 
6.98259 0.343827 -0.757567 
7.18297 0.449157 -0.926768 
7.41291 0.543493 -1.12442 
7.676 0.667443 -1.33061 
7.84659 0.884228 -1.52609 
7.96275 1.01003 -1.64429 
8.14616 1.06033 -1.78527 
8.45685 1.13362 -1.99244 
8.80994 1.28083 -2.19179 
9.18279 1.39138 -2.38811 
9.61363 1.4872 -2.55391 
10.0373 1.5733 -2.64754 
10.4272 1.59745 -2.68041 
10.8534 1.56891 -2.62338 
11.2624 1.46981 -2.45737 
11.5948 1.37667 -2.43578 
11.8919 1.42067 -2.48175 
12.0539 1.49096 -2.48322 
12.1707 1.43463 -2.40685 
12.4026 1.28992 -2.35729 
12.7943 1.22931 -2.34357 
13.1546 1.25716 -2.33935 
13.4578 1.24833 -2.33948 
13.6989 1.24956 -2.28581 
13.7419 1.27891 -2.04008 
13.5915 1.08002 -1.73631 
13.6529 0.803387 -1.55111 
13.927 0.740455 -1.75047 
12.5038 1.84977 -1.96955 
11.1726 1.74211 -1.51031 
3.10243 -0.00512869 -0.0823924 
3.28541 -0.00971627 -0.0747046 
3.47347 -0.0160998 -0.0733858 
3.68173 -0.0201418 -0.0827469 
3.92619 -0.0200062 -0.110271 
4.22862 -0.014704 -0.149553 
4.57014 -0.00259174 -0.167336 
4.87981 0.00743127 -0.144862 
5.11939 0.00480058 -0.104873 
5.31206 -0.00605396 -0.0716309 
5.48505 -0.0164056 -0.0458646 
5.63988 -0.0221051 -0.0211277 
5.79839 -0.0390172 -0.0102462 
5.96659 -0.0483522 -0.00467463 
6.1031 -0.0384098 0.00456111 
6.28755 -0.0674364 -0.00500735 
6.51338 -0.0682155 0.00853984 
6.6842 -0.0670515 0.075355 
6.77636 -0.107928 0.136889 
7.03428 -0.200831 0.105112 
7.50082 -0.189776 0.0219917 
7.96207 -0.126009 0.000695303 
8.25313 -0.0680834 0.0601655 
8.51407 -0.114578 0.110382 
8.868 -0.184216 0.105496 
9.09451 -0.053651 0.193788 
8.98845 -0.0658826 0.352502 
8.95451 -0.242407 0.427251 
9.05631 -0.302452 0.594539 
9.13065 -0.423857 0.740085 
9.23767 -0.517533 0.883346 
9.32523 -0.593887 1.0169 
9.45212 -0.692163 1.04687 
9.80456 -0.757031 0.98223 
10.0791 -0.639579 0.961302 
9.97517 -0.491472 1.09287 
9.76591 -0.596571 1.28467 
9.69775 -0.76745 1.39309 
9.69758 -0.815427 1.40086 
9.66658 -0.797152 1.37789 
9.77597 -0.848067 1.37818 
10.044 -0.881675 1.39059 
10.3894 -0.875489 1.37813 
10.7107 -0.84489 1.38953 
11.0584 -0.899706 1.31516 
10.8187 -0.520001 1.35327 
10.8434 -0.854457 0.997627 
12.2438 -0.957966 0.403272 
12.8825 -0.1382 0.940428 
11.6623 -0.233775 1.18573 
3.21956 -0.025562 -0.0657623 
3.42721 -0.0213074 -0.0839526 
3.66231 -0.0119597 -0.115327 
3.92451 0.00229615 -0.146281 
4.21132 0.00999674 -0.167088 
4.52726 0.00746998 -0.167596 
4.83506 0.00328067 -0.134005 
5.07598 -0.00226827 -0.0866752 
5.25773 -0.0113185 -0.0644708 
5.43755 -0.0162502 -0.0733535 
5.62656 -0.00485519 -0.0883925 
5.76914 0.0201358 -0.0851098 
5.82097 0.0301045 -0.0585365 
5.96289 -0.039947 -0.0844102 
6.21678 -0.0337544 -0.125357 
6.46344 0.00821923 -0.174197 
6.85343 -0.0119107 -0.266639 
7.27104 0.0784044 -0.346168 
7.44856 0.241627 -0.349315 
7.7406 0.144928 -0.498599 
8.51086 0.106216 -0.645251 
9.22826 0.228149 -0.610884 
9.37119 0.341951 -0.417266 
9.1809 0.276375 -0.245003 
9.09161 0.111736 -0.095624 
9.50777 -0.244257 -0.136513 
9.71079 0.154729 -0.114497 
9.43174 0.0679877 -0.224449 
9.52684 0.0690929 -0.268614 
9.56446 0.167002 -0.329461 
9.63897 0.208441 -0.401129 
9.72031 0.244774 -0.454131 
9.85136 0.253056 -0.534233 
10.225 0.204593 -0.595866 
10.6057 0.224479 -0.447924 
10.5945 0.251095 -0.263661 
10.414 0.20705 -0.405509 
10.3476 0.269571 -0.5609 
10.5506 0.221407 -0.688345 
11.0322 0.226054 -0.850573 
11.5532 0.346114 -1.01261 
12.0225 0.452384 -1.10841 
12.376 0.518627 -1.11621 
12.5539 0.550924 -1.0312 
12.5512 0.579898 -0.936355 
12.5728 0.474391 -0.728876 
12.3508 0.422842 -0.889296 
12.596 0.323784 -0.507915 
12.3207 0.218823 0.58612 
11.6802 -0.291259 -0.134867 
3.32419 -0.0085766 -0.0905135 
3.53864 -0.0111859 -0.0916123 
3.77662 -0.0267517 -0.0815384 
4.04332 -0.0489772 -0.0617506 
4.34175 -0.0711976 -0.0547614 
4.68151 -0.0772653 -0.0681576 
4.99854 -0.0484825 -0.0745799 
5.20681 -0.0109664 -0.0678435 
5.33813 -0.00513133 -0.0636108 
5.51224 -0.0319989 -0.0804552 
5.73813 -0.0268732 -0.0860953 
5.89995 -0.00342749 -0.0539777 
5.99703 -0.00252443 -0.0373273 
6.23608 -0.0230973 -0.148624 
6.8797 -0.0483569 -0.328976 
7.32282 0.132513 -0.302591 
7.64006 0.0811948 -0.315057 
8.37373 -0.0444904 -0.417886 
9.14316 0.064729 -0.51319 
9.27041 0.350193 -0.485633 
9.71407 0.0867708 -0.524184 
10.1583 0.178782 -0.270382 
10.0545 0.195612 -0.0637108 
9.73366 0.16955 -0.106832 
9.62634 0.216287 -0.313565 
9.69883 0.336902 -0.513575 
10.7476 0.0569998 -0.888134 
10.4117 1.01659 -0.442403 
9.80192 0.417315 -0.281611 
10.0357 0.382544 -0.414987 
9.63137 0.173624 -0.0766207 
9.44983 -0.00889123 0.0835769 
9.36774 -0.116433 0.203528 
9.34574 -0.162654 0.307135 
9.28999 -0.136597 0.43607 
8.96056 -0.0583981 0.442284 
8.55679 -0.0980061 0.432571 
8.30848 -0.255568 0.612751 
8.06952 -0.340638 0.719071 
7.89309 -0.449361 0.928157 
7.80556 -0.64808 1.22063 
7.76511 -0.858833 1.50636 
7.72502 -1.03925 1.74775 
7.67266 -1.15891 1.89529 
7.62976 -1.18831 1.9059 
7.63081 -1.15023 1.81944 
7.64937 -1.07599 1.58523 
7.96543 -0.978182 1.45657 
8.36456 -0.956441 1.17771 
8.52796 -0.522113 0.00118043 
3.40161 -0.0232316 -0.0545101 
3.61835 -0.0525621 -0.054927 
3.92871 -0.0585373 -0.106405 
4.29552 -0.0145608 -0.180806 
4.64512 0.0445124 -0.240458 
4.95581 0.0789168 -0.248286 
5.14369 0.0962769 -0.152584 
5.10293 0.064084 0.0237134 
5.00674 -0.0561846 0.145232 
5.14249 -0.185656 0.128619 
5.59333 -0.237817 0.0389098 
6.19689 -0.205871 -0.116842 
6.98256 -0.102477 -0.437889 
7.57443 0.234647 -0.565755 
7.75245 0.287294 -0.413674 
7.99593 0.0971644 -0.206239 
8.14872 0.0698512 -0.258 
8.77606 0.0140511 -0.44727 
9.92584 -0.0207785 -0.555205 
10.5929 0.300797 -0.246525 
9.6719 0.47388 0.315944 
9.23496 -0.369886 0.645916 
9.05643 -0.50376 0.749401 
8.77291 -0.509173 0.783108 
8.46377 -0.623866 0.940409 
8.2409 -0.88972 1.27397 
8.15439 -1.32581 1.67386 
8.76995 -1.92809 3.00216 
8.08573 -39.2407 48.5117 
7.75862 -52.7004 68.7425 
7.73562 -49.7838 64.3994 
7.61948 -43.5225 61.9277 
7.41909 -40.8298 60.6669 
7.31054 -37.9872 57.8489 
7.29323 -33.6221 52.3915 
7.20528 -28.2895 45.9574 
6.94014 -25.1598 45.4475 
6.66383 -25.4798 41.6493 
6.49681 -22.875 35.6162 
6.28718 -19.1162 30.6217 
5.99814 -15.1284 25.9548 
5.67233 -12.0346 21.5759 
5.34332 -10.0848 17.7804 
5.04438 -9.41366 14.9539 
4.90362 -10.5896 13.9461 
4.99896 -14.9313 15.98 
5.20385 -21.6542 21.3141 
5.58963 -32.4572 26.3759 
5.97246 -44.9082 39.7313 
6.5748 -75.1757 52.0228 
3.69858 -0.0104175 -0.164271 
4.06454 0.0418263 -0.286289 
4.46376 0.114628 -0.349291 
4.71649 0.148247 -0.24219 
4.75093 0.0658212 -0.0170712 
4.75421 -0.111256 0.173504 
4.86844 -0.239794 0.248857 
5.04838 -0.239605 0.136362 
5.46159 -0.129641 -0.240043 
6.03481 0.149853 -0.554444 
6.57407 0.290399 -0.690994 
7.25056 0.278548 -0.809769 
8.43635 0.215411 -1.03984 
9.61716 0.399184 -0.887136 
9.41683 0.71968 -0.425203 
8.54249 0.467671 -0.14176 
8.19649 0.185284 0.0555179 
7.86442 -0.329999 0.532907 
7.78913 -0.780098 1.172 
7.66449 -1.24729 1.9539 
6.64855 -3.27385 6.28351 
5.6326 -19.4038 26.326 
5.61803 -25.819 31.5433 
5.42775 -16.8114 26.5842 
5.07126 -10.9792 21.4321 
4.51763 -5.87882 16.5317 
3.58069 -2.49501 20.0409 
2.35839 1.69055 17.4901 
1.75752 -3.96626 10.104 
1.76255 -4.15775 7.42032 
1.73527 -2.63615 5.31626 
1.68709 -1.76761 3.28708 
1.65758 -1.15858 2.09569 
1.64782 -0.69098 1.17995 
1.64715 -0.211414 0.359433 
1.63781 -0.189507 0.329141 
1.63497 -0.196893 0.340416 
1.61205 -0.165187 0.27443 
1.6052 -0.149108 0.26243 
1.60415 -0.148204 0.251829 
1.60955 -0.141937 0.239955 
1.60747 -0.128962 0.213307 
1.60569 -0.115316 0.182745 
1.61573 -0.107178 0.155189 
1.63526 -0.0942231 0.141585 
1.64386 -0.0791214 0.15625 
1.63309 -0.0911967 0.172697 
1.62504 -0.107591 0.192507 
1.62982 -0.13952 0.23405 
1.60121 -0.816079 1.90127 
4.23848 0.111073 -0.307684 
4.50807 0.0900483 -0.192356 
4.67212 -0.0317178 0.0321561 
4.71879 -0.150074 0.220212 
4.73742 -0.195339 0.15956 
5.08748 -0.121415 -0.214386 
5.80735 0.118606 -0.665414 
6.61577 0.36577 -1.03444 
7.60529 0.494805 -1.31208 
8.53037 0.666826 -1.14137 
8.51243 0.698777 -0.650205 
8.35657 0.295774 -0.248728 
8.53648 -0.0460379 0.236547 
8.60259 -0.703127 1.11202 
8.08905 -0.978314 1.71423 
6.70033 -0.809163 1.8204 
5.61401 -9.18469 14.3401 
5.17295 -12.1574 14.9627 
4.60042 -4.74108 11.3474 
3.51191 -1.38468 13.0931 
2.27927 2.23015 12.4513 
1.72253 -2.11308 6.07854 
1.66487 -2.33903 4.20855 
1.65065 -1.39721 2.62913 
1.6443 -0.822988 1.45743 
1.6431 -0.106235 0.169213 
1.64546 -0.101057 0.125304 
1.65497 -0.0702395 0.0247686 
1.69395 -0.0203883 -0.00645029 
1.71175 -0.00319015 -0.0168493 
1.71763 0.0011679 -0.0205876 
1.71945 0.00447146 -0.0235634 
1.71804 0.0060786 -0.0223608 
1.71583 0.00571643 -0.0201374 
1.71306 0.00575931 -0.0180441 
1.71161 0.00474574 -0.0168858 
1.71075 0.00457621 -0.0160944 
1.70979 0.00529477 -0.0150172 
1.7088 0.00507476 -0.0128368 
1.70733 0.00496689 -0.0119575 
1.70624 0.0048783 -0.0104825 
1.70479 0.00513826 -0.00918749 
1.70294 0.00556259 -0.00777407 
1.70079 0.00542801 -0.00616376 
1.69894 0.00436537 -0.00458808 
1.69786 0.00284686 -0.00427352 
1.69786 0.00254703 -0.00521464 
1.69883 0.00324639 -0.00632908 
1.70078 0.0036003 -0.00809551 
1.70259 0.00960576 -0.00967572 
4.46707 -0.0493897 0.0455637 
4.49669 -0.14517 0.187127 
4.70361 -0.197605 0.012779 
5.33119 -0.0366055 -0.452222 
6.15502 0.25975 -0.965009 
7.07458 0.52229 -1.24483 
7.73531 0.649345 -0.993069 
8.25087 0.320777 -0.562977 
8.83458 0.0320243 -0.0241134 
8.78317 -0.335616 0.863912 
7.9754 -0.776957 1.43393 
6.67258 -0.718593 1.6213 
5.56632 -6.17088 11.5066 
4.79576 -7.74905 9.58695 
4.04406 -2.60678 9.5289 
2.66806 1.9701 10.1946 
1.86832 -1.29972 5.69345 
1.74633 -1.85069 3.66759 
1.71751 -1.30633 2.45729 
1.6691 -0.425602 0.730019 
1.66697 -0.0725871 0.056362 
1.70997 -0.0354006 -0.0361336 
1.71868 0.011602 -0.029763 
1.71917 0.0119618 -0.0278773 
1.71385 0.0125689 -0.0258957 
1.70926 0.0100071 -0.0201686 
1.70574 0.0086601 -0.0163214 
1.69925 0.00826021 -0.00649794 
1.69553 0.00295113 -0.000638831 
1.69317 0.00132029 0.000802612 
1.69241 0.00037591 0.00151299 
1.69222 3.68529e-05 0.00158334 
1.6924 -0.000190069 0.00149864 
1.69264 -0.000209848 0.00126797 
1.69294 -0.000266292 0.00110136 
1.69312 -0.000214991 0.000912483 
1.69326 -0.000187722 0.000831742 
1.69337 -0.000223602 0.000732621 
1.69347 -0.000234716 0.000576672 
1.69356 -0.000197467 0.000467844 
1.69364 -0.000187095 0.000408984 
1.69371 -0.000196594 0.000349243 
1.69378 -0.000214743 0.000282389 
1.69386 -0.000206031 0.000207445 
1.69393 -0.000165952 0.000142699 
1.69398 -0.000108637 0.000103409 
1.69401 -6.8164e-05 0.000113476 
1.694 -7.08712e-05 0.000142506 
1.69395 -6.33698e-05 0.000171454 
1.69392 -0.000203933 0.000392818 
4.69863 -0.17587 -0.107589 
5.43571 0.0364121 -0.645174 
6.33841 0.377418 -1.12856 
7.15447 0.598219 -1.13115 
8.09352 0.325889 -0.864402 
9.04806 0.161459 -0.284737 
8.80045 -0.0652629 0.695725 
7.72908 -0.615953 1.24455 
6.22221 -0.547185 1.74446 
5.03912 -4.45671 6.58281 
4.13827 -2.13349 4.18736 
3.02319 1.35144 6.79246 
2.05768 -0.200576 0.640373 
1.85975 -0.3445 2.14641 
1.70813 -0.915447 2.66454 
1.66646 -0.0869814 0.108881 
1.65685 -0.0354477 0.0226709 
1.704 -0.0290969 -0.0381537 
1.71931 0.011642 -0.0211692 
1.71748 0.0177554 -0.0284811 
1.7025 0.0179267 -0.0157152 
1.69029 0.00787235 -0.000482587 
1.69008 -0.000529876 0.00608713 
1.69015 -0.00173063 0.00419495 
1.69124 -0.00149129 0.00348067 
1.69224 -0.00115482 0.00243133 
1.69266 -0.000714413 0.00175613 
1.69348 -0.00078855 0.000958482 
1.69384 -0.000356041 0.000162119 
1.6941 -0.000154077 3.2762e-05 
1.69419 -7.67403e-05 -8.90293e-05 
1.69422 -1.67327e-05 -0.00010537 
1.6942 6.01736e-06 -9.54402e-05 
1.69418 1.34907e-05 -7.55725e-05 
1.69416 1.37672e-05 -6.11462e-05 
1.69414 1.47313e-05 -4.5327e-05 
1.69413 9.89986e-06 -3.76296e-05 
1.69412 1.05649e-05 -3.20855e-05 
1.69411 1.01623e-05 -2.52617e-05 
1.69411 9.21018e-06 -1.78699e-05 
1.6941 7.27705e-06 -1.37212e-05 
1.6941 6.86633e-06 -1.22301e-05 
1.6941 7.81137e-06 -9.45033e-06 
1.69409 7.47022e-06 -6.39045e-06 
1.69409 5.89271e-06 -3.79887e-06 
1.69409 3.65864e-06 -1.8137e-06 
1.69408 1.56686e-06 -1.25585e-06 
1.69408 8.51915e-07 -1.98152e-06 
1.69408 9.66597e-07 -3.09575e-06 
1.69409 -1.37513e-06 -7.31085e-06 
6.28012 0.49306 -1.12711 
7.25747 0.463303 -1.12491 
8.52596 0.255216 -0.764365 
8.74275 0.221913 0.273505 
7.86765 -0.391649 1.06065 
6.56488 -0.614349 1.8037 
5.09712 -3.25661 5.57238 
3.90999 -2.20263 4.03352 
2.66571 1.38072 6.38733 
2.01933 -0.177456 0.123225 
1.99583 2.0954 3.50443 
1.7957 -0.737807 1.0987 
1.62624 -0.0780115 0.0840023 
1.68905 -0.066197 0.0216699 
1.72161 -0.0115304 -0.00570592 
1.71451 0.0259471 -0.0270187 
1.69791 0.0163689 -0.0146234 
1.68926 0.00621657 -0.000113982 
1.68952 -0.00187316 0.00662687 
1.68965 -0.0033894 0.00581297 
1.69225 -0.00318418 0.00361633 
1.69428 -0.00140457 0.000301719 
1.69478 -0.000142052 -0.000788734 
1.69465 0.000249287 -0.000663056 
1.69449 0.000193877 -0.000440818 
1.69431 0.00014509 -0.000281694 
1.69424 7.59144e-05 -0.00017172 
1.69416 6.41324e-05 -0.000106767 
1.69412 4.11201e-05 -2.98755e-05 
1.6941 1.43257e-05 -6.70499e-06 
1.69409 9.10671e-06 2.47858e-06 
1.69408 2.05099e-06 8.01526e-06 
1.69408 -5.33398e-07 7.51606e-06 
1.69408 -1.77649e-06 5.97893e-06 
1.69408 -1.32341e-06 4.61173e-06 
1.69408 -1.60082e-06 3.71389e-06 
1.69408 -1.24323e-06 2.73154e-06 
1.69408 -1.04863e-06 2.35839e-06 
1.69408 -8.59971e-07 1.83753e-06 
1.69408 -7.22797e-07 1.4535e-06 
1.69408 -6.38823e-07 9.68369e-07 
1.69408 -4.55861e-07 6.99487e-07 
1.69408 -4.17115e-07 5.47916e-07 
1.69408 -3.6427e-07 2.59365e-07 
1.69408 -2.21962e-07 5.68462e-08 
1.69408 -8.18242e-08 -1.03675e-07 
1.69408 6.49146e-08 -2.0065e-07 
1.69408 2.01525e-07 -1.84293e-07 
1.69408 1.84152e-07 -1.69535e-07 
1.69408 -2.89318e-09 -8.52379e-08 
8.46999 0.152684 -0.529024 
8.39402 0.117771 0.467199 
7.54599 -0.575026 1.35134 
5.88347 -0.633811 2.10093 
4.16416 -3.35734 5.20382 
2.93105 -0.514134 5.73074 
2.09257 -0.0494782 0.25295 
1.99101 2.00351 3.04469 
1.77951 -0.35284 0.545321 
1.71938 -0.0588421 0.0621542 
1.72171 -0.0738852 0.0756704 
1.70988 -0.00708016 -0.00884789 
1.70544 0.0291406 -0.0386831 
1.69446 0.0200968 -0.0205865 
1.68957 0.00376084 0.00143701 
1.68963 -0.0056443 0.00877646 
1.69279 -0.00447226 0.00423244 
1.69476 -0.00127615 -1.58728e-05 
1.69512 0.000300063 -0.00129002 
1.6949 0.000645187 -0.00117021 
1.69448 0.000522608 -0.000676087 
1.69411 0.000250959 -0.000113136 
1.694 4.27339e-05 9.8266e-05 
1.69401 -2.94275e-05 9.58243e-05 
1.69404 -2.75196e-05 5.77175e-05 
1.69406 -1.86002e-05 3.29794e-05 
1.69408 -9.90723e-06 1.70418e-05 
1.69408 -5.46791e-06 1.05516e-05 
1.69409 -4.2067e-06 5.08647e-06 
1.69409 -1.89519e-06 2.08997e-06 
1.69409 -1.35884e-06 1.47016e-06 
1.69409 -7.36141e-07 8.39241e-07 
1.69409 -4.82777e-07 6.92599e-07 
1.69408 -3.11415e-07 5.82759e-07 
1.69408 -2.69457e-07 5.02528e-07 
1.69408 -1.90367e-07 2.92803e-07 
1.69408 -8.39949e-08 1.18377e-07 
1.69408 -1.42761e-08 -8.01441e-08 
1.69408 7.39168e-08 -2.64704e-07 
1.69408 1.50311e-07 -4.24916e-07 
1.69408 2.34827e-07 -5.58921e-07 
1.69408 3.05208e-07 -6.51762e-07 
1.69408 3.58828e-07 -7.33892e-07 
1.69409 4.11312e-07 -7.90329e-07 
1.69409 4.47057e-07 -8.22009e-07 
1.69409 4.70022e-07 -8.49209e-07 
1.69409 4.93723e-07 -8.70518e-07 
1.69409 5.68231e-07 -8.69197e-07 
1.69409 6.9861e-07 -8.17983e-07 
1.69409 6.90225e-07 -6.74209e-07 
7.1898 -0.590619 1.42422 
5.38795 -0.929204 3.24288 
3.64833 -3.24024 5.50946 
2.36996 0.3151 4.8126 
1.80321 -0.332022 2.48636 
1.74584 -0.334107 0.413353 
1.71452 -0.0542756 0.0699124 
1.71529 -0.071723 0.072663 
1.70127 -0.00726038 -0.00389988 
1.69421 0.0182892 -0.0202768 
1.68937 0.0158749 -0.0177195 
1.68978 -0.00117838 0.00507732 
1.69166 -0.00791154 0.0118732 
1.69364 -0.00546183 0.00616083 
1.6951 -0.00101886 -0.000180354 
1.69512 0.00110982 -0.00209241 
1.69443 0.00103043 -0.00113873 
1.69398 0.000300832 -3.3472e-05 
1.69389 -5.51131e-05 0.00026421 
1.69394 -0.000119021 0.000222514 
1.69402 -8.8024e-05 0.000120804 
1.69408 -4.29022e-05 2.81026e-05 
1.6941 -9.86993e-06 -1.05728e-05 
1.6941 2.79759e-06 -1.27176e-05 
1.6941 3.63353e-06 -6.97336e-06 
1.69409 2.14719e-06 -2.90144e-06 
1.69409 9.03352e-07 -4.95945e-07 
1.69409 8.63118e-08 4.73571e-07 
1.69409 -1.45664e-07 7.94228e-07 
1.69408 -2.9142e-07 8.9502e-07 
1.69408 -2.68861e-07 7.10134e-07 
1.69408 -2.23204e-07 4.62373e-07 
1.69408 -1.3161e-07 1.53477e-07 
1.69408 -9.38319e-09 -1.36815e-07 
1.69408 1.074e-07 -4.01238e-07 
1.69408 2.18933e-07 -6.15104e-07 
1.69409 3.08931e-07 -7.79091e-07 
1.69409 3.85487e-07 -8.98397e-07 
1.69409 4.44384e-07 -9.73694e-07 
1.69409 4.87087e-07 -1.01534e-06 
1.69409 5.15988e-07 -1.02939e-06 
1.69409 5.3322e-07 -1.0244e-06 
1.69409 5.43094e-07 -1.00661e-06 
1.69409 5.47548e-07 -9.7967e-07 
1.69409 5.48771e-07 -9.48779e-07 
1.69409 5.45113e-07 -9.16848e-07 
1.69409 5.27374e-07 -8.93594e-07 
1.69409 5.1517e-07 -8.92719e-07 
1.69409 6.30366e-07 -8.48947e-07 
1.69409 8.14008e-07 -7.40389e-07 
3.31948 -1.68474 3.48903 
2.13838 0.171105 3.67968 
1.70674 -0.568965 1.30593 
1.69221 -0.0454665 0.0471645 
1.71244 -0.0419048 0.00763868 
1.71002 0.000451225 -0.00455233 
1.69809 0.0187022 -0.0212402 
1.69151 0.0178725 -0.020398 
1.69242 0.000592625 0.00161716 
1.69421 -0.00495008 0.00639722 
1.69513 -0.00286272 0.00281032 
1.69516 0.00112143 -0.00244101 
1.69469 0.00212621 -0.00316718 
1.69414 0.00132579 -0.00156157 
1.69383 0.000219088 7.46976e-05 
1.69384 -0.000235593 0.000477204 
1.694 -0.000219725 0.000264634 
1.69411 -6.97446e-05 1.91474e-05 
1.69413 7.87206e-06 -5.08183e-05 
1.69412 2.15858e-05 -4.14046e-05 
1.69411 1.51023e-05 -2.1156e-05 
1.69409 7.20505e-06 -5.52496e-06 
1.69409 1.83808e-06 1.72076e-06 
1.69409 -5.08229e-07 2.97091e-06 
1.69409 -9.48462e-07 2.33915e-06 
1.69409 -7.932e-07 1.65141e-06 
1.69408 -5.7559e-07 1.09963e-06 
1.69408 -3.70078e-07 6.39665e-07 
1.69408 -1.99074e-07 2.36195e-07 
1.69408 -3.71718e-08 -1.3802e-07 
1.69408 1.06509e-07 -4.58397e-07 
1.69409 2.35101e-07 -7.19119e-07 
1.69409 3.42689e-07 -9.07461e-07 
1.69409 4.2037e-07 -1.02882e-06 
1.69409 4.73429e-07 -1.09147e-06 
1.69409 5.03392e-07 -1.10427e-06 
1.69409 5.14035e-07 -1.07977e-06 
1.69409 5.09439e-07 -1.02862e-06 
1.69409 4.9365e-07 -9.61303e-07 
1.69409 4.70575e-07 -8.85851e-07 
1.69409 4.4352e-07 -8.08576e-07 
1.69409 4.14924e-07 -7.33848e-07 
1.69409 3.86772e-07 -6.64706e-07 
1.69409 3.60203e-07 -6.03054e-07 
1.69409 3.3744e-07 -5.4947e-07 
1.69409 3.20311e-07 -5.02682e-07 
1.69409 2.99696e-07 -4.63873e-07 
1.69409 2.47517e-07 -4.54139e-07 
1.69409 2.45108e-07 -4.32189e-07 
1.69409 3.80996e-07 -4.06017e-07 
1.67083 -0.455948 0.538588 
1.68886 -0.00645319 0.0030983 
1.70185 -0.0141064 -0.035759 
1.69877 0.0144791 -0.0199477 
1.6899 0.0150586 -0.0110741 
1.69059 -0.00208522 0.00577249 
1.69233 -0.00693663 0.00908948 
1.69381 -0.00472962 0.00529646 
1.69421 -5.29268e-06 -0.000771934 
1.69407 0.00115753 -0.0014862 
1.69385 0.000359078 -0.000139163 
1.69383 -0.000480247 0.000910122 
1.69395 -0.000563996 0.00082263 
1.69409 -0.000297828 0.00033914 
1.69416 -3.72761e-05 -3.9822e-05 
1.69415 5.63372e-05 -0.000114496 
1.69412 4.80139e-05 -6.03942e-05 
1.69409 1.63187e-05 -6.91326e-06 
1.69408 -5.1442e-07 9.60751e-06 
1.69408 -3.98558e-06 8.57915e-06 
1.69409 -3.01329e-06 5.05479e-06 
1.69409 -1.7296e-06 2.55428e-06 
1.69409 -8.83282e-07 1.19763e-06 
1.69409 -4.25261e-07 5.90741e-07 
1.69408 -1.97861e-07 2.47877e-07 
1.69408 -4.98804e-08 -8.21774e-08 
1.69408 8.80087e-08 -4.17598e-07 
1.69409 2.2041e-07 -7.13989e-07 
1.69409 3.35557e-07 -9.39651e-07 
1.69409 4.2182e-07 -1.08182e-06 
1.69409 4.76531e-07 -1.14417e-06 
1.69409 5.004e-07 -1.13842e-06 
1.69409 4.97641e-07 -1.08157e-06 
1.69409 4.75175e-07 -9.90152e-07 
1.69409 4.38922e-07 -8.79154e-07 
1.69409 3.94447e-07 -7.60777e-07 
1.69409 3.46405e-07 -6.44284e-07 
1.69409 2.98527e-07 -5.3552e-07 
1.69409 2.53028e-07 -4.3816e-07 
1.69409 2.11557e-07 -3.53718e-07 
1.69409 1.74861e-07 -2.82283e-07 
1.69409 1.43172e-07 -2.232e-07 
1.69409 1.16409e-07 -1.7521e-07 
1.69409 9.40204e-08 -1.3701e-07 
1.69409 7.53786e-08 -1.07356e-07 
1.69409 6.2549e-08 -8.44337e-08 
1.69409 5.81746e-08 -6.46102e-08 
1.69409 3.72022e-08 -5.64961e-08 
1.69409 -1.21881e-08 -4.63928e-08 
1.69409 -2.19059e-08 -5.54706e-08 
1.69584 0.0248322 -0.0460841 
1.69915 0.00491562 0.00291021 
1.69145 0.00223498 0.00318656 
1.6944 -0.0059633 0.00991075 
1.69491 -0.00551397 0.00604225 
1.69449 0.000339231 -0.00181029 
1.69449 0.00221298 -0.00333053 
1.69438 0.00137243 -0.00165227 
1.69421 7.8575e-05 0.000130747 
1.69414 -0.000218503 0.000290313 
1.69415 -6.96691e-06 -9.40624e-05 
1.69415 0.000156173 -0.000283283 
1.69412 0.0001427 -0.000206705 
1.69409 6.5513e-05 -7.1068e-05 
1.69408 5.57826e-06 1.43988e-05 
1.69408 -1.36956e-05 2.84102e-05 
1.69408 -1.10632e-05 1.53205e-05 
1.69409 -4.36358e-06 3.74487e-06 
1.69409 -7.5619e-07 -1.1642e-07 
1.69409 1.34757e-07 -3.02311e-07 
1.69409 9.932e-08 -7.95445e-09 
1.69409 2.08255e-08 -2.27987e-08 
1.69409 5.72299e-08 -2.65313e-07 
1.69409 1.64126e-07 -5.85554e-07 
1.69409 2.88891e-07 -8.74842e-07 
1.69409 3.95575e-07 -1.07228e-06 
1.69409 4.65485e-07 -1.16325e-06 
1.69409 4.94862e-07 -1.16034e-06 
1.69409 4.88691e-07 -1.08648e-06 
1.69409 4.55796e-07 -9.66054e-07 
1.69409 4.05203e-07 -8.20993e-07 
1.69409 3.45478e-07 -6.69383e-07 
1.69409 2.83199e-07 -5.23979e-07 
1.69409 2.23245e-07 -3.93117e-07 
1.69409 1.68906e-07 -2.81097e-07 
1.69409 1.2177e-07 -1.89007e-07 
1.69409 8.24521e-08 -1.16038e-07 
1.69409 5.05955e-08 -6.00383e-08 
1.69409 2.55947e-08 -1.85037e-08 
1.69409 6.44326e-09 1.13905e-08 
1.69409 -7.88938e-09 3.21659e-08 
1.69409 -1.83402e-08 4.604e-08 
1.69409 -2.57631e-08 5.48644e-08 
1.69409 -3.08585e-08 6.0132e-08 
1.69409 -3.46927e-08 6.29173e-08 
1.69409 -3.81524e-08 6.37744e-08 
1.69409 -3.69903e-08 6.41888e-08 
1.69409 -2.99622e-08 6.38214e-08 
1.69409 -4.42085e-08 6.56066e-08 
1.69409 -9.55755e-08 5.8244e-08 
1.69562 -0.00833687 0.01483 
1.69446 -0.00235303 0.00145457 
1.69491 -0.00103473 0.000158223 
1.69371 0.00166383 -0.00291739 
1.6937 0.00184831 -0.00252887 
1.69406 0.000266157 -5.37325e-05 
1.69409 -0.000483066 0.000857821 
1.69402 -0.000372933 0.000535186 
1.69402 -7.49579e-05 6.36991e-05 
1.69406 1.34001e-05 -2.0195e-05 
1.69407 -1.93855e-05 4.91385e-05 
1.69408 -4.31752e-05 7.49079e-05 
1.69409 -3.3157e-05 4.82306e-05 
1.69409 -1.39463e-05 1.54574e-05 
1.69409 -1.1592e-06 -2.50353e-06 
1.69409 2.58787e-06 -5.10042e-06 
1.69409 1.9356e-06 -2.39133e-06 
1.69409 6.35155e-07 -2.67015e-07 
1.69409 1.32527e-08 1.8907e-07 
1.69409 -2.5079e-08 -1.83821e-07 
1.69409 1.48589e-07 -6.57767e-07 
1.69409 3.22403e-07 -9.86151e-07 
1.69409 4.36186e-07 -1.15037e-06 
1.69409 4.88105e-07 -1.17924e-06 
1.69409 4.89403e-07 -1.10721e-06 
1.69409 4.53387e-07 -9.69831e-07 
1.69409 3.93724e-07 -7.99131e-07 
1.69409 3.22515e-07 -6.20521e-07 
1.69409 2.49296e-07 -4.522e-07 
1.69409 1.80843e-07 -3.05323e-07 
1.69409 1.21259e-07 -1.85151e-07 
1.69409 7.23699e-08 -9.2371e-08 
1.69409 3.43914e-08 -2.48788e-08 
1.69409 6.46384e-09 2.11591e-08 
1.69409 -1.29173e-08 5.01423e-08 
1.69409 -2.54296e-08 6.62729e-08 
1.69409 -3.26836e-08 7.32773e-08 
1.69409 -3.61133e-08 7.41647e-08 
1.69409 -3.69335e-08 7.12584e-08 
1.69409 -3.60662e-08 6.62592e-08 
1.69409 -3.42071e-08 6.03483e-08 
1.69409 -3.18704e-08 5.42872e-08 
1.69409 -2.94032e-08 4.85413e-08 
1.69409 -2.69621e-08 4.33663e-08 
1.69409 -2.45797e-08 3.89288e-08 
1.69409 -2.30616e-08 3.52107e-08 
1.69409 -2.29419e-08 3.20911e-08 
1.69409 -1.84375e-08 2.97939e-08 
1.69409 -9.77669e-09 2.78891e-08 
1.69409 -2.21438e-08 2.40174e-08 
1.69364 0.00248282 -0.00429545 
1.69386 0.000818711 -0.000722884 
1.69372 0.000413254 -0.000333453 
1.69415 -0.000267009 0.000490621 
1.69427 -0.000455989 0.000700403 
1.69414 -0.000180586 0.000246868 
1.69407 3.04603e-05 -8.48427e-05 
1.69409 6.54696e-05 -0.00012116 
1.69411 2.9704e-05 -4.90115e-05 
1.69411 1.1991e-05 -2.00919e-05 
1.6941 1.21028e-05 -2.02255e-05 
1.69409 1.14375e-05 -1.71896e-05 
1.69409 6.72511e-06 -8.68374e-06 
1.69409 2.17585e-06 -1.73318e-06 
1.69409 -2.47448e-07 1.28277e-06 
1.69409 -7.29552e-07 1.19207e-06 
1.69409 -3.67635e-07 1.39646e-07 
1.69409 8.29687e-08 -7.0609e-07 
1.69409 3.66792e-07 -1.11591e-06 
1.69409 4.86828e-07 -1.21613e-06 
1.69409 5.04782e-07 -1.15059e-06 
1.69409 4.67327e-07 -1.00049e-06 
1.69409 4.00048e-07 -8.09016e-07 
1.69409 3.18978e-07 -6.06885e-07 
1.69409 2.35887e-07 -4.17441e-07 
1.69409 1.59541e-07 -2.55792e-07 
1.69409 9.52142e-08 -1.28638e-07 
1.69409 4.50802e-08 -3.64274e-08 
1.69409 8.94922e-09 2.45657e-08 
1.69409 -1.4842e-08 6.02341e-08 
1.69409 -2.8678e-08 7.69594e-08 
1.69409 -3.50851e-08 8.06413e-08 
1.69409 -3.63444e-08 7.61801e-08 
1.69409 -3.43542e-08 6.73145e-08 
1.69409 -3.05817e-08 5.66358e-08 
1.69409 -2.60287e-08 4.58461e-08 
1.69409 -2.13871e-08 3.59134e-08 
1.69409 -1.70542e-08 2.72985e-08 
1.69409 -1.32243e-08 2.01411e-08 
1.69409 -9.97554e-09 1.43948e-08 
1.69409 -7.3036e-09 9.89929e-09 
1.69409 -5.15113e-09 6.45546e-09 
1.69409 -3.45508e-09 3.8722e-09 
1.69409 -2.16908e-09 1.9594e-09 
1.69409 -1.13356e-09 5.68292e-10 
1.69409 -1.32317e-10 -4.11403e-10 
1.69409 3.66377e-11 -1.08009e-09 
1.69409 -8.77129e-10 -1.32721e-09 
1.69409 1.9897e-09 -1.83184e-09 
1.69409 8.36866e-09 -3.9205e-09 
1.69426 -0.000666122 0.00124444 
1.69413 -0.000245771 0.000241134 
1.69424 -0.000102715 7.13263e-05 
1.69414 1.9709e-05 -1.70255e-05 
1.69405 6.43659e-05 -9.66486e-05 
1.69406 4.86202e-05 -8.91712e-05 
1.69409 2.10532e-05 -3.39766e-05 
1.69409 2.01087e-06 4.97909e-06 
1.69409 -4.42331e-06 1.42321e-05 
1.69408 -6.0949e-06 1.30347e-05 
1.69408 -5.68549e-06 9.49597e-06 
1.69409 -3.78296e-06 5.23679e-06 
1.69409 -1.67496e-06 1.68142e-06 
1.69409 -2.72259e-07 -3.83445e-07 
1.69409 3.9925e-07 -1.26741e-06 
1.69409 6.00333e-07 -1.42925e-06 
1.69409 5.92338e-07 -1.29345e-06 
1.69409 5.16967e-07 -1.07544e-06 
1.69409 4.24297e-07 -8.4231e-07 
1.69409 3.27865e-07 -6.14241e-07 
1.69409 2.34334e-07 -4.05504e-07 
1.69409 1.50136e-07 -2.29455e-07 
1.69409 8.07298e-08 -9.45586e-08 
1.69409 2.87159e-08 -1.78492e-09 
1.69409 -6.23126e-09 5.38393e-08 
1.69409 -2.65904e-08 8.04618e-08 
1.69409 -3.57888e-08 8.6778e-08 
1.69409 -3.72866e-08 8.05477e-08 
1.69409 -3.41039e-08 6.78488e-08 
1.69409 -2.8565e-08 5.29587e-08 
1.69409 -2.22795e-08 3.85414e-08 
1.69409 -1.62473e-08 2.6026e-08 
1.69409 -1.10078e-08 1.59652e-08 
1.69409 -6.76925e-09 8.36999e-09 
1.69409 -3.51892e-09 2.95088e-09 
1.69409 -1.16252e-09 -6.86123e-10 
1.69409 4.65179e-10 -2.96639e-09 
1.69409 1.52411e-09 -4.26016e-09 
1.69409 2.15922e-09 -4.87247e-09 
1.69409 2.49352e-09 -5.04082e-09 
1.69409 2.62645e-09 -4.93902e-09 
1.69409 2.63014e-09 -4.68882e-09 
1.69409 2.56127e-09 -4.37216e-09 
1.69409 2.4533e-09 -4.03931e-09 
1.69409 2.29759e-09 -3.72062e-09 
1.69409 2.18885e-09 -3.44416e-09 
1.69409 2.2953e-09 -3.23487e-09 
1.69409 1.94123e-09 -2.99988e-09 
1.69409 8.9863e-10 -2.6385e-09 
1.69409 2.47127e-09 -2.69957e-09 
1.69405 0.000160794 -0.000330489 
1.69411 8.01922e-05 -9.24035e-05 
1.69407 9.69448e-06 1.87142e-05 
1.69407 -6.9318e-06 6.20048e-06 
1.69409 2.95859e-07 -5.34047e-06 
1.69409 -4.29975e-06 1.08472e-05 
1.69409 -8.32822e-06 1.79185e-05 
1.69409 -5.92306e-06 9.37061e-06 
1.69409 -1.79037e-06 2.25623e-07 
1.69409 1.08849e-06 -3.76093e-06 
1.69409 1.87127e-06 -3.85706e-06 
1.69409 1.49853e-06 -2.66358e-06 
1.69409 9.50133e-07 -1.65812e-06 
1.69409 5.98634e-07 -1.11196e-06 
1.69409 4.19314e-07 -8.10505e-07 
1.69409 3.13231e-07 -5.89016e-07 
1.69409 2.24627e-07 -3.88449e-07 
1.69409 1.41707e-07 -2.10539e-07 
1.69409 7.03414e-08 -7.10985e-08 
1.69409 1.68207e-08 2.26416e-08 
1.69409 -1.74214e-08 7.41593e-08 
1.69409 -3.49262e-08 9.30255e-08 
1.69409 -4.00827e-08 9.03788e-08 
1.69409 -3.74369e-08 7.60473e-08 
1.69409 -3.07829e-08 5.73563e-08 
1.69409 -2.28413e-08 3.8956e-08 
1.69409 -1.52959e-08 2.33374e-08 
1.69409 -9.00237e-09 1.14242e-08 
1.69409 -4.24142e-09 3.15219e-09 
1.69409 -9.4698e-10 -2.02709e-09 
1.69409 1.11749e-09 -4.84382e-09 
1.69409 2.24516e-09 -6.01079e-09 
1.69409 2.71613e-09 -6.12537e-09 
1.69409 2.76652e-09 -5.63978e-09 
1.69409 2.56691e-09 -4.8691e-09 
1.69409 2.24696e-09 -4.01629e-09 
1.69409 1.88626e-09 -3.19901e-09 
1.69409 1.5337e-09 -2.47754e-09 
1.69409 1.21566e-09 -1.87252e-09 
1.69409 9.43035e-10 -1.38403e-09 
1.69409 7.16785e-10 -1.00039e-09 
1.69409 5.3413e-10 -7.06355e-10 
1.69409 3.88914e-10 -4.84882e-10 
1.69409 2.79197e-10 -3.21083e-10 
1.69409 1.97448e-10 -2.01155e-10 
1.69409 1.09439e-10 -1.10745e-10 
1.69409 6.06071e-11 -5.02517e-11 
1.69409 1.61232e-10 -4.22644e-11 
1.69409 1.04832e-11 -1.03175e-11 
1.69409 -5.01608e-10 2.6263e-10 
1.69411 -4.1259e-05 7.57186e-05 
1.6941 -3.06255e-05 4.56946e-05 
1.69409 2.49288e-06 -5.73699e-06 
1.69409 4.60787e-06 -7.43321e-06 
1.69409 -2.32875e-06 5.39664e-06 
1.69409 -1.79397e-06 2.34582e-06 
1.69409 1.03838e-06 -3.84614e-06 
1.69409 2.25552e-06 -4.58278e-06 
1.69409 1.57712e-06 -2.48337e-06 
1.69409 5.9249e-07 -7.36572e-07 
1.69409 1.48261e-07 -1.9339e-07 
1.69409 9.06343e-08 -2.23617e-07 
1.69409 1.23103e-07 -2.66145e-07 
1.69409 1.13154e-07 -1.90855e-07 
1.69409 6.40753e-08 -6.78776e-08 
1.69409 1.11828e-08 3.26545e-08 
1.69409 -2.51461e-08 8.7041e-08 
1.69409 -4.17141e-08 1.01456e-07 
1.69409 -4.35257e-08 9.1176e-08 
1.69409 -3.70237e-08 6.9818e-08 
1.69409 -2.73059e-08 4.65067e-08 
1.69409 -1.75834e-08 2.62376e-08 
1.69409 -9.50098e-09 1.10204e-08 
1.69409 -3.61688e-09 1.00134e-09 
1.69409 1.56642e-10 -4.64863e-09 
1.69409 2.22186e-09 -7.09963e-09 
1.69409 3.0661e-09 -7.48062e-09 
1.69409 3.1352e-09 -6.70792e-09 
1.69409 2.78027e-09 -5.43208e-09 
1.69409 2.24559e-09 -4.06318e-09 
1.69409 1.68449e-09 -2.82621e-09 
1.69409 1.17898e-09 -1.8166e-09 
1.69409 7.64598e-10 -1.05153e-09 
1.69409 4.46411e-10 -5.07405e-10 
1.69409 2.16798e-10 -1.43732e-10 
1.69409 5.957e-11 8.39127e-11 
1.69409 -4.22032e-11 2.13827e-10 
1.69409 -1.03217e-10 2.77973e-10 
1.69409 -1.36076e-10 3.00171e-10 
1.69409 -1.50231e-10 2.97182e-10 
1.69409 -1.52551e-10 2.8034e-10 
1.69409 -1.47879e-10 2.57347e-10 
1.69409 -1.39692e-10 2.32886e-10 
1.69409 -1.3102e-10 2.09458e-10 
1.69409 -1.2048e-10 1.88028e-10 
1.69409 -1.08246e-10 1.6938e-10 
1.69409 -1.11287e-10 1.57771e-10 
1.69409 -1.10287e-10 1.48076e-10 
1.69409 -5.09031e-11 1.14125e-10 
1.69409 -6.49926e-11 1.32681e-10 
1.69409 1.27053e-05 -1.29844e-05 
1.69408 7.96088e-06 -1.34397e-05 
1.69409 -1.07808e-06 2.55768e-06 
1.69409 -1.63732e-06 2.72907e-06 
1.69409 4.37065e-07 -2.63721e-06 
1.69409 1.51021e-06 -2.75107e-06 
1.69409 8.04403e-07 -8.34973e-07 
1.69409 3.00319e-08 1.68764e-07 
1.69409 -8.44088e-08 1.10343e-07 
1.69409 2.63947e-08 -1.1833e-07 
1.69409 7.21601e-08 -1.33903e-07 
1.69409 3.67924e-08 -2.95044e-08 
1.69409 -1.34465e-08 6.29078e-08 
1.69409 -4.10056e-08 9.73275e-08 
1.69409 -4.47409e-08 8.83384e-08 
1.69409 -3.55961e-08 6.18636e-08 
1.69409 -2.29915e-08 3.46762e-08 
1.69409 -1.18862e-08 1.37936e-08 
1.69409 -3.95157e-09 4.60702e-10 
1.69409 8.36399e-10 -6.5224e-09 
1.69409 3.16006e-09 -9.02468e-09 
1.69409 3.83083e-09 -8.81146e-09 
1.69409 3.55182e-09 -7.26026e-09 
1.69409 2.84175e-09 -5.30013e-09 
1.69409 2.03319e-09 -3.46327e-09 
1.69409 1.30735e-09 -1.98921e-09 
1.69409 7.37473e-10 -9.32121e-10 
1.69409 3.34396e-10 -2.48744e-10 
1.69409 7.56432e-11 1.43852e-10 
1.69409 -7.25353e-11 3.32757e-10 
1.69409 -1.43871e-10 3.9216e-10 
1.69409 -1.66136e-10 3.7771e-10 
1.69409 -1.60307e-10 3.27559e-10 
1.69409 -1.4048e-10 2.65304e-10 
1.69409 -1.15678e-10 2.04385e-10 
1.69409 -9.10753e-11 1.51078e-10 
1.69409 -6.89755e-11 1.07495e-10 
1.69409 -5.05552e-11 7.36694e-11 
1.69409 -3.57748e-11 4.83327e-11 
1.69409 -2.43648e-11 2.98933e-11 
1.69409 -1.57769e-11 1.68266e-11 
1.69409 -9.44666e-12 7.80299e-12 
1.69409 -4.80152e-12 1.65587e-12 
1.69409 -1.39904e-12 -2.4458e-12 
1.69409 5.82585e-13 -4.88892e-12 
1.69409 2.32021e-12 -6.64597e-12 
1.69409 4.90263e-12 -8.13452e-12 
1.69409 3.10794e-12 -7.45307e-12 
1.69409 6.49113e-13 -6.34062e-12 
1.69409 1.19839e-11 -1.39463e-11 
1.6941 -2.82951e-06 3.57042e-06 
1.69409 -4.62546e-07 3.14585e-06 
1.69409 6.245e-07 -1.19609e-06 
1.69409 8.83602e-07 -1.93992e-06 
1.69409 2.49227e-07 -4.58898e-07 
1.69409 -2.25279e-07 4.70659e-07 
1.69409 -1.49665e-07 2.72939e-07 
1.69409 -2.43287e-08 -1.14013e-08 
1.69409 -3.7054e-09 -1.64736e-08 
1.69409 -2.4522e-08 4.82538e-08 
1.69409 -3.40373e-08 6.68184e-08 
1.69409 -2.6287e-08 4.68133e-08 
1.69409 -1.33615e-08 1.99593e-08 
1.69409 -3.15891e-09 1.29738e-09 
1.69409 2.48735e-09 -7.74898e-09 
1.69409 4.56838e-09 -1.01933e-08 
1.69409 4.58406e-09 -9.18576e-09 
1.69409 3.68472e-09 -6.87578e-09 
1.69409 2.56367e-09 -4.45862e-09 
1.69409 1.56362e-09 -2.47218e-09 
1.69409 8.10084e-10 -1.06936e-09 
1.69409 3.10251e-10 -2.0416e-10 
1.69409 1.95094e-11 2.47019e-10 
1.69409 -1.22017e-10 4.21224e-10 
1.69409 -1.69287e-10 4.34511e-10 
1.69409 -1.64666e-10 3.70076e-10 
1.69409 -1.36626e-10 2.80076e-10 
1.69409 -1.02222e-10 1.93179e-10 
1.69409 -7.0326e-11 1.21792e-10 
1.69409 -4.4525e-11 6.89581e-11 
1.69409 -2.5448e-11 3.29863e-11 
1.69409 -1.23615e-11 1.03907e-11 
1.69409 -3.97956e-12 -2.56862e-12 
1.69409 9.96872e-13 -9.08915e-12 
1.69409 3.63284e-12 -1.16089e-11 
1.69409 4.79746e-12 -1.18113e-11 
1.69409 5.05126e-12 -1.08405e-11 
1.69409 4.82246e-12 -9.37898e-12 
1.69409 4.3461e-12 -7.82422e-12 
1.69409 3.7872e-12 -6.38003e-12 
1.69409 3.24038e-12 -5.14054e-12 
1.69409 2.74659e-12 -4.10682e-12 
1.69409 2.29438e-12 -3.27772e-12 
1.69409 1.91158e-12 -2.61192e-12 
1.69409 1.65632e-12 -2.13161e-12 
1.69409 1.36208e-12 -1.73544e-12 
1.69409 1.13832e-12 -1.45998e-12 
1.69409 1.20865e-12 -1.3866e-12 
1.69409 1.10186e-12 -9.96927e-13 
1.69409 -4.78727e-13 -1.13934e-12 
2.34167 0.483626 -0.722393 
1.87139 -0.515866 -0.322791 
2.24262 -0.283617 -0.246856 
2.41706 -0.250166 -0.282182 
2.54345 -0.276915 -0.314028 
2.65842 -0.305302 -0.353903 
2.76359 -0.340009 -0.402681 
2.86158 -0.383726 -0.46297 
2.96071 -0.441 -0.538127 
3.07177 -0.510999 -0.625058 
3.20142 -0.586275 -0.688449 
3.33453 -0.587484 -0.748308 
3.38985 -0.575685 -0.780129 
3.41376 -0.57573 -0.698412 
3.5759 -1.0346 -0.957698 
3.86788 -1.1168 -0.826928 
3.94556 -0.952485 -0.461868 
4.07446 -0.696947 0.20582 
4.24047 -0.275453 1.16943 
4.34292 0.596189 2.0653 
4.31554 2.13884 4.33438 
4.31213 3.61927 7.22626 
4.30822 5.25269 10.2792 
4.25507 7.20166 13.5029 
4.14819 9.33853 16.9099 
4.0192 11.5664 20.5246 
4.22748 12.7651 23.8847 
5.0557 12.414 26.349 
6.36365 11.0676 27.6761 
7.75363 9.9733 28.2612 
9.07312 9.67033 28.7967 
10.4289 9.80918 29.4892 
11.8097 10.0725 30.1278 
12.9558 10.7665 30.4626 
13.6395 12.4379 31.2703 
13.9311 14.9741 32.9999 
13.92 18.0721 35.9612 
13.7358 21.3916 40.1061 
13.5338 24.3178 45.2145 
13.4603 26.2748 50.4253 
13.6302 27.2302 54.4156 
14.1657 27.4881 57.071 
15.1971 27.0043 57.552 
16.7856 26.0109 55.4208 
18.8579 24.6499 51.4253 
21.3109 22.8179 46.4511 
24.2693 20.0131 41.3993 
28.3536 14.8791 32.7944 
32.9107 8.37237 16.6775 
35.3885 8.02541 11.9492 
37.5621 6.65429 9.32276 
3.23463 -0.0284774 0.0481842 
3.46045 -0.0070187 -0.00343781 
3.70265 -0.0444994 -0.00568725 
3.94948 -0.0434663 -0.00723946 
4.19857 -0.0411163 -0.0106403 
4.44989 -0.0382129 -0.0111646 
4.71444 -0.0380227 -0.0125988 
5.00677 -0.0415229 -0.0156878 
5.32282 -0.0363334 -0.0125923 
5.62316 -0.00902368 -0.00691355 
5.84509 0.0153828 -0.0276391 
5.95697 0.0516392 -0.0851876 
5.91075 5.64827e-05 -0.229362 
5.86441 -0.110223 -0.405212 
5.81116 -0.26781 -0.614878 
5.73617 -0.402114 -0.800214 
5.70527 -0.532581 -0.96685 
5.69543 -0.648612 -1.13232 
5.7192 -0.777055 -1.30374 
5.84792 -0.927949 -1.49096 
6.06517 -1.10304 -1.73429 
6.35564 -1.29958 -2.0278 
6.66078 -1.5107 -2.35166 
6.92332 -1.72515 -2.67288 
7.10931 -1.98779 -2.88728 
7.39763 -2.10244 -3.00951 
7.81483 -2.12594 -2.98382 
8.29768 -1.97156 -2.81275 
8.65616 -1.6753 -2.6462 
8.7943 -1.42804 -2.54815 
8.85076 -1.28506 -2.46789 
9.03555 -1.20943 -2.40767 
9.38505 -1.18037 -2.48648 
9.49456 -1.14978 -2.6741 
9.31454 -1.25042 -2.87892 
9.12129 -1.42931 -3.07685 
9.21095 -1.7051 -3.39404 
9.49359 -1.99648 -3.77997 
9.76344 -2.24176 -4.15522 
9.85249 -2.43067 -4.4585 
9.83252 -2.61955 -4.72938 
9.72668 -2.80599 -4.95491 
9.5641 -2.98098 -5.12942 
9.36993 -3.12212 -5.24663 
9.14605 -3.20821 -5.29123 
8.93751 -3.26115 -5.34607 
8.67605 -3.32076 -5.45114 
8.65254 -3.56327 -5.78583 
8.37827 -3.6313 -4.56089 
11.2061 -4.2258 -2.28221 
2.98623 -0.0567194 0.00964833 
3.19485 -0.0727957 0.0332148 
3.43185 -0.0554929 0.052614 
3.66162 -0.0445555 0.063028 
3.89708 -0.0389369 0.07656 
4.14716 -0.0379585 0.0839979 
4.43269 -0.0516533 0.08177 
4.76906 -0.0727378 0.0778759 
5.13945 -0.0846615 0.0767379 
5.48882 -0.0761184 0.0860527 
5.78832 -0.0457893 0.1333 
6.04429 0.0116732 0.228515 
6.27453 0.0979281 0.381617 
6.53863 0.202111 0.584787 
6.89597 0.30675 0.810843 
7.30028 0.442686 0.974382 
7.65672 0.554934 1.10456 
7.98242 0.660774 1.2281 
8.22629 0.77474 1.38229 
8.42373 0.889033 1.58776 
8.59284 1.02516 1.8342 
8.74259 1.16652 2.08588 
8.8638 1.31723 2.32941 
8.93548 1.74119 2.95219 
8.9457 2.57889 4.07927 
8.76625 3.58882 5.41382 
8.46544 4.46788 6.4712 
8.08727 5.08339 7.2281 
7.74405 5.21558 7.59382 
7.57183 4.91492 7.61333 
7.58784 4.23038 6.97682 
7.72381 3.06842 5.32088 
7.99977 1.45711 2.72241 
8.50463 1.22846 2.32044 
8.92985 1.23358 2.44589 
9.27638 1.30022 2.55162 
9.73482 1.29461 2.75586 
10.457 1.37162 2.99483 
11.2476 1.51509 3.22441 
11.9508 1.68331 3.39338 
12.5448 1.80507 3.54191 
13.069 1.91796 3.64636 
13.5314 1.99278 3.70296 
13.9528 2.0293 3.6757 
14.3322 2.00476 3.54711 
14.6226 1.93368 3.389 
14.8116 1.87868 3.49331 
14.9597 1.97903 4.45023 
16.0362 2.62455 3.86664 
17.5514 1.71191 2.58024 
3.00213 -0.0879656 -0.028392 
3.20049 -0.0842792 -0.0305138 
3.39563 -0.0854019 -0.0319635 
3.59368 -0.0861762 -0.0294137 
3.80095 -0.0907985 -0.0319204 
4.04327 -0.112046 -0.0447714 
4.34371 -0.14054 -0.0576105 
4.68206 -0.150961 -0.0556311 
5.02048 -0.137962 -0.0360179 
5.32758 -0.106232 -0.0150544 
5.55602 -0.06551 -0.0151135 
5.68363 -0.0380684 -0.0455731 
5.71621 -0.0328401 -0.111147 
5.67087 -0.0572101 -0.19139 
5.63314 -0.114605 -0.277428 
5.67334 -0.1946 -0.351274 
5.77942 -0.255971 -0.425636 
5.88854 -0.303518 -0.482802 
5.97532 -0.328316 -0.575753 
5.99487 -0.371578 -0.692598 
5.99516 -0.444257 -0.872125 
5.95916 -0.548696 -1.0665 
5.9533 -0.670552 -1.28363 
5.9209 -0.793156 -1.51923 
5.82807 -0.949133 -1.64542 
5.79794 -1.04855 -1.726 
5.81767 -1.15521 -1.87967 
5.89746 -1.29848 -2.09631 
5.97322 -1.4461 -2.29514 
6.12584 -1.6003 -2.48695 
6.35781 -1.73795 -2.66655 
6.62671 -1.83194 -2.79454 
7 -1.90759 -2.84723 
7.57299 -1.94645 -2.75114 
8.01254 -1.80231 -2.7464 
8.30934 -1.76808 -2.84018 
8.47446 -1.79068 -2.9165 
8.62343 -1.8134 -2.87669 
8.85541 -1.78831 -2.82128 
9.23126 -1.78193 -2.83945 
9.62363 -1.77791 -2.90304 
9.91618 -1.78052 -2.92698 
10.2197 -1.7845 -2.92505 
10.5377 -1.77003 -2.838 
10.7842 -1.62596 -2.54424 
11.0361 -1.43072 -2.22586 
11.3096 -1.19237 -2.20152 
10.7033 -0.887905 -2.95527 
9.06643 -1.45964 -2.22535 
9.55346 -1.60397 -0.598616 
3.12157 -0.0860545 -0.0305386 
3.31204 -0.0811513 -0.0249594 
3.50663 -0.081602 -0.0244099 
3.71123 -0.0894542 -0.0347603 
3.94548 -0.113773 -0.0560462 
4.23979 -0.149812 -0.0770307 
4.57595 -0.164363 -0.0794771 
4.88762 -0.142525 -0.0595721 
5.14266 -0.108545 -0.0316567 
5.35824 -0.0830656 -0.00704275 
5.55073 -0.0642814 0.0111642 
5.72162 -0.0503694 0.0278046 
5.89519 -0.0445706 0.0342536 
6.05787 -0.0344141 0.0275557 
6.20819 -0.0399316 0.0437661 
6.43142 -0.0563916 0.0479383 
6.68682 -0.0502265 0.0778305 
6.88886 0.00706395 0.137799 
7.07594 0.0332634 0.207622 
7.40283 -0.00082306 0.178464 
7.8236 -0.0600486 0.12981 
8.23123 -0.0592234 0.12552 
8.54984 -0.0315053 0.222068 
8.90299 0.0144714 0.309139 
9.31405 0.0591489 0.304535 
9.45866 0.153204 0.390976 
9.51027 0.252729 0.582819 
9.80136 0.292375 0.742274 
10.0921 0.421181 0.932061 
10.4024 0.522122 1.10494 
10.7013 0.628998 1.26598 
10.921 0.745624 1.3908 
11.1723 0.768852 1.43419 
11.5138 0.760589 1.3634 
11.6504 0.774822 1.35229 
11.585 0.816691 1.55729 
11.643 0.933794 1.76462 
11.7479 1.04776 1.82077 
11.7495 1.0804 1.8096 
11.7791 1.02395 1.86887 
12.0223 0.994855 1.92928 
12.355 0.997119 1.94288 
12.6963 0.980069 1.93171 
12.9444 1.00114 1.90591 
13.0349 1.07139 1.64803 
12.4964 1.06975 1.71161 
12.7622 0.732376 1.46507 
14.0981 0.245906 1.00309 
13.479 0.914439 0.907655 
12.2372 1.03681 0.777068 
3.25489 -0.0769289 -0.0258196 
3.44614 -0.0891272 -0.0432878 
3.65913 -0.111411 -0.0664235 
3.9038 -0.136028 -0.0839495 
4.19497 -0.160266 -0.087559 
4.53438 -0.170159 -0.0739781 
4.85928 -0.143198 -0.0480682 
5.10304 -0.097989 -0.0267929 
5.28395 -0.0744711 -0.0234765 
5.45492 -0.0768046 -0.0375696 
5.61503 -0.0787252 -0.0543413 
5.72451 -0.0611077 -0.0522723 
5.80951 -0.0518367 -0.00944913 
5.99762 -0.0716114 -0.0301578 
6.1976 -0.0892567 -0.0890627 
6.42035 -0.146903 -0.110312 
6.74661 -0.202857 -0.207277 
6.97282 -0.235327 -0.322799 
7.00795 -0.264095 -0.333092 
7.41348 -0.433381 -0.3911 
8.16647 -0.542375 -0.499351 
8.70186 -0.468969 -0.524741 
8.79074 -0.316245 -0.411032 
8.81775 -0.248187 -0.229134 
9.0305 -0.213509 -0.0460584 
9.52326 -0.154669 -0.300988 
9.20508 -0.0648168 -0.331435 
9.10064 -0.200969 -0.338471 
9.11613 -0.205817 -0.431888 
9.0601 -0.265474 -0.478988 
9.06797 -0.304622 -0.535143 
9.08103 -0.335669 -0.589852 
9.24183 -0.438536 -0.613072 
9.71466 -0.539087 -0.611135 
10.0391 -0.426123 -0.592933 
9.84131 -0.221877 -0.630184 
9.56897 -0.291474 -0.774185 
9.48501 -0.444595 -0.841588 
9.68465 -0.57245 -0.964435 
9.99142 -0.688569 -1.1699 
10.2953 -0.811604 -1.30699 
10.6208 -0.870642 -1.36573 
10.9364 -0.859147 -1.34439 
11.1329 -0.775426 -1.27734 
11.2888 -0.762981 -1.07741 
11.1828 -0.451086 -1.16291 
11.3871 -0.850071 -0.958414 
12.4335 -0.766647 -0.209273 
11.9409 0.513033 -0.00547213 
10.8835 0.315569 -0.742109 
3.34607 -0.0927725 -0.0342228 
3.57829 -0.100508 -0.0245729 
3.85289 -0.105276 -0.00708165 
4.15297 -0.101737 0.00734439 
4.47009 -0.104964 0.00631651 
4.79413 -0.110042 -0.0117682 
5.05414 -0.0916386 -0.0283216 
5.21755 -0.065128 -0.026486 
5.35883 -0.0588671 -0.013642 
5.56312 -0.0747904 -0.0180191 
5.779 -0.0758083 -0.0218837 
5.91647 -0.0514043 -0.0135195 
5.98605 -0.0606379 -0.0427194 
6.25404 -0.208989 -0.0990864 
6.76852 -0.303346 -0.261571 
7.07217 -0.284656 -0.249668 
7.54377 -0.359567 -0.198762 
8.24751 -0.392522 -0.334144 
8.65103 -0.315682 -0.535783 
8.82807 -0.399695 -0.324843 
9.614 -0.433 -0.246025 
10.0111 -0.168447 -0.0982394 
9.8132 0.084793 -0.0566792 
9.4415 0.0655673 -0.138783 
9.22486 -0.0759187 -0.264333 
9.43681 -0.369057 -0.152321 
10.2376 -0.279997 -0.62202 
9.48527 -0.144117 -0.0837255 
9.59519 -0.131175 -0.053057 
9.67786 -0.0298253 -0.00415258 
9.66014 0.0997039 0.198042 
9.7146 0.165225 0.303379 
9.80396 0.19817 0.400183 
9.95003 0.240146 0.537975 
9.84166 0.444725 0.611581 
9.48104 0.551623 0.667732 
9.33773 0.483951 0.829074 
9.29217 0.592284 0.945492 
9.30676 0.612178 1.14514 
9.49928 0.698552 1.45743 
9.80271 0.880245 1.75251 
10.1003 1.07623 1.99002 
10.3011 1.2531 2.14775 
10.3456 1.37563 2.19114 
10.2948 1.40979 2.1567 
10.1405 1.41438 2.04048 
10.1178 1.17608 1.95632 
10.1558 1.14963 1.7831 
9.69071 1.3059 0.964753 
10.4318 -0.0368471 1.11044 
3.46536 -0.0753464 -0.000505505 
3.69982 -0.087149 -0.0134297 
3.97038 -0.124701 -0.0685409 
4.24954 -0.164289 -0.13035 
4.54068 -0.195548 -0.155758 
4.85563 -0.191366 -0.127681 
5.08687 -0.106446 -0.0362148 
5.16549 0.0104192 0.0992665 
5.23566 0.0570309 0.183216 
5.49081 -0.00215222 0.167775 
5.89208 -0.0702997 0.0553197 
6.27628 -0.166895 -0.157678 
6.7062 -0.354494 -0.472358 
7.04889 -0.436936 -0.47114 
7.52807 -0.38601 -0.181136 
7.82764 -0.128761 -0.149206 
8.08338 -0.203188 -0.133986 
8.9101 -0.410286 -0.114682 
10.016 -0.458882 -0.211376 
10.2005 -0.0907162 -0.202256 
9.84138 0.0736676 0.560871 
9.99209 0.384216 0.606516 
9.80504 0.468559 0.548927 
9.56773 0.443109 0.610265 
9.62805 0.471906 0.841487 
9.86965 0.585656 1.09009 
11.1313 0.252642 1.79317 
10.8524 1.40463 1.37045 
10.0108 1.17636 0.854508 
10.0792 13.7432 20.2198 
9.71889 37.2011 48.2552 
9.40351 53.2291 65.0071 
9.1488 64.1392 77.1823 
9.0446 71.2521 85.8023 
8.99518 74.3986 89.1261 
8.75613 71.5689 81.7685 
8.31727 55.7721 62.1165 
7.95935 42.6347 49.9206 
7.69004 35.8805 44.1394 
7.3369 31.2013 37.707 
6.9064 26.2467 31.7477 
6.47003 21.6252 27.7053 
6.07268 17.6966 25.5384 
5.79629 14.6237 25.1157 
5.76003 12.3788 26.6352 
5.95364 12.0309 31.0759 
6.30208 11.9494 38.4718 
6.92452 14.1546 55.5364 
7.53804 8.16493 58.2935 
9.51442 -4.67311 73.7503 
3.62641 -0.148047 -0.143011 
3.90619 -0.232788 -0.221149 
4.27399 -0.270865 -0.215174 
4.61346 -0.189279 -0.0807724 
4.86977 -0.0487545 0.116509 
5.09804 0.060485 0.241378 
5.22153 0.129268 0.200426 
5.17741 0.065701 -0.0205672 
5.25634 -0.209471 -0.351923 
5.53162 -0.446026 -0.516551 
6.01639 -0.542289 -0.529674 
6.78179 -0.647023 -0.544426 
8.07357 -0.816266 -0.598547 
8.90997 -0.516889 -0.629668 
8.54534 -0.135571 -0.327738 
8.26169 -0.0743907 -0.0136401 
8.3244 0.0342201 0.303326 
8.88752 0.187565 0.758888 
9.64574 0.456508 1.31459 
9.58889 1.27123 1.34694 
8.02823 1.54874 1.08438 
7.27453 7.47122 9.37296 
7.13485 30.5227 36.2531 
6.76352 51.2873 55.3346 
6.17141 61.8013 63.3239 
5.22047 61.4328 58.0921 
4.02325 44.1906 39.0686 
2.51098 14.4949 15.7221 
2.23559 9.75209 18.568 
2.52136 10.6403 18.6225 
2.41001 8.99107 16.0688 
2.33034 8.10729 13.9563 
2.26408 6.94971 11.7357 
2.25083 5.5998 9.24962 
2.23858 4.00889 6.66225 
2.22171 2.80583 4.61586 
2.19419 2.39697 3.6165 
2.17589 1.88501 2.99242 
2.14875 1.3307 2.20152 
2.14274 1.23458 2.05846 
2.11248 1.11398 1.78543 
2.06521 0.917526 1.45028 
2.02172 0.732241 1.17732 
1.99947 0.597429 1.002 
2.0083 0.524332 0.985448 
2.01825 0.543727 1.09635 
2.04236 0.618006 1.25763 
2.11383 0.754712 1.63815 
2.16476 2.222 4.33695 
2.25607 5.22928 12.5442 
4.10385 -0.250873 -0.166662 
4.53277 -0.188504 -0.0159677 
4.89374 -0.036153 0.144181 
4.96817 0.119764 0.171714 
4.84483 0.0710021 -0.00271328 
4.89421 -0.214033 -0.341147 
5.18168 -0.500546 -0.667914 
5.69026 -0.740385 -0.88435 
6.68769 -0.961034 -0.942627 
7.53865 -0.724821 -0.774812 
7.87297 -0.416252 -0.322318 
8.46673 -0.293482 0.0750896 
9.4436 -0.0961298 0.721287 
10.1075 0.552015 1.10384 
9.40884 1.16277 1.04296 
7.85746 1.24403 1.06446 
7.08155 6.40677 6.79251 
6.3284 31.389 31.6502 
5.15076 50.1675 44.9754 
3.74937 50.2029 42.3926 
2.37296 25.8714 20.1966 
2.12908 12.4015 15.2326 
2.10481 7.3654 12.8229 
2.04784 5.58702 9.13254 
1.98552 4.08428 5.68826 
1.91905 2.37654 2.77473 
1.82831 1.56069 1.26352 
1.73097 0.0730634 0.0364548 
1.69056 -0.012915 -0.0331898 
1.67783 -0.0325969 -0.0602988 
1.67183 -0.0375212 -0.0765552 
1.66691 -0.0428898 -0.0832455 
1.66706 -0.0417935 -0.0794449 
1.66932 -0.0389686 -0.0731251 
1.67086 -0.036153 -0.0666922 
1.67101 -0.0353313 -0.0661595 
1.67295 -0.0348642 -0.0641447 
1.67303 -0.0361423 -0.0627477 
1.67415 -0.0319955 -0.0599089 
1.67555 -0.0305154 -0.0559364 
1.67722 -0.0277166 -0.0514516 
1.67859 -0.0250045 -0.0458079 
1.6797 -0.0219907 -0.0386984 
1.68122 -0.0186576 -0.0305902 
1.68316 -0.0142475 -0.0242167 
1.68342 -0.0118394 -0.0248333 
1.6819 -0.0140983 -0.0295306 
1.67994 -0.0173989 -0.0353929 
1.67835 -0.0233457 -0.0457909 
1.68389 -0.0392882 -0.0489793 
4.65422 -0.0199001 0.121366 
4.71642 0.0749595 0.126178 
4.74812 -0.0570241 -0.125518 
4.89003 -0.332087 -0.539057 
5.28631 -0.670327 -0.865402 
6.13676 -0.874462 -0.876745 
7.13259 -0.728282 -0.466994 
8.30452 -0.538715 -0.087773 
9.4163 -0.217505 0.39035 
9.75767 0.484775 0.860893 
9.04228 0.965131 0.893179 
7.80811 1.08501 1.02339 
6.81414 4.79266 4.57578 
5.87561 29.6729 26.7938 
4.46546 41.9683 34.4997 
2.68661 26.6645 18.2566 
2.18306 13.0823 12.7456 
2.11754 6.30901 10.6315 
2.05562 5.16599 7.46844 
1.87622 4.31032 4.07538 
1.67404 2.87798 0.207689 
1.67527 -0.0213892 -0.0758598 
1.66835 -0.0381209 -0.0625583 
1.66306 -0.0382161 -0.0663317 
1.66403 -0.036346 -0.0586756 
1.67079 -0.0295365 -0.0468581 
1.67776 -0.0276738 -0.0346326 
1.68813 -0.0146547 -0.0097558 
1.69298 -0.00309426 -0.000339927 
1.69508 0.000590477 0.00434057 
1.69567 0.00203719 0.00567969 
1.69597 0.00241559 0.00611768 
1.69596 0.00247459 0.00563108 
1.69576 0.00214605 0.00497425 
1.69557 0.00195555 0.00421934 
1.69543 0.00164892 0.00376024 
1.69529 0.00153323 0.00344314 
1.69512 0.00148692 0.00300378 
1.69494 0.00127613 0.0025111 
1.69483 0.00108461 0.00220439 
1.69473 0.000970817 0.00191792 
1.69465 0.000894109 0.00164034 
1.69459 0.000812172 0.0013195 
1.69451 0.000666259 0.000975331 
1.69442 0.00048816 0.000690977 
1.69437 0.000320585 0.000570263 
1.69437 0.000291921 0.000628482 
1.69442 0.000361536 0.000766304 
1.6945 0.000379542 0.0011 
1.69438 0.00164956 0.00134523 
4.61677 -0.129577 -0.247419 
4.81969 -0.450173 -0.692605 
5.42418 -0.79316 -0.890311 
6.49413 -0.862645 -0.604865 
8.02885 -0.801268 -0.305844 
9.27458 -0.36717 0.0875223 
9.28062 0.390475 0.585359 
8.68429 0.758348 0.83441 
7.37256 1.24259 1.25742 
6.18321 12.2363 9.93716 
4.77528 32.3101 24.3812 
2.94351 24.666 15.9027 
2.30311 20.1951 15.5742 
2.05249 8.76874 10.7797 
1.94942 4.83276 6.09961 
1.72126 4.23089 1.71873 
1.62566 0.86948 -0.211937 
1.69207 -0.0200168 -0.051112 
1.67412 -0.0263414 -0.0535454 
1.66392 -0.0360715 -0.0547789 
1.6793 -0.0219505 -0.0182995 
1.69791 -0.00515746 0.0121627 
1.69846 0.00628976 0.0111428 
1.69887 0.00563649 0.00989072 
1.69817 0.00484521 0.00800382 
1.69704 0.00356267 0.00569164 
1.69625 0.00268844 0.00441854 
1.6949 0.00184399 0.00155358 
1.69435 0.000502168 0.000363322 
1.69409 0.000162696 -0.000152811 
1.69399 -6.46202e-05 -0.000383298 
1.69397 -0.000129273 -0.000403346 
1.69398 -0.000139908 -0.000360321 
1.69399 -0.000118775 -0.000295248 
1.69401 -0.000103198 -0.000235991 
1.69402 -8.02209e-05 -0.000185963 
1.69403 -6.62637e-05 -0.000159663 
1.69404 -6.09133e-05 -0.000132665 
1.69405 -5.33273e-05 -0.000104149 
1.69406 -4.19174e-05 -8.20057e-05 
1.69406 -3.40717e-05 -6.88483e-05 
1.69407 -3.19007e-05 -5.75444e-05 
1.69407 -2.92755e-05 -4.47309e-05 
1.69407 -2.38179e-05 -3.13053e-05 
1.69407 -1.68774e-05 -1.96376e-05 
1.69408 -9.64951e-06 -1.2085e-05 
1.69408 -5.26487e-06 -1.09782e-05 
1.69408 -5.72043e-06 -1.4159e-05 
1.69407 -6.76121e-06 -1.92541e-05 
1.69407 -2.206e-05 -4.8481e-05 
5.44995 -0.819859 -0.786541 
6.88321 -0.941264 -0.519462 
8.53277 -0.696481 -0.209887 
9.02583 0.0773418 0.406096 
8.87658 0.568633 0.920738 
7.80784 1.36963 1.33241 
6.15787 8.22028 5.87433 
4.52401 27.2366 18.3548 
2.55291 18.1688 9.59337 
2.25781 20.882 14.3353 
2.05673 4.38273 5.15715 
1.83392 4.4195 2.77671 
1.6858 2.4038 1.40258 
1.73824 0.0431371 0.00194717 
1.68983 -0.00105068 -0.0461325 
1.66762 -0.0296586 -0.0373618 
1.67932 -0.0181774 -0.0128486 
1.69868 -0.00457254 0.0128396 
1.69863 0.00618988 0.0110373 
1.70058 0.00746825 0.0110172 
1.6973 0.00540911 0.00444977 
1.6941 0.00115028 -0.000850211 
1.6933 -0.000737145 -0.00192395 
1.69342 -0.000859931 -0.00139895 
1.69357 -0.000621721 -0.00102891 
1.69376 -0.00041924 -0.000635404 
1.69386 -0.000258943 -0.000450384 
1.69399 -0.000185498 -0.000210955 
1.69406 -6.98095e-05 -5.28843e-05 
1.69408 -2.21486e-05 -9.19471e-06 
1.6941 -4.62967e-06 2.18574e-05 
1.6941 7.53112e-06 2.68916e-05 
1.6941 9.4246e-06 2.37656e-05 
1.69409 8.53853e-06 1.8011e-05 
1.69409 6.62389e-06 1.40961e-05 
1.69409 5.67684e-06 1.00997e-05 
1.69409 4.03449e-06 7.94389e-06 
1.69409 3.52346e-06 6.34437e-06 
1.69409 2.84873e-06 5.05047e-06 
1.69409 2.4543e-06 3.82916e-06 
1.69408 1.84135e-06 2.88843e-06 
1.69408 1.43911e-06 2.40758e-06 
1.69408 1.37259e-06 1.82409e-06 
1.69408 1.02609e-06 1.17896e-06 
1.69408 6.58704e-07 6.36443e-07 
1.69408 3.2429e-07 2.34245e-07 
1.69408 8.98871e-08 4.13287e-08 
1.69408 6.40211e-08 6.23505e-08 
1.69408 -4.81303e-08 3.27112e-07 
1.69408 -2.71436e-07 1.19653e-06 
8.53921 -0.511539 -0.120756 
8.96149 0.127932 0.626847 
8.8136 0.84204 1.12954 
6.69551 1.69268 1.14056 
4.93005 14.8771 9.36368 
2.99377 17.1912 7.63237 
2.20596 19.2609 10.6048 
1.98371 3.79032 3.72412 
1.79942 2.95465 0.966625 
1.81374 0.777918 1.11291 
1.75623 0.102007 0.0173817 
1.68629 0.00908776 -0.0273937 
1.64785 -0.0401163 -0.0453839 
1.6803 -0.0256443 -0.00697841 
1.69718 -0.00222353 0.0104183 
1.70252 0.0100264 0.0115351 
1.69791 0.00586092 0.00369413 
1.69379 0.000775029 -0.00160398 
1.69282 -0.00124223 -0.0025376 
1.69288 -0.00145344 -0.00203291 
1.69345 -0.000988119 -0.000958774 
1.69404 -0.000260851 1.94761e-05 
1.6942 7.59861e-05 0.000265575 
1.69419 0.000121989 0.000199083 
1.69416 8.2821e-05 0.000128902 
1.69413 5.04673e-05 7.15877e-05 
1.69411 2.68153e-05 4.1566e-05 
1.6941 1.69381e-05 2.35327e-05 
1.69409 8.95967e-06 7.80068e-06 
1.69409 3.32004e-06 2.89504e-06 
1.69409 2.05087e-06 2.25721e-07 
1.69409 7.75089e-07 -6.20443e-07 
1.69409 4.55226e-07 -6.00808e-07 
1.69408 3.01131e-07 -2.79962e-07 
1.69408 3.56603e-07 -1.51023e-07 
1.69408 2.16049e-07 -1.11317e-07 
1.69408 1.32371e-07 -1.04446e-07 
1.69408 1.78226e-08 -2.00129e-07 
1.69408 -1.08525e-07 -3.00392e-07 
1.69408 -2.26548e-07 -4.18046e-07 
1.69408 -3.44289e-07 -4.99743e-07 
1.69408 -4.10653e-07 -5.74292e-07 
1.69408 -4.76866e-07 -6.46169e-07 
1.69408 -5.27819e-07 -6.85479e-07 
1.69408 -5.46151e-07 -7.14817e-07 
1.69408 -5.63077e-07 -7.4361e-07 
1.69408 -5.63156e-07 -7.90681e-07 
1.69408 -5.05082e-07 -8.62766e-07 
1.69408 -4.68881e-07 -8.20162e-07 
1.69408 -4.49793e-07 -5.58604e-07 
8.23112 0.984628 1.04996 
6.03791 2.15001 1.37814 
4.13972 13.0408 7.06143 
2.2785 10.2448 3.95401 
1.91961 4.1256 3.01206 
1.78944 1.70933 1.05681 
1.78677 0.94617 0.786339 
1.75084 0.0958678 0.0207512 
1.68809 0.0097943 -0.0145208 
1.6639 -0.0175122 -0.0222804 
1.67834 -0.0241296 -0.00787255 
1.70351 0.000674315 0.0122541 
1.70754 0.0123124 0.0133246 
1.69953 0.00777866 0.00417856 
1.69328 0.000706308 -0.00225897 
1.69184 -0.00227653 -0.00304495 
1.6931 -0.00152883 -0.00104932 
1.69413 -0.000202309 0.000278779 
1.69436 0.000259722 0.00050319 
1.69432 0.000276992 0.000372585 
1.69421 0.000173539 0.000180192 
1.69411 5.37163e-05 1.77451e-05 
1.69408 -5.48938e-06 -3.2765e-05 
1.69408 -1.57959e-05 -2.71453e-05 
1.69408 -1.06595e-05 -1.57301e-05 
1.69409 -5.47968e-06 -7.5507e-06 
1.69409 -2.01433e-06 -2.89837e-06 
1.69409 -3.73521e-07 -1.06972e-06 
1.69409 2.51767e-07 1.31426e-07 
1.69409 6.6469e-07 5.45663e-07 
1.69408 6.26234e-07 5.94282e-07 
1.69408 5.19857e-07 4.41783e-07 
1.69408 3.03849e-07 1.96377e-07 
1.69408 7.69549e-08 -5.39515e-08 
1.69408 -1.4668e-07 -2.86351e-07 
1.69408 -3.34851e-07 -4.70389e-07 
1.69408 -4.81359e-07 -6.24602e-07 
1.69408 -5.96931e-07 -7.37815e-07 
1.69409 -6.73839e-07 -8.17195e-07 
1.69409 -7.21988e-07 -8.6846e-07 
1.69409 -7.44025e-07 -8.97855e-07 
1.69409 -7.48096e-07 -9.13143e-07 
1.69409 -7.40837e-07 -9.15912e-07 
1.69409 -7.22552e-07 -9.11115e-07 
1.69409 -6.9972e-07 -9.00889e-07 
1.69409 -6.77943e-07 -8.83855e-07 
1.69409 -6.62913e-07 -8.74997e-07 
1.69409 -6.33539e-07 -9.23813e-07 
1.69409 -5.18892e-07 -1.00235e-06 
1.69409 -3.72961e-07 -9.81854e-07 
3.7395 10.0888 5.44936 
2.10925 6.96021 2.753 
1.81168 2.94314 2.11773 
1.708 1.06733 0.0186055 
1.71244 0.0189375 -0.0128481 
1.68798 0.00389467 -0.0172184 
1.66274 -0.0171187 -0.0256579 
1.67751 -0.0250496 -0.0103633 
1.69973 -0.00143543 0.00643121 
1.70179 0.0066434 0.00608446 
1.69626 0.00480055 0.000788575 
1.69065 -0.0015527 -0.0038755 
1.69041 -0.003324 -0.00360476 
1.69263 -0.00201553 -0.0011699 
1.69429 -0.000129594 0.000514265 
1.6946 0.000505949 0.000699394 
1.69433 0.000348432 0.000269057 
1.69409 5.47084e-05 -4.08353e-05 
1.69404 -5.02672e-05 -9.6532e-05 
1.69405 -5.15119e-05 -6.7396e-05 
1.69407 -3.0289e-05 -3.21184e-05 
1.69409 -1.02402e-05 -5.84225e-06 
1.69409 3.10739e-07 4.19281e-06 
1.69409 2.95194e-06 4.63181e-06 
1.69409 2.57903e-06 3.11666e-06 
1.69409 1.83264e-06 1.90862e-06 
1.69409 1.22671e-06 1.09566e-06 
1.69408 7.63146e-07 5.95816e-07 
1.69408 4.05181e-07 2.06425e-07 
1.69408 7.57378e-08 -1.1843e-07 
1.69408 -2.0174e-07 -3.90869e-07 
1.69408 -4.36801e-07 -6.05537e-07 
1.69409 -6.15074e-07 -7.58104e-07 
1.69409 -7.37019e-07 -8.63219e-07 
1.69409 -8.11418e-07 -9.22304e-07 
1.69409 -8.42823e-07 -9.44216e-07 
1.69409 -8.41383e-07 -9.36428e-07 
1.69409 -8.14488e-07 -9.07106e-07 
1.69409 -7.71025e-07 -8.63966e-07 
1.69409 -7.1773e-07 -8.12996e-07 
1.69409 -6.60172e-07 -7.5898e-07 
1.69409 -6.02315e-07 -7.0556e-07 
1.69409 -5.47084e-07 -6.55183e-07 
1.69409 -4.96232e-07 -6.10228e-07 
1.69409 -4.50158e-07 -5.7175e-07 
1.69409 -4.09673e-07 -5.36063e-07 
1.69409 -3.83914e-07 -4.95203e-07 
1.69409 -3.89333e-07 -4.74382e-07 
1.69409 -3.12027e-07 -5.42805e-07 
1.69409 -1.72485e-07 -6.99696e-07 
1.75131 2.40945 0.883919 
1.62083 0.168727 -0.255599 
1.67257 -0.0131825 -0.0331267 
1.6711 -0.0163477 -0.019709 
1.69216 -0.0131819 0.00409526 
1.7022 0.00274235 0.00957922 
1.70382 0.00849361 0.00879455 
1.69786 0.00667309 0.00298323 
1.69239 -0.000198798 -0.00169014 
1.69252 -0.00177294 -0.00129761 
1.69424 -0.000640368 0.000346646 
1.69524 0.000744085 0.00120871 
1.69501 0.000888256 0.000891254 
1.69441 0.000451541 0.000256006 
1.69403 3.47073e-06 -0.000134304 
1.69397 -0.000121083 -0.000160747 
1.69404 -7.77698e-05 -6.41732e-05 
1.69409 -1.46623e-05 3.6729e-06 
1.6941 9.06968e-06 1.80067e-05 
1.6941 1.00852e-05 1.28994e-05 
1.69409 6.34038e-06 6.7217e-06 
1.69409 3.16596e-06 2.59148e-06 
1.69409 1.35366e-06 6.70475e-07 
1.69409 5.99367e-07 1.27997e-07 
1.69408 2.90953e-07 -2.63094e-08 
1.69408 4.8527e-08 -1.99828e-07 
1.69408 -2.09312e-07 -4.16662e-07 
1.69408 -4.55438e-07 -6.29823e-07 
1.69409 -6.59878e-07 -7.99522e-07 
1.69409 -8.02908e-07 -9.10299e-07 
1.69409 -8.82785e-07 -9.60856e-07 
1.69409 -9.04958e-07 -9.59553e-07 
1.69409 -8.81243e-07 -9.19667e-07 
1.69409 -8.24774e-07 -8.52089e-07 
1.69409 -7.47376e-07 -7.67933e-07 
1.69409 -6.59299e-07 -6.76691e-07 
1.69409 -5.68893e-07 -5.85388e-07 
1.69409 -4.81739e-07 -4.98747e-07 
1.69409 -4.0166e-07 -4.19833e-07 
1.69409 -3.30658e-07 -3.50104e-07 
1.69409 -2.69349e-07 -2.90013e-07 
1.69409 -2.17689e-07 -2.39341e-07 
1.69409 -1.75003e-07 -1.97348e-07 
1.69409 -1.40567e-07 -1.63123e-07 
1.69409 -1.12962e-07 -1.36841e-07 
1.69409 -8.9454e-08 -1.18482e-07 
1.69409 -7.07692e-08 -9.83047e-08 
1.69409 -8.50934e-08 -5.88831e-08 
1.69409 -7.51411e-08 -4.83229e-08 
1.69409 -2.75365e-08 -1.5516e-07 
1.66553 -0.0497658 -0.0297338 
1.69694 0.00106276 0.00121253 
1.70929 -0.000259356 0.0142583 
1.70625 0.00782891 0.00917059 
1.69667 0.00662211 0.00103239 
1.69035 -0.00114507 -0.00360807 
1.6906 -0.00329343 -0.00316682 
1.69308 -0.00198475 -0.00097195 
1.69454 4.26778e-05 0.000365811 
1.69435 0.00040143 0.000203237 
1.69389 1.95022e-05 -0.000222093 
1.69374 -0.000258564 -0.000349116 
1.69387 -0.000229664 -0.000214343 
1.69403 -9.68576e-05 -4.93858e-05 
1.69411 5.78605e-06 3.60196e-05 
1.69412 3.01879e-05 3.83461e-05 
1.6941 1.87907e-05 1.63436e-05 
1.69409 5.22378e-06 1.70154e-06 
1.69409 -9.19782e-08 -1.92313e-06 
1.69409 -6.44932e-07 -1.34312e-06 
1.69408 -2.30999e-07 -5.42519e-07 
1.69408 -4.14095e-08 -2.40994e-07 
1.69408 -1.25723e-07 -2.93729e-07 
1.69409 -3.54418e-07 -5.13088e-07 
1.69409 -6.05456e-07 -7.43946e-07 
1.69409 -8.00285e-07 -9.03338e-07 
1.69409 -9.1112e-07 -9.74205e-07 
1.69409 -9.41496e-07 -9.69126e-07 
1.69409 -9.07531e-07 -9.0815e-07 
1.69409 -8.28671e-07 -8.10623e-07 
1.69409 -7.22742e-07 -6.93998e-07 
1.69409 -6.05538e-07 -5.71867e-07 
1.69409 -4.88507e-07 -4.54016e-07 
1.69409 -3.79634e-07 -3.4707e-07 
1.69409 -2.83746e-07 -2.54314e-07 
1.69409 -2.02726e-07 -1.7692e-07 
1.69409 -1.36806e-07 -1.14279e-07 
1.69409 -8.47521e-08 -6.51428e-08 
1.69409 -4.50023e-08 -2.75268e-08 
1.69409 -1.54398e-08 5.76178e-10 
1.69409 5.89761e-09 2.10447e-08 
1.69409 2.08138e-08 3.55955e-08 
1.69409 3.08865e-08 4.56569e-08 
1.69409 3.73119e-08 5.26183e-08 
1.69409 4.08809e-08 5.75209e-08 
1.69409 4.31516e-08 5.90184e-08 
1.69409 4.78675e-08 5.57292e-08 
1.69409 4.28115e-08 6.48714e-08 
1.69409 2.86093e-08 9.61277e-08 
1.69409 7.77875e-09 1.04247e-07 
1.70817 0.0143835 0.011217 
1.69536 0.0017366 0.000207982 
1.69148 0.000934136 -0.00260665 
1.68936 -0.00244415 -0.00343331 
1.69212 -0.00263603 -0.0012518 
1.6949 -0.000143274 0.000771993 
1.69521 0.00089882 0.000968813 
1.69449 0.00061409 0.000384026 
1.69404 7.01138e-05 -9.49464e-06 
1.69407 -5.37151e-05 -4.09948e-06 
1.69417 2.53744e-05 7.99356e-05 
1.69418 7.27332e-05 9.0182e-05 
1.69414 5.49266e-05 4.93209e-05 
1.6941 2.09662e-05 1.01045e-05 
1.69408 -1.09222e-06 -7.65298e-06 
1.69408 -5.77934e-06 -7.67585e-06 
1.69408 -3.24314e-06 -3.04524e-06 
1.69409 -6.06044e-07 -1.95472e-07 
1.69409 2.50839e-07 3.35818e-07 
1.69409 4.84644e-08 -7.71862e-08 
1.69409 -3.80735e-07 -5.44819e-07 
1.69409 -7.12486e-07 -8.40352e-07 
1.69409 -9.0063e-07 -9.75351e-07 
1.69409 -9.65329e-07 -9.89241e-07 
1.69409 -9.35972e-07 -9.19258e-07 
1.69409 -8.43203e-07 -7.99059e-07 
1.69409 -7.14712e-07 -6.55368e-07 
1.69409 -5.72642e-07 -5.07745e-07 
1.69409 -4.33437e-07 -3.69669e-07 
1.69409 -3.07841e-07 -2.49405e-07 
1.69409 -2.01758e-07 -1.50674e-07 
1.69409 -1.17044e-07 -7.39568e-08 
1.69409 -5.30367e-08 -1.75163e-08 
1.69409 -7.29011e-09 2.16881e-08 
1.69409 2.34158e-08 4.70335e-08 
1.69409 4.2367e-08 6.18012e-08 
1.69409 5.26262e-08 6.89093e-08 
1.69409 5.67547e-08 7.077e-08 
1.69409 5.68204e-08 6.92618e-08 
1.69409 5.43935e-08 6.57759e-08 
1.69409 5.06094e-08 6.13202e-08 
1.69409 4.6247e-08 5.65632e-08 
1.69409 4.18258e-08 5.1904e-08 
1.69409 3.76817e-08 4.75718e-08 
1.69409 3.38646e-08 4.4065e-08 
1.69409 3.01255e-08 4.17286e-08 
1.69409 2.81425e-08 3.75149e-08 
1.69409 2.90654e-08 3.05348e-08 
1.69409 2.41904e-08 3.55606e-08 
1.69409 -1.19401e-09 6.74177e-08 
1.68979 -0.00410426 -0.00332557 
1.69313 -0.000684544 -0.000428709 
1.69419 -0.000483004 0.000333654 
1.69524 0.000413992 0.000849189 
1.69494 0.000727068 0.00056227 
1.69416 0.000245859 1.20491e-05 
1.69387 -0.000112993 -0.000186092 
1.69395 -0.000142331 -0.000122023 
1.69406 -4.84086e-05 -3.6307e-05 
1.69408 -1.15299e-05 -1.9989e-05 
1.69407 -1.57148e-05 -2.51751e-05 
1.69407 -1.76512e-05 -2.01836e-05 
1.69408 -1.05978e-05 -9.14205e-06 
1.69408 -2.98621e-06 -9.37402e-07 
1.69409 1.04655e-06 2.09234e-06 
1.69409 1.46223e-06 1.58085e-06 
1.69409 5.06001e-07 2.43699e-07 
1.69409 -3.93476e-07 -6.63023e-07 
1.69409 -8.64561e-07 -1.01901e-06 
1.69409 -1.00908e-06 -1.05842e-06 
1.69409 -9.83192e-07 -9.65324e-07 
1.69409 -8.75021e-07 -8.1817e-07 
1.69409 -7.25527e-07 -6.48386e-07 
1.69409 -5.60942e-07 -4.76918e-07 
1.69409 -4.01362e-07 -3.2024e-07 
1.69409 -2.60829e-07 -1.88572e-07 
1.69409 -1.46589e-07 -8.61192e-08 
1.69409 -6.05416e-08 -1.24775e-08 
1.69409 -8.0512e-10 3.57788e-08 
1.69409 3.67718e-08 6.35634e-08 
1.69409 5.71138e-08 7.60787e-08 
1.69409 6.50423e-08 7.80639e-08 
1.69409 6.47448e-08 7.34717e-08 
1.69409 5.95552e-08 6.52991e-08 
1.69409 5.18851e-08 5.56379e-08 
1.69409 4.34096e-08 4.58823e-08 
1.69409 3.51587e-08 3.68292e-08 
1.69409 2.77027e-08 2.88728e-08 
1.69409 2.12875e-08 2.21554e-08 
1.69409 1.59792e-08 1.6653e-08 
1.69409 1.17097e-08 1.22405e-08 
1.69409 8.34837e-09 8.77482e-09 
1.69409 5.75447e-09 6.10618e-09 
1.69409 3.79438e-09 4.04105e-09 
1.69409 2.39154e-09 2.37933e-09 
1.69409 1.23085e-09 1.45766e-09 
1.69409 -3.90666e-11 1.5233e-09 
1.69409 5.53609e-10 -5.47526e-10 
1.69409 2.63393e-09 -5.79801e-09 
1.69409 -3.46089e-09 7.46826e-11 
1.69532 0.00119468 0.000959141 
1.69438 0.000231147 0.000157972 
1.69422 0.000102927 -1.22868e-05 
1.69397 -1.41715e-05 -0.00011655 
1.69389 -0.00010919 -0.000133018 
1.69399 -8.62214e-05 -6.57138e-05 
1.69408 -2.37688e-05 -1.40001e-06 
1.69411 1.0977e-05 2.02691e-05 
1.69411 1.40315e-05 1.74542e-05 
1.6941 1.10232e-05 1.32792e-05 
1.6941 8.64811e-06 9.54497e-06 
1.69409 5.51844e-06 5.15774e-06 
1.69409 2.25091e-06 1.4986e-06 
1.69409 5.618e-08 -5.93401e-07 
1.69409 -1.00407e-06 -1.36699e-06 
1.69409 -1.25228e-06 -1.37388e-06 
1.69409 -1.14873e-06 -1.13541e-06 
1.69409 -9.55009e-07 -8.81875e-07 
1.69409 -7.53709e-07 -6.58951e-07 
1.69409 -5.60926e-07 -4.6242e-07 
1.69409 -3.83225e-07 -2.90445e-07 
1.69409 -2.29574e-07 -1.48857e-07 
1.69409 -1.07985e-07 -4.27851e-08 
1.69409 -2.0967e-08 2.79577e-08 
1.69409 3.41944e-08 6.82812e-08 
1.69409 6.34942e-08 8.53545e-08 
1.69409 7.39111e-08 8.64626e-08 
1.69409 7.20113e-08 7.79869e-08 
1.69409 6.31552e-08 6.48395e-08 
1.69409 5.12964e-08 5.0409e-08 
1.69409 3.90272e-08 3.67867e-08 
1.69409 2.78617e-08 2.5068e-08 
1.69409 1.85131e-08 1.56429e-08 
1.69409 1.11706e-08 8.45813e-09 
1.69409 5.69587e-09 3.26323e-09 
1.69409 1.83063e-09 -3.15722e-10 
1.69409 -7.62901e-10 -2.64336e-09 
1.69409 -2.39119e-09 -4.04446e-09 
1.69409 -3.32034e-09 -4.79301e-09 
1.69409 -3.76783e-09 -5.10492e-09 
1.69409 -3.89964e-09 -5.13811e-09 
1.69409 -3.83623e-09 -5.00852e-09 
1.69409 -3.66465e-09 -4.79283e-09 
1.69409 -3.44946e-09 -4.52573e-09 
1.69409 -3.20402e-09 -4.28686e-09 
1.69409 -2.91455e-09 -4.19032e-09 
1.69409 -2.83022e-09 -3.84276e-09 
1.69409 -2.95149e-09 -2.99577e-09 
1.69409 -2.02533e-09 -3.86335e-09 
1.69409 -4.33079e-10 -6.78798e-09 
1.69375 -0.000312684 -0.000279867 
1.69405 -9.50491e-05 -4.24538e-05 
1.69409 8.0558e-06 1.8659e-05 
1.69408 8.86839e-06 3.93581e-06 
1.6941 -9.07046e-07 9.38865e-06 
1.69412 1.02522e-05 2.03084e-05 
1.69411 1.5356e-05 1.48668e-05 
1.69409 7.7836e-06 3.68605e-06 
1.69408 2.31162e-07 -3.09275e-06 
1.69408 -3.27596e-06 -4.87776e-06 
1.69408 -3.56118e-06 -3.94854e-06 
1.69409 -2.54696e-06 -2.46028e-06 
1.69409 -1.57319e-06 -1.40811e-06 
1.69409 -1.01044e-06 -8.64684e-07 
1.69409 -7.10308e-07 -5.8668e-07 
1.69409 -5.16082e-07 -4.05666e-07 
1.69409 -3.50122e-07 -2.50596e-07 
1.69409 -1.99931e-07 -1.14415e-07 
1.69409 -7.71472e-08 -9.33466e-09 
1.69409 9.44518e-09 5.83079e-08 
1.69409 6.01356e-08 9.15259e-08 
1.69409 8.15557e-08 9.87741e-08 
1.69409 8.27189e-08 8.96883e-08 
1.69409 7.21394e-08 7.25146e-08 
1.69409 5.6474e-08 5.31537e-08 
1.69409 4.01371e-08 3.51936e-08 
1.69409 2.56725e-08 2.04255e-08 
1.69409 1.41931e-08 9.36713e-09 
1.69409 5.86089e-09 1.78565e-09 
1.69409 3.32663e-10 -2.91598e-09 
1.69409 -2.95798e-09 -5.44403e-09 
1.69409 -4.61536e-09 -6.4628e-09 
1.69409 -5.17073e-09 -6.51811e-09 
1.69409 -5.05017e-09 -6.0168e-09 
1.69409 -4.55765e-09 -5.25117e-09 
1.69409 -3.90535e-09 -4.40448e-09 
1.69409 -3.22218e-09 -3.58703e-09 
1.69409 -2.58383e-09 -2.85583e-09 
1.69409 -2.02465e-09 -2.233e-09 
1.69409 -1.55661e-09 -1.72004e-09 
1.69409 -1.17665e-09 -1.30853e-09 
1.69409 -8.76553e-10 -9.84925e-10 
1.69409 -6.43068e-10 -7.36364e-10 
1.69409 -4.65396e-10 -5.47367e-10 
1.69409 -3.38626e-10 -3.89826e-10 
1.69409 -2.33441e-10 -2.82939e-10 
1.69409 -1.17807e-10 -2.95703e-10 
1.69409 -1.48639e-10 -1.78734e-10 
1.69409 -3.20447e-10 2.7067e-10 
1.69409 3.01186e-10 -1.17171e-10 
1.69421 6.465e-05 8.2056e-05 
1.69412 4.87701e-05 1.77947e-05 
1.69407 -2.73925e-06 -1.15771e-05 
1.69409 -8.65658e-06 -1.32474e-07 
1.69409 4.21648e-06 4.36521e-06 
1.69409 2.30804e-06 -1.61342e-06 
1.69408 -3.18089e-06 -5.36461e-06 
1.69408 -4.0801e-06 -4.00637e-06 
1.69409 -2.29739e-06 -1.37491e-06 
1.69409 -6.2838e-07 -2.38736e-08 
1.69409 -7.40295e-08 1.39543e-07 
1.69409 -1.14303e-07 -5.27242e-08 
1.69409 -1.9814e-07 -1.4633e-07 
1.69409 -1.64327e-07 -9.66264e-08 
1.69409 -6.71046e-08 -9.05144e-10 
1.69409 2.30196e-08 7.32212e-08 
1.69409 7.61746e-08 1.06753e-07 
1.69409 9.32585e-08 1.07267e-07 
1.69409 8.65652e-08 8.91912e-08 
1.69409 6.83304e-08 6.44269e-08 
1.69409 4.7188e-08 4.04069e-08 
1.69409 2.81012e-08 2.08135e-08 
1.69409 1.32646e-08 6.77656e-09 
1.69409 3.09052e-09 -2.05508e-09 
1.69409 -2.99749e-09 -6.73481e-09 
1.69409 -5.97519e-09 -8.47863e-09 
1.69409 -6.8471e-09 -8.38416e-09 
1.69409 -6.46727e-09 -7.30992e-09 
1.69409 -5.46829e-09 -5.84591e-09 
1.69409 -4.26861e-09 -4.3594e-09 
1.69409 -3.11563e-09 -3.04357e-09 
1.69409 -2.1291e-09 -1.97636e-09 
1.69409 -1.34894e-09 -1.16495e-09 
1.69409 -7.68478e-10 -5.83246e-10 
1.69409 -3.60568e-10 -1.87013e-10 
1.69409 -8.83332e-11 6.751e-11 
1.69409 8.19726e-11 2.19453e-10 
1.69409 1.80132e-10 3.00948e-10 
1.69409 2.29683e-10 3.36135e-10 
1.69409 2.47846e-10 3.42285e-10 
1.69409 2.46682e-10 3.317e-10 
1.69409 2.3488e-10 3.12784e-10 
1.69409 2.17938e-10 2.91043e-10 
1.69409 2.00132e-10 2.67933e-10 
1.69409 1.8243e-10 2.45348e-10 
1.69409 1.61764e-10 2.34365e-10 
1.69409 1.5152e-10 2.23732e-10 
1.69409 1.63026e-10 1.70537e-10 
1.69409 1.01713e-10 1.77873e-10 
1.69409 5.63924e-11 3.33775e-10 
1.69406 -1.02154e-05 -1.82793e-05 
1.69408 -1.4334e-05 -4.70908e-06 
1.69409 2.34982e-06 3.33999e-06 
1.69409 2.90622e-06 4.40806e-07 
1.69409 -2.06473e-06 -2.88935e-06 
1.69409 -2.43335e-06 -1.93025e-06 
1.69409 -7.94732e-07 3.85073e-08 
1.69409 2.13897e-07 4.91464e-07 
1.69409 1.73254e-07 1.30653e-07 
1.69409 -8.09554e-08 -1.26769e-07 
1.69409 -1.31219e-07 -1.0994e-07 
1.69409 -4.31678e-08 9.08528e-09 
1.69409 4.92996e-08 9.02945e-08 
1.69409 8.90237e-08 1.07135e-07 
1.69409 8.48606e-08 8.59279e-08 
1.69409 6.13288e-08 5.39528e-08 
1.69409 3.55194e-08 2.57923e-08 
1.69409 1.50317e-08 6.10705e-09 
1.69409 1.54911e-09 -5.36085e-09 
1.69409 -5.82362e-09 -1.05465e-08 
1.69409 -8.75446e-09 -1.15994e-08 
1.69409 -8.89302e-09 -1.03361e-08 
1.69409 -7.5707e-09 -8.082e-09 
1.69409 -5.71813e-09 -5.68146e-09 
1.69409 -3.89429e-09 -3.58505e-09 
1.69409 -2.37328e-09 -1.96709e-09 
1.69409 -1.23989e-09 -8.37635e-10 
1.69409 -4.73362e-10 -1.23149e-10 
1.69409 -4.86748e-12 2.77214e-10 
1.69409 2.45872e-10 4.61347e-10 
1.69409 3.5144e-10 5.09385e-10 
1.69409 3.68641e-10 4.80916e-10 
1.69409 3.38305e-10 4.15846e-10 
1.69409 2.86839e-10 3.39326e-10 
1.69409 2.3053e-10 2.65284e-10 
1.69409 1.77909e-10 2.00183e-10 
1.69409 1.32612e-10 1.46609e-10 
1.69409 9.59365e-11 1.04314e-10 
1.69409 6.73211e-11 7.20006e-11 
1.69409 4.56754e-11 4.79154e-11 
1.69409 2.96796e-11 3.03549e-11 
1.69409 1.81563e-11 1.77203e-11 
1.69409 9.97195e-12 8.71831e-12 
1.69409 4.05334e-12 2.76881e-12 
1.69409 4.6977e-13 -1.65219e-12 
1.69409 -1.98175e-12 -5.52995e-12 
1.69409 -5.56347e-12 -5.68519e-12 
1.69409 -5.36849e-12 -4.34424e-12 
1.69409 4.86969e-13 -1.35239e-11 
1.69409 -4.66025e-12 -2.70043e-11 
1.6941 4.03112e-06 2.43474e-06 
1.69409 3.54161e-06 7.34863e-07 
1.69409 -8.38939e-07 -1.61268e-06 
1.69409 -1.98084e-06 -1.29876e-06 
1.69409 -5.9407e-07 3.27344e-07 
1.69409 4.89457e-07 5.50322e-07 
1.69409 3.02128e-07 1.22688e-07 
1.69409 -1.70712e-08 -4.78622e-08 
1.69409 -3.52199e-08 7.35462e-09 
1.69409 3.73218e-08 7.18214e-08 
1.69409 6.57448e-08 7.23729e-08 
1.69409 4.92912e-08 3.98174e-08 
1.69409 2.18596e-08 8.55977e-09 
1.69409 1.65473e-09 -9.47272e-09 
1.69409 -8.49009e-09 -1.58499e-08 
1.69409 -1.14117e-08 -1.54553e-08 
1.69409 -1.04504e-08 -1.2175e-08 
1.69409 -7.95792e-09 -8.29203e-09 
1.69409 -5.26925e-09 -4.89254e-09 
1.69409 -3.0067e-09 -2.35681e-09 
1.69409 -1.36904e-09 -6.95033e-10 
1.69409 -3.28293e-10 2.47768e-10 
1.69409 2.38485e-10 6.76512e-10 
1.69409 4.7781e-10 7.82413e-10 
1.69409 5.19181e-10 7.14405e-10 
1.69409 4.59001e-10 5.73161e-10 
1.69409 3.59881e-10 4.1885e-10 
1.69409 2.58154e-10 2.82123e-10 
1.69409 1.709e-10 1.74416e-10 
1.69409 1.03762e-10 9.65002e-11 
1.69409 5.60885e-11 4.41599e-11 
1.69409 2.46028e-11 1.14969e-11 
1.69409 5.26357e-12 -7.16743e-12 
1.69409 -5.56311e-12 -1.65089e-11 
1.69409 -1.08361e-11 -2.00387e-11 
1.69409 -1.27015e-11 -2.01908e-11 
1.69409 -1.26096e-11 -1.86197e-11 
1.69409 -1.15375e-11 -1.63032e-11 
1.69409 -1.00593e-11 -1.38433e-11 
1.69409 -8.51274e-12 -1.15388e-11 
1.69409 -7.08855e-12 -9.52018e-12 
1.69409 -5.83878e-12 -7.80667e-12 
1.69409 -4.79141e-12 -6.40959e-12 
1.69409 -3.90119e-12 -5.34255e-12 
1.69409 -3.26086e-12 -4.44168e-12 
1.69409 -2.66529e-12 -3.75423e-12 
1.69409 -2.16731e-12 -3.42036e-12 
1.69409 -2.28624e-12 -2.99484e-12 
1.69409 -1.63525e-12 -2.08639e-12 
1.69409 -2.8149e-12 -1.95512e-12 
