0.00189518 0.000296995 -0.00146979 
0.00302605 0.000602746 -0.00195635 
0.00430981 0.000870816 -0.00251135 
0.00583623 0.00117546 -0.00313497 
0.00761304 0.00152505 -0.00382874 
0.00964004 0.00192161 -0.0045942 
0.0119181 0.00236509 -0.0054292 
0.0144442 0.00285309 -0.00632999 
0.0172121 0.00338422 -0.00729444 
0.0202102 0.0039612 -0.00831616 
0.0234246 0.00457632 -0.00938928 
0.0268356 0.00523032 -0.0105069 
0.0304205 0.00591701 -0.0116589 
0.0341479 0.00663367 -0.0128383 
0.0379899 0.0073735 -0.0140336 
0.0419111 0.00813132 -0.0152341 
0.0458734 0.00890114 -0.0164305 
0.0498466 0.0096712 -0.0176093 
0.0537878 0.0104404 -0.0187603 
0.0576545 0.0112 -0.0198737 
0.0614142 0.0119404 -0.020938 
0.0650315 0.0126536 -0.0219358 
0.0684502 0.0133373 -0.0228651 
0.0716527 0.0139732 -0.0237099 
0.074587 0.0145712 -0.0244607 
0.0772272 0.0151017 -0.0251073 
0.0795252 0.0155839 -0.0256403 
0.0814562 0.0159839 -0.0260445 
0.0829652 0.0163193 -0.0263161 
0.0840238 0.016568 -0.0264448 
0.0846025 0.01673 -0.0264171 
0.0846693 0.0167889 -0.026234 
0.0841912 0.0167625 -0.0258869 
0.083153 0.0166226 -0.0253702 
0.0815337 0.0163805 -0.0246793 
0.079323 0.0160206 -0.0238218 
0.0765275 0.0155525 -0.0227864 
0.0731319 0.0149685 -0.021586 
0.0691587 0.0142693 -0.0202173 
0.0645952 0.0134693 -0.0186794 
0.0594563 0.0125453 -0.0169809 
0.0537686 0.0115109 -0.0151314 
0.0475438 0.0103812 -0.0131375 
0.0408375 0.00913473 -0.0110305 
0.0337437 0.00779784 -0.00883302 
0.026376 0.006373 -0.0065998 
0.0189268 0.00488434 -0.00438791 
0.0116139 0.00337233 -0.00219157 
0.0043744 0.00173713 -0.000204487 
0.00394408 0.000265941 -0.00199378 
0.00705541 0.000509763 -0.00220126 
0.00990782 0.00077117 -0.00259336 
0.0129638 0.000991516 -0.00306113 
0.0163699 0.00120352 -0.00355839 
0.0201651 0.00142207 -0.00407032 
0.0243494 0.00164957 -0.00459365 
0.0289143 0.00188565 -0.00512379 
0.0338449 0.00212835 -0.00565806 
0.0391213 0.00237865 -0.00619127 
0.0447193 0.00263252 -0.0067176 
0.0506065 0.00289049 -0.00723456 
0.0567496 0.00314971 -0.00773689 
0.0631052 0.003412 -0.00821993 
0.0696263 0.00367311 -0.00868105 
0.0762627 0.00393513 -0.00911518 
0.0829585 0.00419432 -0.00951983 
0.0896582 0.00445073 -0.00989206 
0.0963002 0.0047043 -0.0102279 
0.102824 0.00495073 -0.0105235 
0.109167 0.00519024 -0.0107777 
0.115268 0.00542095 -0.0109871 
0.121069 0.00563903 -0.0111503 
0.126505 0.00584887 -0.0112647 
0.131514 0.00604522 -0.0113282 
0.136038 0.00622507 -0.0113347 
0.14002 0.00638619 -0.0112924 
0.143409 0.00653156 -0.0111888 
0.146139 0.00665878 -0.0110306 
0.14816 0.00676534 -0.0108132 
0.149415 0.00685362 -0.0105396 
0.149863 0.00691568 -0.0102098 
0.149453 0.00696197 -0.00982408 
0.14815 0.00697854 -0.00938028 
0.145922 0.00696973 -0.00888824 
0.14275 0.00693597 -0.00834301 
0.138609 0.00687542 -0.00775068 
0.1335 0.00677885 -0.00710881 
0.127414 0.00665643 -0.00642084 
0.120359 0.00649568 -0.00568708 
0.112346 0.00630245 -0.00490627 
0.103385 0.00607234 -0.0040925 
0.0935124 0.00580724 -0.00324389 
0.0827786 0.00549831 -0.00237275 
0.0712635 0.00514953 -0.00150192 
0.0591071 0.00474875 -0.000641765 
0.046492 0.00429236 0.000180758 
0.033671 0.00377507 0.00095961 
0.0208211 0.00323462 0.00180505 
0.00803776 0.00225424 0.00212495 
0.00905757 0.000183797 -0.00253563 
0.013404 0.000396921 -0.0026923 
0.0175907 0.000587733 -0.00299046 
0.0219589 0.000727644 -0.00334584 
0.0266641 0.000847914 -0.00370777 
0.0317455 0.000957617 -0.00406126 
0.037203 0.00106028 -0.00440011 
0.0430209 0.00115716 -0.00472063 
0.0491757 0.00124816 -0.00502043 
0.0556409 0.00133265 -0.00529614 
0.0623826 0.00141163 -0.00554604 
0.0693656 0.00148349 -0.00576922 
0.0765487 0.00155158 -0.00596268 
0.0838856 0.00161376 -0.0061251 
0.0913263 0.00167214 -0.00625711 
0.0988175 0.0017281 -0.00635561 
0.1063 0.00178119 -0.00642214 
0.113716 0.00183225 -0.00645564 
0.121002 0.00188307 -0.00645528 
0.128093 0.00193367 -0.00642218 
0.134924 0.00198441 -0.00635592 
0.141432 0.00203422 -0.00625762 
0.147551 0.00208664 -0.00612581 
0.153217 0.00213646 -0.00596161 
0.158368 0.00218855 -0.00576638 
0.162939 0.00224225 -0.00554067 
0.166871 0.00229561 -0.00528703 
0.170111 0.00234942 -0.00500265 
0.172598 0.00240492 -0.00469179 
0.174278 0.00246229 -0.00435543 
0.175101 0.00252033 -0.00399613 
0.175021 0.00258042 -0.00361749 
0.173997 0.00264234 -0.00321795 
0.171987 0.0027063 -0.00280487 
0.168966 0.00277011 -0.0023791 
0.164912 0.00283298 -0.00194134 
0.159805 0.00289592 -0.00149453 
0.153633 0.00295593 -0.00104134 
0.146397 0.00301086 -0.000581105 
0.138097 0.00306148 -0.000118576 
0.128746 0.00310451 0.000345354 
0.118365 0.00313933 0.000804096 
0.106994 0.00316263 0.00125324 
0.0946929 0.00317135 0.00168045 
0.0815606 0.00315854 0.00207564 
0.0677376 0.00311671 0.00242658 
0.0534131 0.00303614 0.00272407 
0.0388125 0.00291245 0.00297881 
0.0240538 0.00277956 0.00327965 
0.00943154 0.00209021 0.00287709 
0.0151333 0.000170898 -0.00294167 
0.0203545 0.000312727 -0.00304387 
0.0254802 0.000441234 -0.003256 
0.0307572 0.000530243 -0.00350765 
0.0363103 0.000596142 -0.00375952 
0.0421745 0.000647317 -0.00399499 
0.0483464 0.000687782 -0.00420739 
0.0548084 0.000718003 -0.0043947 
0.0615351 0.000740441 -0.00455519 
0.0684971 0.000754284 -0.00468857 
0.0756631 0.000760808 -0.00479455 
0.0829964 0.000761869 -0.00487286 
0.0904581 0.000757412 -0.00492202 
0.0980034 0.000749045 -0.00494353 
0.105586 0.000738489 -0.00493619 
0.113153 0.000726327 -0.0048995 
0.12065 0.000713673 -0.00483501 
0.128021 0.000702102 -0.0047417 
0.135206 0.000691493 -0.00462015 
0.142141 0.00068445 -0.00447061 
0.148766 0.00067954 -0.00429458 
0.155018 0.000678624 -0.00409299 
0.160837 0.000682053 -0.00386588 
0.166157 0.000691387 -0.00361564 
0.17092 0.000704998 -0.00334237 
0.175069 0.000724272 -0.0030489 
0.178546 0.000750729 -0.00273683 
0.181298 0.000783359 -0.00240716 
0.183272 0.000823161 -0.00206267 
0.18442 0.000871382 -0.00170535 
0.184696 0.000927086 -0.001339 
0.18406 0.000991847 -0.000964925 
0.182476 0.00106526 -0.000585912 
0.179909 0.00114771 -0.000205573 
0.176335 0.00123869 0.000173869 
0.171732 0.00133788 0.000550695 
0.166085 0.00144463 0.000923021 
0.159383 0.00155816 0.00128822 
0.151624 0.0016772 0.00164431 
0.142811 0.00180049 0.0019885 
0.13296 0.00192673 0.00231719 
0.122097 0.00205377 0.00262556 
0.110265 0.00217909 0.00290743 
0.0975315 0.002298 0.00315436 
0.0839951 0.00240503 0.00335899 
0.0697901 0.00249132 0.00351424 
0.055088 0.00254824 0.0036169 
0.040081 0.00257379 0.00367988 
0.0248545 0.00259355 0.00376918 
0.00984517 0.00196782 0.00309991 
0.0218313 0.000148381 -0.00319597 
0.0276521 0.000243983 -0.00326582 
0.0334135 0.000331752 -0.00341286 
0.0392933 0.000386229 -0.00358499 
0.0453819 0.000420945 -0.00375411 
0.0517074 0.000441558 -0.00390646 
0.058266 0.000451953 -0.00403728 
0.0650409 0.000454008 -0.00414591 
0.07201 0.000449408 -0.00423115 
0.0791459 0.000438987 -0.00429416 
0.0864203 0.00042385 -0.00433453 
0.0938004 0.000405029 -0.00435191 
0.101249 0.000383887 -0.00434625 
0.108725 0.00036171 -0.00431671 
0.116182 0.000338888 -0.00426214 
0.123573 0.000316013 -0.0041828 
0.130842 0.000294996 -0.00407763 
0.137936 0.000275171 -0.00394608 
0.144796 0.000257732 -0.00378861 
0.151365 0.000242286 -0.00360566 
0.157582 0.000231403 -0.00339802 
0.163389 0.000223715 -0.0031663 
0.168727 0.000220366 -0.0029114 
0.17354 0.000221442 -0.00263588 
0.177771 0.000229121 -0.00234096 
0.181367 0.000242091 -0.00202908 
0.184278 0.000262247 -0.00170143 
0.186455 0.000289291 -0.00136152 
0.187853 0.000324829 -0.00101125 
0.18843 0.000368879 -0.000653325 
0.188147 0.000422136 -0.00029118 
0.18697 0.000485199 7.33479e-05 
0.184869 0.000558436 0.0004369 
0.181816 0.00064237 0.000797025 
0.177791 0.000736722 0.00115122 
0.172776 0.000841837 0.00149749 
0.166757 0.000957041 0.00183361 
0.159728 0.00108186 0.00215695 
0.151687 0.001216 0.00246521 
0.142641 0.00135739 0.00275486 
0.132609 0.00150518 0.00302218 
0.121621 0.0016575 0.00326251 
0.109725 0.00181114 0.0034703 
0.0969863 0.00196282 0.00364006 
0.0835002 0.00210576 0.0037671 
0.0693863 0.00223361 0.00384779 
0.0547951 0.00233704 0.00388103 
0.0398905 0.00241608 0.00387826 
0.0247379 0.00248819 0.00389088 
0.00987451 0.00184652 0.00311752 
0.028873 0.000119599 -0.00336036 
0.0351165 0.000188915 -0.00340444 
0.041307 0.00025228 -0.0035052 
0.0475815 0.000287301 -0.00362353 
0.0540101 0.000306387 -0.00373989 
0.0606153 0.000315366 -0.0038446 
0.0673954 0.000317293 -0.00393436 
0.0743377 0.000314333 -0.00400874 
0.081424 0.000308227 -0.00406706 
0.0886311 0.000299785 -0.00410986 
0.0959322 0.000290453 -0.00413589 
0.103296 0.000280648 -0.00414392 
0.110684 0.000271185 -0.00413197 
0.118055 0.000262296 -0.00409799 
0.125361 0.000254073 -0.00404042 
0.132552 0.000246873 -0.00395744 
0.139573 0.000240285 -0.00384706 
0.146368 0.000233985 -0.00370975 
0.15288 0.000229112 -0.00354436 
0.159051 0.000224695 -0.00335169 
0.164825 0.000221073 -0.00313188 
0.170147 0.000218731 -0.00288766 
0.174964 0.000218791 -0.0026201 
0.179223 0.000221596 -0.00233165 
0.182877 0.00022789 -0.00202378 
0.185876 0.00023849 -0.00170022 
0.188179 0.000254112 -0.00136294 
0.189745 0.000276082 -0.00101532 
0.190535 0.000304943 -0.000659609 
0.190515 0.000341446 -0.000299348 
0.189655 0.000386634 6.27653e-05 
0.187928 0.000440901 0.000423952 
0.18531 0.000505064 0.0007813 
0.181781 0.000579723 0.00113252 
0.177325 0.000665081 0.00147509 
0.171928 0.000761236 0.00180683 
0.165582 0.000868291 0.00212516 
0.158284 0.000986317 0.00242802 
0.150035 0.00111373 0.00271231 
0.140847 0.00125046 0.00297442 
0.13074 0.00139468 0.00321121 
0.11975 0.00154423 0.00341829 
0.107923 0.00169686 0.00359137 
0.0953254 0.00184886 0.00372714 
0.0820411 0.0019955 0.00382271 
0.0681742 0.00213055 0.0038779 
0.0538508 0.0022456 0.00389208 
0.0392117 0.00233949 0.00387548 
0.0243099 0.00242292 0.003866 
0.00976367 0.001736 0.00306262 
0.0361176 9.43143e-05 -0.00347678 
0.0426702 0.000151534 -0.00350392 
0.0491658 0.000201887 -0.00357854 
0.0557227 0.000229457 -0.00367066 
0.0624015 0.000246107 -0.00376622 
0.0692246 0.000257118 -0.00385826 
0.0761929 0.000266291 -0.00394393 
0.0832976 0.000274681 -0.00402259 
0.0905232 0.000284299 -0.00409255 
0.0978464 0.000296041 -0.00415195 
0.105238 0.000309864 -0.00419765 
0.112661 0.00032618 -0.00422602 
0.120073 0.000343978 -0.00423345 
0.127424 0.00036316 -0.00421609 
0.134659 0.000382636 -0.00417072 
0.141721 0.000401518 -0.00409422 
0.148549 0.000418449 -0.00398512 
0.155086 0.000432706 -0.00384329 
0.161274 0.000444093 -0.00366793 
0.167056 0.000451803 -0.00346181 
0.172382 0.000457472 -0.00322568 
0.177199 0.000460599 -0.0029623 
0.181463 0.000461876 -0.00267423 
0.185129 0.000462812 -0.00236475 
0.188157 0.000464404 -0.002037 
0.19051 0.000468158 -0.00169451 
0.192153 0.000474854 -0.00134064 
0.193055 0.0004863 -0.000978404 
0.193187 0.000503345 -0.00061104 
0.192524 0.00052699 -0.000242058 
0.191044 0.000558466 0.000125983 
0.188728 0.000598465 0.000490053 
0.185559 0.000647779 0.000847623 
0.181523 0.000707221 0.00119649 
0.176612 0.000777034 0.00153409 
0.170815 0.000857896 0.00185845 
0.164131 0.000949581 0.00216725 
0.156558 0.00105213 0.0024584 
0.148104 0.00116474 0.00272843 
0.138784 0.00128664 0.00297479 
0.12862 0.00141644 0.00319406 
0.117649 0.00155225 0.00338272 
0.105919 0.00169142 0.00353752 
0.0934914 0.0018319 0.00365695 
0.0804386 0.00196934 0.00374062 
0.0668464 0.00209871 0.00379024 
0.052816 0.00221211 0.00380662 
0.0384635 0.00230653 0.00379844 
0.0238357 0.00238473 0.00379089 
0.00962312 0.00164323 0.00299352 
0.0435309 7.92906e-05 -0.00358193 
0.0503391 0.000135434 -0.00360672 
0.0570952 0.000182288 -0.00367978 
0.0639162 0.000212356 -0.00377664 
0.0708603 0.000238143 -0.00388574 
0.0779503 0.000264419 -0.00400079 
0.0851902 0.000293643 -0.00411871 
0.0925709 0.000328124 -0.00423679 
0.100074 0.000368261 -0.00435047 
0.107669 0.00041441 -0.00445429 
0.115315 0.000465525 -0.00454217 
0.122962 0.000520401 -0.00460706 
0.13055 0.000576783 -0.00464295 
0.138016 0.000632299 -0.00464413 
0.145291 0.000685617 -0.00460536 
0.152306 0.000732485 -0.00452501 
0.158997 0.000772482 -0.00440266 
0.1653 0.000804986 -0.00423812 
0.17116 0.000827794 -0.00403366 
0.176526 0.000841971 -0.00379293 
0.181352 0.000847869 -0.00351846 
0.185599 0.000846318 -0.00321594 
0.189233 0.000839628 -0.00288935 
0.192221 0.000829436 -0.00254261 
0.194535 0.000816917 -0.0021807 
0.196151 0.000805019 -0.00180713 
0.197046 0.000794898 -0.00142604 
0.1972 0.000788209 -0.0010407 
0.196594 0.000786667 -0.00065481 
0.195214 0.000791725 -0.000271371 
0.193046 0.000804254 0.000106895 
0.190078 0.000825567 0.000477327 
0.186303 0.000856399 0.000837748 
0.181712 0.000897429 0.00118618 
0.176301 0.000949191 0.0015205 
0.170067 0.00101194 0.00183898 
0.163011 0.0010861 0.00213974 
0.155136 0.00117084 0.00242055 
0.146453 0.00126607 0.00267875 
0.136979 0.00137076 0.00291225 
0.126741 0.00148282 0.00311754 
0.115775 0.0016018 0.00329256 
0.104126 0.00172434 0.00343459 
0.0918525 0.00184922 0.00354371 
0.079015 0.00197381 0.00362089 
0.0656805 0.00209439 0.00366975 
0.0519224 0.00220473 0.00369434 
0.0378257 0.00229826 0.00370307 
0.0234301 0.00236791 0.00370926 
0.00949813 0.00157065 0.00293305 
0.0511768 7.96656e-05 -0.00371462 
0.0582547 0.000146117 -0.00375955 
0.0653144 0.000197524 -0.00386292 
0.0724826 0.000241226 -0.0040016 
0.0798182 0.000288425 -0.00416376 
0.0873434 0.000343615 -0.00434258 
0.095059 0.000409074 -0.00453227 
0.102948 0.000485696 -0.00472509 
0.110977 0.000572911 -0.00491172 
0.119095 0.000669375 -0.00508053 
0.127233 0.000771232 -0.00522072 
0.135313 0.000875126 -0.00532093 
0.143251 0.000976087 -0.00537261 
0.150956 0.00106991 -0.00536863 
0.158343 0.00115185 -0.0053054 
0.165332 0.00121942 -0.00518367 
0.171854 0.00126983 -0.00500488 
0.17785 0.00130235 -0.00477322 
0.183272 0.00131733 -0.00449571 
0.188083 0.0013165 -0.00417798 
0.192253 0.00130085 -0.00382751 
0.195762 0.00127374 -0.00345175 
0.198593 0.00123839 -0.00305597 
0.200732 0.00119686 -0.00264678 
0.202168 0.00115355 -0.00222912 
0.202892 0.0011096 -0.00180756 
0.202897 0.00106897 -0.00138627 
0.202173 0.00103288 -0.000968944 
0.200716 0.00100383 -0.000558481 
0.19852 0.000982899 -0.000157753 
0.195579 0.000971922 0.000231144 
0.191889 0.000971461 0.000606302 
0.187449 0.000982393 0.000965987 
0.182254 0.00100539 0.0013089 
0.176305 0.00104071 0.00163369 
0.169603 0.00108831 0.00193901 
0.162152 0.00114828 0.00222367 
0.153957 0.00122017 0.00248583 
0.145032 0.00130311 0.0027241 
0.135396 0.00139555 0.00293621 
0.125074 0.00149647 0.00311988 
0.114102 0.00160378 0.0032739 
0.102525 0.00171567 0.00339611 
0.0903938 0.00183038 0.00348704 
0.0777618 0.00194723 0.00354863 
0.0646784 0.00206505 0.00358619 
0.0511872 0.00218015 0.00360785 
0.0373297 0.00228561 0.00362582 
0.0231222 0.00235945 0.00364537 
0.00940069 0.0015158 0.00288788 
0.0592291 0.000103542 -0.00392349 
0.0666786 0.000191564 -0.00402398 
0.0741973 0.00025828 -0.00420368 
0.0819275 0.000330286 -0.00443516 
0.0899254 0.000416856 -0.00470388 
0.098205 0.000521473 -0.00499844 
0.10675 0.000644898 -0.0053055 
0.115516 0.000786092 -0.00560727 
0.124427 0.000940244 -0.0058844 
0.133385 0.00110172 -0.00611594 
0.142271 0.00126296 -0.00628316 
0.150957 0.00141408 -0.00637118 
0.159317 0.0015478 -0.00637035 
0.167234 0.00165604 -0.006277 
0.174607 0.00173388 -0.00609406 
0.181357 0.00177868 -0.00582868 
0.187427 0.0017897 -0.00549189 
0.192779 0.00176996 -0.00509522 
0.197392 0.00172214 -0.00465161 
0.201261 0.00164974 -0.00417414 
0.204387 0.0015603 -0.00367393 
0.20678 0.00145741 -0.00316084 
0.20845 0.00134733 -0.0026425 
0.209409 0.00123399 -0.00212705 
0.209669 0.00112261 -0.0016194 
0.209239 0.00101675 -0.00112525 
0.208129 0.00092015 -0.000647547 
0.206343 0.00083536 -0.000189764 
0.203886 0.000764528 0.000246184 
0.200761 0.000709438 0.000658402 
0.196968 0.000671195 0.00104634 
0.192509 0.000650215 0.00140854 
0.187384 0.000647597 0.00174525 
0.181592 0.000662872 0.00205659 
0.175132 0.000695273 0.00234183 
0.168008 0.000745019 0.00260104 
0.160221 0.000811243 0.00283471 
0.151779 0.00089209 0.00304184 
0.142693 0.000986709 0.00322195 
0.132978 0.00109326 0.00337406 
0.12266 0.0012096 0.00349776 
0.111771 0.00133274 0.00359137 
0.100352 0.00146145 0.00365407 
0.0884495 0.00159428 0.00368679 
0.0761105 0.00173014 0.00369135 
0.0633746 0.00187068 0.00367279 
0.0502601 0.00201855 0.00364269 
0.0367553 0.00217187 0.0036213 
0.0228111 0.00229891 0.00361874 
0.00930448 0.00145578 0.0028513 
0.0680275 0.000161537 -0.00428665 
0.0760853 0.000292191 -0.00450452 
0.0843931 0.000389991 -0.00483494 
0.0931036 0.000515777 -0.0052373 
0.102251 0.000671262 -0.00568677 
0.111813 0.000856379 -0.00615693 
0.121716 0.00106714 -0.00661436 
0.131833 0.00129462 -0.00701984 
0.141995 0.00152537 -0.0073344 
0.152002 0.00174229 -0.0075231 
0.161647 0.0019282 -0.00756124 
0.170734 0.00206662 -0.00743844 
0.179098 0.00214725 -0.00715493 
0.186616 0.00216123 -0.00672655 
0.193212 0.00211069 -0.00617451 
0.19885 0.00199813 -0.0055254 
0.203527 0.00183284 -0.00480556 
0.20727 0.00162239 -0.00404059 
0.21012 0.00138011 -0.00325307 
0.212128 0.00111565 -0.00246217 
0.213349 0.000838683 -0.00168211 
0.213838 0.000559487 -0.000925882 
0.213643 0.000285723 -0.000202246 
0.21281 2.48514e-05 0.000480501 
0.211375 -0.000216966 0.00111818 
0.20937 -0.000435035 0.00170638 
0.206818 -0.000624754 0.00224374 
0.203736 -0.000783892 0.00272857 
0.200136 -0.000909728 0.00316093 
0.196022 -0.00100092 0.0035423 
0.191399 -0.00105834 0.00387292 
0.186263 -0.00108029 0.00415496 
0.180611 -0.00106832 0.00439175 
0.174435 -0.00102418 0.00458511 
0.167729 -0.000948796 0.00473782 
0.160489 -0.000845936 0.00485167 
0.152709 -0.000715857 0.00492956 
0.144389 -0.000562321 0.00497256 
0.13553 -0.000387681 0.00498326 
0.126142 -0.000196239 0.00496206 
0.116243 9.14341e-06 0.00490901 
0.105855 0.000226662 0.00482562 
0.095012 0.000450792 0.00471238 
0.0837545 0.00067997 0.00457036 
0.0721246 0.00091288 0.00440031 
0.06016 0.00115193 0.00420601 
0.0478732 0.0014043 0.00399706 
0.0352137 0.00168364 0.00379841 
0.0220271 0.00197701 0.00364331 
0.00907833 0.00128713 0.00279616 
0.0782349 0.000283894 -0.00495986 
0.0873853 0.000492476 -0.0054085 
0.0971132 0.000652112 -0.0060091 
0.107539 0.000872412 -0.00668324 
0.118601 0.00113821 -0.00737303 
0.130143 0.00143669 -0.00800657 
0.141915 0.00174407 -0.00850248 
0.15358 0.0020297 -0.00877932 
0.164767 0.00225458 -0.00877508 
0.175116 0.00238405 -0.00845711 
0.184328 0.00239132 -0.00782844 
0.192202 0.00226373 -0.00692481 
0.198637 0.00200432 -0.00580116 
0.20362 0.00162773 -0.00452325 
0.207214 0.00115668 -0.00315138 
0.209522 0.000615328 -0.00174058 
0.210676 2.79141e-05 -0.000334144 
0.210815 -0.000583337 0.0010331 
0.210079 -0.00119953 0.00233605 
0.208599 -0.00180366 0.00355711 
0.206493 -0.00238367 0.00468273 
0.203864 -0.00292693 0.00570525 
0.200801 -0.00342589 0.00661979 
0.197376 -0.00387312 0.00742373 
0.193648 -0.00426386 0.00811771 
0.189657 -0.0045932 0.00870433 
0.185433 -0.00486153 0.0091864 
0.180993 -0.00506486 0.00956913 
0.176343 -0.00520599 0.00985753 
0.171484 -0.0052854 0.0100554 
0.166401 -0.00530064 0.0101709 
0.161082 -0.0052597 0.0102091 
0.155504 -0.00516089 0.0101778 
0.149644 -0.00501072 0.0100801 
0.14348 -0.00481025 0.00992228 
0.136983 -0.00456196 0.00971052 
0.130132 -0.0042742 0.00945014 
0.12291 -0.00394924 0.00914259 
0.1153 -0.003589 0.00879518 
0.107293 -0.00320261 0.00840773 
0.0988895 -0.00279068 0.0079859 
0.0901001 -0.0023627 0.00753065 
0.0809393 -0.00191812 0.00704557 
0.0714348 -0.00146652 0.00653168 
0.0616211 -0.00100745 0.00599183 
0.0515344 -0.000543884 0.00542788 
0.0412003 -6.88142e-05 0.00484308 
0.030589 0.000440395 0.00425127 
0.0194973 0.00103176 0.00369612 
0.00831412 0.000779796 0.00267623 
0.0912105 0.000532249 -0.00626363 
0.102371 0.000879597 -0.00710803 
0.114579 0.00114924 -0.00809222 
0.127727 0.0015118 -0.00902549 
0.141391 0.00190078 -0.00974229 
0.154982 0.0022516 -0.0100591 
0.167791 0.00248619 -0.00982177 
0.17913 0.00252193 -0.00895782 
0.188462 0.00230552 -0.00750053 
0.195486 0.00182752 -0.00556664 
0.200133 0.00111916 -0.00331557 
0.202517 0.000235505 -0.000907429 
0.202873 -0.000761645 0.00152398 
0.201493 -0.00181635 0.00387958 
0.198686 -0.00288217 0.00609484 
0.19475 -0.00392565 0.00812533 
0.189959 -0.00491771 0.00994835 
0.184554 -0.00584085 0.0115525 
0.178743 -0.00668071 0.0129355 
0.172703 -0.00742943 0.0141029 
0.166571 -0.00808102 0.015064 
0.160459 -0.00863629 0.0158333 
0.154449 -0.00909656 0.016424 
0.148598 -0.00946126 0.0168564 
0.142941 -0.00974127 0.0171451 
0.137499 -0.00993869 0.017306 
0.132274 -0.0100569 0.0173531 
0.127255 -0.0101032 0.0173019 
0.122422 -0.010083 0.0171596 
0.117748 -0.00999737 0.0169396 
0.113201 -0.00985493 0.0166506 
0.108741 -0.00965609 0.0162947 
0.104327 -0.00940211 0.015883 
0.0999124 -0.00909945 0.0154147 
0.0954615 -0.00874884 0.0148948 
0.0909282 -0.00834965 0.014329 
0.0862669 -0.00790778 0.0137161 
0.0814453 -0.00742503 0.013059 
0.0764316 -0.00690372 0.0123625 
0.0711959 -0.00634793 0.0116231 
0.0657262 -0.00576108 0.0108456 
0.0600057 -0.00514375 0.0100316 
0.0540355 -0.00450607 0.00918482 
0.0478186 -0.00384741 0.0083065 
0.0413734 -0.00317725 0.00740118 
0.034722 -0.00249684 0.00647143 
0.0278926 -0.00180962 0.0055205 
0.0209072 -0.0011078 0.00454702 
0.0136935 -0.000323199 0.00355493 
0.00629057 -2.24869e-05 0.00241469 
0.109587 0.00106846 -0.00866639 
0.124067 0.00156984 -0.00994247 
0.139671 0.00196643 -0.0109607 
0.155315 0.00237648 -0.0112388 
0.1696 0.00257538 -0.0104651 
0.181259 0.00239474 -0.00853855 
0.189426 0.00175977 -0.0056326 
0.193773 0.000714034 -0.00211058 
0.194461 -0.000614643 0.00162687 
0.191965 -0.00207871 0.00525948 
0.186898 -0.0035566 0.00858161 
0.179884 -0.00496177 0.0114898 
0.17149 -0.00624654 0.0139451 
0.162214 -0.00738267 0.0159457 
0.152473 -0.00835591 0.0175077 
0.142604 -0.00915544 0.0186643 
0.132877 -0.00979075 0.0194554 
0.123494 -0.0102645 0.019927 
0.114594 -0.0105927 0.0201302 
0.106266 -0.0107931 0.0201151 
0.0985578 -0.0108839 0.0199291 
0.0914842 -0.0108861 0.0196114 
0.0850366 -0.0108143 0.0192007 
0.0791884 -0.0106867 0.0187274 
0.073897 -0.0105144 0.0182109 
0.0691247 -0.0103113 0.0176694 
0.0648226 -0.0100801 0.0171186 
0.0609389 -0.00983218 0.0165635 
0.057428 -0.00956871 0.0160081 
0.0542415 -0.00929048 0.0154591 
0.0513282 -0.00900139 0.0149128 
0.0486464 -0.00870032 0.0143691 
0.0461536 -0.00838705 0.0138264 
0.043805 -0.00805831 0.0132785 
0.0415621 -0.00771318 0.0127251 
0.0393881 -0.00735248 0.0121615 
0.0372444 -0.00696984 0.0115816 
0.0350997 -0.00656632 0.0109817 
0.0329255 -0.00613968 0.0103591 
0.0306938 -0.00568791 0.00970959 
0.0283845 -0.00521256 0.00903246 
0.0259808 -0.00471356 0.00832685 
0.0234673 -0.00419078 0.0075905 
0.0208404 -0.00364848 0.00682468 
0.0180967 -0.00308629 0.00603051 
0.0152374 -0.00250836 0.00521392 
0.0122661 -0.0019204 0.00437889 
0.00919816 -0.00133027 0.00352839 
0.00608974 -0.000739537 0.002645 
0.0030581 -0.000336105 0.00177145 
0.136589 0.0021712 -0.0119551 
0.153787 0.00242786 -0.0122014 
0.169296 0.0025193 -0.0106916 
0.18064 0.00204579 -0.00726362 
0.186449 0.000889693 -0.00250521 
0.186581 -0.000755606 0.00271462 
0.181782 -0.0025837 0.00763044 
0.173214 -0.00433388 0.0117981 
0.162061 -0.00586642 0.0150733 
0.149344 -0.00712808 0.0174779 
0.135878 -0.00810754 0.0190966 
0.122306 -0.0088172 0.0200298 
0.109106 -0.00926992 0.0203784 
0.096632 -0.00949501 0.0202435 
0.0851137 -0.00951715 0.0197346 
0.0746739 -0.00937726 0.0189588 
0.0653503 -0.00911695 0.0180075 
0.0571233 -0.00877001 0.0169648 
0.0499242 -0.00837129 0.0158908 
0.0436636 -0.00794416 0.0148319 
0.0382422 -0.00751179 0.013817 
0.0335609 -0.00708492 0.0128648 
0.0295258 -0.00667545 0.0119859 
0.0260499 -0.00628699 0.0111818 
0.0230553 -0.00592238 0.0104512 
0.0204751 -0.00558317 0.00978999 
0.0182529 -0.00526933 0.00919482 
0.0163349 -0.00497783 0.00865709 
0.0146807 -0.00470904 0.00817099 
0.0132527 -0.0044586 0.00773196 
0.0120165 -0.00422548 0.00733006 
0.0109457 -0.00400533 0.00696102 
0.0100147 -0.00379685 0.00661864 
0.00920199 -0.00359659 0.00629708 
0.00848745 -0.00340194 0.00599095 
0.00785242 -0.00320947 0.00569407 
0.00728111 -0.00301729 0.00540277 
0.00675818 -0.00282275 0.0051114 
0.00626975 -0.002623 0.00481737 
0.00580307 -0.00241737 0.00451592 
0.00534644 -0.00220274 0.00420472 
0.00488981 -0.00197907 0.00388052 
0.00442423 -0.00174432 0.00354211 
0.00394116 -0.0014984 0.00318831 
0.00343449 -0.00124194 0.00281959 
0.00289635 -0.000974495 0.00243649 
0.00231505 -0.000695593 0.00204119 
0.00167461 -0.000406246 0.00163711 
0.000984939 -0.000133651 0.00122507 
0.000407928 4.03912e-05 0.000785708 
0.166866 0.00281161 -0.01072 
0.177591 0.00163859 -0.00583885 
0.18072 8.71994e-05 0.000769678 
0.176208 -0.00198126 0.00735483 
0.165772 -0.00398734 0.0127161 
0.151542 -0.00562087 0.016478 
0.135351 -0.00679944 0.0187717 
0.118548 -0.00756133 0.0198893 
0.102066 -0.00796745 0.020094 
0.0865442 -0.00807389 0.0195928 
0.0724048 -0.00792894 0.0185678 
0.0598814 -0.00758642 0.0171905 
0.0490503 -0.00710615 0.0156215 
0.0398577 -0.00654008 0.0139929 
0.0321739 -0.00594343 0.012406 
0.0258195 -0.00534751 0.0109239 
0.0206006 -0.00477746 0.00957992 
0.0163342 -0.00424926 0.00838822 
0.0128518 -0.00376747 0.00734563 
0.0100101 -0.00333534 0.00644216 
0.00768868 -0.00295038 0.00566259 
0.00579012 -0.00260959 0.0049929 
0.00423307 -0.00230817 0.00441818 
0.00295411 -0.00204365 0.00392442 
0.0019022 -0.00181013 0.00350045 
0.00103582 -0.00160452 0.00313541 
0.00032247 -0.00142322 0.0028211 
-0.000264093 -0.00126309 0.00254962 
-0.000744507 -0.0011217 0.00231455 
-0.00113502 -0.000996373 0.00211124 
-0.00144954 -0.000885072 0.00193407 
-0.00169757 -0.000786355 0.00177962 
-0.001888 -0.000697982 0.00164438 
-0.00202719 -0.000618999 0.00152476 
-0.00212036 -0.00054775 0.00141846 
-0.00217181 -0.000483137 0.00132269 
-0.00218509 -0.000423946 0.00123535 
-0.00216333 -0.000368962 0.00115415 
-0.00210925 -0.000317429 0.00107737 
-0.00202585 -0.00026789 0.00100319 
-0.00191554 -0.000219792 0.000930057 
-0.00178126 -0.000171954 0.000856635 
-0.00162575 -0.000123773 0.000781748 
-0.0014525 -7.42382e-05 0.000704522 
-0.00126534 -2.24606e-05 0.000623916 
-0.00106916 3.25728e-05 0.000539358 
-0.000870771 9.23509e-05 0.000449255 
-0.000679033 0.000159696 0.000350333 
-0.000509157 0.000230647 0.00023851 
-0.000405754 0.000355981 6.75724e-05 
0.173886 -0.000440605 0.00297558 
0.165968 -0.00268392 0.0106759 
0.150806 -0.00455325 0.0160079 
0.132171 -0.00587656 0.0188451 
0.112585 -0.00657772 0.0198283 
0.0935727 -0.00682639 0.0195804 
0.0760205 -0.00674657 0.0185152 
0.0604401 -0.00641831 0.0169035 
0.0470849 -0.00590764 0.0149725 
0.0359897 -0.00528177 0.012921 
0.0270191 -0.00460604 0.0109179 
0.0199239 -0.00393746 0.00907606 
0.0144101 -0.0033138 0.00745455 
0.0101829 -0.00275378 0.00607062 
0.00697411 -0.00226448 0.00491191 
0.00455858 -0.00184385 0.00395573 
0.00275068 -0.00148658 0.0031718 
0.00140478 -0.00118472 0.00253096 
0.000407824 -0.000930215 0.00200752 
-0.000327 -0.0007161 0.00157902 
-0.000864782 -0.000535724 0.00122764 
-0.00125461 -0.000383762 0.00093858 
-0.0015334 -0.000255248 0.000699995 
-0.00172888 -0.000146259 0.000502367 
-0.0018615 -5.36641e-05 0.000338206 
-0.00194696 2.5275e-05 0.000201574 
-0.00199699 9.27693e-05 8.75229e-05 
-0.00202039 0.000150586 -7.7088e-06 
-0.00202374 0.000199981 -8.71806e-05 
-0.00201187 0.000242129 -0.000153506 
-0.00198824 0.00027813 -0.000208437 
-0.00195545 0.000308327 -0.000253601 
-0.00191489 0.000333416 -0.000290398 
-0.00186748 0.000353931 -0.000319462 
-0.00181391 0.000369772 -0.000341795 
-0.00175403 0.000381421 -0.000357814 
-0.0016877 0.000388625 -0.000368015 
-0.0016144 0.00039188 -0.000372774 
-0.00153389 0.000390729 -0.000372085 
-0.00144538 0.000385498 -0.000366419 
-0.00134844 0.000376294 -0.000355704 
-0.00124279 0.000363046 -0.000340185 
-0.00112809 0.000346163 -0.000319992 
-0.00100432 0.00032583 -0.000295487 
-0.000871275 0.000302437 -0.000266996 
-0.000728597 0.000276635 -0.00023557 
-0.000575429 0.000249262 -0.00020243 
-0.000409114 0.000220576 -0.000170569 
-0.000213654 0.000188739 -0.000145377 
5.98408e-06 0.000219812 -0.000168838 
0.139342 -0.00473037 0.0174053 
0.118052 -0.00556354 0.0197025 
0.0962096 -0.00582884 0.0195159 
0.0761419 -0.00573329 0.0181984 
0.0585402 -0.00537211 0.0162763 
0.0436927 -0.00483613 0.0140242 
0.0316473 -0.0041888 0.011668 
0.0222329 -0.0035003 0.00940734 
0.0151214 -0.00283528 0.00738248 
0.0099097 -0.0022347 0.00566236 
0.00619205 -0.00171798 0.00425704 
0.00360451 -0.00128663 0.003139 
0.00184809 -0.000935355 0.00226576 
0.000689514 -0.00065381 0.00159282 
-4.7157e-05 -0.000431635 0.00107919 
-0.000490322 -0.000258416 0.000690327 
-0.000733 -0.000124674 0.000398106 
-0.000841592 -2.24144e-05 0.00018037 
-0.000863298 5.47761e-05 1.97759e-05 
-0.000831266 0.000112106 -9.67062e-05 
-0.000768687 0.000153481 -0.000178976 
-0.000691369 0.000181967 -0.000234487 
-0.000609971 0.000199983 -0.000269015 
-0.000530849 0.000209771 -0.000287226 
-0.000457529 0.000213306 -0.000293162 
-0.000391589 0.000212409 -0.000290256 
-0.000333411 0.000208512 -0.000281332 
-0.000282739 0.000202751 -0.000268545 
-0.000239 0.000195946 -0.000253636 
-0.00020142 0.000188658 -0.000237734 
-0.000169217 0.000181208 -0.000221541 
-0.000141738 0.000173875 -0.000205807 
-0.0001182 0.000166738 -0.000190493 
-9.80493e-05 0.00015983 -0.000175858 
-8.07953e-05 0.000153211 -0.000162041 
-6.59316e-05 0.000146852 -0.000148818 
-5.31385e-05 0.000140655 -0.000136285 
-4.20007e-05 0.000134581 -0.000124117 
-3.24233e-05 0.00012856 -0.000112533 
-2.40495e-05 0.000122492 -0.000101177 
-1.67804e-05 0.000116292 -9.00415e-05 
-1.04676e-05 0.000109863 -7.91127e-05 
-4.95368e-06 0.000103133 -6.81878e-05 
-1.54385e-07 9.5996e-05 -5.72881e-05 
4.15372e-06 8.82777e-05 -4.62537e-05 
8.22895e-06 7.97514e-05 -3.47823e-05 
1.25091e-05 6.9864e-05 -2.2521e-05 
1.77409e-05 5.76083e-05 -8.39599e-06 
2.5913e-05 3.96572e-05 9.19367e-06 
3.63555e-05 1.47964e-05 4.11182e-05 
0.0863665 -0.00524749 0.019008 
0.0655683 -0.00477481 0.0169028 
0.0480182 -0.00425569 0.0144073 
0.0338789 -0.00365864 0.0118174 
0.0229461 -0.00300071 0.00930228 
0.0148627 -0.00234989 0.00703523 
0.00914549 -0.00176233 0.00512629 
0.00527081 -0.00126557 0.00360432 
0.00275695 -0.0008667 0.00244018 
0.00120727 -0.00055883 0.00157856 
0.000316216 -0.000329465 0.000958527 
-0.000141847 -0.000163882 0.000524989 
-0.000329769 -4.80274e-05 0.000232019 
-0.000362165 2.91576e-05 4.35528e-05 
-0.000316851 7.61207e-05 -6.77641e-05 
-0.000243638 9.91753e-05 -0.000122831 
-0.000170264 0.00010436 -0.000138916 
-0.000108605 9.84194e-05 -0.000131587 
-6.12778e-05 8.72733e-05 -0.00011314 
-2.70003e-05 7.48632e-05 -9.19211e-05 
-3.20903e-06 6.3129e-05 -7.22934e-05 
1.26079e-05 5.27715e-05 -5.58948e-05 
2.25812e-05 4.39831e-05 -4.28305e-05 
2.83566e-05 3.66189e-05 -3.2468e-05 
3.11943e-05 3.04938e-05 -2.41611e-05 
3.19885e-05 2.53709e-05 -1.73755e-05 
3.14217e-05 2.10362e-05 -1.17393e-05 
3.00161e-05 1.73328e-05 -7.0171e-06 
2.81162e-05 1.41221e-05 -3.06575e-06 
2.59942e-05 1.13238e-05 2.31064e-07 
2.38232e-05 8.87516e-06 2.94807e-06 
2.17188e-05 6.72435e-06 5.17724e-06 
1.9743e-05 4.85117e-06 6.97047e-06 
1.79188e-05 3.21335e-06 8.37712e-06 
1.62715e-05 1.78676e-06 9.47425e-06 
1.47877e-05 5.52468e-07 1.02906e-05 
1.34556e-05 -5.05337e-07 1.08594e-05 
1.22596e-05 -1.40827e-06 1.12207e-05 
1.11788e-05 -2.16386e-06 1.13951e-05 
1.01977e-05 -2.78702e-06 1.14066e-05 
9.29461e-06 -3.28186e-06 1.12625e-05 
8.45427e-06 -3.657e-06 1.09835e-05 
7.66124e-06 -3.91919e-06 1.05757e-05 
6.90051e-06 -4.07108e-06 1.00466e-05 
6.1548e-06 -4.11538e-06 9.40046e-06 
5.40001e-06 -4.04925e-06 8.62155e-06 
4.59934e-06 -3.85875e-06 7.6717e-06 
3.68891e-06 -3.49988e-06 6.4495e-06 
2.66363e-06 -3.03218e-06 4.52842e-06 
2.34638e-06 -2.58077e-06 2.73863e-06 
0.0424849 -0.00375323 0.0132842 
0.0286819 -0.00285515 0.0104487 
0.018406 -0.0022629 0.00784414 
0.0111425 -0.0016659 0.00560925 
0.00628449 -0.0011568 0.00381631 
0.00322622 -0.000753282 0.00246125 
0.00143185 -0.000451047 0.00148763 
0.000475031 -0.000235913 0.000820469 
3.66112e-05 -8.98996e-05 0.000387005 
-0.000110545 2.5815e-06 0.000125538 
-0.000119051 5.31099e-05 -1.24343e-05 
-8.15676e-05 7.08224e-05 -6.55484e-05 
-4.23361e-05 6.72564e-05 -6.96279e-05 
-1.37494e-05 5.5352e-05 -5.51223e-05 
4.71791e-06 4.34062e-05 -3.99628e-05 
1.56272e-05 3.38602e-05 -2.96704e-05 
2.06776e-05 2.64767e-05 -2.30917e-05 
2.11199e-05 2.05672e-05 -1.8029e-05 
1.84626e-05 1.56296e-05 -1.34065e-05 
1.42873e-05 1.14047e-05 -9.17027e-06 
9.86292e-06 7.8377e-06 -5.55562e-06 
5.96765e-06 4.94669e-06 -2.73069e-06 
2.94251e-06 2.71019e-06 -6.96844e-07 
8.14482e-07 1.07166e-06 6.45415e-07 
-5.55071e-07 -7.48275e-08 1.43956e-06 
-1.35474e-06 -8.33584e-07 1.831e-06 
-1.76416e-06 -1.30237e-06 1.94132e-06 
-1.92251e-06 -1.5636e-06 1.87182e-06 
-1.93097e-06 -1.67819e-06 1.69541e-06 
-1.85694e-06 -1.69542e-06 1.46426e-06 
-1.74282e-06 -1.64866e-06 1.21206e-06 
-1.61434e-06 -1.56204e-06 9.60519e-07 
-1.48593e-06 -1.45405e-06 7.2337e-07 
-1.36558e-06 -1.33515e-06 5.06529e-07 
-1.25657e-06 -1.21374e-06 3.133e-07 
-1.15975e-06 -1.0941e-06 1.43553e-07 
-1.07516e-06 -9.80423e-07 -1.9706e-09 
-1.00046e-06 -8.74069e-07 -1.25402e-07 
-9.34837e-07 -7.76133e-07 -2.27719e-07 
-8.76269e-07 -6.87065e-07 -3.10951e-07 
-8.22808e-07 -6.06892e-07 -3.75771e-07 
-7.73456e-07 -5.35815e-07 -4.24065e-07 
-7.26215e-07 -4.72896e-07 -4.57e-07 
-6.79681e-07 -4.17994e-07 -4.75351e-07 
-6.32873e-07 -3.70145e-07 -4.80584e-07 
-5.83958e-07 -3.27984e-07 -4.73106e-07 
-5.3155e-07 -2.89186e-07 -4.52497e-07 
-4.73637e-07 -2.51219e-07 -4.17212e-07 
-4.28493e-07 -1.93252e-07 -3.46944e-07 
-2.06856e-07 -2.48349e-07 -3.52185e-07 
0.0164256 -0.00194181 0.00693136 
0.00948504 -0.00117394 0.00482698 
0.00503869 -0.000830476 0.00311861 
0.00240276 -0.000494518 0.00186999 
0.000973424 -0.000255967 0.00101918 
0.00029725 -9.8027e-05 0.000480557 
3.86974e-05 -2.19077e-06 0.00017072 
-2.64892e-05 4.47463e-05 2.08957e-05 
-2.74391e-05 5.49529e-05 -2.76541e-05 
-1.59972e-05 4.62022e-05 -3.08752e-05 
-3.40979e-06 3.50613e-05 -2.59174e-05 
6.85603e-06 2.66921e-05 -2.30292e-05 
1.13144e-05 1.98933e-05 -1.97084e-05 
9.88141e-06 1.3776e-05 -1.44553e-05 
5.51365e-06 8.39298e-06 -8.57916e-06 
1.21023e-06 4.12418e-06 -3.66041e-06 
-1.53796e-06 1.18074e-06 -3.57045e-07 
-2.65232e-06 -5.38296e-07 1.39679e-06 
-2.69279e-06 -1.32671e-06 2.00045e-06 
-2.23616e-06 -1.51691e-06 1.91474e-06 
-1.65079e-06 -1.38757e-06 1.52118e-06 
-1.11732e-06 -1.12768e-06 1.05834e-06 
-7.00799e-07 -8.46727e-07 6.48166e-07 
-4.05777e-07 -5.97394e-07 3.31826e-07 
-2.11852e-07 -3.96921e-07 1.0944e-07 
-9.22502e-08 -2.45248e-07 -3.51842e-08 
-2.30474e-08 -1.3507e-07 -1.21762e-07 
1.41492e-08 -5.72349e-08 -1.67697e-07 
3.21101e-08 -3.76837e-09 -1.8648e-07 
3.89768e-08 3.2085e-08 -1.88278e-07 
3.99757e-08 5.53871e-08 -1.79895e-07 
3.8153e-08 6.97975e-08 -1.65953e-07 
3.51717e-08 7.81067e-08 -1.49496e-07 
3.20582e-08 8.22276e-08 -1.32405e-07 
2.91891e-08 8.34673e-08 -1.15739e-07 
2.68357e-08 8.27838e-08 -1.00098e-07 
2.5015e-08 8.08922e-08 -8.5788e-08 
2.35599e-08 7.81999e-08 -7.29706e-08 
2.25566e-08 7.50357e-08 -6.15695e-08 
2.17272e-08 7.15939e-08 -5.15699e-08 
2.10744e-08 6.79535e-08 -4.27578e-08 
2.04236e-08 6.42894e-08 -3.52275e-08 
1.9712e-08 6.05326e-08 -2.86706e-08 
1.88794e-08 5.67324e-08 -2.30493e-08 
1.78289e-08 5.28627e-08 -1.82487e-08 
1.6559e-08 4.88244e-08 -1.41008e-08 
1.50699e-08 4.4497e-08 -1.04344e-08 
1.34697e-08 3.95596e-08 -7.08008e-09 
1.15746e-08 3.63084e-08 -4.06359e-09 
-1.4969e-08 3.82736e-08 1.56542e-10 
0.00503043 -0.000706347 0.00276827 
0.00225224 -0.000267142 0.00160208 
0.000873967 -0.000164 0.000823486 
0.000280821 -4.30292e-05 0.000350828 
6.31909e-05 2.35744e-05 0.000106677 
-3.21724e-06 4.50241e-05 1.13205e-05 
-1.89298e-05 3.95877e-05 -1.3752e-05 
-1.33251e-05 2.99537e-05 -2.12291e-05 
-2.58041e-06 2.24595e-05 -2.2784e-05 
2.17543e-06 1.48211e-05 -1.73458e-05 
9.02736e-07 7.52113e-06 -8.89065e-06 
-1.68105e-06 2.10076e-06 -2.07686e-06 
-2.79224e-06 -8.72781e-07 1.49612e-06 
-2.42476e-06 -1.88331e-06 2.45721e-06 
-1.51856e-06 -1.77568e-06 2.02219e-06 
-7.01946e-07 -1.26303e-06 1.20639e-06 
-1.76741e-07 -7.50146e-07 5.28177e-07 
8.21002e-08 -3.77371e-07 1.11564e-07 
1.70052e-07 -1.47631e-07 -9.09364e-08 
1.72712e-07 -2.30935e-08 -1.5917e-07 
1.43254e-07 3.48982e-08 -1.57102e-07 
1.0794e-07 5.50918e-08 -1.26021e-07 
7.72137e-08 5.62207e-08 -8.86693e-08 
5.37212e-08 4.92205e-08 -5.56457e-08 
3.70574e-08 3.98636e-08 -3.02349e-08 
2.57427e-08 3.08121e-08 -1.23167e-08 
1.82456e-08 2.30934e-08 -5.59097e-10 
1.33369e-08 1.69048e-08 6.65212e-09 
1.01226e-08 1.21289e-08 1.06851e-08 
7.99014e-09 8.51759e-09 1.26021e-08 
6.55229e-09 5.82264e-09 1.31882e-08 
5.54949e-09 3.82539e-09 1.29665e-08 
4.83969e-09 2.34932e-09 1.22993e-08 
4.30996e-09 1.25529e-09 1.14173e-08 
3.89896e-09 4.45334e-10 1.04621e-08 
3.57322e-09 -1.50808e-10 9.50901e-09 
3.30192e-09 -5.91784e-10 8.6077e-09 
3.0676e-09 -9.13218e-10 7.77633e-09 
2.86476e-09 -1.14423e-09 7.01799e-09 
2.6871e-09 -1.30131e-09 6.3298e-09 
2.52839e-09 -1.39547e-09 5.69402e-09 
2.38641e-09 -1.44231e-09 5.11333e-09 
2.26179e-09 -1.445e-09 4.57063e-09 
2.14978e-09 -1.40687e-09 4.05426e-09 
2.05058e-09 -1.33331e-09 3.5592e-09 
1.96003e-09 -1.22357e-09 3.07428e-09 
1.87733e-09 -1.0869e-09 2.58932e-09 
1.77121e-09 -8.95651e-10 2.09555e-09 
1.94774e-09 -1.2225e-09 1.67786e-09 
2.63618e-09 -2.54285e-10 1.51482e-09 
0.00128935 -0.000197302 0.000880135 
0.000370668 9.22847e-06 0.000351627 
6.85969e-05 2.5617e-05 0.000105166 
-1.7477e-05 3.65784e-05 1.73742e-05 
-3.21862e-05 2.83318e-05 -1.16117e-05 
-1.89621e-05 2.10671e-05 -2.18894e-05 
-6.36779e-06 1.30296e-05 -1.70713e-05 
-2.36895e-06 4.76601e-06 -6.65437e-06 
-2.08408e-06 -4.71619e-07 3.5462e-07 
-1.64604e-06 -2.18465e-06 2.46036e-06 
-7.85165e-07 -1.8656e-06 1.87731e-06 
-1.11359e-07 -1.01546e-06 7.55513e-07 
1.89162e-07 -3.70777e-07 5.24103e-08 
2.29553e-07 -4.34648e-08 -1.99002e-07 
1.68585e-07 7.68374e-08 -2.1402e-07 
9.97589e-08 9.78188e-08 -1.50504e-07 
5.19627e-08 8.28392e-08 -8.46198e-08 
2.46476e-08 6.06329e-08 -3.9335e-08 
1.05557e-08 4.08662e-08 -1.36649e-08 
3.55823e-09 2.56999e-08 -1.0711e-09 
5.2039e-11 1.50201e-08 3.9237e-09 
-1.7169e-09 8.03137e-09 4.93493e-09 
-2.53557e-09 3.77027e-09 4.16103e-09 
-2.7978e-09 1.34482e-09 2.83667e-09 
-2.7349e-09 6.48289e-11 1.56604e-09 
-2.49998e-09 -5.45772e-10 5.68329e-10 
-2.19361e-09 -7.89238e-10 -1.23173e-10 
-1.877e-09 -8.45775e-10 -5.50708e-10 
-1.5827e-09 -8.15897e-10 -7.81945e-10 
-1.32517e-09 -7.52203e-10 -8.76931e-10 
-1.10767e-09 -6.8097e-10 -8.84584e-10 
-9.29534e-10 -6.12363e-10 -8.42197e-10 
-7.85888e-10 -5.51301e-10 -7.73315e-10 
-6.71077e-10 -4.97635e-10 -6.94078e-10 
-5.8036e-10 -4.50824e-10 -6.15442e-10 
-5.08805e-10 -4.10445e-10 -5.41217e-10 
-4.51996e-10 -3.75422e-10 -4.73862e-10 
-4.06949e-10 -3.44867e-10 -4.15025e-10 
-3.70869e-10 -3.18236e-10 -3.63378e-10 
-3.41618e-10 -2.95377e-10 -3.18134e-10 
-3.17332e-10 -2.7599e-10 -2.77229e-10 
-2.96726e-10 -2.59434e-10 -2.40231e-10 
-2.79076e-10 -2.45393e-10 -2.06286e-10 
-2.62751e-10 -2.33728e-10 -1.73572e-10 
-2.47734e-10 -2.23935e-10 -1.42255e-10 
-2.32962e-10 -2.15748e-10 -1.11528e-10 
-2.18575e-10 -2.07684e-10 -8.13999e-11 
-2.00856e-10 -2.02038e-10 -5.18929e-11 
-2.11917e-10 -1.54173e-10 -4.17558e-11 
-7.14733e-11 -2.96232e-10 -4.3726e-11 
0.000198976 -4.47598e-05 0.000231056 
-2.79717e-05 2.4914e-05 3.54688e-05 
-4.23391e-05 1.97197e-05 -1.5135e-05 
-1.92268e-05 1.53124e-05 -2.14657e-05 
-5.03417e-06 6.96727e-06 -1.12801e-05 
-1.21487e-06 3.78019e-07 -1.50406e-06 
-6.14373e-07 -1.77452e-06 1.59494e-06 
-2.28218e-07 -1.26912e-06 9.68952e-07 
4.68821e-08 -3.7728e-07 -1.73494e-08 
1.17695e-07 5.4982e-08 -3.12963e-07 
7.67442e-08 1.34775e-07 -2.23974e-07 
2.95356e-08 1.01133e-07 -9.31449e-08 
7.95678e-09 6.202e-08 -2.29332e-08 
2.29184e-09 3.69294e-08 -5.77845e-10 
8.51104e-10 2.07277e-08 3.30736e-09 
-8.07991e-10 9.50834e-09 3.10842e-09 
-2.62674e-09 2.30629e-09 2.56755e-09 
-3.70201e-09 -1.54028e-09 2.12867e-09 
-3.78541e-09 -3.00873e-09 1.70445e-09 
-3.18409e-09 -3.09853e-09 1.27344e-09 
-2.32188e-09 -2.58038e-09 8.89533e-10 
-1.49707e-09 -1.92026e-09 6.02023e-10 
-8.47532e-10 -1.3331e-09 4.1518e-10 
-3.98978e-10 -8.83382e-10 3.04632e-10 
-1.21305e-10 -5.65881e-10 2.40652e-10 
3.24219e-11 -3.52534e-10 2.01237e-10 
1.05824e-10 -2.13358e-10 1.73452e-10 
1.31831e-10 -1.23893e-10 1.50515e-10 
1.32462e-10 -6.66581e-11 1.29644e-10 
1.21171e-10 -2.99666e-11 1.1016e-10 
1.0542e-10 -6.3144e-12 9.19889e-11 
8.92532e-11 8.96436e-12 7.55086e-11 
7.44516e-11 1.88058e-11 6.08608e-11 
6.1734e-11 2.50497e-11 4.81401e-11 
5.11279e-11 2.88484e-11 3.73962e-11 
4.25168e-11 3.09781e-11 2.84514e-11 
3.55394e-11 3.20131e-11 2.10522e-11 
2.99085e-11 3.22703e-11 1.50474e-11 
2.53475e-11 3.19869e-11 1.02299e-11 
2.16063e-11 3.13883e-11 6.31683e-12 
1.84829e-11 3.05767e-11 3.143e-12 
1.58151e-11 2.96507e-11 5.25131e-13 
1.34807e-11 2.86429e-11 -1.59152e-12 
1.1388e-11 2.75745e-11 -3.33652e-12 
9.46363e-12 2.6497e-11 -4.77009e-12 
7.65079e-12 2.53792e-11 -5.92041e-12 
5.94589e-12 2.42004e-11 -6.78157e-12 
4.23979e-12 2.29296e-11 -7.38494e-12 
3.45407e-12 2.15278e-11 -6.20858e-12 
-1.59908e-11 2.54397e-11 -1.50392e-12 
-3.58305e-05 2.08597e-05 -1.18243e-05 
-3.13984e-05 1.50317e-05 -2.80704e-05 
-8.06297e-06 3.37766e-06 -8.88923e-06 
-1.45734e-06 -1.10447e-06 1.93171e-07 
-2.38572e-07 -1.2398e-06 1.0419e-06 
5.47851e-08 -3.14322e-07 3.64255e-08 
1.31501e-07 9.11572e-08 -2.81374e-07 
1.0386e-07 8.36952e-08 -1.01433e-07 
4.5657e-08 2.08615e-08 3.25461e-08 
9.36712e-09 3.1777e-09 4.2107e-08 
-3.03036e-09 4.47544e-09 1.48491e-08 
-4.53348e-09 2.90097e-09 9.66882e-11 
-3.50844e-09 -1.54559e-09 -1.16069e-09 
-2.32626e-09 -4.3998e-09 1.19205e-09 
-1.23331e-09 -4.62198e-09 2.39219e-09 
-3.23282e-10 -3.40316e-09 2.14411e-09 
2.81652e-10 -1.98656e-09 1.35792e-09 
5.58209e-10 -9.38136e-10 6.52145e-10 
5.88058e-10 -3.25096e-10 2.08217e-10 
4.87639e-10 -2.65263e-11 -1.11078e-11 
3.49327e-10 9.16018e-11 -9.35005e-11 
2.23981e-10 1.21449e-10 -1.08363e-10 
1.29796e-10 1.14322e-10 -9.65878e-11 
6.69847e-11 9.49937e-11 -7.77594e-11 
2.88518e-11 7.42278e-11 -5.98215e-11 
7.66281e-12 5.60199e-11 -4.50824e-11 
-2.95195e-12 4.14101e-11 -3.37393e-11 
-7.48102e-12 3.01862e-11 -2.52127e-11 
-8.73856e-12 2.17747e-11 -1.88313e-11 
-8.39646e-12 1.55413e-11 -1.40269e-11 
-7.37477e-12 1.09526e-11 -1.03827e-11 
-6.15374e-12 7.5854e-12 -7.60067e-12 
-4.96776e-12 5.11959e-12 -5.46829e-12 
-3.90955e-12 3.3156e-12 -3.82701e-12 
-3.01482e-12 2.00216e-12 -2.5707e-12 
-2.28241e-12 1.05024e-12 -1.61749e-12 
-1.68665e-12 3.63e-13 -8.88214e-13 
-1.21323e-12 -1.26306e-13 -3.41851e-13 
-8.38472e-13 -4.66647e-13 6.13456e-14 
-5.41752e-13 -6.96498e-13 3.56369e-13 
-3.06556e-13 -8.42913e-13 5.67112e-13 
-1.18447e-13 -9.26646e-13 7.11991e-13 
3.58826e-14 -9.61998e-13 8.04204e-13 
1.62835e-13 -9.57919e-13 8.50036e-13 
2.74833e-13 -9.26841e-13 8.61223e-13 
3.75737e-13 -8.73125e-13 8.40924e-13 
4.72952e-13 -8.07247e-13 7.93478e-13 
5.45233e-13 -7.05104e-13 7.08838e-13 
8.28552e-13 -9.39106e-13 6.31933e-13 
1.08571e-12 5.82815e-13 -4.32347e-13 
0.000241645 -3.9444e-05 -0.00145631 
0.000259336 -0.000915227 -0.000459503 
0.000912696 -0.00101304 -0.000986105 
0.00145631 -0.00135286 -0.0014271 
0.00214394 -0.00176247 -0.00193431 
0.00298242 -0.00222728 -0.00251836 
0.00396881 -0.00274771 -0.00318444 
0.00510241 -0.00332598 -0.00393209 
0.00638529 -0.00396099 -0.00475917 
0.00781653 -0.00464861 -0.00566453 
0.00939233 -0.00538711 -0.00664702 
0.0111037 -0.00617221 -0.0076994 
0.012945 -0.00699825 -0.00881916 
0.0149022 -0.00786082 -0.00999745 
0.0169616 -0.0087501 -0.0112281 
0.0191037 -0.00966261 -0.0124998 
0.0213125 -0.0105885 -0.0138034 
0.0235651 -0.0115191 -0.0151275 
0.0258408 -0.0124498 -0.016458 
0.0281233 -0.0133675 -0.0177874 
0.0303822 -0.0142643 -0.0191003 
0.0325955 -0.015135 -0.020383 
0.0347481 -0.0159725 -0.0216232 
0.0368131 -0.0167561 -0.0228115 
0.0387608 -0.0174933 -0.0239266 
0.0405852 -0.0181647 -0.0249678 
0.0422473 -0.018769 -0.0259085 
0.0437442 -0.0192913 -0.0267517 
0.0450354 -0.0197331 -0.0274677 
0.0461176 -0.0200704 -0.0280615 
0.0469459 -0.0203081 -0.0285054 
0.0475161 -0.0204375 -0.0287946 
0.0478033 -0.020444 -0.0289161 
0.0477973 -0.0203257 -0.0288674 
0.0474658 -0.0200828 -0.0286262 
0.0468158 -0.0197055 -0.0281967 
0.0458234 -0.0191895 -0.0275667 
0.0444986 -0.0185443 -0.0267381 
0.0428319 -0.0177551 -0.025708 
0.0408257 -0.0168367 -0.0244752 
0.0384913 -0.0157831 -0.0230468 
0.0358109 -0.0145967 -0.0214118 
0.0328115 -0.0132803 -0.0195855 
0.0295017 -0.0118403 -0.0175755 
0.0258786 -0.0102857 -0.0153816 
0.0220029 -0.00864154 -0.0130368 
0.0179193 -0.00692489 -0.010569 
0.0137148 -0.00518396 -0.00802761 
0.00952444 -0.00347587 -0.00547253 
0.00550952 -0.00180901 -0.00291417 
0.00161271 -0.000588953 -0.00115809 
0.00342723 -0.00175276 -0.00121062 
0.00591161 -0.00174463 -0.00157812 
0.00824545 -0.00209215 -0.00201172 
0.0108541 -0.00248758 -0.00244551 
0.013817 -0.00291089 -0.00289753 
0.0171494 -0.00335037 -0.00337031 
0.020849 -0.0038034 -0.0038622 
0.0249082 -0.00426515 -0.00437017 
0.0293154 -0.00473333 -0.00489166 
0.0340536 -0.0052042 -0.00542076 
0.0391003 -0.00567036 -0.00595588 
0.0444271 -0.00613133 -0.00649217 
0.0500022 -0.00658055 -0.00702761 
0.0557834 -0.00701413 -0.00755721 
0.0617282 -0.00742922 -0.00807934 
0.0677867 -0.00782109 -0.00858908 
0.073908 -0.00818693 -0.00908436 
0.0800375 -0.00852379 -0.00956245 
0.0861191 -0.00882927 -0.0100172 
0.0920955 -0.00909791 -0.010447 
0.0979077 -0.00932993 -0.0108486 
0.1035 -0.00952189 -0.0112172 
0.108817 -0.00967056 -0.0115527 
0.113792 -0.00977546 -0.0118504 
0.118378 -0.00983616 -0.0121032 
0.122513 -0.00984154 -0.0123124 
0.126152 -0.00980558 -0.0124735 
0.129235 -0.00970925 -0.0125858 
0.131707 -0.00956419 -0.0126433 
0.133516 -0.00936037 -0.0126483 
0.134611 -0.00910471 -0.0125948 
0.134951 -0.00879175 -0.012487 
0.134491 -0.00842858 -0.0123135 
0.133197 -0.00800433 -0.0120809 
0.131043 -0.00753436 -0.0117864 
0.128005 -0.00700974 -0.01143 
0.12407 -0.00644237 -0.0110051 
0.119241 -0.00582291 -0.0105173 
0.113508 -0.00516153 -0.00995953 
0.106891 -0.00445563 -0.00933271 
0.0993852 -0.00370023 -0.00864189 
0.0910153 -0.00291537 -0.00788685 
0.0818161 -0.0020978 -0.00706541 
0.0718352 -0.00125525 -0.00619284 
0.0611656 -0.000422594 -0.00526806 
0.049951 0.000393501 -0.00430339 
0.0383893 0.00115405 -0.00330637 
0.0267458 0.00184852 -0.00227685 
0.0151131 0.00260065 -0.00118188 
0.00429541 0.00226073 -0.000188113 
0.0085443 -0.00231124 -0.00149454 
0.0124196 -0.00238538 -0.00180024 
0.0162368 -0.00263866 -0.00211828 
0.0203228 -0.00295605 -0.00242425 
0.0247796 -0.00328578 -0.00272062 
0.0296303 -0.00361121 -0.00300664 
0.0348691 -0.00392672 -0.0032819 
0.0404787 -0.00422841 -0.00354491 
0.0464373 -0.00451464 -0.00379322 
0.0527175 -0.004781 -0.00402621 
0.0592852 -0.00502617 -0.00424209 
0.0661057 -0.00524858 -0.00444139 
0.0731354 -0.0054456 -0.00462156 
0.0803272 -0.00561424 -0.00478417 
0.0876305 -0.00575586 -0.00492863 
0.0949881 -0.00586593 -0.00505492 
0.102342 -0.00594638 -0.00516331 
0.109633 -0.00599519 -0.00525416 
0.116795 -0.00601083 -0.00532768 
0.123762 -0.00599458 -0.00538389 
0.130471 -0.0059456 -0.00542247 
0.136858 -0.00586416 -0.0054447 
0.142856 -0.00575021 -0.00544699 
0.148405 -0.00560186 -0.00543322 
0.153437 -0.00542119 -0.00540256 
0.157888 -0.00520833 -0.00535488 
0.161707 -0.00496701 -0.00528855 
0.164833 -0.00469073 -0.0052057 
0.167206 -0.00438502 -0.0051067 
0.168773 -0.00405005 -0.00499158 
0.169483 -0.00368689 -0.00486261 
0.169292 -0.00330054 -0.00471836 
0.168156 -0.00288596 -0.00456182 
0.166035 -0.00245288 -0.00439249 
0.162909 -0.00200192 -0.00420956 
0.158754 -0.00153215 -0.00401468 
0.153552 -0.00104763 -0.00380722 
0.147298 -0.000552493 -0.00358498 
0.139991 -4.33555e-05 -0.00335026 
0.131635 0.000471998 -0.00310096 
0.122245 0.000995083 -0.00283955 
0.111846 0.00151604 -0.00256583 
0.100479 0.00203205 -0.00228307 
0.0882144 0.00252602 -0.00199285 
0.0751624 0.00298476 -0.00169727 
0.0614798 0.0033899 -0.00139632 
0.047378 0.00372428 -0.00108598 
0.0330911 0.00400239 -0.000754676 
0.0186366 0.00432006 -0.000395643 
0.00539624 0.00309464 -0.000110024 
0.0146784 -0.00276598 -0.001671 
0.0195682 -0.00282432 -0.00188908 
0.0244497 -0.0030082 -0.00210736 
0.0295551 -0.00324292 -0.0023119 
0.0349788 -0.00348268 -0.0024975 
0.0407406 -0.00371147 -0.00266363 
0.0468314 -0.00392239 -0.00280957 
0.0532312 -0.00411274 -0.00293607 
0.0599122 -0.00428078 -0.00304221 
0.0668446 -0.00442565 -0.00312871 
0.0739941 -0.00454627 -0.00319668 
0.0813231 -0.00464285 -0.00324532 
0.0887892 -0.0047121 -0.00327645 
0.096346 -0.00475571 -0.00329093 
0.103944 -0.0047721 -0.00328888 
0.111529 -0.00475948 -0.00327187 
0.119045 -0.00471957 -0.00324074 
0.126432 -0.00465089 -0.00319554 
0.13363 -0.004553 -0.00313819 
0.140573 -0.00442632 -0.00306849 
0.147199 -0.00427147 -0.00298823 
0.153446 -0.00408966 -0.00289733 
0.159249 -0.003879 -0.00279801 
0.164545 -0.00364366 -0.00268905 
0.169275 -0.0033816 -0.00257251 
0.173379 -0.00309535 -0.00245029 
0.1768 -0.00278708 -0.00232177 
0.179483 -0.00245633 -0.00218862 
0.181375 -0.00210549 -0.00205253 
0.182425 -0.00173606 -0.00191462 
0.182589 -0.00135153 -0.00177664 
0.181826 -0.000952925 -0.00163908 
0.180097 -0.000541922 -0.00150416 
0.17737 -0.000122703 -0.00137293 
0.173621 0.000302603 -0.00124555 
0.168829 0.000732391 -0.00112249 
0.162979 0.00116501 -0.00100445 
0.156063 0.00159708 -0.0008915 
0.14808 0.0020265 -0.000783663 
0.139037 0.00245036 -0.00068169 
0.128952 0.00286434 -0.000586372 
0.117853 0.00326265 -0.000498971 
0.10579 0.00363754 -0.000420611 
0.0928386 0.00397731 -0.000352477 
0.0791111 0.00427018 -0.000292868 
0.0647592 0.00450343 -0.000239144 
0.049974 0.00466859 -0.000184631 
0.0349464 0.0047859 -0.000120759 
0.0196822 0.00491104 -4.58006e-05 
0.00592373 0.00319784 2.66946e-05 
0.021438 -0.0030712 -0.00178048 
0.0270292 -0.00311444 -0.00192963 
0.0326321 -0.00324524 -0.00207608 
0.0384118 -0.00340846 -0.00220796 
0.0444382 -0.00357434 -0.00232073 
0.0507273 -0.00372806 -0.00241406 
0.0572687 -0.00386397 -0.00248881 
0.0640429 -0.00398131 -0.00254565 
0.0710239 -0.00407782 -0.00258578 
0.0781831 -0.00415466 -0.00261 
0.0854898 -0.00421088 -0.00261902 
0.0929088 -0.00424538 -0.00261398 
0.1004 -0.00425777 -0.00259562 
0.107922 -0.00424724 -0.00256383 
0.115425 -0.00421195 -0.00251926 
0.12286 -0.00415172 -0.00246295 
0.130172 -0.00406583 -0.00239413 
0.137305 -0.00395287 -0.00231384 
0.1442 -0.00381354 -0.00222205 
0.150797 -0.00364705 -0.00212098 
0.157036 -0.00345488 -0.00200977 
0.162857 -0.00323702 -0.00188961 
0.168201 -0.00299377 -0.00176154 
0.173009 -0.00272692 -0.00162784 
0.177223 -0.00243792 -0.00148846 
0.180791 -0.00212854 -0.00134526 
0.18366 -0.00179931 -0.0011995 
0.185781 -0.00145321 -0.00105323 
0.187106 -0.00109188 -0.000907575 
0.187592 -0.000717191 -0.00076472 
0.187201 -0.000332603 -0.000625946 
0.185897 6.08985e-05 -0.000493026 
0.183648 0.000460163 -0.000367668 
0.180427 0.000862832 -0.000250984 
0.176214 0.00126659 -0.000144125 
0.170989 0.00166953 -4.77194e-05 
0.164742 0.00206949 3.72729e-05 
0.157465 0.00246356 0.000109989 
0.14916 0.00284913 0.000170192 
0.139835 0.00322225 0.000216796 
0.129512 0.00357851 0.000248671 
0.118225 0.003912 0.000265156 
0.106026 0.00421545 0.000265193 
0.0929915 0.00447994 0.000250247 
0.0792282 0.00469729 0.000221778 
0.0648719 0.00485847 0.000185017 
0.0500899 0.00495878 0.000145541 
0.035041 0.00501755 0.000109906 
0.0197279 0.00506407 7.93645e-05 
0.00612077 0.00305499 9.26434e-05 
0.0285489 -0.00327203 -0.0018371 
0.0346258 -0.00329818 -0.00194166 
0.0407096 -0.00338767 -0.00204061 
0.0469239 -0.00349967 -0.00212653 
0.0533212 -0.00361351 -0.00219828 
0.0599139 -0.00371876 -0.00225577 
0.0666942 -0.00381121 -0.00230036 
0.0736461 -0.00389004 -0.0023332 
0.0807477 -0.00395376 -0.00235545 
0.0879743 -0.00400275 -0.00236793 
0.095297 -0.00403547 -0.00237063 
0.102683 -0.0040505 -0.00236351 
0.110093 -0.00404587 -0.00234595 
0.117486 -0.00401938 -0.00231743 
0.124812 -0.00396951 -0.00227741 
0.132022 -0.00389491 -0.00222459 
0.13906 -0.00379309 -0.00215887 
0.145872 -0.00366459 -0.00208046 
0.152398 -0.00350833 -0.00198882 
0.158583 -0.00332526 -0.00188411 
0.164368 -0.00311448 -0.00176784 
0.169697 -0.00287866 -0.00164119 
0.174516 -0.00261833 -0.00150546 
0.178771 -0.00233584 -0.00136171 
0.182412 -0.00203148 -0.00121228 
0.185391 -0.00170903 -0.00105852 
0.187662 -0.00136929 -0.000902954 
0.189182 -0.00101567 -0.000746969 
0.189912 -0.000649459 -0.000592808 
0.189816 -0.000273796 -0.000442583 
0.188864 0.000108886 -0.000297867 
0.187025 0.00049658 -0.000160732 
0.184275 0.000886499 -3.2801e-05 
0.180594 0.00127676 8.44507e-05 
0.175964 0.00166493 0.000189855 
0.170372 0.00204919 0.000282028 
0.16381 0.0024268 0.000359835 
0.156273 0.00279547 0.000422878 
0.147767 0.00315216 0.000469419 
0.138304 0.00349227 0.000499054 
0.127908 0.00381193 0.000510991 
0.116616 0.00410566 0.000504337 
0.104484 0.00436713 0.000479395 
0.091583 0.00459078 0.000437211 
0.078009 0.00477006 0.000380992 
0.0638793 0.00490063 0.0003159 
0.0493366 0.00497794 0.000248055 
0.0345163 0.00501995 0.000182658 
0.0194218 0.00503417 0.000118711 
0.00618793 0.00281781 0.00013854 
0.0358518 -0.0034105 -0.0018729 
0.0422724 -0.0034218 -0.00195076 
0.0486867 -0.00348447 -0.00202454 
0.0551969 -0.00356751 -0.00209047 
0.0618476 -0.00365582 -0.00214927 
0.0686516 -0.00374138 -0.00220206 
0.0756042 -0.00382087 -0.00224949 
0.082694 -0.00389307 -0.00229268 
0.089902 -0.00395583 -0.0023319 
0.0972045 -0.00400761 -0.00236603 
0.104572 -0.00404511 -0.00239404 
0.111967 -0.00406527 -0.00241368 
0.119348 -0.00406464 -0.0024232 
0.126667 -0.00403996 -0.00242024 
0.133872 -0.00398861 -0.00240255 
0.140905 -0.0039079 -0.00236819 
0.147709 -0.00379655 -0.00231628 
0.154227 -0.00365493 -0.00224597 
0.160401 -0.0034817 -0.00215771 
0.166176 -0.00327953 -0.0020528 
0.171497 -0.00304886 -0.00193192 
0.176315 -0.00279224 -0.00179656 
0.180581 -0.00251114 -0.0016493 
0.184249 -0.00220838 -0.00149228 
0.187275 -0.00188609 -0.00132821 
0.189621 -0.00154742 -0.00115922 
0.19125 -0.00119479 -0.000988094 
0.192127 -0.00083063 -0.00081704 
0.192223 -0.000457477 -0.000648448 
0.191509 -7.8354e-05 -0.00048459 
0.189962 0.000304745 -0.00032749 
0.187561 0.000689204 -0.000178987 
0.184288 0.00107288 -4.08736e-05 
0.18013 0.00145397 8.53199e-05 
0.175073 0.00183015 0.000198045 
0.16911 0.00219946 0.000296252 
0.162237 0.00255967 0.000378774 
0.154454 0.00290869 0.000444419 
0.14577 0.0032424 0.00049229 
0.136201 0.00355777 0.000521614 
0.125773 0.00385054 0.00053166 
0.114526 0.00411583 0.000522339 
0.102514 0.00434903 0.000493739 
0.0898042 0.00454656 0.000447937 
0.0764777 0.00470529 0.000388472 
0.0626316 0.00482337 0.000320632 
0.0483834 0.00489732 0.000251024 
0.0338468 0.00494159 0.000185175 
0.0190337 0.00494407 0.000119383 
0.00620136 0.00257508 0.000173187 
0.0432978 -0.00352197 -0.00191353 
0.0499858 -0.00352786 -0.0019831 
0.0566644 -0.00358384 -0.00205398 
0.0634297 -0.00366396 -0.00212579 
0.0703241 -0.0037556 -0.00219978 
0.0773621 -0.00385178 -0.00227642 
0.0845428 -0.00394846 -0.00235666 
0.0918549 -0.00404329 -0.00243924 
0.0992787 -0.00413159 -0.00252248 
0.106784 -0.00420856 -0.0026032 
0.114333 -0.004269 -0.00267749 
0.121877 -0.00430682 -0.00274092 
0.129362 -0.00431741 -0.00278887 
0.136729 -0.00429586 -0.00281763 
0.143911 -0.00423841 -0.00282274 
0.150847 -0.00414358 -0.00280321 
0.157472 -0.00401148 -0.00275792 
0.163726 -0.00384255 -0.00268575 
0.169554 -0.00363821 -0.00258883 
0.174903 -0.00340236 -0.00246819 
0.179728 -0.00313614 -0.00232695 
0.183986 -0.0028445 -0.00216856 
0.187638 -0.00253054 -0.00199599 
0.19065 -0.00219717 -0.00181242 
0.19299 -0.00184814 -0.0016218 
0.194629 -0.00148613 -0.00142696 
0.195542 -0.00111455 -0.00123073 
0.195705 -0.000735553 -0.00103629 
0.195097 -0.000352156 -0.000846252 
0.193702 3.30319e-05 -0.00066265 
0.191502 0.00041813 -0.000487897 
0.188486 0.000800738 -0.000323687 
0.184642 0.00117908 -0.000171594 
0.179963 0.00155159 -3.31881e-05 
0.174442 0.00191614 9.03928e-05 
0.168076 0.00227138 0.000197792 
0.160865 0.00261507 0.000288393 
0.152814 0.00294507 0.000360778 
0.143934 0.00325798 0.000414513 
0.134246 0.00355113 0.000449117 
0.123777 0.00382029 0.000463608 
0.112568 0.00406206 0.000458703 
0.10067 0.00427248 0.000434819 
0.0881444 0.00445055 0.000393704 
0.0750578 0.00459535 0.000338917 
0.0614862 0.00470774 0.000275841 
0.0475174 0.00478698 0.00021279 
0.0332409 0.00484381 0.000156986 
0.0186809 0.00484618 0.000103268 
0.00619466 0.0023615 0.00020014 
0.0509373 -0.00364264 -0.00198626 
0.0578863 -0.00366138 -0.00206844 
0.0648523 -0.00373744 -0.00216211 
0.0719329 -0.00384605 -0.00226821 
0.0791714 -0.00397398 -0.00238793 
0.0865825 -0.00411393 -0.00252089 
0.0941639 -0.00426028 -0.00266501 
0.101898 -0.00440589 -0.0028164 
0.109754 -0.00454267 -0.00296935 
0.117683 -0.00466081 -0.00311631 
0.125626 -0.00475157 -0.00324951 
0.133512 -0.00480578 -0.00336087 
0.141264 -0.00481709 -0.00344321 
0.148802 -0.00478033 -0.00349036 
0.156045 -0.00469234 -0.0034999 
0.162921 -0.00455551 -0.00346931 
0.169363 -0.00437118 -0.00339916 
0.175313 -0.00414256 -0.00329241 
0.18072 -0.00387626 -0.00315247 
0.185546 -0.00357678 -0.00298332 
0.189756 -0.00324969 -0.00279086 
0.193324 -0.00290134 -0.00257997 
0.196227 -0.00253524 -0.00235538 
0.198447 -0.00215614 -0.00212283 
0.199966 -0.00176823 -0.00188546 
0.200771 -0.00137411 -0.00164834 
0.200849 -0.000977171 -0.00141433 
0.200189 -0.000580013 -0.0011868 
0.19878 -0.000184808 -0.000968069 
0.196615 0.000206392 -0.000760706 
0.193687 0.00059179 -0.000566149 
0.189988 0.000970015 -0.000386053 
0.185516 0.0013396 -0.000221715 
0.180267 0.00169939 -7.40863e-05 
0.17424 0.0020481 5.60381e-05 
0.167436 0.00238431 0.000167869 
0.159858 0.00270678 0.000260628 
0.151514 0.00301307 0.000334084 
0.142419 0.00330123 0.000388031 
0.132593 0.00356843 0.000421763 
0.122066 0.00381094 0.000435967 
0.110877 0.00402708 0.000430533 
0.0990747 0.00421315 0.000406748 
0.0867134 0.00436942 0.000365629 
0.073849 0.00449713 0.000310016 
0.0605353 0.00460027 0.000245223 
0.0468262 0.00468326 0.000180297 
0.0327731 0.00475579 0.000127839 
0.018407 0.00476499 8.50065e-05 
0.0061799 0.00218978 0.000220809 
0.0589269 -0.00381619 -0.00212475 
0.066218 -0.00387712 -0.00224867 
0.0736017 -0.0040118 -0.00239932 
0.0811804 -0.00419039 -0.00257863 
0.0889959 -0.00439789 -0.00278537 
0.0970574 -0.00462355 -0.00301539 
0.105349 -0.00485573 -0.00326124 
0.11383 -0.00507953 -0.00351153 
0.122437 -0.00527913 -0.00375293 
0.131082 -0.00543731 -0.00397097 
0.139663 -0.00554011 -0.00415031 
0.148071 -0.00557571 -0.00427951 
0.156193 -0.00553782 -0.00434881 
0.163924 -0.00542412 -0.00435386 
0.171171 -0.00523824 -0.00429414 
0.177859 -0.00498677 -0.00417286 
0.183928 -0.00467925 -0.00399667 
0.189337 -0.0043252 -0.00377305 
0.194056 -0.00393534 -0.0035107 
0.198071 -0.00351927 -0.00322055 
0.201374 -0.00308608 -0.00291014 
0.203963 -0.00264287 -0.002588 
0.20584 -0.00219448 -0.00226124 
0.207008 -0.00174723 -0.00193635 
0.20747 -0.00130343 -0.00161888 
0.20723 -0.000867597 -0.00131329 
0.20629 -0.0004408 -0.00102324 
0.204651 -2.57158e-05 -0.000751478 
0.202313 0.00037682 -0.000500305 
0.199277 0.000765407 -0.000271046 
0.195542 0.00113994 -6.48e-05 
0.191108 0.00149923 0.000117598 
0.185974 0.00184337 0.000276285 
0.18014 0.00217227 0.000411441 
0.173606 0.00248519 0.000522728 
0.166377 0.00278159 0.000610756 
0.158455 0.00306129 0.000676209 
0.149849 0.00332269 0.000719208 
0.140574 0.00356439 0.000740316 
0.13065 0.0037841 0.000740558 
0.120105 0.00398013 0.000721001 
0.108976 0.00414994 0.000681848 
0.0973072 0.0042915 0.000624388 
0.0851482 0.00440508 0.000550284 
0.0725469 0.00449319 0.000460746 
0.059541 0.00456217 0.000358612 
0.0461488 0.00462333 0.000252393 
0.0323639 0.00469383 0.000159852 
0.0181858 0.00470573 9.22705e-05 
0.00615285 0.00205804 0.000235976 
0.0675742 -0.00410652 -0.00238749 
0.0754122 -0.00426174 -0.00259883 
0.0835028 -0.00451577 -0.00286146 
0.0919423 -0.00482761 -0.00317336 
0.100759 -0.00517538 -0.00352499 
0.109935 -0.00553686 -0.00390076 
0.119408 -0.00588499 -0.0042779 
0.129073 -0.00618795 -0.00462924 
0.138791 -0.0064155 -0.00492488 
0.148396 -0.00654002 -0.00513807 
0.157711 -0.00654273 -0.00524772 
0.16657 -0.00641723 -0.00524144 
0.174824 -0.00616481 -0.00511563 
0.182359 -0.00579977 -0.00487808 
0.189092 -0.00534029 -0.00454093 
0.194978 -0.0048085 -0.00412238 
0.199997 -0.00422589 -0.00364025 
0.204156 -0.00361201 -0.00311555 
0.207474 -0.00298426 -0.00256544 
0.209984 -0.00235736 -0.00200508 
0.211722 -0.00174041 -0.00144872 
0.212724 -0.0011425 -0.000907205 
0.213026 -0.000568736 -0.000390205 
0.21266 -2.42584e-05 9.48965e-05 
0.211653 0.000489149 0.000542537 
0.210026 0.000969477 0.000948186 
0.207798 0.00141657 0.00130946 
0.20498 0.00183017 0.00162397 
0.201581 0.00221103 0.00189141 
0.197604 0.00256039 0.0021126 
0.193054 0.00287942 0.00228693 
0.187928 0.00316903 0.0024174 
0.182224 0.00343231 0.00250569 
0.175938 0.00367037 0.00255383 
0.169068 0.00388402 0.0025656 
0.161613 0.0040747 0.00254215 
0.153573 0.00424404 0.00248648 
0.144949 0.00439102 0.0024015 
0.135752 0.00451666 0.00229011 
0.125997 0.0046197 0.00215418 
0.115705 0.00469891 0.00199522 
0.104907 0.00475289 0.0018174 
0.0936434 0.00478099 0.00162212 
0.0819565 0.00478363 0.00141069 
0.0698904 0.00476168 0.00118385 
0.0574771 0.00472172 0.000941778 
0.0447147 0.00468021 0.000685687 
0.0315323 0.00466857 0.000430429 
0.0178191 0.00463743 0.000210234 
0.00608572 0.00192932 0.000254025 
0.0774636 -0.00463812 -0.00289236 
0.0862731 -0.00498258 -0.00327334 
0.0956244 -0.00545777 -0.00373374 
0.105569 -0.00599056 -0.00425414 
0.116068 -0.00653696 -0.00479565 
0.127003 -0.00704003 -0.0053072 
0.138177 -0.00743461 -0.00572993 
0.149323 -0.00765515 -0.0060027 
0.160141 -0.00765212 -0.00607552 
0.170333 -0.00740061 -0.00591717 
0.179638 -0.00690483 -0.00552219 
0.187864 -0.00619613 -0.00490872 
0.194891 -0.00531887 -0.00411352 
0.200674 -0.0043285 -0.00318074 
0.205226 -0.00327193 -0.00215608 
0.208605 -0.00219314 -0.0010813 
0.210897 -0.00112483 7.38179e-06 
0.212203 -9.33316e-05 0.00108072 
0.212628 0.000884609 0.00211553 
0.212273 0.00179665 0.00309428 
0.211234 0.00263538 0.00400234 
0.209596 0.00339673 0.00483106 
0.20743 0.00407938 0.00557213 
0.204799 0.00468259 0.0062221 
0.201752 0.0052094 0.00677711 
0.198324 0.00566216 0.00723893 
0.194543 0.00604529 0.00760593 
0.190423 0.00636247 0.00788279 
0.185974 0.00661854 0.00807131 
0.181195 0.00681777 0.00817317 
0.176078 0.00696495 0.00819742 
0.170616 0.00706507 0.00814588 
0.164791 0.00712408 0.00802536 
0.158587 0.00714359 0.00783994 
0.151987 0.00712867 0.00759449 
0.144972 0.00708149 0.00729816 
0.13753 0.00700706 0.00695338 
0.12965 0.00690445 0.0065651 
0.121324 0.00677851 0.00613996 
0.112554 0.00662664 0.00568125 
0.103349 0.0064511 0.00519622 
0.0937283 0.00625224 0.00468562 
0.0837146 0.00602941 0.00415708 
0.0733453 0.00578262 0.00361135 
0.0626577 0.0055129 0.00305191 
0.0516874 0.00522361 0.00247688 
0.0404413 0.00492621 0.00188017 
0.0288358 0.00465751 0.00125319 
0.0166147 0.00443545 0.000623508 
0.0058685 0.00170935 0.000327452 
0.0897777 -0.00567364 -0.00387822 
0.10037 -0.00636103 -0.00453945 
0.111932 -0.00717256 -0.00526286 
0.124315 -0.00794947 -0.00596148 
0.137225 -0.00856456 -0.00651018 
0.150218 -0.00886538 -0.006775 
0.162747 -0.0087259 -0.00663593 
0.174251 -0.00808627 -0.00603096 
0.184255 -0.00697476 -0.00497091 
0.192432 -0.00548426 -0.00353124 
0.198626 -0.00374298 -0.00182205 
0.202839 -0.00187998 4.15173e-05 
0.205192 -2.24303e-06 0.00195889 
0.205879 0.00181103 0.00385207 
0.20513 0.00350941 0.00566616 
0.203185 0.00506012 0.00736087 
0.20027 0.00644851 0.00891234 
0.196598 0.00766703 0.0103056 
0.192354 0.00871612 0.0115337 
0.187701 0.00960336 0.0125929 
0.18277 0.0103356 0.0134889 
0.177673 0.0109265 0.0142262 
0.172496 0.0113862 0.0148122 
0.167299 0.0117302 0.0152604 
0.162132 0.0119697 0.0155788 
0.157021 0.0121186 0.0157759 
0.151976 0.0121856 0.0158641 
0.146997 0.0121844 0.0158504 
0.142072 0.0121195 0.0157423 
0.137183 0.0120002 0.0155508 
0.132302 0.0118365 0.0152772 
0.127397 0.0116269 0.0149288 
0.122429 0.0113831 0.0145105 
0.117363 0.0111019 0.0140262 
0.112165 0.0107888 0.0134787 
0.106788 0.0104491 0.0128728 
0.1012 0.0100797 0.0122121 
0.0953732 0.00968233 0.0115011 
0.0892778 0.00926274 0.0107418 
0.0828971 0.0088139 0.00993961 
0.0762212 0.00834152 0.00909585 
0.0692454 0.00784238 0.00822021 
0.0619788 0.0073211 0.00731269 
0.054435 0.00677401 0.0063826 
0.0466421 0.00620535 0.00543165 
0.0386284 0.00561487 0.00446438 
0.0304217 0.00500657 0.00347824 
0.0220066 0.00439519 0.00244988 
0.0131781 0.0038304 0.00133415 
0.00509435 0.0013768 0.000574388 
0.106829 -0.00765351 -0.00563925 
0.120467 -0.00878161 -0.006527 
0.135243 -0.00972031 -0.00718932 
0.150293 -0.0100669 -0.0073352 
0.164593 -0.00956988 -0.00671741 
0.177102 -0.00813773 -0.00525506 
0.186961 -0.00589519 -0.00306544 
0.193667 -0.00312647 -0.000399303 
0.197118 -0.000152505 0.0024634 
0.197531 0.00276107 0.00529237 
0.195321 0.00544162 0.00793414 
0.190981 0.00779599 0.0103015 
0.185003 0.00978891 0.0123554 
0.177841 0.0114198 0.0140838 
0.169892 0.0127049 0.0154877 
0.161491 0.0136698 0.0165886 
0.15292 0.0143497 0.0174047 
0.144395 0.0147793 0.0179677 
0.136089 0.0149986 0.018311 
0.128124 0.0150459 0.0184693 
0.12058 0.014958 0.0184757 
0.113508 0.0147644 0.018359 
0.106932 0.0144926 0.0181496 
0.100848 0.0141706 0.017867 
0.0952409 0.0138102 0.0175323 
0.090092 0.0134271 0.0171573 
0.0853609 0.0130346 0.016755 
0.0810096 0.0126373 0.0163294 
0.0769979 0.0122372 0.015886 
0.0732766 0.0118422 0.015427 
0.0698 0.0114484 0.0149522 
0.0665248 0.011056 0.0144614 
0.0634026 0.0106665 0.0139494 
0.060388 0.0102724 0.0134159 
0.0574397 0.00987476 0.0128592 
0.0545146 0.00947254 0.0122719 
0.0515703 0.00905853 0.011653 
0.0485744 0.00863099 0.0109995 
0.0454937 0.00818838 0.0103082 
0.0423013 0.00772569 0.00957971 
0.038979 0.00724287 0.00881402 
0.0355088 0.00674029 0.00801018 
0.0318816 0.00621372 0.007172 
0.0280972 0.00566562 0.00629992 
0.0241592 0.00509466 0.00540015 
0.0200769 0.00450588 0.00447889 
0.0158658 0.00390041 0.00354258 
0.0115529 0.00327808 0.00259186 
0.00719541 0.00260563 0.00157258 
0.0031601 0.00113218 0.000884936 
0.131857 -0.0106119 -0.00771003 
0.148754 -0.0111208 -0.00765585 
0.164793 -0.0101449 -0.00634378 
0.177896 -0.00754554 -0.0037253 
0.186568 -0.00376536 -0.000194338 
0.190173 0.000508036 0.00365494 
0.188933 0.00463189 0.00730762 
0.183631 0.00819437 0.0104562 
0.175263 0.0110349 0.0129926 
0.164788 0.0131539 0.0149163 
0.153025 0.0146148 0.0162777 
0.140643 0.0155051 0.0171332 
0.128161 0.0159087 0.0175487 
0.115987 0.0159084 0.0175885 
0.104415 0.015591 0.0173293 
0.0936348 0.0150445 0.0168416 
0.0837632 0.0143374 0.0161952 
0.0748425 0.0135436 0.0154522 
0.0668648 0.0127136 0.014661 
0.059785 0.0118876 0.0138611 
0.0535403 0.0110915 0.0130772 
0.0480559 0.0103412 0.0123299 
0.0432536 0.00964818 0.0116277 
0.0390542 0.00901435 0.0109759 
0.0353847 0.00843902 0.0103759 
0.0321814 0.00791844 0.00982766 
0.0293827 0.00745228 0.00932593 
0.0269335 0.00703143 0.00886837 
0.0247903 0.00665219 0.00844977 
0.0229063 0.00631171 0.00806422 
0.0212446 0.0060008 0.00770572 
0.0197709 0.00571626 0.00736983 
0.0184549 0.00545307 0.0070505 
0.0172681 0.00520663 0.00674228 
0.0161833 0.00497287 0.00643887 
0.0151767 0.00474599 0.00613603 
0.0142264 0.00452371 0.00582835 
0.0133125 0.00430099 0.00551174 
0.0124156 0.0040757 0.00518277 
0.01152 0.00384454 0.00483729 
0.0106097 0.00360498 0.00447339 
0.00967331 0.00335495 0.00408856 
0.00869959 0.00309326 0.00368211 
0.00768155 0.00281864 0.00325512 
0.00661338 0.00253266 0.00280797 
0.00548702 0.00223661 0.00234171 
0.00429297 0.0019327 0.00186064 
0.0030236 0.001626 0.0013735 
0.0017801 0.0012366 0.000895096 
0.000720712 0.000963662 0.000743608 
0.162954 -0.0103854 -0.00582001 
0.176362 -0.00676659 -0.00210662 
0.183245 -0.00135924 0.00262074 
0.182785 0.00430862 0.00722545 
0.175928 0.00911034 0.0109691 
0.164451 0.0126001 0.0136279 
0.150156 0.0148127 0.015291 
0.134492 0.0159779 0.0161415 
0.118508 0.0163285 0.0163439 
0.102951 0.0160505 0.0160303 
0.0883384 0.0153025 0.0153182 
0.0750098 0.0142262 0.0143234 
0.063147 0.0129604 0.0131573 
0.0528002 0.0116203 0.0119237 
0.0439247 0.0103008 0.0106955 
0.0363996 0.00906064 0.00952594 
0.0300754 0.00793179 0.00844801 
0.0247907 0.00693106 0.00747476 
0.0203867 0.00605593 0.00661017 
0.0167211 0.00530018 0.0058493 
0.0136699 0.0046498 0.00518488 
0.0111278 0.00409372 0.00460718 
0.00900528 0.00361848 0.00410678 
0.00723167 0.00321266 0.00367359 
0.00574632 0.00286622 0.00329924 
0.00450133 0.00256992 0.00297602 
0.00345712 0.00231665 0.00269699 
0.00258142 0.00209985 0.002456 
0.00184914 0.00191365 0.00224819 
0.00123805 0.00175435 0.0020684 
0.000731349 0.00161683 0.00191309 
0.000315136 0.0014985 0.00177816 
-2.30904e-05 0.00139584 0.00166038 
-0.000292492 0.00130622 0.00155662 
-0.000501658 0.00122722 0.00146399 
-0.000657567 0.00115666 0.00137988 
-0.000766753 0.00109248 0.00130153 
-0.000834728 0.00103287 0.00122711 
-0.000867132 0.000976333 0.00115366 
-0.000869013 0.000921118 0.00108005 
-0.000845212 0.000866213 0.00100382 
-0.000800422 0.000810343 0.000924146 
-0.000739403 0.000752886 0.000839292 
-0.000667559 0.000693143 0.000748305 
-0.000590307 0.000630793 0.000650472 
-0.00051498 0.000566132 0.000544825 
-0.000452468 0.000499122 0.000429001 
-0.000418268 0.000429177 0.00029923 
-0.000439888 0.000344333 0.000148852 
-0.000464619 0.000480556 0.000238243 
0.178307 0.000502148 0.0045958 
0.174129 0.00726175 0.00950928 
0.162032 0.012363 0.0128915 
0.145265 0.0152915 0.01467 
0.126518 0.0164845 0.0152574 
0.107594 0.0164936 0.015035 
0.089578 0.0157206 0.0142524 
0.0731247 0.0144252 0.0130755 
0.0586093 0.0128121 0.0116519 
0.046195 0.0110622 0.0101224 
0.0358604 0.00933109 0.0086089 
0.0274494 0.00772658 0.0071973 
0.0207269 0.00630862 0.00593537 
0.0154237 0.00509849 0.00483998 
0.0112805 0.00408656 0.00390856 
0.00806359 0.00325484 0.00312724 
0.00557469 0.00257643 0.00247656 
0.00365261 0.0020249 0.00193696 
0.00216859 0.00157735 0.00149025 
0.00102276 0.00121326 0.00112045 
0.000138043 0.000916632 0.000814268 
-0.000544891 0.00067432 0.000560253 
-0.00107185 0.000475692 0.000349032 
-0.00147731 0.000312349 0.000173437 
-0.00178788 0.000178008 2.73199e-05 
-0.00202416 6.74422e-05 -9.42002e-05 
-0.00220195 -2.35538e-05 -0.000195068 
-0.00233321 -9.80589e-05 -0.000278208 
-0.00242709 -0.000158508 -0.000346077 
-0.00249062 -0.00020731 -0.000400897 
-0.00252899 -0.000245825 -0.000443935 
-0.00254587 -0.000275398 -0.000476522 
-0.00254382 -0.000297399 -0.000499877 
-0.00252469 -0.000312151 -0.000514346 
-0.00248937 -0.000320845 -0.000520875 
-0.00243846 -0.000323766 -0.000519707 
-0.00237191 -0.000321597 -0.000511538 
-0.00228981 -0.000314695 -0.000496514 
-0.00219179 -0.000303477 -0.000475248 
-0.00207768 -0.000288496 -0.000448246 
-0.00194741 -0.000269896 -0.000415807 
-0.00180103 -0.000248182 -0.000378664 
-0.00163899 -0.000223577 -0.000337307 
-0.00146199 -0.000196695 -0.00029276 
-0.00127102 -0.000167737 -0.000245902 
-0.00106743 -0.00013755 -0.000198367 
-0.000852986 -0.000106634 -0.000151933 
-0.000625768 -7.90369e-05 -0.000107926 
-0.000385815 -4.71622e-05 -9.43657e-05 
-0.00024506 -3.34914e-05 -6.57452e-05 
0.150653 0.0139846 0.0134772 
0.130057 0.0166574 0.0144703 
0.108269 0.0168675 0.0141717 
0.0876219 0.0158789 0.0131846 
0.0690373 0.0142686 0.0117943 
0.0529541 0.0123193 0.0101713 
0.0395426 0.0102474 0.00846652 
0.0287519 0.00823698 0.00681984 
0.0203516 0.00642298 0.00533124 
0.0139977 0.00487681 0.00405304 
0.00930577 0.00361501 0.00299481 
0.00590935 0.00261461 0.00214172 
0.00349496 0.0018371 0.00146701 
0.00180857 0.00124137 0.000941078 
0.000654218 0.000788893 0.000535628 
-0.000116195 0.000447937 0.000225823 
-0.00061257 0.000192537 -8.95152e-06 
-0.000915637 2.86616e-06 -0.000185041 
-0.00108422 -0.000136628 -0.000315314 
-0.00116087 -0.000237741 -0.000410057 
-0.00117619 -0.0003095 -0.000476952 
-0.00115207 -0.000358444 -0.000521907 
-0.00110369 -0.000390052 -0.000549557 
-0.00104159 -0.00040831 -0.000563499 
-0.000972955 -0.000416422 -0.000566802 
-0.000902549 -0.000416842 -0.000561879 
-0.000833418 -0.000411558 -0.000550819 
-0.000767496 -0.000402005 -0.000535318 
-0.000705812 -0.000389486 -0.000516757 
-0.000648731 -0.000374935 -0.00049618 
-0.000596466 -0.000358732 -0.000474431 
-0.000548737 -0.00034191 -0.000452079 
-0.000505097 -0.000324425 -0.000429404 
-0.000465264 -0.000306453 -0.000406698 
-0.000428674 -0.00028847 -0.000384056 
-0.000394931 -0.000270176 -0.000361421 
-0.000363368 -0.000251939 -0.000338745 
-0.000333719 -0.000233193 -0.000315845 
-0.000305553 -0.000214505 -0.000292726 
-0.000278401 -0.000195467 -0.000269124 
-0.000252076 -0.000176083 -0.000244972 
-0.000226195 -0.000156539 -0.00022021 
-0.000200576 -0.000136639 -0.00019471 
-0.000174901 -0.000116577 -0.000168426 
-0.000148655 -9.64196e-05 -0.000141303 
-0.000121102 -7.60023e-05 -0.000113025 
-9.07305e-05 -5.53222e-05 -8.33624e-05 
-5.4794e-05 -3.38325e-05 -5.16138e-05 
-3.11542e-06 -1.18234e-05 -1.62289e-05 
2.37513e-05 5.32403e-05 2.97069e-05 
0.0966092 0.0167199 0.0130242 
0.0748161 0.0151466 0.0115366 
0.0560995 0.0129374 0.00981613 
0.0406591 0.0106087 0.00801779 
0.0283985 0.00833443 0.00626381 
0.0190652 0.00626985 0.0046785 
0.0122501 0.00452368 0.0033375 
0.0074629 0.00313043 0.00226241 
0.00422407 0.00206657 0.00143614 
0.00211866 0.00128171 0.000822793 
0.000814842 0.00071867 0.000381178 
5.92768e-05 0.000326271 7.32586e-05 
-0.000335041 6.20709e-05 -0.000132179 
-0.000502011 -0.000107021 -0.000259954 
-0.000534742 -0.000206246 -0.000329144 
-0.000495361 -0.000254977 -0.000354908 
-0.000423332 -0.000268184 -0.000349762 
-0.000342378 -0.000258042 -0.000324409 
-0.000265622 -0.000234061 -0.000288078 
-0.000199087 -0.000203682 -0.000247895 
-0.000144578 -0.000172139 -0.000208945 
-0.000101601 -0.000142787 -0.000174157 
-6.86192e-05 -0.000117397 -0.000144577 
-4.37227e-05 -9.62949e-05 -0.00012003 
-2.51374e-05 -7.91184e-05 -9.9735e-05 
-1.13552e-05 -6.51997e-05 -8.27768e-05 
-1.14843e-06 -5.38799e-05 -6.83884e-05 
6.37271e-06 -4.45909e-05 -5.60227e-05 
1.1896e-05 -3.69313e-05 -4.53125e-05 
1.59107e-05 -3.05806e-05 -3.60143e-05 
1.87869e-05 -2.53297e-05 -2.79524e-05 
2.08038e-05 -2.09893e-05 -2.1015e-05 
2.21136e-05 -1.74103e-05 -1.50878e-05 
2.29036e-05 -1.45085e-05 -1.00486e-05 
2.32667e-05 -1.21616e-05 -5.83013e-06 
2.32693e-05 -1.02968e-05 -2.33463e-06 
2.29746e-05 -8.85186e-06 5.02878e-07 
2.24139e-05 -7.76107e-06 2.76188e-06 
2.16248e-05 -6.97248e-06 4.49606e-06 
2.06155e-05 -6.44041e-06 5.75402e-06 
1.94035e-05 -6.1273e-06 6.59086e-06 
1.80049e-05 -5.98481e-06 7.04828e-06 
1.64231e-05 -5.9843e-06 7.1635e-06 
1.46749e-05 -6.08344e-06 6.98392e-06 
1.27617e-05 -6.24302e-06 6.54562e-06 
1.06549e-05 -6.43132e-06 5.8656e-06 
8.31684e-06 -6.59956e-06 4.9618e-06 
5.50961e-06 -6.70757e-06 3.69568e-06 
2.81035e-06 -7.23875e-06 2.29381e-06 
-3.6195e-07 -4.97931e-06 -3.88014e-06 
0.0490042 0.0121731 0.00859665 
0.0338632 0.00954533 0.00665686 
0.022364 0.00715153 0.00492055 
0.0139986 0.00508763 0.00343048 
0.00822772 0.00342269 0.00223811 
0.00445722 0.00216216 0.0013398 
0.00213571 0.00125712 0.000697949 
0.000806864 0.000638532 0.00026276 
0.000120481 0.000237966 -1.27863e-05 
-0.000176521 -2.31866e-06 -0.000167825 
-0.000257839 -0.000127684 -0.000234328 
-0.000236003 -0.000173481 -0.000240254 
-0.00017831 -0.000169349 -0.000211051 
-0.000120022 -0.000140658 -0.000169024 
-7.48922e-05 -0.000106128 -0.000129404 
-4.44348e-05 -7.62408e-05 -9.84899e-05 
-2.53107e-05 -5.36283e-05 -7.55072e-05 
-1.35615e-05 -3.68594e-05 -5.73065e-05 
-6.29465e-06 -2.40041e-05 -4.18108e-05 
-1.75792e-06 -1.40189e-05 -2.85075e-05 
1.05376e-06 -6.46721e-06 -1.75657e-05 
2.7483e-06 -1.06946e-06 -9.09509e-06 
3.71441e-06 2.53085e-06 -2.95258e-06 
4.18135e-06 4.73416e-06 1.21416e-06 
4.31164e-06 5.92069e-06 3.83443e-06 
4.20164e-06 6.40634e-06 5.31285e-06 
3.92666e-06 6.42864e-06 5.99222e-06 
3.54908e-06 6.16736e-06 6.1378e-06 
3.11274e-06 5.7471e-06 5.94666e-06 
2.65521e-06 5.25419e-06 5.55656e-06 
2.20212e-06 4.74327e-06 5.06029e-06 
1.77191e-06 4.24798e-06 4.523e-06 
1.37608e-06 3.78904e-06 3.98368e-06 
1.02062e-06 3.37418e-06 3.46598e-06 
7.08118e-07 3.00582e-06 2.98499e-06 
4.38183e-07 2.68157e-06 2.54676e-06 
2.12649e-07 2.3984e-06 2.15682e-06 
2.62345e-08 2.15011e-06 1.81112e-06 
-1.2052e-07 1.93224e-06 1.5127e-06 
-2.32008e-07 1.73663e-06 1.2553e-06 
-3.10319e-07 1.56227e-06 1.03818e-06 
-3.57903e-07 1.40206e-06 8.56641e-07 
-3.7873e-07 1.25282e-06 7.06335e-07 
-3.74731e-07 1.113e-06 5.83604e-07 
-3.49843e-07 9.78307e-07 4.82918e-07 
-3.06671e-07 8.47502e-07 3.98542e-07 
-2.47029e-07 7.20247e-07 3.26929e-07 
-1.6794e-07 5.92152e-07 2.67161e-07 
-4.88426e-08 4.68488e-07 2.88266e-07 
4.31804e-07 1.6317e-07 -3.37529e-09 
0.0194072 0.00651631 0.00416676 
0.0115489 0.0044674 0.00275427 
0.00636964 0.00284996 0.00167602 
0.00315953 0.00167621 0.000896214 
0.00133325 0.000873779 0.000376156 
0.00040237 0.000366047 6.01025e-05 
1.25702e-06 7.46713e-05 -0.000103331 
-0.000120888 -6.48273e-05 -0.000159586 
-0.000122084 -0.000105254 -0.000151396 
-8.91777e-05 -9.40108e-05 -0.00011863 
-5.87754e-05 -6.82165e-05 -8.80382e-05 
-3.83148e-05 -4.60022e-05 -6.63378e-05 
-2.48206e-05 -2.92224e-05 -4.86348e-05 
-1.52289e-05 -1.56848e-05 -3.16709e-05 
-8.16921e-06 -5.20092e-06 -1.66054e-05 
-3.10456e-06 1.6776e-06 -5.3705e-06 
2.15449e-07 5.26327e-06 1.48727e-06 
2.01856e-06 6.44575e-06 4.692e-06 
2.65496e-06 6.15105e-06 5.47289e-06 
2.55364e-06 5.1049e-06 4.95897e-06 
2.09097e-06 3.82162e-06 3.93226e-06 
1.5262e-06 2.60839e-06 2.84e-06 
1.00152e-06 1.61346e-06 1.89354e-06 
5.75799e-07 8.73381e-07 1.1576e-06 
2.59292e-07 3.63407e-07 6.24618e-07 
3.95411e-08 3.62892e-08 2.58337e-07 
-1.03138e-07 -1.57663e-07 1.75798e-08 
-1.88616e-07 -2.60531e-07 -1.33388e-07 
-2.33552e-07 -3.03538e-07 -2.22481e-07 
-2.51215e-07 -3.09949e-07 -2.70156e-07 
-2.50994e-07 -2.94964e-07 -2.90615e-07 
-2.39859e-07 -2.68478e-07 -2.93997e-07 
-2.2251e-07 -2.36967e-07 -2.86714e-07 
-2.01925e-07 -2.04264e-07 -2.73171e-07 
-1.80513e-07 -1.72623e-07 -2.56429e-07 
-1.59112e-07 -1.43049e-07 -2.38061e-07 
-1.38968e-07 -1.16101e-07 -2.19379e-07 
-1.2026e-07 -9.20579e-08 -2.0081e-07 
-1.03388e-07 -7.04776e-08 -1.82941e-07 
-8.82123e-08 -5.13527e-08 -1.65563e-07 
-7.48838e-08 -3.41878e-08 -1.48956e-07 
-6.32859e-08 -1.88858e-08 -1.33016e-07 
-5.31443e-08 -5.0514e-09 -1.17542e-07 
-4.44414e-08 7.57354e-09 -1.02602e-07 
-3.68766e-08 1.91309e-08 -8.7948e-08 
-3.01464e-08 2.9719e-08 -7.3459e-08 
-2.41916e-08 3.92819e-08 -5.90798e-08 
-1.83195e-08 4.76741e-08 -4.51049e-08 
-2.53573e-08 5.66285e-08 -3.99182e-08 
-9.73323e-09 3.38679e-08 5.34316e-08 
0.00580552 0.00263896 0.00136716 
0.00271469 0.00149746 0.000700904 
0.00108011 0.000730901 0.000260319 
0.000308164 0.00028037 1.45693e-05 
7.93267e-06 4.67101e-05 -8.76279e-05 
-7.28296e-05 -4.2158e-05 -0.000101632 
-7.53899e-05 -5.4667e-05 -8.26246e-05 
-6.02005e-05 -4.40236e-05 -6.41569e-05 
-4.29311e-05 -3.13345e-05 -4.8698e-05 
-2.62333e-05 -1.77293e-05 -3.07653e-05 
-1.24395e-05 -5.20987e-06 -1.31628e-05 
-3.09386e-06 2.83612e-06 -9.82951e-07 
1.76426e-06 5.96883e-06 4.52796e-06 
3.24011e-06 5.83067e-06 5.35086e-06 
2.87798e-06 4.17895e-06 4.07667e-06 
1.91653e-06 2.30741e-06 2.42931e-06 
1.01336e-06 8.79604e-07 1.14265e-06 
3.8667e-07 3.34665e-08 3.49048e-07 
3.35924e-08 -3.53942e-07 -5.6684e-08 
-1.2325e-07 -4.59574e-07 -2.19206e-07 
-1.64979e-07 -4.23861e-07 -2.51314e-07 
-1.50594e-07 -3.34991e-07 -2.24186e-07 
-1.1593e-07 -2.39665e-07 -1.7736e-07 
-7.91841e-08 -1.58658e-07 -1.3005e-07 
-4.79567e-08 -9.76777e-08 -9.00066e-08 
-2.42842e-08 -5.5331e-08 -5.90093e-08 
-7.63345e-09 -2.78056e-08 -3.62845e-08 
3.36372e-09 -1.09647e-08 -2.02461e-08 
1.01463e-08 -1.37626e-09 -9.23911e-09 
1.39657e-08 3.48565e-09 -1.88665e-09 
1.57752e-08 5.4367e-09 2.88336e-09 
1.62898e-08 5.62327e-09 5.87361e-09 
1.59853e-08 4.83114e-09 7.62594e-09 
1.51998e-08 3.54308e-09 8.55814e-09 
1.41545e-08 2.03368e-09 8.95269e-09 
1.29735e-08 4.69001e-10 8.96403e-09 
1.17552e-08 -1.03953e-09 8.7462e-09 
1.05378e-08 -2.45723e-09 8.36458e-09 
9.35865e-09 -3.75748e-09 7.8675e-09 
8.21336e-09 -4.92903e-09 7.27073e-09 
7.1029e-09 -5.97577e-09 6.59211e-09 
6.05175e-09 -6.88293e-09 5.86263e-09 
5.02353e-09 -7.66631e-09 5.05311e-09 
4.03762e-09 -8.32075e-09 4.19975e-09 
3.08086e-09 -8.85017e-09 3.29555e-09 
2.15303e-09 -9.24909e-09 2.36198e-09 
1.26386e-09 -9.50771e-09 1.40437e-09 
4.22232e-10 -9.64623e-09 5.68583e-10 
7.27345e-10 -9.54263e-09 -2.28076e-10 
-5.04511e-09 -5.15685e-09 -5.11806e-09 
0.00129208 0.000838511 0.000247531 
0.000353333 0.000331401 3.8183e-05 
2.15709e-05 7.54285e-05 -4.90538e-05 
-6.53645e-05 -8.89246e-06 -5.81602e-05 
-7.30208e-05 -2.71462e-05 -5.12585e-05 
-5.5489e-05 -2.71857e-05 -4.19511e-05 
-3.09812e-05 -1.70709e-05 -2.53653e-05 
-1.09132e-05 -3.98171e-06 -7.93702e-06 
8.83522e-08 3.85266e-06 2.14352e-06 
3.50117e-06 5.48405e-06 4.54927e-06 
3.01184e-06 3.83116e-06 3.24083e-06 
1.5683e-06 1.60141e-06 1.42527e-06 
4.69084e-07 1.34026e-07 2.76884e-07 
-7.32853e-08 -4.5287e-07 -2.0098e-07 
-2.29617e-07 -5.11655e-07 -2.97595e-07 
-2.07939e-07 -3.68792e-07 -2.46059e-07 
-1.38952e-07 -2.05944e-07 -1.65679e-07 
-7.71678e-08 -8.86747e-08 -9.87134e-08 
-3.57377e-08 -2.19461e-08 -5.29156e-08 
-1.23976e-08 9.022e-09 -2.48357e-08 
-1.33596e-09 1.95001e-08 -9.09862e-09 
2.6475e-09 1.99947e-08 -1.15843e-09 
3.13373e-09 1.65645e-08 2.22365e-09 
2.24755e-09 1.22827e-08 3.17902e-09 
1.0671e-09 8.48706e-09 2.99832e-09 
4.94058e-11 5.58067e-09 2.39812e-09 
-6.70742e-10 3.53875e-09 1.73736e-09 
-1.10847e-09 2.19079e-09 1.16668e-09 
-1.32365e-09 1.34366e-09 7.2846e-10 
-1.38225e-09 8.37332e-10 4.1968e-10 
-1.34285e-09 5.52638e-10 2.15371e-10 
-1.24782e-09 4.05686e-10 9.02656e-11 
-1.12422e-09 3.41965e-10 2.21336e-11 
-9.9212e-10 3.26731e-10 -7.22913e-12 
-8.63337e-10 3.36349e-10 -1.37073e-11 
-7.40303e-10 3.59317e-10 -3.57053e-12 
-6.27614e-10 3.87758e-10 1.47258e-11 
-5.24944e-10 4.16243e-10 3.67903e-11 
-4.30978e-10 4.43259e-10 6.15939e-11 
-3.43464e-10 4.66544e-10 8.80076e-11 
-2.60753e-10 4.86114e-10 1.15876e-10 
-1.82882e-10 5.00456e-10 1.44138e-10 
-1.07879e-10 5.07613e-10 1.73462e-10 
-3.54378e-11 5.09249e-10 2.03147e-10 
3.42709e-11 5.03376e-10 2.3298e-10 
1.00576e-10 4.9044e-10 2.6084e-10 
1.62376e-10 4.70273e-10 2.86856e-10 
2.11956e-10 4.51285e-10 2.94835e-10 
2.27397e-10 3.92315e-10 3.49089e-10 
5.84123e-10 2.08784e-10 9.38258e-11 
0.000126178 0.000212679 9.6998e-06 
-5.78225e-05 3.72716e-05 -2.93215e-05 
-7.4415e-05 -1.73011e-05 -3.88751e-05 
-4.82185e-05 -2.23677e-05 -3.08e-05 
-1.93237e-05 -1.07551e-05 -1.36111e-05 
-2.5858e-06 4.98934e-07 -1.02804e-06 
2.35776e-06 4.00657e-06 2.59286e-06 
1.86028e-06 2.69419e-06 1.70495e-06 
5.64318e-07 6.65673e-07 4.20395e-07 
-9.70892e-08 -3.32015e-07 -1.33796e-07 
-2.23298e-07 -4.56719e-07 -2.06116e-07 
-1.51852e-07 -2.72418e-07 -1.38122e-07 
-7.0333e-08 -9.72777e-08 -7.44072e-08 
-2.29725e-08 -7.30512e-09 -3.56826e-08 
-2.48889e-09 2.15748e-08 -1.35105e-08 
3.81081e-09 2.30657e-08 -1.27015e-09 
4.39353e-09 1.66984e-08 4.63285e-09 
3.40467e-09 1.02828e-08 6.53227e-09 
2.33707e-09 5.74628e-09 6.2033e-09 
1.55189e-09 2.94598e-09 4.94839e-09 
1.06034e-09 1.3348e-09 3.55972e-09 
7.8374e-10 4.61864e-10 2.39789e-09 
6.37062e-10 2.53456e-11 1.55446e-09 
5.54681e-10 -1.66243e-10 9.94351e-10 
4.96976e-10 -2.30431e-10 6.43283e-10 
4.45084e-10 -2.34957e-10 4.29851e-10 
3.93281e-10 -2.15161e-10 3.00654e-10 
3.40732e-10 -1.88743e-10 2.19719e-10 
2.8958e-10 -1.63101e-10 1.65941e-10 
2.41539e-10 -1.40592e-10 1.27316e-10 
1.97977e-10 -1.21782e-10 9.76116e-11 
1.59819e-10 -1.05929e-10 7.3745e-11 
1.26963e-10 -9.26097e-11 5.38403e-11 
9.927e-11 -8.10235e-11 3.70442e-11 
7.64454e-11 -7.06669e-11 2.31522e-11 
5.76924e-11 -6.1291e-11 1.14745e-11 
4.23318e-11 -5.26951e-11 1.82028e-12 
3.00141e-11 -4.46183e-11 -5.84601e-12 
1.99611e-11 -3.70665e-11 -1.19529e-11 
1.17839e-11 -2.99741e-11 -1.66079e-11 
4.93966e-12 -2.33509e-11 -2.01154e-11 
-7.72382e-13 -1.71323e-11 -2.25536e-11 
-5.57145e-12 -1.12622e-11 -2.39984e-11 
-9.69664e-12 -5.79461e-12 -2.47303e-11 
-1.31995e-11 -6.64772e-13 -2.47168e-11 
-1.61075e-11 4.05352e-12 -2.40433e-11 
-1.85378e-11 8.30161e-12 -2.28243e-11 
-1.94426e-11 1.13615e-11 -2.05609e-11 
-2.40034e-11 1.62215e-11 -1.99211e-11 
-8.55962e-12 1.1556e-11 3.31105e-11 
-9.07793e-05 -4.35503e-06 -3.49107e-05 
-5.30484e-05 -2.49921e-05 -2.46142e-05 
-1.60091e-05 -9.45814e-06 -8.68567e-06 
-6.54627e-07 1.45032e-06 1.97377e-07 
1.82564e-06 2.89502e-06 1.44943e-06 
8.88378e-07 1.11755e-06 5.73997e-07 
2.37685e-07 -7.75621e-08 9.9283e-08 
7.63551e-08 -2.5159e-07 2.34323e-08 
4.51877e-08 -1.02485e-07 1.86419e-08 
1.65114e-08 -3.4715e-09 8.60318e-10 
-1.95712e-09 1.63942e-08 -8.54938e-09 
-4.53529e-09 1.01988e-08 -4.5946e-09 
-2.43952e-10 4.72507e-09 2.52879e-09 
3.42784e-09 2.98197e-09 6.18164e-09 
4.4343e-09 2.36571e-09 5.99331e-09 
3.67954e-09 1.59499e-09 4.06983e-09 
2.41878e-09 7.23686e-10 2.10235e-09 
1.32929e-09 4.39034e-11 7.49698e-10 
5.95884e-10 -3.3147e-10 2.83838e-11 
1.76574e-10 -4.50452e-10 -2.63487e-10 
-2.98644e-11 -4.1836e-10 -3.26053e-10 
-1.13451e-10 -3.25505e-10 -2.91806e-10 
-1.34273e-10 -2.25938e-10 -2.30277e-10 
-1.26901e-10 -1.43104e-10 -1.71352e-10 
-1.09168e-10 -8.26428e-11 -1.24391e-10 
-8.95294e-11 -4.21045e-11 -8.9946e-11 
-7.15187e-11 -1.66703e-11 -6.56052e-11 
-5.62347e-11 -1.64789e-12 -4.85208e-11 
-4.37314e-11 6.66408e-12 -3.63909e-11 
-3.36891e-11 1.08531e-11 -2.75764e-11 
-2.57119e-11 1.25857e-11 -2.10135e-11 
-1.94214e-11 1.2905e-11 -1.60209e-11 
-1.44883e-11 1.24289e-11 -1.2151e-11 
-1.06305e-11 1.15373e-11 -9.11347e-12 
-7.65658e-12 1.04289e-11 -6.73102e-12 
-5.37065e-12 9.22249e-12 -4.85411e-12 
-3.62643e-12 8.01186e-12 -3.37972e-12 
-2.32075e-12 6.82136e-12 -2.24485e-12 
-1.36571e-12 5.67187e-12 -1.39093e-12 
-6.77015e-13 4.59321e-12 -7.65364e-13 
-2.03404e-13 3.5895e-12 -3.35894e-13 
1.09233e-13 2.67189e-12 -6.44856e-14 
2.85179e-13 1.8445e-12 6.00311e-14 
3.58992e-13 1.10853e-12 7.4144e-14 
3.58907e-13 4.73754e-13 -6.31384e-15 
2.99628e-13 -5.98308e-14 -1.58062e-13 
2.0478e-13 -4.79138e-13 -3.70455e-13 
5.92286e-14 -8.34652e-13 -5.18193e-13 
3.38426e-13 -7.20599e-13 -1.26998e-12 
-5.43512e-12 -8.36089e-13 -5.15847e-12 
