1.20494 
1.20494 
1.20494 
1.20494 
1.20494 
1.20494 
1.20494 
1.20494 
1.20498 
1.21174 
1.70841 
4.82698 
12.0121 
11.2316 
11.059 
10.2588 
7.94582 
4.32702 
2.97521 
2.37719 
2.04023 
1.81811 
1.65682 
1.53219 
1.43175 
1.34831 
1.27736 
1.21592 
1.16194 
1.11396 
1.07089 
1.03195 
0.996532 
0.964181 
0.934541 
0.907327 
0.882312 
0.859304 
0.838134 
0.818661 
0.800753 
0.784293 
0.769173 
0.755295 
0.74257 
0.73091 
0.720233 
0.710469 
0.701549 
0.693413 
0.686007 
0.679272 
0.673159 
0.667615 
0.662579 
0.657972 
0.653748 
0.649909 
0.64649 
0.643683 
0.641589 
0.639694 
0.63666 
0.630229 
0.613926 
0.586563 
0.581657 
0.544753 
0.552578 
0.534134 
0.57996 
0.653444 
0.738733 
0.829636 
0.923926 
1.02114 
1.12244 
1.23105 
1.35221 
1.49161 
1.65176 
1.82492 
1.9855 
2.0948 
2.11925 
2.11123 
2.12558 
2.12913 
2.14298 
2.15978 
2.17647 
2.1907 
2.20166 
2.20845 
2.21024 
2.20628 
2.19584 
2.17826 
2.15298 
2.11958 
2.07788 
2.02797 
1.97027 
1.90564 
1.83536 
1.76112 
1.68504 
1.60945 
1.5368 
1.46937 
1.40907 
1.35722 
1.31445 
1.28065 
1.25514 
1.23677 
1.22418 
1.21599 
1.21094 
1.20802 
1.20642 
1.20561 
1.20522 
1.20505 
1.20498 
1.20496 
1.20495 
1.20495 
1.20494 
1.20494 
1.20494 
1.20494 
1.20494 
1.20494 
1.20494 
1.20494 
1.20494 
1.20494 
1.20494 
1.20494 
1.20494 
1.20494 
1.20494 
1.20494 
1.20494 
1.20494 
1.20494 
1.20494 
1.20494 
1.20494 
1.20494 
1.20494 
1.20494 
1.20494 
1.20494 
1.20494 
1.20494 
1.20494 
1.20494 
1.20494 
1.20494 
1.20494 
1.20494 
1.20494 
1.20494 
1.20494 
1.20494 
1.20494 
1.20494 
1.20494 
10.058 
1.20494 
1.20494 
1.20494 
1.20494 
1.20494 
1.20494 
1.20495 
1.20542 
1.28087 
2.95272 
1.20494 
6.82352 
1.20494 
11.0565 
10.8426 
9.32881 
4.90223 
3.49393 
2.62675 
2.18873 
1.91926 
1.73177 
1.59087 
1.47948 
1.38823 
1.31149 
1.24559 
1.1881 
1.13728 
1.09187 
1.05095 
1.01383 
0.979998 
0.949042 
0.920646 
0.894557 
0.870568 
0.848498 
0.828194 
0.809519 
0.792348 
0.776572 
0.762083 
0.748794 
0.736611 
0.725452 
0.715242 
0.705907 
0.697387 
0.689623 
0.682559 
0.676141 
0.670319 
0.665037 
0.660225 
0.65582 
0.651784 
0.648134 
0.644987 
0.64255 
0.64067 
0.638414 
0.634094 
0.624244 
0.674431 
0.695131 
0.542313 
0.550427 
0.535435 
0.551651 
0.614753 
0.717184 
0.78368 
0.876421 
0.972137 
1.07113 
1.17554 
1.28969 
1.41933 
1.56925 
1.73786 
1.90911 
2.04887 
2.17685 
2.18394 
2.12775 
2.11367 
2.13372 
2.15101 
2.16835 
2.1839 
2.19665 
2.20563 
2.21002 
2.20903 
2.20191 
2.18798 
2.16661 
2.13731 
2.09978 
2.05393 
2.00005 
1.93875 
1.87111 
1.79861 
1.72317 
1.64703 
1.57261 
1.50231 
1.43823 
1.38204 
1.33469 
1.29646 
1.26692 
1.24514 
1.22984 
1.21961 
1.21314 
1.20927 
1.20709 
1.20594 
1.20538 
1.20512 
1.20501 
1.20497 
1.20495 
1.20495 
1.20495 
1.20494 
1.20494 
1.20494 
1.20494 
1.20494 
1.20494 
1.20494 
1.20494 
1.20494 
1.20494 
1.20494 
1.20494 
1.20494 
1.20494 
1.20494 
1.20494 
1.20494 
1.20494 
1.20494 
1.20494 
1.20494 
1.20494 
1.20494 
1.20494 
1.20494 
1.20494 
1.20494 
1.20494 
1.20494 
1.20494 
1.20494 
1.20494 
1.20494 
1.20494 
1.20494 
1.20494 
1.20494 
1.20494 
1.20494 
1.20494 
1.20494 
1.20494 
1.20494 
1.20494 
1.20494 
1.20494 
1.20494 
1.20494 
1.20494 
1.20495 
1.20507 
1.22804 
2.20117 
5.74868 
9.59936 
8.56317 
5.84303 
3.77227 
2.69545 
2.19333 
1.8991 
1.70066 
1.55457 
1.44072 
1.34842 
1.27139 
1.20567 
1.1486 
1.09835 
1.0536 
1.01338 
0.976973 
0.943833 
0.913542 
0.885775 
0.860271 
0.836821 
0.815243 
0.795384 
0.77711 
0.760297 
0.744837 
0.730628 
0.717579 
0.705606 
0.694626 
0.684565 
0.675355 
0.666933 
0.659246 
0.65224 
0.645863 
0.640069 
0.634808 
0.630023 
0.62565 
0.621641 
0.618019 
0.614832 
0.612253 
0.610249 
0.608303 
0.605253 
0.599109 
0.597176 
0.542066 
0.7615 
0.853331 
0.948335 
1.04639 
1.14909 
1.26023 
1.38537 
1.52987 
1.69447 
1.86774 
2.0198 
2.16085 
2.14457 
2.19019 
2.2001 
2.20567 
2.20609 
2.20063 
2.1886 
2.16936 
2.14241 
2.10739 
2.06417 
2.01294 
1.95419 
1.88887 
1.8183 
1.74426 
1.66883 
1.59435 
1.52317 
1.45749 
1.39907 
1.34912 
1.30813 
1.27592 
1.25175 
1.23444 
1.22265 
1.21504 
1.21039 
1.20771 
1.20626 
1.20553 
1.20518 
1.20504 
1.20498 
1.20495 
1.20495 
1.20495 
1.20494 
1.20494 
1.20494 
1.20494 
1.20494 
1.20494 
1.20494 
1.20494 
1.20494 
1.20494 
1.20494 
1.20494 
1.20494 
1.20494 
1.20494 
1.20494 
1.20494 
1.20494 
1.20494 
1.20494 
1.20494 
1.20494 
1.20494 
1.20494 
1.20494 
1.20494 
1.20494 
1.20494 
1.20494 
1.20494 
1.20494 
1.20494 
1.20494 
1.20494 
1.20494 
1.20494 
1.20494 
1.20494 
1.20494 
1.20495 
1.20673 
1.41191 
3.83404 
9.23804 
7.55971 
3.11535 
2.40577 
2.02983 
1.79144 
1.62264 
1.49443 
1.39234 
1.30828 
1.23731 
1.17618 
1.12271 
1.07536 
1.03298 
0.994738 
0.960023 
0.928353 
0.899361 
0.872755 
0.848301 
0.825808 
0.805107 
0.786057 
0.768528 
0.752405 
0.737582 
0.723964 
0.711464 
0.699997 
0.689484 
0.679857 
0.671049 
0.663001 
0.655661 
0.648976 
0.642896 
0.637375 
0.632362 
0.627783 
0.623599 
0.619784 
0.616356 
0.613449 
0.611189 
0.609313 
0.60699 
0.602705 
0.59298 
0.90048 
0.996926 
1.09698 
1.20328 
1.32067 
1.45497 
1.61 
1.78146 
1.94892 
2.07521 
2.20348 
2.20657 
2.20414 
2.19548 
2.17992 
2.15688 
2.12592 
2.0868 
2.03953 
1.98445 
1.92228 
1.85414 
1.78159 
1.70657 
1.63132 
1.55821 
1.48952 
1.42728 
1.37299 
1.3275 
1.29097 
1.2629 
1.24232 
1.22794 
1.21841 
1.21241 
1.20885 
1.20687 
1.20583 
1.20532 
1.20509 
1.205 
1.20496 
1.20495 
1.20495 
1.20494 
1.20494 
1.20494 
1.20494 
1.20494 
1.20494 
1.20494 
1.20494 
1.20494 
1.20494 
1.20494 
1.20494 
1.20494 
1.20494 
1.20494 
1.20494 
1.20494 
1.20494 
1.20494 
1.20494 
1.20494 
1.20494 
1.20494 
1.20494 
1.20494 
1.20494 
1.20494 
1.20494 
1.20494 
1.20494 
1.20494 
9.7433 
9.69581 
0.565001 
0.633935 
0.806956 
2.15233 
2.16912 
2.19563 
1.20494 
1.20494 
1.20494 
1.20494 
7.66563 
1.20494 
1.20494 
1.20494 
1.20494 
1.20495 
1.20506 
1.22637 
2.16104 
5.80835 
1.20494 
7.99024 
1.20494 
1.20494 
7.67606 
6.91595 
0.566317 
6.71898 
4.79416 
3.06919 
3.62785 
3.32241 
2.36412 
1.97277 
1.72668 
1.55519 
1.42677 
1.32566 
1.24314 
1.17393 
1.11466 
1.06305 
1.0175 
0.976872 
0.940309 
0.907185 
0.877017 
0.849435 
0.824146 
0.800915 
0.779549 
0.759884 
0.741779 
0.725108 
0.709761 
0.695632 
0.682634 
0.67068 
0.659691 
0.649594 
0.640323 
0.631814 
0.624015 
0.616877 
0.610348 
0.604388 
0.598954 
0.593999 
0.58946 
0.585313 
0.581518 
0.578102 
0.575173 
0.572821 
0.57083 
0.568556 
0.564931 
0.557032 
0.544806 
0.901367 
0.675279 
0.762365 
0.634741 
0.655218 
0.546005 
0.553453 
0.718054 
0.740564 
2.14001 
0.997862 
1.09797 
1.20433 
1.32176 
1.45607 
1.61108 
1.78253 
1.9503 
2.07714 
2.10076 
2.18889 
2.16328 
2.17598 
2.15599 
2.14986 
2.13212 
2.12671 
2.16995 
2.15656 
2.16268 
1.20494 
2.19198 
2.18974 
2.18154 
2.16677 
2.14492 
2.11558 
2.07853 
2.03379 
1.98165 
1.92272 
1.85799 
1.7888 
1.71685 
1.64411 
1.57272 
1.50484 
1.44242 
1.38706 
1.33983 
1.30116 
1.27086 
1.24817 
1.23201 
1.22106 
1.21404 
1.20979 
1.20737 
1.20608 
1.20544 
1.20514 
1.20502 
1.20497 
1.20495 
1.20495 
1.20495 
1.20494 
1.20494 
1.20494 
1.20494 
1.20494 
1.20494 
1.20494 
1.20494 
1.20494 
1.20494 
1.20494 
1.20494 
1.20494 
1.20494 
1.20494 
1.20494 
1.20494 
1.20494 
1.20494 
1.20494 
1.20494 
1.20494 
1.20494 
1.20494 
1.20494 
1.20494 
1.20494 
1.20494 
1.20494 
1.20494 
1.20494 
1.20494 
1.20494 
1.20494 
1.20494 
1.20494 
1.20494 
1.20494 
1.20494 
1.20494 
1.20494 
1.20494 
1.20494 
1.20494 
1.20494 
1.20494 
1.20494 
1.20494 
1.20494 
1.20494 
1.20494 
1.20494 
1.20494 
1.20494 
4.26673 
3.86821 
0.854205 
0.878177 
2.18557 
2.17659 
1.20494 
1.20494 
1.20494 
7.02066 
5.55828 
5.88418 
1.20494 
1.20494 
1.20494 
1.20494 
1.20495 
1.20659 
1.39993 
3.78809 
6.843 
7.3533 
4.64319 
0.581686 
0.59807 
6.27558 
1.20494 
2.66067 
2.14307 
1.83735 
1.63412 
1.48681 
1.37346 
1.28246 
1.20711 
1.14321 
1.08801 
1.0396 
0.996633 
0.958125 
0.923351 
0.891758 
0.862924 
0.836519 
0.812285 
0.79001 
0.769513 
0.750644 
0.733272 
0.717275 
0.70255 
0.688996 
0.676531 
0.665069 
0.654535 
0.644859 
0.635977 
0.627829 
0.620367 
0.613539 
0.607301 
0.601608 
0.596419 
0.591682 
0.587345 
0.58337 
0.579759 
0.576566 
0.573927 
0.571817 
0.569786 
0.567026 
0.56187 
0.53507 
2.84842 
0.616109 
0.807823 
1.26999 
0.949249 
1.04736 
1.15011 
1.26129 
1.38646 
1.53095 
1.69551 
1.8689 
2.02147 
2.14789 
2.12602 
1.20494 
1.20536 
1.20495 
2.14222 
2.18122 
2.18111 
2.19157 
1.20494 
2.19106 
2.18006 
2.18642 
2.17501 
2.15676 
2.1312 
2.09802 
2.05711 
2.00861 
1.95298 
1.891 
1.82385 
1.75305 
1.68045 
1.60811 
1.53821 
1.47283 
1.41378 
1.36239 
1.31943 
1.285 
1.25862 
1.23936 
1.22597 
1.21714 
1.21164 
1.2084 
1.20662 
1.2057 
1.20526 
1.20507 
1.20499 
1.20496 
1.20495 
1.20495 
1.20494 
1.20494 
1.20494 
1.20494 
1.20494 
1.20494 
1.20494 
1.20494 
1.20494 
1.20494 
1.20494 
1.20494 
1.20494 
1.20494 
1.20494 
1.20494 
1.20494 
1.20494 
1.20494 
3.94234 
1.20494 
1.20494 
1.20494 
1.20494 
1.20494 
2.8534 
1.20494 
6.78558 
1.20494 
0.696962 
1.20494 
1.20494 
1.20494 
1.20494 
1.20494 
1.20494 
1.20494 
1.20494 
1.20494 
1.20494 
1.20494 
1.20494 
1.20494 
1.20494 
1.20494 
1.20494 
3.98385 
1.20497 
7.65531 
1.20494 
1.20494 
1.20494 
1.20494 
1.20494 
1.20494 
1.20494 
1.20494 
1.20494 
1.20494 
1.20494 
1.20494 
1.20494 
1.20494 
1.20494 
1.20494 
1.20494 
1.20494 
1.20494 
1.20495 
1.20495 
1.20496 
1.20499 
1.20506 
1.20526 
1.20569 
1.20661 
1.20839 
1.21162 
1.21713 
1.22594 
1.23929 
1.25844 
1.28457 
1.31855 
1.3608 
1.41113 
1.46879 
1.53246 
1.60043 
1.67074 
1.74138 
1.81042 
1.87613 
1.93706 
1.99209 
2.04041 
2.16815 
2.05332 
1.91108 
1.73916 
1.57078 
1.42108 
1.29154 
0.550143 
0.555026 
0.557806 
0.559903 
0.562036 
0.564601 
0.567706 
0.571256 
0.575182 
0.579457 
0.584127 
0.589226 
0.594804 
0.600905 
0.607569 
0.614838 
0.62276 
0.631385 
0.640765 
0.650965 
0.66205 
0.674094 
0.687176 
0.701383 
0.716805 
0.733547 
0.751725 
0.771469 
0.792922 
0.816258 
0.841681 
0.86944 
0.899853 
0.933314 
0.970348 
1.01164 
1.05811 
1.11105 
1.1722 
1.24415 
1.33076 
1.43818 
1.57684 
4.79044 
1.65472 
1.21069 
1.20494 
1.20494 
1.20494 
1.20494 
1.20494 
1.20494 
1.20494 
1.20494 
1.20494 
1.20494 
1.20494 
1.20494 
1.20494 
1.20494 
1.20494 
1.20494 
1.20494 
1.20494 
1.20494 
1.20494 
1.20494 
1.20494 
1.20494 
1.20494 
1.20494 
1.20494 
1.20494 
1.20495 
1.20495 
1.20495 
1.20497 
1.20502 
1.20514 
1.20543 
1.20607 
1.20736 
1.20978 
1.21403 
1.22105 
1.23197 
1.24806 
1.27057 
1.30054 
1.33864 
1.38499 
1.43912 
1.49997 
1.56602 
1.63542 
1.70614 
1.77621 
1.84379 
1.90727 
1.96537 
2.01713 
2.0619 
2.09936 
2.12942 
2.15224 
2.16815 
2.17759 
1.98841 
1.82638 
1.65318 
1.49327 
1.35402 
1.23294 
1.12436 
1.02302 
0.785449 
0.552891 
0.556564 
0.558853 
0.560921 
0.563239 
0.566078 
0.569429 
0.573172 
0.577267 
0.581742 
0.586619 
0.591952 
0.597787 
0.604164 
0.611125 
0.618715 
0.626982 
0.635977 
0.645758 
0.656392 
0.667947 
0.680499 
0.694134 
0.708934 
0.725004 
0.742449 
0.761392 
0.781972 
0.804343 
0.828694 
0.855253 
0.884294 
0.916173 
0.951346 
0.990411 
1.20494 
1.03416 
1.08368 
1.14046 
1.20662 
1.28531 
1.38136 
1.50269 
1.66334 
1.89054 
1.20494 
1.20494 
2.17929 
0.925714 
1.76603 
2.04525 
2.50311 
2.24295 
1.17745 
1.07304 
0.831383 
0.973972 
2.13451 
2.08155 
2.11531 
2.14172 
2.17283 
2.16103 
2.18083 
2.17364 
1.20494 
1.20494 
1.20494 
1.20494 
1.20494 
1.20494 
1.20494 
1.20494 
1.20494 
1.20494 
2.87523 
2.15145 
1.20494 
1.20494 
1.02311 
1.20494 
1.20494 
2.11781 
1.20495 
1.20494 
1.20985 
0.616926 
1.60714 
1.20494 
3.60761 
0.543283 
5.73417 
1.20494 
0.582033 
0.599907 
2.28691 
0.975053 
1.17871 
2.54806 
2.44327 
1.20494 
1.20494 
1.91751 
1.67576 
1.50572 
1.3786 
1.27899 
1.19812 
1.13062 
1.07305 
1.04724 
1.06146 
1.03628 
1.20494 
0.979184 
0.940105 
0.905032 
0.873326 
0.844508 
0.818198 
0.794108 
0.772 
0.751675 
0.732971 
0.715746 
0.699871 
0.685241 
0.671749 
0.659311 
0.647841 
0.637263 
0.627512 
0.618518 
0.610226 
0.602586 
0.59555 
0.589076 
0.583122 
0.577652 
0.572623 
0.567992 
0.56373 
0.559821 
0.556306 
0.553292 
0.550765 
0.548463 
0.546145 
0.544869 
0.54353 
0.540343 
1.78503 
1.74532 
5.10309 
4.37949 
4.14311 
3.458 
0.552404 
0.565617 
0.741452 
1.26136 
1.3543 
2.06495 
2.1358 
2.10882 
2.09693 
0.832327 
1.07421 
1.12558 
1.1525 
1.29288 
1.42249 
1.57222 
1.74055 
1.91253 
0.926742 
0.951355 
2.10519 
1.20494 
2.1067 
2.09546 
2.15343 
1.20494 
2.147 
1.20494 
1.20494 
2.15048 
2.13244 
2.15303 
2.13645 
2.14213 
2.12336 
2.14513 
2.11858 
2.09502 
2.08081 
2.06182 
2.14068 
2.12625 
2.0283 
1.98522 
1.93604 
1.88133 
1.82189 
1.75875 
1.69321 
1.62678 
1.56112 
1.49802 
1.43921 
1.38627 
1.34038 
1.30224 
1.27193 
1.249 
1.23253 
1.22133 
1.21414 
1.20979 
1.20734 
1.20605 
1.20541 
1.20513 
1.20501 
1.20497 
1.20495 
1.20495 
1.20494 
1.20494 
1.20494 
1.20494 
1.20494 
1.20494 
1.20494 
1.20494 
1.20494 
1.20494 
1.20494 
1.20494 
1.20494 
1.20494 
1.20494 
1.20494 
1.20494 
1.20494 
1.20494 
1.20494 
1.2053 
1.20618 
3.43338 
1.20494 
5.70871 
5.22385 
4.89617 
1.20494 
1.20494 
1.20494 
1.20494 
1.20494 
1.20494 
1.20494 
1.20494 
1.20494 
1.20494 
1.20494 
1.20494 
1.20494 
1.20494 
1.20494 
1.20494 
1.20494 
1.20494 
1.20494 
1.20494 
1.20494 
1.20494 
3.17378 
1.20494 
1.20495 
1.20494 
1.20494 
5.52019 
4.62911 
5.0545 
1.20494 
1.20494 
0.879164 
0.903373 
1.20494 
1.20494 
1.20494 
0.697839 
0.720014 
1.20494 
1.20494 
2.14877 
2.13018 
2.1333 
1.20494 
1.20494 
1.20494 
0.656094 
0.677244 
1.20494 
1.20494 
3.25383 
3.07033 
1.20494 
1.20494 
1.20494 
1.20497 
1.20503 
0.542553 
0.541142 
0.546443 
2.08436 
2.05574 
2.08515 
1.01272 
1.00048 
0.541769 
2.10606 
2.12426 
0.856132 
2.90967 
1.20494 
1.20494 
1.20495 
1.26171 
1.23661 
2.73387 
1.358 
1.32601 
1.86923 
2.08119 
0.636948 
1.58401 
1.43797 
1.30722 
1.22061 
1.16294 
1.10076 
0.990614 
0.959097 
0.922112 
0.88879 
0.858579 
0.831057 
0.805893 
0.782821 
0.761626 
0.742129 
0.724182 
0.707647 
0.692409 
0.678358 
0.665405 
0.653461 
0.642446 
0.632289 
0.622923 
0.614287 
0.606327 
0.598996 
0.592245 
0.586035 
0.580329 
0.575086 
0.570258 
0.56582 
0.561738 
0.558022 
0.554745 
0.55198 
0.549616 
0.547323 
0.544778 
1.48021 
2.72356 
1.64221 
1.22071 
2.0463 
2.04744 
2.02926 
2.12856 
2.71844 
0.786359 
1.02415 
1.10031 
1.32422 
1.3554 
1.23423 
1.38895 
1.20674 
1.4947 
1.65459 
1.82776 
1.00007 
1.20494 
1.20494 
1.20494 
1.99012 
2.1356 
2.1217 
2.70519 
2.60017 
1.20494 
1.20494 
2.13543 
1.20494 
2.15261 
1.99709 
1.20494 
2.12796 
2.10761 
2.07581 
2.01071 
2.00755 
1.99067 
1.96136 
1.90933 
1.85214 
1.79071 
1.7262 
1.66001 
1.59374 
1.52914 
1.46797 
1.41192 
1.36239 
1.32032 
1.28612 
1.2596 
1.24003 
1.22635 
1.21731 
1.21167 
1.20838 
1.20658 
1.20567 
1.20524 
1.20506 
1.20498 
1.20496 
1.20495 
1.20495 
1.20494 
1.20494 
1.20494 
1.20494 
1.20494 
1.20494 
1.20494 
1.20494 
1.20494 
1.20494 
1.20494 
1.20494 
1.20494 
1.20494 
1.20494 
1.20494 
1.20494 
1.20494 
3.38703 
3.56777 
1.20494 
1.95324 
0.809698 
1.20494 
1.20494 
1.20494 
1.20494 
1.20494 
2.13634 
1.20494 
1.20494 
1.20494 
1.20494 
1.20494 
1.20494 
1.20494 
0.764241 
1.20494 
1.20494 
1.20494 
1.20494 
1.20494 
1.20494 
1.20494 
1.20494 
1.20494 
1.20494 
1.20494 
1.20494 
1.20494 
1.20494 
1.20494 
1.20494 
1.20494 
1.20494 
1.20494 
1.20494 
1.20494 
1.20494 
1.20495 
1.20495 
1.20496 
1.20498 
1.20506 
1.20525 
1.20569 
1.20664 
1.20852 
1.21195 
1.21783 
1.22724 
1.24142 
1.26161 
1.2888 
1.3236 
1.36604 
1.41557 
1.47108 
1.53111 
0.545927 
0.548173 
0.550652 
0.553414 
0.556659 
0.560376 
1.20494 
1.20494 
1.20494 
0.564472 
0.737935 
0.568921 
0.573749 
0.578982 
0.584659 
0.590823 
0.597508 
0.604754 
0.612607 
0.621115 
0.630329 
0.640307 
0.757008 
0.651117 
0.66283 
0.675522 
0.689281 
0.704196 
0.720376 
1.20494 
1.20494 
1.20494 
1.20494 
1.20494 
1.20494 
1.20494 
1.20494 
1.20494 
1.20494 
1.20494 
1.20494 
1.20494 
1.20494 
1.20494 
1.20494 
1.20494 
1.20494 
1.20495 
1.20495 
1.20497 
1.20501 
1.20513 
1.20543 
1.20608 
1.20743 
1.20999 
1.21452 
1.22201 
1.23365 
1.25069 
1.27428 
1.30523 
1.34389 
1.38998 
2.11676 
1.44266 
1.50064 
1.5623 
0.969807 
1.62594 
1.68992 
1.75272 
1.81303 
1.86976 
1.92204 
1.96918 
2.20838 
2.09926 
1.20494 
1.78464 
1.61336 
1.45853 
0.547009 
0.549394 
0.551979 
0.554972 
0.55847 
0.562381 
0.566653 
0.571286 
0.576312 
0.581761 
0.587677 
0.594096 
0.601058 
0.608602 
0.616776 
0.625629 
0.635218 
0.645605 
0.656858 
0.669048 
0.682263 
0.696587 
0.712122 
0.728976 
0.747272 
0.767156 
0.788785 
0.812351 
0.838089 
0.866285 
0.77774 
0.851859 
0.881414 
0.800311 
1.18323 
0.914008 
0.824931 
1.41518 
2.0206 
1.55502 
1.08847 
1.14903 
1.11756 
0.950172 
0.931605 
0.8973 
1.59398 
3.50803 
1.65799 
1.72156 
1.87117 
1.04964 
1.26373 
1.69767 
1.53336 
2.02564 
1.20494 
1.78326 
1.8419 
2.13501 
2.08829 
2.10874 
1.89651 
1.94629 
3.3733 
1.20494 
1.20494 
1.20494 
1.20494 
1.632 
0.908015 
1.20494 
1.20494 
1.6004 
2.11142 
0.570091 
2.48503 
2.0596 
1.20494 
1.69163 
1.20494 
1.20494 
1.20494 
0.96209 
1.20494 
0.925075 
0.925081 
2.06861 
2.04718 
1.69924 
1.24337 
1.20494 
0.637929 
1.20494 
1.10493 
1.20494 
2.09524 
1.33508 
2.77398 
1.13525 
1.13219 
1.16814 
1.16451 
1.00365 
1.66201 
1.69504 
1.66664 
0.547435 
0.550266 
0.94307 
0.942841 
0.834423 
0.809484 
0.786658 
0.876419 
1.45028 
0.847769 
0.848783 
1.20402 
1.19973 
0.821675 
0.823032 
0.861753 
0.862585 
0.797823 
0.799499 
0.658893 
0.574768 
0.755892 
1.20494 
1.20494 
0.737435 
0.72044 
0.704779 
0.690334 
0.677002 
0.664695 
0.668174 
0.765718 
0.767828 
0.647958 
0.637847 
0.628492 
0.619834 
0.61182 
0.604401 
0.597529 
0.591167 
0.585278 
0.579824 
0.577247 
0.58393 
0.581346 
0.746471 
0.748847 
0.572388 
0.576461 
0.56577 
0.561837 
0.55838 
0.555411 
0.552664 
0.549294 
1.80469 
0.566836 
2.13007 
1.32753 
1.69413 
1.67485 
2.09246 
1.20494 
1.20494 
1.2652 
1.10164 
1.20817 
1.23699 
1.39053 
2.02709 
2.05884 
1.53502 
1.61502 
1.65738 
1.0509 
1.07676 
1.00127 
1.02658 
2.06016 
0.600964 
0.620002 
0.720849 
1.02644 
1.02506 
2.07073 
1.20494 
1.20494 
2.11668 
1.20495 
2.09551 
2.07351 
2.0981 
1.90043 
1.20494 
2.07637 
2.05462 
2.2867 
2.23015 
2.08763 
2.01098 
1.97907 
3.17753 
1.94216 
1.92189 
1.92953 
1.9108 
2.09745 
2.07563 
1.85408 
1.87255 
1.77673 
1.7207 
1.72275 
3.2235 
3.95043 
0.982246 
1.0026 
0.981487 
0.550223 
0.554372 
1.57144 
1.51148 
2.08292 
2.06095 
1.45387 
1.40043 
1.35281 
1.31224 
1.27934 
1.25405 
1.23569 
1.22313 
1.21506 
1.21022 
1.2075 
1.2061 
1.20542 
1.20512 
1.20501 
1.20496 
1.20495 
1.20495 
1.20494 
1.20494 
1.20494 
1.20494 
1.20494 
1.20494 
1.20494 
1.20494 
1.20494 
1.20494 
1.20494 
1.20494 
1.20494 
1.20494 
1.20494 
1.20494 
1.20494 
1.2175 
1.24189 
2.02504 
2.00624 
2.09685 
2.07599 
1.2868 
1.32797 
1.28081 
1.9546 
1.915 
1.99347 
1.20494 
1.38917 
1.38068 
1.80348 
1.80081 
1.20494 
1.20494 
1.20494 
1.20494 
1.20494 
1.20494 
3.02105 
2.6063 
3.01054 
1.20494 
1.78618 
1.83033 
1.20494 
1.20494 
1.20494 
1.20494 
1.20494 
1.20494 
1.20494 
1.20494 
2.0983 
2.07686 
2.07675 
1.20494 
1.20494 
0.904446 
1.20494 
1.20494 
1.20494 
1.20495 
1.20494 
1.20494 
1.20494 
1.20494 
1.20494 
1.20494 
1.20494 
1.20494 
1.20594 
1.20823 
0.85713 
0.881189 
0.678118 
0.699767 
1.20494 
1.20494 
1.20494 
2.03783 
2.01818 
1.20494 
1.20494 
1.99565 
1.99317 
1.97896 
3.02936 
3.07675 
2.91473 
1.20494 
1.20494 
2.18073 
0.9525 
0.928928 
0.977363 
0.810623 
0.834221 
1.15387 
1.1814 
1.32575 
1.35831 
2.06513 
2.05099 
1.48227 
1.51957 
1.49048 
0.548446 
0.553531 
0.552652 
1.52001 
1.58503 
1.50756 
2.03114 
2.07464 
1.05078 
1.04905 
2.00242 
2.03202 
1.99479 
2.03536 
0.680327 
0.670726 
1.12821 
2.05095 
0.707729 
0.697411 
0.578858 
1.2383 
1.743 
0.758137 
0.835613 
1.20494 
1.44006 
1.93657 
0.87706 
1.07687 
1.07475 
0.811003 
1.20494 
1.10237 
2.67638 
2.5148 
0.891821 
0.775964 
0.658077 
0.739934 
0.728763 
0.731382 
0.712449 
0.700461 
0.683535 
0.674131 
0.653319 
0.642804 
0.633078 
0.62408 
0.61575 
0.608039 
0.600897 
0.594286 
0.588165 
0.582499 
0.567892 
0.563763 
0.560047 
0.556833 
0.554046 
1.90458 
0.662446 
2.57576 
2.02594 
0.573731 
0.565946 
0.588631 
3.12215 
2.38323 
2.05295 
1.78009 
1.20494 
1.20494 
0.908246 
1.20494 
1.20494 
0.55134 
1.29569 
1.20494 
1.20494 
1.20494 
1.57503 
1.46016 
1.42549 
1.20494 
2.08339 
2.06407 
1.84783 
1.20494 
2.05243 
1.20494 
0.961607 
1.20494 
1.20494 
1.87642 
2.08828 
1.20494 
2.04934 
2.06797 
2.09147 
2.03864 
1.96123 
1.848 
1.82929 
1.87781 
1.89096 
1.7491 
3.56358 
4.23036 
1.57871 
1.54128 
1.60175 
1.54906 
1.63769 
2.0662 
1.46203 
1.42652 
1.43446 
1.3758 
1.33159 
1.29482 
1.26578 
1.24407 
1.22877 
1.21862 
1.21231 
1.20865 
1.20668 
1.20569 
1.20524 
1.20505 
1.20498 
1.20495 
1.20495 
1.20495 
1.20494 
1.20494 
1.20494 
1.20494 
1.20494 
1.20494 
1.20494 
1.20494 
1.20494 
1.20494 
1.20494 
1.20494 
1.20494 
1.20494 
1.20494 
1.20494 
0.574162 
1.20502 
0.765103 
1.20494 
1.20494 
1.20494 
1.20494 
1.48586 
1.20494 
1.96362 
1.20495 
1.20494 
1.20494 
1.20495 
1.20494 
1.20494 
1.20494 
2.09462 
2.07145 
2.07418 
1.20494 
3.08475 
1.20494 
1.20494 
1.20494 
1.20494 
1.20494 
1.20494 
1.20494 
1.20494 
1.20494 
1.20494 
1.20494 
1.20494 
1.20494 
1.20495 
1.20494 
1.20494 
1.20494 
1.20494 
1.20494 
1.20494 
1.20494 
1.20494 
1.20494 
1.20494 
1.20494 
1.20494 
1.20494 
1.20494 
1.20495 
1.20495 
1.20496 
1.20501 
1.20513 
1.20544 
1.20615 
1.20498 
1.20763 
1.2105 
1.21563 
1.22417 
1.23745 
1.25678 
1.28326 
1.20505 
1.31749 
1.35935 
1.40801 
0.557909 
1.7757 
0.560896 
0.564102 
1.20494 
0.556473 
0.559416 
0.562421 
0.589399 
0.595286 
0.601633 
0.608474 
0.615849 
0.623802 
0.632381 
0.641642 
0.567797 
0.69348 
0.571939 
0.586614 
0.592286 
0.598399 
0.604989 
0.612093 
0.61975 
0.628009 
0.636923 
0.777936 
2.43938 
0.892261 
0.788483 
0.723174 
0.646545 
0.715294 
0.686771 
0.656939 
0.651641 
1.20496 
0.569823 
0.565879 
1.20525 
1.20572 
1.20676 
1.20884 
1.20494 
1.20494 
1.20494 
1.21272 
1.20494 
0.555258 
1.2194 
1.49765 
1.23013 
1.24628 
2.36093 
2.07037 
2.02897 
1.82492 
1.94714 
1.87002 
1.74966 
1.60832 
1.26908 
1.2994 
1.3375 
1.38291 
0.788137 
1.20519 
0.743202 
1.20494 
1.20494 
0.914262 
2.05604 
0.83055 
0.68462 
0.600918 
1.72883 
2.02826 
1.60177 
0.724943 
0.567706 
1.84363 
0.585557 
1.20494 
1.2257 
2.01219 
0.662551 
1.20494 
1.27876 
1.20496 
0.869391 
2.079 
1.51683 
1.93873 
1.19998 
0.740696 
0.966715 
2.5136 
0.807457 
1.5955 
1.20494 
1.23752 
1.27991 
1.23924 
0.842902 
0.848197 
0.883614 
0.888597 
0.818748 
0.824234 
2.14417 
0.855836 
0.861028 
0.65895 
0.667755 
0.67457 
0.749073 
0.755159 
0.70358 
0.592806 
0.673161 
0.679933 
0.690695 
0.697313 
1.12968 
0.786311 
1.20496 
0.732658 
0.738895 
0.581217 
0.796657 
0.802326 
0.652721 
0.643602 
0.63514 
0.627277 
0.619962 
0.613158 
0.60682 
1.20543 
0.710417 
0.716858 
1.20494 
0.60382 
0.610947 
0.577322 
1.8032 
1.29059 
1.74902 
1.9991 
1.20494 
2.71159 
2.64347 
1.29734 
0.757805 
0.763812 
0.69701 
0.703574 
1.57691 
1.20494 
1.24028 
1.74474 
1.42732 
1.07816 
1.10444 
1.02791 
1.05356 
1.0526 
0.622263 
0.639048 
1.20494 
1.20494 
1.20494 
1.50988 
0.587889 
0.59498 
1.20494 
2.03021 
2.00636 
1.20494 
1.20494 
1.20494 
0.583329 
0.590441 
1.20494 
1.20494 
1.20494 
2.00785 
2.31924 
2.45777 
2.27657 
1.20494 
1.13404 
1.20494 
1.87954 
1.86213 
1.85952 
0.986247 
0.99047 
1.89587 
1.88961 
0.743874 
1.65487 
1.68218 
1.69154 
1.59798 
0.570819 
1.45221 
1.39803 
1.20512 
1.32786 
1.3082 
1.33464 
1.31408 
2.13907 
2.66139 
1.26155 
1.25 
1.25275 
1.49954 
1.5385 
1.23224 
1.23391 
1.20494 
1.20494 
1.21319 
1.205 
1.20772 
1.20616 
1.20572 
1.20575 
1.34948 
1.35717 
1.20524 
1.20525 
1.20902 
1.20923 
1.20505 
1.20505 
1.20498 
1.20498 
1.20494 
1.20494 
1.20495 
1.20495 
1.20494 
1.20494 
1.20494 
1.20494 
1.20494 
1.20494 
1.20494 
1.20494 
1.20494 
1.20494 
1.20494 
1.20494 
1.23444 
1.62675 
1.63764 
1.98256 
2.02996 
1.20494 
1.20494 
1.21636 
1.21703 
1.43191 
2.00608 
1.98537 
1.20494 
1.20494 
1.86115 
1.8449 
1.82399 
1.82494 
1.20494 
0.569132 
0.575882 
1.43367 
1.29043 
1.65288 
1.95107 
1.93793 
1.20494 
1.20494 
0.835169 
1.20494 
1.20494 
1.20494 
1.20495 
1.20495 
1.20494 
1.20494 
1.49603 
1.49285 
1.20494 
1.20494 
1.20494 
1.20494 
1.20494 
1.20754 
1.21333 
1.20494 
1.20494 
1.99127 
1.97262 
0.930811 
0.935444 
0.700423 
0.722092 
1.20494 
1.20494 
1.20494 
1.20494 
2.0219 
1.75815 
1.36004 
1.39403 
2.00634 
1.98267 
2.03137 
2.00738 
1.20494 
1.20494 
1.20494 
1.20495 
1.20495 
2.01746 
1.99907 
1.99522 
0.573919 
1.20494 
1.65923 
1.70274 
1.20494 
1.20494 
1.20494 
1.23857 
1.2683 
1.20494 
1.20494 
1.20494 
1.20494 
0.572424 
0.579408 
0.766908 
0.772835 
1.20494 
1.20494 
2.06002 
1.20494 
2.0106 
1.0778 
1.08127 
1.45633 
1.20494 
1.78923 
1.83211 
1.20494 
1.4078 
1.24245 
0.710082 
1.20494 
1.91635 
1.87577 
1.95797 
1.97936 
0.835943 
1.7376 
1.65251 
1.38371 
1.20494 
0.67878 
0.898553 
1.10486 
1.13698 
1.10809 
0.566928 
1.70855 
1.71687 
1.16563 
1.20545 
0.613953 
1.45885 
0.87448 
0.679615 
0.627078 
0.6165 
0.64219 
0.631138 
0.717531 
0.685502 
1.15678 
1.18293 
1.20494 
0.746858 
0.813039 
0.657543 
0.648076 
0.639295 
0.638208 
0.731247 
0.623553 
0.623623 
0.609932 
1.20499 
1.20514 
0.723909 
0.590291 
0.57919 
1.20559 
0.575524 
1.99193 
1.84282 
0.599906 
1.5662 
0.598448 
1.20494 
1.42217 
0.66941 
1.20494 
1.20494 
0.971084 
0.948266 
1.329 
2.03173 
2.00771 
1.61819 
1.98769 
2.01369 
1.46383 
2.00027 
1.20219 
2.02782 
2.00425 
1.05629 
1.02905 
1.92721 
1.92543 
0.597397 
1.20494 
0.59264 
1.20496 
1.20495 
1.20494 
1.78125 
0.581067 
0.691293 
0.566892 
0.575038 
0.574047 
2.02112 
1.16823 
1.99066 
2.90858 
1.20494 
1.8751 
0.766545 
0.788955 
0.952771 
1.60933 
1.56875 
1.00698 
1.03293 
1.01104 
1.75397 
0.574863 
0.634364 
2.00463 
2.02549 
1.84589 
2.25042 
1.48075 
1.42454 
1.37294 
1.26498 
1.27506 
1.29559 
1.20494 
1.22046 
1.205 
1.21079 
1.20513 
1.2068 
1.20621 
1.20494 
1.20494 
1.20495 
1.20494 
1.20494 
1.20494 
1.20494 
1.20494 
1.20494 
1.20494 
1.20494 
1.20494 
1.20494 
1.20494 
1.20494 
1.20494 
1.20494 
1.20494 
1.20494 
1.66509 
0.608038 
0.598116 
1.96512 
1.97297 
1.32436 
1.32478 
0.812275 
1.43024 
1.37509 
1.20494 
1.20494 
0.577504 
0.919019 
1.9852 
1.52143 
0.776403 
1.20494 
1.20494 
1.20494 
1.20494 
1.20494 
1.20494 
1.20494 
1.20494 
1.20494 
0.859018 
0.882262 
1.20495 
1.20494 
1.20494 
2.7082 
2.72341 
1.20494 
1.20494 
1.20494 
1.20494 
1.20494 
1.20494 
1.20494 
1.20494 
1.20494 
1.20494 
1.20494 
1.20494 
1.20494 
1.20494 
1.20495 
1.20786 
1.21366 
1.96248 
1.95685 
1.9478 
0.978607 
1.00378 
0.930098 
0.954833 
1.40743 
1.46297 
1.78551 
1.5393 
1.58037 
1.55098 
1.91116 
1.9031 
2.87143 
2.80012 
1.20494 
1.20494 
1.56894 
1.64468 
1.56377 
0.595412 
0.605231 
0.602519 
1.20494 
0.906572 
1.56398 
0.903423 
0.620286 
1.21115 
1.96915 
0.646319 
0.655043 
0.66444 
0.659653 
0.650602 
0.584403 
0.630655 
0.617063 
0.586306 
0.588293 
0.792069 
0.582654 
2.11269 
1.20494 
1.20494 
1.20494 
1.20494 
1.20494 
1.20494 
1.80585 
1.20494 
1.20494 
1.20494 
1.20494 
1.2214 
1.38151 
1.43468 
2.00221 
1.49199 
1.27923 
1.20495 
1.22696 
1.21112 
1.20689 
1.20494 
1.20494 
1.20495 
0.782247 
1.20494 
0.654295 
0.639787 
1.35026 
1.27192 
1.32537 
0.606638 
1.94812 
1.20494 
0.594081 
1.25723 
1.71467 
0.932035 
0.66658 
1.21418 
1.26985 
2.20789 
0.787248 
2.65927 
1.42628 
0.813056 
2.03126 
1.00296 
1.15841 
0.907695 
1.93579 
1.7339 
1.20494 
0.630124 
1.95388 
0.738954 
1.20575 
0.88786 
0.849676 
1.20494 
0.753734 
1.95971 
1.46978 
1.20494 
1.20494 
0.706776 
0.602566 
0.718892 
0.827003 
0.680259 
0.761598 
0.769865 
0.670975 
0.679784 
0.685169 
0.693895 
0.675531 
0.689015 
0.684314 
0.658249 
0.667115 
0.643232 
0.652147 
0.66234 
0.671191 
0.604593 
0.613554 
1.20498 
1.48531 
1.20494 
1.45537 
1.46729 
1.86102 
0.695562 
1.20495 
1.79195 
0.859982 
0.836744 
0.884058 
1.20494 
1.20494 
0.725315 
0.733801 
2.02483 
2.00154 
0.746194 
0.754555 
0.838085 
0.845972 
2.01723 
1.33084 
1.20494 
1.05503 
1.20494 
1.20494 
1.741 
0.613541 
0.679578 
0.646792 
0.655701 
1.28492 
1.20494 
1.20494 
1.20494 
1.20494 
1.20494 
0.599151 
1.62037 
1.99802 
1.2125 
2.00731 
2.85948 
1.20494 
1.54624 
1.02337 
1.03062 
0.61604 
0.625002 
1.89381 
1.20497 
0.595807 
0.618645 
0.627587 
0.592225 
0.901854 
0.909496 
1.30456 
1.81729 
1.51572 
1.55991 
1.52897 
1.20795 
0.633241 
0.642168 
1.27075 
1.27475 
1.3249 
1.3318 
1.54079 
1.58126 
1.20494 
1.20504 
1.20524 
1.20494 
1.20544 
1.20545 
1.20512 
1.20512 
1.205 
1.205 
1.20494 
1.23639 
0.806262 
1.20941 
1.20964 
1.20495 
1.20494 
1.20494 
1.20494 
1.20494 
1.20494 
1.20494 
1.20494 
1.20494 
1.83323 
1.83792 
1.20494 
1.20494 
1.20494 
1.20494 
1.20494 
1.20494 
4.01559 
1.22262 
1.20494 
1.20494 
1.20494 
1.20494 
1.20494 
1.93771 
0.690267 
0.698962 
1.84778 
1.86241 
1.85085 
1.20495 
1.20495 
1.20494 
1.20494 
1.20494 
1.77853 
1.20494 
1.20494 
1.20494 
1.56309 
1.21121 
1.20494 
1.20494 
0.861813 
0.869603 
1.20496 
1.20497 
1.20496 
0.965534 
1.76389 
0.593401 
0.602012 
1.95124 
1.93204 
1.20494 
1.20494 
2.00617 
1.92456 
1.27004 
1.30082 
1.20494 
1.20494 
1.20622 
1.20627 
1.20494 
1.20494 
1.20494 
2.3882 
1.21784 
1.21859 
0.712716 
0.721277 
1.20494 
1.20494 
0.948338 
0.955823 
1.93562 
1.90971 
1.95975 
1.73832 
1.74959 
1.24897 
1.25498 
1.70464 
1.74871 
1.87305 
1.87271 
1.20494 
1.20494 
1.9942 
1.20494 
1.20494 
0.767123 
0.790124 
0.597657 
0.60835 
0.606525 
0.79655 
0.80463 
0.769791 
0.778013 
1.466 
1.50432 
1.57651 
1.59041 
1.88394 
1.88994 
1.88185 
0.608858 
0.617843 
1.95997 
1.93606 
0.638199 
0.65937 
1.10599 
1.13275 
1.95969 
1.20494 
1.20495 
1.94201 
1.29299 
1.99067 
1.956 
1.52298 
0.67541 
1.24644 
1.93543 
1.20494 
1.20494 
1.72683 
1.68951 
1.26043 
1.24583 
0.727414 
0.700351 
0.722365 
1.20494 
1.93361 
1.91655 
1.87773 
1.90828 
2.06526 
0.621364 
0.630291 
1.11957 
0.60379 
1.7604 
1.77061 
0.972966 
0.857515 
1.20494 
1.20494 
1.95775 
1.21284 
1.91562 
1.33274 
0.916564 
1.26462 
0.615674 
0.704223 
0.731997 
0.778335 
1.93837 
1.91314 
1.20494 
1.20494 
0.744523 
1.20494 
1.20494 
1.66252 
1.93111 
1.95783 
0.816402 
0.834936 
1.49796 
0.636457 
1.20508 
1.20545 
1.22367 
0.762049 
1.94037 
0.64871 
1.20494 
1.20494 
0.600746 
0.701061 
1.29223 
0.650477 
1.20578 
0.709692 
1.28887 
1.33791 
1.29451 
1.82352 
1.79987 
1.20494 
1.20494 
1.95905 
1.93443 
0.747357 
0.740439 
1.84104 
0.63905 
0.627105 
1.20494 
0.611586 
1.20494 
1.95355 
1.92868 
2.04832 
1.20494 
1.08108 
0.659373 
1.20494 
1.20494 
1.20494 
1.20494 
1.20494 
1.20494 
1.20494 
0.932284 
0.95611 
0.874529 
0.882268 
1.18613 
1.2188 
1.17902 
0.814292 
1.43731 
1.39838 
1.90272 
1.89708 
1.20495 
1.04508 
1.05225 
2.61264 
2.52038 
0.924151 
0.795376 
1.20494 
2.18367 
1.31043 
1.28651 
2.34476 
1.24345 
0.983711 
1.95897 
0.645387 
1.20504 
0.939574 
1.20525 
1.93009 
1.9445 
1.20693 
1.21143 
1.20494 
1.20494 
1.24026 
1.24834 
1.40326 
1.62307 
1.25182 
0.824387 
1.21178 
1.20495 
1.20494 
1.22873 
1.20494 
1.20494 
1.20494 
1.20494 
1.20494 
1.20494 
1.20494 
1.20494 
1.20494 
1.20494 
1.20494 
1.00515 
1.03063 
1.38124 
1.38579 
0.611112 
1.37459 
1.20494 
1.20494 
1.20494 
1.92659 
1.82518 
1.5643 
1.49539 
1.20494 
1.20494 
1.20494 
1.20494 
0.604492 
0.593288 
0.623543 
1.20494 
1.20494 
1.20494 
1.20494 
1.20494 
1.78092 
1.80755 
1.78992 
1.20494 
1.20494 
1.20661 
2.4523 
1.23832 
1.2081 
1.39601 
1.91379 
1.91803 
1.24186 
1.20494 
1.93618 
1.93044 
1.91805 
1.34743 
1.35539 
0.895551 
1.60622 
1.62017 
2.73728 
2.69526 
1.20702 
1.95605 
1.93568 
1.93483 
0.663176 
1.63957 
1.63888 
1.93626 
1.90984 
1.91043 
1.20494 
1.20494 
1.20494 
1.36389 
2.36269 
2.47908 
2.32996 
1.23492 
1.22832 
1.91718 
1.94631 
1.70239 
1.66294 
1.12643 
1.09301 
0.602807 
1.20495 
0.78651 
1.20494 
1.20494 
1.20494 
0.609844 
0.715371 
1.01027 
0.622487 
1.20495 
1.20494 
1.2914 
1.20494 
0.991083 
1.93631 
1.20495 
1.92775 
1.2147 
1.25956 
1.20494 
1.20494 
1.20494 
1.20495 
1.23017 
1.20494 
1.20494 
1.20494 
1.20494 
1.20494 
0.620126 
1.43172 
1.20494 
1.26558 
1.20494 
0.7398 
1.77537 
1.85187 
1.34435 
1.31985 
1.20494 
1.20494 
1.20816 
1.85367 
0.62667 
1.14814 
1.15486 
0.813366 
1.20494 
0.772819 
0.842236 
1.06824 
1.09998 
1.07532 
0.624186 
0.63311 
1.20494 
1.20494 
0.686072 
0.82257 
0.832136 
1.20494 
1.91077 
1.90338 
1.20543 
1.22006 
1.20494 
1.5236 
1.21522 
0.796106 
0.690126 
0.70013 
0.703153 
0.863743 
0.717667 
0.699963 
1.20494 
1.20511 
0.67472 
1.04822 
1.89661 
1.20508 
0.69432 
0.704311 
1.20495 
0.635133 
0.85275 
0.862263 
1.92499 
1.93569 
1.23212 
0.631177 
1.20494 
1.20627 
1.20495 
1.20498 
1.89098 
1.43408 
1.20494 
1.20494 
1.20494 
1.20494 
1.95034 
1.92559 
0.780258 
0.789934 
2.1446 
0.875256 
0.884749 
1.20494 
1.20494 
1.20494 
0.678379 
0.688423 
1.20495 
1.20495 
1.0827 
1.20494 
1.88708 
1.63511 
1.67636 
1.64889 
0.832185 
0.841732 
1.18793 
0.913211 
1.20494 
0.927138 
0.936602 
0.957188 
0.64417 
1.55614 
1.57072 
1.21591 
1.20494 
1.20494 
0.646733 
0.656915 
0.639498 
1.36593 
1.40071 
1.40845 
1.20496 
1.20496 
1.21944 
1.22026 
2.27299 
2.25402 
0.667762 
1.20494 
2.04558 
1.70888 
2.12225 
1.29982 
1.372 
1.37022 
1.37924 
1.2342 
1.58436 
1.21748 
1.20494 
0.752225 
0.728307 
0.733941 
0.743772 
0.637333 
0.647592 
1.20523 
1.20524 
1.26554 
1.89913 
1.24109 
1.24326 
1.20495 
1.20494 
1.20494 
1.20494 
1.20494 
1.20494 
1.86178 
1.86697 
1.20494 
1.20494 
1.20494 
0.641783 
0.652089 
1.20494 
1.20494 
1.22499 
1.22615 
1.21537 
0.788013 
0.797664 
1.22085 
0.626054 
0.632761 
1.43514 
1.43887 
0.722883 
0.738153 
0.732756 
1.20494 
1.20494 
1.20494 
0.698659 
0.708636 
1.20494 
1.20494 
1.20494 
1.20494 
1.21817 
1.20494 
1.20494 
1.20494 
2.48091 
1.20494 
1.20495 
1.20494 
1.25216 
1.255 
1.20494 
1.20494 
0.621356 
0.632601 
0.636058 
1.20494 
1.20494 
1.20494 
1.30272 
1.33476 
1.28139 
1.28595 
1.20494 
1.20494 
1.20979 
1.21003 
1.20576 
1.20579 
1.89848 
1.8825 
0.97343 
0.982891 
1.20703 
1.20712 
0.941775 
0.951239 
0.649373 
0.659543 
1.20494 
1.20494 
0.887316 
0.896796 
1.20494 
1.20494 
1.06985 
1.07931 
1.79458 
1.80618 
0.745888 
0.755677 
0.633062 
0.643296 
0.68216 
0.692193 
0.990572 
1.00003 
2.68929 
1.85859 
1.20494 
1.20494 
1.00869 
1.01815 
1.20494 
1.31079 
1.7481 
1.883 
1.20494 
1.20494 
1.66516 
1.70694 
1.20494 
1.20494 
0.790591 
1.72637 
1.72313 
0.80455 
0.814158 
1.50708 
1.54778 
0.758813 
0.768559 
1.64977 
1.88914 
1.86645 
0.659746 
1.13446 
1.16177 
1.20495 
1.20494 
1.20495 
2.22901 
1.45905 
1.20494 
1.21269 
1.20494 
1.20494 
1.38103 
2.67112 
1.20494 
0.749604 
0.761984 
1.20831 
1.20494 
1.20494 
1.86289 
1.21411 
1.20632 
1.82944 
2.26309 
2.48897 
0.652165 
0.662279 
1.18554 
0.822948 
0.64537 
1.81174 
1.82225 
1.20494 
1.20494 
1.20494 
1.20494 
1.20494 
1.20494 
1.90892 
1.47201 
1.20494 
1.20545 
1.20499 
1.23373 
1.85783 
1.8324 
1.21171 
1.21127 
1.87828 
1.89763 
1.20494 
1.93302 
1.20494 
1.92165 
0.713115 
0.654426 
0.676885 
1.6267 
0.707813 
0.717753 
1.20494 
0.873248 
1.92177 
1.40054 
0.671183 
1.20494 
1.05768 
1.02787 
0.696092 
0.684777 
0.966642 
0.851766 
1.86898 
1.89263 
1.35356 
1.40856 
1.362 
1.20494 
1.20494 
1.20494 
1.17226 
1.88486 
1.86106 
2.1316 
2.02382 
1.20494 
0.636031 
1.87654 
1.20672 
1.20494 
1.20494 
1.20494 
1.10917 
1.20494 
1.88444 
1.89955 
1.20494 
1.81855 
0.981139 
1.20494 
0.922685 
0.899956 
0.933486 
1.32082 
1.09289 
1.10234 
1.21055 
1.21421 
1.89142 
2.59882 
0.649842 
1.30539 
1.8943 
1.89009 
1.26919 
1.21105 
1.20879 
1.03214 
1.05797 
0.677828 
0.664439 
1.20494 
0.805733 
1.20494 
1.24837 
1.20495 
1.88044 
1.20503 
1.20494 
1.20494 
1.20494 
1.20494 
1.2028 
1.21207 
1.35218 
1.8585 
1.8403 
1.78794 
1.75411 
1.21074 
0.885039 
0.909463 
1.45238 
1.4598 
1.64493 
1.49804 
0.765669 
1.87018 
1.87387 
1.86911 
1.93029 
1.20494 
1.20494 
1.20494 
0.782511 
1.20494 
1.20494 
1.20494 
1.20494 
1.20494 
1.20494 
1.20494 
1.24371 
1.88358 
1.87721 
0.744575 
1.20497 
1.20497 
1.89897 
1.03733 
1.86381 
1.21208 
1.49108 
1.5376 
1.50432 
1.89952 
1.88907 
1.58827 
1.60325 
1.3982 
1.40838 
1.6785 
1.69352 
1.20494 
2.60386 
2.48953 
2.58209 
1.83176 
1.85594 
1.31955 
1.2717 
1.20494 
1.89544 
1.87605 
1.72461 
1.72679 
0.629035 
0.639467 
2.40233 
2.37716 
0.641809 
0.629869 
1.21578 
1.88769 
1.88881 
1.88669 
1.20494 
1.20494 
1.20494 
0.721504 
1.21634 
1.20494 
1.20511 
0.68125 
1.87141 
1.89412 
1.85183 
1.87966 
1.20551 
1.20494 
1.20494 
1.20494 
1.32749 
0.909431 
0.674507 
0.661217 
1.20495 
1.32027 
1.20495 
1.20503 
1.20494 
1.20494 
0.77539 
1.27364 
0.767182 
1.21245 
1.20494 
0.776288 
0.65508 
0.66517 
1.20495 
1.29343 
1.83808 
1.86821 
0.810469 
1.20725 
1.20552 
1.20668 
1.20494 
1.22114 
0.893819 
1.20494 
0.729457 
1.20494 
1.20576 
1.20499 
1.20494 
1.24631 
1.20494 
1.20494 
1.20494 
1.20494 
1.11097 
1.88242 
1.85821 
1.20494 
0.712646 
0.702184 
0.943459 
1.63209 
1.20494 
1.2051 
1.20494 
1.20669 
1.00394 
1.20494 
1.81648 
0.767014 
0.705709 
0.716534 
0.669402 
1.20494 
1.42795 
0.83756 
1.20494 
1.20494 
1.87284 
1.84813 
1.18159 
1.1439 
1.81378 
1.81342 
0.818189 
0.82884 
1.10092 
1.20494 
1.88452 
1.20494 
1.25925 
1.26242 
0.905362 
0.916088 
0.713083 
1.20495 
1.20495 
0.722568 
1.91336 
2.01598 
1.90971 
1.20494 
1.20494 
1.20494 
1.20494 
1.20494 
1.20494 
1.20494 
0.972138 
0.85263 
1.20638 
0.658104 
0.668181 
2.51906 
2.56833 
2.48903 
1.20494 
1.20494 
1.20494 
0.673863 
1.20494 
0.680775 
1.22754 
1.22881 
1.2183 
2.32825 
1.21016 
0.727562 
1.20494 
1.20494 
1.20494 
1.8997 
1.88777 
0.83465 
1.6196 
1.53107 
1.5923 
1.42769 
1.20667 
1.33927 
1.22857 
1.35732 
1.84612 
0.789134 
0.671619 
0.68511 
0.682845 
1.20712 
1.36637 
1.37513 
1.20494 
1.89645 
1.89064 
1.20494 
0.862238 
0.872903 
0.709333 
0.72016 
1.82463 
1.20494 
1.2749 
1.27898 
1.20494 
1.20494 
1.20494 
1.23583 
1.28069 
1.24498 
0.675997 
0.687351 
0.826235 
0.836892 
1.23583 
1.2376 
0.720983 
0.720772 
0.743456 
1.20494 
1.20494 
1.20494 
1.20494 
1.64902 
1.57367 
1.20497 
1.20497 
1.50981 
1.57921 
1.51642 
1.20494 
0.733919 
0.74468 
1.84164 
1.82527 
0.861371 
1.20522 
1.20522 
0.678298 
0.689518 
1.20494 
1.20494 
1.20494 
1.20494 
1.82695 
1.8483 
1.83625 
1.40297 
1.63404 
0.674054 
0.654648 
0.697843 
1.20494 
1.20494 
1.20494 
0.957436 
0.968294 
1.33678 
1.37023 
1.3149 
1.32116 
1.20494 
1.20494 
1.21273 
1.21311 
1.43925 
1.20629 
1.20633 
1.02118 
1.03219 
1.20835 
1.2085 
0.987619 
0.998548 
0.683396 
0.694456 
1.20494 
1.20494 
1.20494 
1.20494 
1.12406 
1.13532 
1.84577 
1.20494 
1.20494 
0.78259 
0.793255 
1.20494 
1.20494 
1.20494 
0.716964 
0.727766 
1.03941 
1.05047 
1.20494 
1.20494 
1.05872 
1.06982 
0.917452 
0.92821 
1.20494 
1.20494 
1.20494 
1.85486 
1.82768 
1.82805 
1.20498 
1.20509 
0.814033 
0.98253 
0.958419 
1.00785 
0.843446 
0.854098 
1.55187 
1.59691 
0.795963 
0.806621 
1.66497 
1.16367 
1.19157 
0.738538 
0.749291 
1.47139 
0.872285 
0.882961 
1.53069 
0.753449 
1.63479 
1.72511 
1.20494 
1.20494 
1.20494 
2.51841 
1.20495 
1.20495 
1.20494 
1.78448 
1.20583 
1.20494 
1.20494 
0.814333 
0.686178 
0.697148 
1.2051 
1.20503 
1.84355 
1.85751 
1.86701 
1.20494 
1.20494 
1.20494 
0.657221 
1.20494 
1.20494 
0.845294 
1.20494 
1.20494 
1.77747 
1.75354 
1.85517 
1.20494 
1.20494 
0.665051 
1.0149 
0.799795 
1.2386 
1.34676 
0.743321 
0.754067 
1.20581 
0.863286 
1.20494 
1.24871 
0.691889 
1.20494 
1.20572 
1.87376 
1.81244 
1.79033 
1.2104 
0.983024 
1.20494 
2.31313 
2.21986 
1.42903 
0.959738 
1.20494 
1.20494 
1.79602 
1.89797 
1.82054 
1.11214 
1.07919 
1.88622 
0.713014 
0.698765 
1.20494 
1.20494 
0.764404 
1.88893 
1.88044 
0.723894 
1.20494 
1.20494 
0.770236 
1.14874 
1.16004 
1.20494 
1.20494 
0.671296 
1.20494 
1.20494 
0.882806 
1.2072 
1.20976 
1.21256 
1.79498 
1.20652 
1.20494 
1.88327 
1.26693 
1.20587 
1.20549 
1.24746 
1.27562 
1.05962 
1.08585 
1.74056 
1.69672 
0.725145 
1.13795 
0.641145 
1.43894 
1.39597 
0.780906 
0.803069 
1.86859 
1.29388 
1.83084 
1.85067 
1.40599 
1.20542 
0.740224 
1.89059 
0.786956 
1.80455 
1.82876 
1.11751 
1.12693 
1.73679 
1.47935 
1.48942 
0.904526 
1.20494 
1.20494 
1.76752 
1.73082 
1.88709 
1.89016 
0.731769 
0.910549 
0.935376 
1.20494 
1.20494 
1.20494 
1.20543 
1.20494 
1.20494 
1.20494 
1.53461 
1.54406 
1.2163 
0.758814 
0.769521 
1.20494 
1.87936 
1.7179 
1.20494 
1.20494 
0.672439 
1.20499 
1.20499 
1.20494 
1.20494 
1.20494 
1.64982 
1.60041 
1.20494 
1.20494 
1.88843 
1.20495 
1.20495 
1.29853 
1.20494 
1.89003 
1.4749 
1.20494 
1.56578 
1.58077 
1.70558 
1.74493 
1.72024 
1.66626 
1.71246 
1.68211 
1.46107 
1.47347 
0.930139 
1.85641 
1.83173 
1.75126 
1.76623 
0.667104 
2.45936 
2.45123 
1.83725 
1.81986 
1.78348 
1.8185 
1.8224 
0.668231 
1.71098 
1.20494 
2.4261 
2.40683 
1.20495 
1.88752 
1.88645 
0.790165 
1.20495 
1.20495 
1.20495 
1.545 
1.4956 
1.76022 
1.67976 
1.09034 
1.79972 
1.43956 
1.38313 
1.77234 
1.80036 
1.43986 
0.821128 
0.89349 
1.27821 
1.23403 
0.68041 
1.30657 
1.77916 
0.735921 
1.20578 
1.85936 
1.87275 
0.813719 
1.83652 
1.85524 
1.22202 
0.954271 
1.21689 
1.76536 
2.02983 
1.20494 
1.51606 
0.940917 
0.677848 
1.20494 
1.20494 
2.49995 
2.49742 
1.20495 
1.20517 
0.927282 
0.837748 
0.99168 
1.20517 
0.703351 
0.748291 
1.7555 
0.876517 
1.79081 
1.76088 
1.76721 
1.20494 
1.20494 
1.20494 
1.20494 
1.20494 
1.20494 
1.80844 
1.78577 
1.13695 
0.677882 
0.665532 
1.05619 
1.8802 
1.875 
1.74863 
1.77014 
1.7964 
1.391 
1.20494 
1.20494 
1.20494 
1.20494 
0.895432 
1.45269 
1.49523 
1.26707 
0.815468 
0.984938 
1.00936 
1.21334 
1.02223 
1.23982 
0.692255 
1.30863 
1.20494 
1.83296 
1.81459 
1.15328 
1.90822 
1.90955 
1.20575 
1.20494 
1.16035 
1.17309 
0.859268 
1.20496 
1.20496 
1.2853 
1.28983 
1.22288 
0.758104 
1.20494 
0.775087 
0.951172 
1.51959 
0.938941 
0.950669 
1.20494 
0.885771 
0.897293 
0.749976 
1.20494 
0.681903 
1.24954 
1.27954 
1.2085 
1.20494 
1.86424 
1.85373 
0.762408 
0.773744 
0.78955 
1.87944 
1.20629 
0.706396 
0.71752 
1.87666 
1.8701 
0.695463 
0.706313 
1.13993 
0.71729 
0.862161 
1.88576 
1.80442 
1.77687 
1.78128 
0.753971 
0.765325 
1.74948 
1.72997 
1.31908 
1.4421 
1.48105 
1.42463 
1.43561 
0.766868 
0.778201 
1.56686 
1.20494 
0.905559 
0.917158 
1.74269 
1.66266 
1.30685 
1.31253 
1.20494 
1.20513 
0.743123 
0.764035 
1.20494 
1.20494 
0.867704 
0.8792 
0.75902 
1.25199 
1.25463 
1.20494 
1.20494 
1.20494 
1.20494 
1.20494 
1.20498 
1.20498 
1.20494 
1.20494 
0.771492 
0.782826 
1.20494 
1.20494 
1.88834 
1.89004 
1.22348 
1.78892 
1.77415 
1.20536 
1.20506 
1.20523 
0.697903 
1.2054 
1.20494 
1.20494 
1.20494 
1.20494 
1.20494 
1.88875 
1.20494 
2.29552 
2.06315 
2.3062 
0.843446 
1.20494 
1.20494 
1.20494 
1.20494 
1.20494 
1.85977 
1.84801 
1.00657 
1.01863 
1.37222 
1.40703 
1.20494 
1.20494 
1.21737 
1.21798 
0.689151 
0.700035 
1.20494 
1.20494 
1.33175 
1.33869 
1.20716 
1.20724 
1.07464 
1.08701 
1.46032 
1.47256 
1.23024 
1.2316 
1.21048 
1.21072 
1.03874 
1.05097 
0.719809 
0.731558 
1.8833 
1.20494 
1.20494 
1.18528 
1.19809 
0.822036 
0.833417 
1.20494 
1.20494 
1.09419 
1.10664 
1.20494 
1.20494 
1.11493 
1.12746 
0.713037 
0.964019 
0.975859 
1.20574 
1.20575 
1.6939 
1.60469 
1.56474 
1.66146 
1.49747 
1.51084 
0.74241 
1.19363 
1.22217 
1.20494 
1.20494 
0.828884 
0.840262 
0.776274 
0.787621 
0.764168 
0.916164 
0.927798 
1.20494 
1.20494 
1.86738 
0.791701 
0.721737 
0.886327 
1.20495 
1.20495 
1.20504 
0.722494 
0.734144 
1.20494 
1.20494 
1.20494 
1.20494 
0.837898 
1.34065 
1.20506 
1.20494 
1.20494 
1.86485 
0.938957 
1.27152 
1.20503 
1.89371 
0.977493 
1.79767 
1.62521 
1.636 
1.50902 
1.70954 
1.20494 
2.41209 
1.77092 
1.74551 
1.20494 
1.7013 
1.67946 
1.20494 
1.14957 
2.36342 
1.06846 
0.709607 
1.20494 
0.708838 
0.720696 
1.78259 
1.80411 
1.86304 
1.8744 
0.906998 
0.78122 
0.792574 
1.83408 
1.27058 
1.20494 
1.20494 
0.703109 
1.39397 
1.34108 
1.74361 
1.7235 
0.986361 
1.20494 
1.20494 
1.21373 
1.6111 
2.2095 
2.11065 
1.59103 
1.33942 
1.8095 
1.24175 
1.03437 
1.20633 
1.84225 
1.71493 
1.22381 
1.20494 
1.88618 
1.87468 
0.962949 
1.89824 
1.21186 
1.22476 
1.61588 
1.20864 
1.03499 
2.00591 
2.10481 
2.00401 
1.20494 
1.20494 
1.20494 
1.20494 
1.24534 
1.20352 
1.20497 
0.710693 
0.723441 
1.20494 
0.769452 
0.888029 
1.20898 
1.21104 
1.20507 
1.20502 
0.826808 
0.809135 
0.811904 
1.20494 
1.20494 
1.31369 
1.38795 
1.28839 
1.41685 
1.08768 
1.11441 
1.40065 
1.35991 
1.53545 
1.54978 
1.20494 
1.20494 
1.85993 
1.85446 
1.16746 
1.20495 
1.20495 
1.83609 
1.20633 
1.20495 
0.711005 
0.725214 
0.723077 
1.57837 
1.51337 
0.746136 
1.17516 
1.18648 
1.73665 
1.76168 
1.30248 
1.82801 
1.81818 
1.20494 
1.20494 
1.74522 
1.76099 
0.851196 
1.89549 
1.89701 
1.20494 
0.936564 
0.961626 
1.20494 
1.20494 
1.20502 
1.20501 
1.20494 
1.20494 
0.797255 
0.808613 
1.59549 
1.67008 
1.60407 
1.23035 
1.2054 
1.2052 
0.715087 
1.20494 
1.20494 
0.75751 
1.86709 
1.87538 
1.20495 
1.20495 
1.88663 
1.72216 
1.20506 
1.00364 
1.64746 
1.66353 
1.77505 
1.78939 
2.3007 
2.30093 
1.84342 
1.81528 
1.20494 
1.8196 
1.83347 
1.20494 
1.20494 
0.862639 
1.78169 
1.76603 
2.42402 
2.40926 
0.989403 
1.91579 
1.92046 
0.786357 
0.803054 
0.797709 
2.47619 
1.20516 
0.753779 
0.738784 
0.836025 
1.88087 
1.87121 
1.87883 
1.20494 
1.20494 
1.20494 
1.20494 
1.90124 
1.88771 
0.72928 
1.20494 
1.20494 
0.761348 
0.854884 
0.820467 
0.80306 
1.37772 
1.39059 
1.36818 
0.870739 
0.727162 
0.847415 
1.20495 
1.20494 
1.20494 
1.20494 
0.861981 
1.34267 
0.894714 
1.20508 
1.20508 
1.20494 
1.20494 
1.20494 
1.20494 
1.73789 
1.71719 
2.35106 
2.28138 
0.701547 
1.11366 
1.20494 
1.74111 
0.784602 
1.35234 
1.30391 
1.84088 
1.75848 
1.29675 
1.20494 
0.713247 
0.887145 
1.20494 
1.20494 
1.20497 
1.0118 
1.03665 
1.20494 
1.62584 
1.85189 
0.878684 
0.792661 
1.45616 
1.20494 
0.728587 
0.903245 
0.915473 
2.00324 
2.00525 
1.20494 
0.754116 
1.3217 
1.32795 
1.23303 
1.16965 
1.57823 
1.90096 
1.89964 
1.07721 
1.20494 
1.20085 
0.931235 
0.760828 
0.886565 
0.898665 
1.68222 
1.731 
1.69838 
1.20496 
1.20501 
1.2817 
1.31257 
0.796942 
0.808731 
0.788556 
0.800368 
1.20566 
1.20613 
0.801413 
0.813186 
1.77286 
1.81232 
1.78814 
1.20497 
1.85215 
1.84558 
0.731891 
0.743275 
0.941519 
0.953902 
0.745086 
0.975419 
1.20717 
1.71656 
1.84417 
1.82733 
1.83649 
0.952272 
0.964732 
0.810729 
1.68643 
1.57357 
1.62682 
1.5887 
1.4821 
1.49601 
1.50918 
0.806074 
0.81785 
1.20494 
1.20494 
1.21075 
1.25812 
1.35041 
1.35803 
1.20494 
1.205 
0.856976 
1.20494 
1.00094 
0.912159 
0.924419 
1.81995 
1.80908 
1.27559 
1.27942 
1.20494 
1.20494 
1.73768 
1.20494 
1.20494 
1.20495 
0.810908 
0.822704 
1.20494 
1.20494 
1.20494 
1.89156 
1.88576 
1.89188 
0.912044 
1.20494 
1.20494 
1.70001 
1.72714 
1.21839 
1.20494 
1.69449 
1.20494 
1.20494 
1.20494 
0.98786 
1.00053 
1.04436 
2.44691 
2.40214 
2.43238 
1.7964 
1.80997 
1.0604 
1.07355 
1.40862 
1.44403 
1.20494 
1.20494 
1.22463 
1.22559 
0.725427 
0.740002 
0.736942 
1.20494 
1.20494 
1.38269 
1.39173 
1.20859 
1.20871 
1.13355 
1.14715 
1.53695 
1.5512 
1.24405 
1.24611 
1.2139 
1.21429 
1.09493 
1.10837 
0.758095 
1.0147 
1.02754 
1.20494 
1.20494 
1.25312 
0.755945 
0.768738 
0.863953 
0.875926 
1.20496 
1.20494 
1.20494 
1.20494 
1.15463 
1.16834 
1.20494 
1.20494 
1.17702 
1.19084 
1.20494 
1.21905 
1.35214 
1.20506 
0.921456 
0.933788 
1.2244 
1.25364 
1.20494 
1.20494 
1.20497 
1.205 
1.20497 
0.871139 
0.890747 
0.883198 
0.815933 
0.82774 
1.22617 
1.24025 
0.963558 
0.976081 
1.77474 
1.75819 
1.20494 
1.68772 
1.20495 
1.20494 
1.20495 
1.6465 
1.63946 
1.61959 
1.62989 
1.61016 
0.76059 
0.772864 
1.89639 
1.87933 
1.20494 
1.20494 
1.62589 
1.6519 
1.8627 
1.72125 
1.2052 
1.20496 
1.20494 
1.11647 
1.1438 
1.20494 
1.06265 
1.20494 
1.2097 
1.69152 
1.66968 
1.30172 
1.20494 
1.20494 
1.20494 
1.12718 
1.20514 
1.9176 
1.20494 
0.722241 
1.59335 
1.20494 
0.748495 
0.760322 
0.796396 
0.780756 
1.79125 
1.81197 
1.20494 
1.20494 
1.41933 
0.821096 
0.832961 
1.84507 
1.87589 
1.20496 
1.20497 
1.20494 
1.20494 
1.01334 
1.20497 
1.67894 
1.66073 
1.20494 
1.20494 
1.20494 
1.52029 
1.56624 
1.48698 
0.804456 
1.20494 
1.21476 
0.735279 
1.41816 
1.76809 
0.7785 
1.8001 
1.01368 
2.36971 
1.20494 
1.20494 
0.767113 
0.752476 
1.20499 
0.832027 
1.23447 
1.26098 
1.88171 
1.90097 
1.20494 
1.20494 
1.28182 
1.29613 
1.09051 
0.987995 
2.09529 
2.0941 
0.814401 
0.906903 
1.20822 
1.21484 
1.20723 
1.20626 
0.746666 
1.20496 
1.20495 
1.20494 
1.46046 
1.4746 
0.943575 
0.75016 
1.21902 
1.3363 
1.35545 
1.25346 
1.2644 
1.20494 
1.20494 
1.37572 
1.75071 
1.61909 
1.63484 
1.83412 
1.82777 
1.20495 
0.744399 
1.73235 
1.70534 
1.71109 
1.80064 
1.66875 
1.69412 
0.836812 
0.862413 
1.69661 
1.24034 
1.25327 
1.21097 
1.20494 
1.20494 
1.74354 
0.868897 
0.85028 
1.89351 
1.8929 
1.78966 
1.77986 
1.20494 
1.20494 
1.8202 
1.19773 
0.740996 
0.755687 
1.72402 
1.74758 
0.962868 
0.988016 
1.20494 
1.20494 
1.20494 
1.20506 
1.20506 
1.20494 
1.20494 
1.20494 
0.837827 
0.849745 
1.68896 
1.69874 
1.82796 
1.20494 
1.68132 
1.9039 
1.89756 
2.10666 
2.12155 
1.20495 
1.20495 
2.27972 
1.02916 
1.20494 
1.20494 
1.73189 
1.74816 
1.83868 
1.85165 
2.13121 
2.13554 
0.770572 
1.04209 
1.26729 
1.87899 
1.89087 
1.20496 
1.20495 
1.20494 
1.20494 
1.22367 
1.72816 
1.71375 
2.38888 
2.37742 
1.52542 
1.4643 
2.01045 
1.4192 
1.47672 
1.4319 
1.46804 
1.20494 
1.86609 
1.86249 
1.73269 
1.66063 
1.20496 
1.42866 
1.20629 
1.2057 
1.83489 
1.79391 
1.20494 
1.20494 
1.91584 
1.91961 
1.05741 
2.015 
1.93169 
1.87562 
1.84314 
0.843898 
0.862196 
0.855811 
1.20496 
1.20753 
1.20494 
1.20494 
1.17633 
1.85494 
1.86692 
1.87325 
1.88508 
1.92251 
1.91736 
1.67159 
1.65289 
1.20494 
1.33797 
2.27263 
2.1895 
1.20494 
1.20494 
1.31685 
1.27095 
1.05459 
1.20495 
1.43353 
1.38109 
1.76695 
1.83962 
1.85577 
1.20495 
1.20494 
1.03912 
1.06449 
1.49036 
1.22054 
0.832794 
0.857289 
1.20517 
1.20517 
1.20494 
0.772311 
0.95959 
2.09183 
2.09364 
2.35921 
2.31995 
1.37091 
1.37922 
1.40765 
1.41747 
0.843928 
0.826453 
1.24843 
1.20494 
1.20494 
1.90141 
1.21437 
1.65883 
1.71294 
1.67498 
0.838174 
1.76821 
0.932319 
1.76441 
1.80929 
1.78032 
1.31478 
1.66686 
0.837224 
0.849405 
1.20557 
1.20494 
1.20494 
0.841897 
0.854047 
1.20594 
1.82298 
1.81576 
1.53459 
1.54854 
0.769905 
0.990808 
1.90355 
1.90732 
1.89947 
1.71034 
1.00234 
1.01561 
1.20494 
1.20494 
1.20494 
0.887953 
1.20495 
1.20494 
1.20494 
1.57933 
1.59429 
1.57469 
0.798121 
0.846822 
0.858964 
0.750712 
0.765535 
0.763557 
1.20494 
1.20494 
1.20494 
1.85699 
1.20505 
1.20497 
1.20512 
1.20494 
0.912995 
1.20494 
1.20494 
1.20494 
0.794094 
0.782671 
0.819437 
1.20861 
1.20494 
1.20014 
1.77884 
1.75682 
1.76823 
1.20494 
1.2848 
1.75778 
1.73469 
1.74563 
0.85196 
0.86413 
1.20494 
1.20495 
1.20495 
1.32724 
0.937935 
1.20494 
0.941072 
0.953926 
1.79168 
1.81178 
1.27061 
1.9046 
1.02715 
2.27521 
2.36336 
1.13707 
1.65558 
1.20494 
1.04055 
1.05409 
1.4446 
1.20494 
1.20494 
1.20494 
1.06943 
1.08319 
1.44769 
1.45898 
1.21092 
1.21112 
1.19774 
1.23539 
1.21253 
1.62373 
1.63948 
1.26461 
1.26766 
1.21935 
1.21997 
1.15619 
1.17076 
1.20494 
1.20494 
0.950119 
0.963106 
1.08505 
1.09894 
0.908213 
1.20494 
1.20494 
1.20494 
1.20494 
1.24477 
1.25973 
0.969493 
0.982619 
0.773416 
0.785196 
1.10151 
1.11553 
0.777022 
0.788812 
1.22632 
1.2273 
1.25602 
1.28597 
1.20494 
1.20494 
1.88081 
1.20495 
1.2981 
1.31329 
1.20494 
1.01444 
1.0278 
1.71904 
1.69449 
1.7039 
1.20495 
1.20495 
1.20494 
1.20494 
1.20494 
0.80023 
0.813161 
1.20494 
1.20494 
1.63136 
1.65771 
1.79688 
1.20857 
1.21538 
1.20537 
1.14614 
1.17403 
1.61818 
1.20576 
1.62031 
1.60043 
1.20494 
1.28893 
1.86845 
1.22881 
1.19103 
1.20494 
1.87938 
1.88344 
1.20494 
1.21474 
0.874308 
0.862801 
0.875085 
0.78947 
1.28389 
0.792536 
1.06827 
1.20495 
1.50557 
2.3536 
0.838331 
1.85123 
1.81911 
1.20494 
1.20494 
1.20494 
1.68305 
1.09103 
1.50301 
0.97262 
1.04087 
1.51141 
1.20537 
1.20571 
0.799827 
1.20495 
1.20494 
1.20494 
1.20494 
1.20494 
1.20494 
1.20494 
1.20494 
1.70204 
1.20494 
1.89181 
1.20494 
1.20494 
1.35821 
1.37372 
1.78227 
1.20494 
1.20494 
1.20494 
1.56459 
1.54833 
2.1735 
2.17216 
0.811498 
0.79658 
0.869505 
0.82446 
1.81562 
1.76128 
2.18464 
1.20548 
1.80369 
0.82856 
1.54937 
1.56433 
1.20494 
1.20495 
1.20495 
1.00401 
0.979849 
0.9451 
0.923925 
1.2967 
1.23934 
1.21844 
1.24626 
1.20494 
0.781701 
0.766532 
1.3125 
1.32685 
1.70811 
1.72443 
1.80201 
1.79439 
1.67698 
1.66442 
1.63784 
1.6452 
1.68704 
1.78664 
1.20495 
1.20495 
1.20494 
0.864078 
0.88861 
1.20494 
1.20494 
1.20494 
1.20494 
1.55582 
1.57955 
1.68552 
1.20494 
1.20494 
1.20494 
1.20494 
1.37754 
1.04061 
1.88034 
1.87732 
0.915949 
0.928602 
1.20497 
1.74821 
1.73795 
1.20494 
1.20494 
1.20494 
1.20494 
2.16649 
1.88916 
1.30922 
1.31462 
1.20494 
1.20494 
1.20494 
1.20494 
0.989316 
1.01481 
1.92057 
1.20514 
1.20494 
1.20494 
0.880392 
0.892857 
0.840737 
1.20494 
1.20494 
1.20494 
1.20494 
1.20494 
1.34259 
1.20494 
1.20494 
0.938832 
0.913068 
0.963332 
1.20494 
1.20494 
0.844978 
1.90295 
1.28565 
1.91235 
1.90884 
1.91498 
1.92652 
1.94144 
1.20495 
1.20495 
2.12676 
1.85547 
1.20871 
1.20712 
1.93852 
1.85685 
1.81393 
1.82939 
1.8922 
1.90296 
1.11885 
1.95857 
1.96397 
1.69656 
1.23583 
0.763412 
0.775454 
1.20495 
1.20495 
1.92571 
0.920724 
0.900708 
1.20495 
1.20494 
1.20494 
1.50474 
1.51868 
1.67576 
1.66214 
2.31755 
1.84247 
1.83698 
1.91602 
1.92642 
1.20494 
1.20494 
1.20494 
1.67299 
1.60454 
1.15142 
1.20499 
1.20499 
1.34477 
1.88423 
1.89423 
1.60155 
1.62688 
1.2506 
0.810279 
0.79536 
0.993032 
1.30878 
1.40456 
1.20494 
1.34659 
1.41182 
2.16729 
2.09578 
1.92145 
1.92759 
1.9145 
1.88626 
1.93489 
1.13301 
1.23732 
2.30845 
2.34104 
1.67402 
1.69875 
1.20693 
1.645 
1.20494 
1.32266 
1.86814 
1.85077 
1.86427 
1.23146 
1.90247 
1.91207 
1.20495 
1.90998 
1.9184 
1.60954 
1.5926 
1.20495 
0.836565 
1.34551 
1.39533 
1.35981 
1.20494 
1.20494 
1.20494 
1.52062 
1.46459 
2.24789 
2.12521 
2.24122 
1.71658 
1.83057 
1.75773 
1.06736 
1.09313 
1.20494 
1.60638 
1.20565 
1.20494 
0.840047 
1.43489 
0.874276 
1.47973 
1.49183 
1.82914 
1.80869 
1.82293 
1.20494 
1.88971 
1.90249 
1.40719 
1.51554 
1.12817 
0.888972 
0.868446 
0.886724 
0.880813 
1.75167 
1.7747 
1.20494 
1.20494 
0.836607 
0.820469 
1.63576 
1.6199 
2.25157 
2.31199 
2.24686 
1.20494 
1.20494 
1.41392 
1.20494 
1.20494 
1.20176 
1.01021 
0.878856 
0.891421 
1.78834 
1.76578 
1.78008 
1.62417 
1.74684 
1.79822 
1.76307 
1.0558 
1.86558 
0.829023 
1.27133 
1.71943 
1.67148 
1.6876 
1.20494 
1.09698 
1.20494 
0.990301 
1.20495 
1.20495 
1.20494 
1.20494 
1.91488 
1.92343 
1.92213 
1.20494 
1.35572 
1.36306 
0.865187 
1.20514 
0.894521 
0.907002 
1.34877 
1.38175 
1.20533 
1.20565 
1.20533 
1.20495 
1.11218 
1.12671 
1.34577 
1.03179 
1.7586 
1.77498 
1.20494 
1.20495 
1.47992 
0.90031 
0.912853 
1.20504 
1.39328 
1.40226 
1.52692 
1.54033 
1.21471 
1.20494 
1.29454 
1.29893 
1.22793 
1.22249 
1.23807 
1.20494 
1.20494 
1.00007 
1.01377 
1.14512 
1.15988 
1.22018 
1.22079 
1.95705 
1.20494 
1.20494 
1.02074 
1.03473 
0.812836 
1.55267 
1.61758 
1.5662 
1.2051 
1.16303 
1.17791 
1.24419 
1.25998 
0.816602 
0.828708 
1.20495 
1.20495 
1.23857 
1.2401 
1.28846 
1.31913 
1.20494 
1.20494 
1.37557 
1.39159 
1.20495 
1.20494 
1.20494 
1.54689 
1.20538 
1.20559 
1.06882 
1.08301 
1.20528 
1.59023 
1.20494 
1.20494 
1.20504 
1.48194 
1.45175 
1.53052 
1.20764 
1.21247 
1.61062 
0.886794 
0.899245 
1.2062 
1.12045 
1.20494 
1.20494 
1.20494 
0.88443 
1.20494 
1.82542 
1.20504 
1.5512 
1.20494 
1.20495 
0.906275 
0.918937 
1.71758 
1.26065 
1.96324 
0.854326 
0.839198 
1.20494 
1.20494 
1.20494 
1.91452 
1.70311 
1.69211 
2.23022 
1.51113 
1.0458 
0.809512 
0.794418 
1.26721 
1.20494 
1.20494 
0.806006 
1.29169 
1.22865 
1.23289 
1.20494 
1.01638 
1.20494 
1.20494 
1.73295 
1.20495 
1.91199 
1.77899 
1.96151 
1.20494 
1.20494 
1.87079 
1.42333 
1.55035 
1.20717 
1.4405 
1.45691 
2.23245 
1.20494 
1.22892 
1.94021 
1.95683 
1.06987 
1.04341 
0.918601 
1.02401 
1.20494 
1.50822 
1.49234 
0.886833 
0.869888 
0.83259 
2.21969 
1.20494 
1.20494 
1.20494 
1.53164 
1.64266 
1.20494 
1.21702 
1.18189 
1.4208 
1.56576 
0.883744 
1.84178 
1.85649 
0.936687 
0.893555 
0.906013 
1.44544 
0.77843 
1.8624 
1.3911 
1.40669 
1.79714 
1.81306 
1.7635 
1.75448 
1.76142 
1.58241 
1.7738 
1.60086 
1.58355 
1.95274 
1.9609 
2.21249 
1.20494 
1.20494 
1.2745 
1.25283 
0.901447 
1.20503 
0.793082 
1.20494 
1.20494 
1.00387 
0.980902 
1.08257 
1.20495 
1.73544 
1.72458 
1.85603 
1.85057 
0.963342 
1.20496 
1.20494 
1.20494 
1.20494 
1.20494 
1.92956 
1.93291 
1.72295 
1.71154 
1.20494 
1.20494 
0.912997 
1.20559 
1.20559 
0.925003 
0.938041 
1.09682 
0.913164 
1.1114 
1.20494 
1.14283 
1.94851 
1.20494 
1.79289 
1.79753 
1.36173 
1.31784 
1.3284 
1.0575 
1.91215 
1.20494 
1.20495 
1.20495 
1.20622 
0.847661 
1.55977 
1.58492 
1.20495 
1.20494 
1.20494 
1.20494 
1.57549 
1.91142 
1.88808 
1.90173 
1.20494 
1.20494 
1.9323 
1.62966 
1.65474 
0.802811 
0.815392 
2.33171 
2.32788 
1.20495 
1.21504 
1.21097 
1.20494 
1.26717 
1.28307 
1.81004 
1.80255 
1.20494 
1.20494 
1.96301 
1.95441 
1.59615 
1.61085 
1.62372 
0.824924 
0.809199 
1.20496 
1.19695 
1.20494 
1.20494 
1.96167 
1.20502 
1.20508 
1.9767 
1.98569 
1.66499 
1.65077 
1.17671 
1.20523 
0.841449 
0.855224 
0.838079 
1.53557 
1.56056 
2.2647 
2.26093 
1.33378 
1.04311 
1.06953 
1.89868 
1.89565 
0.882407 
0.865624 
1.65774 
1.59643 
0.896248 
1.20494 
1.25507 
1.6396 
0.976497 
0.954833 
1.58997 
1.20494 
1.20494 
1.20495 
1.61055 
1.63632 
1.20502 
1.20498 
1.81856 
1.84081 
2.10258 
1.20494 
1.20495 
1.12295 
1.15107 
1.56614 
1.20497 
1.93613 
1.94278 
1.93738 
1.94281 
1.20494 
1.7071 
1.73267 
1.26361 
1.96284 
2.1071 
1.77032 
1.70013 
1.92527 
1.85451 
1.20494 
0.917135 
1.08721 
1.27459 
1.34184 
1.30758 
2.02374 
0.87929 
0.855395 
1.20494 
1.1127 
1.20494 
1.79453 
1.77045 
1.78651 
1.90134 
1.20494 
1.20494 
1.49181 
1.20494 
1.0642 
1.20494 
1.20494 
1.20494 
1.20494 
1.20494 
1.20494 
1.24127 
1.57956 
2.28862 
2.28336 
1.20494 
1.20494 
1.20494 
1.86586 
1.72058 
1.27107 
1.20702 
1.20494 
1.8796 
1.56995 
1.55462 
1.83196 
1.87693 
1.84723 
1.20495 
1.20495 
1.96468 
1.20612 
1.20705 
1.20613 
0.971993 
0.985376 
2.20506 
2.27567 
1.59235 
1.5661 
1.57452 
1.42647 
1.47982 
1.44188 
0.80871 
1.76738 
1.78358 
1.20494 
1.20494 
1.27806 
1.29371 
1.31003 
1.84754 
2.09936 
1.20494 
1.80992 
1.82595 
1.20496 
1.20496 
1.20494 
1.20494 
1.20494 
0.926915 
1.71073 
1.68628 
1.69878 
1.93624 
1.94049 
1.20511 
0.932453 
0.945256 
1.41761 
0.938492 
0.951217 
0.935914 
0.805836 
0.81817 
1.20854 
1.20861 
1.38374 
1.89893 
1.48907 
1.45581 
1.48065 
1.17363 
0.921856 
0.934821 
1.1909 
1.20638 
1.95707 
1.9391 
1.14158 
0.912382 
0.925168 
0.964028 
1.42562 
1.33684 
1.88507 
1.8661 
1.8812 
1.15728 
1.17243 
1.49095 
1.51395 
1.90936 
1.92321 
0.944915 
0.95769 
1.20494 
1.20494 
1.20494 
1.20494 
1.20494 
1.4646 
1.47594 
1.61854 
1.63363 
1.09957 
1.11456 
1.20494 
1.20494 
1.2092 
1.22473 
1.67045 
1.68613 
1.20511 
1.20494 
1.20494 
1.20494 
1.07555 
1.09032 
1.37465 
1.38237 
1.30452 
1.30903 
1.22871 
1.24429 
1.31707 
1.3338 
0.857355 
1.20495 
1.20497 
0.98905 
1.25717 
1.25948 
1.32157 
1.35211 
1.20494 
1.20494 
1.45756 
1.47413 
1.2053 
1.20502 
1.20494 
1.20494 
1.20494 
1.20495 
1.9758 
1.12677 
1.14171 
1.20528 
1.95306 
1.20496 
1.80129 
1.80166 
2.02979 
0.899347 
1.20552 
1.20495 
2.1037 
0.931727 
0.944756 
1.54507 
1.09718 
1.58022 
1.51441 
0.994445 
1.95418 
1.9576 
0.890803 
2.2644 
1.22084 
1.20494 
1.66965 
0.854255 
0.839124 
0.951569 
0.964493 
1.29321 
1.01334 
1.20552 
1.20523 
1.12766 
0.883911 
1.65425 
1.64241 
1.20494 
1.20494 
1.10218 
1.56458 
1.58967 
0.930101 
0.912609 
1.20494 
1.20498 
1.20494 
1.20494 
1.49562 
0.934534 
1.2144 
1.20494 
1.20494 
1.87243 
1.4167 
1.189 
1.20494 
1.07881 
1.05327 
1.50815 
1.86307 
1.90919 
1.92174 
1.52783 
1.54445 
1.52726 
1.20494 
1.20494 
1.449 
0.931523 
1.42707 
1.20494 
1.61186 
1.55309 
1.20494 
1.93136 
2.21872 
2.32006 
1.73746 
1.7366 
1.20494 
1.24284 
1.22942 
1.59805 
1.5415 
1.52586 
1.28133 
1.92606 
1.93734 
1.74805 
1.73858 
0.938969 
0.951926 
1.47553 
1.49209 
0.839738 
1.88011 
1.89465 
1.71906 
1.61719 
1.62615 
1.20494 
1.20494 
2.04028 
2.10812 
2.04707 
0.939806 
1.21113 
1.64624 
1.71358 
1.66047 
1.20494 
1.20494 
1.94901 
1.20494 
2.16459 
1.20494 
0.861452 
0.946655 
0.967844 
1.20494 
1.68912 
1.67768 
1.82126 
1.6623 
1.64923 
1.6368 
1.78631 
1.20494 
1.20494 
0.8781 
1.83465 
1.20494 
1.20494 
1.936 
1.67555 
1.66371 
1.20494 
1.20505 
0.821381 
1.20602 
1.20603 
0.971851 
1.64358 
1.64679 
1.20494 
1.20494 
1.15663 
1.20494 
1.34285 
1.44229 
1.39575 
1.04552 
1.20494 
1.20494 
1.02297 
1.03688 
1.20495 
1.20495 
0.959637 
1.94924 
1.96016 
1.20494 
1.62358 
1.63996 
0.843586 
0.856814 
1.80131 
1.57165 
1.20494 
1.20494 
1.20494 
1.34165 
1.35849 
1.76928 
1.75981 
1.20494 
1.36773 
1.41247 
1.38457 
1.61171 
1.20496 
1.20497 
1.20494 
1.20494 
1.20494 
1.69127 
1.70615 
1.20495 
1.20494 
1.97144 
2.00237 
1.2494 
1.20494 
1.20494 
0.869704 
0.853371 
1.2871 
0.990211 
1.01838 
1.20544 
1.20642 
1.97961 
1.97722 
1.97393 
2.05826 
2.06546 
1.65016 
1.95016 
2.08186 
1.20837 
1.23744 
0.884507 
0.899262 
1.20494 
1.20494 
2.29398 
2.28766 
1.95606 
1.95607 
1.22336 
1.24607 
2.2585 
2.24456 
1.20523 
1.20508 
1.9659 
1.86666 
1.88888 
1.06772 
1.04272 
1.42663 
1.44541 
1.48582 
1.47128 
1.2304 
1.22081 
1.55863 
1.54531 
1.70861 
1.73566 
2.16638 
0.873834 
1.20494 
1.20494 
1.81346 
1.83856 
1.20494 
0.985479 
0.96507 
1.20495 
1.2651 
1.7872 
1.15412 
1.18307 
1.55224 
0.903663 
1.65371 
1.94936 
1.95157 
1.20494 
1.65831 
1.02693 
1.00387 
1.20593 
0.89936 
0.88421 
1.35209 
1.46043 
1.86662 
1.79701 
1.32079 
1.48082 
1.50515 
0.961104 
1.85198 
1.60846 
1.62336 
1.66418 
1.67986 
1.80373 
1.77739 
1.7954 
1.20495 
1.75241 
1.7255 
1.74258 
1.36942 
1.20494 
1.20494 
1.22124 
1.20494 
0.907255 
1.4467 
1.20494 
1.20494 
1.20494 
1.20494 
1.96847 
1.20494 
2.30036 
2.26707 
2.29225 
1.29671 
1.75197 
1.68964 
1.81764 
1.13404 
1.9274 
1.10001 
1.12878 
1.90816 
1.94345 
1.92144 
1.20495 
1.20495 
1.85567 
1.8314 
1.84918 
1.26168 
1.59874 
0.958323 
0.97849 
0.97146 
0.846379 
0.859197 
0.971449 
1.86032 
1.87535 
1.20494 
1.20494 
1.20494 
1.20494 
1.03272 
1.0469 
0.983713 
1.89718 
1.91163 
1.20494 
1.20497 
1.20497 
1.20494 
1.20494 
1.31446 
1.60039 
1.58624 
1.72273 
0.977211 
0.990378 
1.21021 
1.20688 
1.21137 
0.908151 
0.920895 
1.20494 
1.205 
1.21084 
1.23897 
1.25507 
1.21481 
1.21506 
1.18811 
1.25744 
1.2737 
1.75692 
1.74261 
1.8384 
1.2042 
1.21986 
1.39446 
1.07409 
1.20494 
0.855344 
1.20494 
1.50923 
1.51279 
1.56895 
1.52917 
1.14657 
1.16242 
1.20494 
1.20494 
1.20494 
1.49538 
1.52121 
1.92218 
1.93368 
0.990937 
1.0038 
1.20494 
1.5852 
1.57251 
1.20494 
1.55877 
1.8797 
1.20494 
1.20494 
1.20494 
0.849679 
0.86224 
1.7184 
1.73437 
1.15947 
1.17549 
1.20494 
1.20494 
1.27698 
1.29324 
1.57885 
1.76997 
1.78595 
2.01163 
1.94646 
1.3447 
1.36105 
1.94248 
1.94357 
1.44321 
1.45298 
1.35116 
1.35727 
1.29806 
1.31415 
1.39467 
1.41208 
1.28475 
1.28817 
1.20494 
1.20494 
1.54272 
1.55964 
1.95561 
1.95332 
1.20494 
1.20494 
1.20494 
1.41515 
1.20494 
1.20494 
1.20494 
1.20494 
1.37959 
1.25043 
1.29602 
2.16458 
1.20494 
1.20507 
1.205 
0.925477 
1.61797 
1.066 
0.998598 
1.01159 
1.49031 
1.51474 
1.20593 
1.20544 
0.93 
1.60178 
1.58912 
1.47155 
1.20494 
1.20494 
1.33678 
1.5751 
1.20495 
2.22812 
1.44179 
1.20494 
1.20494 
1.88405 
1.9049 
1.92896 
1.94084 
0.992533 
1.73906 
2.25599 
1.20494 
1.20494 
1.05713 
1.20494 
1.20494 
1.20494 
1.02121 
1.38617 
1.20494 
1.20494 
1.42545 
1.44985 
1.237 
1.20494 
1.96213 
1.97173 
1.61797 
1.63362 
1.43247 
1.41825 
0.886343 
1.205 
1.96754 
1.97954 
1.20494 
1.83322 
1.20494 
1.20494 
1.22134 
1.50552 
1.69185 
1.20494 
1.5154 
1.59499 
1.97063 
1.9788 
1.70251 
1.20494 
1.20494 
0.98647 
1.56484 
1.5821 
1.49786 
1.50352 
1.20689 
1.20691 
1.81529 
1.95119 
1.96351 
1.20494 
1.20494 
1.20837 
1.20841 
1.58609 
1.61214 
1.32698 
2.113 
2.16657 
2.11768 
1.35305 
1.53125 
2.20973 
2.24114 
2.20899 
1.63961 
1.62737 
0.984792 
0.966304 
1.20494 
0.996665 
1.12188 
1.20494 
2.07674 
1.94099 
1.5465 
1.53271 
1.97552 
1.26417 
1.24398 
1.31903 
1.68592 
1.21094 
1.20495 
1.20495 
1.2085 
1.20494 
1.20494 
1.20503 
1.20522 
1.62563 
1.59949 
1.61311 
1.42065 
1.43833 
1.20496 
1.77709 
1.51746 
1.51992 
1.40238 
1.20676 
1.20679 
1.94579 
1.94476 
1.20396 
1.17328 
1.65506 
1.79995 
1.07769 
1.49646 
0.916218 
0.89919 
1.07691 
1.09119 
1.20495 
1.5263 
1.47767 
1.99319 
1.20494 
1.20494 
1.93369 
0.978847 
1.20494 
1.20494 
1.20494 
1.89206 
1.8303 
0.885937 
0.899975 
1.20494 
1.66947 
1.20494 
1.20494 
1.20494 
1.14968 
1.98237 
1.72095 
1.70967 
1.98215 
1.20494 
1.20494 
1.20496 
1.20494 
1.20494 
1.20494 
0.865775 
0.994863 
1.02179 
1.0522 
2.12259 
2.12712 
2.07588 
2.17729 
1.24126 
1.27145 
0.929806 
0.945476 
1.20494 
1.20494 
2.26386 
1.94187 
1.93838 
1.37159 
1.38708 
1.50001 
1.52468 
2.1979 
2.18795 
1.02838 
1.04289 
1.47459 
1.46058 
1.65256 
1.6408 
1.49258 
1.51962 
1.80635 
1.83449 
0.979789 
0.961578 
1.13728 
1.11006 
1.2092 
1.21535 
1.50815 
1.18917 
1.56567 
1.20495 
1.20495 
2.00067 
1.98423 
1.00829 
1.01729 
1.20494 
1.36504 
1.28854 
1.46974 
1.23767 
1.65428 
1.20494 
1.0798 
1.05522 
1.6059 
1.01743 
1.7283 
1.75795 
1.81036 
1.42743 
1.45115 
2.21957 
2.23571 
1.37948 
1.30217 
1.38622 
0.901333 
1.20494 
1.71355 
1.72989 
1.9936 
1.76894 
1.78543 
1.44886 
1.20494 
1.20494 
1.67496 
1.20496 
1.20496 
1.20494 
1.21 
1.20494 
1.20494 
1.20494 
1.90835 
1.53523 
1.51018 
1.52106 
1.79616 
1.78671 
1.70479 
1.64466 
1.20495 
0.963031 
0.938232 
0.995647 
1.66563 
1.32777 
1.96998 
1.9931 
1.98048 
1 
1.03615 
1.05044 
1.30813 
1.32449 
1.94302 
1.95587 
1.20494 
1.20494 
1.20494 
1.20494 
1.08782 
1.10249 
1.03001 
1.98787 
1.97988 
1.98944 
1.20494 
1.20494 
1.20494 
2.08338 
1.99227 
1.20498 
1.20498 
1.03549 
1.01397 
1.20494 
1.20494 
1.20495 
0.888219 
0.901706 
1.02326 
1.03685 
1.97136 
1.98289 
1.76719 
1.20495 
1.7477 
1.22098 
1.20494 
1.54723 
1.10739 
1.13236 
0.891334 
0.904313 
1.20504 
1.20503 
1.1868 
1.2164 
1.20494 
1.20494 
1.53379 
1.50702 
1.52104 
1.3949 
1.50449 
1.03797 
1.05086 
1.20494 
1.20494 
1.20494 
1.65763 
1.68627 
0.931869 
0.946542 
0.951452 
1.20494 
1.20494 
1.20494 
1.82046 
1.83651 
1.22348 
1.2406 
1.20494 
1.20494 
2.23682 
2.16915 
2.22804 
1.34805 
1.36526 
1.44812 
1.46569 
1.9573 
2.02799 
1.8915 
1.42156 
1.43747 
1.04516 
1.059 
1.23061 
1.23143 
1.93377 
1.93181 
1.33298 
1.52916 
1.54083 
1.41423 
1.42203 
1.37021 
1.38674 
1.206 
1.20629 
1.47647 
1.49388 
0.95215 
1.25301 
1.26983 
1.09882 
1.11388 
1.93011 
1.68482 
1.20494 
1.6352 
1.20494 
1.20494 
1.46162 
1.43336 
1.44748 
1.41078 
1.72477 
1.20495 
1.47968 
1.12537 
1.12104 
1.58683 
1.57374 
1.20494 
1.20494 
2.00287 
1.6154 
2.09926 
1.20543 
1.20518 
1.08085 
1.20494 
1.20494 
1.62344 
1.43668 
1.46058 
0.895043 
1.20494 
1.20494 
1.99658 
1.99687 
2.0087 
1.42218 
1.40917 
1.25463 
1.46541 
1.20494 
1.70341 
1.69179 
0.977897 
1.20494 
1.20531 
1.99707 
2.0014 
2.0031 
1.20497 
1.20496 
1.70635 
1.72021 
1.38012 
1.20494 
1.22672 
1.19664 
2.16433 
2.16614 
2.00539 
2.01467 
1.047 
1.0597 
1.20494 
1.20494 
1.20494 
1.98891 
0.95694 
1.0433 
1.59925 
1.58643 
1.20494 
1.82634 
1.85399 
1.20494 
1.47905 
1.20494 
1.20494 
1.20494 
1.20494 
1.20494 
0.911803 
1.34485 
1.49488 
1.6582 
1.67446 
1.20666 
1.40433 
1.40741 
1.20815 
1.2082 
1.00639 
1.02777 
1.01968 
1.92002 
0.975035 
1.20494 
1.20494 
1.20494 
1.21052 
1.21058 
1.50368 
1.52204 
2.19967 
2.19857 
1.20494 
1.20494 
2.22484 
2.2293 
2.22098 
1.24556 
1.26988 
1.06889 
1.21679 
1.23142 
1.20494 
1.16201 
1.49258 
1.29239 
1.91711 
1.31121 
1.41845 
1.20494 
1.20494 
1.20494 
1.66938 
1.59182 
1.20494 
0.907754 
1.20495 
1.20496 
1.20499 
1.70472 
1.76526 
1.2213 
1.21452 
1.20805 
1.20814 
1.92738 
1.92308 
1.5635 
1.53406 
1.56003 
1.1118 
1.79885 
1.93857 
1.90392 
1.13379 
1.14806 
1.20495 
1.60329 
1.62049 
1.59526 
1.54618 
1.53308 
1.30458 
1.20495 
1.6051 
1.20494 
1.20516 
1.97836 
1.20729 
1.43853 
1.20494 
0.930241 
0.945403 
1.86731 
1.66599 
1.65319 
2.1411 
2.13102 
1.27677 
1.20494 
1.20494 
1.0314 
1.01249 
1.67254 
1.20494 
1.20494 
1.20567 
1.20585 
1.05782 
1.08768 
0.964979 
0.947032 
1.32441 
1.84304 
1.78173 
2.16304 
2.01712 
1.28624 
1.20494 
1.92473 
1.94909 
1.62983 
1.68224 
1.92257 
0.977665 
0.993275 
1.20494 
1.20494 
1.20494 
1.91179 
1.90466 
1.36302 
1.37817 
2.08679 
2.15554 
1.90103 
1.09635 
1.07356 
1.20494 
1.20494 
2.01769 
1.96374 
0.97016 
1.21306 
1.18352 
2.01176 
2.01394 
1.36621 
1.38917 
1.20494 
1.21463 
1.32941 
1.64661 
1.20495 
1.42121 
1.52992 
1.69277 
1.37107 
1.20495 
1.42547 
1.45277 
1.88252 
2.16352 
2.13049 
1.71303 
1.74483 
1.82363 
1.56369 
1.13465 
1.10846 
1.2202 
2.05466 
1.93387 
2.04643 
1.98612 
2.0366 
1.20494 
1.20494 
1.20494 
1.20494 
1.20494 
1.69968 
1.20494 
1.87351 
1.88999 
1.35807 
1.46989 
2.0514 
2.05899 
1.20494 
0.995122 
1.25215 
1.20495 
1.20495 
1.20534 
1.27774 
1.20494 
1.73338 
2.09239 
2.13326 
2.09764 
1.20494 
1.07752 
1.66088 
1.43186 
1.20494 
1.00373 
1.20494 
1.20494 
1.20494 
1.20494 
1.20668 
1.20581 
2.03669 
1.08822 
1.10367 
1.75431 
1.78622 
1.38012 
1.39597 
1.62493 
1.20515 
1.20501 
1.20521 
2.00922 
2.01936 
1.49954 
1.5141 
1.14614 
1.16116 
1.58174 
1.55111 
1.56944 
1.20494 
1.20501 
1.205 
1.29642 
1.26673 
1.8933 
1.32042 
1.20494 
1.40243 
1.41915 
1.7663 
1.78213 
2.02632 
2.03431 
1.20494 
1.20494 
1.20494 
0.937817 
1.20495 
1.57299 
1.54657 
1.55959 
1.23061 
1.23085 
1.53033 
1.5455 
1.14185 
1.16619 
1.30619 
1.20511 
1.20532 
1.20509 
1.22096 
1.61202 
1.56219 
1.20494 
1.20494 
1.20494 
1.20494 
1.20769 
1.21158 
1.41249 
1.08549 
1.09886 
1.68595 
0.982332 
1.20495 
1.91728 
1.9323 
1.95533 
1.96882 
1.87376 
1.86746 
1.20494 
1.29202 
1.30999 
0.931754 
0.946058 
2.02085 
2.01767 
1.53176 
1.55004 
1.00325 
1.09724 
1.12215 
1.11176 
1.2461 
1.24719 
1.91138 
1.88797 
1.90662 
1.32142 
1.33944 
1.63076 
1.64405 
1.49551 
1.50447 
1.5609 
1.57725 
1.20495 
1.20495 
1.20495 
1.71722 
1.33828 
1.35561 
1.15857 
1.17395 
1.75233 
1.76873 
1.67449 
1.6656 
1.65218 
1.42275 
1.44162 
1.20494 
1.84029 
1.57565 
1.17762 
1.5309 
1.51706 
1.06505 
1.22025 
1.21392 
2.10342 
1.20494 
1.20494 
1.03423 
1.60203 
2.00796 
1.08842 
1.06551 
1.20494 
1.48539 
1.44409 
1.20494 
1.20494 
1.63133 
1.97294 
1.9161 
1.71319 
1.4461 
1.47036 
1.20494 
1.99818 
1.20494 
1.31992 
1.32353 
1.3742 
1.20498 
1.13704 
1.84671 
1.32453 
1.25772 
1.64815 
1.63493 
2.00556 
1.37508 
1.39811 
1.40764 
1.39634 
1.78739 
1.80322 
1.20494 
1.09114 
1.07059 
2.18814 
2.18611 
2.0386 
2.04388 
1.09575 
1.10793 
1.02644 
1.99231 
1.55696 
1.20494 
1.38504 
1.43932 
1.37957 
2.01329 
2.02054 
1.5434 
1.52916 
1.20494 
1.20494 
1.20494 
0.942194 
1.3346 
1.33662 
1.26385 
1.23392 
1.26729 
1.75088 
1.76373 
1.57959 
1.14345 
1.16065 
2.04321 
1.2693 
1.29508 
1.26334 
1.21026 
1.2104 
1.05641 
1.07932 
1.06947 
1.00801 
1.20494 
1.20494 
1.59041 
1.60813 
2.20362 
2.19896 
1.20494 
2.20545 
2.1984 
1.2058 
1.53281 
1.66157 
1.98046 
1.9782 
1.20494 
1.96651 
1.94529 
1.96367 
1.19587 
1.02675 
1.73224 
1.68086 
2.17196 
1.28927 
1.20494 
1.20494 
0.954977 
1.48834 
1.20495 
1.20495 
1.20495 
1.02214 
1.46691 
2.00303 
2.00356 
1.21038 
1.48094 
1.89492 
1.8869 
1.20494 
1.38922 
1.35935 
1.37692 
1.49452 
1.17085 
1.69665 
1.71509 
1.19318 
1.20673 
0.934232 
1.34668 
1.64519 
1.44052 
1.46821 
1.0847 
1.48241 
1.45601 
1.46933 
0.950907 
1.37135 
1.35785 
1.67281 
1.70703 
1.2863 
1.28832 
1.60556 
1.59166 
1.37119 
1.35731 
0.959745 
1.20494 
1.20494 
0.977566 
0.993682 
2.0199 
1.20494 
1.20494 
1.01658 
0.997588 
1.20494 
1.20494 
1.20544 
1.42633 
1.38719 
1.33819 
1.9751 
1.09346 
1.63176 
1.3289 
1.46195 
1.89038 
1.20494 
1.0266 
1.04118 
1.20494 
1.20494 
1.86593 
1.85588 
2.10707 
2.07076 
1.88264 
1.86925 
1.20494 
1.20494 
1.20498 
1.20496 
2.00432 
2.02041 
1.20494 
1.20494 
2.17892 
2.17096 
1.47535 
1.50773 
1.21062 
1.208 
1.18685 
1.19968 
0.947941 
1.61153 
1.31997 
1.30682 
1.11947 
1.14594 
1.20554 
1.20645 
1.19037 
1.16266 
1.08021 
1.06109 
1.20494 
1.20494 
1.20494 
1.20494 
1.5431 
1.99127 
1.15365 
1.12941 
2.0577 
0.978943 
0.986133 
1.13434 
1.24475 
1.56064 
1.04387 
2.04537 
2.19015 
1.20494 
1.20494 
1.20494 
1.37317 
1.40138 
1.73676 
1.79594 
1.75364 
1.51487 
1.11887 
1.67626 
1.42829 
1.77598 
1.80815 
1.45248 
1.46708 
2.05494 
2.06211 
2.17397 
2.16436 
1.57561 
1.58745 
1.20494 
1.20494 
1.20765 
1.2225 
1.20494 
1.20494 
1.52702 
1.49567 
1.51434 
1.20504 
1.20503 
2.16674 
2.15576 
1.39363 
1.29101 
1.31313 
1.47915 
1.4937 
1.88016 
1.96995 
1.20494 
2.05882 
2.06342 
1.20494 
1.20494 
1.20494 
1.35024 
1.43406 
1.20494 
1.61062 
1.62294 
1.45606 
1.20494 
1.23546 
0.981812 
0.999195 
0.99575 
1.23184 
1.20066 
1.93111 
1.94719 
1.26977 
1.27047 
2.18058 
1.20495 
1.20495 
1.21239 
1.22161 
1.20494 
1.20494 
1.20494 
2.00096 
2.01419 
1.20494 
1.20494 
1.20494 
2.02685 
2.03742 
1.36483 
0.977365 
0.993436 
0.993399 
2.02298 
1.61782 
1.63746 
1.07326 
1.74399 
1.75998 
1.59238 
1.59945 
1.64481 
1.65877 
1.61786 
1.4092 
1.42797 
1.81135 
1.82353 
1.31527 
1.33774 
0.991596 
1.00418 
1.30202 
1.34513 
1.30581 
1.22148 
1.25159 
1.23715 
1.88345 
1.91611 
1.8375 
1.54163 
1.571 
1.60063 
1.50421 
1.52108 
1.4804 
1.50561 
2.14385 
1.08613 
1.07574 
1.12014 
1.47225 
1.4581 
1.64711 
1.07696 
1.05742 
1.35016 
1.84155 
1.74358 
1.07169 
1.05158 
1.856 
1.20494 
1.20494 
1.20494 
1.20494 
1.97064 
1.20494 
1.20494 
1.92528 
1.86767 
1.38371 
1.40681 
1.27779 
1.27921 
1.20495 
1.20495 
2.06062 
2.02084 
2.03055 
1.98544 
1.21405 
1.58736 
1.5729 
1.44521 
1.20494 
1.42959 
1.9804 
1.20509 
1.20512 
1.0103 
2.10827 
1.36031 
1.76528 
1.27884 
1.867 
1.88414 
2.12982 
1.1264 
1.2051 
2.04727 
2.04869 
1.14323 
1.15671 
2.05424 
1.20494 
1.20494 
1.68926 
1.1341 
1.11506 
1.13975 
2.03529 
2.03862 
1.48485 
1.41597 
1.39226 
1.4016 
1.33382 
1.29805 
1.69652 
1.66505 
1.20322 
1.20508 
1.205 
1.79897 
1.83178 
1.28037 
1.24922 
1.2139 
1.21435 
1.10774 
1.11974 
1.20494 
1.20494 
1.6774 
1.69286 
1.20498 
1.20496 
1.20499 
2.13305 
1.20494 
2.15152 
2.09758 
2.14197 
1.6624 
1.79683 
1.95491 
1.94774 
1.83408 
1.84164 
1.20494 
1.20494 
1.20494 
1.23917 
1.51749 
1.49105 
1.50317 
1.8937 
2.14127 
1.20494 
1.20805 
1.20647 
1.20494 
1.20494 
1.20495 
1.98841 
1.98523 
2.04926 
1.24424 
1.22855 
1.20521 
1.20518 
1.91873 
1.90867 
1.84749 
1.83457 
1.26587 
1.79418 
1.8089 
1.14821 
1.17575 
1.25439 
1.20562 
1.20643 
1.20557 
1.27059 
1.25691 
1.20494 
1.20494 
1.43096 
1.31662 
1.3043 
1.69428 
1.72903 
1.25556 
1.25772 
1.20494 
1.54107 
1.52644 
1.41204 
1.3983 
1.0289 
1.04337 
1.37988 
1.3829 
1.34915 
1.15103 
1.16721 
1.95907 
1.20667 
1.20905 
1.20494 
1.20494 
2.03397 
1.21476 
1.52478 
1.45493 
1.8773 
1.84894 
1.86982 
1.72779 
1.83385 
1.58055 
1.20495 
1.20495 
1.20495 
2.13205 
1.52042 
1.84997 
1.79999 
1.58576 
1.62079 
1.20527 
1.54398 
1.41399 
1.95468 
1.94889 
1.20494 
1.20494 
1.80768 
1.79818 
2.07546 
2.03283 
1.31019 
1.29528 
1.24848 
1.24949 
1.20504 
1.20507 
1.20494 
1.20494 
1.55975 
2.11233 
2.14059 
1.36082 
1.34627 
1.46816 
1.49327 
1.22305 
1.19809 
1.82404 
1.22049 
1.22149 
2.1364 
2.12749 
1.20495 
1.77677 
1.26579 
1.23396 
1.41674 
1.43989 
1.54618 
1.39873 
1.56596 
1.98233 
1.51186 
1.20494 
1.96509 
1.14416 
1.11942 
1.32418 
1.41839 
1.40653 
1.18502 
1.97728 
2.0055 
1.20494 
1.20494 
1.20494 
1.41788 
1.4529 
2.15367 
2.08095 
1.26566 
1.63966 
1.63 
1.17926 
1.3904 
1.82726 
1.88136 
1.84905 
1.30321 
1.20494 
1.24205 
1.22302 
1.2437 
1.52159 
2.07676 
2.07973 
1.79738 
2.10932 
2.09098 
1.64506 
1.93898 
1.93291 
1.21936 
1.21983 
1.27147 
1.28583 
2.05777 
1.79238 
1.73091 
1.55257 
1.56304 
1.20494 
1.20494 
2.0678 
2.06815 
1.20494 
1.68562 
1.69222 
1.78238 
1.91056 
1.33706 
1.30146 
1.33198 
2.02611 
2.03904 
1.20494 
1.20494 
1.20494 
1.30277 
1.20495 
1.20495 
1.20494 
1.20494 
1.49283 
1.47736 
1.45693 
1.20494 
1.70801 
1.725 
1.21543 
1.21049 
1.17637 
2.06479 
1.87211 
1.89783 
1.72422 
1.73444 
1.48254 
1.91416 
1.9268 
1.32381 
1.28778 
1.34555 
1.03643 
1.47285 
1.49228 
1.58561 
1.59783 
1.5559 
1.31829 
2.0509 
2.06448 
1.21583 
1.20532 
1.20587 
1.61071 
1.62893 
1.20495 
1.20495 
1.04438 
1.05605 
1.43942 
1.36606 
1.5475 
1.83558 
1.87434 
1.92905 
1.92091 
2.14641 
2.1312 
2.14105 
1.22668 
1.11476 
1.23043 
1.23154 
1.14119 
1.22853 
1.80726 
1.91097 
2.11033 
1.3018 
1.13026 
1.10919 
1.20494 
1.13252 
1.20494 
1.20494 
1.35344 
1.19892 
1.17599 
1.20501 
1.81116 
1.76145 
1.94448 
1.94141 
2.03226 
1.20494 
1.20494 
1.52232 
1.50731 
1.52281 
1.04918 
1.03127 
1.20494 
1.20494 
1.23036 
1.20494 
1.26838 
1.53242 
1.77649 
1.22169 
1.38238 
1.30502 
1.2908 
1.20532 
1.19253 
1.2073 
1.09383 
2.07037 
2.05505 
1.13429 
2.00792 
2.03198 
2.02955 
1.21395 
1.18771 
1.35266 
1.33076 
1.33766 
1.31745 
1.20494 
1.75315 
1.74326 
1.20494 
1.22759 
1.22763 
1.20499 
1.20496 
2.03413 
1.2052 
1.23238 
1.26775 
2.12491 
2.10673 
1.15839 
1.1679 
1.20494 
1.75885 
1.77146 
1.20497 
1.20498 
1.26145 
1.37277 
2.00029 
1.90027 
1.99395 
1.2289 
1.23075 
1.90646 
1.89258 
1.33679 
1.35152 
2.0584 
1.66699 
1.6574 
1.75348 
1.89659 
1.91012 
1.20494 
1.20494 
1.79158 
1.47227 
1.45864 
1.20494 
1.44385 
1.20494 
1.20494 
1.20494 
1.50546 
1.47552 
1.48931 
1.45906 
1.61339 
1.22089 
1.20819 
1.20494 
1.20495 
1.77501 
1.8117 
2.11311 
1.20538 
1.24444 
1.21638 
1.20494 
1.78198 
1.76519 
1.20787 
1.20494 
1.88368 
1.89168 
1.65352 
1.44855 
1.42425 
1.4328 
1.06458 
1.26364 
1.49931 
1.20494 
1.20494 
2.07577 
1.53726 
1.47506 
1.43993 
1.71722 
1.23693 
1.23913 
1.36683 
1.33373 
1.4738 
1.45866 
1.35081 
1.35173 
1.33873 
1.07928 
2.03005 
1.02723 
1.04555 
1.4961 
1.5309 
1.02491 
1.04256 
1.30003 
1.26302 
1.21057 
1.2076 
1.20494 
1.20494 
1.46862 
1.4067 
1.20494 
1.20494 
1.22374 
1.61763 
1.83313 
1.82167 
2.07584 
1.28727 
1.30269 
1.20495 
1.20495 
1.64443 
1.69243 
1.50681 
1.98736 
1.35504 
1.41888 
1.3586 
1.33482 
1.30284 
1.60603 
1.64171 
1.27056 
1.377 
1.90499 
1.8972 
1.20494 
1.74527 
1.20494 
1.42292 
2.03698 
1.98811 
1.2616 
1.25105 
1.20494 
1.18673 
1.16716 
1.20503 
1.20515 
1.95458 
1.91134 
1.51968 
1.61678 
1.54251 
1.39792 
1.20562 
1.20553 
1.41582 
1.39872 
1.79453 
2.08285 
1.51668 
2.08576 
1.69596 
1.20494 
1.20494 
2.09349 
1.21532 
1.26416 
1.23235 
1.17482 
1.18581 
1.94046 
1.1889 
1.97134 
1.20495 
2.02366 
2.02041 
1.23559 
1.20494 
1.21867 
1.74518 
1.20494 
1.83242 
1.09781 
1.2377 
1.13497 
1.26395 
1.2818 
1.69252 
1.20494 
2.03597 
2.00102 
1.61327 
2.07169 
1.24803 
1.24617 
1.26878 
1.42307 
1.73977 
2.09912 
1.17434 
1.44189 
1.02837 
1.20517 
1.20503 
1.79107 
1.04636 
2.10018 
1.56662 
2.06852 
2.04828 
2.04266 
1.54961 
1.20495 
2.00427 
1.82283 
2.091 
2.07164 
2.09276 
1.20952 
1.20494 
1.04119 
2.11461 
2.04462 
1.21607 
1.23172 
1.19918 
1.23397 
1.87141 
1.19177 
1.6953 
2.02054 
1.40224 
1.36582 
1.3923 
1.83752 
1.20494 
1.20607 
1.20597 
1.25414 
1.20494 
1.20495 
1.80391 
1.69636 
1.37076 
1.42238 
1.07104 
1.59287 
1.60192 
1.34532 
2.01017 
1.79216 
1.66427 
1.62717 
1.65102 
1.33597 
1.32137 
1.2358 
1.63919 
1.55876 
1.2254 
2.01739 
1.97862 
2.03674 
1.29346 
1.79651 
1.56782 
1.40602 
1.20495 
1.20496 
1.20495 
1.43811 
1.43195 
1.28788 
1.7051 
1.33363 
1.55222 
1.66204 
1.36029 
1.38311 
2.10623 
1.28767 
1.35752 
1.20494 
1.20596 
1.20737 
1.20495 
1.09111 
1.24061 
1.25965 
1.24174 
1.70812 
1.83285 
1.93891 
1.75058 
1.2827 
1.31469 
1.22206 
1.74762 
1.38889 
1.31636 
1.90779 
1.45506 
1.43995 
1.44002 
1.20494 
1.98124 
1.16979 
1.86885 
1.87141 
1.57474 
1.66452 
1.85944 
1.23976 
1.27361 
1.95605 
1.20494 
1.10163 
1.24705 
1.20494 
1.18913 
1.87596 
1.20494 
1.22221 
1.6492 
1.76387 
1.20494 
1.89913 
1.91816 
1.11336 
1.29077 
1.13648 
1.08486 
1.26126 
1.24376 
1.29783 
1.20596 
1.42231 
1.12323 
1.35462 
1.15396 
1.26004 
2.10624 
2.07941 
1.88671 
1.30593 
2.00379 
1.92558 
1.9377 
1.17075 
1.1588 
1.20169 
1.29679 
1.28115 
1.205 
1.21695 
1.21739 
1.20494 
1.20494 
1.20494 
1.36262 
1.588 
1.62947 
1.34941 
1.20238 
1.2149 
1.83086 
1.20496 
1.20497 
1.19082 
2.10954 
2.0706 
1.20494 
1.20494 
1.2054 
1.84168 
1.40308 
1.37123 
1.95645 
1.20747 
1.83198 
1.08496 
1.20494 
2.10294 
1.33198 
1.32042 
1.38849 
1.40249 
1.87328 
1.20496 
1.32404 
1.20494 
1.2731 
1.96296 
1.36436 
2.0275 
1.80355 
1.21489 
1.20677 
1.20656 
1.24968 
1.35456 
1.40471 
1.20494 
1.53345 
1.08838 
1.0757 
1.20494 
1.28375 
1.22131 
1.22037 
1.21447 
1.33996 
1.4518 
1.31876 
1.35436 
1.20495 
1.20495 
1.42447 
1.31817 
1.56951 
1.21158 
1.20788 
1.21108 
1.20542 
1.20495 
1.21327 
1.19882 
1.46235 
1.2978 
1.73254 
1.2313 
1.30327 
1.27496 
1.20514 
1.94173 
1.15293 
1.18492 
1.16217 
1.4757 
1.18543 
1.9502 
1.20494 
1.55005 
1.08014 
1.24669 
1.92128 
1.79412 
1.20494 
1.16448 
1.1001 
1.66026 
1.20496 
1.44162 
1.33539 
1.36907 
1.99061 
1.68559 
1.09919 
1.96831 
1.98318 
1.26081 
1.33141 
1.37572 
1.96799 
1.13012 
1.13151 
1.20503 
1.30636 
1.32616 
1.45754 
2.1022 
1.20495 
1.89656 
1.7807 
1.88142 
1.5964 
1.22523 
1.31216 
1.37654 
1.29235 
1.36946 
1.75709 
1.20588 
1.37162 
1.70039 
1.65076 
1.64238 
1.38701 
2.08738 
2.0822 
2.07301 
1.20943 
1.80525 
1.83212 
1.2653 
1.67521 
1.51476 
1.30823 
1.77654 
1.20501 
1.1562 
1.28004 
1.20705 
1.41589 
1.52912 
2.00331 
1.36617 
1.50974 
1.78045 
1.8634 
1.99893 
1.3257 
1.72989 
1.42149 
1.20344 
1.69851 
1.96257 
1.43699 
1.26457 
1.17678 
1.75095 
1.10152 
1.20911 
1.21174 
1.24013 
1.15775 
1.13567 
1.27321 
1.24762 
2.04503 
1.69271 
1.20774 
1.27621 
1.16381 
2.03448 
1.20719 
1.2324 
1.20825 
1.20497 
1.58415 
1.76326 
1.70997 
1.20496 
1.26496 
1.21232 
1.98631 
1.21616 
1.12114 
1.22318 
1.08986 
2.01824 
1.23397 
1.11527 
1.1683 
2.04688 
1.14227 
