0.00120267 
0.00170501 
0.00233928 
0.00314101 
0.00408951 
0.00517327 
0.00638986 
0.00773946 
0.00921946 
0.0108264 
0.0125592 
0.0144112 
0.0163776 
0.0184472 
0.0206115 
0.0228576 
0.0251684 
0.0275333 
0.0299297 
0.032335 
0.0347303 
0.0370957 
0.0393929 
0.0416076 
0.0437032 
0.0456611 
0.0474408 
0.0490263 
0.0503747 
0.0514659 
0.0522756 
0.0527786 
0.0529446 
0.0527628 
0.0522089 
0.0512661 
0.0499286 
0.0481729 
0.0460012 
0.0433982 
0.0403697 
0.0369246 
0.0330839 
0.0289108 
0.0245118 
0.0200065 
0.015494 
0.0107801 
0.00471368 
0.00554079 
0.00643716 
0.00766768 
0.00926522 
0.0111229 
0.0132045 
0.0154945 
0.0179861 
0.0206709 
0.0235391 
0.0265841 
0.0297919 
0.0331502 
0.0366424 
0.0402487 
0.0439489 
0.0477179 
0.051529 
0.0553532 
0.0591584 
0.0629121 
0.0665791 
0.0701234 
0.0735039 
0.0766822 
0.0796201 
0.0822742 
0.0846127 
0.0865898 
0.0881701 
0.0893177 
0.0900024 
0.0901893 
0.0898558 
0.0889764 
0.0875332 
0.0855028 
0.0828813 
0.0796498 
0.0758062 
0.0713465 
0.0662668 
0.0605791 
0.0543099 
0.0475035 
0.0402542 
0.0326705 
0.0248512 
0.0167188 
0.00784597 
0.0121796 
0.0131359 
0.0151004 
0.0175642 
0.0203494 
0.0233913 
0.0266633 
0.0301498 
0.0338342 
0.037703 
0.0417377 
0.0459184 
0.050224 
0.0546308 
0.0591107 
0.0636374 
0.0681767 
0.0726974 
0.0771643 
0.0815386 
0.0857829 
0.089858 
0.093722 
0.0973366 
0.10066 
0.10365 
0.106263 
0.108468 
0.110222 
0.111489 
0.112238 
0.112436 
0.112059 
0.111079 
0.109478 
0.107243 
0.104359 
0.100815 
0.0966109 
0.09174 
0.0862044 
0.0800018 
0.0731408 
0.0656292 
0.0574927 
0.0487777 
0.0395517 
0.0298931 
0.0198417 
0.00939225 
0.0193089 
0.020584 
0.0232123 
0.0264318 
0.0299933 
0.0338092 
0.0378428 
0.042072 
0.0464743 
0.051028 
0.0557097 
0.0604919 
0.0653497 
0.0702513 
0.0751667 
0.0800644 
0.0849068 
0.0896603 
0.0942896 
0.0987539 
0.103016 
0.107038 
0.110781 
0.114206 
0.117275 
0.119952 
0.122198 
0.123983 
0.125271 
0.126033 
0.12624 
0.125867 
0.124895 
0.123301 
0.121073 
0.118201 
0.114677 
0.110497 
0.105661 
0.10017 
0.0940283 
0.0872352 
0.0797914 
0.0716898 
0.0629261 
0.0534993 
0.0434299 
0.0327717 
0.0216435 
0.0102663 
0.0268519 
0.0285223 
0.0317475 
0.0356148 
0.0398156 
0.0442458 
0.0488614 
0.0536326 
0.058534 
0.0635362 
0.0686111 
0.073729 
0.0788586 
0.0839665 
0.089021 
0.0939875 
0.0988302 
0.103516 
0.108008 
0.112272 
0.116272 
0.119974 
0.123343 
0.126348 
0.128954 
0.131132 
0.132851 
0.134085 
0.134807 
0.134994 
0.134622 
0.133676 
0.132139 
0.129998 
0.127242 
0.123869 
0.119873 
0.115256 
0.110022 
0.104177 
0.0977255 
0.0906695 
0.0830028 
0.0747068 
0.0657472 
0.0560802 
0.0456716 
0.0345413 
0.0228441 
0.0109054 
0.0347711 
0.0368448 
0.0405996 
0.0450081 
0.0497232 
0.0546267 
0.0596673 
0.0648105 
0.0700261 
0.0752803 
0.0805418 
0.0857773 
0.0909539 
0.0960386 
0.100997 
0.105798 
0.110407 
0.114793 
0.118924 
0.122769 
0.1263 
0.129487 
0.132303 
0.134723 
0.136721 
0.138274 
0.139361 
0.139962 
0.140059 
0.139635 
0.138677 
0.137172 
0.135111 
0.132487 
0.129294 
0.125534 
0.121204 
0.116312 
0.110863 
0.104866 
0.0983297 
0.0912561 
0.083638 
0.075448 
0.0666304 
0.057103 
0.0467745 
0.0356072 
0.0237324 
0.0114823 
0.0430155 
0.0454759 
0.0496852 
0.0545259 
0.0596273 
0.0648625 
0.0701734 
0.0755205 
0.0808693 
0.086183 
0.091428 
0.0965695 
0.101575 
0.106411 
0.111048 
0.115455 
0.119603 
0.123466 
0.127019 
0.130237 
0.133099 
0.135584 
0.137674 
0.139352 
0.140601 
0.141409 
0.141763 
0.141652 
0.141067 
0.14 
0.138444 
0.136395 
0.133849 
0.130805 
0.127263 
0.123224 
0.118695 
0.113682 
0.108192 
0.102237 
0.0958278 
0.0889679 
0.0816524 
0.0738533 
0.0655059 
0.0565007 
0.0466905 
0.0359532 
0.0243245 
0.0120298 
0.0514956 
0.0543109 
0.0588821 
0.064029 
0.0693702 
0.0747732 
0.0801758 
0.0855327 
0.0908062 
0.0959582 
0.100953 
0.105758 
0.11034 
0.114672 
0.118727 
0.12248 
0.125909 
0.128996 
0.131723 
0.134077 
0.136045 
0.137617 
0.138785 
0.139544 
0.139889 
0.139817 
0.139327 
0.138417 
0.137088 
0.135341 
0.133178 
0.130602 
0.127615 
0.124222 
0.120426 
0.116234 
0.111653 
0.106691 
0.101356 
0.0956594 
0.0896115 
0.0832195 
0.0764804 
0.0693756 
0.0618445 
0.0537708 
0.0449698 
0.0352202 
0.0243894 
0.012455 
0.0600523 
0.0631704 
0.0679787 
0.073268 
0.0786606 
0.0840228 
0.0892875 
0.0944072 
0.0993411 
0.104052 
0.108504 
0.11267 
0.11652 
0.120034 
0.123192 
0.125979 
0.128383 
0.130395 
0.132012 
0.133231 
0.134053 
0.13448 
0.134519 
0.134175 
0.133458 
0.132375 
0.130937 
0.129155 
0.127039 
0.124599 
0.121846 
0.118788 
0.115437 
0.111798 
0.107882 
0.103697 
0.0992489 
0.0945468 
0.0895976 
0.0844109 
0.0789922 
0.0733515 
0.0674858 
0.0613876 
0.0550145 
0.0482698 
0.0409669 
0.0328115 
0.0234656 
0.0125187 
0.0684164 
0.0717536 
0.0766209 
0.0818292 
0.0870191 
0.0920604 
0.096885 
0.101445 
0.105699 
0.109613 
0.11316 
0.116315 
0.119062 
0.12139 
0.123291 
0.124763 
0.12581 
0.126439 
0.126659 
0.126485 
0.125931 
0.125018 
0.123764 
0.122191 
0.120318 
0.11817 
0.115764 
0.113123 
0.110266 
0.107211 
0.103974 
0.10057 
0.0970132 
0.0933124 
0.0894782 
0.0855186 
0.0814412 
0.0772496 
0.0729475 
0.0685389 
0.0640271 
0.0594119 
0.0546928 
0.0498666 
0.0449132 
0.0397738 
0.0343074 
0.028219 
0.021019 
0.0118507 
0.0761675 
0.0795901 
0.0842644 
0.0890878 
0.0937369 
0.0980927 
0.102091 
0.105688 
0.10885 
0.111551 
0.113775 
0.115514 
0.116765 
0.117536 
0.117838 
0.117688 
0.117107 
0.116122 
0.114762 
0.113059 
0.111044 
0.108752 
0.106214 
0.103467 
0.100541 
0.0974667 
0.0942708 
0.0909815 
0.0876201 
0.084208 
0.0807637 
0.0772982 
0.0738278 
0.0703587 
0.0668955 
0.0634443 
0.0600083 
0.0565832 
0.0531707 
0.0497655 
0.0463625 
0.0429553 
0.0395386 
0.0361066 
0.0326493 
0.0291481 
0.0255338 
0.0215981 
0.0168506 
0.0101262 
0.0826991 
0.0860115 
0.0901542 
0.0942019 
0.0978904 
0.101123 
0.103848 
0.106036 
0.107668 
0.108738 
0.109251 
0.109222 
0.108675 
0.107639 
0.10615 
0.104251 
0.101984 
0.0993977 
0.0965373 
0.093452 
0.0901869 
0.0867846 
0.0832888 
0.0797345 
0.0761592 
0.0725913 
0.0690586 
0.0655809 
0.0621771 
0.0588615 
0.0556429 
0.0525305 
0.0495276 
0.0466338 
0.0438486 
0.0411674 
0.0385877 
0.0361003 
0.0337 
0.0313737 
0.0291143 
0.0269095 
0.0247454 
0.0226096 
0.0204934 
0.0183929 
0.0162966 
0.0141228 
0.0115377 
0.00740026 
0.0872272 
0.0901657 
0.0933667 
0.0961886 
0.0984571 
0.100114 
0.101135 
0.101516 
0.101269 
0.10042 
0.0990055 
0.0970722 
0.0946746 
0.0918735 
0.088729 
0.0853062 
0.0816691 
0.0778767 
0.0739865 
0.0700522 
0.0661194 
0.0622307 
0.0584201 
0.0547171 
0.0511453 
0.0477233 
0.0444621 
0.0413711 
0.0384533 
0.0357095 
0.0331392 
0.0307355 
0.0284951 
0.0264066 
0.0244644 
0.0226588 
0.0209774 
0.0194119 
0.0179522 
0.0165846 
0.0153002 
0.0140846 
0.0129242 
0.0118008 
0.0106992 
0.00960868 
0.00853427 
0.00748018 
0.00632795 
0.0042799 
0.0888671 
0.0911249 
0.0929579 
0.0941229 
0.0945712 
0.0943036 
0.0933414 
0.0917232 
0.089503 
0.0867474 
0.0835313 
0.0799366 
0.0760453 
0.0719402 
0.0677013 
0.0633982 
0.0590994 
0.0548596 
0.0507275 
0.0467424 
0.0429345 
0.0393243 
0.0359278 
0.0327534 
0.0298015 
0.0270723 
0.0245605 
0.0222571 
0.0201526 
0.0182372 
0.0164976 
0.0149222 
0.0134993 
0.0122158 
0.0110614 
0.010025 
0.00909444 
0.00826051 
0.00751354 
0.00684385 
0.00624277 
0.00570016 
0.00520316 
0.00473731 
0.00428246 
0.00381786 
0.00333043 
0.00283948 
0.0023748 
0.00160511 
0.0868192 
0.088104 
0.0882352 
0.0874638 
0.0859003 
0.0836249 
0.0807188 
0.0772726 
0.0733854 
0.0691623 
0.0647065 
0.0601195 
0.0554932 
0.0509095 
0.0464374 
0.0421346 
0.038042 
0.0341919 
0.0306037 
0.0272865 
0.0242425 
0.0214667 
0.0189513 
0.0166828 
0.0146453 
0.0128231 
0.0112004 
0.00975855 
0.00848273 
0.00735761 
0.0063672 
0.0054993 
0.0047413 
0.00408204 
0.00351108 
0.00301866 
0.00259738 
0.00223888 
0.00193692 
0.00168468 
0.00147617 
0.00130493 
0.00116405 
0.0010436 
0.000928217 
0.000792973 
0.000608425 
0.000363781 
0.000119869 
-8.47659e-05 
0.0806528 
0.0807762 
0.0791037 
0.0764184 
0.0730078 
0.0690383 
0.0646492 
0.059973 
0.0551372 
0.0502587 
0.0454414 
0.0407727 
0.0363219 
0.0321382 
0.0282579 
0.0246981 
0.0214636 
0.0185523 
0.0159504 
0.0136413 
0.0116032 
0.00981499 
0.00825269 
0.00689388 
0.00571682 
0.00470078 
0.00382743 
0.00307926 
0.00244078 
0.00189895 
0.0014407 
0.00105605 
0.000735056 
0.000469802 
0.000253059 
7.87231e-05 
-5.88049e-05 
-0.000164036 
-0.000241124 
-0.00029374 
-0.000324999 
-0.00033828 
-0.00033688 
-0.000325728 
-0.000313094 
-0.00031481 
-0.000360211 
-0.000484014 
-0.00067305 
-0.000748113 
0.0706085 
0.0695731 
0.0663374 
0.0621542 
0.0574672 
0.0525097 
0.0474509 
0.0424301 
0.0375637 
0.0329413 
0.0286296 
0.0246706 
0.0210869 
0.0178834 
0.0150495 
0.0125681 
0.0104135 
0.00855679 
0.00696797 
0.00561626 
0.00447324 
0.00351234 
0.00270866 
0.00203946 
0.00148628 
0.00103109 
0.000659149 
0.000357312 
0.00011462 
-7.82357e-05 
-0.000229971 
-0.00034693 
-0.000434914 
-0.000499234 
-0.000543484 
-0.000571421 
-0.000585582 
-0.000588524 
-0.000582089 
-0.000567922 
-0.000547612 
-0.000522127 
-0.000492871 
-0.000461471 
-0.000430839 
-0.000407782 
-0.000407633 
-0.000459453 
-0.000587694 
-0.0006813 
0.0577564 
0.0557927 
0.0515704 
0.0466367 
0.0415218 
0.0364739 
0.0316447 
0.0271354 
0.0230113 
0.0193068 
0.0160333 
0.0131807 
0.0107264 
0.00863904 
0.00688128 
0.00541586 
0.00420388 
0.00321027 
0.00240255 
0.00175078 
0.00122975 
0.000816616 
0.000492467 
0.00024082 
4.80128e-05 
-9.73828e-05 
-0.000204811 
-0.000282153 
-0.00033573 
-0.000370829 
-0.00039156 
-0.000401237 
-0.000402727 
-0.000397866 
-0.000388382 
-0.000375607 
-0.000360517 
-0.000343809 
-0.000326021 
-0.000307709 
-0.000289073 
-0.000270468 
-0.00025213 
-0.000234403 
-0.000218019 
-0.000204757 
-0.000199607 
-0.000215369 
-0.000272817 
-0.000348631 
0.0438378 
0.0413457 
0.0368904 
0.0320532 
0.0273502 
0.0229853 
0.01905 
0.0155813 
0.012582 
0.0100325 
0.00789828 
0.0061365 
0.00470005 
0.00354378 
0.00262346 
0.00189944 
0.00133629 
0.000903736 
0.000575757 
0.000330842 
0.000150874 
2.13007e-05 
-6.96042e-05 
-0.000131331 
-0.000171308 
-0.000195236 
-0.000207567 
-0.000211666 
-0.00020998 
-0.000204428 
-0.000196339 
-0.000186735 
-0.000176293 
-0.000165543 
-0.000154834 
-0.000144325 
-0.000134209 
-0.000124551 
-0.000115419 
-0.000106807 
-9.87388e-05 
-9.12172e-05 
-8.42432e-05 
-7.78741e-05 
-7.22129e-05 
-6.76184e-05 
-6.53145e-05 
-6.90486e-05 
-8.72609e-05 
-0.000120358 
0.0307568 
0.0281752 
0.0241609 
0.0200801 
0.0163445 
0.0130758 
0.0102949 
0.00798142 
0.00609263 
0.00457767 
0.00338178 
0.00245239 
0.00174101 
0.00120467 
0.000806591 
0.000516174 
0.000307805 
0.00016134 
6.05929e-05 
-6.80119e-06 
-5.02647e-05 
-7.67692e-05 
-9.14811e-05 
-9.81475e-05 
-9.94611e-05 
-9.72962e-05 
-9.2989e-05 
-8.74622e-05 
-8.13381e-05 
-7.50508e-05 
-6.88634e-05 
-6.29303e-05 
-5.73535e-05 
-5.21912e-05 
-4.74513e-05 
-4.31231e-05 
-3.91933e-05 
-3.56307e-05 
-3.24138e-05 
-2.95107e-05 
-2.69029e-05 
-2.45632e-05 
-2.24762e-05 
-2.06392e-05 
-1.90642e-05 
-1.78205e-05 
-1.71828e-05 
-1.80872e-05 
-2.29853e-05 
-3.29138e-05 
0.0199501 
0.0176283 
0.0144533 
0.0114333 
0.00883208 
0.00668858 
0.00497174 
0.00362813 
0.00259799 
0.00182318 
0.00125155 
0.000837525 
0.000543295 
0.000337837 
0.000197068 
0.000102612 
4.07564e-05 
1.47292e-06 
-2.2422e-05 
-3.59502e-05 
-4.26246e-05 
-4.49109e-05 
-4.44501e-05 
-4.2369e-05 
-3.94026e-05 
-3.60329e-05 
-3.25709e-05 
-2.91965e-05 
-2.60249e-05 
-2.31116e-05 
-2.04787e-05 
-1.8125e-05 
-1.60368e-05 
-1.41971e-05 
-1.25812e-05 
-1.11645e-05 
-9.92704e-06 
-8.84311e-06 
-7.89508e-06 
-7.06771e-06 
-6.34575e-06 
-5.71633e-06 
-5.1729e-06 
-4.70791e-06 
-4.32207e-06 
-4.02946e-06 
-3.88669e-06 
-4.10858e-06 
-5.28684e-06 
-7.69132e-06 
0.0120122 
0.0101458 
0.00790043 
0.00591415 
0.00431189 
0.00307433 
0.00214622 
0.00146727 
0.0009816 
0.000641263 
0.000407336 
0.000249517 
0.000145036 
7.72441e-05 
3.43179e-05 
8.01413e-06 
-7.36774e-06 
-1.57071e-05 
-1.95845e-05 
-2.07175e-05 
-2.02404e-05 
-1.8884e-05 
-1.7113e-05 
-1.52084e-05 
-1.33375e-05 
-1.15918e-05 
-1.00115e-05 
-8.61245e-06 
-7.39297e-06 
-6.33984e-06 
-5.43723e-06 
-4.66763e-06 
-4.01367e-06 
-3.45852e-06 
-2.98799e-06 
-2.58939e-06 
-2.25082e-06 
-1.96334e-06 
-1.71891e-06 
-1.51104e-06 
-1.33406e-06 
-1.18391e-06 
-1.05715e-06 
-9.51598e-07 
-8.66747e-07 
-8.04639e-07 
-7.76669e-07 
-8.27358e-07 
-1.08176e-06 
-1.59013e-06 
0.00675408 
0.00539825 
0.00396202 
0.00279096 
0.00191319 
0.00128177 
0.000840193 
0.000538375 
0.000336258 
0.000203442 
0.000117813 
6.3763e-05 
3.04841e-05 
1.06658e-05 
-5.73254e-07 
-6.4692e-06 
-9.11973e-06 
-9.87739e-06 
-9.58987e-06 
-8.77749e-06 
-7.75009e-06 
-6.68578e-06 
-5.67941e-06 
-4.77433e-06 
-3.9863e-06 
-3.31457e-06 
-2.74929e-06 
-2.27845e-06 
-1.88906e-06 
-1.5681e-06 
-1.30426e-06 
-1.08773e-06 
-9.09894e-07 
-7.63819e-07 
-6.43731e-07 
-5.44669e-07 
-4.62883e-07 
-3.9521e-07 
-3.39025e-07 
-2.92338e-07 
-2.53478e-07 
-2.2128e-07 
-1.94674e-07 
-1.73032e-07 
-1.561e-07 
-1.44134e-07 
-1.39164e-07 
-1.49508e-07 
-1.9922e-07 
-2.96839e-07 
0.00353229 
0.0026572 
0.00183044 
0.00121193 
0.000781966 
0.000493237 
0.000303804 
0.000181917 
0.000105014 
5.75355e-05 
2.89703e-05 
1.23462e-05 
3.10623e-06 
-1.67871e-06 
-3.85888e-06 
-4.57985e-06 
-4.53167e-06 
-4.1178e-06 
-3.56607e-06 
-2.99722e-06 
-2.47096e-06 
-2.01147e-06 
-1.62404e-06 
-1.3046e-06 
-1.04513e-06 
-8.36438e-07 
-6.69661e-07 
-5.36871e-07 
-4.31322e-07 
-3.47564e-07 
-2.81015e-07 
-2.28091e-07 
-1.85912e-07 
-1.5222e-07 
-1.25222e-07 
-1.03525e-07 
-8.60227e-08 
-7.18639e-08 
-6.03786e-08 
-5.10303e-08 
-4.34133e-08 
-3.7215e-08 
-3.2198e-08 
-2.82003e-08 
-2.51353e-08 
-2.30233e-08 
-2.21503e-08 
-2.3798e-08 
-3.22112e-08 
-4.98018e-08 
0.00146854 
0.00107435 
0.000702788 
0.000441234 
0.000269844 
0.000160914 
9.31599e-05 
5.1912e-05 
2.74132e-05 
1.32935e-05 
5.46195e-06 
1.34106e-06 
-6.54836e-07 
-1.48092e-06 
-1.69485e-06 
-1.61373e-06 
-1.41125e-06 
-1.17656e-06 
-9.52723e-07 
-7.57219e-07 
-5.94656e-07 
-4.63605e-07 
-3.5987e-07 
-2.78764e-07 
-2.15895e-07 
-1.67384e-07 
-1.30042e-07 
-1.01306e-07 
-7.92064e-08 
-6.21659e-08 
-4.90073e-08 
-3.88187e-08 
-3.08996e-08 
-2.47244e-08 
-1.98867e-08 
-1.60845e-08 
-1.30794e-08 
-1.06963e-08 
-8.79769e-09 
-7.28058e-09 
-6.06337e-09 
-5.08524e-09 
-4.30023e-09 
-3.67591e-09 
-3.18936e-09 
-2.83154e-09 
-2.61806e-09 
-2.64667e-09 
-3.2963e-09 
-5.36435e-09 
-1.97045e-05 
-0.00109339 
-0.000474669 
-4.4562e-05 
0.000359596 
0.000827617 
0.00137724 
0.00200941 
0.00272404 
0.00352271 
0.00440286 
0.00536044 
0.00639624 
0.00750442 
0.00868125 
0.00991984 
0.0112138 
0.0125544 
0.0139317 
0.0153383 
0.0167613 
0.0181856 
0.0195997 
0.0209925 
0.0223401 
0.0236366 
0.0248554 
0.0259963 
0.0270228 
0.0279384 
0.0287096 
0.0293294 
0.0297837 
0.0300663 
0.0301446 
0.0300259 
0.0296889 
0.0291297 
0.0283421 
0.0273111 
0.0260392 
0.0245065 
0.0227351 
0.020725 
0.018488 
0.0160948 
0.0136278 
0.011173 
0.00874178 
0.00584395 
-0.00106334 
0.0040579 
0.00483694 
0.00598209 
0.00737091 
0.00896152 
0.0107396 
0.0126996 
0.0148367 
0.0171456 
0.0196182 
0.0222484 
0.025025 
0.027938 
0.0309709 
0.0341097 
0.0373333 
0.0406221 
0.0439531 
0.0472973 
0.0506314 
0.0539236 
0.0571437 
0.0602616 
0.0632369 
0.0660371 
0.068629 
0.0709767 
0.073046 
0.0747989 
0.0762042 
0.0772266 
0.0778443 
0.0780184 
0.0777355 
0.0769688 
0.0756997 
0.073907 
0.0715895 
0.0687226 
0.065309 
0.0613405 
0.0568162 
0.0517497 
0.0461782 
0.0401538 
0.0337893 
0.0271968 
0.0204388 
0.01327 
0.00469824 
0.0104397 
0.0115657 
0.0134797 
0.0157891 
0.0183735 
0.0211928 
0.0242289 
0.0274693 
0.0309002 
0.0345089 
0.0382782 
0.0421922 
0.0462283 
0.0503669 
0.0545822 
0.0588466 
0.0631309 
0.0674056 
0.071635 
0.0757842 
0.0798165 
0.0836957 
0.0873794 
0.0908339 
0.0940155 
0.0968821 
0.0993967 
0.101524 
0.103224 
0.104459 
0.105201 
0.105416 
0.10508 
0.104163 
0.102651 
0.100527 
0.0977731 
0.0943816 
0.0903492 
0.0856654 
0.080333 
0.0743502 
0.0677281 
0.0604828 
0.0526569 
0.0443149 
0.0355418 
0.0264063 
0.0168752 
0.00702856 
0.0175033 
0.0190947 
0.0217312 
0.0248414 
0.0282533 
0.0319048 
0.0357675 
0.039823 
0.0440494 
0.0484278 
0.0529356 
0.0575471 
0.062238 
0.0669795 
0.0717416 
0.0764934 
0.0812005 
0.0858294 
0.0903443 
0.0947061 
0.0988793 
0.102824 
0.106505 
0.109877 
0.112909 
0.115562 
0.117794 
0.119577 
0.120874 
0.121654 
0.121888 
0.121551 
0.120621 
0.119075 
0.116901 
0.114085 
0.110621 
0.106501 
0.101724 
0.0962909 
0.0902011 
0.0834559 
0.0760556 
0.068001 
0.0592996 
0.0499716 
0.0400593 
0.0296276 
0.0187844 
0.00814065 
0.0250618 
0.0271442 
0.0304285 
0.0342218 
0.0383089 
0.0426147 
0.047103 
0.0517481 
0.0565242 
0.061405 
0.0663633 
0.0713708 
0.0763972 
0.0814103 
0.086379 
0.0912703 
0.096048 
0.10068 
0.10513 
0.109364 
0.113344 
0.117037 
0.120408 
0.123424 
0.126049 
0.128252 
0.130004 
0.131275 
0.132036 
0.132264 
0.131933 
0.131027 
0.129526 
0.127416 
0.124688 
0.121334 
0.117349 
0.112735 
0.107493 
0.101626 
0.0951377 
0.0880279 
0.0802893 
0.0719051 
0.0628494 
0.053097 
0.0426421 
0.0315367 
0.0199701 
0.00887837 
0.0330314 
0.0355914 
0.0394421 
0.0438037 
0.048432 
0.0532394 
0.0581839 
0.0632345 
0.0683611 
0.0735331 
0.0787192 
0.0838881 
0.0890079 
0.094046 
0.0989703 
0.103747 
0.108345 
0.112733 
0.116877 
0.120746 
0.124312 
0.127544 
0.130414 
0.132893 
0.134956 
0.136577 
0.137735 
0.138405 
0.138569 
0.138207 
0.137303 
0.135845 
0.133819 
0.131218 
0.128036 
0.12427 
0.119919 
0.114988 
0.109483 
0.103409 
0.0967723 
0.0895729 
0.0817987 
0.073419 
0.0643811 
0.0546147 
0.0440601 
0.0327309 
0.0208407 
0.00952699 
0.0413509 
0.0443546 
0.0486852 
0.0535002 
0.058537 
0.0637004 
0.0689411 
0.0742246 
0.0795167 
0.0847828 
0.0899905 
0.0951064 
0.100099 
0.104937 
0.109589 
0.114025 
0.118218 
0.122139 
0.125763 
0.129065 
0.132021 
0.134609 
0.13681 
0.138603 
0.139971 
0.140898 
0.141368 
0.141368 
0.140886 
0.139911 
0.138433 
0.136446 
0.133944 
0.130923 
0.127381 
0.123321 
0.118744 
0.113657 
0.108069 
0.101988 
0.0954216 
0.0883717 
0.0808267 
0.0727495 
0.0640689 
0.0546778 
0.044456 
0.0333451 
0.0215081 
0.0101744 
0.0499355 
0.0533329 
0.0580416 
0.0631819 
0.0684804 
0.0738363 
0.0791973 
0.0845221 
0.0897748 
0.0949192 
0.0999216 
0.10475 
0.109373 
0.113764 
0.117895 
0.121743 
0.125284 
0.128499 
0.131371 
0.133881 
0.136018 
0.137767 
0.13912 
0.140065 
0.140597 
0.140708 
0.140393 
0.139648 
0.138469 
0.136855 
0.134803 
0.132313 
0.129384 
0.12602 
0.122222 
0.117993 
0.11334 
0.108271 
0.102793 
0.0969171 
0.0906536 
0.0840043 
0.0769628 
0.0694962 
0.0615295 
0.0529346 
0.0435334 
0.0331656 
0.0218572 
0.0107892 
0.0586406 
0.0623556 
0.0673117 
0.0726139 
0.0779901 
0.0833362 
0.0885953 
0.093724 
0.0986839 
0.103439 
0.107958 
0.11221 
0.116171 
0.119818 
0.123131 
0.126095 
0.128697 
0.130926 
0.132776 
0.134242 
0.135321 
0.136013 
0.13632 
0.136244 
0.13579 
0.13496 
0.133763 
0.132203 
0.130287 
0.12802 
0.12541 
0.122462 
0.11918 
0.115573 
0.111645 
0.107404 
0.102856 
0.0980069 
0.0928658 
0.0874423 
0.0817433 
0.0757754 
0.0695345 
0.0630015 
0.056114 
0.0487478 
0.0406958 
0.0316876 
0.0215402 
0.0111995 
0.0672165 
0.0711351 
0.0761556 
0.0814009 
0.0866086 
0.0916757 
0.0965431 
0.101166 
0.105508 
0.109536 
0.113223 
0.116546 
0.119489 
0.122039 
0.124189 
0.125934 
0.127275 
0.128215 
0.128762 
0.128925 
0.128716 
0.128149 
0.127238 
0.126 
0.12445 
0.122605 
0.120483 
0.118097 
0.115462 
0.112595 
0.109505 
0.106205 
0.102706 
0.0990144 
0.0951409 
0.091091 
0.0868697 
0.0824839 
0.0779377 
0.0732358 
0.0683814 
0.0633806 
0.0582312 
0.0529235 
0.0474221 
0.0416366 
0.0353755 
0.0283109 
0.020036 
0.011076 
0.0752669 
0.0792136 
0.0840442 
0.0889354 
0.0936474 
0.0980832 
0.102186 
0.105916 
0.109241 
0.112137 
0.114587 
0.116584 
0.118123 
0.119208 
0.119849 
0.120057 
0.119853 
0.119255 
0.118288 
0.116981 
0.115356 
0.113445 
0.111273 
0.108874 
0.106268 
0.103487 
0.100549 
0.0974808 
0.0943007 
0.0910255 
0.0876735 
0.0842545 
0.0807813 
0.0772611 
0.0736968 
0.0700981 
0.0664652 
0.0627987 
0.0590975 
0.0553611 
0.0515884 
0.0477729 
0.0439139 
0.0400063 
0.0360358 
0.0319582 
0.0276496 
0.0228165 
0.0169336 
0.0100258 
0.0822058 
0.0859343 
0.090232 
0.0943856 
0.0981918 
0.101568 
0.10447 
0.106866 
0.10874 
0.110086 
0.110907 
0.111214 
0.111025 
0.110368 
0.109273 
0.107775 
0.105912 
0.103725 
0.101255 
0.0985424 
0.0956298 
0.0925538 
0.0893532 
0.0860613 
0.0827116 
0.0793294 
0.075942 
0.072568 
0.0692263 
0.065933 
0.0626948 
0.0595236 
0.0564228 
0.0533955 
0.0504412 
0.0475576 
0.0447427 
0.041992 
0.0392972 
0.0366523 
0.0340471 
0.0314744 
0.0289212 
0.0263814 
0.0238475 
0.0213101 
0.0187227 
0.0159103 
0.0124121 
0.00789415 
0.0872589 
0.0904459 
0.0937942 
0.0967628 
0.0992066 
0.101072 
0.102336 
0.102993 
0.103052 
0.102535 
0.101474 
0.09991 
0.0978903 
0.0954682 
0.0926964 
0.0896347 
0.0863379 
0.0828615 
0.0792562 
0.0755734 
0.0718551 
0.0681409 
0.0644667 
0.0608588 
0.0573449 
0.0539433 
0.0506681 
0.0475301 
0.0445369 
0.0416902 
0.0389921 
0.0364412 
0.0340322 
0.0317597 
0.0296189 
0.0275994 
0.0256936 
0.0238926 
0.0221858 
0.0205628 
0.0190131 
0.0175229 
0.0160786 
0.0146646 
0.0132704 
0.0118921 
0.010529 
0.00913103 
0.00744258 
0.00506323 
0.0895264 
0.0918059 
0.0937654 
0.0951109 
0.0957818 
0.0957711 
0.0950946 
0.0937854 
0.0918915 
0.0894707 
0.086592 
0.0833269 
0.0797501 
0.0759373 
0.0719614 
0.0678868 
0.0637782 
0.0596886 
0.0556654 
0.0517494 
0.0479701 
0.0443543 
0.0409185 
0.0376752 
0.0346301 
0.0317875 
0.029143 
0.0266944 
0.0244349 
0.0223556 
0.0204474 
0.0187 
0.0171034 
0.0156464 
0.0143181 
0.0131089 
0.0120072 
0.0110038 
0.0100891 
0.00925282 
0.0084857 
0.00777568 
0.00710951 
0.00647058 
0.00584082 
0.00520465 
0.00456187 
0.00392781 
0.0032594 
0.00232854 
0.0881568 
0.0891921 
0.0894087 
0.0888307 
0.0875093 
0.0855027 
0.0828797 
0.0797215 
0.0761172 
0.0721624 
0.067952 
0.0635803 
0.0591323 
0.0546883 
0.0503133 
0.0460648 
0.0419873 
0.0381146 
0.0344702 
0.0310678 
0.0279149 
0.0250119 
0.0223541 
0.0199333 
0.0177372 
0.0157536 
0.0139684 
0.0123664 
0.010934 
0.00965589 
0.0085195 
0.00751161 
0.00662061 
0.00583496 
0.00514466 
0.00454043 
0.00401333 
0.00355603 
0.00316053 
0.00282028 
0.00252805 
0.00227668 
0.0020568 
0.00185589 
0.00165456 
0.00142791 
0.00115604 
0.000852379 
0.000589457 
0.000382328 
0.0826243 
0.0822188 
0.0805658 
0.0780533 
0.0748627 
0.0711245 
0.0669608 
0.0624928 
0.0578372 
0.053105 
0.048395 
0.0437925 
0.0393667 
0.0351682 
0.0312379 
0.0275972 
0.0242568 
0.0212198 
0.0184772 
0.016018 
0.0138255 
0.0118808 
0.0101626 
0.00865241 
0.00732888 
0.00617326 
0.00516756 
0.00429486 
0.00354103 
0.00289163 
0.00233456 
0.00185928 
0.00145565 
0.00111571 
0.000831755 
0.000597173 
0.000406212 
0.000253862 
0.000135397 
4.71061e-05 
-1.53756e-05 
-5.56186e-05 
-7.86736e-05 
-9.16023e-05 
-0.000106714 
-0.000145916 
-0.000241006 
-0.000407858 
-0.000572083 
-0.000548167 
0.0730435 
0.0712471 
0.0679463 
0.0638785 
0.0593466 
0.0545393 
0.049607 
0.04468 
0.0398694 
0.0352648 
0.030933 
0.0269199 
0.0232538 
0.0199437 
0.0169874 
0.014371 
0.012075 
0.0100748 
0.00834312 
0.00685291 
0.0055767 
0.00448966 
0.00356774 
0.00278925 
0.0021349 
0.00158742 
0.00113155 
0.000754185 
0.000443766 
0.000190174 
-1.4797e-05 
-0.000178514 
-0.000307519 
-0.000406659 
-0.000480757 
-0.000533377 
-0.000567809 
-0.000586776 
-0.000592494 
-0.000587182 
-0.000572401 
-0.000549837 
-0.000521348 
-0.000489786 
-0.000460313 
-0.000444783 
-0.000466016 
-0.000554491 
-0.00068942 
-0.000661264 
0.0603652 
0.0575159 
0.0531429 
0.0482448 
0.0431968 
0.0382013 
0.0333954 
0.0288766 
0.0247118 
0.0209391 
0.0175748 
0.0146147 
0.0120426 
0.00983144 
0.00794895 
0.00636048 
0.00503079 
0.00392586 
0.00301454 
0.00226772 
0.0016601 
0.00116942 
0.00077602 
0.000463163 
0.000216943 
2.52313e-05 
-0.000122007 
-0.000233197 
-0.000315275 
-0.000373953 
-0.000413951 
-0.000439292 
-0.000452844 
-0.000457214 
-0.000454569 
-0.00044644 
-0.000434224 
-0.000418704 
-0.000400934 
-0.000381449 
-0.000360742 
-0.000339396 
-0.000317771 
-0.000296623 
-0.000277447 
-0.000263877 
-0.000265494 
-0.000301857 
-0.000384259 
-0.000392256 
0.0462751 
0.0429163 
0.0382521 
0.0333763 
0.0286611 
0.024271 
0.0202894 
0.0167534 
0.0136705 
0.0110257 
0.00878993 
0.0069246 
0.00538641 
0.00413272 
0.00312154 
0.00231413 
0.001676 
0.00117691 
0.000790973 
0.000495993 
0.000273606 
0.000108457 
-1.17879e-05 
-9.73418e-05 
-0.000156398 
-0.000195378 
-0.000219361 
-0.000232211 
-0.000236962 
-0.000235956 
-0.000230934 
-0.000223159 
-0.000213665 
-0.000203194 
-0.000192151 
-0.000180924 
-0.000169789 
-0.000158916 
-0.000148386 
-0.000138314 
-0.00012875 
-0.000119729 
-0.000111343 
-0.000103711 
-9.71132e-05 
-9.24179e-05 
-9.22523e-05 
-0.000103578 
-0.000135822 
-0.000150296 
0.0327334 
0.0294323 
0.0252007 
0.02104 
0.017248 
0.0139179 
0.0110666 
0.00867526 
0.00670491 
0.00510821 
0.00383343 
0.00283035 
0.00205181 
0.00145588 
0.00100592 
0.000671116 
0.000425674 
0.000248742 
0.000123395 
3.65005e-05 
-2.21661e-05 
-6.03044e-05 
-8.37553e-05 
-9.691e-05 
-0.000102907 
-0.000104047 
-0.000102014 
-9.79762e-05 
-9.27715e-05 
-8.69778e-05 
-8.09514e-05 
-7.49575e-05 
-6.91652e-05 
-6.36698e-05 
-5.8522e-05 
-5.37345e-05 
-4.93153e-05 
-4.52504e-05 
-4.1539e-05 
-3.81518e-05 
-3.50887e-05 
-3.23245e-05 
-2.98667e-05 
-2.7733e-05 
-2.59777e-05 
-2.4787e-05 
-2.48002e-05 
-2.79009e-05 
-3.74092e-05 
-4.38282e-05 
0.0213319 
0.0185049 
0.0151527 
0.0120509 
0.00938688 
0.00718176 
0.00540231 
0.00399676 
0.00290744 
0.00207828 
0.00145792 
0.00100142 
0.000671128 
0.000435855 
0.000270883 
0.000157212 
8.03508e-05 
2.95487e-05 
-3.0373e-06 
-2.30722e-05 
-3.45952e-05 
-4.04318e-05 
-4.25592e-05 
-4.23248e-05 
-4.06577e-05 
-3.81739e-05 
-3.52818e-05 
-3.22543e-05 
-2.92648e-05 
-2.6416e-05 
-2.37633e-05 
-2.13312e-05 
-1.91266e-05 
-1.71499e-05 
-1.53794e-05 
-1.38084e-05 
-1.24121e-05 
-1.1174e-05 
-1.00796e-05 
-9.11695e-06 
-8.2693e-06 
-7.53084e-06 
-6.89573e-06 
-6.3619e-06 
-5.94169e-06 
-5.67538e-06 
-5.70387e-06 
-6.48352e-06 
-8.88996e-06 
-1.07351e-05 
0.0128423 
0.0106772 
0.00831778 
0.00627233 
0.00462209 
0.00333925 
0.00236802 
0.00164902 
0.00112749 
0.000756206 
0.000496246 
0.00031716 
0.00019576 
0.000114767 
6.17154e-05 
2.77275e-05 
6.57134e-06 
-6.05824e-06 
-1.31017e-05 
-1.65447e-05 
-1.77278e-05 
-1.75545e-05 
-1.66062e-05 
-1.52623e-05 
-1.37634e-05 
-1.22479e-05 
-1.0802e-05 
-9.47004e-06 
-8.26999e-06 
-7.20631e-06 
-6.27301e-06 
-5.46226e-06 
-4.75973e-06 
-4.15411e-06 
-3.63331e-06 
-3.18553e-06 
-2.80045e-06 
-2.47014e-06 
-2.18601e-06 
-1.94278e-06 
-1.73463e-06 
-1.55778e-06 
-1.40961e-06 
-1.28896e-06 
-1.19751e-06 
-1.14304e-06 
-1.15533e-06 
-1.33237e-06 
-1.87045e-06 
-2.29923e-06 
0.00718746 
0.00568201 
0.00418823 
0.00298371 
0.0020761 
0.00141618 
0.000948246 
0.000623131 
0.000401353 
0.000252534 
0.000154273 
9.04558e-05 
4.9768e-05 
2.44066e-05 
9.06894e-06 
1.86224e-07 
-4.62042e-06 
-6.91493e-06 
-7.70708e-06 
-7.64111e-06 
-7.12281e-06 
-6.39868e-06 
-5.6131e-06 
-4.84685e-06 
-4.14205e-06 
-3.51529e-06 
-2.96993e-06 
-2.50362e-06 
-2.10866e-06 
-1.77632e-06 
-1.49828e-06 
-1.26619e-06 
-1.07261e-06 
-9.11571e-07 
-7.77243e-07 
-6.65208e-07 
-5.71693e-07 
-4.9346e-07 
-4.27985e-07 
-3.73179e-07 
-3.2742e-07 
-2.89528e-07 
-2.58438e-07 
-2.33813e-07 
-2.15802e-07 
-2.05762e-07 
-2.09347e-07 
-2.45633e-07 
-3.53714e-07 
-4.40982e-07 
0.00375563 
0.00280574 
0.00195144 
0.00131369 
0.000864926 
0.000558473 
0.000353562 
0.000218967 
0.000132065 
7.69557e-05 
4.27031e-05 
2.19192e-05 
9.68209e-06 
2.76976e-06 
-8.98733e-07 
-2.6482e-06 
-3.29936e-06 
-3.35571e-06 
-3.11493e-06 
-2.74876e-06 
-2.35169e-06 
-1.97242e-06 
-1.63299e-06 
-1.34069e-06 
-1.09509e-06 
-8.92012e-07 
-7.25813e-07 
-5.90633e-07 
-4.81316e-07 
-3.93055e-07 
-3.21868e-07 
-2.64459e-07 
-2.18088e-07 
-1.80601e-07 
-1.50216e-07 
-1.25531e-07 
-1.05412e-07 
-8.90159e-08 
-7.55866e-08 
-6.46108e-08 
-5.563e-08 
-4.83433e-08 
-4.25072e-08 
-3.79901e-08 
-3.47879e-08 
-3.311e-08 
-3.38593e-08 
-4.03122e-08 
-5.98496e-08 
-7.66855e-08 
0.00171875 
0.00122335 
0.000807965 
0.00051723 
0.000323949 
0.000198699 
0.0001191 
6.94548e-05 
3.91154e-05 
2.10017e-05 
1.0473e-05 
4.55568e-06 
1.37806e-06 
-2.15649e-07 
-9.22217e-07 
-1.15409e-06 
-1.147e-06 
-1.03284e-06 
-8.81786e-07 
-7.29049e-07 
-5.90897e-07 
-4.7282e-07 
-3.75305e-07 
-2.96501e-07 
-2.33736e-07 
-1.84152e-07 
-1.4519e-07 
-1.14699e-07 
-9.08357e-08 
-7.21757e-08 
-5.75687e-08 
-4.61095e-08 
-3.71018e-08 
-2.99922e-08 
-2.43701e-08 
-1.9903e-08 
-1.6345e-08 
-1.34992e-08 
-1.12198e-08 
-9.38929e-09 
-7.91998e-09 
-6.74516e-09 
-5.81639e-09 
-5.10704e-09 
-4.60215e-09 
-4.32221e-09 
-4.35833e-09 
-5.07407e-09 
-7.57882e-09 
-1.10662e-08 
