107.614 -0.274845 -5.93465 
120.405 -0.0200423 -6.25665 
133.186 0.12233 -6.46027 
145.961 0.237967 -6.62555 
158.752 0.337653 -6.79711 
171.624 0.425557 -6.99346 
184.658 0.502549 -7.21647 
197.937 0.567344 -7.46055 
211.524 0.621553 -7.72078 
225.468 0.668346 -7.99063 
239.808 0.703856 -8.26543 
254.575 0.73039 -8.53904 
269.786 0.746417 -8.80598 
285.447 0.753575 -9.06192 
301.558 0.750685 -9.30363 
318.115 0.737632 -9.52606 
335.1 0.71557 -9.72641 
352.504 0.67966 -9.90215 
370.3 0.635434 -10.0462 
388.446 0.584067 -10.1603 
406.913 0.522868 -10.2437 
425.669 0.451176 -10.288 
444.653 0.375384 -10.2942 
463.82 0.29199 -10.2647 
483.111 0.207622 -10.1929 
502.468 0.115912 -10.0834 
521.823 0.0291237 -9.93316 
541.114 -0.0610841 -9.74318 
560.256 -0.143029 -9.50918 
579.164 -0.218457 -9.24139 
597.769 -0.285515 -8.93501 
615.982 -0.343578 -8.59153 
633.704 -0.380699 -8.21425 
650.847 -0.404224 -7.80944 
667.327 -0.407348 -7.37405 
683.047 -0.390133 -6.91664 
697.929 -0.350179 -6.4388 
711.881 -0.285089 -5.94433 
724.827 -0.195924 -5.44191 
736.698 -0.0797715 -4.93096 
747.432 0.0583841 -4.42143 
756.983 0.219383 -3.9169 
765.308 0.404587 -3.41854 
772.378 0.607682 -2.93873 
778.192 0.82679 -2.48023 
782.755 1.05864 -2.04663 
786.098 1.2939 -1.65515 
788.422 1.44274 -1.42947 
790.24 1.77632 -0.602914 
106.389 -0.214583 -7.6368 
121.218 0.134169 -7.39246 
135.089 0.364609 -7.49767 
148.662 0.516559 -7.65317 
162.124 0.63716 -7.82539 
175.583 0.737387 -8.01971 
189.132 0.822622 -8.23808 
202.856 0.894875 -8.47519 
216.82 0.953484 -8.72568 
231.078 1.00117 -8.98012 
245.665 1.03498 -9.23085 
260.606 1.05527 -9.47339 
275.919 1.05993 -9.70148 
291.609 1.05098 -9.90911 
307.674 1.02536 -10.0932 
324.105 0.985252 -10.2488 
340.889 0.927985 -10.3739 
358.005 0.855287 -10.4655 
375.43 0.766755 -10.5216 
393.137 0.662218 -10.5377 
411.088 0.54295 -10.5151 
429.249 0.409783 -10.4532 
447.583 0.262533 -10.3516 
466.044 0.10702 -10.2091 
484.579 -0.0575251 -10.0259 
503.139 -0.230389 -9.80104 
521.668 -0.409532 -9.54134 
540.113 -0.590631 -9.24133 
558.411 -0.772719 -8.90683 
576.495 -0.950854 -8.53626 
594.292 -1.12303 -8.13469 
611.739 -1.28968 -7.70417 
628.759 -1.44214 -7.24519 
645.273 -1.58188 -6.76045 
661.206 -1.70526 -6.25829 
676.486 -1.80852 -5.73763 
691.032 -1.88965 -5.20452 
704.776 -1.94938 -4.66295 
717.646 -1.98145 -4.11569 
729.575 -1.9887 -3.56968 
740.506 -1.96805 -3.02728 
750.387 -1.92129 -2.49652 
759.178 -1.84747 -1.97874 
766.844 -1.74738 -1.47968 
773.365 -1.62338 -1.00566 
778.736 -1.47825 -0.559687 
782.965 -1.3137 -0.146083 
786.083 -1.14238 0.219133 
788.26 -1.02752 0.432618 
789.646 -0.493694 1.24862 
123.259 0.445723 -8.4295 
138.383 0.569159 -8.28113 
152.956 0.729107 -8.32081 
167.246 0.866785 -8.44404 
181.41 0.985197 -8.60226 
195.563 1.08413 -8.78458 
209.798 1.16478 -8.98321 
224.189 1.22962 -9.18908 
238.788 1.27891 -9.39459 
253.632 1.31212 -9.59093 
268.742 1.33045 -9.7724 
284.132 1.33066 -9.93596 
299.806 1.31649 -10.0751 
315.762 1.28395 -10.1868 
331.991 1.23503 -10.2703 
348.481 1.17113 -10.321 
365.211 1.09063 -10.3404 
382.165 0.994703 -10.3266 
399.315 0.885842 -10.2793 
416.634 0.764171 -10.1984 
434.091 0.631777 -10.0844 
451.653 0.487915 -9.939 
469.284 0.338076 -9.76007 
486.947 0.177725 -9.55039 
504.601 0.015376 -9.31058 
522.197 -0.149281 -9.04234 
539.691 -0.316012 -8.74855 
557.037 -0.481523 -8.42772 
574.18 -0.642802 -8.0829 
591.066 -0.798063 -7.71351 
607.634 -0.946771 -7.3244 
623.828 -1.08412 -6.91668 
639.586 -1.21003 -6.48992 
654.839 -1.32039 -6.04917 
669.525 -1.41453 -5.59592 
683.582 -1.49245 -5.13256 
696.945 -1.54914 -4.66125 
709.551 -1.58613 -4.18629 
721.343 -1.60224 -3.70922 
732.264 -1.59494 -3.23485 
742.264 -1.56605 -2.76573 
751.302 -1.51506 -2.30657 
759.343 -1.44258 -1.85921 
766.357 -1.34913 -1.42861 
772.33 -1.2368 -1.01834 
777.256 -1.10763 -0.632251 
781.144 -0.964086 -0.272644 
784.021 -0.818245 0.0453657 
786.068 -0.730245 0.199777 
787.37 -0.0957949 1.0989 
142.447 0.690158 -8.7585 
157.721 0.770902 -8.74357 
172.762 0.873563 -8.78797 
187.615 0.975181 -8.87236 
202.353 1.06315 -8.97904 
217.059 1.13242 -9.10017 
231.809 1.18265 -9.22569 
246.663 1.21263 -9.34797 
261.659 1.22661 -9.45865 
276.822 1.2222 -9.55319 
292.167 1.20085 -9.62818 
307.699 1.16454 -9.68112 
323.419 1.11178 -9.70821 
339.322 1.04385 -9.71136 
355.399 0.962717 -9.68823 
371.638 0.868516 -9.63807 
388.022 0.76221 -9.56385 
404.535 0.646229 -9.46388 
421.158 0.519692 -9.33971 
437.866 0.387688 -9.19079 
454.632 0.247677 -9.01935 
471.434 0.102799 -8.82719 
488.24 -0.0447168 -8.61302 
505.016 -0.192605 -8.3795 
521.73 -0.342179 -8.12514 
538.343 -0.490525 -7.85392 
554.816 -0.634082 -7.56554 
571.108 -0.774157 -7.26011 
587.176 -0.908197 -6.9392 
602.969 -1.03277 -6.60267 
618.437 -1.14896 -6.25437 
633.531 -1.25312 -5.89192 
648.194 -1.34519 -5.51837 
662.371 -1.42282 -5.13466 
676.006 -1.48545 -4.74283 
689.041 -1.53074 -4.34395 
701.422 -1.5601 -3.9394 
713.094 -1.5708 -3.53265 
724.005 -1.5629 -3.1247 
734.105 -1.53666 -2.71785 
743.352 -1.492 -2.31576 
751.708 -1.42936 -1.92058 
759.142 -1.34945 -1.53505 
765.631 -1.25304 -1.16221 
771.159 -1.14192 -0.805502 
775.725 -1.01807 -0.467747 
779.334 -0.882955 -0.150245 
782.011 -0.750622 0.128735 
783.964 -0.685077 0.23348 
785.183 0.0167272 1.22086 
162.589 0.758608 -8.89846 
178.013 0.812003 -8.91997 
193.341 0.871432 -8.94025 
208.528 0.929414 -8.964 
223.589 0.976638 -8.99446 
238.581 1.00558 -9.0295 
253.562 1.01607 -9.06305 
268.578 1.00869 -9.09027 
283.661 0.985572 -9.10402 
298.831 0.947163 -9.10348 
314.099 0.894599 -9.08606 
329.474 0.828759 -9.05072 
344.955 0.751291 -8.99797 
360.541 0.663838 -8.92749 
376.226 0.566579 -8.83862 
392.002 0.460235 -8.73358 
407.859 0.348461 -8.61187 
423.782 0.229838 -8.47343 
439.757 0.106877 -8.31956 
455.768 -0.0213988 -8.15087 
471.791 -0.149131 -7.96788 
487.806 -0.279462 -7.77071 
503.788 -0.409987 -7.55835 
519.711 -0.540818 -7.33403 
535.543 -0.666431 -7.09585 
551.253 -0.79108 -6.84621 
566.807 -0.909639 -6.58265 
582.166 -1.02397 -6.30869 
597.295 -1.12997 -6.02279 
612.147 -1.22827 -5.72552 
626.68 -1.31629 -5.41845 
640.847 -1.39509 -5.1015 
654.598 -1.4602 -4.77564 
667.884 -1.5133 -4.44168 
680.654 -1.55203 -4.10039 
692.856 -1.57675 -3.75309 
704.439 -1.58562 -3.40171 
715.354 -1.57889 -3.04666 
725.554 -1.55678 -2.69033 
734.995 -1.51832 -2.33448 
743.636 -1.46448 -1.98149 
751.445 -1.3958 -1.63351 
758.393 -1.31276 -1.29294 
764.459 -1.21646 -0.962387 
769.631 -1.10823 -0.644638 
773.906 -0.989693 -0.341764 
777.287 -0.862655 -0.0549043 
779.802 -0.74274 0.192616 
781.681 -0.694748 0.264458 
782.799 0.0633311 1.31211 
182.844 0.716604 -8.83222 
198.302 0.73634 -8.84299 
213.706 0.758724 -8.81161 
228.963 0.777692 -8.76737 
244.072 0.785856 -8.72364 
259.074 0.780685 -8.6828 
274.013 0.760801 -8.64173 
288.93 0.727172 -8.59712 
303.854 0.681693 -8.54473 
318.804 0.624821 -8.48466 
333.795 0.558758 -8.41515 
348.835 0.483863 -8.33603 
363.928 0.401651 -8.24674 
379.076 0.312875 -8.14695 
394.276 0.218357 -8.03733 
409.524 0.119521 -7.91769 
424.813 0.016621 -7.78656 
440.131 -0.0901261 -7.64617 
455.468 -0.197748 -7.49473 
470.806 -0.307536 -7.33294 
486.131 -0.418613 -7.15882 
501.421 -0.530067 -6.97536 
516.656 -0.639926 -6.78079 
531.811 -0.748423 -6.57629 
546.862 -0.854321 -6.35938 
561.776 -0.956503 -6.13318 
576.525 -1.0552 -5.89586 
591.075 -1.14793 -5.64973 
605.391 -1.23351 -5.39196 
619.433 -1.31286 -5.12539 
633.163 -1.38264 -4.84905 
646.536 -1.44374 -4.56512 
659.51 -1.49329 -4.27169 
672.038 -1.53177 -3.97149 
684.073 -1.55787 -3.66451 
695.568 -1.57041 -3.35192 
706.476 -1.56958 -3.03428 
716.751 -1.55534 -2.7135 
726.35 -1.52655 -2.39086 
735.233 -1.48418 -2.06787 
743.363 -1.42821 -1.74696 
750.708 -1.35919 -1.43003 
757.244 -1.2778 -1.11922 
762.952 -1.18504 -0.816878 
767.82 -1.08209 -0.525311 
771.844 -0.970145 -0.246221 
775.029 -0.850888 0.0188867 
777.404 -0.742857 0.242872 
779.216 -0.708644 0.293581 
780.226 0.0941653 1.37568 
202.503 0.589833 -8.57764 
217.841 0.584498 -8.56116 
233.116 0.579576 -8.48041 
248.226 0.571685 -8.38596 
263.172 0.555355 -8.29475 
277.989 0.529718 -8.2099 
292.716 0.495907 -8.12938 
307.387 0.452546 -8.05141 
322.031 0.401915 -7.97298 
336.667 0.344987 -7.89295 
351.311 0.281735 -7.80959 
365.971 0.213665 -7.72193 
380.655 0.140407 -7.62935 
395.364 0.0635053 -7.53102 
410.097 -0.0167347 -7.42626 
424.85 -0.0997122 -7.31359 
439.616 -0.185656 -7.1927 
454.386 -0.273879 -7.06371 
469.149 -0.363837 -6.92445 
483.891 -0.455873 -6.77707 
498.596 -0.54718 -6.61932 
513.245 -0.638846 -6.45145 
527.819 -0.73113 -6.27289 
542.297 -0.821967 -6.08418 
556.653 -0.911079 -5.88438 
570.862 -0.997815 -5.67482 
584.895 -1.08098 -5.45524 
598.724 -1.16024 -5.2258 
612.315 -1.23386 -4.98591 
625.633 -1.30106 -4.73757 
638.643 -1.3615 -4.48002 
651.306 -1.41325 -4.21486 
663.581 -1.45553 -3.94073 
675.427 -1.48802 -3.66035 
686.801 -1.50903 -3.37319 
697.658 -1.51863 -3.08029 
707.957 -1.5158 -2.78279 
717.653 -1.50065 -2.48215 
726.708 -1.47278 -2.17908 
735.084 -1.43257 -1.87584 
742.747 -1.38018 -1.57426 
749.668 -1.31607 -1.27618 
755.827 -1.24086 -0.983877 
761.204 -1.15525 -0.699393 
765.79 -1.06037 -0.424803 
769.582 -0.957131 -0.161548 
772.581 -0.847348 0.0882078 
774.824 -0.751372 0.294714 
776.565 -0.728927 0.331361 
777.468 0.10587 1.42786 
221.062 0.416381 -8.20492 
236.164 0.399401 -8.16757 
251.184 0.382731 -8.06157 
266.031 0.362879 -7.94918 
280.716 0.338728 -7.84558 
295.272 0.310053 -7.75186 
309.733 0.275958 -7.66669 
324.129 0.237777 -7.58831 
338.486 0.195102 -7.51339 
352.82 0.148825 -7.43977 
367.145 0.0988217 -7.36593 
381.469 0.0456665 -7.28973 
395.797 -0.0107976 -7.2102 
410.129 -0.0705583 -7.12578 
424.464 -0.131979 -7.03394 
438.794 -0.197709 -6.93501 
453.115 -0.265636 -6.82866 
467.414 -0.334552 -6.71253 
481.681 -0.406903 -6.58666 
495.901 -0.480918 -6.45125 
510.061 -0.556077 -6.30356 
524.141 -0.633412 -6.14581 
538.124 -0.710764 -5.97762 
551.989 -0.787603 -5.79747 
565.715 -0.865399 -5.6071 
579.277 -0.940567 -5.40594 
592.65 -1.01399 -5.19384 
605.808 -1.08518 -4.97195 
618.722 -1.15237 -4.7401 
631.36 -1.21404 -4.49884 
643.691 -1.27097 -4.24964 
655.68 -1.31986 -3.99173 
667.292 -1.36164 -3.72628 
678.487 -1.39409 -3.45466 
689.228 -1.41661 -3.17649 
699.475 -1.42853 -2.89308 
709.186 -1.4296 -2.60544 
718.324 -1.41886 -2.31449 
726.851 -1.39688 -2.02145 
734.732 -1.36354 -1.72845 
741.938 -1.31898 -1.43705 
748.443 -1.26389 -1.14947 
754.227 -1.19844 -0.867845 
759.275 -1.12329 -0.594208 
763.579 -1.03913 -0.330435 
767.135 -0.946836 -0.0780494 
769.946 -0.847909 0.160614 
772.052 -0.765009 0.353897 
773.711 -0.754297 0.379843 
774.509 0.10245 1.47674 
238.316 0.234128 -7.81136 
253.153 0.22292 -7.77047 
267.891 0.207936 -7.66802 
282.466 0.190858 -7.5673 
296.9 0.171446 -7.47837 
311.219 0.150442 -7.40125 
325.453 0.127433 -7.33428 
339.627 0.10225 -7.27428 
353.759 0.0746387 -7.21863 
367.862 0.0450893 -7.16409 
381.946 0.0125891 -7.10904 
396.015 -0.0223561 -7.05096 
410.069 -0.0601276 -6.98842 
424.108 -0.100677 -6.91936 
438.125 -0.144369 -6.8419 
452.112 -0.190778 -6.75638 
466.062 -0.240973 -6.66104 
479.963 -0.293624 -6.5539 
493.801 -0.349641 -6.43644 
507.563 -0.408147 -6.30667 
521.233 -0.469896 -6.16422 
534.794 -0.533988 -6.01046 
548.231 -0.600058 -5.84387 
561.524 -0.668487 -5.66559 
574.652 -0.735887 -5.47513 
587.595 -0.805967 -5.27314 
600.332 -0.874148 -5.06004 
612.838 -0.941688 -4.83727 
625.089 -1.00642 -4.60417 
637.058 -1.06802 -4.36166 
648.716 -1.12537 -4.11157 
660.036 -1.17711 -3.85306 
670.985 -1.22212 -3.58825 
681.529 -1.25925 -3.31711 
691.634 -1.28773 -3.04038 
701.263 -1.30627 -2.75876 
710.38 -1.31483 -2.47325 
718.948 -1.31295 -2.18458 
726.935 -1.30053 -1.8946 
734.308 -1.27747 -1.60477 
741.04 -1.2444 -1.31703 
747.11 -1.20142 -1.03381 
752.5 -1.14891 -0.757229 
757.199 -1.08714 -0.489486 
761.201 -1.01643 -0.232405 
764.504 -0.937218 0.0125444 
767.111 -0.851496 0.242563 
769.067 -0.78208 0.425393 
770.63 -0.784514 0.441718 
771.322 0.0865635 1.53016 
254.351 0.0767587 -7.48333 
268.978 0.0811505 -7.45418 
283.496 0.0791776 -7.37653 
297.872 0.0739941 -7.30574 
312.132 0.0675343 -7.24742 
326.3 0.0610458 -7.20004 
340.398 0.0539945 -7.16136 
354.442 0.0464492 -7.12777 
368.445 0.0371172 -7.0967 
382.414 0.0261408 -7.06506 
396.35 0.0134284 -7.03068 
410.256 -0.00222885 -6.99126 
424.126 -0.020385 -6.94479 
437.955 -0.041959 -6.8896 
451.733 -0.066715 -6.82405 
465.451 -0.0956557 -6.74772 
479.097 -0.128293 -6.6594 
492.659 -0.16498 -6.55729 
506.12 -0.205501 -6.44154 
519.468 -0.251747 -6.31236 
532.687 -0.300911 -6.16927 
545.762 -0.354303 -6.01255 
558.675 -0.410694 -5.84096 
571.409 -0.471679 -5.65641 
583.95 -0.535238 -5.45799 
596.276 -0.60063 -5.24837 
608.371 -0.66735 -5.02592 
620.215 -0.735125 -4.79342 
631.788 -0.802258 -4.55057 
643.068 -0.867482 -4.2988 
654.033 -0.930454 -4.03996 
664.657 -0.988223 -3.77326 
674.915 -1.04153 -3.50103 
684.779 -1.08802 -3.22383 
694.218 -1.12588 -2.94185 
703.2 -1.15508 -2.65568 
711.69 -1.17493 -2.36658 
719.657 -1.18463 -2.075 
727.069 -1.18455 -1.78242 
733.898 -1.17487 -1.49042 
740.119 -1.15588 -1.2013 
745.716 -1.12796 -0.917379 
750.675 -1.09136 -0.641378 
754.989 -1.0459 -0.375655 
758.655 -0.991533 -0.122116 
761.673 -0.928325 0.117598 
764.051 -0.857697 0.340632 
765.834 -0.803825 0.514429 
767.281 -0.820227 0.520993 
767.868 0.0579796 1.59477 
269.459 -0.0415059 -7.27374 
283.989 -0.0119759 -7.26555 
298.403 0.00342967 -7.22328 
312.697 0.0159944 -7.19101 
326.9 0.0271864 -7.16987 
341.033 0.0388809 -7.1573 
355.108 0.0509945 -7.15049 
369.134 0.0630046 -7.14602 
383.116 0.0743468 -7.14139 
397.055 0.0842356 -7.13344 
410.946 0.0923158 -7.11969 
424.784 0.0977067 -7.09848 
438.559 0.100628 -7.06669 
452.261 0.0988848 -7.02402 
465.877 0.093902 -6.96806 
479.393 0.083999 -6.89846 
492.795 0.0695748 -6.81284 
506.067 0.0483605 -6.71188 
519.195 0.0229072 -6.59427 
532.16 -0.00877108 -6.46062 
544.951 -0.0473037 -6.31004 
557.55 -0.0907164 -6.14251 
569.943 -0.141347 -5.9592 
582.114 -0.195815 -5.76055 
594.05 -0.256757 -5.54706 
605.736 -0.321381 -5.3195 
617.157 -0.39065 -5.07935 
628.3 -0.462063 -4.82817 
639.15 -0.535543 -4.56667 
649.692 -0.609739 -4.29706 
659.909 -0.681927 -4.02016 
669.784 -0.752527 -3.73704 
679.296 -0.818565 -3.45038 
688.424 -0.878649 -3.16014 
697.143 -0.931254 -2.86672 
705.424 -0.974973 -2.57104 
713.236 -1.00917 -2.27332 
720.549 -1.03386 -1.97383 
727.334 -1.04898 -1.67391 
733.565 -1.05507 -1.37512 
739.221 -1.05277 -1.07964 
744.289 -1.04275 -0.790316 
748.761 -1.02516 -0.510493 
752.636 -0.999577 -0.243207 
755.916 -0.96511 0.00922462 
758.608 -0.920933 0.245282 
760.719 -0.868475 0.462012 
762.301 -0.83152 0.627392 
763.61 -0.864314 0.623287 
764.087 0.0153644 1.67733 
284.036 -0.11304 -7.2066 
298.613 -0.0562495 -7.22307 
313.065 -0.0182918 -7.22107 
327.417 0.0147941 -7.23025 
341.7 0.0465144 -7.24933 
355.928 0.0796935 -7.27425 
370.109 0.113591 -7.30216 
384.242 0.148581 -7.32938 
398.325 0.183078 -7.35351 
412.349 0.216913 -7.37158 
426.306 0.249365 -7.38074 
440.18 0.279231 -7.379 
453.958 0.306205 -7.36318 
467.622 0.328079 -7.33364 
481.156 0.345961 -7.28649 
494.54 0.358043 -7.2212 
507.756 0.362778 -7.13686 
520.786 0.360843 -7.03364 
533.614 0.351569 -6.9088 
546.22 0.333277 -6.76454 
558.59 0.30717 -6.59991 
570.71 0.27186 -6.41502 
582.565 0.228432 -6.21148 
594.143 0.176236 -5.98884 
605.432 0.116015 -5.74973 
616.424 0.047888 -5.49476 
627.108 -0.0263072 -5.22589 
637.477 -0.106969 -4.94468 
647.524 -0.19202 -4.6534 
657.241 -0.279842 -4.35357 
666.62 -0.370081 -4.04763 
675.652 -0.459039 -3.73816 
684.328 -0.545691 -3.4272 
692.633 -0.626633 -3.11553 
700.548 -0.700195 -2.80416 
708.05 -0.76423 -2.49324 
715.11 -0.817487 -2.18196 
721.699 -0.860408 -1.86986 
727.786 -0.893952 -1.55774 
733.349 -0.91873 -1.24731 
738.367 -0.935749 -0.940718 
742.832 -0.946241 -0.640942 
746.742 -0.951064 -0.352227 
750.105 -0.949649 -0.0793138 
752.934 -0.939655 0.174785 
755.24 -0.91926 0.408321 
757.039 -0.888454 0.618451 
758.384 -0.870746 0.77529 
759.53 -0.922014 0.758983 
759.895 -0.0470154 1.78787 
298.512 -0.139178 -7.29036 
313.298 -0.05135 -7.3341 
327.948 0.0112838 -7.37522 
342.515 0.0681059 -7.43051 
357.031 0.125081 -7.49422 
371.507 0.183258 -7.56215 
385.943 0.244188 -7.63074 
400.331 0.306751 -7.69623 
414.658 0.370563 -7.75589 
428.909 0.434281 -7.80624 
443.065 0.497107 -7.84421 
457.105 0.557621 -7.86756 
471.005 0.61512 -7.87302 
484.74 0.66835 -7.85866 
498.287 0.713696 -7.82239 
511.622 0.753173 -7.7626 
524.719 0.783683 -7.67853 
537.557 0.804313 -7.5687 
550.116 0.814314 -7.43212 
562.375 0.812517 -7.27039 
574.319 0.798535 -7.08251 
585.934 0.772145 -6.86974 
597.207 0.733113 -6.63271 
608.13 0.6806 -6.37394 
618.696 0.616737 -6.09488 
628.901 0.541189 -5.7974 
638.742 0.454742 -5.48358 
648.219 0.358578 -5.15669 
657.333 0.254562 -4.81832 
666.087 0.142988 -4.47206 
674.483 0.0270549 -4.12129 
682.527 -0.0916021 -3.76853 
690.22 -0.210314 -3.41802 
697.563 -0.325134 -3.07209 
704.548 -0.431303 -2.73266 
711.159 -0.525572 -2.39951 
717.367 -0.605062 -2.06948 
723.137 -0.671182 -1.73986 
728.436 -0.726763 -1.41048 
733.241 -0.773653 -1.08333 
737.532 -0.812726 -0.760616 
741.3 -0.84603 -0.444286 
744.551 -0.876804 -0.139957 
747.306 -0.904837 0.144323 
749.595 -0.92599 0.403459 
751.441 -0.935669 0.635535 
752.866 -0.932107 0.837788 
753.931 -0.935373 0.986397 
754.883 -1.00736 0.961482 
755.13 -0.151053 1.95808 
313.335 -0.120503 -7.53456 
328.511 0.00251453 -7.61017 
343.54 0.0940747 -7.70273 
358.507 0.180471 -7.81304 
373.444 0.268001 -7.93206 
388.358 0.359336 -8.05523 
403.24 0.45489 -8.17771 
418.074 0.55442 -8.29601 
432.839 0.657599 -8.40568 
447.508 0.762152 -8.50336 
462.049 0.867791 -8.58417 
476.431 0.971478 -8.64479 
490.618 1.07152 -8.68119 
504.576 1.16564 -8.69103 
518.266 1.2533 -8.67044 
531.659 1.32857 -8.6174 
544.72 1.3932 -8.52995 
557.421 1.44252 -8.40726 
569.737 1.47597 -8.24887 
581.645 1.49226 -8.05559 
593.13 1.49035 -7.82751 
604.177 1.46951 -7.56626 
614.777 1.42935 -7.27412 
624.928 1.37015 -6.95449 
634.631 1.2925 -6.60933 
643.888 1.19822 -6.24178 
652.707 1.08694 -5.85623 
661.097 0.961852 -5.45575 
669.071 0.824014 -5.04336 
676.643 0.674952 -4.62399 
683.83 0.517192 -4.20054 
690.651 0.352398 -3.77781 
697.127 0.183432 -3.36136 
703.28 0.0143182 -2.95676 
709.129 -0.148015 -2.56948 
714.672 -0.293563 -2.2008 
719.884 -0.415105 -1.84498 
724.713 -0.512452 -1.49261 
729.109 -0.594474 -1.13847 
733.041 -0.669034 -0.787084 
736.494 -0.734949 -0.442852 
739.454 -0.792562 -0.104054 
741.923 -0.850507 0.225209 
743.943 -0.914397 0.529522 
745.574 -0.975765 0.798388 
746.858 -1.02447 1.03249 
747.828 -1.05789 1.23066 
748.541 -1.08631 1.38635 
749.221 -1.18114 1.38978 
749.291 -0.383611 2.35518 
328.988 -0.0549292 -7.96347 
344.774 0.11145 -8.08166 
360.41 0.239105 -8.24264 
376.015 0.363909 -8.42765 
391.624 0.493016 -8.62547 
407.238 0.63018 -8.82984 
422.841 0.776072 -9.03522 
438.406 0.930757 -9.23572 
453.897 1.09217 -9.42568 
469.272 1.25932 -9.59923 
484.483 1.42878 -9.74944 
499.478 1.59826 -9.87056 
514.203 1.76304 -9.95671 
528.602 1.92128 -10.0005 
542.623 2.06534 -9.99777 
556.214 2.19341 -9.94595 
569.331 2.30138 -9.83944 
581.933 2.38408 -9.67969 
593.988 2.44075 -9.46467 
605.472 2.46682 -9.19707 
616.37 2.46331 -8.8782 
626.671 2.42784 -8.51259 
636.375 2.3623 -8.10418 
645.489 2.26639 -7.65837 
654.028 2.14178 -7.18065 
662.009 1.99137 -6.67666 
669.456 1.81787 -6.15331 
676.397 1.62391 -5.61546 
682.859 1.41361 -5.06853 
688.872 1.18898 -4.51847 
694.469 0.954067 -3.96838 
699.682 0.709628 -3.42376 
704.552 0.457779 -2.88987 
709.128 0.199295 -2.37543 
713.468 -0.0602008 -1.89216 
717.621 -0.30622 -1.45081 
721.592 -0.513575 -1.04978 
725.308 -0.666214 -0.666561 
728.652 -0.780558 -0.27614 
731.559 -0.889598 0.11533 
734.032 -0.995103 0.488347 
736.062 -1.08008 0.850048 
737.616 -1.15845 1.2112 
738.742 -1.25821 1.5452 
739.562 -1.36875 1.82701 
740.151 -1.46315 2.07054 
740.518 -1.54196 2.29647 
740.657 -1.6123 2.57286 
740.653 -1.79978 2.86363 
740.129 -1.22027 3.92399 
346.052 0.0654348 -8.632 
362.747 0.291263 -8.81536 
379.307 0.467873 -9.08159 
395.901 0.64832 -9.38534 
412.564 0.841706 -9.7116 
429.293 1.05087 -10.052 
446.06 1.27787 -10.3981 
462.821 1.52215 -10.7399 
479.516 1.78074 -11.0677 
496.075 2.0506 -11.3686 
512.415 2.32583 -11.6298 
528.446 2.60004 -11.8369 
544.073 2.86429 -11.9771 
559.204 3.10792 -12.0389 
573.745 3.32608 -12.0123 
587.616 3.50569 -11.8898 
600.746 3.63941 -11.6675 
613.079 3.72233 -11.3451 
624.576 3.74709 -10.9245 
635.214 3.71306 -10.4117 
644.986 3.61833 -9.81295 
653.901 3.46394 -9.13972 
661.985 3.25205 -8.40406 
669.272 2.99096 -7.61735 
675.807 2.68292 -6.79329 
681.646 2.33632 -5.94424 
686.846 1.95846 -5.08305 
691.469 1.5571 -4.22088 
695.574 1.14058 -3.36752 
699.221 0.715758 -2.53219 
702.463 0.289572 -1.72007 
705.349 -0.132856 -0.935848 
707.926 -0.550103 -0.180533 
710.248 -0.966108 0.54209 
712.403 -1.38859 1.22147 
714.518 -1.81828 1.8322 
716.718 -2.22036 2.34932 
718.987 -2.52192 2.79075 
721.082 -2.69787 3.23179 
722.762 -2.84225 3.695 
724.058 -3.01602 4.10981 
725.06 -3.14709 4.46571 
725.65 -3.21538 4.82683 
725.785 -3.31284 5.16878 
725.687 -3.45293 5.4269 
725.495 -3.56026 5.65595 
725.068 -3.62616 5.96143 
723.988 -3.6028 6.63687 
721.104 -3.78555 8.44082 
717.247 -5.15613 10.4051 
365.324 0.262335 -9.65668 
383.39 0.575397 -9.95597 
401.388 0.82956 -10.4093 
419.565 1.10271 -10.9292 
437.958 1.40814 -11.4941 
456.547 1.74948 -12.0876 
475.277 2.12579 -12.6901 
494.06 2.53358 -13.2771 
512.773 2.96427 -13.8201 
531.267 3.40565 -14.2846 
549.369 3.83839 -14.6379 
566.897 4.24373 -14.8463 
583.657 4.60057 -14.8788 
599.464 4.88348 -14.7118 
614.153 5.07218 -14.3248 
627.582 5.14554 -13.7136 
639.65 5.09164 -12.8773 
650.292 4.90036 -11.8256 
659.487 4.56742 -10.5797 
667.255 4.09834 -9.16372 
673.65 3.50102 -7.6099 
678.758 2.79122 -5.95221 
682.69 1.98569 -4.22569 
685.572 1.10441 -2.46365 
687.538 0.169294 -0.700313 
688.732 -0.798858 1.03523 
689.293 -1.77958 2.71769 
689.352 -2.75449 4.32513 
689.035 -3.70578 5.84102 
688.45 -4.61922 7.25434 
687.692 -5.48459 8.55527 
686.833 -6.28692 9.74414 
685.917 -7.02337 10.8258 
684.969 -7.69418 11.8101 
684.011 -8.312 12.7186 
683.132 -8.92795 13.5511 
682.58 -9.57793 14.2679 
682.649 -10.193 14.8096 
683.178 -10.5492 15.2682 
683.483 -10.6973 15.786 
683.402 -10.9267 16.2227 
683.41 -11.1556 16.4424 
683.427 -11.1487 16.5982 
683.015 -11.073 16.7546 
682.404 -11.0868 16.7837 
681.857 -11.0339 16.8083 
680.926 -10.8881 17.0647 
678.591 -10.4729 17.8544 
670.63 -8.76906 21.7003 
651.212 -9.87135 23.3384 
388.168 0.613644 -11.323 
408.419 1.06638 -11.8653 
428.828 1.46202 -12.6958 
449.734 1.91945 -13.6379 
471.136 2.44456 -14.6412 
492.95 3.03224 -15.658 
515.008 3.67247 -16.6259 
537.054 4.34189 -17.466 
558.746 5.00549 -18.0855 
579.675 5.61168 -18.3857 
599.39 6.10168 -18.2738 
617.448 6.40784 -17.6718 
633.438 6.47295 -16.525 
647.025 6.243 -14.8184 
657.982 5.68811 -12.5671 
666.193 4.79819 -9.8235 
671.663 3.58428 -6.663 
674.502 2.078 -3.18522 
674.915 0.327266 0.500833 
673.176 -1.60992 4.28623 
669.605 -3.67051 8.06598 
664.546 -5.79112 11.7453 
658.344 -7.91039 15.2485 
651.325 -9.97722 18.5181 
643.793 -11.9517 21.5127 
636.017 -13.8011 24.2078 
628.23 -15.5036 26.5955 
620.623 -17.0499 28.6766 
613.354 -18.4315 30.4655 
606.539 -19.6529 31.9787 
600.259 -20.7143 33.2409 
594.575 -21.6313 34.2781 
589.505 -22.4052 35.1092 
585.022 -23.0298 35.7697 
581.039 -23.5198 36.2991 
577.405 -23.8911 36.7519 
574.071 -24.2627 37.1879 
571.409 -24.8116 37.551 
569.992 -25.3725 37.7787 
569.163 -25.4879 38.0735 
567.931 -25.5381 38.3427 
567.17 -25.8797 38.2407 
567.63 -25.9144 37.8608 
568.27 -25.5243 37.482 
568.753 -25.1981 36.9996 
569.449 -24.79 36.5449 
569.395 -24.1857 36.5256 
567.709 -23.5347 36.7341 
561.931 -21.5302 37.4166 
558.569 -20.9608 23.4481 
417.501 1.37189 -14.3203 
441.525 2.03848 -15.4018 
466.357 2.71589 -16.9792 
492.264 3.55117 -18.662 
518.939 4.50695 -20.2774 
545.846 5.52081 -21.6056 
572.199 6.49006 -22.3726 
597.031 7.26102 -22.3013 
619.309 7.66951 -21.1554 
638.056 7.55547 -18.7932 
652.481 6.80876 -15.1906 
662.055 5.38301 -10.4477 
666.556 3.30085 -4.76685 
666.058 0.650831 1.57399 
660.908 -2.43511 8.26267 
651.654 -5.79258 14.9888 
638.991 -9.25274 21.4619 
623.687 -12.6572 27.4514 
606.518 -15.8734 32.7806 
588.23 -18.7961 37.342 
569.484 -21.3557 41.0869 
550.843 -23.5147 44.0281 
532.76 -25.275 46.2168 
515.569 -26.6507 47.7372 
499.498 -27.6795 48.6811 
484.694 -28.411 49.1585 
471.227 -28.8999 49.2684 
459.12 -29.197 49.0972 
448.357 -29.3455 48.7287 
438.883 -29.3841 48.229 
430.631 -29.3508 47.6529 
423.528 -29.2726 47.0336 
417.497 -29.1644 46.4068 
412.449 -29.0409 45.7958 
408.273 -28.8969 45.1984 
404.795 -28.6942 44.6298 
401.667 -28.3897 44.1363 
398.564 -28.1233 43.7819 
395.991 -28.2767 43.5083 
394.6 -28.4511 43.4179 
393.397 -28.3928 43.2731 
392.142 -28.3965 43.0322 
392.78 -29.0839 42.5591 
395.375 -29.0771 41.8602 
398.082 -28.5165 41.4277 
400.687 -28.318 41.1207 
402.437 -27.704 41.1956 
402.458 -27.2536 41.0662 
399.732 -25.3122 42.3458 
388.655 -26.9702 43.604 
460.438 3.20461 -20.1633 
491.23 4.23461 -22.3211 
523.519 5.48713 -24.6825 
556.195 6.83978 -26.25 
587.454 7.943 -26.4053 
615.308 8.46003 -24.6177 
637.778 8.09535 -20.5841 
653.207 6.66292 -14.3293 
660.53 4.13618 -6.19794 
659.389 0.650658 3.22185 
650.135 -3.53174 13.2153 
633.718 -8.07675 23.0459 
611.506 -12.631 32.0681 
585.081 -16.8704 39.7761 
556.061 -20.5286 45.8455 
525.952 -23.436 50.1489 
496.013 -25.5133 52.7357 
467.229 -26.7872 53.7934 
440.286 -27.345 53.5844 
415.609 -27.326 52.4147 
393.388 -26.8682 50.5901 
373.641 -26.1234 48.3706 
356.276 -25.2023 45.9658 
341.134 -24.2047 43.534 
328.016 -23.1926 41.1788 
316.706 -22.2101 38.9725 
306.992 -21.2919 36.9466 
298.684 -20.4522 35.1197 
291.61 -19.7036 33.4955 
285.617 -19.0461 32.0663 
280.567 -18.4766 30.8199 
276.346 -17.9935 29.7411 
272.864 -17.5944 28.8162 
270.033 -17.2668 28.0321 
267.789 -17.0135 27.3628 
266.087 -16.8132 26.7917 
264.82 -16.6114 26.2843 
263.606 -16.2526 25.8458 
261.953 -15.8583 25.5153 
260.419 -15.741 25.4817 
259.302 -15.5025 24.1075 
259.337 -15.6166 25.0138 
258.21 -15.3495 24.0806 
260.951 -16.2536 23.1974 
265.418 -16.6935 24.2273 
267.608 -16.8734 24.5747 
269.915 -16.8468 24.7563 
271.051 -16.7582 24.6876 
273.523 -16.6289 22.9782 
280.505 -13.5135 12.7891 
527.596 6.85005 -29.0001 
565.282 7.81185 -30.1374 
600.737 8.59269 -28.6349 
629.785 8.31959 -23.573 
649.069 6.5811 -15.022 
656.469 3.34532 -3.69462 
651.283 -1.10025 9.20637 
634.221 -6.25017 22.2852 
607.126 -11.5291 34.2421 
572.582 -16.3775 44.0456 
533.495 -20.3392 51.0508 
492.679 -23.1253 55.041 
452.565 -24.6582 56.208 
414.968 -25.0231 55.0309 
381.022 -24.4537 52.1728 
351.23 -23.2393 48.3059 
325.609 -21.6526 44.0086 
303.867 -19.9209 39.698 
285.575 -18.2008 35.6347 
270.257 -16.5858 31.959 
257.454 -15.1292 28.7236 
246.737 -13.8436 25.922 
237.75 -12.7333 23.5244 
230.195 -11.7852 21.4847 
223.83 -10.9807 19.7594 
218.456 -10.3036 18.3029 
213.905 -9.73241 17.0739 
210.046 -9.25105 16.0418 
206.769 -8.8485 15.1759 
203.988 -8.51223 14.454 
201.63 -8.23497 13.8553 
199.637 -8.00623 13.365 
197.963 -7.8241 12.9681 
196.58 -7.68254 12.6535 
195.46 -7.57725 12.4053 
194.611 -7.51225 12.208 
194.072 -7.49466 12.0231 
193.935 -7.51353 11.7646 
194.111 -7.42102 11.2539 
194.295 -7.01601 10.1612 
200.151 -8.31216 5.71483 
201.491 -2.11581 9.48999 
200.977 -7.51162 4.64826 
207.816 -3.65174 5.48848 
204.075 -2.20194 10.9858 
198.003 -7.07674 11.4397 
199.042 -8.01851 11.8098 
201.154 -8.25943 11.1669 
205.743 -9.31023 9.38512 
223.464 -9.41116 5.34096 
609.638 8.62937 -27.2627 
636.481 6.72095 -19.3167 
650.111 3.60621 -6.09563 
646.834 -1.01511 9.60674 
626.949 -6.47242 25.4408 
593.071 -11.9815 39.3388 
549.266 -16.8012 49.7708 
500.205 -20.3542 55.9189 
450.359 -22.3245 57.7358 
403.311 -22.6975 55.8615 
361.357 -21.7503 51.4075 
325.475 -19.9443 45.5993 
295.663 -17.7475 39.4575 
271.349 -15.5136 33.6566 
251.729 -13.4568 28.5404 
235.985 -11.6769 24.2051 
223.378 -10.1836 20.6099 
213.266 -8.94366 17.6536 
205.118 -7.91586 15.225 
198.528 -7.06555 13.2204 
193.185 -6.35546 11.5486 
188.852 -5.75392 10.137 
185.343 -5.23193 8.92382 
182.523 -4.76269 7.85782 
180.283 -4.32333 6.90075 
178.53 -3.89961 6.02584 
177.176 -3.488 5.22427 
176.14 -3.09269 4.49517 
175.347 -2.72096 3.83898 
174.743 -2.37744 3.25689 
174.283 -2.06391 2.74632 
173.935 -1.78132 2.30461 
173.671 -1.52955 1.92548 
173.474 -1.30828 1.60608 
173.33 -1.11879 1.34367 
173.23 -0.96428 1.1402 
173.175 -0.854999 1.00828 
173.185 -0.819102 0.980042 
173.344 -0.92176 1.11488 
173.89 -1.28878 1.48504 
175.078 -1.9965 2.72672 
176.765 -3.31135 4.89232 
176.362 -2.71809 3.73186 
178.073 -3.85976 6.34691 
177.003 -3.41869 5.92461 
174.293 -1.84405 2.82736 
173.853 -1.56734 2.16348 
175.024 -2.14773 2.26528 
177.851 -2.7984 2.54907 
189.178 -7.07236 1.09975 
638.402 -0.976216 7.91635 
622.408 -6.23992 23.369 
590.29 -11.65 39.4425 
544.122 -16.2695 51.2497 
489.954 -19.4142 57.5593 
433.931 -20.7314 58.351 
381.139 -20.2886 54.6324 
334.877 -18.5636 48.0922 
296.528 -16.1694 40.4878 
265.975 -13.6778 33.1398 
242.271 -11.4196 26.7344 
224.166 -9.51212 21.4621 
210.417 -7.94223 17.2373 
199.966 -6.66119 13.8755 
192.01 -5.61431 11.177 
185.975 -4.74543 8.97013 
181.483 -3.99999 7.11038 
178.283 -3.30746 5.48234 
176.13 -2.62357 4.03568 
174.748 -1.96394 2.78387 
173.897 -1.36958 1.751 
173.404 -0.867535 0.94316 
173.143 -0.471094 0.349142 
173.025 -0.180859 -0.0548239 
172.985 0.012837 -0.301959 
172.977 0.126855 -0.431579 
172.982 0.182103 -0.482323 
172.989 0.199796 -0.486164 
172.997 0.19693 -0.46509 
173.007 0.184453 -0.432123 
173.018 0.168435 -0.394545 
173.03 0.151928 -0.356258 
173.043 0.136291 -0.319292 
173.055 0.122002 -0.284647 
173.068 0.109383 -0.25327 
173.078 0.0988664 -0.226188 
173.087 0.0912886 -0.205098 
173.09 0.0879454 -0.192744 
173.089 0.0893042 -0.192171 
173.068 0.110794 -0.202093 
173.042 0.1063 -0.261695 
172.996 0.122615 -0.28816 
172.989 0.145757 -0.292877 
172.935 0.165289 -0.411624 
172.958 0.162157 -0.380769 
172.966 0.19915 -0.383422 
173 0.187454 -0.332154 
173.022 0.130523 -0.228904 
173.206 -0.122009 0.0619665 
173.459 -0.622428 1.37654 
546.262 -14.0764 49.7781 
488.774 -17.4532 57.3596 
428.686 -20.2318 60.1129 
372.104 -20.3726 56.4207 
323.3 -18.4457 48.7068 
283.716 -15.4555 39.582 
252.811 -12.3225 30.9608 
229.193 -9.65899 23.7893 
211.686 -7.60865 17.998 
198.779 -5.88725 13.546 
189.288 -4.63224 10.1352 
182.54 -3.66708 7.43391 
178.061 -2.83015 5.19039 
175.383 -2.0047 3.2763 
173.939 -1.22291 1.73807 
173.256 -0.578018 0.623823 
173 -0.121226 -0.0666375 
172.941 0.136757 -0.39063 
172.952 0.229571 -0.465489 
172.981 0.223707 -0.417397 
173.016 0.178245 -0.326659 
173.054 0.125389 -0.230678 
173.09 0.0778705 -0.144452 
173.119 0.0397129 -0.0740108 
173.142 0.0119957 -0.0220334 
173.157 -0.00565714 0.0114872 
173.167 -0.0149342 0.0295085 
173.173 -0.018434 0.0367938 
173.177 -0.0186237 0.0378737 
173.179 -0.0172392 0.0359371 
173.18 -0.015284 0.0328106 
173.181 -0.0132648 0.0294112 
173.181 -0.0113889 0.0261335 
173.181 -0.00974196 0.0231351 
173.18 -0.00834171 0.0204699 
173.18 -0.00718821 0.0181698 
173.18 -0.00628622 0.0162877 
173.18 -0.0055781 0.0148529 
173.179 -0.00475725 0.0137975 
173.18 -0.00529261 0.0126715 
173.18 -0.00173503 0.0118299 
173.179 -0.00238449 0.0125568 
173.179 -0.00480559 0.0083839 
173.185 -0.00276192 0.0161338 
173.182 -0.00653139 0.0208798 
173.182 -0.00931288 0.0210473 
173.185 -0.00702015 0.0207897 
173.181 -0.0002287 0.0100617 
173.157 0.0245299 -0.0202871 
173.12 0.0446757 -0.1647 
341.581 -41.0392 81.526 
293.754 -32.3286 65.3673 
256.396 -24.8025 49.1346 
229.769 -18.235 35.4769 
211.409 -13.1051 25.1035 
198.788 -9.28785 17.5906 
189.945 -6.47703 12.2024 
183.561 -4.3847 8.2457 
178.86 -9.12699 17.685 
175.57 -1.62612 3.17377 
173.711 -0.819336 1.40478 
172.938 -0.175853 0.237198 
172.74 0.151843 -0.305236 
172.802 0.220774 -0.398597 
172.923 0.176277 -0.309245 
173.034 0.104698 -0.181569 
173.113 0.0404993 -0.0698045 
173.159 -0.00284227 0.0051386 
173.18 -0.0224766 0.0388755 
173.186 -0.025467 0.0436653 
173.186 -0.0212628 0.0360101 
173.183 -0.0154823 0.0257949 
173.181 -0.0102204 0.0166845 
173.178 -0.00599271 0.00950418 
173.176 -0.00285155 0.00427214 
173.175 -0.000725905 0.000817844 
173.173 0.000532064 -0.00115158 
173.173 0.00114205 -0.00204359 
173.172 0.00133904 -0.00227374 
173.172 0.00131205 -0.00216553 
173.172 0.00118376 -0.00192314 
173.172 0.00102247 -0.00165304 
173.172 0.000860012 -0.00140074 
173.171 0.000710634 -0.00118135 
173.171 0.000579378 -0.000997104 
173.171 0.000466309 -0.000844623 
173.171 0.000368404 -0.000718572 
173.171 0.00027602 -0.000609431 
173.171 0.000165952 -0.000502504 
173.171 0.00011583 -0.000357887 
173.172 -0.000221362 -8.67446e-05 
173.171 -0.000195401 -1.53503e-06 
173.172 0.000221739 -0.000103858 
173.172 -0.000290043 9.65764e-05 
173.171 2.30913e-05 -0.000335539 
173.171 0.000634457 -0.000934957 
173.172 0.000194656 -0.000311405 
173.172 -0.000337464 0.00047176 
173.173 -0.00143832 0.00234733 
173.173 0.000905475 0.00779992 
94.3455 -0.739539 -5.7294 
95.8223 -5.5906 -2.41532 
108.095 -5.95168 -2.99251 
120.491 -6.23268 -3.29704 
133.014 -6.4089 -3.51358 
145.567 -6.55632 -3.70785 
158.158 -6.71799 -3.90119 
170.848 -6.91177 -4.10043 
183.723 -7.14021 -4.30477 
196.862 -7.39641 -4.51252 
210.325 -7.67522 -4.7234 
224.159 -7.97239 -4.93389 
238.407 -8.2827 -5.14258 
253.097 -8.60133 -5.3466 
268.247 -8.92204 -5.54444 
283.86 -9.24172 -5.73477 
299.94 -9.55771 -5.91563 
316.48 -9.86449 -6.08592 
333.467 -10.1619 -6.243 
350.892 -10.446 -6.38647 
368.72 -10.7072 -6.51669 
386.912 -10.9499 -6.63345 
405.444 -11.1754 -6.73398 
424.28 -11.3695 -6.81817 
443.351 -11.5359 -6.88845 
462.619 -11.675 -6.94438 
482.015 -11.781 -6.98428 
501.487 -11.8535 -7.01269 
520.956 -11.8936 -7.02729 
540.366 -11.8957 -7.02869 
559.612 -11.8541 -7.02089 
578.62 -11.7807 -7.00473 
597.315 -11.6678 -6.97725 
615.598 -11.5088 -6.94499 
633.361 -11.3108 -6.90803 
650.525 -11.0769 -6.86709 
666.994 -10.8003 -6.82253 
682.67 -10.4881 -6.77861 
697.472 -10.1395 -6.73312 
711.302 -9.75465 -6.69055 
724.089 -9.34226 -6.65024 
735.756 -8.90128 -6.6138 
746.251 -8.43942 -6.58124 
755.525 -7.95762 -6.55211 
763.532 -7.45901 -6.52861 
770.254 -6.9558 -6.51228 
775.696 -6.45353 -6.49992 
779.865 -5.95315 -6.49293 
782.818 -5.48968 -6.48522 
785.011 -5.25416 -6.43307 
785.971 -3.9092 -6.61529 
106.69 -7.26496 -3.45006 
120.787 -7.0226 -3.72034 
134.236 -7.10421 -3.95486 
147.511 -7.21159 -4.13291 
160.73 -7.33241 -4.2967 
173.98 -7.48117 -4.45865 
187.348 -7.66037 -4.62161 
200.914 -7.86489 -4.78367 
214.747 -8.08931 -4.94221 
228.897 -8.32565 -5.09152 
243.4 -8.56548 -5.22981 
258.286 -8.80618 -5.35238 
273.571 -9.04068 -5.45766 
289.261 -9.26402 -5.54144 
305.357 -9.47274 -5.60333 
321.848 -9.66293 -5.64001 
338.722 -9.83217 -5.65122 
355.959 -9.97729 -5.63595 
373.538 -10.0978 -5.59088 
391.428 -10.1867 -5.51749 
409.59 -10.2461 -5.41685 
427.991 -10.2757 -5.28781 
446.591 -10.2721 -5.13292 
465.335 -10.2346 -4.95288 
484.176 -10.1642 -4.74649 
503.056 -10.0559 -4.51844 
521.921 -9.91824 -4.26929 
540.708 -9.74246 -4.00213 
559.352 -9.53434 -3.71825 
577.775 -9.28845 -3.42261 
595.907 -9.01214 -3.1156 
613.676 -8.70272 -2.80245 
630.999 -8.36078 -2.48338 
647.789 -7.9854 -2.16526 
663.971 -7.58559 -1.85019 
679.461 -7.1567 -1.54165 
694.18 -6.70512 -1.24187 
708.053 -6.23144 -0.956012 
721.001 -5.73834 -0.68587 
732.96 -5.23169 -0.435063 
743.866 -4.71225 -0.205896 
753.672 -4.18864 -0.000828548 
762.336 -3.66125 0.178858 
769.821 -3.13487 0.33039 
776.115 -2.61904 0.453767 
781.217 -2.1161 0.548866 
785.139 -1.63233 0.614943 
787.938 -1.19604 0.653867 
789.915 -0.90014 0.681155 
790.212 0.513088 0.896505 
122.376 -8.03664 -4.4648 
137.163 -7.81558 -4.55996 
151.409 -7.81237 -4.72905 
165.418 -7.88574 -4.89858 
179.341 -7.99721 -5.06489 
193.289 -8.14067 -5.22731 
207.356 -8.30876 -5.38438 
221.608 -8.49235 -5.53289 
236.101 -8.68493 -5.66784 
250.87 -8.87662 -5.78696 
265.935 -9.06279 -5.88621 
281.313 -9.23983 -5.96478 
297.008 -9.40246 -6.01775 
313.018 -9.5459 -6.04587 
329.335 -9.67043 -6.04775 
345.941 -9.77035 -6.02237 
362.82 -9.84742 -5.96977 
379.951 -9.89862 -5.89118 
397.306 -9.92325 -5.78615 
414.854 -9.92034 -5.65632 
432.562 -9.89014 -5.50204 
450.397 -9.83326 -5.32602 
468.319 -9.74806 -5.12568 
486.288 -9.63375 -4.90771 
504.255 -9.49129 -4.67232 
522.171 -9.3217 -4.42123 
539.991 -9.12742 -4.15586 
557.661 -8.90434 -3.87963 
575.124 -8.65569 -3.59322 
592.319 -8.37885 -3.29951 
609.185 -8.07786 -3.00261 
625.658 -7.75356 -2.70227 
641.671 -7.40241 -2.40313 
657.154 -7.02979 -2.1075 
672.04 -6.63683 -1.8161 
686.264 -6.22324 -1.53394 
699.755 -5.79142 -1.26188 
712.451 -5.34534 -1.00191 
724.29 -4.88407 -0.758406 
735.215 -4.41398 -0.531613 
745.175 -3.93602 -0.324543 
754.13 -3.4559 -0.138307 
762.044 -2.97464 0.0255243 
768.89 -2.49786 0.165439 
774.655 -2.03057 0.280956 
779.341 -1.57727 0.372027 
782.96 -1.14259 0.438824 
785.562 -0.753681 0.48287 
787.436 -0.491614 0.499193 
787.393 1.21066 0.615856 
140.993 -8.37929 -4.94578 
156.089 -8.29589 -5.00838 
170.912 -8.29962 -5.12649 
185.553 -8.34868 -5.25064 
200.109 -8.42785 -5.37205 
214.671 -8.53136 -5.48453 
229.317 -8.64942 -5.58286 
244.105 -8.77317 -5.66565 
259.071 -8.89481 -5.72832 
274.238 -9.00907 -5.7699 
289.619 -9.11162 -5.79022 
305.221 -9.20132 -5.78594 
321.041 -9.272 -5.75847 
337.073 -9.32601 -5.7081 
353.307 -9.36071 -5.63414 
369.726 -9.37362 -5.53861 
386.315 -9.36794 -5.42252 
403.054 -9.34146 -5.28572 
419.921 -9.29414 -5.13153 
436.886 -9.22553 -4.95913 
453.925 -9.13644 -4.77185 
471.008 -9.02893 -4.57052 
488.101 -8.89894 -4.35785 
505.169 -8.75154 -4.13241 
522.175 -8.58173 -3.89799 
539.079 -8.39329 -3.65726 
555.838 -8.18647 -3.40915 
572.409 -7.95963 -3.15619 
588.743 -7.71322 -2.90075 
604.786 -7.44641 -2.6438 
620.49 -7.1631 -2.38731 
635.797 -6.85943 -2.13218 
650.65 -6.53764 -1.88077 
664.99 -6.19814 -1.63476 
678.758 -5.84213 -1.39636 
691.896 -5.47104 -1.1652 
704.346 -5.08427 -0.945093 
716.052 -4.68588 -0.736838 
726.96 -4.27658 -0.541267 
737.021 -3.85804 -0.360505 
746.193 -3.43426 -0.195767 
754.438 -3.00762 -0.0478366 
761.726 -2.58069 0.0820184 
768.035 -2.15745 0.193087 
773.355 -1.74209 0.284948 
777.686 -1.33857 0.357556 
781.039 -0.950179 0.411718 
783.462 -0.608422 0.447132 
785.274 -0.391494 0.463604 
784.964 1.56743 0.540509 
160.962 -8.53548 -5.11721 
176.294 -8.5231 -5.15765 
191.501 -8.52041 -5.21878 
206.564 -8.52758 -5.27725 
221.528 -8.55135 -5.32801 
236.459 -8.5895 -5.36646 
251.416 -8.63474 -5.38972 
266.445 -8.68234 -5.39526 
281.573 -8.72342 -5.38242 
296.818 -8.75744 -5.35058 
312.19 -8.78113 -5.29957 
327.693 -8.79225 -5.23062 
343.326 -8.79088 -5.14482 
359.085 -8.77678 -5.04182 
374.961 -8.74801 -4.92317 
390.944 -8.70594 -4.79147 
407.021 -8.65062 -4.64559 
423.177 -8.58034 -4.48793 
439.394 -8.49705 -4.31823 
455.654 -8.39871 -4.14101 
471.93 -8.28737 -3.95409 
488.202 -8.1625 -3.75869 
504.442 -8.02172 -3.55626 
520.62 -7.86727 -3.34993 
536.702 -7.69798 -3.13782 
552.658 -7.51534 -2.92248 
568.449 -7.31591 -2.70401 
584.036 -7.10273 -2.48486 
599.377 -6.87412 -2.26462 
614.427 -6.62899 -2.04593 
629.139 -6.36978 -1.82814 
643.465 -6.09418 -1.61472 
657.352 -5.80376 -1.40494 
670.75 -5.49831 -1.20102 
683.604 -5.17856 -1.00328 
695.861 -4.84466 -0.814054 
707.47 -4.49897 -0.633552 
718.381 -4.14155 -0.462694 
728.546 -3.77416 -0.303362 
737.919 -3.39897 -0.155974 
746.463 -3.01849 -0.0214822 
754.144 -2.6349 0.0991965 
760.935 -2.25091 0.205427 
766.818 -1.86973 0.296461 
771.784 -1.4949 0.372117 
775.831 -1.12963 0.432674 
778.967 -0.776743 0.478278 
781.249 -0.475413 0.50807 
783.014 -0.284579 0.532576 
782.466 1.87387 0.581604 
181.296 -8.53273 -5.07504 
196.741 -8.53143 -5.06817 
212.103 -8.49314 -5.06819 
227.32 -8.45003 -5.05945 
242.41 -8.41484 -5.04389 
257.42 -8.39047 -5.01827 
272.398 -8.37243 -4.98099 
287.381 -8.35701 -4.93085 
302.396 -8.33859 -4.86801 
317.458 -8.31702 -4.79314 
332.58 -8.29003 -4.70635 
347.768 -8.25686 -4.60852 
363.024 -8.21665 -4.50005 
378.348 -8.16835 -4.38189 
393.734 -8.1122 -4.25514 
409.179 -8.04845 -4.11927 
424.671 -7.97422 -3.97553 
440.199 -7.89172 -3.82533 
455.749 -7.79901 -3.66802 
471.306 -7.69727 -3.50337 
486.85 -7.58246 -3.33337 
502.36 -7.45823 -3.15871 
517.813 -7.32196 -2.97975 
533.185 -7.17556 -2.79614 
548.445 -7.01415 -2.61012 
563.563 -6.84251 -2.42071 
578.508 -6.65642 -2.2307 
593.244 -6.45926 -2.03962 
607.733 -6.24675 -1.84792 
621.934 -6.02145 -1.65777 
635.805 -5.78177 -1.46939 
649.303 -5.52972 -1.28399 
662.379 -5.26221 -1.10247 
674.987 -4.98217 -0.925853 
687.079 -4.68858 -0.755618 
698.604 -4.38291 -0.591864 
709.516 -4.06521 -0.435634 
719.768 -3.73693 -0.288495 
729.317 -3.3998 -0.150409 
738.121 -3.0549 -0.022767 
746.146 -2.705 0.0937153 
753.36 -2.35223 0.198527 
759.74 -1.99892 0.290945 
765.27 -1.64801 0.370632 
769.939 -1.30251 0.437176 
773.747 -0.964737 0.490916 
776.7 -0.638657 0.531705 
778.864 -0.369438 0.559162 
780.579 -0.190272 0.593904 
779.823 2.11614 0.612643 
201.212 -8.36945 -4.85994 
216.593 -8.35235 -4.80615 
231.884 -8.2738 -4.75793 
247.009 -8.19044 -4.70292 
261.985 -8.11553 -4.6447 
276.851 -8.05167 -4.58301 
291.644 -7.99651 -4.51563 
306.4 -7.94747 -4.44255 
321.144 -7.90069 -4.36382 
335.894 -7.85532 -4.27858 
350.663 -7.80879 -4.18746 
365.459 -7.76028 -4.08995 
380.288 -7.7085 -3.98681 
395.15 -7.65256 -3.87797 
410.044 -7.59171 -3.76319 
424.963 -7.52439 -3.64209 
439.9 -7.44977 -3.51532 
454.846 -7.3685 -3.38217 
469.789 -7.27726 -3.24341 
484.713 -7.17829 -3.10002 
499.601 -7.0691 -2.95126 
514.434 -6.95041 -2.79663 
529.192 -6.82033 -2.63784 
543.852 -6.67976 -2.47459 
558.387 -6.52675 -2.30798 
572.769 -6.36262 -2.13868 
586.969 -6.18671 -1.96699 
600.957 -5.9988 -1.79377 
614.696 -5.79695 -1.62049 
628.15 -5.58387 -1.44707 
641.281 -5.35723 -1.27561 
654.049 -5.11909 -1.10598 
666.411 -4.86661 -0.93968 
678.324 -4.60277 -0.777766 
689.743 -4.32643 -0.620713 
700.622 -4.03828 -0.469769 
710.919 -3.73918 -0.325723 
720.589 -3.43075 -0.189184 
729.593 -3.11332 -0.0610204 
737.892 -2.78933 0.0579658 
745.455 -2.46068 0.167022 
752.253 -2.12947 0.265493 
758.266 -1.79814 0.35277 
763.477 -1.46918 0.428359 
767.879 -1.14529 0.49213 
771.469 -0.828272 0.54394 
774.254 -0.523226 0.583607 
776.308 -0.280053 0.611419 
777.966 -0.105769 0.657962 
777.037 2.30581 0.648779 
220.123 -8.09316 -4.54225 
235.292 -8.05766 -4.46255 
250.352 -7.95592 -4.39156 
265.237 -7.85653 -4.32013 
279.968 -7.76899 -4.25049 
294.579 -7.69435 -4.18162 
309.105 -7.63001 -4.11355 
323.577 -7.57485 -4.04427 
338.017 -7.52475 -3.97327 
352.444 -7.47756 -3.89971 
366.869 -7.43178 -3.82294 
381.299 -7.38503 -3.74237 
395.74 -7.33662 -3.65723 
410.193 -7.28458 -3.56745 
424.653 -7.22688 -3.47119 
439.115 -7.16302 -3.36986 
453.572 -7.09285 -3.26318 
468.012 -7.01447 -3.14928 
482.424 -6.92709 -3.02954 
496.795 -6.83168 -2.90296 
511.107 -6.72436 -2.76978 
525.343 -6.60731 -2.63141 
539.482 -6.48024 -2.4874 
553.503 -6.34136 -2.33744 
567.384 -6.1914 -2.1839 
581.098 -6.0302 -2.02594 
594.62 -5.85691 -1.86443 
607.921 -5.67231 -1.70048 
620.97 -5.47522 -1.53545 
633.733 -5.2663 -1.36941 
646.178 -5.04613 -1.20438 
658.267 -4.81377 -1.04017 
669.963 -4.56917 -0.879078 
681.224 -4.31401 -0.721376 
692.012 -4.04696 -0.568209 
702.284 -3.76935 -0.420263 
712 -3.4817 -0.278821 
721.119 -3.18516 -0.144011 
729.604 -2.88061 -0.0169554 
737.422 -2.57035 0.101521 
744.542 -2.25609 0.210935 
750.94 -1.94003 0.310235 
756.596 -1.6246 0.39885 
761.496 -1.312 0.476156 
765.635 -1.00461 0.541889 
769.01 -0.704263 0.595672 
771.627 -0.416642 0.637391 
773.568 -0.195259 0.667932 
775.158 -0.0237282 0.727173 
774.084 2.46027 0.693521 
237.737 -7.78201 -4.20788 
252.632 -7.73977 -4.12831 
267.405 -7.63801 -4.06152 
282.013 -7.547 -3.99835 
296.482 -7.46912 -3.94011 
310.841 -7.40426 -3.88625 
325.119 -7.35084 -3.83507 
339.342 -7.30549 -3.78499 
353.528 -7.26562 -3.73468 
367.692 -7.22805 -3.68253 
381.842 -7.1913 -3.62763 
395.982 -7.1528 -3.56891 
410.114 -7.11138 -3.50536 
424.237 -7.06523 -3.4357 
438.344 -7.01156 -3.36039 
452.428 -6.95205 -3.27777 
466.482 -6.88445 -3.18773 
480.491 -6.80609 -3.09031 
494.445 -6.71929 -2.98515 
508.328 -6.62199 -2.87142 
522.125 -6.51278 -2.75042 
535.818 -6.39394 -2.62164 
549.39 -6.2633 -2.48526 
562.821 -6.1209 -2.3435 
576.089 -5.96777 -2.19386 
589.174 -5.80245 -2.03986 
602.049 -5.62562 -1.88123 
614.691 -5.4384 -1.71913 
627.073 -5.23945 -1.55418 
639.166 -5.02881 -1.38809 
650.94 -4.80861 -1.22131 
662.364 -4.57637 -1.05568 
673.402 -4.33429 -0.892048 
684.021 -4.08181 -0.731293 
694.183 -3.8189 -0.574786 
703.85 -3.54618 -0.423047 
712.985 -3.26458 -0.276878 
721.552 -2.9744 -0.137274 
729.514 -2.67762 -0.00503954 
736.843 -2.37589 0.119333 
743.51 -2.07106 0.234725 
749.496 -1.76572 0.340377 
754.782 -1.462 0.435379 
759.36 -1.16219 0.518887 
763.221 -0.86827 0.590388 
766.367 -0.582129 0.649524 
768.805 -0.309907 0.695497 
770.622 -0.107802 0.730716 
772.129 0.0597558 0.803339 
770.932 2.5927 0.749233 
254.078 -7.51288 -3.92532 
268.729 -7.47519 -3.86808 
283.257 -7.39215 -3.82353 
297.642 -7.32426 -3.78452 
311.912 -7.2693 -3.75123 
326.091 -7.22574 -3.72277 
340.202 -7.19146 -3.69742 
354.261 -7.16304 -3.67288 
368.283 -7.13805 -3.64762 
382.276 -7.11325 -3.6204 
396.241 -7.08719 -3.58913 
410.181 -7.05737 -3.55308 
424.092 -7.02223 -3.51066 
437.969 -6.98006 -3.46119 
451.802 -6.9294 -3.40369 
465.583 -6.86996 -3.33788 
479.301 -6.80094 -3.26255 
492.941 -6.71993 -3.17789 
506.491 -6.62803 -3.08255 
519.936 -6.52438 -2.97835 
533.259 -6.40898 -2.86439 
546.446 -6.28209 -2.74091 
559.478 -6.14229 -2.60757 
572.339 -5.99146 -2.4654 
585.01 -5.82723 -2.31616 
597.471 -5.65344 -2.15935 
609.703 -5.46699 -1.99645 
621.684 -5.2708 -1.8285 
633.393 -5.06341 -1.65704 
644.804 -4.84592 -1.48314 
655.894 -4.61957 -1.30855 
666.635 -4.38289 -1.13371 
676.998 -4.1375 -0.960702 
686.954 -3.88317 -0.790916 
696.468 -3.61991 -0.624678 
705.508 -3.34767 -0.463298 
714.037 -3.0677 -0.307642 
722.024 -2.78037 -0.158192 
729.436 -2.48731 -0.0156016 
736.245 -2.19005 0.119201 
742.429 -1.89111 0.245394 
747.97 -1.59291 0.36195 
752.856 -1.29796 0.467657 
757.078 -1.00851 0.561382 
760.635 -0.726299 0.642241 
763.526 -0.453111 0.709392 
765.762 -0.195658 0.762184 
767.435 -0.0113919 0.803021 
768.846 0.148903 0.889915 
767.539 2.71273 0.818226 
269.408 -7.3351 -3.73605 
283.912 -7.31053 -3.71218 
298.298 -7.25509 -3.69994 
312.568 -7.21702 -3.69292 
326.747 -7.19012 -3.69073 
340.854 -7.17172 -3.69255 
354.905 -7.15937 -3.69635 
368.909 -7.14954 -3.70044 
382.871 -7.14038 -3.70258 
396.793 -7.12879 -3.70119 
410.673 -7.11251 -3.69474 
424.506 -7.09034 -3.6818 
438.282 -7.05948 -3.66053 
451.993 -7.01968 -3.63077 
465.627 -6.96879 -3.59106 
479.172 -6.90702 -3.54048 
492.612 -6.83224 -3.47763 
505.935 -6.74457 -3.40374 
519.122 -6.64319 -3.31759 
532.161 -6.52959 -3.2182 
545.036 -6.40173 -3.10699 
557.732 -6.26041 -2.98273 
570.232 -6.10548 -2.84809 
582.52 -5.93875 -2.70127 
594.583 -5.75929 -2.54463 
606.404 -5.56822 -2.37811 
617.967 -5.36577 -2.20423 
629.256 -5.15382 -2.0233 
640.255 -4.9319 -1.8373 
650.945 -4.70131 -1.64857 
661.307 -4.46303 -1.45712 
671.321 -4.21593 -1.26645 
680.963 -3.96283 -1.07748 
690.209 -3.70262 -0.891467 
699.03 -3.43464 -0.710093 
707.395 -3.15975 -0.534091 
715.274 -2.87824 -0.363771 
722.635 -2.59021 -0.199915 
729.45 -2.2973 -0.0428629 
735.692 -2.0013 0.106803 
741.343 -1.70472 0.248262 
746.39 -1.41048 0.380149 
750.824 -1.1217 0.500937 
754.646 -0.840747 0.608886 
757.854 -0.569438 0.702484 
760.454 -0.309193 0.780691 
762.457 -0.0665452 0.842178 
763.961 0.0995779 0.890184 
765.257 0.248887 0.991068 
763.85 2.82803 0.904696 
284.109 -7.27484 -3.65444 
298.604 -7.26509 -3.67118 
312.985 -7.24175 -3.69532 
327.271 -7.23496 -3.72402 
341.49 -7.23767 -3.75678 
355.652 -7.2458 -3.79221 
369.766 -7.25659 -3.82889 
383.832 -7.26673 -3.86445 
397.849 -7.27407 -3.89725 
411.812 -7.27607 -3.92529 
425.71 -7.27027 -3.94668 
439.533 -7.25532 -3.95956 
453.266 -7.22806 -3.96247 
466.896 -7.18986 -3.95427 
480.406 -7.1367 -3.93334 
493.778 -7.06907 -3.89804 
506.996 -6.9855 -3.84894 
520.044 -6.88757 -3.78414 
532.903 -6.77187 -3.70344 
545.558 -6.64117 -3.60721 
557.993 -6.49497 -3.49439 
570.195 -6.33245 -3.36654 
582.148 -6.15635 -3.22284 
593.84 -5.96492 -3.06509 
605.259 -5.76146 -2.89355 
616.393 -5.54535 -2.71048 
627.232 -5.31892 -2.51621 
637.767 -5.08254 -2.3133 
647.986 -4.83794 -2.10359 
657.88 -4.58626 -1.88835 
667.437 -4.32794 -1.67149 
676.644 -4.06514 -1.45455 
685.487 -3.79841 -1.24027 
693.948 -3.52727 -1.03025 
702.004 -3.25151 -0.826353 
709.629 -2.97081 -0.629524 
716.791 -2.68453 -0.439658 
723.462 -2.39284 -0.256526 
729.614 -2.09684 -0.0804018 
735.224 -1.79857 0.0884298 
740.275 -1.50077 0.249333 
744.759 -1.20708 0.401264 
748.675 -0.921519 0.542098 
752.031 -0.647486 0.669009 
754.833 -0.386714 0.779706 
757.092 -0.140143 0.872166 
758.823 0.0860603 0.944684 
760.126 0.233324 1.00066 
761.288 0.365959 1.1147 
759.789 2.94516 1.01515 
298.616 -7.34102 -3.68582 
313.257 -7.34827 -3.74606 
327.785 -7.35801 -3.81098 
342.239 -7.38505 -3.88063 
356.642 -7.41984 -3.95317 
371.002 -7.45737 -4.02858 
385.319 -7.49482 -4.10433 
399.585 -7.52829 -4.17883 
413.791 -7.55597 -4.24937 
427.922 -7.57472 -4.31386 
441.962 -7.58197 -4.37014 
455.892 -7.57628 -4.41609 
469.689 -7.55469 -4.44983 
483.334 -7.5173 -4.46763 
496.805 -7.46096 -4.47021 
510.078 -7.38552 -4.45486 
523.132 -7.29109 -4.42012 
535.948 -7.17656 -4.36492 
548.505 -7.04085 -4.28911 
560.786 -6.88676 -4.19184 
572.776 -6.71283 -4.07348 
584.461 -6.52077 -3.93406 
595.828 -6.31112 -3.77411 
606.869 -6.08583 -3.59581 
617.575 -5.84644 -3.39972 
627.942 -5.59445 -3.18732 
637.963 -5.33103 -2.961 
647.638 -5.05916 -2.72277 
656.964 -4.77969 -2.47451 
665.94 -4.49479 -2.22011 
674.566 -4.20738 -1.9618 
682.841 -3.91809 -1.70336 
690.762 -3.62957 -1.44849 
698.322 -3.34137 -1.20126 
705.507 -3.05352 -0.963937 
712.294 -2.7643 -0.737843 
718.652 -2.47091 -0.521879 
724.548 -2.17248 -0.314391 
729.955 -1.87026 -0.114396 
734.849 -1.56637 0.0781132 
739.215 -1.26356 0.263103 
743.048 -0.965824 0.440284 
746.356 -0.679379 0.607186 
749.16 -0.409996 0.759393 
751.48 -0.159739 0.892492 
753.334 0.0708203 1.00355 
754.743 0.277396 1.0897 
755.806 0.40478 1.15509 
756.811 0.516511 1.28285 
755.23 3.0737 1.17012 
313.374 -7.54283 -3.83445 
328.334 -7.56964 -3.94482 
343.183 -7.61813 -4.05846 
357.977 -7.685 -4.17729 
372.74 -7.75823 -4.30082 
387.471 -7.83347 -4.42747 
402.165 -7.9057 -4.55559 
416.805 -7.97193 -4.68286 
431.371 -8.0285 -4.80604 
445.84 -8.07273 -4.92261 
460.184 -8.10085 -5.02876 
474.375 -8.11075 -5.12133 
488.381 -8.09915 -5.19755 
502.17 -8.06468 -5.25517 
515.711 -8.00614 -5.28876 
528.978 -7.92079 -5.29868 
541.938 -7.80896 -5.28099 
554.567 -7.67026 -5.23494 
566.844 -7.50467 -5.15994 
578.747 -7.31408 -5.05506 
590.261 -7.0986 -4.92045 
601.374 -6.86001 -4.75681 
612.077 -6.60028 -4.5658 
622.366 -6.32307 -4.34869 
632.239 -6.02911 -4.10819 
641.698 -5.72132 -3.846 
650.747 -5.40294 -3.56587 
659.394 -5.07651 -3.26992 
667.646 -4.74369 -2.9616 
675.514 -4.40894 -2.6441 
683.012 -4.07392 -2.3209 
690.154 -3.7421 -1.99657 
696.954 -3.41731 -1.67623 
703.425 -3.10143 -1.36666 
709.572 -2.79471 -1.07491 
715.379 -2.49417 -0.80396 
720.813 -2.19252 -0.552388 
725.826 -1.88515 -0.313892 
730.379 -1.57264 -0.0834024 
734.453 -1.25939 0.138777 
738.032 -0.947864 0.352282 
741.106 -0.640386 0.559418 
743.689 -0.346418 0.759772 
745.827 -0.0777384 0.945517 
747.564 0.161803 1.10842 
748.929 0.374045 1.24518 
749.949 0.556856 1.35229 
750.715 0.669798 1.43596 
751.503 0.771446 1.58974 
749.843 3.27094 1.47455 
328.86 -7.89973 -4.11645 
344.342 -7.95399 -4.28976 
359.723 -8.05374 -4.46685 
375.077 -8.17384 -4.65296 
390.425 -8.30229 -4.848 
405.764 -8.43265 -5.05027 
421.078 -8.55956 -5.25728 
436.339 -8.67811 -5.46502 
451.517 -8.78317 -5.67018 
466.572 -8.87099 -5.86709 
481.463 -8.93553 -6.05155 
496.143 -8.97364 -6.21741 
510.567 -8.98117 -6.3599 
524.687 -8.95394 -6.47138 
538.457 -8.88853 -6.54939 
551.835 -8.78604 -6.58803 
564.78 -8.64163 -6.58413 
577.26 -8.45877 -6.53591 
589.246 -8.2367 -6.44109 
600.719 -7.97843 -6.30077 
611.661 -7.68571 -6.11516 
622.065 -7.36263 -5.88722 
631.928 -7.01295 -5.61906 
641.256 -6.64128 -5.31428 
650.059 -6.25158 -4.97743 
658.349 -5.8476 -4.6136 
666.145 -5.43539 -4.2268 
673.469 -5.01731 -3.82245 
680.342 -4.59716 -3.40479 
686.792 -4.17958 -2.97827 
692.842 -3.76642 -2.54613 
698.525 -3.36266 -2.11273 
703.876 -2.97334 -1.68267 
708.938 -2.605 -1.26456 
713.752 -2.26272 -0.871305 
718.339 -1.94429 -0.517787 
722.668 -1.63654 -0.208526 
726.656 -1.32104 0.0702901 
730.219 -0.992897 0.33893 
733.334 -0.665708 0.600533 
736.001 -0.345551 0.847077 
738.195 -0.0259199 1.08345 
739.913 0.284065 1.31973 
741.233 0.556978 1.54665 
742.251 0.785703 1.7468 
743.01 0.984115 1.92054 
743.525 1.163 2.08039 
743.814 1.32901 2.26741 
744.106 1.51206 2.56235 
742.207 3.90272 2.49939 
345.629 -8.45533 -4.56978 
361.902 -8.55445 -4.83219 
378.102 -8.73305 -5.10405 
394.327 -8.93825 -5.3954 
410.596 -9.15775 -5.70518 
426.901 -9.38245 -6.03157 
443.215 -9.60476 -6.37015 
459.494 -9.81606 -6.71482 
475.687 -10.0091 -7.05795 
491.73 -10.1738 -7.38983 
507.555 -10.3015 -7.6995 
523.084 -10.3822 -7.97468 
538.24 -10.4084 -8.20244 
552.946 -10.3717 -8.37464 
567.124 -10.2688 -8.4778 
580.712 -10.0958 -8.50449 
593.65 -9.8511 -8.45059 
605.89 -9.53873 -8.3109 
617.402 -9.16034 -8.08739 
628.163 -8.72386 -7.78077 
638.167 -8.23364 -7.39669 
647.418 -7.70031 -6.9418 
655.935 -7.1323 -6.42696 
663.74 -6.53881 -5.85959 
670.87 -5.92957 -5.25117 
677.365 -5.31264 -4.61245 
683.27 -4.69665 -3.95394 
688.634 -4.08858 -3.28564 
693.503 -3.49347 -2.61653 
697.923 -2.91707 -1.95389 
701.94 -2.36089 -1.30347 
705.596 -1.8285 -0.667484 
708.939 -1.32224 -0.0458553 
712.031 -0.850746 0.56071 
714.963 -0.427411 1.1426 
717.839 -0.0651063 1.67118 
720.708 0.247737 2.10941 
723.456 0.557606 2.45644 
725.859 0.903153 2.76895 
727.822 1.25227 3.08366 
729.42 1.56519 3.36794 
730.642 1.87105 3.60939 
731.387 2.18761 3.8485 
731.739 2.45546 4.0923 
731.904 2.65161 4.30518 
731.923 2.84223 4.49839 
731.681 3.11914 4.75505 
730.814 3.74114 5.29092 
728.845 4.80012 6.6523 
725.476 6.98521 7.22859 
364.423 -9.3003 -5.27606 
381.886 -9.48471 -5.68525 
399.353 -9.80586 -6.12043 
416.96 -10.1697 -6.60061 
434.722 -10.5617 -7.12334 
452.618 -10.967 -7.68046 
470.598 -11.3686 -8.2602 
488.584 -11.7473 -8.84518 
506.478 -12.0828 -9.41218 
524.156 -12.3496 -9.93345 
541.484 -12.5253 -10.3806 
558.312 -12.5868 -10.724 
574.489 -12.5148 -10.9337 
589.872 -12.2973 -10.9842 
604.327 -11.9213 -10.8566 
617.743 -11.3905 -10.5398 
630.037 -10.7088 -10.0287 
641.153 -9.88703 -9.32775 
651.068 -8.94507 -8.45022 
659.789 -7.90215 -7.41472 
667.349 -6.78304 -6.24683 
673.804 -5.61319 -4.9733 
679.234 -4.41747 -3.62287 
683.728 -3.21657 -2.22618 
687.384 -2.03421 -0.810991 
690.309 -0.887598 0.596591 
692.608 0.20833 1.97368 
694.383 1.24132 3.3 
695.732 2.20328 4.56019 
696.741 3.09003 5.74199 
697.484 3.89853 6.83538 
698.019 4.63308 7.83976 
698.387 5.3014 8.7584 
698.627 5.90674 9.60725 
698.804 6.44922 10.4153 
699.082 6.89787 11.191 
699.701 7.22692 11.8813 
700.745 7.48289 12.3813 
701.797 7.80635 12.7281 
702.4 8.18129 13.0708 
702.742 8.43209 13.3783 
703.06 8.59149 13.5321 
703.046 8.79775 13.6003 
702.585 8.96061 13.6785 
702.049 9.00015 13.7274 
701.468 9.10142 13.7646 
700.387 9.46734 13.9114 
697.517 10.8309 14.3415 
687.912 15.108 17.1082 
675.639 20.2829 21.6329 
386.418 -10.653 -6.45463 
405.764 -11.0292 -7.14348 
425.322 -11.6409 -7.90423 
445.267 -12.3227 -8.7531 
465.597 -13.0444 -9.6707 
486.242 -13.7662 -10.6263 
507.067 -14.4387 -11.572 
527.875 -14.9995 -12.4439 
548.402 -15.3785 -13.1608 
568.341 -15.5025 -13.6358 
587.355 -15.3094 -13.7795 
605.112 -14.7496 -13.5186 
621.294 -13.7933 -12.7981 
635.639 -12.4436 -11.5942 
647.949 -10.7213 -9.9144 
658.104 -8.67639 -7.79281 
666.068 -6.36889 -5.29027 
671.879 -3.87406 -2.48601 
675.649 -1.27093 0.532032 
677.549 1.36607 3.67253 
677.786 3.96764 6.84742 
676.598 6.4741 9.97661 
674.233 8.83892 12.9939 
670.938 11.0277 15.848 
666.953 13.0164 18.4995 
662.499 14.7934 20.9249 
657.774 16.3568 23.1116 
652.957 17.7084 25.0557 
648.193 18.862 26.7639 
643.604 19.8321 28.2432 
639.279 20.6309 29.5135 
635.286 21.2836 30.5812 
631.647 21.8051 31.4589 
628.338 22.2257 32.1745 
625.296 22.586 32.7601 
622.478 22.893 33.3108 
620.08 23.1092 33.9227 
618.619 23.1644 34.5148 
618.09 23.2664 34.8456 
617.431 23.5754 35.0389 
616.475 23.694 35.2737 
616.226 23.4552 35.2829 
616.5 23.2474 34.9406 
616.433 23.0848 34.519 
616.359 22.7456 34.0857 
616.321 22.5707 33.6444 
615.318 22.8212 33.3499 
612.195 23.5883 32.9223 
600.097 27.4695 30.2883 
588.09 54317.2 69630.9 
413.987 -13.0519 -8.68298 
436.601 -13.8935 -9.94001 
459.953 -15.1127 -11.3533 
484.146 -16.3803 -12.8775 
508.977 -17.5705 -14.3794 
534.074 -18.5046 -15.6667 
558.895 -18.9738 -16.5 
582.766 -18.7806 -16.6376 
604.936 -17.7661 -15.8746 
624.656 -15.8505 -14.0874 
641.256 -13.0397 -11.2523 
654.212 -9.42678 -7.44567 
663.189 -5.16928 -2.83216 
668.061 -0.476451 2.36857 
668.915 4.43061 7.90664 
666.012 9.3357 13.5338 
659.766 14.0388 19.0154 
650.691 18.3844 24.1625 
639.361 22.2532 28.8306 
626.366 25.5781 32.9246 
612.272 28.327 36.3998 
597.601 30.5087 39.2582 
582.808 32.1617 41.5267 
568.26 33.3441 43.2626 
554.254 34.1179 44.5328 
541.01 34.5549 45.4142 
528.682 34.7238 45.979 
517.374 34.6806 46.2954 
507.138 34.4868 46.4235 
497.988 34.1861 46.4191 
489.911 33.8209 46.3204 
482.877 33.4115 46.1585 
476.842 32.9842 45.9598 
471.717 32.567 45.7256 
467.372 32.1673 45.445 
463.564 31.8319 45.1144 
459.984 31.5884 44.8378 
456.77 31.3226 44.8562 
454.811 30.9616 45.0333 
453.619 30.9247 44.9812 
452.143 30.9581 44.9461 
451.421 30.4746 45.0975 
452.801 29.8219 44.9115 
454.888 29.4431 44.3271 
456.772 29.1113 43.8669 
458.783 28.9167 43.4089 
459.322 29.2368 43.0162 
458.238 29.538 42.2928 
452.346 31.4266 42.9129 
450.615 34.9 50.5641 
452.809 -17.8045 -13.3935 
481.376 -19.5588 -15.5962 
511.292 -21.3757 -17.6091 
541.848 -22.4891 -18.9566 
571.89 -22.4726 -19.1167 
599.98 -20.949 -17.6673 
624.519 -17.7173 -14.3905 
643.991 -12.8253 -9.32471 
657.185 -6.54529 -2.75698 
663.367 0.676818 4.85052 
662.352 8.31407 12.9384 
654.485 15.8268 20.9297 
640.544 22.7435 28.3176 
621.607 28.6975 34.7042 
598.924 33.4496 39.8368 
573.78 36.9053 43.6025 
547.38 39.0854 46.0381 
520.779 40.121 47.2704 
494.833 40.1926 47.4965 
470.191 39.5152 46.9403 
447.277 38.3114 45.8377 
426.344 36.7783 44.3849 
407.495 35.0735 42.7512 
390.724 33.3248 41.0575 
375.943 31.6127 39.3919 
363.012 29.9968 37.8135 
351.778 28.5034 36.3557 
342.079 27.1464 35.0401 
333.763 25.9334 33.8722 
326.676 24.86 32.8484 
320.68 23.916 31.9643 
315.66 23.0902 31.2146 
311.516 22.3757 30.5855 
308.145 21.7618 30.0668 
305.476 21.2284 29.6373 
303.396 20.7762 29.2489 
301.626 20.4394 28.8043 
299.646 20.2348 28.3799 
297.568 19.9795 28.2333 
296.107 19.8779 28.4651 
295.414 19.8919 28.3109 
294.451 19.4903 28.1094 
295.052 19.215 28.8516 
298.753 18.4491 28.752 
302.277 18.3793 28.371 
304.982 18.6415 28.6709 
306.8 19.0186 28.5401 
307.507 18.7937 28.2749 
306.568 20.4713 25.3071 
306.143 28791.1 43812.4 
513.12 -25.1178 -20.383 
549.571 -26.0748 -21.1656 
585.206 -24.846 -19.6365 
616.817 -20.7952 -15.3781 
641.358 -14.0283 -8.46949 
656.378 -5.08627 0.497591 
660.412 5.12132 10.5867 
653.179 15.5307 20.7357 
635.522 25.1335 29.9664 
609.173 33.1162 37.5169 
576.43 38.9569 42.9174 
539.818 42.4476 46.033 
501.764 43.7033 47.0023 
464.322 43.0721 46.1901 
429.038 41.0496 44.0842 
396.889 38.1684 41.1932 
368.337 34.9028 37.9504 
343.46 31.5961 34.6759 
322.079 28.4651 31.5707 
303.874 25.6257 28.7482 
288.455 23.1278 26.2452 
275.424 20.9614 24.0681 
264.424 19.1051 22.1956 
255.14 17.5196 20.5972 
247.3 16.1722 19.2413 
240.672 15.0298 18.0909 
235.066 14.0582 17.1208 
230.32 13.2349 16.3068 
226.308 12.5357 15.6278 
222.922 11.944 15.0666 
220.078 11.4441 14.6067 
217.7 11.0223 14.2381 
215.74 10.6663 13.9507 
214.15 10.3699 13.7316 
212.904 10.1146 13.5782 
212.001 9.89335 13.4779 
211.456 9.6786 13.3915 
211.145 9.49245 13.1397 
210.56 9.27248 12.6879 
209.831 9.21159 12.3593 
215.776 5336.64 9934.61 
210.768 9.28392 11.7406 
215.604 6149.27 10028.3 
218.785 5433.07 11374.2 
215.277 9.3861 13.2662 
215.586 8.84456 13.9293 
217.49 9.0417 14.0027 
219.329 8.7578 13.893 
226.312 5.94244 13.3451 
243.596 4202.85 23828.9 
595.919 -24.6992 -17.8571 
628.694 -18.3745 -10.4588 
650.381 -7.7121 -0.112453 
656.959 5.11662 11.7433 
647.409 18.2302 23.4505 
623.001 29.9188 33.5326 
586.731 38.8825 40.9253 
542.603 44.3828 45.0981 
494.871 46.3078 46.0699 
447.344 45.1347 44.3491 
402.905 41.7502 40.7763 
363.318 37.1691 36.2757 
329.333 32.2658 31.6061 
300.923 27.6215 27.2512 
277.593 23.5277 23.4414 
258.637 20.064 20.2221 
243.298 17.1973 17.541 
230.871 14.8413 15.3175 
220.765 12.9027 13.4735 
212.511 11.2981 11.933 
205.739 9.95596 10.6312 
200.159 8.8202 9.51439 
195.545 7.84146 8.54013 
191.725 6.98586 7.67689 
188.559 6.22966 6.89937 
185.935 5.5532 6.18978 
183.762 4.9451 5.53574 
181.959 4.39892 4.93021 
180.461 3.90536 4.37128 
179.216 3.46044 3.85727 
178.181 3.05789 3.38887 
177.321 2.69638 2.96444 
176.607 2.36953 2.58549 
176.023 2.07763 2.25461 
175.558 1.81964 1.97844 
175.221 1.59618 1.77613 
175.057 1.41314 1.69116 
175.189 1.28376 1.81019 
175.857 1.23056 2.23371 
177.445 1.08395 2.95664 
182.085 1.33527 6.25676 
182.402 4.71076 4.55624 
184.238 1.40291 6.62156 
186.623 4.91744 7.70171 
181.974 6.23832 4.58147 
177.842 2.72387 3.23147 
177.901 1.78197 3.53037 
180.513 1.5681 4.21099 
185.921 0.917174 5.93028 
203.796 -604.964 6215.62 
647.526 2.05708 9.46287 
643.174 15.7275 22.7555 
620.191 29.8623 33.7724 
580.681 40.5752 41.377 
530.044 46.7075 44.8931 
474.387 48.0785 44.4847 
419.317 45.4532 41.021 
369.065 40.2319 35.7913 
326.029 33.9676 30.0727 
290.902 27.8623 24.7494 
263.149 22.5498 20.21 
241.611 18.2025 16.4985 
224.982 14.7392 13.5094 
212.113 11.9873 11.0993 
202.11 9.77588 9.12946 
194.325 7.95622 7.48808 
188.308 6.41796 6.07509 
183.709 5.09031 4.8113 
180.233 3.93532 3.65307 
177.634 2.9314 2.60107 
175.728 2.06875 1.67611 
174.371 1.34444 0.902566 
173.448 0.761005 0.301216 
172.863 0.321421 -0.117622 
172.53 0.0208975 -0.365182 
172.37 -0.160421 -0.476714 
172.32 -0.253738 -0.500542 
172.334 -0.291362 -0.478461 
172.381 -0.298023 -0.437172 
172.444 -0.288701 -0.390945 
172.514 -0.271772 -0.34637 
172.583 -0.251679 -0.305928 
172.649 -0.23093 -0.27008 
172.71 -0.210314 -0.23889 
172.764 -0.190626 -0.212588 
172.808 -0.172252 -0.191907 
172.839 -0.155727 -0.178338 
172.854 -0.143329 -0.173106 
172.85 -0.136536 -0.178279 
172.831 -0.129626 -0.157265 
172.73 -0.176714 -0.195229 
172.591 -0.207848 -0.251063 
172.643 -0.131057 -0.242651 
172.372 -0.357214 -0.384301 
172.36 -0.217416 -0.455403 
172.549 -0.230855 -0.347366 
172.664 -0.267488 -0.242076 
172.992 -0.302071 0.0424576 
174.098 -0.347504 0.768577 
178.25 -0.684635 5.17973 
579.205 39.3758 38.8276 
527.493 46.9584 45.1529 
469.08 49.9749 45.6384 
410.178 47.3535 41.6896 
356.389 41.1376 35.2169 
310.795 33.5899 28.1592 
274.189 26.4306 21.883 
245.935 20.3813 16.8068 
224.681 15.5944 12.8093 
208.768 11.9243 9.79304 
196.968 9.07032 7.47582 
188.378 6.78355 5.60506 
182.289 4.89726 3.99312 
178.1 3.32678 2.54602 
175.326 2.03257 1.29926 
173.622 1.00996 0.341555 
172.724 0.286378 -0.237024 
172.39 -0.119553 -0.438123 
172.379 -0.269062 -0.409143 
172.507 -0.28201 -0.302996 
172.675 -0.242462 -0.195244 
172.838 -0.187053 -0.107042 
172.978 -0.129852 -0.0396125 
173.087 -0.0775892 0.0087913 
173.162 -0.0353269 0.0394805 
173.208 -0.00627385 0.0547211 
173.23 0.0099547 0.0585565 
173.237 0.0168144 0.0555639 
173.237 0.0183048 0.0493952 
173.233 0.0173699 0.0423046 
173.228 0.0156349 0.0354596 
173.222 0.0138514 0.0293594 
173.216 0.0122705 0.0241517 
173.211 0.0109455 0.0198278 
173.207 0.00982826 0.0163154 
173.203 0.00886633 0.0135472 
173.2 0.00805285 0.0114024 
173.198 0.00743825 0.00965988 
173.197 0.00672145 0.00898404 
173.195 0.00571938 0.00495082 
173.195 0.00502859 0.00201125 
173.202 0.0100588 0.0138559 
173.198 -0.0057738 0.00474043 
173.211 0.00536174 0.00883407 
173.219 0.0138971 0.0275512 
173.214 0.0043753 0.0182366 
173.204 0.00917726 0.00515374 
173.177 0.0149316 -0.0122698 
173.092 0.0249081 -0.0421387 
172.901 -0.112688 -0.281812 
405.878 60.4978 58.3242 
344.945 50.8555 46.8649 
295.395 39.1112 35.1062 
258.452 28.6596 25.3442 
232.046 20.6 17.9637 
213.35 14.7623 12.5987 
199.892 10.5842 8.69306 
189.826 7.50003 5.64217 
182.607 4.98589 3.67085 
177.637 3.29529 2.11824 
174.471 1.76 0.765656 
172.83 0.6116 -0.0921868 
172.329 -0.0398433 -0.349715 
172.425 -0.232886 -0.280177 
172.689 -0.221059 -0.14533 
172.941 -0.150309 -0.0367557 
173.124 -0.0691734 0.0345664 
173.225 -0.00418958 0.0673899 
173.258 0.0277381 0.0689144 
173.252 0.0322408 0.0546643 
173.233 0.0253165 0.0370258 
173.214 0.0168825 0.021568 
173.197 0.0101036 0.0097576 
173.185 0.00523474 0.00152581 
173.176 0.00191686 -0.00361063 
173.171 -0.000148274 -0.00626992 
173.168 -0.00120346 -0.00715743 
173.167 -0.00154834 -0.00696786 
173.167 -0.00148783 -0.00624285 
173.167 -0.00125283 -0.00532675 
173.168 -0.000984704 -0.00440771 
173.168 -0.000749383 -0.00357241 
173.169 -0.000565557 -0.00285189 
173.169 -0.000432405 -0.00224963 
173.17 -0.000341366 -0.0017574 
173.17 -0.000282402 -0.00136092 
173.17 -0.00024716 -0.00103955 
173.17 -0.000230845 -0.000773903 
173.171 -0.000233032 -0.000617466 
173.171 -0.000264845 -0.000258613 
173.171 -0.00011621 3.70758e-05 
173.17 -0.000762097 -0.00198954 
173.171 -0.000100361 -0.000486369 
173.171 -0.000235411 -0.000674222 
173.169 -0.000937067 -0.00339104 
173.169 -0.000815802 -0.00204554 
173.171 -0.000128137 -0.00025505 
173.173 -0.000314262 0.000682606 
173.175 -0.000318269 -0.00123167 
173.188 -0.00154812 0.0132712 
