100.453 
108.178 
117.117 
126.648 
136.612 
146.986 
157.799 
169.076 
180.832 
193.08 
205.827 
219.07 
232.808 
247.021 
261.699 
276.817 
292.344 
308.266 
324.542 
341.124 
357.981 
375.083 
392.348 
409.757 
427.237 
444.749 
462.215 
479.606 
496.823 
513.82 
530.543 
546.922 
562.878 
578.365 
593.313 
607.652 
621.341 
634.289 
646.463 
657.775 
668.162 
677.566 
685.888 
693.112 
699.329 
704.778 
710.147 
716.648 
724.711 
119.088 
124.183 
133.36 
144.197 
155.825 
167.965 
180.554 
193.59 
207.078 
221.023 
235.428 
250.275 
265.554 
281.245 
297.318 
313.748 
330.497 
347.529 
364.803 
382.279 
399.91 
417.652 
435.457 
453.274 
471.053 
488.746 
506.286 
523.649 
540.761 
557.577 
574.04 
590.104 
605.714 
620.82 
635.369 
649.323 
662.615 
675.21 
687.047 
698.076 
708.245 
717.469 
725.69 
732.832 
738.827 
743.702 
747.57 
750.808 
753.988 
757.175 
142.386 
148.136 
158.502 
170.794 
183.97 
197.664 
211.769 
226.255 
241.108 
256.323 
271.879 
287.752 
303.917 
320.344 
336.992 
353.833 
370.817 
387.909 
405.068 
422.246 
439.402 
456.493 
473.477 
490.315 
506.963 
523.381 
539.52 
555.36 
570.85 
585.958 
600.647 
614.876 
628.627 
641.848 
654.512 
666.592 
678.05 
688.845 
698.95 
708.32 
716.914 
724.67 
731.54 
737.453 
742.352 
746.202 
749.029 
750.966 
752.204 
752.603 
166.481 
172.988 
184.409 
197.884 
212.269 
227.136 
242.335 
257.813 
273.539 
289.487 
305.628 
321.928 
338.356 
354.866 
371.426 
387.996 
404.529 
420.992 
437.348 
453.555 
469.577 
485.384 
500.944 
516.223 
531.197 
545.838 
560.118 
574.021 
587.522 
600.604 
613.24 
625.419 
637.122 
648.328 
659.019 
669.181 
678.792 
687.825 
696.263 
704.078 
711.235 
717.699 
723.426 
728.364 
732.446 
735.601 
737.747 
738.819 
738.723 
737.246 
191.686 
198.986 
211.374 
225.829 
241.147 
256.868 
272.813 
288.899 
305.086 
321.326 
337.585 
353.823 
370.001 
386.076 
402.014 
417.775 
433.322 
448.627 
463.658 
478.39 
492.795 
506.856 
520.555 
533.877 
546.808 
559.338 
571.464 
583.174 
594.468 
605.343 
615.789 
625.813 
635.405 
644.564 
653.285 
661.564 
669.39 
676.755 
683.642 
690.04 
695.927 
701.281 
706.073 
710.263 
713.789 
716.544 
718.36 
718.991 
718.115 
715.548 
218.049 
226.133 
239.371 
254.582 
270.541 
286.77 
303.072 
319.346 
335.536 
351.585 
367.451 
383.091 
398.467 
413.544 
428.285 
442.664 
456.657 
470.24 
483.4 
496.123 
508.405 
520.238 
531.623 
542.564 
553.069 
563.14 
572.793 
582.036 
590.885 
599.348 
607.442 
615.177 
622.564 
629.614 
636.33 
642.722 
648.792 
654.534 
659.949 
665.028 
669.762 
674.143 
678.156 
681.782 
684.973 
687.616 
689.488 
690.212 
689.274 
686.53 
245.362 
254.15 
268.032 
283.691 
299.902 
316.193 
332.355 
348.278 
363.892 
379.139 
393.975 
408.36 
422.263 
435.658 
448.522 
460.844 
472.613 
483.825 
494.487 
504.603 
514.188 
523.256 
531.829 
539.93 
547.583 
554.816 
561.656 
568.133 
574.276 
580.11 
585.664 
590.962 
596.027 
600.879 
605.536 
610.011 
614.315 
618.455 
622.432 
626.251 
629.909 
633.405 
636.745 
639.931 
642.943 
645.711 
648.022 
649.444 
649.326 
647.541 
273.066 
282.388 
296.563 
312.209 
328.129 
343.87 
359.227 
374.086 
388.377 
402.048 
415.059 
427.384 
439.007 
449.92 
460.123 
469.623 
478.435 
486.579 
494.083 
500.978 
507.302 
513.09 
518.387 
523.234 
527.676 
531.758 
535.526 
539.019 
542.281 
545.352 
548.266 
551.061 
553.763 
556.403 
559.004 
561.58 
564.155 
566.735 
569.327 
571.941 
574.583 
577.256 
579.975 
582.771 
585.66 
588.648 
591.611 
594.199 
595.734 
596.095 
300.15 
309.705 
323.634 
338.603 
353.488 
367.873 
381.568 
394.474 
406.532 
417.706 
427.979 
437.348 
445.822 
453.424 
460.183 
466.134 
471.325 
475.805 
479.627 
482.851 
485.536 
487.743 
489.533 
490.967 
492.106 
493.002 
493.715 
494.294 
494.788 
495.238 
495.688 
496.17 
496.718 
497.357 
498.11 
498.999 
500.038 
501.235 
502.599 
504.145 
505.87 
507.793 
509.919 
512.301 
514.993 
518.072 
521.579 
525.343 
528.868 
532.079 
325.058 
334.397 
347.331 
360.751 
373.663 
385.712 
396.749 
406.706 
415.554 
423.292 
429.938 
435.529 
440.114 
443.753 
446.514 
448.469 
449.698 
450.28 
450.298 
449.832 
448.962 
447.766 
446.314 
444.681 
442.924 
441.109 
439.283 
437.501 
435.801 
434.224 
432.8 
431.557 
430.521 
429.702 
429.124 
428.794 
428.723 
428.915 
429.374 
430.104 
431.108 
432.398 
433.985 
435.906 
438.237 
441.111 
444.699 
449.105 
454.126 
459.875 
345.715 
354.245 
365.269 
376.127 
386.028 
394.719 
402.116 
408.207 
413.014 
416.591 
419.01 
420.356 
420.728 
420.229 
418.967 
417.049 
414.583 
411.669 
408.409 
404.896 
401.211 
397.434 
393.63 
389.869 
386.197 
382.665 
379.306 
376.157 
373.241 
370.578 
368.188 
366.075 
364.255 
362.729 
361.492 
360.556 
359.919 
359.573 
359.521 
359.76 
360.296 
361.12 
362.25 
363.713 
365.568 
367.949 
371.104 
375.335 
380.82 
387.905 
359.733 
366.796 
374.957 
382.273 
388.238 
392.743 
395.799 
397.472 
397.859 
397.077 
395.258 
392.542 
389.068 
384.979 
380.403 
375.472 
370.295 
364.981 
359.618 
354.29 
349.064 
343.993 
339.127 
334.498 
330.139 
326.066 
322.296 
318.833 
315.683 
312.849 
310.325 
308.109 
306.197 
304.578 
303.249 
302.196 
301.419 
300.91 
300.664 
300.674 
300.94 
301.466 
302.249 
303.31 
304.687 
306.482 
308.923 
312.403 
317.403 
324.572 
364.893 
369.898 
374.444 
377.542 
379.051 
379.04 
377.638 
375.002 
371.302 
366.717 
361.422 
355.59 
349.38 
342.94 
336.392 
329.852 
323.412 
317.144 
311.109 
305.353 
299.906 
294.79 
290.017 
285.591 
281.512 
277.777 
274.375 
271.297 
268.53 
266.062 
263.881 
261.973 
260.328 
258.93 
257.773 
256.846 
256.137 
255.642 
255.357 
255.272 
255.394 
255.716 
256.247 
256.988 
257.967 
259.243 
260.98 
263.543 
267.57 
274.056 
359.818 
362.432 
363.081 
361.873 
359.077 
354.955 
349.749 
343.688 
336.991 
329.862 
322.483 
315.017 
307.597 
300.336 
293.321 
286.613 
280.261 
274.29 
268.715 
263.541 
258.764 
254.371 
250.35 
246.683 
243.348 
240.33 
237.609 
235.163 
232.977 
231.035 
229.318 
227.815 
226.514 
225.4 
224.466 
223.703 
223.102 
222.658 
222.369 
222.23 
222.243 
222.409 
222.731 
223.219 
223.884 
224.757 
225.933 
227.674 
230.606 
235.982 
344.648 
344.946 
342.071 
337.208 
331.014 
323.913 
316.22 
308.191 
300.038 
291.939 
284.031 
276.423 
269.191 
262.385 
256.033 
250.147 
244.72 
239.742 
235.194 
231.049 
227.283 
223.867 
220.777 
217.986 
215.468 
213.201 
211.165 
209.34 
207.708 
206.255 
204.966 
203.83 
202.836 
201.974 
201.238 
200.619 
200.113 
199.716 
199.425 
199.24 
199.16 
199.191 
199.335 
199.601 
200.001 
200.554 
201.303 
202.398 
204.289 
208.198 
321.347 
319.828 
314.424 
307.171 
299.021 
290.485 
281.884 
273.439 
265.306 
257.591 
250.361 
243.653 
237.479 
231.831 
226.693 
222.036 
217.827 
214.033 
210.617 
207.546 
204.787 
202.31 
200.088 
198.096 
196.31 
194.71 
193.279 
191.999 
190.856 
189.837 
188.932 
188.131 
187.425 
186.807 
186.271 
185.812 
185.424 
185.104 
184.852 
184.664 
184.542 
184.486 
184.503 
184.596 
184.776 
185.055 
185.459 
186.051 
187.072 
189.35 
293.368 
290.79 
284.173 
276.029 
267.446 
258.938 
250.772 
243.094 
235.982 
229.464 
223.543 
218.199 
213.4 
209.108 
205.278 
201.871 
198.843 
196.156 
193.773 
191.66 
189.787 
188.129 
186.661 
185.363 
184.215 
183.202 
182.307 
181.517 
180.822 
180.211 
179.674 
179.203 
178.792 
178.434 
178.124 
177.858 
177.632 
177.442 
177.287 
177.165 
177.074 
177.015 
176.988 
176.997 
177.045 
177.14 
177.292 
177.528 
177.943 
178.931 
264.681 
261.798 
255.181 
247.422 
239.581 
232.107 
225.191 
218.903 
213.253 
208.218 
203.76 
199.831 
196.381 
193.361 
190.723 
188.425 
186.427 
184.693 
183.191 
181.891 
180.769 
179.801 
178.966 
178.247 
177.629 
177.098 
176.642 
176.25 
175.914 
175.626 
175.379 
175.168 
174.987 
174.832 
174.7 
174.588 
174.494 
174.415 
174.349 
174.297 
174.256 
174.226 
174.207 
174.2 
174.206 
174.227 
174.266 
174.333 
174.457 
174.776 
238.634 
235.967 
230.163 
223.567 
217.105 
211.132 
205.767 
201.028 
196.885 
193.29 
190.192 
187.535 
185.267 
183.34 
181.708 
180.331 
179.173 
178.203 
177.391 
176.714 
176.151 
175.683 
175.294 
174.971 
174.703 
174.48 
174.295 
174.141 
174.012 
173.905 
173.815 
173.74 
173.677 
173.624 
173.58 
173.543 
173.512 
173.486 
173.465 
173.447 
173.434 
173.423 
173.416 
173.412 
173.411 
173.414 
173.422 
173.436 
173.466 
173.549 
217.22 
215.002 
210.36 
205.217 
200.312 
195.903 
192.058 
188.766 
185.978 
183.642 
181.697 
180.09 
178.77 
177.694 
176.819 
176.113 
175.544 
175.087 
174.721 
174.427 
174.193 
174.005 
173.855 
173.734 
173.637 
173.559 
173.496 
173.444 
173.403 
173.369 
173.341 
173.318 
173.299 
173.283 
173.271 
173.26 
173.251 
173.244 
173.238 
173.233 
173.229 
173.226 
173.224 
173.222 
173.222 
173.222 
173.223 
173.226 
173.232 
173.251 
201.018 
199.288 
195.831 
192.11 
188.667 
185.676 
183.161 
181.089 
179.406 
178.055 
176.981 
176.134 
175.47 
174.954 
174.554 
174.245 
174.007 
173.823 
173.681 
173.572 
173.488 
173.422 
173.371 
173.332 
173.301 
173.277 
173.257 
173.242 
173.23 
173.221 
173.213 
173.206 
173.201 
173.197 
173.194 
173.191 
173.189 
173.187 
173.186 
173.184 
173.183 
173.183 
173.182 
173.182 
173.181 
173.181 
173.182 
173.182 
173.183 
173.187 
189.642 
188.357 
185.959 
183.476 
181.268 
179.43 
177.954 
176.795 
175.9 
175.217 
174.7 
174.312 
174.023 
173.807 
173.647 
173.528 
173.44 
173.374 
173.326 
173.289 
173.262 
173.241 
173.226 
173.214 
173.205 
173.198 
173.193 
173.189 
173.186 
173.183 
173.181 
173.179 
173.178 
173.177 
173.176 
173.176 
173.175 
173.175 
173.174 
173.174 
173.174 
173.174 
173.174 
173.174 
173.173 
173.173 
173.173 
173.174 
173.174 
173.174 
182.204 
181.317 
179.79 
178.286 
177.015 
176.01 
175.244 
174.674 
174.255 
173.95 
173.731 
173.573 
173.46 
173.379 
173.322 
173.281 
173.251 
173.23 
173.215 
173.204 
173.196 
173.19 
173.185 
173.182 
173.18 
173.178 
173.176 
173.175 
173.175 
173.174 
173.174 
173.173 
173.173 
173.173 
173.173 
173.173 
173.172 
173.172 
173.172 
173.172 
173.172 
173.172 
173.172 
173.172 
173.172 
173.172 
173.172 
173.172 
173.172 
173.172 
177.65 
177.113 
176.251 
175.45 
174.808 
174.327 
173.979 
173.732 
173.56 
173.44 
173.357 
173.3 
173.261 
173.234 
173.215 
173.202 
173.193 
173.187 
173.183 
173.18 
173.178 
173.176 
173.175 
173.174 
173.173 
173.173 
173.173 
173.172 
173.172 
173.172 
173.172 
173.172 
173.172 
173.172 
173.172 
173.172 
173.172 
173.172 
173.172 
173.172 
173.172 
173.172 
173.172 
173.172 
173.172 
173.172 
173.172 
173.172 
173.172 
173.172 
174.887 
174.662 
174.29 
173.962 
173.714 
173.538 
173.416 
173.334 
173.28 
173.243 
173.219 
173.203 
173.193 
173.186 
173.181 
173.178 
173.176 
173.175 
173.174 
173.173 
173.173 
173.172 
173.172 
173.172 
173.172 
173.172 
173.172 
173.172 
173.172 
173.172 
173.172 
173.172 
173.172 
173.172 
173.172 
173.172 
173.172 
173.172 
173.172 
173.172 
173.172 
173.172 
173.172 
173.172 
173.172 
173.172 
173.172 
173.172 
173.172 
173.172 
95.8154 
90.8472 
95.5997 
103.221 
111.689 
120.565 
129.793 
139.387 
149.378 
159.8 
170.674 
181.998 
193.795 
206.058 
218.791 
231.976 
245.607 
259.663 
274.121 
288.973 
304.179 
319.699 
335.51 
351.586 
367.847 
384.291 
400.831 
417.458 
434.07 
450.671 
467.142 
483.448 
499.539 
515.358 
530.794 
545.831 
560.38 
574.388 
587.798 
600.527 
612.54 
623.725 
634.065 
643.488 
651.896 
659.354 
665.991 
672.2 
678.831 
687.225 
697.599 
113.963 
119.793 
129.043 
139.58 
150.756 
162.395 
174.468 
186.984 
199.959 
213.395 
227.297 
241.655 
256.464 
271.699 
287.344 
303.369 
319.746 
336.442 
353.415 
370.635 
388.054 
405.63 
423.325 
441.076 
458.838 
476.564 
494.197 
511.695 
528.989 
546.031 
562.758 
579.129 
595.066 
610.535 
625.468 
639.815 
653.508 
666.511 
678.743 
690.161 
700.696 
710.256 
718.775 
726.185 
732.417 
737.547 
741.768 
745.589 
749.742 
754.604 
137.374 
144.053 
154.644 
166.78 
179.643 
192.978 
206.718 
220.849 
235.365 
250.263 
265.522 
281.129 
297.054 
313.274 
329.756 
346.463 
363.358 
380.408 
397.565 
414.791 
432.04 
449.278 
466.45 
483.529 
500.464 
517.205 
533.713 
549.957 
565.885 
581.457 
596.634 
611.371 
625.637 
639.379 
652.564 
665.161 
677.118 
688.393 
698.953 
708.739 
717.705 
725.778 
732.903 
738.995 
744.012 
747.941 
750.879 
753.075 
754.865 
756.19 
161.549 
169.069 
180.822 
194.229 
208.387 
222.979 
237.899 
253.116 
268.6 
284.335 
300.295 
316.446 
332.759 
349.198 
365.726 
382.305 
398.897 
415.464 
431.971 
448.374 
464.644 
480.74 
496.638 
512.29 
527.681 
542.776 
557.538 
571.952 
585.987 
599.615 
612.814 
625.557 
637.826 
649.59 
660.827 
671.514 
681.626 
691.13 
699.997 
708.199 
715.688 
722.421 
728.342 
733.39 
737.493 
740.599 
742.685 
743.79 
743.944 
742.621 
186.791 
195.19 
207.965 
222.408 
237.559 
253.067 
268.799 
284.695 
300.715 
316.824 
332.989 
349.174 
365.343 
381.453 
397.472 
413.365 
429.093 
444.628 
459.938 
475 
489.78 
504.26 
518.42 
532.243 
545.707 
558.802 
571.515 
583.835 
595.751 
607.257 
618.336 
628.988 
639.198 
648.959 
658.258 
667.087 
675.426 
683.264 
690.58 
697.353 
703.555 
709.155 
714.114 
718.374 
721.861 
724.467 
726.06 
726.483 
725.524 
722.294 
213.199 
222.469 
236.127 
251.365 
267.21 
283.289 
299.446 
315.605 
331.711 
347.721 
363.593 
379.291 
394.775 
410.012 
424.971 
439.621 
453.939 
467.905 
481.497 
494.703 
507.514 
519.923 
531.923 
543.514 
554.698 
565.474 
575.85 
585.829 
595.42 
604.627 
613.455 
621.912 
630.001 
637.727 
645.086 
652.083 
658.712 
664.964 
670.833 
676.307 
681.368 
686.003 
690.187 
693.879 
697.01 
699.437 
700.938 
701.183 
699.747 
695.41 
240.62 
250.674 
265.002 
280.727 
296.886 
313.104 
329.209 
345.114 
360.756 
376.085 
391.06 
405.643 
419.809 
433.528 
446.781 
459.551 
471.829 
483.609 
494.893 
505.683 
515.987 
525.817 
535.188 
544.117 
552.623 
560.727 
568.449 
575.813 
582.84 
589.549 
595.962 
602.096 
607.968 
613.593 
618.976 
624.135 
629.066 
633.773 
638.257 
642.514 
646.537 
650.32 
653.866 
657.152 
660.134 
662.686 
664.541 
665.246 
664.177 
659.75 
268.564 
279.208 
293.853 
309.622 
325.573 
341.342 
356.763 
371.738 
386.205 
400.117 
413.439 
426.147 
438.224 
449.662 
460.457 
470.615 
480.147 
489.069 
497.403 
505.175 
512.416 
519.157 
525.433 
531.282 
536.738 
541.843 
546.632 
551.142 
555.405 
559.459 
563.329 
567.048 
570.636 
574.118 
577.512 
580.829 
584.085 
587.282 
590.427 
593.52 
596.574 
599.576 
602.554 
605.516 
608.459 
611.327 
613.891 
615.691 
615.946 
612.672 
296.099 
306.986 
321.415 
336.585 
351.613 
366.163 
380.077 
393.269 
405.686 
417.296 
428.082 
438.043 
447.183 
455.521 
463.082 
469.897 
476.006 
481.449 
486.276 
490.538 
494.285 
497.571 
500.454 
502.98 
505.209 
507.185 
508.962 
510.582 
512.091 
513.522 
514.917 
516.306 
517.713 
519.169 
520.687 
522.289 
523.985 
525.781 
527.687 
529.712 
531.855 
534.131 
536.556 
539.179 
542.042 
545.181 
548.523 
551.711 
553.986 
553.006 
321.75 
332.36 
345.824 
359.546 
372.741 
385.12 
396.557 
406.99 
416.395 
424.769 
432.129 
438.505 
443.94 
448.488 
452.205 
455.16 
457.418 
459.053 
460.139 
460.744 
460.945 
460.806 
460.402 
459.788 
459.027 
458.171 
457.275 
456.383 
455.533 
454.767 
454.11 
453.596 
453.244 
453.068 
453.094 
453.327 
453.776 
454.45 
455.352 
456.486 
457.854 
459.473 
461.361 
463.56 
466.16 
469.288 
473.036 
477.322 
481.548 
483.326 
343.502 
353.141 
364.713 
375.984 
386.32 
395.512 
403.486 
410.229 
415.763 
420.134 
423.406 
425.654 
426.968 
427.438 
427.16 
426.232 
424.752 
422.809 
420.498 
417.906 
415.105 
412.174 
409.173 
406.172 
403.214 
400.352 
397.617 
395.052 
392.681 
390.524 
388.608 
386.939 
385.533 
384.396 
383.525 
382.938 
382.628 
382.597 
382.841 
383.366 
384.173 
385.258 
386.646 
388.374 
390.526 
393.262 
396.825 
401.398 
406.736 
410.737 
358.969 
366.858 
375.553 
383.376 
389.907 
395.049 
398.81 
401.247 
402.447 
402.514 
401.569 
399.736 
397.144 
393.918 
390.183 
386.056 
381.64 
377.038 
372.338 
367.617 
362.943 
358.373 
353.955 
349.73 
345.732 
341.981 
338.5 
335.297 
332.384 
329.769 
327.445 
325.421 
323.689 
322.247 
321.089 
320.207 
319.601 
319.268 
319.195 
319.386 
319.835 
320.552 
321.533 
322.812 
324.445 
326.581 
329.495 
333.569 
338.945 
344.13 
365.843 
371.27 
376.277 
379.925 
382.067 
382.751 
382.086 
380.213 
377.285 
373.464 
368.914 
363.791 
358.246 
352.419 
346.425 
340.378 
334.368 
328.471 
322.749 
317.253 
312.02 
307.076 
302.442 
298.124 
294.133 
290.467 
287.123 
284.094 
281.374 
278.95 
276.815 
274.959 
273.368 
272.033 
270.948 
270.098 
269.477 
269.08 
268.9 
268.935 
269.184 
269.644 
270.324 
271.231 
272.407 
273.946 
276.084 
279.262 
283.95 
289.463 
362.552 
365.098 
366.058 
365.359 
363.168 
359.689 
355.133 
349.705 
343.61 
337.033 
330.152 
323.119 
316.067 
309.107 
302.33 
295.802 
289.576 
283.686 
278.154 
272.995 
268.205 
263.786 
259.727 
256.014 
252.633 
249.57 
246.805 
244.324 
242.111 
240.149 
238.424 
236.923 
235.633 
234.544 
233.643 
232.925 
232.38 
232.003 
231.79 
231.738 
231.849 
232.123 
232.564 
233.184 
233.998 
235.061 
236.527 
238.776 
242.459 
247.726 
348.964 
348.685 
345.9 
341.413 
335.693 
329.08 
321.848 
314.233 
306.435 
298.623 
290.937 
283.487 
276.351 
269.593 
263.244 
257.324 
251.839 
246.782 
242.141 
237.896 
234.026 
230.509 
227.32 
224.437 
221.834 
219.491 
217.389 
215.507 
213.83 
212.341 
211.027 
209.876 
208.878 
208.022 
207.301 
206.707 
206.236 
205.884 
205.647 
205.526 
205.521 
205.636 
205.876 
206.25 
206.773 
207.471 
208.425 
209.883 
212.461 
216.937 
326.766 
324.234 
318.662 
311.584 
303.709 
295.446 
287.079 
278.813 
270.797 
263.142 
255.921 
249.179 
242.937 
237.195 
231.944 
227.162 
222.822 
218.896 
215.349 
212.151 
209.271 
206.681 
204.352 
202.261 
200.385 
198.703 
197.197 
195.85 
194.649 
193.579 
192.631 
191.794 
191.058 
190.419 
189.868 
189.402 
189.015 
188.704 
188.469 
188.308 
188.223 
188.216 
188.293 
188.462 
188.734 
189.126 
189.679 
190.516 
192.04 
195.206 
299.228 
295.351 
288.331 
280.149 
271.633 
263.196 
255.069 
247.389 
240.233 
233.639 
227.614 
222.147 
217.214 
212.781 
208.809 
205.26 
202.093 
199.272 
196.759 
194.523 
192.534 
190.765 
189.193 
187.795 
186.554 
185.452 
184.473 
183.606 
182.839 
182.161 
181.562 
181.035 
180.574 
180.171 
179.822 
179.522 
179.268 
179.058 
178.888 
178.758 
178.668 
178.618 
178.61 
178.65 
178.743 
178.9 
179.139 
179.512 
180.209 
181.889 
270.309 
266.024 
258.848 
250.887 
242.957 
235.414 
228.417 
222.029 
216.262 
211.098 
206.503 
202.433 
198.843 
195.683 
192.911 
190.482 
188.357 
186.501 
184.883 
183.472 
182.245 
181.177 
180.248 
179.441 
178.741 
178.133 
177.606 
177.15 
176.754 
176.413 
176.117 
175.862 
175.642 
175.453 
175.292 
175.154 
175.037 
174.94 
174.86 
174.797 
174.748 
174.715 
174.698 
174.697 
174.715 
174.755 
174.825 
174.941 
175.172 
175.789 
243.513 
239.508 
233.097 
226.217 
219.587 
213.481 
207.99 
203.122 
198.848 
195.122 
191.894 
189.109 
186.715 
184.668 
182.921 
181.435 
180.174 
179.106 
178.205 
177.445 
176.806 
176.269 
175.818 
175.44 
175.123 
174.857 
174.633 
174.445 
174.288 
174.155 
174.043 
173.948 
173.869 
173.801 
173.745 
173.697 
173.657 
173.624 
173.596 
173.574 
173.557 
173.544 
173.536 
173.532 
173.533 
173.54 
173.555 
173.583 
173.643 
173.813 
221.078 
217.706 
212.505 
207.075 
201.988 
197.439 
193.469 
190.055 
187.151 
184.702 
182.648 
180.938 
179.522 
178.354 
177.397 
176.616 
175.979 
175.463 
175.044 
174.706 
174.432 
174.211 
174.032 
173.887 
173.77 
173.674 
173.596 
173.532 
173.48 
173.437 
173.402 
173.372 
173.348 
173.328 
173.311 
173.297 
173.286 
173.276 
173.268 
173.262 
173.257 
173.253 
173.25 
173.248 
173.248 
173.249 
173.252 
173.257 
173.27 
173.31 
203.821 
201.177 
197.269 
193.307 
189.709 
186.598 
183.977 
181.808 
180.034 
178.598 
177.447 
176.53 
175.805 
175.235 
174.788 
174.44 
174.168 
173.957 
173.792 
173.664 
173.564 
173.486 
173.424 
173.376 
173.338 
173.308 
173.284 
173.265 
173.25 
173.238 
173.228 
173.22 
173.213 
173.207 
173.203 
173.199 
173.196 
173.194 
173.192 
173.19 
173.189 
173.188 
173.187 
173.187 
173.187 
173.187 
173.187 
173.188 
173.191 
173.199 
191.518 
189.569 
186.844 
184.183 
181.859 
179.931 
178.378 
177.152 
176.197 
175.461 
174.899 
174.473 
174.152 
173.911 
173.73 
173.594 
173.493 
173.417 
173.359 
173.316 
173.284 
173.259 
173.24 
173.226 
173.215 
173.206 
173.199 
173.194 
173.19 
173.187 
173.184 
173.182 
173.181 
173.179 
173.178 
173.177 
173.177 
173.176 
173.176 
173.175 
173.175 
173.175 
173.175 
173.174 
173.174 
173.174 
173.174 
173.175 
173.175 
173.177 
183.364 
182.034 
180.292 
178.67 
177.321 
176.256 
175.442 
174.831 
174.379 
174.048 
173.806 
173.632 
173.505 
173.414 
173.349 
173.301 
173.267 
173.242 
173.224 
173.211 
173.202 
173.194 
173.189 
173.185 
173.182 
173.18 
173.178 
173.177 
173.176 
173.175 
173.174 
173.174 
173.174 
173.173 
173.173 
173.173 
173.173 
173.173 
173.173 
173.172 
173.172 
173.172 
173.172 
173.172 
173.172 
173.172 
173.172 
173.172 
173.172 
173.173 
178.333 
177.523 
176.529 
175.652 
174.961 
174.443 
174.067 
173.798 
173.609 
173.476 
173.384 
173.32 
173.276 
173.245 
173.223 
173.208 
173.198 
173.19 
173.185 
173.182 
173.179 
173.177 
173.176 
173.175 
173.174 
173.173 
173.173 
173.173 
173.173 
173.172 
173.172 
173.172 
173.172 
173.172 
173.172 
173.172 
173.172 
173.172 
173.172 
173.172 
173.172 
173.172 
173.172 
173.172 
173.172 
173.172 
173.172 
173.172 
173.172 
173.172 
175.35 
174.956 
174.493 
174.105 
173.815 
173.609 
173.467 
173.37 
173.304 
173.26 
173.231 
173.212 
173.199 
173.19 
173.184 
173.18 
173.178 
173.176 
173.175 
173.174 
173.173 
173.173 
173.172 
173.172 
173.172 
173.172 
173.172 
173.172 
173.172 
173.172 
173.172 
173.172 
173.172 
173.172 
173.172 
173.172 
173.172 
173.172 
173.172 
173.172 
173.172 
173.172 
173.172 
173.172 
173.172 
173.172 
173.172 
173.172 
173.172 
173.172 
