2.89038e-05 2.9217e-05 1.34005e-05 
4.75456e-05 3.95206e-05 2.31387e-06 
4.65695e-05 3.33804e-05 -1.56119e-06 
4.15611e-05 2.9047e-05 -2.30077e-06 
3.56588e-05 2.44922e-05 -2.45306e-06 
3.00076e-05 2.04104e-05 -2.25612e-06 
2.50403e-05 1.69239e-05 -1.93667e-06 
2.08495e-05 1.4023e-05 -1.61812e-06 
1.73798e-05 1.1645e-05 -1.33198e-06 
1.4528e-05 9.70232e-06 -1.09349e-06 
1.21864e-05 8.11565e-06 -8.97808e-07 
1.026e-05 6.81554e-06 -7.40129e-07 
8.6654e-06 5.74351e-06 -6.15127e-07 
7.33436e-06 4.85118e-06 -5.15054e-07 
6.21557e-06 4.10377e-06 -4.352e-07 
5.26351e-06 3.46858e-06 -3.72431e-07 
4.44538e-06 2.92425e-06 -3.21404e-07 
3.7346e-06 2.45189e-06 -2.81712e-07 
3.11117e-06 2.02805e-06 -2.38683e-07 
2.54385e-06 1.59867e-06 -2.22817e-07 
2.26494e-06 4.17344e-07 3.93354e-07 
2.56369e-06 -5.60646e-06 5.02478e-07 
1.90024e-05 -9.78927e-05 2.3671e-05 
0.000151598 -0.000590579 0.000106997 
0.00073846 -0.00917169 7.59034e-05 
0.000248873 -0.00131147 -0.000111939 
4.87687e-05 -0.000153909 -2.16458e-05 
2.56253e-06 -2.01613e-05 -3.3567e-06 
-1.14859e-06 -2.88352e-06 9.54937e-07 
-1.69247e-06 -1.40722e-06 -2.32029e-07 
-2.24433e-06 -1.51195e-06 -1.56841e-07 
-2.7681e-06 -1.8522e-06 -2.35095e-07 
-3.36625e-06 -2.24767e-06 -2.65354e-07 
-4.04217e-06 -2.69957e-06 -3.05071e-07 
-4.82052e-06 -3.22178e-06 -3.53133e-07 
-5.72498e-06 -3.82899e-06 -4.13197e-07 
-6.79061e-06 -4.54733e-06 -4.89837e-07 
-8.06206e-06 -5.40736e-06 -5.87959e-07 
-9.59531e-06 -6.44802e-06 -7.12122e-07 
-1.14593e-05 -7.71876e-06 -8.69179e-07 
-1.37433e-05 -9.28266e-06 -1.06991e-06 
-1.65601e-05 -1.12236e-05 -1.32063e-06 
-2.00352e-05 -1.36338e-05 -1.62946e-06 
-2.43094e-05 -1.66299e-05 -1.99231e-06 
-2.9501e-05 -2.03221e-05 -2.39015e-06 
-3.56115e-05 -2.47909e-05 -2.71519e-06 
-4.23392e-05 -3.00137e-05 -2.76408e-06 
-4.86627e-05 -3.53833e-05 -2.25785e-06 
-5.15255e-05 -4.30037e-05 1.27396e-06 
-3.36037e-05 -3.32821e-05 1.40658e-05 
7.86868e-05 1.41379e-05 3.76361e-05 
0.000114954 2.03483e-05 -6.01998e-07 
0.000111401 2.29276e-05 -3.29066e-06 
0.000101008 2.20902e-05 -5.60314e-06 
8.78226e-05 2.02534e-05 -5.7208e-06 
7.49097e-05 1.80129e-05 -5.27471e-06 
6.32952e-05 1.57562e-05 -4.58881e-06 
5.32977e-05 1.36575e-05 -3.88904e-06 
4.48719e-05 1.17787e-05 -3.2523e-06 
3.78398e-05 1.01382e-05 -2.70713e-06 
3.19864e-05 8.7195e-06 -2.25348e-06 
2.71078e-05 7.49672e-06 -1.88146e-06 
2.30251e-05 6.44535e-06 -1.58005e-06 
1.95853e-05 5.53998e-06 -1.33673e-06 
1.66649e-05 4.7531e-06 -1.14052e-06 
1.41621e-05 4.06929e-06 -9.82926e-07 
1.19947e-05 3.46649e-06 -8.56066e-07 
1.00981e-05 2.93043e-06 -7.53976e-07 
8.41312e-06 2.44636e-06 -6.8399e-07 
6.91885e-06 1.98776e-06 -6.04032e-07 
5.29937e-06 9.02607e-07 -1.15119e-06 
4.76437e-06 -2.74074e-06 5.1967e-07 
-1.28222e-05 -7.69425e-05 -2.69753e-05 
3.35156e-05 -0.000315292 0.000106109 
0.000427962 -0.00751746 -0.000138172 
-4.2107e-05 -0.00214915 -1.14756e-05 
6.51065e-05 -0.000141422 -7.12391e-05 
-3.99966e-06 -1.99368e-05 1.40262e-05 
-2.46181e-06 -3.46814e-06 -1.98052e-06 
-4.94279e-06 -1.56422e-06 -1.05493e-07 
-6.13257e-06 -1.86521e-06 -6.06303e-07 
-7.60728e-06 -2.26343e-06 -6.36704e-07 
-9.21993e-06 -2.73173e-06 -7.24768e-07 
-1.1043e-05 -3.25526e-06 -8.22285e-07 
-1.31252e-05 -3.84304e-06 -9.454e-07 
-1.55348e-05 -4.51954e-06 -1.09957e-06 
-1.83534e-05 -5.29674e-06 -1.29295e-06 
-2.16877e-05 -6.19919e-06 -1.53644e-06 
-2.56687e-05 -7.2528e-06 -1.8413e-06 
-3.04591e-05 -8.48924e-06 -2.22309e-06 
-3.6261e-05 -9.94399e-06 -2.6997e-06 
-4.33157e-05 -1.16466e-05 -3.28589e-06 
-5.18897e-05 -1.36298e-05 -3.99242e-06 
-6.225e-05 -1.58925e-05 -4.80851e-06 
-7.45748e-05 -1.83872e-05 -5.67868e-06 
-8.87311e-05 -2.09512e-05 -6.39686e-06 
-0.000103908 -2.31729e-05 -6.65029e-06 
-0.000117146 -2.43428e-05 -4.65247e-06 
-0.00012417 -2.17337e-05 -2.27467e-06 
-8.79564e-05 -1.45294e-05 4.04723e-05 
9.69202e-05 5.24104e-06 4.42123e-05 
0.000151711 1.15331e-05 5.76794e-06 
0.000156244 1.56025e-05 -1.7212e-06 
0.000147419 1.74646e-05 -5.6021e-06 
0.000132551 1.77098e-05 -6.82697e-06 
0.000116244 1.69946e-05 -6.84755e-06 
0.000100575 1.57697e-05 -6.3085e-06 
8.64258e-05 1.43264e-05 -5.5811e-06 
7.40434e-05 1.28405e-05 -4.83144e-06 
6.33844e-05 1.14039e-05 -4.13762e-06 
5.42799e-05 1.00686e-05 -3.52845e-06 
4.6519e-05 8.85306e-06 -3.00989e-06 
3.98932e-05 7.75476e-06 -2.57483e-06 
3.42144e-05 6.76962e-06 -2.2142e-06 
2.93173e-05 5.88821e-06 -1.91694e-06 
2.5064e-05 5.09601e-06 -1.67284e-06 
2.13372e-05 4.38463e-06 -1.4737e-06 
1.80393e-05 3.7402e-06 -1.31192e-06 
1.50914e-05 3.15541e-06 -1.18281e-06 
1.24258e-05 2.57195e-06 -1.09652e-06 
9.95279e-06 1.99137e-06 -1.13735e-06 
7.98707e-06 -2.61931e-06 -1.01734e-06 
1.89605e-06 -2.19672e-05 -9.19753e-06 
4.334e-05 -0.000219633 5.5969e-05 
0.000417604 -0.00213117 6.22883e-05 
1.6765e-06 -0.00558701 -0.000151145 
-4.51531e-05 -0.000251491 8.49913e-05 
-1.24396e-08 -5.73885e-05 -1.39412e-05 
-7.54479e-06 -3.9039e-06 1.34875e-06 
-8.63801e-06 -2.45164e-06 -1.26522e-06 
-1.11526e-05 -2.38798e-06 -1.00055e-06 
-1.37242e-05 -2.90918e-06 -1.15356e-06 
-1.65922e-05 -3.4885e-06 -1.27396e-06 
-1.97979e-05 -4.13075e-06 -1.43381e-06 
-2.34261e-05 -4.84631e-06 -1.63094e-06 
-2.75787e-05 -5.64084e-06 -1.8752e-06 
-3.2378e-05 -6.53627e-06 -2.17592e-06 
-3.79728e-05 -7.54378e-06 -2.5453e-06 
-4.45426e-05 -8.6794e-06 -2.99691e-06 
-5.23013e-05 -9.95551e-06 -3.54583e-06 
-6.14949e-05 -1.1375e-05 -4.20374e-06 
-7.23878e-05 -1.29287e-05 -4.97436e-06 
-8.5231e-05 -1.45756e-05 -5.84153e-06 
-0.00010018 -1.6225e-05 -6.73988e-06 
-0.00011713 -1.76946e-05 -7.51591e-06 
-0.000135359 -1.86573e-05 -7.79268e-06 
-0.000152881 -1.85828e-05 -6.87792e-06 
-0.000164886 -1.66682e-05 -3.07376e-06 
-0.000163271 -1.21433e-05 4.66752e-06 
-0.000106596 -5.07681e-06 4.77922e-05 
0.000103561 1.27333e-06 4.96437e-05 
0.000171383 5.12229e-06 1.03571e-05 
0.000185738 9.38638e-06 1.54391e-06 
0.000182663 1.23467e-05 -4.04223e-06 
0.000170042 1.39833e-05 -6.49096e-06 
0.000153555 1.45406e-05 -7.308e-06 
0.000136214 1.43484e-05 -7.22869e-06 
0.000119576 1.36847e-05 -6.73059e-06 
0.000104338 1.27544e-05 -6.06323e-06 
9.07356e-05 1.17005e-05 -5.36457e-06 
7.87605e-05 1.0608e-05 -4.70191e-06 
6.82883e-05 9.53091e-06 -4.10563e-06 
5.91495e-05 8.50448e-06 -3.58408e-06 
5.11659e-05 7.54131e-06 -3.13668e-06 
4.41666e-05 6.64608e-06 -2.7579e-06 
3.79967e-05 5.81833e-06 -2.43988e-06 
3.25207e-05 5.05145e-06 -2.17436e-06 
2.76223e-05 4.34329e-06 -1.95385e-06 
2.32005e-05 3.67464e-06 -1.76304e-06 
1.91584e-05 3.02238e-06 -1.59031e-06 
1.56288e-05 1.6936e-06 -9.2588e-07 
1.1519e-05 -2.67277e-06 -1.30228e-06 
2.46237e-05 -7.092e-05 2.88937e-05 
-4.97569e-05 -0.000363135 -0.000110388 
-0.000556819 -0.00650745 8.93075e-05 
5.86341e-05 -0.000727005 6.12057e-05 
-5.93124e-06 -9.15631e-05 -3.42726e-05 
-1.40827e-05 -1.30695e-05 9.94985e-06 
-1.01967e-05 -3.8521e-06 -1.53548e-06 
-1.36516e-05 -2.26544e-06 -1.18562e-06 
-1.72312e-05 -2.81937e-06 -1.59252e-06 
-2.12001e-05 -3.41583e-06 -1.73358e-06 
-2.55435e-05 -4.08303e-06 -1.92087e-06 
-3.03609e-05 -4.8019e-06 -2.14055e-06 
-3.57572e-05 -5.58132e-06 -2.40909e-06 
-4.18596e-05 -6.4344e-06 -2.73504e-06 
-4.88168e-05 -7.36336e-06 -3.12772e-06 
-5.67998e-05 -8.37534e-06 -3.59778e-06 
-6.60055e-05 -9.46841e-06 -4.15537e-06 
-7.66501e-05 -1.0633e-05 -4.80594e-06 
-8.89516e-05 -1.18423e-05 -5.54639e-06 
-0.000103101 -1.30428e-05 -6.35551e-06 
-0.000119194 -1.41456e-05 -7.17382e-06 
-0.000137099 -1.49971e-05 -7.86716e-06 
-0.000156219 -1.53632e-05 -8.17977e-06 
-0.000175056 -1.49165e-05 -7.59853e-06 
-0.000190499 -1.32444e-05 -5.29425e-06 
-0.00019638 -1.00115e-05 4.95139e-07 
-0.000183788 -5.21421e-06 9.9391e-06 
-0.000112739 -8.50741e-07 5.3412e-05 
0.000103692 -1.12155e-06 5.10736e-05 
0.000178844 1.01265e-06 1.448e-05 
0.000202384 4.57485e-06 5.0469e-06 
0.000206511 7.73094e-06 -1.54594e-06 
0.000198519 1.00321e-05 -5.08582e-06 
0.00018432 1.14296e-05 -6.76972e-06 
0.000167484 1.20592e-05 -7.31734e-06 
0.000150113 1.21097e-05 -7.23109e-06 
0.000133358 1.17607e-05 -6.81199e-06 
0.000117788 1.11534e-05 -6.24622e-06 
0.000103623 1.03952e-05 -5.63951e-06 
9.08906e-05 9.56236e-06 -5.04913e-06 
7.95165e-05 8.69964e-06 -4.50381e-06 
6.93772e-05 7.84061e-06 -4.01582e-06 
6.03305e-05 7.00553e-06 -3.58901e-06 
5.22321e-05 6.20314e-06 -3.22086e-06 
4.49476e-05 5.44191e-06 -2.90696e-06 
3.83519e-05 4.71466e-06 -2.64268e-06 
3.23337e-05 4.02538e-06 -2.42172e-06 
2.67881e-05 3.31956e-06 -2.2455e-06 
2.1664e-05 2.14184e-06 -2.035e-06 
1.65394e-05 -2.86469e-06 -2.36858e-06 
1.54504e-05 -7.59057e-05 3.33775e-06 
-2.61165e-05 -0.000327985 -5.5593e-05 
-0.000116709 -0.00822593 -5.33013e-05 
-7.25147e-05 -0.00121439 3.35844e-05 
5.63218e-05 -9.98452e-05 -8.22378e-05 
-1.38972e-05 -2.41995e-05 9.36097e-07 
-1.37955e-05 -3.38326e-06 -2.5323e-06 
-1.91102e-05 -2.84856e-06 -2.20154e-06 
-2.41986e-05 -3.11747e-06 -2.21762e-06 
-2.96857e-05 -3.76859e-06 -2.40419e-06 
-3.56517e-05 -4.46701e-06 -2.62207e-06 
-4.22027e-05 -5.21279e-06 -2.89298e-06 
-4.94639e-05 -6.0095e-06 -3.21833e-06 
-5.75721e-05 -6.85137e-06 -3.60425e-06 
-6.66807e-05 -7.74019e-06 -4.0583e-06 
-7.69591e-05 -8.66779e-06 -4.58556e-06 
-8.85832e-05 -9.61808e-06 -5.1864e-06 
-0.00010172 -1.05588e-05 -5.85297e-06 
-0.000116498 -1.14417e-05 -6.56087e-06 
-0.000132957 -1.21908e-05 -7.25683e-06 
-0.000150945 -1.2686e-05 -7.83659e-06 
-0.000169963 -1.27678e-05 -8.10647e-06 
-0.000188889 -1.22251e-05 -7.74096e-06 
-0.000205556 -1.08169e-05 -6.18115e-06 
-0.000216139 -8.35269e-06 -2.60224e-06 
-0.000214095 -4.85395e-06 4.40813e-06 
-0.000191149 -8.45223e-07 1.46238e-05 
-0.000112005 1.56997e-06 5.47312e-05 
0.000100191 -2.27956e-06 5.04713e-05 
0.000178571 -1.44439e-06 1.73844e-05 
0.000209445 1.2066e-06 8.20908e-06 
0.00022061 4.03923e-06 1.15894e-06 
0.000218178 6.47551e-06 -3.13947e-06 
0.000207728 8.27686e-06 -5.57409e-06 
0.000192982 9.43322e-06 -6.75597e-06 
0.000176364 1.00311e-05 -7.15359e-06 
0.000159368 1.01848e-05 -7.08092e-06 
0.000142864 1.00084e-05 -6.74656e-06 
0.000127318 9.60404e-06 -6.28295e-06 
0.000112939 9.04801e-06 -5.77402e-06 
9.97752e-05 8.4007e-06 -5.2673e-06 
8.77905e-05 7.7021e-06 -4.78846e-06 
7.69008e-05 6.98151e-06 -4.352e-06 
6.69965e-05 6.25936e-06 -3.96379e-06 
5.79621e-05 5.54297e-06 -3.62426e-06 
4.96823e-05 4.84755e-06 -3.33251e-06 
4.2044e-05 4.16005e-06 -3.09251e-06 
3.49531e-05 3.47461e-06 -2.89381e-06 
2.81487e-05 2.10556e-06 -3.08622e-06 
2.22394e-05 -1.38773e-06 -2.35075e-06 
2.56831e-06 -7.26725e-05 -2.32087e-05 
4.69271e-05 -0.000276803 8.56269e-05 
0.00045046 -0.00703215 -0.000104398 
-2.48373e-05 -0.00227368 -5.56369e-05 
5.16929e-05 -0.000167869 -3.32087e-05 
-1.26216e-05 -2.23377e-05 1.52134e-05 
-1.79507e-05 -4.91079e-06 -2.72143e-06 
-2.5223e-05 -2.75037e-06 -2.01025e-06 
-3.17022e-05 -3.28427e-06 -2.8458e-06 
-3.87925e-05 -3.93018e-06 -3.06081e-06 
-4.64213e-05 -4.63448e-06 -3.33548e-06 
-5.47248e-05 -5.36773e-06 -3.64238e-06 
-6.38229e-05 -6.12128e-06 -4.00306e-06 
-7.38488e-05 -6.89801e-06 -4.4208e-06 
-8.4943e-05 -7.68507e-06 -4.89835e-06 
-9.72447e-05 -8.46427e-06 -5.43192e-06 
-0.000110875 -9.20578e-06 -6.01051e-06 
-0.000125914 -9.86911e-06 -6.61134e-06 
-0.000142362 -1.0392e-05 -7.1873e-06 
-0.00016006 -1.06849e-05 -7.65432e-06 
-0.000178587 -1.06351e-05 -7.87459e-06 
-0.000197088 -1.01051e-05 -7.62121e-06 
-0.000214025 -8.94852e-06 -6.54614e-06 
-0.000226816 -7.05055e-06 -4.11885e-06 
-0.00023139 -4.39835e-06 3.66707e-07 
-0.000221529 -1.24734e-06 7.94926e-06 
-0.000190317 1.73517e-06 1.79211e-05 
-0.000107608 2.68747e-06 5.38891e-05 
9.49062e-05 -2.75333e-06 4.86423e-05 
0.000173706 -2.82231e-06 1.92544e-05 
0.000209869 -1.0318e-06 1.07367e-05 
0.000227087 1.27539e-06 3.68156e-06 
0.000230178 3.53724e-06 -1.04154e-06 
0.000224076 5.43501e-06 -4.03217e-06 
0.000212357 6.85703e-06 -5.76136e-06 
0.00019755 7.80314e-06 -6.63079e-06 
0.000181349 8.32992e-06 -6.93506e-06 
0.000164848 8.5161e-06 -6.88478e-06 
0.00014872 8.43376e-06 -6.62599e-06 
0.000133345 8.15272e-06 -6.25566e-06 
0.000118914 7.7342e-06 -5.83801e-06 
0.000105491 7.22086e-06 -5.4137e-06 
9.30637e-05 6.64584e-06 -5.00513e-06 
8.15779e-05 6.03508e-06 -4.62725e-06 
7.09507e-05 5.40812e-06 -4.28678e-06 
6.10901e-05 4.77004e-06 -3.98573e-06 
5.18972e-05 4.13837e-06 -3.7249e-06 
4.32753e-05 3.47545e-06 -3.48738e-06 
3.50687e-05 2.79831e-06 -3.31365e-06 
2.72743e-05 -4.11395e-07 -2.60113e-06 
1.01419e-05 -1.14153e-05 -1.17186e-05 
3.24204e-05 -0.000134277 6.25144e-05 
0.000180626 -0.000847143 -8.23399e-05 
-0.000487044 -0.00657582 -0.000111326 
-7.78995e-05 -0.000324891 0.000192711 
2.33141e-06 -6.81224e-05 -3.96751e-05 
-2.52306e-05 -5.74729e-06 1.10303e-06 
-3.09605e-05 -3.20012e-06 -4.08129e-06 
-3.9482e-05 -3.30558e-06 -3.44035e-06 
-4.81018e-05 -3.93904e-06 -3.76566e-06 
-5.73714e-05 -4.60566e-06 -4.02524e-06 
-6.73477e-05 -5.28304e-06 -4.34865e-06 
-7.815e-05 -5.96528e-06 -4.71891e-06 
-8.9896e-05 -6.63831e-06 -5.13788e-06 
-0.000102693 -7.28533e-06 -5.59874e-06 
-0.000116627 -7.88086e-06 -6.09004e-06 
-0.000131745 -8.39194e-06 -6.58903e-06 
-0.000148019 -8.76624e-06 -7.05714e-06 
-0.000165299 -8.94042e-06 -7.42916e-06 
-0.000183232 -8.83833e-06 -7.6e-06 
-0.000201151 -8.36675e-06 -7.41314e-06 
-0.000217931 -7.42964e-06 -6.63447e-06 
-0.00023177 -5.95005e-06 -4.93277e-06 
-0.00023993 -3.91021e-06 -1.85172e-06 
-0.00023846 -1.42669e-06 3.15554e-06 
-0.000221853 1.15172e-06 1.07825e-05 
-0.000184684 3.16507e-06 2.00363e-05 
-0.000101496 3.11693e-06 5.17812e-05 
8.89135e-05 -2.87022e-06 4.62011e-05 
0.00016631 -3.52435e-06 2.02734e-05 
0.000205927 -2.44864e-06 1.25966e-05 
0.000227937 -6.97799e-07 5.82496e-06 
0.000235979 1.23884e-06 9.55815e-07 
0.00023423 3.03614e-06 -2.38502e-06 
0.000225944 4.52927e-06 -4.53533e-06 
0.000213577 5.65632e-06 -5.81432e-06 
0.000198899 6.42597e-06 -6.47638e-06 
0.000183143 6.87518e-06 -6.72176e-06 
0.000167125 7.05545e-06 -6.6952e-06 
0.000151374 7.02321e-06 -6.49954e-06 
0.000136202 6.82e-06 -6.20905e-06 
0.000121779 6.4934e-06 -5.87394e-06 
0.000108172 6.075e-06 -5.5257e-06 
9.53879e-05 5.59387e-06 -5.18588e-06 
8.33903e-05 5.06712e-06 -4.86828e-06 
7.21168e-05 4.51524e-06 -4.58069e-06 
6.14919e-05 3.93656e-06 -4.32429e-06 
5.14212e-05 3.34627e-06 -4.12589e-06 
4.18943e-05 2.43709e-06 -3.80502e-06 
3.22821e-05 7.21851e-07 -4.72977e-06 
2.59835e-05 -1.74975e-05 1.45889e-06 
1.46136e-06 -0.000114771 -4.04799e-05 
-3.5256e-05 -0.000805126 4.35331e-05 
0.000360992 -0.00628298 7.78423e-06 
2.61125e-05 -0.000270196 -0.000131181 
-3.61682e-05 -6.63279e-05 2.91244e-05 
-2.72367e-05 -5.41579e-06 -6.13428e-06 
-3.77305e-05 -3.24091e-06 -3.1942e-06 
-4.70871e-05 -3.22727e-06 -4.18379e-06 
-5.72874e-05 -3.80539e-06 -4.36715e-06 
-6.80649e-05 -4.4072e-06 -4.6606e-06 
-7.95597e-05 -5.00573e-06 -4.97889e-06 
-9.18624e-05 -5.58687e-06 -5.33621e-06 
-0.000105056 -6.1309e-06 -5.72528e-06 
-0.000119203 -6.62031e-06 -6.13461e-06 
-0.000134327 -7.02446e-06 -6.54318e-06 
-0.000150388 -7.30444e-06 -6.91895e-06 
-0.000167244 -7.41724e-06 -7.20931e-06 
-0.000184601 -7.30225e-06 -7.33778e-06 
-0.000201938 -6.89613e-06 -7.19105e-06 
-0.000218411 -6.13763e-06 -6.60758e-06 
-0.000232717 -4.97367e-06 -5.36512e-06 
-0.000242943 -3.38693e-06 -3.17381e-06 
-0.000246396 -1.43366e-06 3.30689e-07 
-0.000239467 7.10703e-07 5.5369e-06 
-0.000217501 2.67096e-06 1.28683e-05 
-0.00017644 3.88658e-06 2.11931e-05 
-9.47582e-05 3.1905e-06 4.90564e-05 
8.27974e-05 -2.8016e-06 4.35007e-05 
0.000157671 -3.81983e-06 2.06566e-05 
0.000199248 -3.30075e-06 1.38546e-05 
0.000224806 -2.05712e-06 7.53089e-06 
0.000236993 -4.891e-07 2.7176e-06 
0.000239247 1.10287e-06 -7.95371e-07 
0.000234414 2.53483e-06 -3.2331e-06 
0.000224771 3.71803e-06 -4.8349e-06 
0.000212061 4.61666e-06 -5.80986e-06 
0.000197567 5.23918e-06 -6.33288e-06 
0.000182202 5.61501e-06 -6.5396e-06 
0.000166597 5.77417e-06 -6.53394e-06 
0.000151165 5.76072e-06 -6.39249e-06 
0.000136166 5.60489e-06 -6.17024e-06 
0.000121746 5.34121e-06 -5.90617e-06 
0.000107974 4.99184e-06 -5.62745e-06 
9.48627e-05 4.5823e-06 -5.3533e-06 
8.2387e-05 4.12296e-06 -5.09545e-06 
7.04978e-05 3.63652e-06 -4.86527e-06 
5.91465e-05 3.10057e-06 -4.63815e-06 
4.82188e-05 2.46131e-06 -4.61016e-06 
3.82801e-05 -3.84843e-07 -3.32161e-06 
3.36114e-05 -1.83913e-05 -2.78274e-06 
2.83197e-05 -0.000122664 6.0664e-07 
6.97565e-05 -0.00178608 4.12356e-05 
0.000233179 -0.00049867 5.63647e-06 
1.02551e-05 -7.13649e-05 -6.19485e-05 
-3.21855e-05 -7.60233e-06 2.36842e-06 
-3.28872e-05 -3.54168e-06 -4.34568e-06 
-4.34275e-05 -2.41076e-06 -4.67503e-06 
-5.44502e-05 -2.9993e-06 -4.7289e-06 
-6.59978e-05 -3.53425e-06 -4.96226e-06 
-7.81411e-05 -4.07177e-06 -5.21957e-06 
-9.09517e-05 -4.57939e-06 -5.51549e-06 
-0.0001045 -5.0456e-06 -5.83608e-06 
-0.000118829 -5.45481e-06 -6.17024e-06 
-0.00013395 -5.78353e-06 -6.49995e-06 
-0.000149817 -6.00246e-06 -6.79647e-06 
-0.000166304 -6.07868e-06 -7.02061e-06 
-0.000183167 -5.96815e-06 -7.11253e-06 
-0.000199992 -5.63093e-06 -6.98871e-06 
-0.000216131 -5.01953e-06 -6.53571e-06 
-0.00023062 -4.09725e-06 -5.6006e-06 
-0.000242079 -2.84893e-06 -3.98551e-06 
-0.000248605 -1.30212e-06 -1.45274e-06 
-0.000247685 4.46939e-07 2.27033e-06 
-0.000236161 2.18818e-06 7.43768e-06 
-0.000210222 3.58343e-06 1.42822e-05 
-0.000166936 4.18163e-06 2.16388e-05 
-8.79807e-05 3.08279e-06 4.6082e-05 
7.68641e-05 -2.6495e-06 4.07466e-05 
0.000148564 -3.88231e-06 2.05826e-05 
0.000190953 -3.77297e-06 1.46149e-05 
0.000218955 -2.96197e-06 8.81251e-06 
0.000234432 -1.75631e-06 4.1881e-06 
0.000240159 -4.14181e-07 6.42238e-07 
0.000238558 8.86451e-07 -1.96332e-06 
0.000231669 2.03276e-06 -3.79763e-06 
0.000221136 2.97737e-06 -5.02494e-06 
0.000208227 3.69699e-06 -5.79105e-06 
0.000193899 4.20001e-06 -6.21611e-06 
0.000178844 4.50855e-06 -6.39817e-06 
0.000163554 4.64456e-06 -6.41236e-06 
0.000148358 4.63698e-06 -6.31581e-06 
0.000133472 4.51024e-06 -6.15119e-06 
0.00011902 4.28861e-06 -5.95005e-06 
0.000105064 3.98879e-06 -5.73453e-06 
9.16197e-05 3.634e-06 -5.52078e-06 
7.86741e-05 3.22473e-06 -5.31222e-06 
6.61692e-05 2.75095e-06 -5.15591e-06 
5.42639e-05 1.60802e-06 -4.5708e-06 
4.18299e-05 -2.38298e-06 -6.07346e-06 
4.65045e-05 -7.22069e-05 2.07986e-05 
-4.43392e-05 -0.000316195 -0.000145088 
-0.000530569 -0.00720718 5.71963e-05 
-4.46067e-05 -0.00097675 8.58055e-05 
-2.00961e-05 -6.3296e-05 2.89065e-06 
-2.21541e-05 -1.60394e-05 -1.23068e-05 
-3.71891e-05 -2.65497e-06 -5.00753e-06 
-4.88659e-05 -2.45609e-06 -5.26532e-06 
-6.12438e-05 -2.73401e-06 -5.25298e-06 
-7.40096e-05 -3.19937e-06 -5.4554e-06 
-8.73149e-05 -3.63784e-06 -5.68945e-06 
-0.000101209 -4.04055e-06 -5.94641e-06 
-0.000115726 -4.38813e-06 -6.21258e-06 
-0.00013087 -4.66324e-06 -6.4726e-06 
-0.000146596 -4.84168e-06 -6.70297e-06 
-0.000162794 -4.89993e-06 -6.87052e-06 
-0.000179261 -4.80469e-06 -6.93092e-06 
-0.000195668 -4.52816e-06 -6.82127e-06 
-0.000211511 -4.03297e-06 -6.45776e-06 
-0.000226058 -3.29768e-06 -5.73219e-06 
-0.000238286 -2.30563e-06 -4.50812e-06 
-0.000246812 -1.07369e-06 -2.62016e-06 
-0.000249833 3.42807e-07 1.18772e-07 
-0.000245089 1.82501e-06 3.89859e-06 
-0.000229902 3.17404e-06 8.87092e-06 
-0.000201212 4.09421e-06 1.51421e-05 
-0.00015698 4.2326e-06 2.15765e-05 
-8.14568e-05 2.90291e-06 4.30696e-05 
7.12542e-05 -2.46654e-06 3.80505e-05 
0.00013944 -3.80874e-06 2.01919e-05 
0.000181791 -4.00037e-06 1.49821e-05 
0.000211315 -3.5391e-06 9.71698e-06 
0.000229275 -2.65662e-06 5.36028e-06 
0.000237882 -1.57128e-06 1.88166e-06 
0.000239157 -4.44672e-07 -7.93381e-07 
0.000234881 6.16138e-07 -2.77769e-06 
0.000226558 1.53956e-06 -4.19384e-06 
0.000215397 2.29766e-06 -5.15915e-06 
0.000202349 2.87833e-06 -5.77616e-06 
0.00018814 3.28614e-06 -6.13286e-06 
0.000173305 3.53529e-06 -6.29916e-06 
0.000158229 3.64636e-06 -6.33098e-06 
0.000143182 3.63931e-06 -6.27329e-06 
0.000128336 3.53036e-06 -6.1595e-06 
0.000113797 3.34065e-06 -6.01294e-06 
9.96218e-05 3.08135e-06 -5.85268e-06 
8.58207e-05 2.76435e-06 -5.69927e-06 
7.23949e-05 2.36011e-06 -5.52009e-06 
5.92402e-05 1.33479e-06 -5.5678e-06 
4.6557e-05 -3.84221e-06 -4.45837e-06 
3.70239e-05 -7.90265e-05 -3.88419e-06 
-2.20155e-05 -0.000358169 -4.92135e-05 
-7.66107e-05 -0.00827655 4.74253e-05 
-7.84018e-05 -0.00128936 4.1977e-05 
-5.28401e-05 -7.60045e-05 3.11804e-05 
-2.50473e-05 -1.8577e-05 -9.67338e-06 
-4.09242e-05 -3.01707e-06 -6.14658e-06 
-5.3968e-05 -2.21156e-06 -5.58081e-06 
-6.73385e-05 -2.41753e-06 -5.71545e-06 
-8.1134e-05 -2.7868e-06 -5.86588e-06 
-9.5379e-05 -3.13305e-06 -6.06381e-06 
-0.000110108 -3.43102e-06 -6.26943e-06 
-0.000125317 -3.66391e-06 -6.46844e-06 
-0.000140968 -3.81471e-06 -6.64169e-06 
-0.000156965 -3.86313e-06 -6.76238e-06 
-0.000173142 -3.78532e-06 -6.79455e-06 
-0.000189231 -3.56e-06 -6.69145e-06 
-0.000204838 -3.15865e-06 -6.3909e-06 
-0.000219398 -2.56937e-06 -5.8129e-06 
-0.000232134 -1.7744e-06 -4.85999e-06 
-0.000242019 -7.87266e-07 -3.41603e-06 
-0.000247724 3.63826e-07 -1.34738e-06 
-0.000247595 1.60637e-06 1.48351e-06 
-0.000239663 2.81269e-06 5.20259e-06 
-0.000221696 3.8045e-06 9.88871e-06 
-0.000191275 4.33543e-06 1.55659e-05 
-0.00014704 4.14382e-06 2.11646e-05 
-7.53162e-05 2.69216e-06 4.01324e-05 
6.60219e-05 -2.27751e-06 3.54698e-05 
0.00013055 -3.66753e-06 1.95875e-05 
0.000172246 -4.07114e-06 1.50482e-05 
0.000202553 -3.88374e-06 1.03037e-05 
0.000222285 -3.27984e-06 6.25368e-06 
0.000233187 -2.43547e-06 2.90908e-06 
0.000236921 -1.48989e-06 2.40748e-07 
0.000235019 -5.48494e-07 -1.82344e-06 
0.000228816 3.16888e-07 -3.37015e-06 
0.000219439 1.06532e-06 -4.48858e-06 
0.000207803 1.67727e-06 -5.26571e-06 
0.000194631 2.14523e-06 -5.77638e-06 
0.000180482 2.47691e-06 -6.08303e-06 
0.000165777 2.68058e-06 -6.23966e-06 
0.000150823 2.76732e-06 -6.28932e-06 
0.000135835 2.75816e-06 -6.26512e-06 
0.000120956 2.66427e-06 -6.19432e-06 
0.000106274 2.4974e-06 -6.09712e-06 
9.184e-05 2.27272e-06 -5.98297e-06 
7.7647e-05 1.95994e-06 -5.9111e-06 
6.38323e-05 1.01519e-06 -5.52178e-06 
4.94632e-05 -3.74104e-06 -7.14425e-06 
4.12478e-05 -8.06735e-05 6.16818e-06 
1.17886e-05 -0.000351249 -5.477e-05 
5.38147e-05 -0.00833828 8.55798e-05 
-3.84474e-05 -0.00236017 4.97819e-05 
-4.44595e-05 -0.000131652 5.80059e-05 
-1.78974e-05 -2.47411e-05 -2.12648e-05 
-4.43737e-05 -3.77186e-06 -5.73552e-06 
-5.82386e-05 -1.8571e-06 -6.06642e-06 
-7.26233e-05 -2.04457e-06 -6.03756e-06 
-8.72324e-05 -2.33055e-06 -6.18847e-06 
-0.0001022 -2.5883e-06 -6.34036e-06 
-0.00011752 -2.78751e-06 -6.48759e-06 
-0.00013316 -2.91562e-06 -6.61211e-06 
-0.000149041 -2.95775e-06 -6.69238e-06 
-0.000165022 -2.89388e-06 -6.70003e-06 
-0.00018089 -2.70912e-06 -6.59957e-06 
-0.000196328 -2.38521e-06 -6.34211e-06 
-0.000210895 -1.90834e-06 -5.86983e-06 
-0.000223996 -1.26612e-06 -5.11125e-06 
-0.000234847 -4.68032e-07 -3.98073e-06 
-0.00024245 4.70284e-07 -2.38206e-06 
-0.000245567 1.50297e-06 -2.13034e-07 
-0.000242724 2.548e-06 2.6229e-06 
-0.000232232 3.49615e-06 6.20346e-06 
-0.000212267 4.18304e-06 1.05558e-05 
-0.000180934 4.41153e-06 1.56571e-05 
-0.000137376 3.98438e-06 2.05174e-05 
-6.96069e-05 2.48122e-06 3.73273e-05 
6.11706e-05 -2.10062e-06 3.30297e-05 
0.000122025 -3.4907e-06 1.8845e-05 
0.000162631 -4.04263e-06 1.48892e-05 
0.000193142 -4.06723e-06 1.06313e-05 
0.000214042 -3.69512e-06 6.90038e-06 
0.0002267 -3.06627e-06 3.73148e-06 
0.00023247 -2.29957e-06 1.12372e-06 
0.000232647 -1.49019e-06 -9.63808e-07 
0.000228401 -7.05399e-07 -2.58884e-06 
0.000220756 7.15022e-09 -3.81865e-06 
0.000210569 6.17049e-07 -4.72204e-06 
0.000198541 1.11633e-06 -5.36145e-06 
0.000185236 1.49751e-06 -5.79283e-06 
0.00017109 1.76588e-06 -6.0646e-06 
0.000156434 1.93193e-06 -6.2166e-06 
0.000141517 2.00227e-06 -6.28145e-06 
0.000126512 1.99074e-06 -6.28695e-06 
0.000111536 1.9103e-06 -6.25344e-06 
9.66603e-05 1.75512e-06 -6.20311e-06 
8.194e-05 1.51217e-06 -6.11627e-06 
6.71989e-05 4.89826e-07 -6.3758e-06 
5.34221e-05 -4.06353e-06 -4.58951e-06 
2.42802e-05 -7.68275e-05 -2.59168e-05 
7.91196e-05 -0.000411783 0.000131959 
0.000439423 -0.00680857 -0.000166895 
-0.000469389 -0.00703185 -4.39685e-05 
-6.96317e-05 -0.000422598 0.00010095 
-1.93992e-05 -7.7542e-05 -2.63186e-05 
-4.75586e-05 -6.44701e-06 -5.76281e-06 
-6.19195e-05 -2.21938e-06 -6.47436e-06 
-7.70161e-05 -1.71367e-06 -6.32241e-06 
-9.22395e-05 -1.87494e-06 -6.42967e-06 
-0.000107712 -2.03348e-06 -6.52709e-06 
-0.000123398 -2.13908e-06 -6.60936e-06 
-0.000139232 -2.17349e-06 -6.65575e-06 
-0.000155102 -2.12167e-06 -6.64166e-06 
-0.000170829 -1.96954e-06 -6.53968e-06 
-0.000186163 -1.70509e-06 -6.31445e-06 
-0.000200756 -1.31425e-06 -5.91914e-06 
-0.000214139 -7.92451e-07 -5.30048e-06 
-0.000225708 -1.41325e-07 -4.39684e-06 
-0.0002347 6.27626e-07 -3.13548e-06 
-0.00024017 1.48848e-06 -1.44027e-06 
-0.000240999 2.38306e-06 7.63034e-07 
-0.000235894 3.24307e-06 3.54091e-06 
-0.000223429 3.95254e-06 6.93485e-06 
-0.000202127 4.3853e-06 1.09371e-05 
-0.000170521 4.37681e-06 1.54998e-05 
-0.000128119 3.78975e-06 1.97187e-05 
-6.4324e-05 2.28425e-06 3.46788e-05 
5.66836e-05 -1.93362e-06 3.0737e-05 
0.000113922 -3.30505e-06 1.80169e-05 
0.000153137 -3.95594e-06 1.45652e-05 
0.00018341 -4.14004e-06 1.0753e-05 
0.000204981 -3.95418e-06 7.33689e-06 
0.000218919 -3.51171e-06 4.36478e-06 
0.000226317 -2.91093e-06 1.85417e-06 
0.000228262 -2.23421e-06 -2.12381e-07 
0.000225768 -1.54339e-06 -1.87227e-06 
0.000219744 -8.89682e-07 -3.17561e-06 
0.000210979 -3.00849e-07 -4.17286e-06 
0.00020014 2.02436e-07 -4.91584e-06 
0.000187773 6.12699e-07 -5.45317e-06 
0.000174318 9.2766e-07 -5.82637e-06 
0.000160122 1.15044e-06 -6.07248e-06 
0.00014545 1.28804e-06 -6.22214e-06 
0.000130502 1.3486e-06 -6.3013e-06 
0.000115418 1.33907e-06 -6.33143e-06 
0.000100293 1.27592e-06 -6.32613e-06 
8.5196e-05 1.13297e-06 -6.27878e-06 
7.00674e-05 9.09482e-07 -6.27755e-06 
5.516e-05 -1.84872e-06 -5.45108e-06 
2.8562e-05 -1.32667e-05 -1.79025e-05 
4.17919e-05 -0.000149535 6.41448e-05 
0.000197024 -0.000855358 -0.00013385 
-6.67824e-05 -0.00754259 -3.46647e-05 
-1.75498e-05 -0.00035422 -9.14994e-06 
-3.65886e-05 -7.11782e-05 -3.22868e-07 
-4.95563e-05 -5.93557e-06 -6.26754e-06 
-6.50412e-05 -1.63201e-06 -6.24401e-06 
-8.04843e-05 -1.30468e-06 -6.50494e-06 
-9.61326e-05 -1.39616e-06 -6.57468e-06 
-0.000111905 -1.48009e-06 -6.62764e-06 
-0.00012775 -1.50659e-06 -6.64441e-06 
-0.000143573 -1.46056e-06 -6.61239e-06 
-0.000159229 -1.33137e-06 -6.50846e-06 
-0.000174515 -1.11174e-06 -6.30474e-06 
-0.000189153 -7.8819e-07 -5.9661e-06 
-0.000202772 -3.5767e-07 -5.4522e-06 
-0.0002149 1.78793e-07 -4.7155e-06 
-0.000224942 8.14519e-07 -3.70136e-06 
-0.00023217 1.53245e-06 -2.35214e-06 
-0.000235716 2.29297e-06 -6.09908e-07 
-0.00023458 3.05211e-06 1.57908e-06 
-0.000227646 3.73001e-06 4.255e-06 
-0.000213728 4.23905e-06 7.43393e-06 
-0.000191641 4.46013e-06 1.10899e-05 
-0.000160251 4.27906e-06 1.51621e-05 
-0.000119332 3.58186e-06 1.8827e-05 
-5.94461e-05 2.10036e-06 3.21934e-05 
5.25336e-05 -1.78549e-06 2.85879e-05 
0.000106253 -3.12045e-06 1.71401e-05 
0.000143881 -3.83209e-06 1.41236e-05 
0.00017358 -4.13712e-06 1.07125e-05 
0.00019542 -4.10439e-06 7.59754e-06 
0.000210229 -3.81988e-06 4.83132e-06 
0.000218888 -3.36475e-06 2.44241e-06 
0.000222299 -2.80892e-06 4.27894e-07 
0.000221329 -2.21844e-06 -1.23393e-06 
0.000216782 -1.62958e-06 -2.57636e-06 
0.000209369 -1.07871e-06 -3.63896e-06 
0.000199708 -5.89531e-07 -4.46143e-06 
0.000188325 -1.69551e-07 -5.08397e-06 
0.000175649 1.7208e-07 -5.54422e-06 
0.000162029 4.35516e-07 -5.87324e-06 
0.000147744 6.24745e-07 -6.10007e-06 
0.000133006 7.42344e-07 -6.24976e-06 
0.000117975 7.97808e-07 -6.34203e-06 
0.00010277 7.91075e-07 -6.38837e-06 
8.74606e-05 7.30466e-07 -6.42861e-06 
7.21942e-05 3.10312e-07 -6.21642e-06 
5.63322e-05 -9.77023e-07 -7.33545e-06 
4.41825e-05 -1.95541e-05 1.3554e-06 
8.60164e-06 -0.0001218 -4.77708e-05 
-3.2935e-05 -0.000862011 9.74349e-05 
0.000428181 -0.0064716 7.10362e-06 
1.94438e-05 -0.000339298 -0.000103093 
-4.84685e-05 -7.30006e-05 6.15884e-06 
-5.13599e-05 -4.91618e-06 -6.6792e-06 
-6.72928e-05 -1.5692e-06 -6.61292e-06 
-8.30479e-05 -9.33614e-07 -6.62425e-06 
-9.89239e-05 -9.52585e-07 -6.66246e-06 
-0.000114816 -9.54965e-07 -6.65182e-06 
-0.000130639 -9.08626e-07 -6.60413e-06 
-0.000146272 -7.94095e-07 -6.49652e-06 
-0.00016155 -6.04164e-07 -6.30963e-06 
-0.000176252 -3.31542e-07 -6.01419e-06 
-0.000190079 2.93515e-08 -5.57827e-06 
-0.000202656 4.76377e-07 -4.96669e-06 
-0.000213516 1.00826e-06 -4.13778e-06 
-0.000222089 1.61087e-06 -3.0463e-06 
-0.000227695 2.25952e-06 -1.64749e-06 
-0.00022955 2.9209e-06 1.03176e-07 
-0.000226771 3.54428e-06 2.24117e-06 
-0.00021841 4.06357e-06 4.78726e-06 
-0.000203485 4.39765e-06 7.74063e-06 
-0.000181056 4.45723e-06 1.10641e-05 
-0.000150251 4.13907e-06 1.46945e-05 
-0.000111033 3.37508e-06 1.78837e-05 
-5.49426e-05 1.93567e-06 2.98683e-05 
4.86874e-05 -1.65278e-06 2.65755e-05 
9.90153e-05 -2.94067e-06 1.62414e-05 
0.00013493 -3.69238e-06 1.35992e-05 
0.000163808 -4.084e-06 1.05465e-05 
0.000185593 -4.16903e-06 7.71459e-06 
0.000200932 -4.01286e-06 5.15475e-06 
0.000210526 -3.68611e-06 2.90083e-06 
0.00021512 -3.24989e-06 9.6041e-07 
0.00021545 -2.74843e-06 -6.77384e-07 
0.000212214 -2.23369e-06 -2.03215e-06 
0.000206053 -1.73131e-06 -3.13366e-06 
0.00019753 -1.26277e-06 -4.01328e-06 
0.000187136 -8.48847e-07 -4.70287e-06 
0.000175286 -4.94643e-07 -5.23349e-06 
0.000162325 -2.02459e-07 -5.63358e-06 
0.000148531 2.31177e-08 -5.92906e-06 
0.000134128 1.88777e-07 -6.14221e-06 
0.00011929 2.96494e-07 -6.29121e-06 
0.00010415 3.58116e-07 -6.39927e-06 
8.88139e-05 3.47613e-07 -6.45692e-06 
7.33039e-05 2.36755e-07 -6.72574e-06 
5.831e-05 -2.14732e-06 -5.84751e-06 
4.81456e-05 -1.76933e-05 -7.35465e-06 
3.54801e-05 -0.000123992 -8.69166e-06 
8.1825e-05 -0.00160979 2.0287e-05 
0.000253338 -0.0011316 3.18553e-05 
-6.39516e-06 -0.000110855 -9.96111e-05 
-4.80026e-05 -1.52433e-05 1.17399e-05 
-5.20825e-05 -2.67287e-06 -9.83305e-06 
-6.89391e-05 -5.81892e-07 -6.32116e-06 
-8.4697e-05 -5.30421e-07 -6.78829e-06 
-0.000100672 -5.10514e-07 -6.65949e-06 
-0.00011651 -4.59559e-07 -6.60903e-06 
-0.00013215 -3.50547e-07 -6.49816e-06 
-0.000147448 -1.82511e-07 -6.32324e-06 
-0.000162223 5.29305e-08 -6.06088e-06 
-0.000176235 3.61486e-07 -5.68572e-06 
-0.000189183 7.40865e-07 -5.1702e-06 
-0.000200696 1.19052e-06 -4.48193e-06 
-0.00021032 1.70037e-06 -3.58528e-06 
-0.000217516 2.25648e-06 -2.44507e-06 
-0.000221665 2.83358e-06 -1.02661e-06 
-0.000222064 3.39691e-06 7.01758e-07 
-0.000217949 3.89598e-06 2.76192e-06 
-0.000208515 4.27524e-06 5.16218e-06 
-0.00019296 4.46608e-06 7.88963e-06 
-0.00017054 4.3929e-06 1.09017e-05 
-0.000140593 3.98348e-06 1.41361e-05 
-0.000103211 3.17649e-06 1.69171e-05 
-5.07766e-05 1.78841e-06 2.76947e-05 
4.51145e-05 -1.53462e-06 2.46903e-05 
9.21883e-05 -2.77331e-06 1.53384e-05 
0.000126318 -3.54211e-06 1.30188e-05 
0.000154194 -3.997e-06 1.02865e-05 
0.000175676 -4.17213e-06 7.7158e-06 
0.00019126 -4.1269e-06 5.3562e-06 
0.000201506 -3.90989e-06 3.2439e-06 
0.000207026 -3.57073e-06 1.39242e-06 
0.00020844 -3.16262e-06 -2.01184e-07 
0.00020635 -2.71501e-06 -1.54755e-06 
0.000201323 -2.26338e-06 -2.66628e-06 
0.000193872 -1.82988e-06 -3.58259e-06 
0.000184446 -1.42923e-06 -4.32157e-06 
0.00017344 -1.07184e-06 -4.90732e-06 
0.000161189 -7.66048e-07 -5.36608e-06 
0.000147964 -5.12033e-07 -5.71989e-06 
0.000133997 -3.10421e-07 -5.98777e-06 
0.000119468 -1.56853e-07 -6.18779e-06 
0.000104526 -5.93063e-08 -6.32671e-06 
8.92635e-05 -2.37215e-08 -6.44429e-06 
7.39811e-05 -6.58536e-07 -6.04799e-06 
5.76015e-05 -4.09062e-06 -7.49232e-06 
5.95202e-05 -7.18742e-05 2.24917e-05 
-4.16144e-05 -0.000313534 -0.000151802 
-0.000515285 -0.00712214 0.000156235 
-0.000124606 -0.00210552 1.82193e-06 
-6.19948e-05 -0.000124923 0.000145452 
-1.75122e-05 -2.20697e-05 -4.96842e-05 
-5.53536e-05 -2.4198e-06 -1.82042e-06 
-6.91537e-05 -3.67803e-07 -7.66762e-06 
-8.56091e-05 -1.97297e-07 -6.54802e-06 
-0.000101418 -1.14585e-07 -6.62506e-06 
-0.000117078 -6.65887e-09 -6.49907e-06 
-0.0001324 1.50865e-07 -6.33917e-06 
-0.000147247 3.62966e-07 -6.10404e-06 
-0.00016142 6.34187e-07 -5.77676e-06 
-0.000174675 9.63729e-07 -5.33571e-06 
-0.000186713 1.35087e-06 -4.75622e-06 
-0.000197169 1.79118e-06 -4.01e-06 
-0.000205615 2.27335e-06 -3.06869e-06 
-0.000211551 2.77788e-06 -1.90436e-06 
-0.000214416 3.28015e-06 -4.91108e-07 
-0.000213591 3.74542e-06 1.19197e-06 
-0.000208417 4.13414e-06 3.15708e-06 
-0.00019822 4.39275e-06 5.40334e-06 
-0.000182347 4.4646e-06 7.91078e-06 
-0.000160214 4.29085e-06 1.06356e-05 
-0.000131319 3.81037e-06 1.3518e-05 
-9.58502e-05 2.987e-06 1.59465e-05 
-4.69185e-05 1.6535e-06 2.56627e-05 
4.17889e-05 -1.4265e-06 2.29226e-05 
8.57503e-05 -2.61309e-06 1.44435e-05 
0.000118063 -3.38795e-06 1.24025e-05 
0.000144808 -3.88708e-06 9.95523e-06 
0.000165791 -4.13526e-06 7.62481e-06 
0.00018139 -4.1735e-06 5.45659e-06 
0.000192049 -4.04733e-06 3.48698e-06 
0.000198266 -3.80386e-06 1.73279e-06 
0.000200563 -3.47215e-06 1.98447e-07 
0.000199458 -3.09288e-06 -1.12218e-06 
0.000195445 -2.69292e-06 -2.24153e-06 
0.000188983 -2.29379e-06 -3.17685e-06 
0.000180486 -1.91359e-06 -3.94854e-06 
0.00017032 -1.5639e-06 -4.5764e-06 
0.000158803 -1.25158e-06 -5.08081e-06 
0.000146204 -9.78048e-07 -5.48208e-06 
0.000132749 -7.48273e-07 -5.7972e-06 
0.000118625 -5.61047e-07 -6.04204e-06 
0.000103981 -4.13322e-07 -6.23536e-06 
8.89424e-05 -3.54014e-07 -6.39254e-06 
7.35946e-05 -8.53212e-07 -6.64483e-06 
5.79412e-05 -5.34951e-06 -7.06013e-06 
4.43497e-05 -7.9135e-05 -7.49227e-06 
2.00834e-06 -0.00034441 -4.78929e-05 
-0.000124563 -0.00812226 -0.00018641 
-0.000146759 -0.00526183 6.30753e-05 
6.53609e-05 -0.000223518 -0.000180919 
-5.03199e-05 -6.23073e-05 2.39339e-05 
-5.19336e-05 -2.91142e-06 -1.07215e-05 
-7.00867e-05 -7.91008e-07 -5.83413e-06 
-8.55983e-05 6.95993e-08 -6.67584e-06 
-0.000101288 2.29161e-07 -6.48066e-06 
-0.000116616 3.99157e-07 -6.3502e-06 
-0.000131517 6.00353e-07 -6.13732e-06 
-0.00014582 8.46118e-07 -5.85006e-06 
-0.000159322 1.14041e-06 -5.46901e-06 
-0.000171781 1.48101e-06 -4.97568e-06 
-0.000182902 1.86597e-06 -4.34723e-06 
-0.000192336 2.28617e-06 -3.56118e-06 
-0.000199681 2.72939e-06 -2.59493e-06 
-0.000204483 3.1787e-06 -1.42653e-06 
-0.000206237 3.61034e-06 -3.79828e-08 
-0.000204403 3.99111e-06 1.58373e-06 
-0.000198418 4.28232e-06 3.44337e-06 
-0.000187721 4.44018e-06 5.53326e-06 
-0.000171784 4.41721e-06 7.83035e-06 
-0.000150152 4.16519e-06 1.02912e-05 
-0.000122451 3.63776e-06 1.28618e-05 
-8.89252e-05 2.80902e-06 1.49871e-05 
-4.33356e-05 1.53711e-06 2.37619e-05 
3.86853e-05 -1.3332e-06 2.12631e-05 
7.96761e-05 -2.46722e-06 1.35645e-05 
0.000110165 -3.23896e-06 1.17658e-05 
0.000135695 -3.76376e-06 9.57235e-06 
0.000156029 -4.06471e-06 7.46126e-06 
0.000171458 -4.17375e-06 5.474e-06 
0.000182329 -4.12591e-06 3.6445e-06 
0.000189045 -3.95248e-06 1.99301e-06 
0.000192046 -3.69507e-06 5.2701e-07 
0.00019177 -3.37929e-06 -7.54967e-07 
0.000188649 -3.02965e-06 -1.86037e-06 
0.00018309 -2.67066e-06 -2.80088e-06 
0.000175468 -2.31495e-06 -3.59056e-06 
0.000166121 -1.97484e-06 -4.24721e-06 
0.000155348 -1.66188e-06 -4.78616e-06 
0.000143409 -1.37951e-06 -5.22429e-06 
0.000130523 -1.12983e-06 -5.57774e-06 
0.000116878 -9.1511e-07 -5.85864e-06 
0.000102629 -7.43388e-07 -6.08213e-06 
8.79079e-05 -6.32199e-07 -6.24668e-06 
7.269e-05 -1.3291e-06 -6.54275e-06 
5.757e-05 -4.86405e-06 -5.86218e-06 
2.98257e-05 -7.76248e-05 -2.08896e-05 
4.15466e-05 -0.00034131 6.35809e-05 
0.000347766 -0.00666907 -1.71152e-05 
0.000130735 -0.000933608 -3.9722e-05 
-1.11625e-05 -0.000157432 -3.13819e-05 
-4.48021e-05 -8.92478e-06 -3.6834e-06 
-5.41372e-05 -2.53038e-06 -5.98482e-06 
-6.94412e-05 2.95095e-07 -6.7333e-06 
-8.50249e-05 3.85995e-07 -6.482e-06 
-0.000100322 5.71215e-07 -6.35446e-06 
-0.000115242 7.61467e-07 -6.15756e-06 
-0.000129631 9.91003e-07 -5.90352e-06 
-0.000143321 1.26224e-06 -5.57198e-06 
-0.00015611 1.56797e-06 -5.14796e-06 
-0.000167755 1.91292e-06 -4.61377e-06 
-0.000177972 2.28816e-06 -3.95106e-06 
-0.000186433 2.68637e-06 -3.14121e-06 
-0.000192767 3.09375e-06 -2.16664e-06 
-0.000196562 3.48992e-06 -1.01106e-06 
-0.000197372 3.85139e-06 3.38227e-07 
-0.000194725 4.153e-06 1.88758e-06 
-0.000188145 4.3579e-06 3.63616e-06 
-0.000177168 4.43236e-06 5.57181e-06 
-0.000161372 4.33215e-06 7.67041e-06 
-0.000140404 4.02228e-06 9.89095e-06 
-0.000113989 3.46577e-06 1.21839e-05 
-8.24105e-05 2.64114e-06 1.40469e-05 
-4.00021e-05 1.42721e-06 2.19825e-05 
3.57812e-05 -1.24572e-06 1.97024e-05 
7.3939e-05 -2.32992e-06 1.27069e-05 
0.00010262 -3.08991e-06 1.11202e-05 
0.000126879 -3.63339e-06 9.15344e-06 
0.000146456 -3.97251e-06 7.2418e-06 
0.000161567 -4.1343e-06 5.42403e-06 
0.000172484 -4.14689e-06 3.7311e-06 
0.000179533 -4.04403e-06 2.18327e-06 
0.000183076 -3.84832e-06 7.9102e-07 
0.000183488 -3.58773e-06 -4.43053e-07 
0.000181141 -3.28801e-06 -1.52299e-06 
0.000176394 -2.96482e-06 -2.45586e-06 
0.000169588 -2.63503e-06 -3.25163e-06 
0.000161029 -2.31254e-06 -3.92507e-06 
0.000150995 -2.00367e-06 -4.48848e-06 
0.000139732 -1.71742e-06 -4.95441e-06 
0.000127456 -1.45383e-06 -5.33709e-06 
0.00011435 -1.21507e-06 -5.6489e-06 
0.000100569 -9.99999e-07 -5.90472e-06 
8.6254e-05 -8.4229e-07 -6.09574e-06 
7.14347e-05 -7.57153e-07 -6.4592e-06 
5.67272e-05 -4.13484e-06 -5.88327e-06 
3.75729e-05 -2.20328e-05 -1.51798e-05 
5.54203e-05 -0.000167362 4.23598e-05 
0.000358846 -0.00201789 4.04354e-05 
2.6362e-05 -0.0017548 -0.000143499 
3.34619e-07 -0.000101264 4.34646e-05 
-2.71346e-05 -2.10567e-05 -2.52127e-05 
-5.37158e-05 -1.08672e-06 -3.56772e-06 
-6.83002e-05 3.15797e-07 -6.82419e-06 
-8.37828e-05 6.5449e-07 -6.22629e-06 
-9.86418e-05 8.49608e-07 -6.1553e-06 
-0.000113067 1.07348e-06 -5.92825e-06 
-0.000126877 1.33022e-06 -5.64317e-06 
-0.000139906 1.61457e-06 -5.27764e-06 
-0.000151954 1.93211e-06 -4.82098e-06 
-0.000162784 2.27184e-06 -4.25781e-06 
-0.000172127 2.63209e-06 -3.5737e-06 
-0.000179677 3.00007e-06 -2.75376e-06 
-0.000185093 3.36412e-06 -1.78399e-06 
-0.000188006 3.70947e-06 -6.53787e-07 
-0.000188023 4.01263e-06 6.44791e-07 
-0.000184739 4.24444e-06 2.11378e-06 
-0.000177753 4.37795e-06 3.74895e-06 
-0.00016668 4.38091e-06 5.53624e-06 
-0.000151185 4.22419e-06 7.44983e-06 
-0.000131001 3.87148e-06 9.45123e-06 
-0.000105931 3.29608e-06 1.14972e-05 
-7.62788e-05 2.48741e-06 1.31322e-05 
-3.68947e-05 1.33236e-06 2.03149e-05 
3.30596e-05 -1.16804e-06 1.82328e-05 
6.85183e-05 -2.20149e-06 1.18749e-05 
9.54213e-05 -2.94538e-06 1.04736e-05 
0.000118379 -3.49714e-06 8.70974e-06 
0.000137117 -3.86442e-06 6.98028e-06 
0.000151795 -4.06913e-06 5.31972e-06 
0.000162622 -4.13565e-06 3.75767e-06 
0.00016986 -4.0832e-06 2.31321e-06 
0.000173806 -3.9421e-06 9.98274e-07 
0.000174777 -3.7345e-06 -1.81309e-07 
0.000173097 -3.47595e-06 -1.2261e-06 
0.000169079 -3.18708e-06 -2.14177e-06 
0.000163024 -2.88596e-06 -2.93495e-06 
0.000155213 -2.58111e-06 -3.61435e-06 
0.000145903 -2.28026e-06 -4.19192e-06 
0.000135323 -1.99276e-06 -4.67779e-06 
0.000123681 -1.72282e-06 -5.08202e-06 
0.000111156 -1.47293e-06 -5.41783e-06 
9.79064e-05 -1.24767e-06 -5.68339e-06 
8.40412e-05 -1.08238e-06 -5.94526e-06 
6.99621e-05 -1.55878e-06 -5.5958e-06 
5.42117e-05 -5.27064e-06 -8.25362e-06 
5.59482e-05 -7.327e-05 2.04547e-05 
-2.41636e-05 -0.000335309 -0.000145255 
-0.00064735 -0.00707321 -0.000223671 
-0.000298154 -0.0055314 0.000154806 
6.39626e-05 -0.000278641 -0.000178494 
-4.79102e-05 -5.93087e-05 2.38619e-05 
-5.00428e-05 -2.96084e-06 -1.07508e-05 
-6.74953e-05 -1.03476e-07 -5.34924e-06 
-8.19196e-05 8.03948e-07 -6.19416e-06 
-9.63512e-05 1.07585e-06 -5.90488e-06 
-0.000110198 1.33864e-06 -5.68117e-06 
-0.00012338 1.61236e-06 -5.3654e-06 
-0.000135717 1.90984e-06 -4.97421e-06 
-0.000147013 2.2253e-06 -4.49415e-06 
-0.000157043 2.55841e-06 -3.91301e-06 
-0.000165552 2.89926e-06 -3.21842e-06 
-0.000172257 3.24171e-06 -2.40021e-06 
-0.00017685 3.56826e-06 -1.447e-06 
-0.000179 3.86325e-06 -3.51454e-07 
-0.000178364 4.10732e-06 8.89068e-07 
-0.000174596 4.28002e-06 2.2742e-06 
-0.000167359 4.35528e-06 3.79619e-06 
-0.000156341 4.30171e-06 5.44065e-06 
-0.000141275 4.09503e-06 7.18247e-06 
-0.000121963 3.71263e-06 8.9854e-06 
-9.82672e-05 3.13184e-06 1.08117e-05 
-7.05044e-05 2.3411e-06 1.22473e-05 
-3.39921e-05 1.24237e-06 1.87502e-05 
3.05035e-05 -1.09725e-06 1.68482e-05 
6.33946e-05 -2.0807e-06 1.1071e-05 
8.85597e-05 -2.80595e-06 9.83241e-06 
0.000110203 -3.35876e-06 8.25076e-06 
0.000128047 -3.74375e-06 6.68752e-06 
0.000142203 -3.98067e-06 5.17263e-06 
0.000152829 -4.08484e-06 3.7346e-06 
0.000160135 -4.08258e-06 2.39179e-06 
0.000164365 -3.9881e-06 1.15674e-06 
0.000165786 -3.82033e-06 3.6035e-08 
0.000164672 -3.6044e-06 -9.68424e-07 
0.000161299 -3.35312e-06 -1.85899e-06 
0.000155931 -3.07658e-06 -2.64038e-06 
0.000148825 -2.79029e-06 -3.31761e-06 
0.000140216 -2.50195e-06 -3.90045e-06 
0.000130317 -2.21706e-06 -4.39812e-06 
0.000119323 -1.94233e-06 -4.81811e-06 
0.000107408 -1.68081e-06 -5.16877e-06 
9.47227e-05 -1.4417e-06 -5.465e-06 
8.14165e-05 -1.23615e-06 -5.67652e-06 
6.74341e-05 -1.81785e-06 -6.16718e-06 
5.35321e-05 -4.3534e-06 -5.03841e-06 
2.97576e-05 -8.01061e-05 -1.89472e-05 
1.50421e-05 -0.000264966 3.1033e-05 
0.000358909 -0.00704948 0.000202713 
0.000202792 -0.00248691 -0.000110895 
-6.55687e-05 -0.000173132 9.98124e-05 
-2.55567e-05 -1.83763e-05 -3.87222e-05 
-5.25503e-05 -2.59983e-06 -2.57611e-06 
-6.51264e-05 8.71676e-07 -7.00072e-06 
-7.97326e-05 1.02999e-06 -5.82375e-06 
-9.34997e-05 1.30424e-06 -5.70645e-06 
-0.000106748 1.56266e-06 -5.41279e-06 
-0.000119265 1.84759e-06 -5.07844e-06 
-0.000130894 2.14656e-06 -4.66759e-06 
-0.000141441 2.46011e-06 -4.17222e-06 
-0.000150693 2.78133e-06 -3.58197e-06 
-0.000158412 3.10406e-06 -2.88689e-06 
-0.000164339 3.41476e-06 -2.07953e-06 
-0.000168199 3.70437e-06 -1.15231e-06 
-0.000169696 3.95627e-06 -9.95994e-08 
-0.000168534 4.15322e-06 1.07797e-06 
-0.000164416 4.27238e-06 2.37741e-06 
-0.000157061 4.29295e-06 3.78947e-06 
-0.000146219 4.19692e-06 5.29764e-06 
-0.000131681 3.95589e-06 6.88045e-06 
-0.000113301 3.55435e-06 8.50412e-06 
-9.09897e-05 2.97022e-06 1.01336e-05 
-6.50685e-05 2.2033e-06 1.13948e-05 
-3.12792e-05 1.16223e-06 1.72818e-05 
2.81002e-05 -1.03135e-06 1.55427e-05 
5.85499e-05 -1.96757e-06 1.02961e-05 
8.20227e-05 -2.67232e-06 9.20127e-06 
0.000102355 -3.22009e-06 7.78401e-06 
0.000119268 -3.61758e-06 6.3724e-06 
0.000132836 -3.87601e-06 4.99341e-06 
0.000143177 -4.01449e-06 3.67192e-06 
0.000150452 -4.04596e-06 2.42702e-06 
0.000154863 -3.99073e-06 1.27212e-06 
0.000156633 -3.86646e-06 2.12692e-07 
0.000155993 -3.68545e-06 -7.46955e-07 
0.000153186 -3.4624e-06 -1.60557e-06 
0.000148446 -3.21274e-06 -2.36775e-06 
0.000141999 -2.94566e-06 -3.03661e-06 
0.000134061 -2.67006e-06 -3.61757e-06 
0.000124832 -2.39206e-06 -4.11931e-06 
0.000114493 -2.11762e-06 -4.54816e-06 
0.000103209 -1.84875e-06 -4.91074e-06 
9.11294e-05 -1.585e-06 -5.2202e-06 
7.83964e-05 -1.38059e-06 -5.47533e-06 
6.50278e-05 -1.21115e-06 -5.96375e-06 
5.18692e-05 -5.26245e-06 -5.41497e-06 
3.24165e-05 -2.30038e-05 -1.90797e-05 
6.57147e-05 -0.000211907 6.06883e-05 
0.000328486 -0.00202636 -0.000105977 
-6.75556e-06 -0.00563118 1.15873e-05 
-6.43983e-06 -0.000253146 -5.12105e-05 
-3.88211e-05 -6.37049e-05 5.98783e-06 
-4.86192e-05 -2.02287e-06 -7.93926e-06 
-6.34619e-05 1.30463e-07 -5.44118e-06 
-7.70035e-05 1.16004e-06 -5.70091e-06 
-9.02284e-05 1.4493e-06 -5.408e-06 
-0.000102815 1.74195e-06 -5.13392e-06 
-0.000114647 2.03401e-06 -4.78291e-06 
-0.00012556 2.33666e-06 -4.36141e-06 
-0.000135368 2.64409e-06 -3.85871e-06 
-0.000143872 2.95103e-06 -3.26763e-06 
-0.000150852 3.2497e-06 -2.58103e-06 
-0.000156073 3.5319e-06 -1.79177e-06 
-0.000159282 3.78802e-06 -8.95912e-07 
-0.000160226 3.99961e-06 1.08036e-07 
-0.000158646 4.15173e-06 1.21921e-06 
-0.000154293 4.22813e-06 2.4325e-06 
-0.000146932 4.21027e-06 3.73795e-06 
-0.000136361 4.07547e-06 5.11896e-06 
-0.000122422 3.81133e-06 6.55442e-06 
-0.000105013 3.3948e-06 8.01445e-06 
-8.40826e-05 2.81957e-06 9.46831e-06 
-5.99469e-05 2.0775e-06 1.05761e-05 
-2.8738e-05 1.08817e-06 1.59022e-05 
2.58381e-05 -9.70298e-07 1.43098e-05 
5.39639e-05 -1.86388e-06 9.55106e-06 
7.57995e-05 -2.54121e-06 8.58501e-06 
9.48355e-05 -3.08113e-06 7.31557e-06 
0.000110797 -3.48376e-06 6.04196e-06 
0.000123729 -3.76131e-06 4.78839e-06 
0.000133714 -3.92295e-06 3.57783e-06 
0.00014088 -3.98556e-06 2.42768e-06 
0.000145386 -3.96228e-06 1.34997e-06 
0.000147416 -3.87047e-06 3.53595e-07 
0.000147173 -3.7205e-06 -5.5651e-07 
0.000144862 -3.52743e-06 -1.38027e-06 
0.000140688 -3.30325e-06 -2.11764e-06 
0.000134856 -3.05386e-06 -2.77108e-06 
0.000127559 -2.7923e-06 -3.34498e-06 
0.000118982 -2.52247e-06 -3.84466e-06 
0.000109294 -2.24943e-06 -4.27566e-06 
9.86528e-05 -1.97904e-06 -4.64361e-06 
8.72065e-05 -1.72048e-06 -4.94573e-06 
7.50612e-05 -1.49279e-06 -5.23651e-06 
6.26015e-05 -2.03359e-06 -4.93628e-06 
4.84915e-05 -5.48191e-06 -7.33443e-06 
5.21527e-05 -7.60838e-05 2.25552e-05 
-3.3316e-05 -0.000364247 -0.000147 
-0.000540571 -0.00644025 3.15372e-05 
5.54529e-05 -0.00065714 0.00012628 
-9.93396e-06 -0.000112835 -5.37737e-05 
-4.27892e-05 -7.93445e-06 2.90507e-06 
-4.761e-05 -1.38545e-06 -5.9054e-06 
-6.10496e-05 1.06346e-06 -5.54982e-06 
-7.40372e-05 1.29882e-06 -5.37795e-06 
-8.65829e-05 1.60234e-06 -5.14146e-06 
-9.8496e-05 1.88659e-06 -4.84459e-06 
-0.000109631 2.17956e-06 -4.4866e-06 
-0.000119829 2.47754e-06 -4.05934e-06 
-0.000128918 2.77441e-06 -3.55658e-06 
-0.000136709 3.06698e-06 -2.9711e-06 
-0.000142999 3.34703e-06 -2.29885e-06 
-0.000147577 3.60438e-06 -1.53477e-06 
-0.000150217 3.82512e-06 -6.76015e-07 
-0.000150698 4.00135e-06 2.7564e-07 
-0.000148799 4.11551e-06 1.31922e-06 
-0.000144305 4.15543e-06 2.44864e-06 
-0.000137026 4.10267e-06 3.65074e-06 
-0.000126805 3.94096e-06 4.91195e-06 
-0.000113519 3.65515e-06 6.21208e-06 
-9.71026e-05 3.23655e-06 7.52418e-06 
-7.7531e-05 2.67083e-06 8.82035e-06 
-5.51198e-05 1.95615e-06 9.7912e-06 
-2.63571e-05 1.01861e-06 1.4605e-05 
2.37064e-05 -9.14863e-07 1.31452e-05 
4.96235e-05 -1.76198e-06 8.83665e-06 
6.98791e-05 -2.41755e-06 7.98579e-06 
8.76426e-05 -2.94509e-06 6.84998e-06 
0.000102644 -3.34901e-06 5.70235e-06 
0.000114906 -3.63496e-06 4.5647e-06 
0.000124483 -3.81792e-06 3.45836e-06 
0.000131474 -3.90357e-06 2.39895e-06 
0.000136004 -3.90911e-06 1.39774e-06 
0.000138225 -3.84287e-06 4.64426e-07 
0.000138306 -3.72157e-06 -3.95799e-07 
0.000136424 -3.55615e-06 -1.18056e-06 
0.000132761 -3.35202e-06 -1.88838e-06 
0.0001275 -3.1224e-06 -2.52131e-06 
0.000120813 -2.87252e-06 -3.08344e-06 
0.000112867 -2.61361e-06 -3.57585e-06 
0.000103823 -2.34486e-06 -4.00387e-06 
9.38286e-05 -2.0741e-06 -4.37164e-06 
8.30189e-05 -1.80805e-06 -4.68738e-06 
7.15359e-05 -1.59765e-06 -4.90818e-06 
5.94204e-05 -1.97294e-06 -5.26058e-06 
4.71239e-05 -7.00378e-06 -4.10082e-06 
3.68757e-05 -7.86538e-05 -3.51765e-06 
-1.83419e-05 -0.000399195 -3.6241e-05 
-0.00011067 -0.00744507 3.24602e-05 
-1.06294e-05 -0.000572593 -3.70126e-05 
-1.59569e-05 -0.000101474 1.49813e-05 
-3.03962e-05 -1.0189e-05 -1.16926e-05 
-4.60357e-05 -4.14366e-07 -4.06819e-06 
-5.82991e-05 9.47845e-07 -5.44937e-06 
-7.07892e-05 1.4015e-06 -5.06242e-06 
-8.26495e-05 1.69993e-06 -4.85358e-06 
-9.38747e-05 1.9947e-06 -4.55125e-06 
-0.00010431 2.28982e-06 -4.19142e-06 
-0.000113806 2.58147e-06 -3.7644e-06 
-0.000122197 2.87003e-06 -3.26653e-06 
-0.000129311 3.14594e-06 -2.69331e-06 
-0.000134962 3.40154e-06 -2.04049e-06 
-0.000138959 3.63183e-06 -1.30631e-06 
-0.000141105 3.82495e-06 -4.89479e-07 
-0.000141203 3.96857e-06 4.09073e-07 
-0.000139064 4.05417e-06 1.38519e-06 
-0.000134511 4.06211e-06 2.43076e-06 
-0.000127391 3.97953e-06 3.53526e-06 
-0.000117576 3.79894e-06 4.68488e-06 
-0.000104979 3.50381e-06 5.86024e-06 
-8.95623e-05 3.08305e-06 7.03727e-06 
-7.13259e-05 2.52787e-06 8.19099e-06 
-5.05735e-05 1.84267e-06 9.04169e-06 
-2.4125e-05 9.55542e-07 1.33859e-05 
2.16966e-05 -8.6179e-07 1.20456e-05 
4.55177e-05 -1.66743e-06 8.15295e-06 
6.42507e-05 -2.29616e-06 7.40472e-06 
8.07713e-05 -2.81049e-06 6.39088e-06 
9.48152e-05 -3.21015e-06 5.3586e-06 
0.000106387 -3.50485e-06 4.32854e-06 
0.000115519 -3.69743e-06 3.31921e-06 
0.000122281 -3.80538e-06 2.34556e-06 
0.000126773 -3.83336e-06 1.41938e-06 
0.000129122 -3.79295e-06 5.48881e-07 
0.000129465 -3.69568e-06 -2.60031e-07 
0.000127957 -3.54857e-06 -1.00312e-06 
0.000124756 -3.36598e-06 -1.67923e-06 
0.000120021 -3.15498e-06 -2.2886e-06 
0.000113909 -2.92201e-06 -2.83305e-06 
0.000106573 -2.6689e-06 -3.31433e-06 
9.81612e-05 -2.40878e-06 -3.73539e-06 
8.88103e-05 -2.13934e-06 -4.10102e-06 
7.86534e-05 -1.86896e-06 -4.40862e-06 
6.77999e-05 -1.63828e-06 -4.69793e-06 
5.64679e-05 -2.01312e-06 -4.71117e-06 
4.41121e-05 -6.28923e-06 -6.12953e-06 
3.48514e-05 -8.28081e-05 1.56222e-06 
1.29389e-06 -0.000362 -4.70031e-05 
3.46043e-06 -0.00828959 -3.34069e-05 
-2.57401e-05 -0.000789892 9.53726e-05 
9.60866e-06 -4.51047e-05 -7.17973e-05 
-3.50212e-05 -1.02898e-05 2.55121e-06 
-4.27884e-05 4.45164e-07 -7.25165e-06 
-5.56942e-05 1.08654e-06 -4.87017e-06 
-6.73033e-05 1.48721e-06 -4.86491e-06 
-7.85037e-05 1.77954e-06 -4.55923e-06 
-8.90287e-05 2.0732e-06 -4.26039e-06 
-9.8768e-05 2.36295e-06 -3.90007e-06 
-0.000107575 2.64913e-06 -3.47831e-06 
-0.000115297 2.92287e-06 -2.99065e-06 
-0.000121774 3.18156e-06 -2.43428e-06 
-0.000126836 3.41993e-06 -1.80543e-06 
-0.00013031 3.62717e-06 -1.10408e-06 
-0.000132026 3.79456e-06 -3.3124e-07 
-0.000131813 3.91165e-06 5.12285e-07 
-0.000129507 3.96459e-06 1.42107e-06 
-0.000124963 3.94719e-06 2.38617e-06 
-0.000118057 3.84704e-06 3.3984e-06 
-0.000108691 3.649e-06 4.44398e-06 
-9.68052e-05 3.34706e-06 5.50418e-06 
-8.23848e-05 2.93069e-06 6.55766e-06 
-6.54493e-05 2.39445e-06 7.58296e-06 
-4.62885e-05 1.73678e-06 8.32734e-06 
-2.2028e-05 8.97999e-07 1.22392e-05 
1.98022e-05 -8.11749e-07 1.10067e-05 
4.16321e-05 -1.57803e-06 7.49946e-06 
5.8904e-05 -2.18034e-06 6.84359e-06 
7.42144e-05 -2.68065e-06 5.94031e-06 
8.73106e-05 -3.07597e-06 5.01459e-06 
9.81813e-05 -3.37011e-06 4.08419e-06 
0.00010684 -3.5753e-06 3.16586e-06 
0.000113335 -3.69344e-06 2.27383e-06 
0.000117743 -3.73756e-06 1.41927e-06 
0.000120165 -3.71836e-06 6.10544e-07 
0.000120719 -3.64051e-06 -1.46181e-07 
0.000119533 -3.51809e-06 -8.46557e-07 
0.000116746 -3.35393e-06 -1.48827e-06 
0.000112498 -3.15706e-06 -2.07163e-06 
0.000106927 -2.93721e-06 -2.59519e-06 
0.000100177 -2.6982e-06 -3.06135e-06 
9.23792e-05 -2.44407e-06 -3.4722e-06 
8.36651e-05 -2.1802e-06 -3.8293e-06 
7.41542e-05 -1.9204e-06 -4.13905e-06 
6.39764e-05 -1.68978e-06 -4.37618e-06 
5.30918e-05 -2.2614e-06 -4.79966e-06 
4.22406e-05 -5.82866e-06 -3.80228e-06 
1.83711e-05 -7.94827e-05 -1.97213e-05 
3.80587e-05 -0.000350841 7.40365e-05 
0.00035741 -0.00661463 -1.39631e-05 
-8.43175e-07 -0.00050003 -8.83722e-05 
-2.49638e-05 -7.78923e-05 2.54862e-05 
-2.86284e-05 -4.73744e-06 -9.88225e-06 
-4.17055e-05 -8.81858e-08 -3.36582e-06 
-5.26337e-05 1.18966e-06 -4.8835e-06 
-6.37242e-05 1.5256e-06 -4.47226e-06 
-7.41948e-05 1.83273e-06 -4.27218e-06 
-8.40291e-05 2.1232e-06 -3.96775e-06 
-9.30817e-05 2.40929e-06 -3.61485e-06 
-0.00010122 2.68437e-06 -3.20266e-06 
-0.000108303 2.94743e-06 -2.72946e-06 
-0.00011418 3.19096e-06 -2.19253e-06 
-0.000118699 3.40885e-06 -1.59182e-06 
-0.000121707 3.59135e-06 -9.26642e-07 
-0.000123052 3.73491e-06 -1.98336e-07 
-0.000122587 3.82738e-06 5.89676e-07 
-0.000120175 3.86234e-06 1.43176e-06 
-0.000115696 3.82302e-06 2.32042e-06 
-0.00010905 3.70489e-06 3.24539e-06 
-0.000100164 3.49758e-06 4.19297e-06 
-8.90027e-05 3.19058e-06 5.14762e-06 
-7.55664e-05 2.78085e-06 6.0894e-06 
-5.98895e-05 2.2618e-06 6.9982e-06 
-4.22523e-05 1.63429e-06 7.64681e-06 
-2.00605e-05 8.40265e-07 1.11608e-05 
1.80155e-05 -7.66002e-07 1.00255e-05 
3.79575e-05 -1.49059e-06 6.87627e-06 
5.383e-05 -2.06698e-06 6.30366e-06 
6.79692e-05 -2.5487e-06 5.5014e-06 
8.01347e-05 -2.93352e-06 4.67333e-06 
9.03017e-05 -3.23006e-06 3.83508e-06 
9.84687e-05 -3.43874e-06 3.00197e-06 
0.000104666 -3.57162e-06 2.18756e-06 
0.000108952 -3.63107e-06 1.40184e-06 
0.000111404 -3.62655e-06 6.52699e-07 
0.00011212 -3.56943e-06 -5.23803e-08 
0.00011121 -3.46148e-06 -7.09121e-07 
0.000108794 -3.31587e-06 -1.31492e-06 
0.000104994 -3.13712e-06 -1.86866e-06 
9.99347e-05 -2.92837e-06 -2.36968e-06 
9.37424e-05 -2.7008e-06 -2.81801e-06 
8.65414e-05 -2.45353e-06 -3.21513e-06 
7.84516e-05 -2.19465e-06 -3.56269e-06 
6.95868e-05 -1.91983e-06 -3.86553e-06 
6.00676e-05 -1.6816e-06 -4.10956e-06 
4.99121e-05 -1.46312e-06 -4.51541e-06 
3.98094e-05 -4.98992e-06 -3.86283e-06 
2.41977e-05 -2.21493e-05 -1.49584e-05 
4.83038e-05 -0.000169347 5.26864e-05 
0.000366122 -0.00195042 -2.13409e-06 
7.62563e-05 -0.000493494 -3.49263e-05 
-1.50324e-05 -2.8089e-05 -3.62e-05 
-2.90912e-05 -5.03615e-06 -2.34232e-07 
-3.84197e-05 8.60975e-07 -6.43624e-06 
-4.97509e-05 1.2601e-06 -4.28684e-06 
-5.99842e-05 1.58254e-06 -4.27413e-06 
-6.97903e-05 1.86668e-06 -3.97441e-06 
-7.89339e-05 2.15161e-06 -3.6841e-06 
-8.73163e-05 2.42842e-06 -3.33752e-06 
-9.48093e-05 2.69468e-06 -2.93814e-06 
-0.000101281 2.94347e-06 -2.48207e-06 
-0.000106596 3.17175e-06 -1.96887e-06 
-0.000110618 3.36993e-06 -1.39838e-06 
-0.000113209 3.53679e-06 -7.70388e-07 
-0.000114236 3.65871e-06 -8.80108e-08 
-0.000113573 3.73197e-06 6.44637e-07 
-0.000111106 3.74126e-06 1.42229e-06 
-0.000106736 3.68827e-06 2.23782e-06 
-0.000100384 3.55802e-06 3.08025e-06 
-9.2e-05 3.34357e-06 3.93718e-06 
-8.1564e-05 3.04081e-06 4.79441e-06 
-6.90934e-05 2.64011e-06 5.63345e-06 
-5.46339e-05 2.13847e-06 6.43691e-06 
-3.84508e-05 1.54095e-06 6.9998e-06 
-1.82146e-05 7.89548e-07 1.01465e-05 
1.63302e-05 -7.21654e-07 9.09907e-06 
3.44829e-05 -1.41051e-06 6.28257e-06 
4.90168e-05 -1.96152e-06 5.78533e-06 
6.20275e-05 -2.42564e-06 5.0763e-06 
7.3286e-05 -2.80112e-06 4.33821e-06 
8.27548e-05 -3.09042e-06 3.58449e-06 
9.04191e-05 -3.30434e-06 2.83085e-06 
9.6296e-05 -3.44088e-06 2.08955e-06 
0.000100427 -3.51263e-06 1.36944e-06 
0.000102873 -3.52375e-06 6.78895e-07 
0.000103712 -3.47849e-06 2.49592e-08 
0.000103039 -3.38866e-06 -5.88572e-07 
0.000100953 -3.25816e-06 -1.15791e-06 
9.7565e-05 -3.09241e-06 -1.68023e-06 
9.29858e-05 -2.89901e-06 -2.15595e-06 
8.73267e-05 -2.68011e-06 -2.58421e-06 
8.07025e-05 -2.44353e-06 -2.96538e-06 
7.32224e-05 -2.19153e-06 -3.30079e-06 
6.50003e-05 -1.93535e-06 -3.58354e-06 
5.61175e-05 -1.6877e-06 -3.85639e-06 
4.69463e-05 -2.19953e-06 -3.547e-06 
3.61163e-05 -5.12273e-06 -5.83629e-06 
4.47114e-05 -7.75092e-05 2.62648e-05 
-4.07275e-05 -0.00031853 -0.000154294 
-0.000507309 -0.00703567 0.000118408 
-6.97746e-05 -0.000850088 4.7615e-06 
-5.03643e-05 -4.86344e-05 6.29232e-05 
-2.04573e-05 -9.58404e-06 -1.51763e-05 
-3.73199e-05 1.10084e-07 -2.59841e-06 
-4.65184e-05 1.15292e-06 -4.27689e-06 
-5.62443e-05 1.57206e-06 -3.88779e-06 
-6.53251e-05 1.87516e-06 -3.69103e-06 
-7.37982e-05 2.1568e-06 -3.40357e-06 
-8.15287e-05 2.42661e-06 -3.06984e-06 
-8.84013e-05 2.68054e-06 -2.68535e-06 
-9.42945e-05 2.91674e-06 -2.2494e-06 
-9.90848e-05 3.12825e-06 -1.76162e-06 
-0.00010265 3.31278e-06 -1.2229e-06 
-0.000104869 3.45764e-06 -6.34021e-07 
-0.000105625 3.56146e-06 2.10419e-09 
-0.000104811 3.61399e-06 6.81059e-07 
-0.00010233 3.61532e-06 1.39705e-06 
-9.81028e-05 3.54705e-06 2.14187e-06 
-9.20719e-05 3.40619e-06 2.90674e-06 
-8.42012e-05 3.18936e-06 3.6797e-06 
-7.44872e-05 2.88593e-06 4.44664e-06 
-6.29585e-05 2.49703e-06 5.19221e-06 
-4.96693e-05 2.01716e-06 5.90034e-06 
-3.48705e-05 1.44907e-06 6.38589e-06 
-1.64808e-05 7.4063e-07 9.19259e-06 
1.47422e-05 -6.79962e-07 8.22527e-06 
3.12017e-05 -1.32906e-06 5.71821e-06 
4.44588e-05 -1.85312e-06 5.28895e-06 
5.63827e-05 -2.29894e-06 4.66482e-06 
6.67578e-05 -2.66388e-06 4.00982e-06 
7.55382e-05 -2.95191e-06 3.33544e-06 
8.26977e-05 -3.16218e-06 2.65625e-06 
8.82406e-05 -3.30627e-06 1.98301e-06 
9.21914e-05 -3.38724e-06 1.32519e-06 
9.45997e-05 -3.40815e-06 6.91622e-07 
9.55298e-05 -3.37846e-06 8.73788e-08 
9.50577e-05 -3.3011e-06 -4.82436e-07 
9.32702e-05 -3.18208e-06 -1.01449e-06 
9.02604e-05 -3.03154e-06 -1.50613e-06 
8.6128e-05 -2.85111e-06 -1.95442e-06 
8.09777e-05 -2.6431e-06 -2.36002e-06 
7.4908e-05 -2.41574e-06 -2.72368e-06 
6.80214e-05 -2.17141e-06 -3.04328e-06 
6.04196e-05 -1.91689e-06 -3.31756e-06 
5.22089e-05 -1.71246e-06 -3.5113e-06 
4.34835e-05 -1.97329e-06 -3.57627e-06 
3.44816e-05 -6.97632e-06 -2.40201e-06 
2.72691e-05 -7.60842e-05 2.94773e-06 
-1.4027e-06 -0.000383544 2.21737e-06 
-8.99384e-05 -0.00745452 7.8642e-06 
-6.26479e-05 -0.000615072 4.50781e-05 
-1.72071e-05 -9.18607e-05 7.76212e-06 
-2.36314e-05 -1.08218e-05 -5.71117e-06 
-3.43107e-05 -3.69523e-07 -3.38107e-06 
-4.34954e-05 1.17949e-06 -3.86055e-06 
-5.24408e-05 1.58008e-06 -3.61656e-06 
-6.08525e-05 1.87334e-06 -3.40872e-06 
-6.86656e-05 2.14693e-06 -3.13254e-06 
-7.57654e-05 2.40624e-06 -2.81211e-06 
-8.20442e-05 2.65041e-06 -2.44528e-06 
-8.73911e-05 2.87217e-06 -2.03128e-06 
-9.16932e-05 3.0696e-06 -1.57034e-06 
-9.48411e-05 3.23407e-06 -1.06466e-06 
-9.67295e-05 3.36596e-06 -5.15219e-07 
-9.72562e-05 3.45393e-06 7.51859e-08 
-9.63294e-05 3.49431e-06 7.01844e-07 
-9.38692e-05 3.47479e-06 1.35783e-06 
-8.98155e-05 3.39644e-06 2.03609e-06 
-8.41222e-05 3.25311e-06 2.72858e-06 
-7.67698e-05 3.03439e-06 3.42309e-06 
-6.77667e-05 2.74135e-06 4.10735e-06 
-5.71507e-05 2.36509e-06 4.76705e-06 
-4.49839e-05 1.90465e-06 5.38773e-06 
-3.15032e-05 1.36251e-06 5.80405e-06 
-1.48536e-05 6.95467e-07 8.2965e-06 
1.32461e-05 -6.40037e-07 7.40146e-06 
2.81057e-05 -1.25523e-06 5.18299e-06 
4.01482e-05 -1.75434e-06 4.81575e-06 
5.1033e-05 -2.17799e-06 4.26894e-06 
6.05518e-05 -2.53058e-06 3.68947e-06 
6.86561e-05 -2.80937e-06 3.08915e-06 
7.5311e-05 -3.02236e-06 2.47919e-06 
8.05086e-05 -3.16872e-06 1.87069e-06 
8.42639e-05 -3.25249e-06 1.27303e-06 
8.66126e-05 -3.28271e-06 6.93065e-07 
8.76033e-05 -3.26252e-06 1.36707e-07 
8.73003e-05 -3.19902e-06 -3.90215e-07 
8.57774e-05 -3.09687e-06 -8.84871e-07 
8.31152e-05 -2.9571e-06 -1.34401e-06 
7.94026e-05 -2.78592e-06 -1.76488e-06 
7.47315e-05 -2.59299e-06 -2.14713e-06 
6.91936e-05 -2.37506e-06 -2.49078e-06 
6.28817e-05 -2.13877e-06 -2.79528e-06 
5.58863e-05 -1.89691e-06 -3.06462e-06 
4.83101e-05 -1.66108e-06 -3.28181e-06 
4.00853e-05 -2.24759e-06 -3.73843e-06 
3.19481e-05 -4.9255e-06 -3.01565e-06 
1.06929e-05 -8.06807e-05 -2.06623e-05 
3.02758e-05 -0.000307384 6.51829e-05 
0.000306518 -0.00727081 -0.000117849 
-5.18766e-05 -0.00117205 4.74717e-05 
2.46975e-05 -9.33414e-05 -9.57195e-05 
-2.94866e-05 -1.67561e-05 1.07231e-05 
-3.07575e-05 -5.7511e-07 -6.81871e-06 
-4.05919e-05 1.02015e-06 -3.22578e-06 
-4.8632e-05 1.5495e-06 -3.44428e-06 
-5.64088e-05 1.85041e-06 -3.12877e-06 
-6.35753e-05 2.1201e-06 -2.87288e-06 
-7.00687e-05 2.36977e-06 -2.56517e-06 
-7.57803e-05 2.6012e-06 -2.21713e-06 
-8.06111e-05 2.81165e-06 -1.82683e-06 
-8.446e-05 2.99387e-06 -1.39494e-06 
-8.72291e-05 3.14633e-06 -9.2223e-07 
-8.8823e-05 3.26077e-06 -4.11526e-07 
-8.91563e-05 3.33373e-06 1.33631e-07 
-8.81507e-05 3.35901e-06 7.08548e-07 
-8.57432e-05 3.33277e-06 1.30752e-06 
-8.18822e-05 3.24893e-06 1.92376e-06 
-7.65384e-05 3.09837e-06 2.54775e-06 
-6.97036e-05 2.88239e-06 3.16987e-06 
-6.13954e-05 2.59256e-06 3.77778e-06 
-5.16618e-05 2.22899e-06 4.35851e-06 
-4.05677e-05 1.79133e-06 4.90011e-06 
-2.83365e-05 1.2811e-06 5.25408e-06 
-1.33265e-05 6.51201e-07 7.45452e-06 
1.18389e-05 -6.01066e-07 6.62523e-06 
2.51859e-05 -1.18215e-06 4.67517e-06 
3.60742e-05 -1.65417e-06 4.36484e-06 
4.59656e-05 -2.06236e-06 3.89017e-06 
5.46635e-05 -2.39707e-06 3.38037e-06 
6.21092e-05 -2.67083e-06 2.84706e-06 
6.82641e-05 -2.87672e-06 2.30207e-06 
7.31123e-05 -3.02413e-06 1.75499e-06 
7.666e-05 -3.11481e-06 1.21374e-06 
7.89285e-05 -3.15316e-06 6.85075e-07 
7.99562e-05 -3.14302e-06 1.75137e-07 
7.97942e-05 -3.0894e-06 -3.10181e-07 
7.85071e-05 -2.99455e-06 -7.67289e-07 
7.61651e-05 -2.86651e-06 -1.19334e-06 
7.28454e-05 -2.70859e-06 -1.58666e-06 
6.86268e-05 -2.52333e-06 -1.94512e-06 
6.35963e-05 -2.31626e-06 -2.26762e-06 
5.78371e-05 -2.0898e-06 -2.55549e-06 
5.14357e-05 -1.84027e-06 -2.80591e-06 
4.44703e-05 -1.62464e-06 -3.0393e-06 
3.70607e-05 -1.31361e-06 -3.17216e-06 
2.91693e-05 -4.86711e-06 -3.82563e-06 
1.8697e-05 -1.95056e-05 -6.0867e-06 
4.52117e-05 -0.000159306 3.32228e-05 
0.000339963 -0.00197861 6.57272e-05 
2.78917e-05 -0.00184336 -0.000168319 
5.50471e-06 -0.000108327 7.4117e-05 
-1.13115e-05 -1.67882e-05 -2.25554e-05 
-3.04187e-05 -6.37751e-07 1.26822e-06 
-3.71149e-05 1.2556e-06 -3.6847e-06 
-4.49507e-05 1.56817e-06 -2.92623e-06 
-5.20076e-05 1.83246e-06 -2.87203e-06 
-5.85637e-05 2.08252e-06 -2.61343e-06 
-6.44717e-05 2.32191e-06 -2.32934e-06 
-6.96461e-05 2.54019e-06 -2.00183e-06 
-7.39925e-05 2.73564e-06 -1.63597e-06 
-7.74207e-05 2.90544e-06 -1.23309e-06 
-7.98436e-05 3.04282e-06 -7.94333e-07 
-8.11787e-05 3.14472e-06 -3.22376e-07 
-8.13511e-05 3.20608e-06 1.78872e-07 
-8.0296e-05 3.22093e-06 7.0475e-07 
-7.79611e-05 3.18561e-06 1.24959e-06 
-7.43091e-05 3.09335e-06 1.80632e-06 
-6.93213e-05 2.94477e-06 2.36652e-06 
-6.3e-05 2.72977e-06 2.92076e-06 
-5.53707e-05 2.45013e-06 3.45899e-06 
-4.64833e-05 2.10494e-06 3.96866e-06 
-3.64097e-05 1.68797e-06 4.43719e-06 
-2.53621e-05 1.20201e-06 4.73425e-06 
-1.18953e-05 6.10996e-07 6.66462e-06 
1.05167e-05 -5.64602e-07 5.8949e-06 
2.24368e-05 -1.11277e-06 4.19477e-06 
3.22307e-05 -1.56113e-06 3.93638e-06 
4.11746e-05 -1.94631e-06 3.52767e-06 
4.90842e-05 -2.27133e-06 3.08276e-06 
5.58942e-05 -2.53026e-06 2.61212e-06 
6.15608e-05 -2.73383e-06 2.12747e-06 
6.60602e-05 -2.87925e-06 1.63679e-06 
6.93885e-05 -2.97302e-06 1.14823e-06 
7.15596e-05 -3.01707e-06 6.68885e-07 
7.26028e-05 -3.01518e-06 2.0432e-07 
7.25598e-05 -2.96999e-06 -2.39853e-07 
7.14849e-05 -2.88782e-06 -6.60479e-07 
6.94359e-05 -2.77093e-06 -1.05451e-06 
6.64813e-05 -2.6238e-06 -1.41914e-06 
6.26919e-05 -2.44947e-06 -1.75344e-06 
5.8143e-05 -2.25366e-06 -2.0548e-06 
5.29143e-05 -2.03612e-06 -2.32337e-06 
4.70826e-05 -1.81573e-06 -2.55886e-06 
4.07273e-05 -1.58543e-06 -2.76019e-06 
3.39388e-05 -2.24974e-06 -2.89228e-06 
2.67041e-05 -3.90367e-06 -3.16807e-06 
2.08006e-05 -7.52058e-05 -2.95519e-07 
6.47301e-06 -0.000271968 -2.12221e-05 
-0.000338203 -0.00611606 -0.000322916 
-0.000626077 -0.00640986 5.45283e-05 
2.18798e-05 -0.000336293 -8.37945e-05 
-2.30328e-05 -6.27648e-05 2.14915e-05 
-2.53283e-05 -3.38499e-06 -6.7437e-06 
-3.45962e-05 4.85508e-07 -1.90841e-06 
-4.11812e-05 1.46093e-06 -2.87082e-06 
-4.7707e-05 1.77465e-06 -2.5782e-06 
-5.36542e-05 2.02958e-06 -2.37504e-06 
-5.90079e-05 2.25691e-06 -2.10435e-06 
-6.36725e-05 2.46552e-06 -1.79882e-06 
-6.75636e-05 2.65162e-06 -1.45789e-06 
-7.06019e-05 2.80798e-06 -1.08449e-06 
-7.27102e-05 2.93382e-06 -6.79285e-07 
-7.38156e-05 3.0235e-06 -2.4533e-07 
-7.38549e-05 3.07302e-06 2.12971e-07 
-7.27749e-05 3.07797e-06 6.91648e-07 
-7.0532e-05 3.0359e-06 1.18499e-06 
-6.71004e-05 2.94219e-06 1.68615e-06 
-6.247e-05 2.79097e-06 2.1867e-06 
-5.66529e-05 2.58276e-06 2.67851e-06 
-4.96783e-05 2.31375e-06 3.15268e-06 
-4.1602e-05 1.97971e-06 3.59604e-06 
-3.25008e-05 1.58242e-06 3.99825e-06 
-2.25721e-05 1.1271e-06 4.24412e-06 
-1.05557e-05 5.70219e-07 5.92419e-06 
9.27607e-06 -5.29085e-07 5.20939e-06 
1.98542e-05 -1.04306e-06 3.74199e-06 
2.86151e-05 -1.46342e-06 3.53101e-06 
3.66595e-05 -1.83096e-06 3.18176e-06 
4.3813e-05 -2.1387e-06 2.79655e-06 
5.00098e-05 -2.39304e-06 2.38432e-06 
5.51985e-05 -2.59056e-06 1.95538e-06 
5.93512e-05 -2.73574e-06 1.51796e-06 
6.24553e-05 -2.83064e-06 1.07915e-06 
6.45173e-05 -2.87847e-06 6.46383e-07 
6.55592e-05 -2.8824e-06 2.25555e-07 
6.56143e-05 -2.84549e-06 -1.798e-07 
6.47237e-05 -2.77471e-06 -5.64948e-07 
6.29422e-05 -2.66768e-06 -9.2628e-07 
6.03274e-05 -2.53123e-06 -1.26236e-06 
5.69426e-05 -2.36682e-06 -1.57146e-06 
5.28533e-05 -2.17808e-06 -1.85168e-06 
4.81319e-05 -1.97165e-06 -2.10169e-06 
4.28487e-05 -1.74034e-06 -2.32782e-06 
3.70818e-05 -1.54496e-06 -2.52176e-06 
3.08385e-05 -1.31918e-06 -2.91457e-06 
2.45413e-05 -5.16851e-06 -2.67642e-06 
1.6842e-05 -2.43818e-05 -8.80434e-06 
1.325e-05 -0.000201074 9.22695e-06 
0.000300231 -0.00231912 0.00019083 
-1.28652e-05 -0.00781162 -0.000129286 
-0.000118743 -0.000266067 0.000173735 
9.29202e-07 -4.32993e-05 -6.25938e-05 
-2.70238e-05 -2.68464e-06 -4.68354e-07 
-3.08802e-05 1.04587e-06 -4.42921e-06 
-3.76595e-05 1.48685e-06 -2.56598e-06 
-4.34794e-05 1.74625e-06 -2.4091e-06 
-4.88756e-05 1.97521e-06 -2.14635e-06 
-5.36978e-05 2.19218e-06 -1.89332e-06 
-5.78803e-05 2.38749e-06 -1.60778e-06 
-6.13459e-05 2.55745e-06 -1.29251e-06 
-6.4024e-05 2.70235e-06 -9.48134e-07 
-6.58461e-05 2.81588e-06 -5.76251e-07 
-6.67503e-05 2.89389e-06 -1.79689e-07 
-6.66814e-05 2.9343e-06 2.37675e-07 
-6.55958e-05 2.9336e-06 6.7101e-07 
-6.34605e-05 2.88445e-06 1.11557e-06 
-6.02565e-05 2.7872e-06 1.56445e-06 
-5.5983e-05 2.63829e-06 2.00978e-06 
-5.06562e-05 2.43546e-06 2.44441e-06 
-4.43126e-05 2.17606e-06 2.85827e-06 
-3.70132e-05 1.85941e-06 3.24129e-06 
-2.88327e-05 1.48607e-06 3.58419e-06 
-1.99569e-05 1.05571e-06 3.78352e-06 
-9.30139e-06 5.34826e-07 5.23072e-06 
8.1133e-06 -4.96218e-07 4.56751e-06 
1.7434e-05 -9.76972e-07 3.31654e-06 
2.52211e-05 -1.37532e-06 3.14778e-06 
3.24135e-05 -1.72073e-06 2.85375e-06 
3.88482e-05 -2.01469e-06 2.5229e-06 
4.44543e-05 -2.2552e-06 2.16427e-06 
4.91798e-05 -2.44522e-06 1.78701e-06 
5.29891e-05 -2.58856e-06 1.39908e-06 
5.58667e-05 -2.68384e-06 1.0079e-06 
5.78115e-05 -2.73439e-06 6.18937e-07 
5.88367e-05 -2.74523e-06 2.39105e-07 
5.89698e-05 -2.71747e-06 -1.27889e-07 
5.82449e-05 -2.65017e-06 -4.78397e-07 
5.67071e-05 -2.55358e-06 -8.08831e-07 
5.44057e-05 -2.42802e-06 -1.1169e-06 
5.13989e-05 -2.27652e-06 -1.39984e-06 
4.77466e-05 -2.09916e-06 -1.65753e-06 
4.35096e-05 -1.90076e-06 -1.889e-06 
3.87574e-05 -1.69486e-06 -2.0859e-06 
3.35382e-05 -1.50065e-06 -2.28554e-06 
2.81272e-05 -2.05037e-06 -2.04178e-06 
2.14535e-05 -5.50071e-06 -3.94899e-06 
3.05363e-05 -7.81769e-05 2.04867e-05 
-5.05735e-05 -0.00034214 -0.000142372 
-0.000638595 -0.00716709 -0.000154082 
-0.00011137 -0.00728485 6.88986e-06 
0.000107646 -0.000288249 -0.000154206 
-2.35701e-05 -7.33121e-05 2.23109e-05 
-2.11091e-05 -3.57281e-06 -3.34861e-06 
-2.86007e-05 3.31846e-07 -1.56958e-06 
-3.4093e-05 1.37658e-06 -2.24593e-06 
-3.9407e-05 1.67207e-06 -2.09517e-06 
-4.42425e-05 1.90521e-06 -1.91967e-06 
-4.85603e-05 2.11172e-06 -1.68924e-06 
-5.22881e-05 2.29678e-06 -1.42872e-06 
-5.53577e-05 2.4583e-06 -1.13944e-06 
-5.77044e-05 2.59055e-06 -8.23773e-07 
-5.92685e-05 2.69253e-06 -4.84369e-07 
-5.99964e-05 2.76173e-06 -1.24184e-07 
-5.98419e-05 2.79247e-06 2.5379e-07 
-5.87684e-05 2.78249e-06 6.44281e-07 
-5.67522e-05 2.7312e-06 1.04256e-06 
-5.37808e-05 2.63286e-06 1.44262e-06 
-4.98588e-05 2.48699e-06 1.83702e-06 
-4.50083e-05 2.29055e-06 2.2184e-06 
-3.92703e-05 2.04263e-06 2.57763e-06 
-3.27073e-05 1.7426e-06 2.90597e-06 
-2.53963e-05 1.38867e-06 3.19321e-06 
-1.75135e-05 9.83495e-07 3.35077e-06 
-8.13067e-06 4.97234e-07 4.58345e-06 
7.02767e-06 -4.60615e-07 3.96747e-06 
1.51705e-05 -9.11695e-07 2.91705e-06 
2.20413e-05 -1.28461e-06 2.78713e-06 
2.843e-05 -1.61086e-06 2.54304e-06 
3.41809e-05 -1.88955e-06 2.26239e-06 
3.9225e-05 -2.11903e-06 1.95347e-06 
4.35031e-05 -2.30403e-06 1.62335e-06 
4.69762e-05 -2.44247e-06 1.28132e-06 
4.96258e-05 -2.53828e-06 9.34503e-07 
5.14459e-05 -2.59299e-06 5.87759e-07 
5.24431e-05 -2.60614e-06 2.46732e-07 
5.26377e-05 -2.58353e-06 -8.39917e-08 
5.20583e-05 -2.529e-06 -4.00935e-07 
5.07416e-05 -2.44142e-06 -7.00638e-07 
4.87323e-05 -2.32232e-06 -9.8093e-07 
4.60789e-05 -2.17869e-06 -1.23915e-06 
4.28376e-05 -2.01221e-06 -1.4741e-06 
3.90628e-05 -1.82465e-06 -1.68645e-06 
3.48085e-05 -1.62387e-06 -1.88235e-06 
3.01453e-05 -1.45291e-06 -2.04554e-06 
2.50628e-05 -1.89138e-06 -2.46749e-06 
1.98101e-05 -6.3179e-06 -2.47991e-06 
1.67895e-05 -8.25953e-05 -4.92465e-06 
-2.64798e-05 -0.000359081 -5.97221e-05 
-8.96867e-05 -0.0081231 -6.14048e-05 
0.000365299 -0.00617045 -7.6457e-06 
0.000158737 -0.000327776 -0.000257179 
-3.79447e-05 -6.08833e-05 3.36174e-05 
-1.9145e-05 -3.45659e-06 -3.19206e-06 
-2.58956e-05 5.3641e-07 -1.59651e-06 
-3.07102e-05 1.3414e-06 -2.0298e-06 
-3.54533e-05 1.61795e-06 -1.88982e-06 
-3.9772e-05 1.83668e-06 -1.71405e-06 
-4.36151e-05 2.02929e-06 -1.50046e-06 
-4.69157e-05 2.20263e-06 -1.26131e-06 
-4.96162e-05 2.34989e-06 -9.97983e-07 
-5.16591e-05 2.47153e-06 -7.1047e-07 
-5.29897e-05 2.56507e-06 -4.02768e-07 
-5.35648e-05 2.62296e-06 -7.75951e-08 
-5.3344e-05 2.64753e-06 2.6246e-07 
-5.22984e-05 2.63293e-06 6.12565e-07 
-5.04086e-05 2.57794e-06 9.67843e-07 
-4.76703e-05 2.48058e-06 1.32187e-06 
-4.40933e-05 2.33726e-06 1.66894e-06 
-3.97026e-05 2.14885e-06 2.00129e-06 
-3.45432e-05 1.91178e-06 2.311e-06 
-2.86776e-05 1.62868e-06 2.58886e-06 
-2.21876e-05 1.2952e-06 2.82561e-06 
-1.52351e-05 9.18136e-07 2.94592e-06 
-7.0413e-06 4.62739e-07 3.98015e-06 
6.01914e-06 -4.28149e-07 3.40901e-06 
1.30626e-05 -8.47396e-07 2.54319e-06 
1.90753e-05 -1.19623e-06 2.44873e-06 
2.47083e-05 -1.502e-06 2.25058e-06 
2.98137e-05 -1.76293e-06 2.01483e-06 
3.43189e-05 -1.98461e-06 1.75072e-06 
3.8166e-05 -2.1606e-06 1.46541e-06 
4.13135e-05 -2.29444e-06 1.16609e-06 
4.37359e-05 -2.38965e-06 8.59736e-07 
4.54247e-05 -2.44572e-06 5.52883e-07 
4.63838e-05 -2.46448e-06 2.4879e-07 
4.66237e-05 -2.44984e-06 -4.77551e-08 
4.61699e-05 -2.39965e-06 -3.31834e-07 
4.50545e-05 -2.31913e-06 -6.01375e-07 
4.33154e-05 -2.21262e-06 -8.54081e-07 
4.0994e-05 -2.07875e-06 -1.0882e-06 
3.81384e-05 -1.92305e-06 -1.30144e-06 
3.47985e-05 -1.74727e-06 -1.49373e-06 
3.10274e-05 -1.55531e-06 -1.65935e-06 
2.68672e-05 -1.40041e-06 -1.82315e-06 
2.24723e-05 -1.79335e-06 -1.72639e-06 
1.72693e-05 -6.80392e-06 -2.81374e-06 
1.52669e-05 -7.83649e-05 5.62346e-06 
-1.29604e-06 -0.000404119 -2.86854e-05 
3.07771e-05 -0.00760597 1.60608e-05 
0.000190434 -0.00122556 4.60486e-05 
2.97141e-05 -0.00017292 -5.42727e-05 
-2.06094e-05 -1.42196e-05 -2.60103e-06 
-1.8686e-05 -1.40302e-06 -1.27959e-06 
-2.28667e-05 1.02155e-06 -2.35071e-06 
-2.74553e-05 1.33939e-06 -1.83946e-06 
-3.16451e-05 1.56096e-06 -1.7032e-06 
-3.5477e-05 1.75989e-06 -1.51889e-06 
-3.8872e-05 1.94265e-06 -1.32351e-06 
-4.17747e-05 2.10228e-06 -1.10561e-06 
-4.4133e-05 2.24109e-06 -8.67006e-07 
-4.58961e-05 2.35333e-06 -6.07545e-07 
-4.70175e-05 2.43445e-06 -3.30542e-07 
-4.74595e-05 2.48768e-06 -3.87958e-08 
-4.71895e-05 2.50355e-06 2.64819e-07 
-4.61841e-05 2.48437e-06 5.76457e-07 
-4.44289e-05 2.42597e-06 8.9115e-07 
-4.19242e-05 2.32712e-06 1.20315e-06 
-3.86828e-05 2.18933e-06 1.50631e-06 
-3.47346e-05 2.00688e-06 1.7939e-06 
-3.0125e-05 1.78375e-06 2.05827e-06 
-2.49193e-05 1.51472e-06 2.29012e-06 
-1.91991e-05 1.20416e-06 2.48185e-06 
-1.31155e-05 8.5062e-07 2.56837e-06 
-6.0284e-06 4.29389e-07 3.41927e-06 
5.08461e-06 -3.95131e-07 2.89144e-06 
1.11073e-05 -7.84635e-07 2.19537e-06 
1.63199e-05 -1.10782e-06 2.13243e-06 
2.12451e-05 -1.39423e-06 1.97604e-06 
2.5743e-05 -1.64148e-06 1.78139e-06 
2.97385e-05 -1.8463e-06 1.55768e-06 
3.31725e-05 -2.01613e-06 1.31288e-06 
3.6003e-05 -2.14773e-06 1.05322e-06 
3.82014e-05 -2.24054e-06 7.85104e-07 
3.97557e-05 -2.29723e-06 5.1448e-07 
4.06645e-05 -2.32109e-06 2.45487e-07 
4.09372e-05 -2.30881e-06 -1.71551e-08 
4.05938e-05 -2.26711e-06 -2.7032e-07 
3.96592e-05 -2.19689e-06 -5.1153e-07 
3.81659e-05 -2.09862e-06 -7.37496e-07 
3.61525e-05 -1.97407e-06 -9.47587e-07 
3.36568e-05 -1.82929e-06 -1.14009e-06 
3.07262e-05 -1.66397e-06 -1.31231e-06 
2.74075e-05 -1.48795e-06 -1.46952e-06 
2.37532e-05 -1.32751e-06 -1.6073e-06 
1.9695e-05 -1.90183e-06 -1.96918e-06 
1.57797e-05 -5.22027e-06 -1.50841e-06 
-8.35901e-07 -7.72625e-05 -1.83889e-05 
3.84833e-05 -0.000334027 8.66583e-05 
0.000474636 -0.00656825 1.53915e-05 
5.80464e-05 -0.00171706 -8.61497e-05 
-7.77158e-06 -0.000157143 -1.15068e-05 
-7.1753e-06 -1.62065e-05 -2.91662e-06 
-1.55362e-05 -1.21355e-06 -3.41414e-06 
-2.03046e-05 9.36414e-07 -1.5978e-06 
-2.42807e-05 1.27312e-06 -1.6654e-06 
-2.80077e-05 1.49158e-06 -1.47961e-06 
-3.13713e-05 1.67808e-06 -1.33138e-06 
-3.43436e-05 1.84952e-06 -1.15572e-06 
-3.68746e-05 2.00019e-06 -9.60886e-07 
-3.89157e-05 2.12662e-06 -7.46524e-07 
-4.04241e-05 2.22759e-06 -5.14823e-07 
-4.13599e-05 2.30085e-06 -2.67501e-07 
-4.16889e-05 2.34212e-06 -7.49695e-09 
-4.13846e-05 2.354e-06 2.62211e-07 
-4.04283e-05 2.33207e-06 5.37201e-07 
-3.88134e-05 2.27259e-06 8.13384e-07 
-3.6541e-05 2.17677e-06 1.08632e-06 
-3.3627e-05 2.03993e-06 1.34944e-06 
-3.01024e-05 1.86766e-06 1.59632e-06 
-2.60143e-05 1.6544e-06 1.81944e-06 
-2.14293e-05 1.40417e-06 2.0101e-06 
-1.64289e-05 1.11262e-06 2.16126e-06 
-1.11542e-05 7.86278e-07 2.21752e-06 
-5.09287e-06 3.94656e-07 2.90057e-06 
4.22191e-06 -3.6471e-07 2.41432e-06 
9.30348e-06 -7.20812e-07 1.8743e-06 
1.37753e-05 -1.02009e-06 1.83824e-06 
1.8039e-05 -1.28685e-06 1.71861e-06 
2.19662e-05 -1.51667e-06 1.56158e-06 
2.54803e-05 -1.71472e-06 1.37484e-06 
2.8521e-05 -1.8742e-06 1.16643e-06 
3.10442e-05 -2.00026e-06 9.42938e-07 
3.30219e-05 -2.09204e-06 7.10379e-07 
3.44384e-05 -2.15066e-06 4.73767e-07 
3.52897e-05 -2.17599e-06 2.38293e-07 
3.55835e-05 -2.17094e-06 7.16716e-09 
3.53327e-05 -2.13562e-06 -2.16846e-07 
3.4559e-05 -2.07158e-06 -4.30175e-07 
3.32908e-05 -1.98155e-06 -6.30546e-07 
3.15609e-05 -1.86943e-06 -8.16743e-07 
2.94039e-05 -1.73112e-06 -9.8686e-07 
2.68607e-05 -1.5734e-06 -1.13725e-06 
2.3971e-05 -1.40073e-06 -1.26142e-06 
2.07941e-05 -1.24103e-06 -1.28531e-06 
1.72451e-05 -1.20811e-06 -1.22275e-06 
1.41818e-05 -3.78562e-06 1.60522e-06 
-1.35557e-06 -2.07608e-05 -7.65894e-06 
3.43722e-05 -0.000162435 0.00011877 
0.000252515 -0.00130078 2.83902e-05 
-9.30869e-05 -0.00564118 -2.03264e-05 
-0.000103176 -0.000165912 8.28119e-05 
3.63448e-09 -3.81503e-05 -3.8698e-05 
-1.49379e-05 -9.40845e-07 -3.17647e-06 
-1.75618e-05 5.97544e-07 -2.74884e-06 
-2.13039e-05 1.20429e-06 -1.53158e-06 
-2.45281e-05 1.4106e-06 -1.33257e-06 
-2.74623e-05 1.59468e-06 -1.16044e-06 
-3.00394e-05 1.75357e-06 -1.00121e-06 
-3.22245e-05 1.89255e-06 -8.27327e-07 
-3.39753e-05 2.00878e-06 -6.36699e-07 
-3.52522e-05 2.10144e-06 -4.31287e-07 
-3.60229e-05 2.16572e-06 -2.127e-07 
-3.62571e-05 2.20371e-06 1.67887e-08 
-3.59336e-05 2.2074e-06 2.5413e-07 
-3.50364e-05 2.17914e-06 4.95632e-07 
-3.35629e-05 2.12e-06 7.36251e-07 
-3.15188e-05 2.02423e-06 9.72496e-07 
-2.89209e-05 1.89641e-06 1.19885e-06 
-2.58009e-05 1.72994e-06 1.40826e-06 
-2.22074e-05 1.52953e-06 1.59422e-06 
-1.82045e-05 1.29271e-06 1.7487e-06 
-1.38742e-05 1.0239e-06 1.86352e-06 
-9.34941e-06 7.19965e-07 1.89299e-06 
-4.2335e-06 3.62287e-07 2.42372e-06 
3.43544e-06 -3.27897e-07 1.97813e-06 
7.65326e-06 -6.56421e-07 1.5783e-06 
1.14406e-05 -9.32164e-07 1.56608e-06 
1.50904e-05 -1.17897e-06 1.4788e-06 
1.84835e-05 -1.39557e-06 1.35504e-06 
2.15431e-05 -1.57757e-06 1.20129e-06 
2.42083e-05 -1.73226e-06 1.02618e-06 
2.6437e-05 -1.85264e-06 8.36297e-07 
2.81985e-05 -1.94213e-06 6.36022e-07 
2.94749e-05 -2.00136e-06 4.31236e-07 
3.02616e-05 -2.03041e-06 2.26646e-07 
3.0563e-05 -2.02912e-06 2.5242e-08 
3.039e-05 -1.99994e-06 -1.69881e-07 
2.97607e-05 -1.94345e-06 -3.56616e-07 
2.86975e-05 -1.86211e-06 -5.32632e-07 
2.72289e-05 -1.7564e-06 -6.95622e-07 
2.53875e-05 -1.63042e-06 -8.45394e-07 
2.32045e-05 -1.48639e-06 -9.82305e-07 
2.07172e-05 -1.32416e-06 -1.10502e-06 
1.79569e-05 -1.16272e-06 -1.24368e-06 
1.50705e-05 -1.20087e-06 -1.2907e-06 
1.172e-05 -3.23468e-06 -2.46658e-06 
1.81262e-05 -2.43353e-05 7.69723e-06 
3.23214e-06 -0.000145222 -5.02685e-05 
1.1856e-05 -0.00201878 0.000113161 
0.000165112 -0.000606884 -2.86274e-05 
-1.81631e-05 -2.036e-05 -4.00796e-05 
-1.51133e-05 -9.08127e-06 1.05615e-05 
-1.15853e-05 -2.81074e-07 -3.40121e-06 
-1.55572e-05 8.8835e-07 -1.08171e-06 
-1.84355e-05 1.14515e-06 -1.26857e-06 
-2.1243e-05 1.34164e-06 -1.11105e-06 
-2.37588e-05 1.50527e-06 -9.93804e-07 
-2.59698e-05 1.65287e-06 -8.55841e-07 
-2.7834e-05 1.78233e-06 -7.03344e-07 
-2.93166e-05 1.89028e-06 -5.3635e-07 
-3.03844e-05 1.97253e-06 -3.56587e-07 
-3.10089e-05 2.03036e-06 -1.65302e-07 
-3.11644e-05 2.05751e-06 3.51435e-08 
-3.08342e-05 2.05947e-06 2.40958e-07 
-3.00073e-05 2.0278e-06 4.50894e-07 
-2.86783e-05 1.96611e-06 6.59422e-07 
-2.68584e-05 1.87372e-06 8.62061e-07 
-2.45643e-05 1.74744e-06 1.05471e-06 
-2.18297e-05 1.59096e-06 1.23055e-06 
-1.87011e-05 1.40261e-06 1.38294e-06 
-1.52433e-05 1.18323e-06 1.50516e-06 
-1.15335e-05 9.33628e-07 1.58868e-06 
-7.69916e-06 6.5721e-07 1.59507e-06 
-3.44837e-06 3.28981e-07 1.98815e-06 
2.72474e-06 -2.97935e-07 1.58313e-06 
6.157e-06 -5.92263e-07 1.30761e-06 
9.31735e-06 -8.43288e-07 1.31651e-06 
1.24028e-05 -1.06828e-06 1.25709e-06 
1.52987e-05 -1.26778e-06 1.1618e-06 
1.7932e-05 -1.44186e-06 1.0376e-06 
2.02407e-05 -1.58536e-06 8.91844e-07 
2.21841e-05 -1.70397e-06 7.32391e-07 
2.37338e-05 -1.79178e-06 5.62579e-07 
2.48701e-05 -1.85019e-06 3.87353e-07 
2.55867e-05 -1.88e-06 2.11667e-07 
2.58859e-05 -1.88365e-06 3.8296e-08 
2.57759e-05 -1.8605e-06 -1.30059e-07 
2.52725e-05 -1.81223e-06 -2.91002e-07 
2.43947e-05 -1.73888e-06 -4.43143e-07 
2.3166e-05 -1.64408e-06 -5.8457e-07 
2.16131e-05 -1.52885e-06 -7.14158e-07 
1.97648e-05 -1.39317e-06 -8.3142e-07 
1.76548e-05 -1.24703e-06 -9.27395e-07 
1.53016e-05 -1.12371e-06 -1.02141e-06 
1.29525e-05 -1.51175e-06 -6.57806e-07 
9.4281e-06 -4.94375e-06 -2.12978e-06 
2.30319e-05 -7.03695e-05 2.5129e-05 
-5.78336e-05 -0.000302391 -0.000137361 
-0.000516241 -0.00719377 3.35771e-05 
-6.07044e-05 -0.001234 0.000124321 
-1.85511e-05 -8.35192e-05 -1.2199e-05 
-5.00922e-06 -1.33917e-05 -5.16977e-06 
-1.01202e-05 -4.3156e-07 -3.06605e-06 
-1.3208e-05 7.32839e-07 -1.21038e-06 
-1.57527e-05 1.08576e-06 -1.09995e-06 
-1.81344e-05 1.25817e-06 -9.4997e-07 
-2.02705e-05 1.41481e-06 -8.42651e-07 
-2.21405e-05 1.5524e-06 -7.2247e-07 
-2.37095e-05 1.66978e-06 -5.89794e-07 
-2.49472e-05 1.76664e-06 -4.45371e-07 
-2.58271e-05 1.84089e-06 -2.90123e-07 
-2.63239e-05 1.88998e-06 -1.25395e-07 
-2.64183e-05 1.91293e-06 4.72047e-08 
-2.60925e-05 1.90721e-06 2.24762e-07 
-2.53404e-05 1.87619e-06 4.04193e-07 
-2.41597e-05 1.81318e-06 5.82628e-07 
-2.2559e-05 1.72258e-06 7.54999e-07 
-2.05582e-05 1.60287e-06 9.16822e-07 
-1.81891e-05 1.45362e-06 1.06271e-06 
-1.54969e-05 1.27683e-06 1.1861e-06 
-1.2544e-05 1.07413e-06 1.27979e-06 
-9.40775e-06 8.43757e-07 1.33625e-06 
-6.20388e-06 5.90808e-07 1.32357e-06 
-2.73963e-06 2.94551e-07 1.59378e-06 
2.08952e-06 -2.61058e-07 1.22994e-06 
4.81704e-06 -5.26049e-07 1.06359e-06 
7.40902e-06 -7.52448e-07 1.08852e-06 
9.97615e-06 -9.60802e-07 1.05299e-06 
1.24136e-05 -1.14409e-06 9.8207e-07 
1.46463e-05 -1.30566e-06 8.83439e-07 
1.66192e-05 -1.44298e-06 7.64908e-07 
1.82906e-05 -1.55199e-06 6.31727e-07 
1.96319e-05 -1.63898e-06 4.89525e-07 
2.06275e-05 -1.69819e-06 3.42262e-07 
2.12684e-05 -1.73222e-06 1.93343e-07 
2.15551e-05 -1.73972e-06 4.65492e-08 
2.14955e-05 -1.72084e-06 -9.66153e-08 
2.11004e-05 -1.67877e-06 -2.33489e-07 
2.03875e-05 -1.61441e-06 -3.62766e-07 
1.93756e-05 -1.52814e-06 -4.83183e-07 
1.80886e-05 -1.42111e-06 -5.93468e-07 
1.65507e-05 -1.29841e-06 -6.93494e-07 
1.47863e-05 -1.16403e-06 -7.88323e-07 
1.2832e-05 -1.03945e-06 -8.69151e-07 
1.05818e-05 -1.59108e-06 -1.2375e-06 
8.59811e-06 -4.03971e-06 -6.44559e-07 
-3.86512e-06 -7.53814e-05 -1.59061e-05 
1.03498e-05 -0.000243187 5.3164e-05 
0.000423692 -0.00689564 0.000175029 
-2.21624e-05 -0.00218694 -0.000126542 
-7.12959e-05 -0.000121401 0.000160477 
1.32282e-05 -2.0794e-05 -3.69292e-05 
-1.01348e-05 -1.76274e-06 2.12797e-06 
-1.07737e-05 7.39516e-07 -1.6019e-06 
-1.32676e-05 9.97258e-07 -8.01207e-07 
-1.52167e-05 1.17943e-06 -8.00601e-07 
-1.70051e-05 1.31941e-06 -6.99046e-07 
-1.85593e-05 1.4451e-06 -5.99767e-07 
-1.98598e-05 1.55224e-06 -4.87325e-07 
-2.08781e-05 1.63869e-06 -3.6398e-07 
-2.15908e-05 1.70405e-06 -2.31955e-07 
-2.19784e-05 1.74583e-06 -9.18267e-08 
-2.20229e-05 1.76481e-06 5.45762e-08 
-2.17128e-05 1.75641e-06 2.04844e-07 
-2.10407e-05 1.72063e-06 3.5665e-07 
-2.00075e-05 1.6593e-06 5.0717e-07 
-1.86202e-05 1.57127e-06 6.5168e-07 
-1.69003e-05 1.45541e-06 7.85647e-07 
-1.48768e-05 1.31607e-06 9.04683e-07 
-1.25934e-05 1.15056e-06 1.00279e-06 
-1.01077e-05 9.62773e-07 1.0726e-06 
-7.49618e-06 7.54512e-07 1.1057e-06 
-4.86661e-06 5.24947e-07 1.07788e-06 
-2.10737e-06 2.61886e-07 1.24176e-06 
1.53386e-06 -2.27567e-07 9.19738e-07 
3.63733e-06 -4.58196e-07 8.45264e-07 
5.71778e-06 -6.61677e-07 8.8258e-07 
7.81404e-06 -8.46785e-07 8.65907e-07 
9.82756e-06 -1.018e-06 8.15563e-07 
1.16893e-05 -1.16665e-06 7.3954e-07 
1.33458e-05 -1.29392e-06 6.4427e-07 
1.47574e-05 -1.40239e-06 5.35065e-07 
1.58973e-05 -1.48415e-06 4.17663e-07 
1.67508e-05 -1.54414e-06 2.95596e-07 
1.731e-05 -1.57889e-06 1.72052e-07 
1.7576e-05 -1.58865e-06 5.01993e-08 
1.75538e-05 -1.57665e-06 -6.88619e-08 
1.72523e-05 -1.54092e-06 -1.83153e-07 
1.66857e-05 -1.48317e-06 -2.90609e-07 
1.58711e-05 -1.40446e-06 -3.90584e-07 
1.48265e-05 -1.30911e-06 -4.82604e-07 
1.35723e-05 -1.19598e-06 -5.63701e-07 
1.21303e-05 -1.06843e-06 -6.3267e-07 
1.05367e-05 -9.63857e-07 -6.39743e-07 
8.65066e-06 -9.5388e-07 -7.70711e-07 
7.41495e-06 -3.88215e-06 1.27743e-06 
-7.79818e-06 -1.90712e-05 -1.51837e-05 
4.07959e-05 -0.000168901 0.000109116 
0.000132315 -0.00129203 -0.000264603 
-0.000207588 -0.00578335 7.4391e-05 
3.17082e-05 -0.000276526 -8.06164e-05 
-1.28756e-05 -6.8919e-05 1.72598e-05 
-6.15389e-06 -2.64134e-06 -3.31971e-06 
-9.32439e-06 -8.22032e-08 -3.29862e-07 
-1.08691e-05 8.93294e-07 -7.67935e-07 
-1.25186e-05 1.07337e-06 -6.39093e-07 
-1.39709e-05 1.21797e-06 -5.73408e-07 
-1.52396e-05 1.333e-06 -4.87925e-07 
-1.62944e-05 1.43159e-06 -3.94353e-07 
-1.71157e-05 1.50971e-06 -2.91933e-07 
-1.7682e-05 1.56673e-06 -1.81542e-07 
-1.79768e-05 1.60213e-06 -6.4611e-08 
-1.79851e-05 1.61364e-06 5.72152e-08 
-1.7699e-05 1.6015e-06 1.82051e-07 
-1.71127e-05 1.56504e-06 3.08045e-07 
-1.62266e-05 1.50301e-06 4.32613e-07 
-1.50482e-05 1.41591e-06 5.51775e-07 
-1.35964e-05 1.30751e-06 6.61462e-07 
-1.18977e-05 1.17506e-06 7.57196e-07 
-9.99417e-06 1.02264e-06 8.33025e-07 
-7.93905e-06 8.50638e-07 8.82786e-07 
-5.80401e-06 6.60641e-07 8.9774e-07 
-3.68953e-06 4.57411e-07 8.58477e-07 
-1.55448e-06 2.24328e-07 9.32723e-07 
1.0581e-06 -1.9068e-07 6.53665e-07 
2.62132e-06 -3.89535e-07 6.53514e-07 
4.24892e-06 -5.66225e-07 6.98389e-07 
5.92087e-06 -7.35914e-07 6.96418e-07 
7.5486e-06 -8.87165e-07 6.6263e-07 
9.0664e-06 -1.02616e-06 6.04966e-07 
1.04246e-05 -1.14845e-06 5.29614e-07 
1.15876e-05 -1.24814e-06 4.42453e-07 
1.25337e-05 -1.32853e-06 3.47855e-07 
1.32475e-05 -1.38613e-06 2.4892e-07 
1.37237e-05 -1.42066e-06 1.49014e-07 
1.39617e-05 -1.43482e-06 4.97767e-08 
1.3965e-05 -1.42624e-06 -4.69708e-08 
1.37417e-05 -1.39643e-06 -1.3971e-07 
1.33032e-05 -1.34738e-06 -2.26922e-07 
1.26634e-05 -1.28e-06 -3.08167e-07 
1.1837e-05 -1.19303e-06 -3.83259e-07 
1.08402e-05 -1.08993e-06 -4.52203e-07 
9.69269e-06 -9.73337e-07 -5.16508e-07 
8.4049e-06 -8.47421e-07 -6.0899e-07 
7.11238e-06 -9.48246e-07 -6.25694e-07 
5.43552e-06 -2.67549e-06 -1.89182e-06 
1.43697e-05 -2.55536e-05 9.27758e-06 
1.29875e-05 -0.000148804 -4.37613e-05 
-2.22035e-06 -0.00198207 7.89072e-05 
0.000247028 -0.00189903 2.68276e-05 
2.36071e-05 -0.000143892 -7.2851e-05 
-1.07964e-05 -1.28794e-05 7.55723e-06 
-5.3977e-06 -1.98246e-06 -1.74571e-06 
-7.38293e-06 8.39903e-07 -5.80727e-07 
-8.72242e-06 8.60988e-07 -5.90014e-07 
-1.00245e-05 1.00627e-06 -5.18619e-07 
-1.11853e-05 1.11331e-06 -4.56059e-07 
-1.21927e-05 1.21763e-06 -3.8714e-07 
-1.30273e-05 1.30281e-06 -3.10816e-07 
-1.36715e-05 1.37289e-06 -2.27902e-07 
-1.41099e-05 1.42217e-06 -1.38233e-07 
-1.43267e-05 1.45218e-06 -4.32719e-08 
-1.43127e-05 1.45841e-06 5.52478e-08 
-1.40586e-05 1.44359e-06 1.57266e-07 
-1.35597e-05 1.40682e-06 2.59258e-07 
-1.28194e-05 1.34674e-06 3.59568e-07 
-1.18433e-05 1.26422e-06 4.56206e-07 
-1.06457e-05 1.16005e-06 5.44138e-07 
-9.25278e-06 1.03606e-06 6.19569e-07 
-7.69983e-06 8.95704e-07 6.77167e-07 
-6.03809e-06 7.38495e-07 7.10283e-07 
-4.33335e-06 5.68274e-07 7.11789e-07 
-2.67488e-06 3.88791e-07 6.6564e-07 
-1.08157e-06 1.90523e-07 6.6717e-07 
6.67795e-07 -1.51232e-07 4.32568e-07 
1.7727e-06 -3.18262e-07 4.87532e-07 
3.00498e-06 -4.73377e-07 5.36225e-07 
4.30042e-06 -6.18344e-07 5.44338e-07 
5.5788e-06 -7.59026e-07 5.22469e-07 
6.77818e-06 -8.86623e-07 4.79906e-07 
7.85913e-06 -9.96437e-07 4.23003e-07 
8.79002e-06 -1.09102e-06 3.54686e-07 
9.54968e-06 -1.16705e-06 2.80279e-07 
1.01278e-05 -1.22317e-06 2.02951e-07 
1.05195e-05 -1.25963e-06 1.24087e-07 
1.07225e-05 -1.2753e-06 4.57136e-08 
1.0741e-05 -1.27148e-06 -3.0166e-08 
1.05821e-05 -1.24742e-06 -1.02864e-07 
1.02539e-05 -1.20487e-06 -1.71376e-07 
9.76764e-06 -1.14405e-06 -2.35197e-07 
9.13525e-06 -1.06885e-06 -2.93512e-07 
8.36995e-06 -9.7843e-07 -3.46058e-07 
7.48839e-06 -8.81125e-07 -3.81769e-07 
6.48981e-06 -8.25048e-07 -4.18703e-07 
5.6293e-06 -1.27997e-06 1.32463e-07 
3.77212e-06 -5.78885e-06 -8.6742e-07 
1.87568e-05 -7.04094e-05 2.93765e-05 
-4.70047e-05 -0.000414651 -0.000104043 
-0.000491712 -0.00685819 7.86776e-05 
-0.000124822 -0.00609633 0.000198807 
-8.65376e-05 -0.000238798 7.38865e-05 
7.86691e-06 -4.13632e-05 -3.63075e-05 
-5.24639e-06 -1.94865e-06 -2.27704e-06 
-5.41015e-06 1.39553e-07 -1.62681e-06 
-6.75817e-06 7.52976e-07 -5.6734e-07 
-7.75654e-06 8.8845e-07 -4.33254e-07 
-8.65883e-06 1.00185e-06 -3.55247e-07 
-9.43279e-06 1.09273e-06 -2.97671e-07 
-1.00723e-05 1.17048e-06 -2.37639e-07 
-1.05626e-05 1.22898e-06 -1.72377e-07 
-1.08907e-05 1.27191e-06 -1.01804e-07 
-1.10447e-05 1.29415e-06 -2.71522e-08 
-1.10171e-05 1.29847e-06 5.06014e-08 
-1.07999e-05 1.28248e-06 1.30573e-07 
-1.03915e-05 1.24282e-06 2.10796e-07 
-9.79213e-06 1.18485e-06 2.90048e-07 
-9.00735e-06 1.10687e-06 3.65608e-07 
-8.0501e-06 1.00961e-06 4.34033e-07 
-6.942e-06 8.95238e-07 4.91821e-07 
-5.71333e-06 7.64407e-07 5.34258e-07 
-4.40875e-06 6.23066e-07 5.54981e-07 
-3.08758e-06 4.72584e-07 5.4728e-07 
-1.82822e-06 3.1739e-07 4.98758e-07 
-6.92549e-07 1.50358e-07 4.46935e-07 
3.63042e-07 -1.14593e-07 2.57548e-07 
1.09521e-06 -2.45926e-07 3.47818e-07 
1.98989e-06 -3.74107e-07 3.95693e-07 
2.95419e-06 -5.05911e-07 4.08458e-07 
3.917e-06 -6.29753e-07 3.9588e-07 
4.82919e-06 -7.41925e-07 3.66094e-07 
5.65518e-06 -8.45806e-07 3.23935e-07 
6.36932e-06 -9.32758e-07 2.72569e-07 
6.95417e-06 -1.00316e-06 2.16302e-07 
7.40214e-06 -1.05603e-06 1.57864e-07 
7.70805e-06 -1.09196e-06 9.81256e-08 
7.87236e-06 -1.10894e-06 3.91075e-08 
7.89783e-06 -1.10691e-06 -1.77821e-08 
7.79009e-06 -1.08895e-06 -7.25174e-08 
7.55471e-06 -1.05384e-06 -1.24021e-07 
7.20122e-06 -1.00372e-06 -1.71759e-07 
6.73764e-06 -9.38129e-07 -2.15665e-07 
6.1751e-06 -8.60705e-07 -2.54238e-07 
5.52028e-06 -7.76063e-07 -2.95906e-07 
4.80471e-06 -6.98711e-07 -2.90839e-07 
3.8192e-06 -1.26846e-06 -7.23673e-07 
3.57719e-06 -3.65097e-06 1.17178e-06 
-1.05732e-05 -7.19303e-05 -2.05379e-05 
1.79625e-06 -0.000251121 7.45229e-05 
0.000457807 -0.00683917 0.00013626 
0.000178233 -0.00108411 -0.000133886 
-6.14813e-05 -3.63033e-05 4.21589e-05 
-5.36019e-06 -1.45677e-05 7.18772e-06 
-3.45547e-06 -8.43166e-07 -6.61176e-07 
-4.28373e-06 4.15702e-07 -9.59776e-08 
-5.00507e-06 6.63112e-07 -3.36132e-07 
-5.75164e-06 7.87231e-07 -2.88218e-07 
-6.40932e-06 8.80471e-07 -2.58601e-07 
-6.9798e-06 9.59965e-07 -2.18261e-07 
-7.44842e-06 1.02553e-06 -1.73542e-07 
-7.80522e-06 1.07826e-06 -1.24585e-07 
-8.04009e-06 1.11347e-06 -7.20652e-08 
-8.14556e-06 1.13091e-06 -1.58351e-08 
-8.11266e-06 1.13149e-06 4.30337e-08 
-7.93826e-06 1.11126e-06 1.02574e-07 
-7.62059e-06 1.07437e-06 1.63661e-07 
-7.15613e-06 1.01945e-06 2.24002e-07 
-6.55266e-06 9.45289e-07 2.80325e-07 
-5.82002e-06 8.54373e-07 3.31982e-07 
-4.97326e-06 7.50323e-07 3.75254e-07 
-4.03864e-06 6.34712e-07 4.05387e-07 
-3.05327e-06 5.09125e-07 4.1735e-07 
-2.06814e-06 3.78852e-07 4.04438e-07 
-1.15164e-06 2.46692e-07 3.56889e-07 
-3.91838e-07 1.12038e-07 2.72495e-07 
1.46122e-07 -7.33803e-08 1.29119e-07 
5.89558e-07 -1.74783e-07 2.33501e-07 
1.20227e-06 -2.82187e-07 2.75494e-07 
1.87943e-06 -3.90411e-07 2.89832e-07 
2.56686e-06 -4.96908e-07 2.84352e-07 
3.22373e-06 -5.98106e-07 2.6379e-07 
3.81805e-06 -6.88431e-07 2.33376e-07 
4.33359e-06 -7.67734e-07 1.97326e-07 
4.75766e-06 -8.32082e-07 1.57066e-07 
5.08364e-06 -8.81904e-07 1.15497e-07 
5.30924e-06 -9.12984e-07 7.27222e-08 
5.43246e-06 -9.3108e-07 3.06949e-08 
5.45805e-06 -9.32998e-07 -9.635e-09 
5.38823e-06 -9.19923e-07 -4.83606e-08 
5.22962e-06 -8.90275e-07 -8.4654e-08 
4.98652e-06 -8.48436e-07 -1.184e-07 
4.667e-06 -7.93771e-07 -1.48513e-07 
4.27826e-06 -7.26229e-07 -1.76136e-07 
3.82684e-06 -6.49072e-07 -1.9747e-07 
3.31565e-06 -5.88569e-07 -2.27564e-07 
2.72183e-06 -5.23081e-07 -2.18082e-07 
1.87599e-06 -2.52409e-06 -6.6878e-07 
-8.21524e-06 -1.03429e-05 -8.77607e-06 
1.06365e-05 -8.07366e-05 3.63053e-05 
0.000188013 -0.000742986 -2.28607e-05 
-5.17537e-05 -0.000612875 -2.42634e-06 
-1.23014e-05 -5.35228e-05 1.16208e-05 
-7.87628e-07 -1.06188e-05 -3.29356e-06 
-2.32843e-06 -6.54061e-07 -7.90527e-07 
-2.93484e-06 3.15794e-07 -3.97358e-07 
-3.49252e-06 5.75067e-07 -2.55622e-07 
-4.00404e-06 6.69702e-07 -2.10765e-07 
-4.4618e-06 7.48368e-07 -1.80417e-07 
-4.85612e-06 8.16336e-07 -1.50973e-07 
-5.17856e-06 8.73004e-07 -1.19089e-07 
-5.4223e-06 9.14766e-07 -8.4941e-08 
-5.58207e-06 9.41936e-07 -4.85688e-08 
-5.65109e-06 9.54912e-07 -8.61661e-09 
-5.62113e-06 9.51888e-07 3.32491e-08 
-5.49107e-06 9.34094e-07 7.61491e-08 
-5.25599e-06 9.02266e-07 1.19783e-07 
-4.91903e-06 8.4969e-07 1.62118e-07 
-4.4824e-06 7.84375e-07 2.0262e-07 
-3.95332e-06 7.04623e-07 2.39657e-07 
-3.34286e-06 6.10951e-07 2.7023e-07 
-2.67128e-06 5.06161e-07 2.91004e-07 
-1.96636e-06 3.97076e-07 2.97361e-07 
-1.27098e-06 2.85198e-07 2.82735e-07 
-6.40883e-07 1.7733e-07 2.41111e-07 
-1.72242e-07 7.78509e-08 1.42933e-07 
1.51468e-08 -3.80096e-08 4.58276e-08 
2.5045e-07 -1.05646e-07 1.43072e-07 
6.34567e-07 -1.89054e-07 1.76552e-07 
1.07381e-06 -2.79271e-07 1.89614e-07 
1.52466e-06 -3.70264e-07 1.86904e-07 
1.95675e-06 -4.57515e-07 1.74176e-07 
2.35024e-06 -5.34467e-07 1.54321e-07 
2.69079e-06 -6.01998e-07 1.30382e-07 
2.97125e-06 -6.57697e-07 1.0396e-07 
3.18694e-06 -7.00318e-07 7.65621e-08 
3.33743e-06 -7.3213e-07 4.892e-08 
3.42162e-06 -7.468e-07 2.16878e-08 
3.44226e-06 -7.49631e-07 -4.55468e-09 
3.40147e-06 -7.38358e-07 -2.94099e-08 
3.30349e-06 -7.17924e-07 -5.26843e-08 
3.15133e-06 -6.84127e-07 -7.43731e-08 
2.95041e-06 -6.39491e-07 -9.3733e-08 
2.70516e-06 -5.87528e-07 -1.1108e-07 
2.42046e-06 -5.24943e-07 -1.24756e-07 
2.10104e-06 -4.5355e-07 -1.2635e-07 
1.78218e-06 -5.12692e-07 -4.296e-08 
1.38075e-06 -7.85378e-07 1.06586e-07 
2.10238e-06 -8.53931e-06 2.93775e-06 
1.70229e-05 -4.15737e-05 1.52192e-05 
2.39789e-05 -0.000281967 -2.91641e-05 
7.88079e-06 -0.00157981 9.88465e-06 
2.21141e-05 -9.48735e-05 9.03051e-06 
6.786e-06 -1.48975e-05 -7.3088e-06 
-1.28588e-06 -1.47803e-06 2.26209e-07 
-1.79289e-06 3.73092e-07 -1.85343e-07 
-2.22427e-06 4.66193e-07 -1.19625e-07 
-2.54722e-06 5.47836e-07 -1.25949e-07 
-2.83774e-06 6.08432e-07 -1.1232e-07 
-3.08732e-06 6.60573e-07 -9.50303e-08 
-3.29067e-06 7.03135e-07 -7.4977e-08 
-3.44433e-06 7.36498e-07 -5.33482e-08 
-3.54328e-06 7.59798e-07 -2.92742e-08 
-3.58261e-06 7.71863e-07 -3.7804e-09 
-3.55952e-06 7.68009e-07 2.34485e-08 
-3.46934e-06 7.5298e-07 5.15896e-08 
-3.31232e-06 7.18891e-07 7.94991e-08 
-3.08923e-06 6.76458e-07 1.07098e-07 
-2.80079e-06 6.17478e-07 1.33837e-07 
-2.45114e-06 5.47163e-07 1.5845e-07 
-2.04774e-06 4.67486e-07 1.78321e-07 
-1.60568e-06 3.80655e-07 1.91131e-07 
-1.14457e-06 2.86154e-07 1.94007e-07 
-6.93987e-07 1.93664e-07 1.82002e-07 
-2.94805e-07 1.08838e-07 1.49794e-07 
-3.75132e-08 3.6602e-08 5.79382e-08 
-4.06811e-08 -5.43282e-09 1.95303e-09 
6.15426e-08 -4.68199e-08 7.71658e-08 
2.72458e-07 -1.06909e-07 9.8693e-08 
5.1814e-07 -1.78281e-07 1.07413e-07 
7.73344e-07 -2.49758e-07 1.06402e-07 
1.01825e-06 -3.18773e-07 9.93711e-08 
1.24214e-06 -3.82895e-07 8.79972e-08 
1.43532e-06 -4.38245e-07 7.42417e-08 
1.59522e-06 -4.82768e-07 5.95849e-08 
1.71818e-06 -5.17523e-07 4.3633e-08 
1.80362e-06 -5.40448e-07 2.82442e-08 
1.85304e-06 -5.54457e-07 1.29591e-08 
1.86628e-06 -5.58222e-07 -1.68988e-09 
1.84627e-06 -5.52337e-07 -1.52911e-08 
1.79416e-06 -5.35173e-07 -2.82547e-08 
1.71284e-06 -5.10237e-07 -4.00614e-08 
1.60407e-06 -4.78444e-07 -5.14246e-08 
1.46945e-06 -4.38942e-07 -6.12901e-08 
1.31385e-06 -3.96557e-07 -7.05486e-08 
1.1377e-06 -3.62092e-07 -8.16888e-08 
9.51043e-07 -4.08509e-07 -9.4039e-08 
6.91861e-07 -1.36236e-06 -2.20617e-07 
8.97958e-07 -9.92917e-06 2.54054e-07 
-3.55903e-06 -8.9961e-05 -6.26359e-06 
-1.38235e-05 -0.000765675 3.42445e-06 
-4.58499e-05 -0.00530879 -2.50624e-06 
-8.79046e-06 -0.00024544 5.36614e-06 
-1.43881e-06 -5.85416e-05 -4.06356e-07 
-8.51991e-07 -2.40982e-06 -1.30664e-07 
-1.02804e-06 -3.79105e-07 -9.89264e-08 
-1.21933e-06 3.18325e-07 -8.02037e-08 
-1.39754e-06 3.99454e-07 -7.06997e-08 
-1.55524e-06 4.55291e-07 -6.20455e-08 
-1.69201e-06 4.97402e-07 -5.23809e-08 
-1.80351e-06 5.31113e-07 -4.10773e-08 
-1.88676e-06 5.56248e-07 -2.87792e-08 
-1.93876e-06 5.71579e-07 -1.47763e-08 
-1.95669e-06 5.77025e-07 -7.45398e-10 
-1.94126e-06 5.73986e-07 1.408e-08 
-1.88865e-06 5.58176e-07 2.9393e-08 
-1.80052e-06 5.34071e-07 4.53483e-08 
-1.6726e-06 4.97976e-07 6.11416e-08 
-1.50966e-06 4.51427e-07 7.61869e-08 
-1.31072e-06 3.96856e-07 9.02733e-08 
-1.08221e-06 3.30393e-07 1.01609e-07 
-8.30504e-07 2.59145e-07 1.09122e-07 
-5.6943e-07 1.86772e-07 1.10008e-07 
-3.16689e-07 1.1468e-07 1.01804e-07 
-9.7218e-08 5.09052e-08 8.12182e-08 
2.10568e-08 9.61062e-09 1.19418e-08 
-2.40167e-08 2.58713e-08 -4.16047e-09 
5.64347e-09 5.24647e-09 2.63606e-08 
8.23913e-08 -4.58874e-08 3.58221e-08 
1.72386e-07 -1.04825e-07 3.90036e-08 
2.67067e-07 -1.67904e-07 3.90166e-08 
3.58016e-07 -2.27548e-07 3.64958e-08 
4.41086e-07 -2.81985e-07 3.22903e-08 
5.12605e-07 -3.28473e-07 2.72485e-08 
5.7245e-07 -3.68046e-07 2.2107e-08 
6.18485e-07 -3.97823e-07 1.62456e-08 
6.51088e-07 -4.19311e-07 1.05746e-08 
6.69468e-07 -4.31471e-07 4.76176e-09 
6.74414e-07 -4.34689e-07 -5.37344e-10 
6.67271e-07 -4.3014e-07 -5.24619e-09 
6.49208e-07 -4.18898e-07 -9.85195e-09 
6.20094e-07 -4.00303e-07 -1.42456e-08 
5.80504e-07 -3.74777e-07 -1.8343e-08 
5.31481e-07 -3.42916e-07 -2.17402e-08 
4.74093e-07 -3.05465e-07 -2.35826e-08 
4.07506e-07 -2.61919e-07 -2.29575e-08 
3.43006e-07 -2.43515e-07 1.99856e-08 
1.11777e-08 -3.44192e-07 -1.90731e-07 
-3.45232e-07 -3.15944e-06 1.42719e-06 
-2.50121e-05 -1.19777e-05 -2.50396e-05 
-9.8088e-05 -0.00010692 2.47747e-05 
4.56542e-05 -0.000200472 1.38983e-05 
-2.71523e-05 -4.52367e-05 -2.70093e-05 
-1.21869e-05 -5.2778e-06 1.2278e-05 
-5.23844e-07 -1.26816e-06 -5.72466e-07 
-4.91352e-07 2.83898e-07 8.34341e-08 
-4.4546e-07 2.79065e-07 -4.7296e-08 
-5.12632e-07 3.32676e-07 -2.65094e-08 
-5.69166e-07 3.66147e-07 -2.30977e-08 
-6.18691e-07 3.97683e-07 -1.88196e-08 
-6.58808e-07 4.23376e-07 -1.46408e-08 
-6.88859e-07 4.42534e-07 -1.03115e-08 
-7.07731e-07 4.54804e-07 -5.16058e-09 
-7.14003e-07 4.58698e-07 5.55388e-12 
-7.07762e-07 4.54528e-07 5.21263e-09 
-6.88457e-07 4.41609e-07 1.08059e-08 
-6.55163e-07 4.20193e-07 1.69342e-08 
-6.07317e-07 3.88431e-07 2.24117e-08 
-5.46789e-07 3.49542e-07 2.8172e-08 
-4.72092e-07 2.99842e-07 3.316e-08 
-3.88006e-07 2.45248e-07 3.7003e-08 
-2.9446e-07 1.83645e-07 4.04359e-08 
-1.96565e-07 1.1924e-07 4.04018e-08 
-1.03299e-07 5.76869e-08 3.68426e-08 
-2.3869e-08 5.01467e-09 2.81575e-08 
1.46007e-08 -2.09302e-08 1.88332e-09 
