1.20494 
1.20494 
1.20494 
1.20494 
1.20494 
1.20494 
1.20494 
1.20495 
1.20503 
1.22069 
2.00364 
5.28383 
12.1722 
11.3875 
11.2116 
10.4405 
8.21022 
4.48087 
3.08961 
2.49469 
2.16584 
1.95196 
1.79817 
1.68024 
1.5858 
1.50779 
1.44183 
1.38503 
1.33541 
1.29153 
1.25232 
1.21697 
1.18488 
1.15554 
1.12858 
1.10368 
1.08058 
1.05908 
1.03899 
1.02015 
1.00245 
0.985754 
0.969968 
0.955004 
0.940791 
0.927258 
0.914348 
0.902013 
0.890213 
0.878914 
0.86809 
0.857706 
0.847739 
0.838159 
0.828928 
0.819995 
0.811356 
0.803088 
0.795328 
0.788402 
0.782521 
0.777169 
0.770801 
0.760727 
0.739595 
0.707257 
0.698798 
0.65602 
0.657374 
0.621843 
0.64866 
0.704565 
0.777418 
0.86883 
0.985998 
1.13636 
1.32272 
1.53994 
1.7751 
2.01077 
2.22901 
2.41396 
2.55264 
2.63386 
2.65168 
2.65136 
2.66131 
2.67755 
2.72246 
2.78985 
2.86 
2.93114 
3.0027 
3.07388 
3.14374 
3.21122 
3.27502 
3.33352 
3.3847 
3.42619 
3.45518 
3.46843 
3.4624 
3.43326 
3.37725 
3.29096 
3.17194 
3.01943 
2.83516 
2.62422 
2.39551 
2.16139 
1.93637 
1.73447 
1.56627 
1.43663 
1.34432 
1.28354 
1.24646 
1.22547 
1.21442 
1.20901 
1.20657 
1.20554 
1.20515 
1.20501 
1.20496 
1.20495 
1.20495 
1.20494 
1.20494 
1.20494 
1.20494 
1.20494 
1.20494 
1.20494 
1.20494 
1.20494 
1.20494 
1.20494 
1.20494 
1.20494 
1.20494 
1.20494 
1.20494 
1.20494 
1.20494 
1.20494 
1.20494 
1.20494 
1.20494 
1.20494 
1.20494 
1.20494 
1.20494 
1.20494 
1.20494 
1.20494 
1.20494 
1.20494 
1.20494 
1.20494 
1.20494 
1.20494 
1.20494 
1.20494 
1.20494 
1.20494 
1.20494 
1.20494 
10.2181 
1.20494 
1.20494 
1.20494 
1.20494 
1.20494 
1.20494 
1.20495 
1.20614 
1.3557 
3.48238 
1.20494 
7.06161 
1.20494 
11.2115 
11.0015 
9.55194 
5.11097 
3.61585 
2.74132 
2.31014 
2.04906 
1.86947 
1.73567 
1.63061 
1.54506 
1.47352 
1.41243 
1.35942 
1.31282 
1.27139 
1.2342 
1.20055 
1.16989 
1.14179 
1.11589 
1.09192 
1.06964 
1.04887 
1.02942 
1.01117 
0.993981 
0.977753 
0.962387 
0.947808 
0.933943 
0.920728 
0.908112 
0.896049 
0.884503 
0.873445 
0.862845 
0.852673 
0.842902 
0.833503 
0.824425 
0.815644 
0.807174 
0.799122 
0.791728 
0.785328 
0.779838 
0.774225 
0.766486 
0.752554 
0.721034 
0.73897 
0.642345 
0.655662 
0.628156 
0.629615 
0.674359 
0.757163 
0.820421 
0.923678 
1.05669 
1.22515 
1.42812 
1.65631 
1.89403 
2.12316 
2.32653 
2.48982 
2.60086 
2.87472 
2.89549 
2.6901 
2.66969 
2.70888 
2.75605 
2.82474 
2.91008 
2.96691 
3.03839 
3.10903 
3.17785 
3.24368 
3.30505 
3.36016 
3.40683 
3.44244 
3.46399 
3.46806 
3.45096 
3.40884 
3.33807 
3.23564 
3.09983 
2.93103 
2.73256 
2.51138 
2.27824 
2.04682 
1.83175 
1.64571 
1.49658 
1.38609 
1.31046 
1.26254 
1.23438 
1.21901 
1.21121 
1.20754 
1.20594 
1.20529 
1.20506 
1.20498 
1.20495 
1.20495 
1.20495 
1.20494 
1.20494 
1.20494 
1.20494 
1.20494 
1.20494 
1.20494 
1.20494 
1.20494 
1.20494 
1.20494 
1.20494 
1.20494 
1.20494 
1.20494 
1.20494 
1.20494 
1.20494 
1.20494 
1.20494 
1.20494 
1.20494 
1.20494 
1.20494 
1.20494 
1.20494 
1.20494 
1.20494 
1.20494 
1.20494 
1.20494 
1.20494 
1.20494 
1.20494 
1.20494 
1.20494 
1.20494 
1.20494 
1.20494 
1.20494 
1.20494 
1.20494 
1.20494 
1.20494 
1.20494 
1.20494 
1.20494 
1.20494 
1.20495 
1.20525 
1.25524 
2.63167 
6.09506 
9.76035 
8.78111 
6.11951 
3.90101 
2.79884 
2.30129 
2.0152 
1.82478 
1.68595 
1.57856 
1.49204 
1.42025 
1.35933 
1.30673 
1.26066 
1.21985 
1.18331 
1.15033 
1.12035 
1.09291 
1.06767 
1.04434 
1.02268 
1.0025 
0.983632 
0.965939 
0.949293 
0.933588 
0.91873 
0.904641 
0.891251 
0.878497 
0.866327 
0.854695 
0.843565 
0.832906 
0.822693 
0.812893 
0.803483 
0.794435 
0.785713 
0.777278 
0.769126 
0.761354 
0.754114 
0.747701 
0.742172 
0.736982 
0.730749 
0.721075 
0.661045 
0.624782 
0.797457 
0.893643 
1.01749 
1.17598 
1.37055 
1.5943 
1.83279 
2.06777 
2.28112 
2.45753 
2.58456 
2.80456 
2.73875 
2.94557 
3.01664 
3.08707 
3.15586 
3.22189 
3.28377 
3.3398 
3.38788 
3.42554 
3.4499 
3.4577 
3.44535 
3.40916 
3.34552 
3.25139 
3.12481 
2.96572 
2.77668 
2.56358 
2.33594 
2.10628 
1.88864 
1.69596 
1.53739 
1.41651 
1.33127 
1.27564 
1.24199 
1.2231 
1.21325 
1.20847 
1.20633 
1.20545 
1.20511 
1.205 
1.20496 
1.20495 
1.20495 
1.20494 
1.20494 
1.20494 
1.20494 
1.20494 
1.20494 
1.20494 
1.20494 
1.20494 
1.20494 
1.20494 
1.20494 
1.20494 
1.20494 
1.20494 
1.20494 
1.20494 
1.20494 
1.20494 
1.20494 
1.20494 
1.20494 
1.20494 
1.20494 
1.20494 
1.20494 
1.20494 
1.20494 
1.20494 
1.20494 
1.20494 
1.20494 
1.20494 
1.20494 
1.20494 
1.20494 
1.20494 
1.20494 
1.20497 
1.20928 
1.57421 
4.37172 
9.41622 
7.82665 
3.22302 
2.51044 
2.14178 
1.91164 
1.75049 
1.62913 
1.53314 
1.45458 
1.38861 
1.33212 
1.28297 
1.23967 
1.2011 
1.16642 
1.135 
1.10634 
1.08004 
1.05578 
1.03331 
1.01241 
0.99291 
0.974647 
0.957492 
0.941329 
0.926058 
0.911593 
0.897863 
0.884798 
0.872342 
0.860446 
0.849069 
0.838178 
0.827746 
0.817742 
0.808141 
0.798916 
0.790038 
0.781455 
0.773162 
0.765189 
0.757643 
0.750778 
0.744831 
0.739585 
0.734088 
0.726505 
0.712807 
0.951596 
1.09214 
1.26898 
1.47953 
1.7128 
1.95188 
2.17822 
2.37479 
2.52792 
2.6256 
3.05199 
3.12173 
3.18929 
3.25345 
3.31264 
3.36497 
3.40818 
3.43958 
3.45609 
3.45427 
3.43047 
3.38098 
3.30242 
3.19221 
3.04924 
2.87466 
2.67263 
2.45085 
2.22049 
1.99509 
1.78849 
1.61205 
1.47225 
1.36975 
1.30022 
1.25655 
1.2311 
1.21733 
1.21041 
1.20718 
1.20579 
1.20524 
1.20504 
1.20497 
1.20495 
1.20495 
1.20494 
1.20494 
1.20494 
1.20494 
1.20494 
1.20494 
1.20494 
1.20494 
1.20494 
1.20494 
1.20494 
1.20494 
1.20494 
1.20494 
1.20494 
1.20494 
1.20494 
1.20494 
1.20494 
1.20494 
1.20494 
1.20494 
1.20494 
1.20494 
1.20494 
1.20494 
1.20494 
1.20494 
1.20494 
1.20494 
9.90726 
9.85706 
0.638275 
0.688764 
0.842619 
2.77023 
2.83945 
2.98112 
1.20494 
1.20494 
1.20494 
1.20494 
7.86236 
1.20494 
1.20494 
1.20494 
1.20494 
1.20495 
1.20523 
1.25183 
2.58141 
6.1548 
1.20494 
8.17856 
1.20494 
1.20494 
7.87874 
7.15531 
0.639404 
6.99718 
5.14849 
3.16697 
3.76091 
3.43508 
2.44977 
2.06413 
1.82614 
1.66243 
1.541 
1.4461 
1.36911 
1.30491 
1.25021 
1.20283 
1.16122 
1.12427 
1.09112 
1.06115 
1.03386 
1.00886 
0.985839 
0.964537 
0.944749 
0.926298 
0.909037 
0.892837 
0.877587 
0.863189 
0.849563 
0.836636 
0.824345 
0.812634 
0.801458 
0.790775 
0.780553 
0.770767 
0.761384 
0.752384 
0.74374 
0.735425 
0.727388 
0.719635 
0.71217 
0.705097 
0.698625 
0.692953 
0.687922 
0.682758 
0.676088 
0.66432 
0.646131 
0.947161 
0.72052 
0.795762 
0.688643 
0.704149 
0.629006 
0.631858 
0.756136 
0.774768 
2.75995 
1.08563 
1.26103 
1.47167 
1.70704 
1.94996 
2.18101 
2.38222 
2.53952 
2.6413 
2.66615 
3.0349 
2.86237 
2.93137 
2.82796 
2.83664 
2.72847 
2.73471 
2.89681 
2.87034 
2.90416 
1.20494 
3.10241 
3.16741 
3.22867 
3.28464 
3.33347 
3.37293 
3.40045 
3.41313 
3.40783 
3.38124 
3.33017 
3.25183 
3.14427 
3.00695 
2.84126 
2.6511 
2.44316 
2.2268 
2.01326 
1.81434 
1.6404 
1.49843 
1.39079 
1.31523 
1.26618 
1.23671 
1.22032 
1.21187 
1.20784 
1.20606 
1.20534 
1.20507 
1.20498 
1.20495 
1.20495 
1.20495 
1.20494 
1.20494 
1.20494 
1.20494 
1.20494 
1.20494 
1.20494 
1.20494 
1.20494 
1.20494 
1.20494 
1.20494 
1.20494 
1.20494 
1.20494 
1.20494 
1.20494 
1.20494 
1.20494 
1.20494 
1.20494 
1.20494 
1.20494 
1.20494 
1.20494 
1.20494 
1.20494 
1.20494 
1.20494 
1.20494 
1.20494 
1.20494 
1.20494 
1.20494 
1.20494 
1.20494 
1.20494 
1.20494 
1.20494 
1.20494 
1.20494 
1.20494 
1.20494 
1.20494 
1.20494 
1.20494 
1.20494 
1.20494 
1.20494 
1.20494 
1.20494 
1.20494 
1.20494 
4.49749 
4.05174 
0.89023 
0.915559 
3.00055 
3.00574 
1.20494 
1.20494 
1.20494 
7.25873 
5.92311 
6.22116 
1.20494 
1.20494 
1.20494 
1.20494 
1.20496 
1.20896 
1.55494 
4.32683 
7.09987 
7.57413 
5.0517 
0.649901 
0.661367 
6.57612 
1.20494 
2.74775 
2.23089 
1.93272 
1.73756 
1.59765 
1.49088 
1.40574 
1.33565 
1.27652 
1.22571 
1.18138 
1.14222 
1.10726 
1.07577 
1.0472 
1.0211 
0.997121 
0.974986 
0.954466 
0.935366 
0.917527 
0.900812 
0.885099 
0.870287 
0.856283 
0.843016 
0.830415 
0.81842 
0.806983 
0.796057 
0.785608 
0.775607 
0.766026 
0.756838 
0.748019 
0.739543 
0.731374 
0.723482 
0.715863 
0.708575 
0.701768 
0.695685 
0.690398 
0.685429 
0.679747 
0.671287 
0.624475 
3.36809 
0.67442 
0.840129 
1.33599 
1.012 
1.16862 
1.3624 
1.58723 
1.82877 
2.06813 
2.28626 
2.4671 
2.59822 
2.79371 
2.7075 
1.20494 
1.20598 
1.20495 
2.80231 
2.96599 
3.10451 
3.1353 
1.20494 
3.0689 
3.13612 
3.19859 
3.25742 
3.31008 
3.35452 
3.38835 
3.40884 
3.41293 
3.3974 
3.35896 
3.29456 
3.20178 
3.0793 
2.92747 
2.74889 
2.54883 
2.33536 
2.11893 
1.91127 
1.72371 
1.56515 
1.44036 
1.3493 
1.28782 
1.24943 
1.22724 
1.21536 
1.20946 
1.20676 
1.20562 
1.20517 
1.20501 
1.20496 
1.20495 
1.20495 
1.20494 
1.20494 
1.20494 
1.20494 
1.20494 
1.20494 
1.20494 
1.20494 
1.20494 
1.20494 
1.20494 
1.20494 
1.20494 
1.20494 
1.20494 
1.20494 
1.20494 
1.20494 
4.25596 
1.20494 
1.20494 
1.20494 
1.20494 
1.20494 
2.93978 
1.20494 
7.03022 
1.20494 
0.737577 
1.20494 
1.20494 
1.20494 
1.20494 
1.20494 
1.20494 
1.20494 
1.20494 
1.20494 
1.20494 
1.20494 
1.20494 
1.20494 
1.20494 
1.20494 
1.20494 
4.37069 
1.20502 
7.86274 
1.20494 
1.20494 
1.20494 
1.20494 
1.20494 
1.20494 
1.20494 
1.20494 
1.20494 
1.20494 
1.20494 
1.20494 
1.20494 
1.20494 
1.20494 
1.20494 
1.20494 
1.20494 
1.20495 
1.20495 
1.20496 
1.20501 
1.20516 
1.20559 
1.2067 
1.20933 
1.21507 
1.22666 
1.24826 
1.28551 
1.34485 
1.43219 
1.5511 
1.70136 
1.87861 
2.07507 
2.28094 
2.48599 
2.6808 
2.85766 
3.01109 
3.13786 
3.23683 
3.30853 
3.35473 
3.37794 
3.38111 
2.93808 
2.6301 
2.51062 
2.33891 
2.12626 
1.88786 
1.643 
0.653532 
0.661684 
0.66723 
0.672041 
0.677091 
0.68284 
0.689315 
0.696311 
0.703668 
0.711292 
0.719197 
0.727393 
0.735919 
0.744803 
0.754069 
0.76374 
0.773845 
0.784412 
0.795474 
0.807076 
0.819262 
0.832091 
0.845625 
0.859942 
0.875122 
0.891266 
0.90849 
0.926927 
0.946727 
0.968075 
0.991189 
1.01633 
1.04385 
1.07413 
1.10773 
1.14532 
1.18781 
1.23644 
1.2929 
1.35968 
1.44052 
1.54145 
1.67281 
5.25364 
1.92971 
1.21837 
1.20494 
1.20494 
1.20494 
1.20494 
1.20494 
1.20494 
1.20494 
1.20494 
1.20494 
1.20494 
1.20494 
1.20494 
1.20494 
1.20494 
1.20494 
1.20494 
1.20494 
1.20494 
1.20494 
1.20494 
1.20494 
1.20494 
1.20494 
1.20494 
1.20494 
1.20494 
1.20495 
1.20495 
1.20495 
1.20498 
1.20507 
1.20532 
1.20602 
1.20774 
1.21167 
1.21991 
1.23589 
1.26454 
1.31202 
1.38473 
1.48761 
1.62249 
1.78703 
1.97502 
2.17747 
2.38419 
2.58521 
2.77187 
2.93756 
3.07792 
3.19082 
3.276 
3.33467 
3.36903 
3.38184 
3.37611 
3.35484 
3.32086 
3.27675 
3.22475 
3.16681 
2.57735 
2.43071 
2.2369 
2.00912 
1.76498 
1.5244 
1.30593 
1.12192 
0.816185 
0.658022 
0.664629 
0.669614 
0.67448 
0.679855 
0.685985 
0.692758 
0.69995 
0.707439 
0.715211 
0.723255 
0.731612 
0.740315 
0.749387 
0.758852 
0.768736 
0.779069 
0.789879 
0.801204 
0.813092 
0.825592 
0.838764 
0.852681 
0.867417 
0.883067 
0.899736 
0.917547 
0.936646 
0.957195 
0.979396 
1.00349 
1.02977 
1.05861 
1.09048 
1.12598 
1.20494 
1.16589 
1.21126 
1.26355 
1.3248 
1.39803 
1.48797 
1.60241 
1.75538 
1.97455 
1.20494 
1.20494 
3.03918 
0.975693 
1.85403 
2.12566 
2.58162 
2.32092 
1.41143 
1.2092 
0.862762 
1.04421 
2.76917 
3.36724 
3.33927 
3.29992 
2.97198 
3.2516 
3.07216 
3.19641 
1.20494 
1.20494 
1.20494 
1.20494 
1.20494 
1.20494 
1.20494 
1.20494 
1.20494 
1.20494 
2.96181 
3.00447 
1.20494 
1.20494 
1.13937 
1.20494 
1.20494 
2.78074 
1.20495 
1.20494 
1.21652 
0.674638 
1.86375 
1.20494 
4.07871 
0.639691 
6.08447 
1.20494 
0.650143 
0.662549 
2.35171 
1.03797 
1.4026 
2.61791 
2.50569 
1.20494 
1.20494 
1.98511 
1.75085 
1.58868 
1.46877 
1.3756 
1.30043 
1.23804 
1.1851 
1.16144 
1.16749 
1.14444 
1.20494 
1.09931 
1.0638 
1.03201 
1.0033 
0.977201 
0.953314 
0.931342 
0.911036 
0.89219 
0.874636 
0.858227 
0.842837 
0.828362 
0.814705 
0.801791 
0.789546 
0.777912 
0.766841 
0.75628 
0.746195 
0.736556 
0.727332 
0.718499 
0.71003 
0.701903 
0.694086 
0.686549 
0.67928 
0.672307 
0.665744 
0.659796 
0.654553 
0.649815 
0.645108 
0.642589 
0.63676 
0.633358 
1.85619 
1.81067 
5.51667 
4.84454 
4.63671 
3.94993 
0.631042 
0.639477 
0.773499 
1.32023 
1.48272 
3.29391 
3.19863 
2.74796 
2.74933 
0.859835 
1.20097 
1.29717 
1.34387 
1.63573 
1.88434 
2.12784 
2.34576 
2.52215 
0.970599 
1.00012 
2.68396 
1.20494 
2.71769 
2.72402 
3.06534 
1.20494 
3.14939 
1.20494 
1.20494 
3.12256 
3.10882 
3.03529 
3.02759 
3.17483 
3.15618 
2.94114 
3.24048 
3.27297 
3.28503 
3.24722 
2.90905 
2.9071 
3.30091 
3.29153 
3.26342 
3.21453 
3.1433 
3.04902 
2.93201 
2.79382 
2.63725 
2.46631 
2.28606 
2.10248 
1.92239 
1.75326 
1.60258 
1.47662 
1.3788 
1.30874 
1.26262 
1.23472 
1.21921 
1.21127 
1.20753 
1.20592 
1.20528 
1.20505 
1.20497 
1.20495 
1.20495 
1.20494 
1.20494 
1.20494 
1.20494 
1.20494 
1.20494 
1.20494 
1.20494 
1.20494 
1.20494 
1.20494 
1.20494 
1.20494 
1.20494 
1.20494 
1.20494 
1.20494 
1.20494 
1.20494 
1.20584 
1.20798 
3.78358 
1.20494 
6.05379 
5.63456 
5.33687 
1.20494 
1.20494 
1.20494 
1.20494 
1.20494 
1.20494 
1.20494 
1.20494 
1.20494 
1.20494 
1.20494 
1.20494 
1.20494 
1.20494 
1.20494 
1.20494 
1.20494 
1.20494 
1.20494 
1.20494 
1.20494 
1.20494 
3.60413 
1.20494 
1.20495 
1.20494 
1.20494 
5.9064 
5.11366 
5.49777 
1.20494 
1.20494 
0.911603 
0.937701 
1.20494 
1.20494 
1.20494 
0.736932 
0.754417 
1.20494 
1.20494 
2.97302 
2.93799 
2.96853 
1.20494 
1.20494 
1.20494 
0.704003 
0.720004 
1.20494 
1.20494 
3.38231 
3.18017 
1.20494 
1.20494 
1.20494 
1.20501 
1.20517 
0.632876 
0.636049 
0.630195 
2.67646 
2.64593 
2.6925 
1.12293 
1.11871 
0.633721 
2.78419 
2.8132 
0.883075 
3.31313 
1.20494 
1.20494 
1.20496 
1.35236 
1.33615 
2.80988 
1.44225 
1.4195 
1.93101 
2.1462 
0.689319 
1.66309 
1.52463 
1.39476 
1.31419 
1.26788 
1.21055 
1.10278 
1.08105 
1.04748 
1.0173 
0.98995 
0.964999 
0.942106 
0.920996 
0.901443 
0.883261 
0.866297 
0.850412 
0.835494 
0.821437 
0.808161 
0.79559 
0.783658 
0.77231 
0.761498 
0.75118 
0.741321 
0.731895 
0.722867 
0.714219 
0.705926 
0.697959 
0.690282 
0.682884 
0.675761 
0.668975 
0.662694 
0.657089 
0.652154 
0.647495 
0.639165 
1.55727 
3.23398 
1.71147 
1.24023 
3.25232 
3.2993 
3.25383 
3.13329 
3.13962 
0.814157 
1.11459 
1.24315 
1.69359 
1.75934 
1.51605 
1.81929 
1.4536 
2.00805 
2.24114 
2.43999 
1.07138 
1.20494 
1.20494 
1.20494 
2.59088 
2.87693 
2.87611 
3.14225 
3.02343 
1.20494 
1.20494 
2.99847 
1.20494 
3.09449 
2.38355 
1.20494 
3.2206 
3.25803 
3.23879 
3.25148 
3.29841 
3.24499 
3.27995 
3.24168 
3.18177 
3.09905 
2.99329 
2.86542 
2.7176 
2.55328 
2.37699 
2.19428 
2.01155 
1.83598 
1.67517 
1.53621 
1.42412 
1.34047 
1.28302 
1.24677 
1.22575 
1.21454 
1.20904 
1.20655 
1.20552 
1.20513 
1.205 
1.20496 
1.20495 
1.20495 
1.20494 
1.20494 
1.20494 
1.20494 
1.20494 
1.20494 
1.20494 
1.20494 
1.20494 
1.20494 
1.20494 
1.20494 
1.20494 
1.20494 
1.20494 
1.20494 
1.20494 
3.68607 
3.78548 
1.20494 
2.56452 
0.83504 
1.20494 
1.20494 
1.20494 
1.20494 
1.20494 
3.05581 
1.20494 
1.20494 
1.20494 
1.20494 
1.20494 
1.20494 
1.20494 
0.792478 
1.20494 
1.20494 
1.20494 
1.20494 
1.20494 
1.20494 
1.20494 
1.20494 
1.20494 
1.20494 
1.20494 
1.20494 
1.20494 
1.20494 
1.20494 
1.20494 
1.20494 
1.20494 
1.20494 
1.20494 
1.20494 
1.20495 
1.20495 
1.20496 
1.205 
1.20513 
1.20552 
1.20656 
1.20908 
1.21469 
1.22611 
1.24747 
1.28415 
1.34186 
1.42505 
1.53511 
1.6696 
1.8229 
1.98804 
2.15826 
2.32784 
2.49204 
0.64144 
0.645838 
0.650613 
0.655967 
0.662004 
0.668604 
1.20494 
1.20494 
1.20494 
0.675575 
0.872315 
0.682831 
0.690363 
0.698184 
0.706325 
0.714814 
0.723676 
0.732932 
0.742614 
0.75275 
0.763372 
0.774518 
0.890151 
0.78624 
0.79859 
0.811629 
0.825432 
0.840078 
0.85567 
1.20494 
1.20494 
1.20494 
1.20494 
1.20494 
1.20494 
1.20494 
1.20494 
1.20494 
1.20494 
1.20494 
1.20494 
1.20494 
1.20494 
1.20494 
1.20494 
1.20494 
1.20495 
1.20495 
1.20497 
1.20505 
1.20528 
1.20592 
1.20756 
1.21136 
1.21945 
1.23523 
1.26353 
1.31005 
1.3801 
1.47678 
1.59959 
1.74432 
1.90443 
2.0729 
3.17725 
2.24344 
2.41088 
2.57084 
1.08384 
2.71947 
2.85336 
2.96972 
3.06654 
3.14278 
3.19838 
3.23412 
2.26689 
3.21306 
1.20494 
2.39832 
2.1869 
1.94521 
0.643602 
0.648172 
0.653205 
0.658903 
0.66525 
0.672052 
0.679171 
0.686562 
0.694235 
0.702211 
0.710523 
0.719195 
0.728253 
0.737718 
0.747623 
0.757997 
0.768876 
0.780305 
0.792334 
0.805019 
0.818431 
0.832644 
0.84775 
0.863853 
0.881075 
0.89956 
0.919471 
0.941006 
0.964407 
0.989967 
0.909325 
0.976895 
1.00367 
0.93002 
1.27957 
1.03319 
0.952455 
1.49593 
2.0797 
1.62823 
1.19226 
1.24799 
1.219 
1.066 
1.04915 
1.01806 
2.64679 
4.05708 
2.78845 
2.91388 
2.48781 
1.15227 
1.57085 
2.29741 
2.06865 
2.62703 
1.20494 
3.02066 
3.10726 
3.08294 
3.22731 
3.19629 
3.17313 
3.21865 
3.55511 
1.20494 
1.20494 
1.20494 
1.20494 
2.58604 
1.01607 
1.20494 
1.20494 
1.65871 
2.81444 
0.671604 
2.88103 
3.13568 
1.20494 
2.70318 
1.20494 
1.20494 
1.20494 
1.0651 
1.20494 
1.03153 
1.02631 
3.12594 
3.08176 
2.30271 
1.32295 
1.20494 
0.689558 
1.20494 
1.19537 
1.20494 
2.14304 
1.40824 
2.85997 
1.22319 
1.21493 
1.25346 
1.24461 
1.10286 
2.64582 
2.63021 
2.57786 
0.632448 
0.631738 
1.04784 
1.0424 
0.949337 
0.926601 
0.905666 
0.987449 
1.51627 
0.961465 
0.957142 
1.28655 
1.27704 
0.937729 
0.933692 
0.974154 
0.969676 
0.915925 
0.912143 
0.781841 
0.678787 
0.877144 
1.20494 
1.20494 
0.859788 
0.843579 
0.828392 
0.814117 
0.80066 
0.787947 
0.785522 
0.886301 
0.882854 
0.77011 
0.758964 
0.748353 
0.738238 
0.728586 
0.719365 
0.710546 
0.702103 
0.694015 
0.686252 
0.682483 
0.684865 
0.681139 
0.868314 
0.865066 
0.675163 
0.673908 
0.664711 
0.658206 
0.65227 
0.647025 
0.64236 
0.636226 
1.85576 
0.641927 
2.84494 
1.43954 
1.74864 
1.72421 
3.0633 
1.20494 
1.20494 
1.56253 
1.23463 
1.44462 
1.49784 
1.81411 
2.6411 
2.67396 
2.06844 
2.18949 
2.24935 
1.14459 
1.18387 
1.06481 
1.09956 
2.68815 
0.662877 
0.676565 
0.753626 
1.12362 
1.11706 
2.75112 
1.20494 
1.20494 
2.84513 
1.20496 
3.04275 
3.01544 
2.97218 
3.04814 
1.20494 
3.11363 
3.07314 
2.33757 
2.27519 
2.86299 
3.14455 
3.12818 
3.40268 
3.09626 
3.07425 
3.01843 
2.99372 
3.02061 
2.99616 
2.98377 
2.49812 
2.85847 
2.75789 
2.6807 
3.78124 
4.49784 
1.0834 
1.09662 
1.07745 
0.638136 
0.638275 
2.45993 
2.32593 
3.09895 
3.062 
2.18487 
2.03801 
1.88808 
1.74019 
1.60173 
1.48077 
1.38349 
1.31208 
1.26439 
1.2354 
1.21934 
1.2112 
1.20744 
1.20585 
1.20524 
1.20503 
1.20497 
1.20495 
1.20495 
1.20494 
1.20494 
1.20494 
1.20494 
1.20494 
1.20494 
1.20494 
1.20494 
1.20494 
1.20494 
1.20494 
1.20494 
1.20494 
1.20494 
1.20494 
1.20494 
1.23358 
1.28406 
3.14726 
3.08743 
2.94616 
2.92922 
1.36326 
1.39589 
1.35203 
2.57701 
2.54481 
2.61817 
1.20494 
1.45883 
1.4451 
2.90386 
2.81926 
1.20494 
1.20494 
1.20494 
1.20494 
1.20494 
1.20494 
3.36068 
2.99159 
3.31381 
1.20494 
2.40631 
2.45852 
1.20494 
1.20494 
1.20494 
1.20494 
1.20494 
1.20494 
1.20494 
1.20494 
2.99705 
2.95294 
2.97529 
1.20494 
1.20494 
0.933507 
1.20494 
1.20494 
1.20495 
1.20495 
1.20494 
1.20494 
1.20494 
1.20494 
1.20494 
1.20494 
1.20494 
1.20494 
1.20742 
1.21288 
0.879936 
0.903891 
0.719781 
0.736181 
1.20494 
1.20494 
1.20494 
3.14655 
3.09069 
1.20494 
1.20494 
3.13825 
3.08078 
3.07063 
3.16572 
3.27234 
3.03334 
1.20494 
1.20494 
2.55799 
0.994761 
0.960542 
1.02538 
0.832822 
0.854249 
1.33485 
1.3836 
1.68654 
1.74673 
2.72113 
2.72241 
2.25623 
2.29026 
2.2273 
0.634411 
0.636544 
0.634855 
1.58219 
1.63816 
1.56453 
2.37586 
2.7782 
1.14583 
1.13891 
2.35008 
2.67332 
2.63189 
2.68864 
0.798114 
0.794215 
1.27863 
2.40795 
0.825566 
0.821146 
0.677489 
1.31265 
2.35899 
0.873799 
0.945162 
1.20494 
1.50082 
1.98507 
0.982803 
1.16967 
1.16236 
0.922694 
1.20494 
1.18761 
2.75178 
2.57613 
1.0014 
0.895799 
0.70428 
0.856632 
0.851548 
0.84848 
0.835863 
0.818394 
0.807291 
0.791731 
0.7759 
0.764467 
0.753593 
0.743236 
0.733356 
0.723924 
0.714904 
0.706277 
0.698015 
0.690095 
0.668125 
0.661412 
0.65516 
0.649553 
0.644644 
1.94793 
0.779478 
3.03361 
2.38583 
0.645793 
0.641369 
0.65475 
3.64519 
2.82575 
2.09545 
1.82603 
1.20494 
1.20494 
1.01106 
1.20494 
1.20494 
0.640173 
1.61966 
1.20494 
1.20494 
1.20494 
2.13027 
1.94237 
1.87621 
1.20494 
2.83454 
2.82483 
2.15829 
1.20494 
2.74509 
1.20494 
1.05941 
1.20494 
1.20494 
2.23553 
3.0821 
1.20494 
3.14261 
2.85177 
2.89132 
3.08769 
3.11422 
2.89859 
2.94568 
3.01796 
2.96543 
2.80973 
4.13394 
4.7551 
2.41051 
2.39386 
2.52403 
2.3513 
2.52376 
3.04855 
2.16237 
2.11205 
2.0955 
1.96317 
1.81346 
1.66927 
1.5386 
1.42893 
1.3446 
1.28554 
1.24792 
1.2261 
1.21454 
1.20894 
1.20647 
1.20547 
1.20511 
1.20499 
1.20496 
1.20495 
1.20495 
1.20494 
1.20494 
1.20494 
1.20494 
1.20494 
1.20494 
1.20494 
1.20494 
1.20494 
1.20494 
1.20494 
1.20494 
1.20494 
1.20494 
1.20494 
0.670406 
1.20513 
0.791033 
1.20494 
1.20494 
1.20494 
1.20494 
1.69471 
1.20494 
3.05689 
1.20496 
1.20494 
1.20494 
1.20499 
1.20494 
1.20494 
1.20494 
2.91916 
2.87843 
2.90437 
1.20494 
3.62613 
1.20494 
1.20494 
1.20494 
1.20494 
1.20494 
1.20494 
1.20494 
1.20494 
1.20494 
1.20494 
1.20494 
1.20494 
1.20495 
1.20495 
1.20494 
1.20494 
1.20494 
1.20494 
1.20494 
1.20494 
1.20494 
1.20494 
1.20494 
1.20494 
1.20494 
1.20494 
1.20494 
1.20495 
1.20495 
1.20497 
1.20503 
1.20524 
1.20586 
1.20749 
1.21136 
1.20511 
1.21975 
1.23635 
1.26624 
1.31524 
1.38809 
1.48636 
1.60701 
1.20548 
1.74295 
1.88542 
2.02682 
0.64418 
2.77544 
0.648974 
0.654342 
1.20494 
0.641998 
0.646536 
0.651549 
0.692543 
0.700541 
0.708893 
0.717619 
0.726746 
0.7363 
0.746314 
0.756821 
0.660389 
0.811435 
0.666968 
0.688665 
0.696499 
0.704671 
0.713207 
0.722131 
0.731467 
0.741247 
0.751503 
0.892247 
2.49347 
0.996578 
0.902 
0.840594 
0.762271 
0.832961 
0.804677 
0.773594 
0.767859 
1.20499 
0.663629 
0.657279 
1.20649 
1.20903 
1.21479 
1.22673 
1.20494 
1.20494 
1.20494 
1.24927 
1.20494 
0.640011 
1.28801 
2.00502 
1.34849 
1.43413 
2.83971 
3.03295 
3.09072 
2.86038 
3.03949 
2.93367 
2.72918 
2.46798 
1.54426 
1.67361 
1.8139 
1.95662 
0.810393 
1.20557 
0.771302 
1.20494 
1.20494 
1.00711 
2.77118 
0.931052 
0.791196 
0.693432 
2.01016 
2.94212 
1.83217 
0.831864 
0.645241 
2.72987 
0.671723 
1.20494 
1.31923 
2.97122 
0.767641 
1.20494 
1.33974 
1.20502 
0.966443 
2.8062 
1.71893 
2.89828 
1.26711 
0.847157 
1.05458 
2.57517 
0.909848 
1.82338 
1.20494 
1.30166 
1.33593 
1.29843 
0.942337 
0.942727 
0.979349 
0.979473 
0.920236 
0.920776 
2.17992 
0.95412 
0.954426 
0.704464 
0.773299 
0.774714 
0.85519 
0.856152 
0.810636 
0.682227 
0.779107 
0.780491 
0.797496 
0.798783 
1.26988 
0.890265 
1.20498 
0.839387 
0.840445 
0.665191 
0.899869 
0.900547 
0.75675 
0.746386 
0.736515 
0.727101 
0.718109 
0.709518 
0.701299 
1.20737 
0.8175 
0.818682 
1.20494 
0.697326 
0.699196 
0.659213 
2.65932 
1.62028 
1.78526 
2.97045 
1.20494 
2.80745 
2.72862 
1.61146 
0.8635 
0.864411 
0.803972 
0.805228 
2.131 
1.20494 
1.39538 
2.36535 
1.87164 
1.17595 
1.21695 
1.09276 
1.12899 
1.13246 
0.678407 
0.689872 
1.20494 
1.20494 
1.20494 
2.19399 
0.675151 
0.677224 
1.20494 
2.9293 
2.88884 
1.20494 
1.20494 
1.20494 
0.668395 
0.670599 
1.20494 
1.20494 
1.20494 
2.69909 
2.36301 
2.51204 
2.31465 
1.20494 
1.20669 
1.20494 
2.79453 
2.76307 
2.678 
1.07226 
1.07165 
2.82402 
2.73704 
0.770282 
2.42554 
2.46667 
2.41796 
2.33921 
0.649361 
2.08261 
1.95845 
1.20579 
1.75547 
1.68702 
1.76413 
1.69615 
2.58318 
3.19367 
1.49724 
1.44325 
1.45028 
2.00296 
2.06735 
1.35403 
1.35894 
1.20494 
1.20494 
1.25026 
1.20521 
1.21974 
1.21122 
1.20889 
1.20898 
1.8243 
1.83191 
1.2064 
1.20642 
1.22691 
1.22761 
1.20543 
1.20543 
1.20509 
1.20509 
1.20494 
1.20494 
1.20495 
1.20495 
1.20494 
1.20494 
1.20494 
1.20494 
1.20494 
1.20494 
1.20494 
1.20494 
1.20494 
1.20494 
1.20494 
1.20494 
1.26993 
2.38317 
2.34748 
2.95827 
2.86016 
1.20494 
1.20494 
1.26797 
1.27016 
1.48243 
2.97221 
2.90955 
1.20494 
1.20494 
1.89507 
1.87405 
2.69521 
2.61524 
1.20494 
0.64719 
0.650135 
1.61827 
1.37747 
1.94907 
2.91769 
2.83536 
1.20494 
1.20494 
0.851886 
1.20494 
1.20494 
1.20494 
1.20495 
1.20495 
1.20494 
1.20494 
1.54282 
1.5347 
1.20494 
1.20494 
1.20494 
1.20494 
1.20494 
1.21131 
1.22475 
1.20494 
1.20494 
2.96583 
2.89574 
1.02209 
1.02188 
0.735715 
0.752103 
1.20494 
1.20494 
1.20494 
1.20494 
2.96142 
2.58463 
1.74003 
1.8028 
2.67807 
2.6627 
2.91458 
2.87744 
1.20494 
1.20494 
1.20494 
1.20496 
1.20496 
2.96757 
2.91017 
2.91255 
0.653935 
1.20494 
2.25299 
2.31358 
1.20494 
1.20494 
1.20494 
1.48883 
1.54446 
1.20494 
1.20494 
1.20494 
1.20494 
0.651616 
0.654403 
0.872102 
0.87296 
1.20494 
1.20494 
2.79789 
1.20494 
2.72213 
1.15538 
1.15398 
1.635 
1.20494 
2.42172 
2.46768 
1.20494 
1.55434 
1.40136 
0.811854 
1.20494 
2.55598 
2.51927 
2.60166 
2.90402 
0.931521 
1.76904 
1.69195 
1.51959 
1.20494 
0.78507 
0.992887 
1.18004 
1.20472 
1.17838 
0.64374 
2.50681 
2.45175 
1.2356 
1.20741 
0.703143 
1.62736 
0.966661 
0.719574 
0.719841 
0.713766 
0.738135 
0.731754 
0.824569 
0.786423 
1.31586 
1.37442 
1.20494 
0.848168 
0.910462 
0.762127 
0.751504 
0.741393 
0.733401 
0.832962 
0.722553 
0.715525 
0.705363 
1.20507 
1.20544 
0.825713 
0.678641 
0.662103 
1.20658 
0.656451 
2.02521 
2.64696 
0.684218 
1.79079 
0.661302 
1.20494 
1.57444 
0.769087 
1.20494 
1.20494 
1.05411 
1.03788 
1.67116 
2.89809 
2.86415 
2.19388 
2.70652 
2.74539 
1.93606 
2.66009 
1.26438 
2.83896 
2.81362 
1.13129 
1.11107 
2.81389 
2.8761 
0.680679 
1.20494 
0.673841 
1.20502 
1.20498 
1.20494 
2.6224 
0.656694 
0.792518 
0.642861 
0.648005 
0.646431 
2.79284 
1.23328 
2.91238 
3.15305 
1.20494 
2.70812 
0.788329 
0.808785 
1.03755 
2.30993 
2.29329 
1.09105 
1.1101 
1.09027 
2.05599 
0.648588 
0.728775 
2.89818 
2.95288 
2.16232 
2.6224 
2.13992 
2.02205 
1.89229 
1.50522 
1.5566 
1.6294 
1.20494 
1.29072 
1.20521 
1.23684 
1.2058 
1.21469 
1.21138 
1.20494 
1.20495 
1.20495 
1.20495 
1.20494 
1.20494 
1.20494 
1.20494 
1.20494 
1.20494 
1.20494 
1.20494 
1.20494 
1.20494 
1.20494 
1.20494 
1.20494 
1.20494 
1.20494 
2.38333 
0.695328 
0.689618 
2.8847 
2.94773 
1.38201 
1.37746 
0.828615 
1.4758 
1.42924 
1.20494 
1.20494 
0.652085 
1.00703 
2.68505 
2.18203 
0.881017 
1.20494 
1.20494 
1.20494 
1.20494 
1.20494 
1.20494 
1.20494 
1.20494 
1.20494 
0.87391 
0.900614 
1.20498 
1.20494 
1.20494 
3.04885 
3.03953 
1.20494 
1.20494 
1.20494 
1.20494 
1.20494 
1.20494 
1.20494 
1.20494 
1.20494 
1.20494 
1.20494 
1.20494 
1.20494 
1.20494 
1.20495 
1.22019 
1.25183 
2.93419 
2.8709 
2.85442 
1.01979 
1.05167 
0.95617 
0.98418 
1.96212 
2.07972 
2.55059 
2.24501 
2.27017 
2.2277 
2.85128 
2.7645 
3.02684 
2.93874 
1.20494 
1.20494 
1.61199 
1.67926 
1.60191 
0.685884 
0.691546 
0.687842 
1.20494 
0.925359 
1.80135 
0.992909 
0.711304 
1.42539 
1.99763 
0.742983 
0.753037 
0.763601 
0.758253 
0.74795 
0.66166 
0.724255 
0.707176 
0.664477 
0.667441 
0.891006 
0.659057 
2.14341 
1.20494 
1.20494 
1.20494 
1.20494 
1.20494 
1.20494 
2.58307 
1.20494 
1.20494 
1.20494 
1.20494 
1.2937 
1.89825 
2.02276 
2.90535 
2.13279 
1.56531 
1.20495 
1.32312 
1.23791 
1.21496 
1.20494 
1.20495 
1.20495 
0.881819 
1.20494 
0.738992 
0.721273 
1.46941 
1.33518 
1.43434 
0.677175 
2.76775 
1.20494 
0.659353 
1.46161 
2.34672 
1.01053 
0.753427 
1.25287 
1.33032 
2.23796 
0.877573 
2.7761 
1.97822 
0.826854 
2.8799 
1.07456 
1.30692 
0.921915 
2.62873 
2.5461 
1.20494 
0.709019 
2.78471 
0.830673 
1.20881 
0.970509 
0.935665 
1.20494 
0.845296 
2.79008 
1.65218 
1.20494 
1.20494 
0.797691 
0.671466 
0.810318 
0.914778 
0.768961 
0.852969 
0.856337 
0.758478 
0.762093 
0.774409 
0.777977 
0.763652 
0.772545 
0.767252 
0.74369 
0.74735 
0.725551 
0.729277 
0.748499 
0.752146 
0.674269 
0.67858 
1.20505 
2.08686 
1.20494 
2.03501 
2.04166 
2.52169 
0.78574 
1.20498 
2.43012 
0.871397 
0.847275 
0.894068 
1.20494 
1.20494 
0.816905 
0.82037 
2.81643 
2.79358 
0.837871 
0.841285 
0.92501 
0.928153 
2.76897 
1.66317 
1.20494 
1.12198 
1.20494 
1.20494 
2.48499 
0.686897 
0.718948 
0.729926 
0.733636 
1.35622 
1.20494 
1.20494 
1.20494 
1.20494 
1.20494 
0.666678 
2.19574 
2.7721 
1.26481 
2.84899 
3.0796 
1.20494 
2.17528 
1.093 
1.0955 
0.690353 
0.694319 
2.59478 
1.20507 
0.662609 
0.693903 
0.697819 
0.658835 
0.983211 
0.986147 
1.64771 
2.45254 
2.13358 
2.17359 
2.13513 
1.22012 
0.713013 
0.716794 
1.51907 
1.52808 
1.71591 
1.72705 
2.06642 
2.13254 
1.20494 
1.20538 
1.20632 
1.20494 
1.20728 
1.20731 
1.20573 
1.20573 
1.20518 
1.20518 
1.20494 
1.36552 
0.89548 
1.22774 
1.22844 
1.20495 
1.20495 
1.20495 
1.20495 
1.20494 
1.20494 
1.20494 
1.20494 
1.20494 
2.47493 
2.41176 
1.20494 
1.20494 
1.20494 
1.20494 
1.20494 
1.20494 
4.55196 
1.29679 
1.20494 
1.20494 
1.20494 
1.20494 
1.20494 
1.95792 
0.78 
0.783552 
2.498 
2.4493 
2.42999 
1.20495 
1.20497 
1.20494 
1.20494 
1.20494 
2.11235 
1.20494 
1.20494 
1.20494 
1.59158 
1.21985 
1.20494 
1.20494 
0.946778 
0.949845 
1.20501 
1.20507 
1.20501 
1.04078 
2.51791 
0.660327 
0.665368 
2.77741 
2.70437 
1.20494 
1.20494 
2.83214 
2.6868 
1.53544 
1.59373 
1.20494 
1.20494 
1.2112 
1.21134 
1.20494 
1.20494 
1.20494 
2.87125 
1.27206 
1.27438 
0.803916 
0.80741 
1.20494 
1.20494 
1.02526 
1.02803 
2.61194 
2.59152 
2.77918 
2.36805 
2.3329 
1.29823 
1.29936 
2.31816 
2.37884 
2.54587 
2.46967 
1.20494 
1.20494 
2.75001 
1.20494 
1.20494 
0.78715 
0.805612 
0.664649 
0.671592 
0.669521 
0.886363 
0.889632 
0.860893 
0.86424 
1.93232 
1.99938 
2.21228 
2.2069 
2.57032 
2.51284 
2.49092 
0.680306 
0.684446 
2.78569 
2.73351 
0.688806 
0.704153 
1.20882 
1.25167 
2.61368 
1.20495 
1.20495 
2.68055 
1.37413 
2.7281 
2.74782 
1.75436 
0.757057 
1.28736 
2.73049 
1.20494 
1.20494 
2.31723 
2.3244 
1.46945 
1.41021 
0.813796 
0.734077 
0.751273 
1.20494 
2.71489 
2.57443 
2.52949 
2.57606 
2.08805 
0.697553 
0.701428 
1.1801 
0.667018 
2.38891 
2.348 
1.0435 
0.938771 
1.20494 
1.20494 
2.79211 
1.41609 
2.7902 
1.37546 
0.996534 
1.32465 
0.681443 
0.789276 
0.823686 
0.869089 
2.66204 
2.63571 
1.20494 
1.20494 
0.768117 
1.20494 
1.20494 
2.25909 
2.7091 
2.76023 
0.904942 
0.917953 
2.09119 
0.717093 
1.2053 
1.20624 
1.29997 
0.848688 
2.74152 
0.725017 
1.20494 
1.20494 
0.668933 
0.791634 
1.36751 
0.734404 
1.20889 
0.795157 
1.33493 
1.37574 
1.33568 
2.39463 
2.43087 
1.20494 
1.20494 
2.77068 
2.7254 
0.834103 
0.827131 
2.49167 
0.712819 
0.70511 
1.20494 
0.675948 
1.20494 
2.73358 
2.69797 
2.06663 
1.20494 
1.15979 
0.738097 
1.20494 
1.20494 
1.20494 
1.20494 
1.20494 
1.20494 
1.20494 
0.947526 
0.979654 
0.958381 
0.961406 
1.35504 
1.26624 
1.23421 
0.898719 
1.9867 
1.91696 
2.61897 
2.53519 
1.20496 
1.11262 
1.11502 
2.71901 
2.59237 
0.999418 
0.88087 
1.20494 
2.20898 
1.65844 
1.58156 
2.71563 
1.28168 
1.05719 
2.79225 
0.720859 
1.20538 
1.01336 
1.20633 
2.69172 
2.75576 
1.21481 
1.23838 
1.20494 
1.20494 
1.27676 
1.41681 
1.55767 
1.87363 
1.2964 
0.908152 
1.23948 
1.20495 
1.20495 
1.32777 
1.20494 
1.20494 
1.20494 
1.20494 
1.20494 
1.20494 
1.20494 
1.20494 
1.20494 
1.20494 
1.20494 
1.04589 
1.07908 
1.42048 
1.42014 
0.683513 
1.42378 
1.20494 
1.20494 
1.20494 
1.94235 
1.84563 
1.58803 
1.52744 
1.20494 
1.20494 
1.20494 
1.20494 
0.666526 
0.659136 
0.678874 
1.20494 
1.20494 
1.20494 
1.20494 
1.20494 
2.40974 
2.37848 
2.36305 
1.20494 
1.20494 
1.20909 
2.79705 
1.37088 
1.22055 
1.79661 
2.60161 
2.66528 
1.46943 
1.20494 
2.73292 
2.70685 
2.62249 
1.78455 
1.79569 
0.973493 
2.24507 
2.23558 
2.9217 
2.86456 
1.21506 
2.78961 
2.7292 
2.72319 
0.742667 
1.66474 
1.65935 
2.64482 
2.60596 
2.6199 
1.20494 
1.20494 
1.20494 
1.72575 
2.40769 
2.54379 
2.3694 
1.26742 
1.25391 
2.6526 
2.69944 
2.30036 
2.30047 
1.18214 
1.156 
0.665484 
1.20497 
0.872412 
1.20494 
1.20494 
1.20494 
0.673612 
0.801198 
1.07714 
0.690891 
1.20496 
1.20494 
1.59156 
1.20494 
1.05984 
2.73433 
1.20495 
2.67704 
1.25449 
1.31423 
1.20494 
1.20494 
1.20494 
1.20495 
1.33198 
1.20494 
1.20494 
1.20494 
1.20494 
1.20494 
0.687611 
1.86238 
1.20494 
1.32944 
1.20494 
0.815991 
2.28393 
2.30953 
1.74957 
1.43116 
1.20494 
1.20494 
1.22038 
2.51297 
0.681872 
1.20608 
1.20796 
0.889322 
1.20494 
0.849817 
0.916542 
1.13357 
1.15818 
1.13587 
0.701291 
0.705137 
1.20494 
1.20494 
0.756086 
0.898064 
0.902895 
1.20494 
2.64258 
2.55765 
1.20715 
1.23866 
1.20494 
2.10778 
1.25541 
0.872725 
0.760867 
0.76577 
0.775925 
0.936497 
0.792175 
0.733189 
1.20494 
1.20565 
0.742435 
1.10349 
2.57794 
1.20529 
0.765764 
0.770663 
1.20496 
0.691498 
0.926325 
0.931134 
2.66047 
2.72517 
1.3368 
0.686616 
1.20494 
1.21111 
1.20497 
1.20504 
2.6139 
1.85696 
1.20494 
1.20494 
1.20494 
1.20494 
2.71742 
2.6848 
0.857209 
0.862061 
2.16353 
0.947095 
0.951893 
1.20494 
1.20494 
1.20494 
0.746877 
0.751808 
1.20497 
1.20497 
1.15255 
1.20494 
2.61929 
2.27425 
2.28161 
2.26026 
0.90713 
0.911955 
1.3459 
0.981738 
1.20494 
0.994369 
0.999131 
1.02152 
0.703589 
2.14747 
2.15277 
1.22883 
1.20494 
1.20494 
0.707013 
0.712203 
0.697237 
1.71806 
1.78406 
1.9268 
1.205 
1.20499 
1.27619 
1.27855 
2.30591 
2.28257 
0.733874 
1.20494 
2.39349 
1.99226 
2.47752 
1.6096 
1.85203 
1.81949 
1.83151 
1.26596 
2.1335 
1.23179 
1.20494 
0.828933 
0.803757 
0.809789 
0.814649 
0.694323 
0.699868 
1.20621 
1.20622 
1.48175 
2.53215 
1.37784 
1.38343 
1.20495 
1.20494 
1.20494 
1.20494 
1.20494 
1.20494 
2.31739 
2.2688 
1.20494 
1.20494 
1.20494 
0.700345 
0.705731 
1.20494 
1.20494 
1.30306 
1.30633 
1.22744 
0.864839 
0.869686 
1.24119 
0.681061 
0.684966 
1.47081 
1.46968 
0.797886 
0.808615 
0.802752 
1.20494 
1.20494 
1.20494 
0.770781 
0.775676 
1.20494 
1.20494 
1.20494 
1.20494 
1.23299 
1.20494 
1.20494 
1.20494 
2.81176 
1.20495 
1.20495 
1.20495 
1.42629 
1.43319 
1.20494 
1.20494 
0.677735 
0.685245 
0.688096 
1.20494 
1.20494 
1.20494 
1.58473 
1.64597 
1.5433 
1.55277 
1.20494 
1.20494 
1.22844 
1.22911 
1.20869 
1.20874 
2.54889 
2.46932 
1.03616 
1.0409 
1.21482 
1.21505 
1.00761 
1.01237 
0.710517 
0.715667 
1.20494 
1.20494 
0.958145 
0.962933 
1.20494 
1.20494 
1.12297 
1.12762 
2.28871 
2.26416 
0.822369 
0.827227 
0.688924 
0.694745 
0.751425 
0.756348 
1.0516 
1.05632 
2.95967 
2.52954 
1.20494 
1.20494 
1.06791 
1.07261 
1.20494 
1.34206 
2.38119 
2.35092 
1.20494 
1.20494 
2.26242 
2.3243 
1.20494 
1.20494 
0.804265 
1.74871 
1.74086 
0.88088 
0.885722 
1.99698 
2.06761 
0.835687 
0.840543 
2.23019 
2.61767 
2.55625 
0.704411 
1.2433 
1.28817 
1.20495 
1.20495 
1.20495 
2.57539 
2.00904 
1.20494 
1.22291 
1.20494 
1.20494 
1.86275 
2.92275 
1.20494 
0.820845 
0.833783 
1.22078 
1.20494 
1.20494 
2.57123 
1.22551 
1.21122 
2.48878 
2.60495 
2.78707 
0.714159 
0.71924 
1.23589 
0.894154 
0.697168 
2.29315 
2.26403 
1.20494 
1.20494 
1.20494 
1.20494 
1.20494 
1.20494 
2.5799 
1.92648 
1.20494 
1.20717 
1.20515 
1.34116 
2.55703 
2.5226 
1.21968 
1.21886 
2.50212 
2.56421 
1.20494 
2.7183 
1.20494 
2.66945 
0.780816 
0.70888 
0.716091 
2.20192 
0.781202 
0.786085 
1.20494 
0.941303 
2.64221 
1.42508 
0.738102 
1.20494 
1.10816 
1.08517 
0.761 
0.74738 
1.02626 
0.921359 
2.54925 
2.60797 
1.38151 
1.42823 
1.38505 
1.20494 
1.20494 
1.20494 
1.21553 
2.6189 
2.56403 
2.14648 
2.0353 
1.20494 
0.708934 
2.60535 
1.20931 
1.20494 
1.20494 
1.20494 
1.19206 
1.20494 
2.45133 
2.51423 
1.20494 
1.83448 
1.00876 
1.20494 
0.986515 
0.969682 
0.943933 
1.67897 
1.14374 
1.14836 
1.21747 
1.22551 
2.38153 
2.74779 
0.702739 
1.62015 
2.39891 
2.32511 
1.48999 
1.21861 
1.21363 
1.07309 
1.1077 
0.738839 
0.729738 
1.20494 
0.877568 
1.20494 
1.29443 
1.20495 
2.48633 
1.20533 
1.20494 
1.20494 
1.20494 
1.20494 
1.24328 
1.24765 
1.76143 
2.26588 
2.30312 
2.26374 
2.27815 
1.21769 
0.891386 
0.914872 
1.47346 
1.47606 
1.65638 
1.52526 
0.842641 
2.32686 
2.27339 
2.1905 
2.26541 
1.20494 
1.20494 
1.20494 
0.854665 
1.20494 
1.20494 
1.20494 
1.20494 
1.20494 
1.20494 
1.20494 
1.46002 
2.28828 
2.33802 
0.767064 
1.20505 
1.20505 
2.45616 
1.08986 
2.56116 
1.23981 
2.06159 
2.11503 
2.07048 
2.47591 
2.39453 
2.18082 
2.18387 
1.887 
1.89879 
2.24743 
2.2421 
1.20494 
2.82493 
2.77505 
2.79076 
2.50147 
2.5369 
1.34591 
1.30618 
1.20494 
2.5899 
2.51649 
1.73374 
1.73148 
0.683667 
0.690356 
2.45897 
2.42858 
0.692897 
0.684837 
1.25704 
2.36548 
2.31102 
2.29871 
1.20494 
1.20494 
1.20494 
0.748943 
1.3963 
1.20494 
1.20565 
0.743059 
2.54022 
2.59995 
2.56029 
2.61195 
1.20635 
1.20494 
1.20494 
1.20494 
1.69032 
0.974464 
0.734716 
0.725699 
1.20495 
1.42228 
1.20495 
1.20533 
1.20494 
1.20494 
0.847494 
1.51595 
0.78434 
1.24088 
1.20494 
0.838041 
0.717911 
0.722954 
1.20496 
1.56869 
2.53516 
2.58488 
0.872967 
1.21037 
1.20636 
1.20902 
1.20494 
1.28015 
0.952409 
1.20494 
0.786434 
1.20494 
1.2085 
1.20514 
1.20494 
1.3905 
1.20494 
1.20494 
1.20494 
1.20494 
1.18462 
2.61649 
2.56489 
1.20494 
0.786615 
0.753871 
0.997772 
2.20726 
1.20494 
1.20557 
1.20494 
1.20892 
1.05233 
1.20494 
2.44185 
0.783054 
0.758182 
0.763931 
0.712389 
1.20494 
1.95058 
0.845414 
1.20494 
1.20494 
2.59646 
2.55472 
1.21998 
1.18983 
1.82163 
1.817 
0.880617 
0.886461 
1.13938 
1.20494 
2.18812 
1.20494 
1.44297 
1.45006 
0.963034 
0.969014 
0.767116 
1.20498 
1.20498 
0.791494 
1.92166 
2.02343 
1.91388 
1.20494 
1.20494 
1.20494 
1.20494 
1.20494 
1.20494 
1.20494 
1.0237 
0.913896 
1.20825 
0.721762 
0.726776 
2.61314 
2.70777 
2.57621 
1.20494 
1.20494 
1.20494 
0.717723 
1.20495 
0.726919 
1.30928 
1.31258 
1.38697 
2.37493 
1.22893 
0.797045 
1.20494 
1.20494 
1.20494 
2.49538 
2.41361 
0.896681 
2.20821 
1.74989 
1.84105 
1.92456 
1.2089 
1.71198 
1.25549 
1.48738 
2.34703 
0.85139 
0.714945 
0.724196 
0.721566 
1.21472 
1.78517 
1.79723 
1.20494 
2.41736 
2.34079 
1.20494 
0.922982 
0.928897 
0.762591 
0.768339 
2.42243 
1.20494 
1.50275 
1.51119 
1.20494 
1.20494 
1.20494 
1.27337 
1.31025 
1.27762 
0.720563 
0.726998 
0.888509 
0.894373 
1.34591 
1.35034 
0.776526 
0.747722 
0.764388 
1.20494 
1.20494 
1.20494 
1.20494 
1.65591 
1.58806 
1.20503 
1.20502 
1.52747 
1.58893 
1.52933 
1.20494 
0.791577 
0.79731 
2.36426 
2.28797 
0.866246 
1.2061 
1.20609 
0.723641 
0.729889 
1.20494 
1.20494 
1.20494 
1.20494 
2.2978 
2.26442 
2.26396 
1.77677 
2.1967 
0.713633 
0.700179 
0.730801 
1.20494 
1.20494 
1.20494 
1.01043 
1.0165 
1.63699 
1.70142 
1.63911 
1.64988 
1.20494 
1.20494 
1.24101 
1.24203 
1.96177 
1.21092 
1.21101 
1.06781 
1.07398 
1.22047 
1.22082 
1.03765 
1.04377 
0.730353 
0.736385 
1.20494 
1.20494 
1.20494 
1.20494 
1.1602 
1.16652 
2.2223 
1.20494 
1.20494 
0.844624 
0.850403 
1.20494 
1.20494 
1.20494 
0.771761 
0.777495 
1.08417 
1.09036 
1.20494 
1.20494 
1.10149 
1.10771 
0.974107 
0.980113 
1.20494 
1.20494 
1.20494 
2.54482 
2.50387 
2.51098 
1.20504 
1.2053 
0.823275 
1.00406 
0.970538 
1.03431 
0.90514 
0.911027 
2.0679 
2.14547 
0.858371 
0.864175 
2.22793 
1.2796 
1.32659 
0.796852 
0.802589 
2.01926 
0.93241 
0.93834 
2.09306 
0.813521 
2.20874 
2.24051 
1.20494 
1.20494 
1.20494 
2.70913 
1.20496 
1.20495 
1.20494 
2.44451 
1.207 
1.20494 
1.20494 
0.821678 
0.733942 
0.739877 
1.20557 
1.20528 
2.54628 
2.21409 
2.19315 
1.20494 
1.20494 
1.20494 
0.702393 
1.20494 
1.20495 
0.902547 
1.20494 
1.20494 
2.43432 
2.39353 
2.56368 
1.20494 
1.20494 
0.707882 
1.05846 
0.857182 
1.27642 
1.72356 
0.802259 
0.808002 
1.20698 
0.919795 
1.20494 
1.39621 
0.733031 
1.20494 
1.20675 
2.52926 
2.44871 
2.38692 
1.22955 
1.02979 
1.20494 
2.35609 
2.24399 
1.43896 
0.966814 
1.20494 
1.20494 
2.45667 
2.43655 
2.43308 
1.14568 
1.11986 
2.43267 
0.759628 
0.749666 
1.20494 
1.20494 
0.825426 
2.15215 
2.19267 
0.772854 
1.20494 
1.20494 
0.831649 
1.18243 
1.18877 
1.20494 
1.20494 
0.730699 
1.20494 
1.20494 
0.942212 
1.2149 
1.21591 
1.2222 
2.37729 
1.20861 
1.20494 
2.20528 
1.28956 
1.20712 
1.20623 
1.43979 
1.50641 
1.10149 
1.13763 
2.23893 
2.23158 
0.781416 
1.22596 
0.691809 
1.9365 
1.85666 
0.837404 
0.865559 
2.25869 
1.3789 
2.27016 
2.32931 
1.86883 
1.207 
0.792161 
2.35778 
0.843808 
2.35272 
2.40998 
1.16597 
1.17055 
1.73344 
1.48604 
1.49133 
0.958373 
1.20494 
1.20494 
2.26206 
2.27064 
2.18548 
2.14539 
0.782254 
0.912102 
0.936503 
1.20494 
1.20494 
1.20494 
1.207 
1.20494 
1.20494 
1.20494 
1.53819 
1.54295 
1.25773 
0.819386 
0.82514 
1.20494 
2.27986 
2.00877 
1.20494 
1.20494 
0.712449 
1.20511 
1.20511 
1.20494 
1.20494 
1.20494 
2.20125 
2.16944 
1.20495 
1.20495 
2.18651 
1.20495 
1.20495 
1.57837 
1.20494 
2.37579 
1.92223 
1.20494 
2.13496 
2.14288 
2.26066 
2.2584 
2.25201 
2.21721 
2.23217 
2.21985 
1.9873 
1.99867 
0.985675 
2.20468 
2.23019 
2.24476 
2.24088 
0.709987 
2.72088 
2.70408 
2.38066 
2.30544 
2.42945 
1.81471 
1.81463 
0.709952 
2.33042 
1.20494 
2.50662 
2.48282 
1.20495 
2.19049 
2.1379 
0.800911 
1.20495 
1.20495 
1.20497 
2.10239 
2.04373 
2.40191 
2.28343 
1.12611 
2.36585 
1.44463 
1.39632 
2.40693 
2.45785 
1.84673 
0.878804 
0.948155 
1.29585 
1.25961 
0.719051 
1.56511 
2.42946 
0.787143 
1.20853 
2.18617 
2.24288 
0.871374 
2.25229 
2.31129 
1.28249 
1.00382 
1.25932 
2.07391 
2.37089 
1.20494 
1.99714 
0.991695 
0.716626 
1.20494 
1.20494 
2.68289 
2.6258 
1.20497 
1.20547 
0.971494 
0.840842 
1.03012 
1.20549 
0.733735 
0.807817 
2.24128 
0.923813 
2.4523 
2.40138 
2.40606 
1.20494 
1.20494 
1.20494 
1.20494 
1.20494 
1.20494 
2.45369 
2.39475 
1.16039 
0.716295 
0.707707 
1.08805 
2.21595 
2.15196 
2.38807 
2.42031 
2.13956 
1.82162 
1.20494 
1.20494 
1.20494 
1.20494 
0.941808 
1.63935 
1.70822 
1.45995 
0.86282 
0.99439 
1.02942 
1.2419 
1.0576 
1.35493 
0.741588 
1.55533 
1.20494 
2.39598 
2.32223 
1.19435 
1.90581 
1.90339 
1.20685 
1.20494 
1.1814 
1.18907 
0.907076 
1.20501 
1.205 
1.52425 
1.5328 
1.28379 
0.79928 
1.20494 
0.831175 
0.993402 
1.9944 
0.982216 
0.989097 
1.20494 
0.932656 
0.939343 
0.789628 
1.20494 
0.719186 
1.43021 
1.48559 
1.22036 
1.20494 
2.27561 
2.20118 
0.804315 
0.810623 
0.799184 
2.14487 
1.21065 
0.73623 
0.74352 
2.22856 
2.16133 
0.745578 
0.751372 
1.21831 
0.749237 
0.864236 
2.19675 
2.45673 
2.40488 
2.40073 
0.794392 
0.800699 
2.25534 
2.188 
1.42589 
1.83954 
1.91317 
1.89455 
1.90656 
0.809484 
0.815799 
1.55673 
1.20494 
0.951319 
0.958084 
1.73515 
1.66096 
1.59471 
1.6045 
1.20494 
1.20539 
0.763427 
0.778951 
1.20494 
1.20494 
0.915303 
0.921946 
0.81356 
1.40321 
1.40897 
1.20494 
1.20494 
1.20494 
1.20494 
1.20494 
1.20508 
1.20508 
1.20494 
1.20494 
0.814793 
0.821117 
1.20494 
1.20494 
2.18487 
2.14061 
1.24569 
2.15689 
2.08528 
1.20596 
1.20523 
1.20564 
0.730568 
1.20681 
1.20494 
1.20494 
1.20494 
1.20494 
1.20494 
2.13808 
1.20494 
2.61779 
2.40762 
2.62254 
0.891408 
1.20494 
1.20494 
1.20494 
1.20494 
1.20494 
2.29327 
2.21745 
1.04352 
1.05067 
1.69222 
1.75968 
1.20494 
1.20494 
1.25971 
1.26122 
0.737704 
0.743554 
1.20494 
1.20494 
1.66933 
1.68014 
1.21446 
1.21461 
1.10457 
1.11195 
1.96269 
1.97437 
1.31525 
1.31851 
1.22917 
1.22972 
1.07241 
1.07968 
0.752531 
0.759278 
2.14017 
1.20494 
1.20494 
1.20384 
1.21157 
0.869644 
0.876121 
1.20494 
1.20494 
1.12207 
1.12951 
1.20494 
1.20494 
1.14064 
1.14815 
0.743517 
1.00509 
1.01206 
1.20826 
1.20827 
2.30349 
2.15287 
2.07572 
2.24988 
2.02451 
2.03553 
0.780495 
1.31777 
1.36702 
1.20494 
1.20494 
0.876683 
0.883167 
0.820233 
0.826579 
0.81927 
0.961204 
0.968003 
1.20494 
1.20494 
2.04334 
0.837429 
0.747454 
0.88575 
1.20497 
1.20496 
1.20518 
0.756001 
0.762633 
1.20494 
1.20494 
1.20494 
1.20494 
0.839018 
1.61686 
1.20522 
1.20494 
1.20494 
2.17279 
0.97833 
1.34037 
1.20527 
2.14479 
1.01731 
2.23899 
1.6128 
1.61921 
2.0542 
2.30411 
1.20494 
2.6503 
2.42363 
2.38323 
1.20494 
2.29911 
2.25295 
1.20494 
1.16796 
2.43671 
1.09536 
0.755441 
1.20495 
0.738542 
0.746107 
2.0688 
2.12281 
1.99634 
2.04373 
0.94854 
0.825809 
0.832172 
1.8198 
1.46712 
1.20494 
1.20494 
0.747399 
1.40225 
1.3575 
2.2678 
2.20247 
0.990491 
1.20494 
1.20494 
1.24285 
2.16327 
2.23024 
2.12061 
1.84717 
1.34393 
2.3381 
1.35937 
1.0648 
1.20822 
2.23459 
2.23017 
1.28607 
1.20494 
2.16072 
2.19883 
1.00032 
2.08212 
1.22782 
1.23564 
2.17575 
1.22066 
1.06089 
2.00764 
2.1114 
2.00221 
1.20494 
1.20494 
1.20494 
1.20494 
1.26594 
1.23193 
1.20501 
0.739012 
0.747839 
1.20494 
0.805589 
0.930481 
1.2143 
1.21906 
1.20525 
1.20512 
0.869254 
0.856175 
0.816393 
1.20494 
1.20494 
1.32829 
1.54288 
1.37387 
1.59401 
1.13122 
1.16907 
1.8336 
1.74579 
2.07891 
2.089 
1.20494 
1.20494 
2.04553 
1.99499 
1.26164 
1.20496 
1.20495 
2.06689 
1.2107 
1.20496 
0.740955 
0.75087 
0.748423 
1.56368 
1.50591 
0.785005 
1.20627 
1.21262 
2.17223 
2.22583 
1.32205 
2.07855 
2.01522 
1.20494 
1.20494 
2.23859 
2.23972 
0.899123 
2.07005 
2.04029 
1.20494 
0.933615 
0.958814 
1.20494 
1.20494 
1.20522 
1.20521 
1.20494 
1.20494 
0.843481 
0.849889 
1.5962 
1.664 
1.60023 
1.26061 
1.20681 
1.20596 
0.746259 
1.20494 
1.20494 
0.791322 
2.20612 
2.18169 
1.20495 
1.20495 
2.05211 
2.30211 
1.20522 
1.03718 
2.19312 
2.1992 
2.2451 
2.23879 
2.60065 
2.59668 
2.21567 
2.23709 
1.20494 
2.23253 
2.22842 
1.20494 
1.20494 
0.905698 
2.17451 
2.10253 
2.54142 
2.52325 
1.02433 
1.90408 
1.90549 
0.831538 
0.843818 
0.837912 
2.5986 
1.20546 
0.78681 
0.776091 
0.883942 
2.0467 
2.00033 
2.00683 
1.20494 
1.20494 
1.20494 
1.20494 
2.12874 
2.16208 
0.756225 
1.20494 
1.20494 
0.795945 
0.897969 
0.86259 
0.849726 
1.37921 
1.3871 
1.75736 
0.913688 
0.753405 
0.890451 
1.20495 
1.20494 
1.20494 
1.20494 
0.858982 
1.6066 
0.927778 
1.20549 
1.20548 
1.20494 
1.20494 
1.20494 
1.20494 
2.27862 
2.21542 
2.42163 
2.32227 
0.732239 
1.12836 
1.20495 
2.37735 
0.809125 
1.35184 
1.31142 
1.823 
1.74361 
1.54602 
1.20494 
0.740261 
0.883633 
1.20494 
1.20494 
1.20501 
1.01904 
1.05581 
1.20494 
1.90097 
2.1778 
0.911879 
0.818749 
1.93246 
1.20494 
0.763611 
0.936115 
0.94338 
1.99697 
1.99605 
1.20494 
0.771205 
1.62111 
1.63091 
1.32079 
1.25381 
2.11314 
2.05546 
2.096 
1.09574 
1.20494 
1.20647 
0.962928 
0.77589 
0.919731 
0.926874 
2.21524 
2.233 
2.21972 
1.20499 
1.20511 
1.47568 
1.53369 
0.823788 
0.830548 
0.813866 
0.820638 
1.20667 
1.20779 
0.828989 
0.835743 
2.24127 
2.23664 
2.24067 
1.205 
2.05023 
1.99622 
0.767662 
0.774023 
0.97259 
0.980019 
0.762555 
1.00394 
1.21406 
2.30537 
2.05738 
2.00641 
2.00004 
0.982611 
0.990109 
0.81417 
2.06896 
2.12526 
2.17085 
2.13419 
1.90388 
2.00056 
2.01183 
0.83435 
0.841114 
1.20494 
1.20494 
1.22911 
1.41581 
1.69992 
1.71069 
1.20494 
1.20517 
0.889791 
1.20494 
1.02718 
0.944739 
0.952039 
2.09197 
2.02616 
1.47696 
1.48413 
1.20494 
1.20494 
1.96674 
1.20494 
1.20494 
1.20495 
0.839858 
0.846644 
1.20494 
1.20494 
1.20494 
2.05994 
2.01572 
2.02695 
0.906261 
1.20494 
1.20494 
2.24605 
2.2957 
1.26124 
1.20494 
2.25278 
1.20494 
1.20494 
1.20494 
1.0153 
1.02299 
1.06631 
2.62051 
2.63522 
2.60156 
2.24229 
2.23341 
1.08068 
1.08877 
1.74954 
1.81848 
1.20494 
1.20494 
1.28696 
1.28913 
0.759701 
0.770013 
0.766201 
1.20494 
1.20494 
1.77986 
1.79127 
1.22003 
1.22026 
1.14615 
1.15461 
2.06109 
2.07157 
1.36362 
1.36799 
1.24241 
1.24326 
1.1116 
1.11992 
0.776649 
1.03963 
1.04745 
1.20494 
1.20494 
1.2536 
0.773742 
0.781631 
0.896955 
0.903976 
1.20499 
1.20494 
1.20494 
1.20494 
1.16501 
1.17358 
1.20494 
1.20494 
1.18508 
1.19374 
1.20494 
1.23683 
1.36361 
1.20522 
0.95365 
0.961018 
1.35798 
1.40961 
1.20494 
1.20494 
1.20505 
1.20516 
1.20504 
0.904278 
0.918981 
0.911371 
0.845525 
0.852327 
1.22926 
1.23817 
0.993049 
1.0006 
2.19208 
2.12015 
1.20494 
2.25517 
1.20495 
1.20495 
1.20496 
2.14845 
2.15448 
2.10139 
2.15352 
2.10357 
0.779907 
0.787223 
2.14831 
2.17912 
1.20494 
1.20494 
2.09098 
2.13707 
2.2239 
1.6957 
1.20596 
1.20498 
1.20494 
1.16253 
1.20231 
1.20494 
1.08861 
1.20494 
1.21621 
2.2901 
2.24664 
1.55456 
1.20494 
1.20494 
1.20494 
1.13675 
1.20543 
2.07961 
1.20494 
0.747286 
2.12258 
1.20495 
0.765036 
0.77326 
0.815887 
0.8045 
2.05328 
2.10685 
1.20494 
1.20494 
1.40592 
0.851307 
0.858163 
1.91127 
1.94209 
1.20498 
1.20502 
1.20494 
1.20494 
1.01496 
1.20502 
2.08485 
2.01962 
1.20494 
1.20494 
1.20494 
1.97557 
2.06959 
1.70503 
0.825509 
1.20494 
1.21523 
0.771813 
1.85824 
2.20934 
0.788379 
2.03897 
1.03492 
2.48305 
1.20494 
1.20494 
0.779405 
0.769003 
1.20505 
0.863355 
1.32396 
1.42155 
2.17074 
1.99237 
1.20494 
1.20494 
1.27963 
1.28878 
1.10395 
1.01155 
2.09849 
2.09466 
0.856133 
0.935002 
1.2127 
1.23827 
1.21414 
1.21027 
0.778161 
1.20499 
1.20497 
1.20494 
1.44428 
1.45358 
0.970313 
0.782419 
1.26263 
1.46098 
1.49807 
1.30771 
1.3309 
1.20494 
1.20494 
1.67078 
2.13792 
2.15626 
2.16444 
1.90589 
1.86724 
1.20495 
0.762597 
2.2878 
2.237 
2.22684 
1.90532 
2.00275 
2.05204 
0.834402 
0.857328 
2.21571 
1.25359 
1.26144 
1.22958 
1.20494 
1.20494 
2.1554 
0.896762 
0.882838 
1.97378 
1.95106 
1.91051 
1.85939 
1.20494 
1.20494 
2.24322 
1.29923 
0.75997 
0.770172 
1.90363 
1.95229 
0.95572 
0.981579 
1.20494 
1.20494 
1.20494 
1.2054 
1.20539 
1.20494 
1.20494 
1.20494 
0.869636 
0.87657 
1.67485 
1.68048 
2.22548 
1.20494 
2.279 
2.10932 
2.12778 
2.4442 
2.45946 
1.20495 
1.20495 
2.56506 
1.05265 
1.20494 
1.20494 
2.23288 
2.23664 
2.22263 
2.21673 
2.46084 
2.46562 
0.784192 
1.06056 
1.26261 
2.20877 
2.20354 
1.20499 
1.20496 
1.20494 
1.20494 
1.24731 
1.98247 
1.91779 
2.55477 
2.54147 
1.51326 
1.45974 
1.99823 
1.41765 
1.46734 
1.42544 
1.94413 
1.20494 
1.92954 
1.89948 
1.70332 
1.63584 
1.20498 
1.86998 
1.21029 
1.20796 
2.24231 
2.24584 
1.20494 
1.20494 
2.05654 
2.04139 
1.07431 
2.00053 
1.91243 
2.22007 
2.23564 
0.87612 
0.889794 
0.883063 
1.20498 
1.21119 
1.20494 
1.20494 
1.17327 
2.21 
2.20225 
1.91466 
1.95691 
2.0661 
2.10309 
2.09935 
2.03543 
1.20494 
1.64771 
2.31109 
2.20775 
1.20495 
1.20494 
1.31931 
1.28138 
1.06423 
1.20495 
1.41519 
1.37051 
1.74818 
1.87561 
1.91918 
1.20495 
1.20494 
1.04464 
1.08338 
1.96987 
1.21294 
0.844561 
0.872421 
1.20583 
1.20581 
1.20494 
0.783006 
0.976651 
2.09067 
2.09067 
2.47113 
2.39094 
1.73076 
1.74142 
1.81396 
1.82517 
0.870262 
0.857247 
1.37176 
1.20494 
1.20494 
1.97178 
1.2425 
2.19038 
2.22102 
2.19717 
0.834122 
1.92775 
0.950274 
2.24266 
2.24645 
2.24483 
1.52335 
2.18533 
0.849745 
0.856903 
1.20647 
1.20494 
1.20494 
0.855132 
0.862269 
1.20737 
1.90304 
1.86132 
2.03773 
2.04842 
0.791405 
1.00604 
2.07228 
2.01258 
2.11138 
2.01666 
1.0167 
1.02487 
1.20494 
1.20494 
1.20494 
0.879089 
1.20495 
1.20494 
1.20494 
2.09662 
2.10643 
2.00106 
0.802757 
0.860725 
0.867859 
0.766991 
0.777479 
0.775633 
1.20494 
1.20494 
1.20494 
2.23325 
1.2052 
1.20501 
1.20538 
1.20494 
0.9041 
1.20494 
1.20494 
1.20494 
0.799141 
0.789795 
0.818479 
1.21944 
1.20494 
1.29124 
1.91806 
1.87106 
1.86406 
1.20494 
1.4939 
1.93924 
1.89108 
1.88016 
0.866494 
0.873652 
1.20494 
1.20495 
1.20495 
1.30948 
0.927192 
1.20494 
0.958813 
0.966587 
1.85729 
1.90282 
1.25806 
2.09037 
1.0394 
2.55869 
2.58922 
1.13812 
2.23192 
1.20494 
1.05155 
1.05997 
1.80605 
1.20494 
1.20494 
1.20494 
1.07759 
1.0862 
1.89451 
1.90589 
1.2287 
1.22906 
1.19247 
1.22257 
1.20202 
2.14591 
2.1546 
1.42802 
1.43361 
1.26225 
1.26352 
1.15523 
1.16455 
1.20494 
1.20494 
0.96757 
0.975457 
1.0916 
1.10032 
0.9263 
1.20494 
1.20494 
1.20494 
1.20494 
1.23475 
1.2445 
0.986062 
0.994076 
0.795642 
0.802439 
1.10632 
1.11517 
0.799999 
0.806782 
1.28948 
1.29148 
1.40034 
1.4544 
1.20494 
1.20494 
2.21602 
1.20497 
1.28296 
1.29299 
1.20494 
1.0278 
1.03606 
1.99923 
1.94998 
1.93335 
1.20495 
1.20495 
1.20494 
1.20494 
1.20494 
0.805579 
0.813703 
1.20494 
1.20494 
2.07705 
2.12471 
1.76818 
1.21373 
1.22924 
1.2066 
1.19572 
1.23751 
1.90846 
1.20696 
2.15136 
2.10286 
1.20494 
1.50098 
2.1953 
1.33891 
1.18273 
1.20495 
2.18564 
1.93193 
1.20494 
1.24321 
0.891059 
0.878502 
0.885752 
0.794194 
1.28925 
0.81126 
1.07277 
1.20495 
1.47517 
2.5772 
0.864123 
1.88642 
1.7851 
1.20494 
1.20494 
1.20494 
2.19266 
1.11779 
1.98103 
0.984581 
1.04048 
1.74763 
1.20659 
1.20795 
0.802177 
1.20496 
1.20494 
1.20494 
1.20494 
1.20494 
1.20494 
1.20494 
1.20494 
2.03439 
1.20494 
1.9127 
1.20494 
1.20494 
1.33785 
1.34826 
2.24816 
1.20494 
1.20494 
1.20494 
2.00464 
1.95552 
2.1888 
2.18603 
0.811358 
0.800521 
0.879617 
0.834681 
1.80347 
1.77288 
2.20047 
1.20626 
1.85797 
0.839553 
1.51685 
1.52733 
1.20494 
1.20495 
1.20495 
1.01413 
0.995816 
0.957981 
0.942004 
1.39383 
1.28087 
1.23647 
1.2965 
1.20494 
0.798241 
0.78732 
1.30758 
1.3168 
2.2152 
2.22103 
1.79231 
1.7629 
1.98517 
2.11244 
2.06343 
2.04995 
1.80078 
1.76143 
1.20495 
1.20495 
1.20495 
0.855334 
0.877487 
1.20494 
1.20494 
1.20494 
1.20494 
1.94397 
1.9842 
1.96738 
1.20494 
1.20494 
1.20494 
1.20494 
1.65963 
1.04774 
1.89012 
1.87178 
0.934058 
0.941663 
1.20502 
1.77181 
1.73194 
1.20494 
1.20494 
1.20494 
1.20494 
2.18194 
2.16747 
1.56785 
1.57634 
1.20494 
1.20494 
1.20494 
1.20494 
0.978264 
1.00506 
1.9881 
1.20569 
1.20494 
1.20494 
0.897592 
0.905005 
0.846716 
1.20494 
1.20494 
1.20494 
1.20494 
1.20494 
1.31971 
1.20494 
1.20494 
0.924728 
0.898527 
0.947782 
1.20494 
1.20494 
0.851724 
2.2148 
1.26792 
2.03411 
1.99397 
2.01731 
2.26574 
2.28625 
1.20495 
1.20495 
2.45114 
1.84964 
1.21957 
1.21348 
1.91658 
1.83354 
2.25282 
2.25401 
2.19089 
2.18431 
1.12183 
2.30283 
2.31267 
1.99645 
1.32567 
0.783474 
0.790565 
1.20495 
1.20495 
2.1733 
0.93379 
0.918714 
1.20496 
1.20494 
1.20494 
1.48594 
1.49517 
1.81231 
1.75737 
2.53939 
1.83232 
1.80909 
2.1953 
2.1897 
1.20494 
1.20494 
1.20494 
1.64408 
1.58128 
1.14726 
1.20512 
1.20511 
1.65741 
1.85367 
1.86116 
1.84674 
1.89149 
1.37597 
0.809564 
0.798742 
1.00389 
1.41947 
1.58309 
1.20495 
1.58406 
1.72669 
2.18238 
2.09299 
1.97457 
2.01504 
2.21041 
2.2311 
2.16656 
1.13079 
1.32864 
2.53025 
2.50607 
1.74814 
1.79113 
1.20984 
1.85692 
1.20494 
1.58958 
1.86896 
1.8282 
1.84917 
1.33085 
2.17086 
2.16296 
1.20495 
2.14922 
2.13998 
1.92442 
1.8632 
1.20495 
0.831131 
1.33779 
1.37975 
1.34701 
1.20494 
1.20494 
1.20494 
1.48559 
1.43658 
2.52648 
2.45109 
2.52007 
2.21232 
1.79359 
1.72202 
1.07179 
1.11252 
1.20495 
2.14053 
1.20763 
1.20494 
0.831302 
1.84814 
0.871727 
1.93051 
1.94155 
1.81686 
1.77631 
1.79176 
1.20494 
1.89575 
1.93677 
1.37164 
1.9545 
1.11901 
0.888448 
0.884694 
0.898423 
0.892013 
1.73584 
1.7768 
1.20494 
1.20494 
0.841837 
0.829935 
1.87408 
1.81278 
2.29035 
2.3818 
2.28444 
1.20494 
1.20494 
1.71546 
1.20494 
1.20494 
1.18485 
1.01114 
0.87704 
0.884593 
1.78337 
1.74249 
1.75163 
2.13073 
2.23593 
2.25091 
2.24023 
1.05358 
1.83915 
0.824474 
1.43945 
2.03204 
2.17692 
2.18477 
1.20494 
1.09096 
1.20494 
0.99217 
1.20496 
1.20496 
1.20494 
1.20494 
2.12647 
2.09109 
2.11589 
1.20494 
1.67455 
1.68413 
0.854798 
1.20567 
0.894541 
0.90202 
1.57321 
1.63693 
1.20638 
1.20761 
1.20636 
1.20495 
1.10465 
1.11392 
1.31518 
1.03141 
2.23745 
2.24232 
1.20494 
1.20495 
1.87546 
0.900829 
0.908352 
1.20531 
1.76175 
1.77225 
2.0063 
2.01696 
1.24206 
1.20494 
1.51033 
1.51719 
1.29133 
1.20346 
1.21375 
1.20494 
1.20494 
1.00152 
1.00998 
1.13419 
1.14369 
1.26267 
1.26376 
2.12703 
1.20494 
1.20494 
1.02107 
1.02978 
0.820884 
1.53147 
1.58996 
1.54045 
1.20533 
1.1502 
1.15984 
1.22301 
1.23351 
0.82534 
0.832525 
1.20495 
1.20495 
1.32967 
1.33243 
1.4449 
1.50131 
1.20494 
1.20494 
1.34249 
1.35353 
1.20495 
1.20494 
1.20494 
2.01212 
1.20605 
1.20658 
1.06546 
1.07441 
1.20616 
2.10075 
1.20494 
1.20494 
1.2053 
1.86651 
1.7895 
1.96577 
1.21163 
1.223 
1.82977 
0.90436 
0.911775 
1.2098 
1.14899 
1.20494 
1.20494 
1.20494 
0.870095 
1.20494 
1.76878 
1.20518 
1.76138 
1.20494 
1.20495 
0.907266 
0.914875 
1.66499 
1.38077 
2.31087 
0.841209 
0.830005 
1.20495 
1.20494 
1.20494 
1.87895 
1.65876 
1.62805 
2.27053 
1.84119 
1.04015 
0.808416 
0.797498 
1.3402 
1.20495 
1.20494 
0.806113 
1.26596 
1.25945 
1.26964 
1.20494 
1.0018 
1.20494 
1.20494 
2.21873 
1.20498 
1.94743 
1.71354 
2.08966 
1.20494 
1.20494 
1.83883 
1.3829 
1.99648 
1.2135 
1.40262 
1.4142 
2.2727 
1.20494 
1.29316 
2.14166 
2.09878 
1.06241 
1.04219 
0.92049 
1.01969 
1.20494 
1.86444 
1.81205 
0.879289 
0.866594 
0.837097 
2.2652 
1.20494 
1.20495 
1.20495 
1.94523 
1.59645 
1.20494 
1.19485 
1.16707 
1.61507 
1.8298 
0.882608 
2.25092 
2.2506 
0.949693 
0.911392 
0.918825 
1.85906 
0.794265 
2.2599 
1.36817 
1.37872 
2.25318 
2.25643 
1.69856 
1.67573 
2.08626 
1.86016 
2.10766 
1.93897 
1.87843 
1.928 
1.93417 
2.49054 
1.20494 
1.20494 
1.44472 
1.37896 
0.895924 
1.20515 
0.796452 
1.20494 
1.20494 
1.00053 
0.983108 
1.07794 
1.20497 
1.77333 
1.73069 
1.81413 
1.79833 
0.965965 
1.20501 
1.20494 
1.20494 
1.20494 
1.20494 
2.00262 
2.04255 
1.77723 
1.7319 
1.20494 
1.20494 
0.896018 
1.20728 
1.20725 
0.927295 
0.935191 
1.08696 
0.926155 
1.10013 
1.20494 
1.12841 
2.18001 
1.20494 
2.13255 
2.1443 
1.32609 
1.28972 
1.5978 
1.05102 
1.96204 
1.20495 
1.20495 
1.20495 
1.20979 
0.838476 
1.92359 
1.96685 
1.20495 
1.20494 
1.20494 
1.20494 
2.07356 
1.92012 
2.2529 
2.2515 
1.20494 
1.20494 
2.1494 
1.79666 
1.84069 
0.808864 
0.816626 
2.49689 
2.44247 
1.20495 
1.2426 
1.22786 
1.20494 
1.24377 
1.25441 
1.74879 
1.72992 
1.20494 
1.20494 
2.11876 
2.15431 
1.56187 
1.57229 
1.66761 
0.828096 
0.816588 
1.20498 
1.17687 
1.20494 
1.20494 
2.14699 
1.20523 
1.20528 
1.94893 
1.95682 
1.8257 
1.76865 
1.23097 
1.27507 
0.833284 
0.842543 
0.830253 
1.70544 
1.7457 
2.34384 
2.3419 
1.30053 
1.03063 
1.06786 
1.89204 
1.87844 
0.874152 
0.861605 
1.60774 
1.55121 
0.890109 
1.20494 
1.38289 
2.13973 
0.974002 
0.95761 
2.08347 
1.20494 
1.20494 
1.20495 
1.62312 
1.6615 
1.20521 
1.20507 
1.75107 
1.79062 
2.42856 
1.20495 
1.20495 
1.14386 
1.18257 
2.04214 
1.20501 
2.12399 
2.1153 
2.09745 
2.08786 
1.20494 
1.6366 
1.67403 
1.37282 
2.31484 
2.43049 
1.73124 
1.66403 
1.88802 
1.8137 
1.20494 
0.900288 
1.06987 
1.35729 
1.48203 
1.27666 
2.00793 
0.864269 
0.843142 
1.20494 
1.09337 
1.20494 
1.73033 
1.6922 
1.71031 
1.92107 
1.20494 
1.20494 
1.43993 
1.20495 
1.04837 
1.20494 
1.20494 
1.20494 
1.20494 
1.20494 
1.20494 
1.33289 
1.714 
2.36158 
2.35663 
1.20494 
1.20494 
1.20494 
2.24342 
2.20573 
1.23608 
1.21273 
1.20494 
2.24165 
1.72969 
1.67489 
2.26038 
2.26002 
2.26204 
1.20496 
1.20496 
2.0402 
1.20927 
1.2127 
1.20924 
0.974432 
0.982643 
2.48499 
2.49936 
1.95243 
1.90646 
1.89244 
1.40098 
1.44703 
1.41147 
0.807707 
2.23698 
2.24241 
1.20494 
1.20494 
1.4496 
1.25656 
1.2677 
2.26746 
2.09568 
1.20494 
2.25717 
2.26105 
1.20499 
1.20499 
1.20494 
1.20494 
1.20494 
0.911385 
1.78324 
1.74083 
1.73536 
2.07018 
2.05968 
1.20555 
0.917457 
0.925288 
1.79313 
0.923916 
0.93168 
0.915762 
0.812564 
0.82007 
1.21854 
1.21857 
1.62561 
2.22799 
1.84748 
1.78289 
1.81185 
1.1485 
0.905693 
0.913682 
1.16404 
1.17423 
2.17368 
2.2034 
1.1196 
0.913829 
0.921528 
0.944871 
1.37785 
1.61068 
1.86488 
1.82387 
1.85067 
1.13376 
1.14361 
1.77962 
1.81619 
1.9073 
1.94938 
0.930672 
0.938467 
1.20494 
1.20494 
1.20494 
1.20494 
1.20494 
1.88268 
1.89344 
2.10796 
2.11727 
1.08131 
1.0909 
1.20494 
1.20494 
1.18049 
1.19076 
2.16268 
2.17081 
1.20553 
1.20494 
1.20494 
1.20494 
1.059 
1.06836 
1.70106 
1.7102 
1.52559 
1.53191 
1.198 
1.20837 
1.27782 
1.28937 
0.852037 
1.20495 
1.205 
0.968788 
1.385 
1.38865 
1.4913 
1.54833 
1.20494 
1.20494 
1.4077 
1.41967 
1.20585 
1.20513 
1.20494 
1.20494 
1.20494 
1.20495 
2.10273 
1.10618 
1.11579 
1.20614 
2.30471 
1.20498 
2.15094 
2.15755 
2.01254 
0.880155 
1.20695 
1.20495 
2.10229 
0.934338 
0.942238 
1.69016 
1.1016 
2.05227 
1.9664 
0.99144 
2.06979 
2.06006 
0.871264 
2.39576 
1.24296 
1.20494 
1.57598 
0.840877 
0.829677 
0.93762 
0.945515 
1.42495 
1.00001 
1.20692 
1.20595 
1.10296 
0.862877 
1.56592 
1.54208 
1.20494 
1.20494 
1.07942 
1.66066 
1.69955 
0.908317 
0.895085 
1.20494 
1.20506 
1.20494 
1.20494 
1.6151 
0.911939 
1.22776 
1.20494 
1.20494 
1.82256 
1.68997 
1.15855 
1.20494 
1.0576 
1.03809 
1.45188 
2.26968 
2.24052 
2.23769 
1.47415 
1.48655 
1.97707 
1.20494 
1.20494 
1.71657 
0.928293 
1.80319 
1.20494 
1.56257 
1.50934 
1.20494 
2.25159 
2.26563 
2.43498 
1.68209 
2.21254 
1.20494 
1.33548 
1.29251 
1.62904 
1.77557 
1.71997 
1.45449 
2.22379 
2.21966 
1.68535 
1.66092 
0.94176 
0.94962 
1.4355 
1.44734 
0.830468 
2.26928 
2.26983 
1.61893 
1.91209 
1.93141 
1.20494 
1.20494 
2.02362 
2.10687 
2.02991 
0.919296 
1.22805 
1.61071 
1.67376 
1.62092 
1.20494 
1.20494 
2.19812 
1.20494 
2.18357 
1.20494 
0.856753 
0.949503 
0.965532 
1.20494 
1.65509 
1.62204 
1.74262 
1.65465 
1.65727 
1.61739 
1.69521 
1.20494 
1.20494 
0.869171 
1.77396 
1.20494 
1.20494 
2.03113 
1.6538 
1.6184 
1.20494 
1.20523 
0.823921 
1.20875 
1.20871 
0.958852 
1.95879 
1.97017 
1.20495 
1.20494 
1.12933 
1.20494 
1.61846 
1.38977 
1.35013 
1.02819 
1.20494 
1.20494 
1.00923 
1.0179 
1.20496 
1.20495 
0.957396 
2.23416 
2.2303 
1.20494 
1.61942 
1.78188 
0.83602 
0.844674 
1.74569 
1.54826 
1.20494 
1.20494 
1.20494 
1.30031 
1.31203 
1.67407 
1.65782 
1.20494 
1.32428 
1.36196 
1.3361 
1.67605 
1.20498 
1.205 
1.20494 
1.20494 
1.20494 
1.64479 
1.65617 
1.20495 
1.20495 
2.07141 
1.97479 
1.21657 
1.20494 
1.20494 
0.859625 
0.847488 
1.24693 
0.966212 
0.994094 
1.20624 
1.20868 
2.09391 
2.13321 
2.06172 
2.04404 
2.05204 
1.61699 
2.30637 
2.40763 
1.26878 
1.31523 
0.863657 
0.874479 
1.20494 
1.20494 
2.41451 
2.41022 
2.00921 
1.99828 
1.24938 
1.29902 
2.39366 
2.33436 
1.20591 
1.20541 
2.02977 
1.80939 
1.85162 
1.04718 
1.0281 
1.65232 
1.67681 
1.62837 
1.57918 
1.29414 
1.26236 
1.55111 
1.5139 
1.60045 
1.63594 
2.18616 
0.864303 
1.20494 
1.20494 
1.72821 
1.76811 
1.20494 
0.967246 
0.951738 
1.20495 
1.2271 
1.73384 
1.17782 
1.21906 
2.00301 
0.885027 
1.98309 
2.04005 
2.0298 
1.20494 
1.554 
1.00844 
0.990921 
1.20828 
0.874707 
0.863257 
1.50479 
1.68201 
1.82358 
1.75292 
1.2703 
1.56622 
1.60131 
0.934833 
1.80027 
2.07799 
2.08785 
2.14148 
2.15028 
1.71816 
1.67972 
1.70333 
1.20495 
1.65434 
1.61831 
1.63745 
1.31471 
1.20494 
1.20494 
1.18003 
1.20495 
0.883954 
1.72864 
1.20494 
1.20494 
1.20494 
1.20494 
2.00824 
1.20494 
2.46978 
2.49258 
2.46365 
1.4177 
1.69388 
1.63336 
2.25871 
1.10005 
2.27481 
1.09819 
1.13456 
2.2637 
2.24919 
2.26274 
1.20497 
1.20497 
1.79481 
1.7542 
1.78128 
1.39049 
1.54825 
0.944668 
0.959978 
0.952708 
0.83939 
0.847598 
0.941548 
2.27403 
2.27681 
1.20494 
1.20494 
1.20494 
1.20494 
1.01856 
1.02744 
0.95454 
2.27889 
2.28008 
1.20494 
1.20502 
1.20502 
1.20494 
1.20494 
1.53911 
1.68682 
1.63742 
1.64779 
0.947757 
0.956012 
1.21794 
1.20987 
1.22094 
0.890015 
0.898021 
1.20494 
1.2051 
1.22643 
1.19609 
1.20692 
1.24088 
1.24112 
1.15001 
1.21285 
1.22386 
1.70793 
1.69675 
1.78845 
1.16462 
1.17498 
1.72662 
1.0601 
1.20494 
0.842024 
1.20494 
1.44612 
1.47081 
1.52087 
1.48263 
1.11171 
1.12204 
1.20495 
1.20494 
1.20494 
1.7568 
1.79928 
1.93732 
1.97943 
0.961871 
0.969865 
1.20494 
1.54762 
1.51484 
1.20494 
1.51352 
1.8274 
1.20494 
1.20494 
1.20494 
0.843246 
0.851157 
2.19289 
2.20031 
1.12369 
1.13419 
1.20494 
1.20494 
1.23059 
1.24168 
1.51343 
2.23191 
2.23786 
1.98417 
1.90891 
1.29206 
1.30351 
2.0098 
1.999 
1.82378 
1.83316 
1.63003 
1.63713 
1.2497 
1.26074 
1.33805 
1.35059 
1.45824 
1.46287 
1.20494 
1.20494 
1.47833 
1.49127 
1.97474 
1.96304 
1.20494 
1.20494 
1.20494 
1.66904 
1.20494 
1.20494 
1.20494 
1.20494 
1.58383 
1.30998 
1.40155 
2.19071 
1.20494 
1.20538 
1.20514 
0.9031 
1.50073 
1.0363 
0.969542 
0.977611 
1.55338 
1.58783 
1.20825 
1.20662 
0.898607 
1.48785 
1.46886 
1.70581 
1.20494 
1.20494 
1.28136 
1.64805 
1.20495 
2.42215 
1.48816 
1.20494 
1.20494 
1.8391 
1.88219 
1.88395 
1.896 
0.974577 
1.6262 
2.43882 
1.20494 
1.20494 
1.03715 
1.20494 
1.20494 
1.20494 
0.992491 
1.32659 
1.20494 
1.20494 
1.61615 
1.65266 
1.19054 
1.20494 
2.21276 
2.20752 
1.55183 
1.56419 
1.49938 
1.45716 
0.865796 
1.20513 
1.99763 
2.04296 
1.20494 
2.26306 
1.20494 
1.20495 
1.26315 
1.4489 
1.5838 
1.20494 
1.73233 
1.52591 
2.18854 
2.18209 
1.60318 
1.20494 
1.20494 
0.973874 
1.50979 
1.52296 
1.75075 
1.76622 
1.21189 
1.21184 
1.7255 
2.26382 
2.26161 
1.20494 
1.20494 
1.21732 
1.21725 
1.51717 
1.54994 
1.47293 
2.11638 
2.19478 
2.12249 
1.5343 
1.78767 
2.26449 
2.3343 
2.2665 
1.55832 
1.5326 
0.949969 
0.935834 
1.20494 
0.96261 
1.08871 
1.20494 
2.06965 
2.27431 
1.55673 
1.51691 
2.16194 
1.39414 
1.3357 
1.54483 
1.58868 
1.2264 
1.20495 
1.20495 
1.21399 
1.20494 
1.20494 
1.20518 
1.20566 
1.55308 
1.52052 
1.52547 
1.3623 
1.37518 
1.20499 
1.6738 
1.79177 
1.80225 
1.73501 
1.21115 
1.21114 
1.97794 
1.96691 
1.16046 
1.13644 
1.99177 
2.15796 
1.05886 
1.91736 
0.892986 
0.880157 
1.04651 
1.05557 
1.20496 
1.45899 
1.41606 
2.19841 
1.20494 
1.20494 
1.96804 
0.966132 
1.20494 
1.20494 
1.20494 
1.83919 
1.77259 
0.865429 
0.87534 
1.20494 
1.549 
1.20494 
1.20494 
1.20494 
1.11019 
2.12517 
1.60486 
1.59015 
2.15461 
1.20494 
1.20494 
1.20497 
1.20494 
1.20494 
1.20494 
0.855194 
0.982174 
0.99381 
1.0252 
2.13525 
2.14315 
2.4053 
2.45924 
1.30957 
1.35966 
0.89773 
0.910555 
1.20494 
1.20494 
2.44275 
1.94308 
1.93078 
1.54591 
1.56687 
1.54138 
1.57546 
2.44099 
2.43691 
0.99993 
1.00907 
1.63834 
1.59 
1.53226 
1.51618 
1.42035 
1.45156 
1.71219 
1.7531 
0.944416 
0.930495 
1.09865 
1.07766 
1.21588 
1.23079 
1.92745 
1.14687 
2.01323 
1.20496 
1.20495 
2.19242 
2.22501 
0.990459 
0.999215 
1.20494 
1.64668 
1.2299 
1.85306 
1.18315 
2.1146 
1.20494 
1.04499 
1.0262 
1.4832 
0.973293 
1.61204 
1.64938 
1.76357 
1.44704 
1.47741 
2.41937 
2.38293 
1.55634 
1.41687 
1.57341 
0.877093 
1.20494 
2.17533 
2.18378 
2.1086 
2.22218 
2.22913 
1.37804 
1.20494 
1.20494 
1.56814 
1.20499 
1.20498 
1.20494 
1.15727 
1.20494 
1.20494 
1.20494 
2.28771 
1.56496 
1.53096 
1.52271 
1.69911 
1.68565 
1.64537 
1.58828 
1.20495 
0.934065 
0.909893 
0.964274 
1.59094 
1.26582 
2.24714 
2.22043 
2.24364 
0.982221 
1.00783 
1.01681 
1.24776 
1.25911 
2.28727 
2.28748 
1.20494 
1.20494 
1.20494 
1.20494 
1.05676 
1.06611 
0.986383 
2.07673 
2.03313 
2.06708 
1.20494 
1.20494 
1.20494 
2.0788 
2.26004 
1.20507 
1.20506 
1.00145 
0.985018 
1.20495 
1.20494 
1.20495 
0.868099 
0.877338 
0.979472 
0.988276 
2.27758 
2.27628 
1.66018 
1.20497 
1.63564 
1.26061 
1.20494 
1.45964 
1.09345 
1.13185 
0.871581 
0.880242 
1.20527 
1.20524 
1.21482 
1.25839 
1.20495 
1.20495 
1.45553 
1.425 
1.43018 
1.32789 
1.743 
0.994221 
1.00241 
1.20494 
1.20494 
1.20494 
1.53321 
1.56644 
0.901642 
0.912874 
0.919616 
1.20494 
1.20494 
1.20494 
2.2562 
2.26147 
1.16989 
1.18145 
1.20494 
1.20494 
2.46731 
2.45462 
2.4623 
1.28459 
1.29678 
1.38813 
1.40106 
1.91919 
2.00503 
1.84667 
1.35255 
1.3641 
1.01664 
1.02531 
1.29269 
1.29376 
1.94602 
1.9349 
1.47106 
1.95042 
1.95938 
1.74999 
1.75738 
1.3051 
1.31685 
1.20768 
1.20844 
1.40413 
1.41731 
0.920174 
1.19738 
1.20882 
1.0671 
1.07675 
1.90368 
1.56021 
1.20494 
1.51591 
1.20494 
1.20494 
1.64422 
1.59962 
1.59586 
1.33925 
1.60679 
1.20497 
1.8616 
1.08752 
1.07477 
1.47754 
1.45706 
1.20494 
1.20494 
2.25692 
1.48547 
2.40516 
1.20657 
1.20572 
1.03622 
1.20494 
1.20494 
1.49934 
1.43763 
1.4674 
0.875646 
1.20494 
1.20494 
2.09912 
2.13936 
1.98086 
1.50917 
1.46768 
1.19463 
1.3903 
1.20494 
1.58502 
1.56988 
0.939336 
1.20494 
1.20592 
2.16942 
2.1307 
2.16204 
1.20502 
1.20501 
1.63294 
1.64458 
1.38891 
1.20494 
1.16848 
1.14481 
2.20168 
2.20739 
2.23771 
2.23261 
1.00287 
1.01091 
1.20494 
1.20494 
1.20494 
1.95441 
0.925322 
0.994907 
1.4693 
1.45521 
1.20494 
1.74025 
1.78242 
1.20494 
1.41808 
1.20494 
1.20494 
1.20494 
1.20494 
1.20494 
0.888273 
1.27783 
1.42886 
1.5919 
1.60523 
1.21058 
1.60864 
1.61966 
1.21604 
1.216 
0.977336 
0.993649 
0.985605 
1.91384 
0.939142 
1.20494 
1.20494 
1.20494 
1.22438 
1.22425 
1.43023 
1.44442 
2.26766 
2.27082 
1.20494 
1.20494 
2.32964 
2.38189 
2.33055 
1.3381 
1.21289 
1.03477 
1.23468 
1.26853 
1.20494 
1.17073 
1.44916 
1.46766 
1.90238 
1.41628 
1.64249 
1.20494 
1.20494 
1.20494 
2.12376 
2.03915 
1.20494 
0.883957 
1.20495 
1.20499 
1.20507 
1.58308 
1.65671 
1.26072 
1.23841 
1.21519 
1.21531 
1.91217 
1.90008 
1.43538 
1.43518 
1.46401 
1.09293 
2.16298 
2.2955 
1.8579 
1.08642 
1.09562 
1.20495 
1.54736 
1.56067 
1.51995 
1.42022 
1.40475 
1.2409 
1.20495 
2.04831 
1.20494 
1.20567 
1.94294 
1.21109 
1.36106 
1.20494 
0.897929 
0.909757 
2.27781 
1.53913 
1.52539 
2.4319 
2.42744 
1.35626 
1.20494 
1.20494 
0.982461 
0.967847 
1.5469 
1.20494 
1.20494 
1.20688 
1.20736 
1.02714 
1.05946 
0.928614 
0.91492 
1.55077 
1.78409 
1.72021 
2.21834 
2.14844 
1.22405 
1.20494 
1.89154 
1.94014 
1.55452 
1.60488 
2.28954 
0.936859 
0.951444 
1.20494 
1.20494 
1.20494 
1.87144 
1.85758 
1.49861 
1.5144 
2.40007 
2.41712 
1.87025 
1.04622 
1.02866 
1.20494 
1.20494 
1.99255 
1.92349 
0.933915 
1.15576 
1.1326 
2.11264 
2.10368 
1.35413 
1.38109 
1.20494 
1.2382 
1.55654 
1.56832 
1.20495 
1.65299 
1.82141 
1.56992 
1.65282 
1.20495 
1.33743 
1.36609 
2.28135 
2.22542 
2.15921 
1.59358 
1.63117 
2.25173 
1.98291 
1.08345 
1.06326 
1.25592 
2.38613 
2.29607 
2.38312 
2.2925 
2.01531 
1.20494 
1.20494 
1.20494 
1.20494 
1.20494 
2.14916 
1.20494 
2.27929 
2.28403 
1.28296 
1.38841 
2.03869 
2.04993 
1.20494 
0.956404 
1.30238 
1.20497 
1.20495 
1.20623 
1.20718 
1.20494 
1.61795 
2.09837 
2.16739 
2.10805 
1.20494 
1.01973 
1.60096 
1.76793 
1.20494 
0.969187 
1.20494 
1.20494 
1.20494 
1.20494 
1.21056 
1.20778 
2.22533 
1.04387 
1.05383 
1.64366 
1.68367 
1.30332 
1.31467 
1.49653 
1.20548 
1.20513 
1.20565 
2.27774 
2.27548 
1.41657 
1.42754 
1.09782 
1.1076 
1.45234 
1.42111 
1.43851 
1.20494 
1.20514 
1.20512 
1.47304 
1.39681 
1.8469 
1.42099 
1.20494 
1.32407 
1.3363 
2.20972 
2.21722 
2.25539 
2.25213 
1.20494 
1.20494 
1.20494 
0.90562 
1.20495 
1.46966 
1.44059 
1.44766 
1.28944 
1.28879 
1.4461 
1.45786 
1.12939 
1.16838 
1.23417 
1.20547 
1.20614 
1.20542 
1.25494 
1.53341 
1.48731 
1.20494 
1.20494 
1.20495 
1.20495 
1.21221 
1.22202 
1.33358 
1.02748 
1.03631 
1.56417 
0.946747 
1.20495 
2.29475 
2.29751 
2.29894 
2.29999 
1.81376 
1.80202 
1.20494 
1.22067 
1.23326 
0.899434 
0.910112 
2.14115 
2.18307 
1.45751 
1.4718 
0.957883 
1.05276 
1.07198 
1.06205 
1.33688 
1.33783 
1.88021 
1.83572 
1.86882 
1.24866 
1.2614 
2.0719 
2.07997 
1.87964 
1.8863 
1.4759 
1.48899 
1.20495 
1.20495 
1.20495 
1.63647 
1.26456 
1.27684 
1.10934 
1.11941 
1.67427 
1.68964 
1.55096 
1.54112 
1.52805 
1.34337 
1.35755 
1.20494 
2.25816 
1.99129 
1.11498 
1.40797 
1.3911 
1.00703 
1.25521 
1.23502 
2.12937 
1.20494 
1.20494 
0.998907 
1.47102 
2.35744 
1.03821 
1.02061 
1.20494 
1.39995 
1.36386 
1.20494 
1.20494 
1.50189 
1.93413 
1.86553 
2.15634 
1.4293 
1.45883 
1.20494 
2.29178 
1.20494 
1.45401 
1.46503 
1.29438 
1.20506 
1.07577 
1.77009 
1.24712 
1.30027 
1.5197 
1.50557 
2.04564 
1.34758 
1.37384 
1.51056 
1.47202 
1.71311 
1.72827 
1.20494 
1.02883 
1.01282 
2.27442 
2.2796 
2.19141 
2.18332 
1.03702 
1.04489 
0.985541 
2.04465 
1.42558 
1.20494 
1.28917 
1.77383 
1.66193 
2.21256 
2.20632 
1.41189 
1.39854 
1.20495 
1.20494 
1.20494 
0.910025 
1.4895 
1.4977 
1.34007 
1.2753 
1.34971 
1.67964 
1.69089 
1.50104 
1.08274 
1.09422 
2.22081 
1.40033 
1.21921 
1.19369 
1.22264 
1.22279 
1.01183 
1.02941 
1.0201 
0.962877 
1.20494 
1.20494 
1.50518 
1.51984 
2.32707 
2.32919 
1.20494 
2.37248 
2.37181 
1.20768 
1.83255 
2.00423 
2.01247 
2.00073 
1.20494 
1.9779 
1.92953 
1.9674 
1.20858 
0.977351 
1.6499 
1.59821 
2.28735 
1.34969 
1.20495 
1.20494 
0.918752 
1.36006 
1.20495 
1.20497 
1.20495 
0.972468 
1.41894 
2.07775 
2.06705 
1.22221 
1.4526 
1.84297 
1.82898 
1.20494 
1.50428 
1.46012 
1.46361 
1.3863 
1.12079 
1.63102 
1.64682 
1.12888 
1.13774 
0.901987 
1.52024 
1.51852 
1.34477 
1.37369 
1.02239 
1.38077 
1.35352 
1.36069 
0.914775 
1.28304 
1.26291 
1.5511 
1.58849 
1.39729 
1.40469 
1.4759 
1.46293 
1.39721 
1.36133 
0.923429 
1.20494 
1.20494 
0.935297 
0.949529 
2.36247 
1.20494 
1.20494 
0.967062 
0.952391 
1.20494 
1.20494 
1.20628 
1.35974 
1.6699 
1.56824 
2.33311 
1.06153 
1.50568 
1.29687 
1.37723 
1.83005 
1.20494 
0.981205 
0.997387 
1.20495 
1.20494 
1.79427 
1.77999 
2.14063 
2.07589 
2.2598 
2.2534 
1.20494 
1.20494 
1.20504 
1.20498 
2.03639 
2.0881 
1.20494 
1.20494 
2.32932 
2.33294 
1.34735 
1.37768 
1.22267 
1.21462 
1.13136 
1.14331 
0.911881 
1.48392 
1.30176 
1.27294 
1.09089 
1.12784 
1.20657 
1.209 
1.12321 
1.10157 
1.01755 
1.00258 
1.20494 
1.20494 
1.20494 
1.20494 
1.45017 
2.0328 
1.08685 
1.06798 
2.17651 
0.935482 
0.941851 
1.06258 
1.32866 
1.43483 
1.00556 
2.27383 
2.40437 
1.20494 
1.20494 
1.20494 
1.27193 
1.29923 
1.6727 
1.73257 
1.68724 
1.89488 
1.04792 
2.10905 
1.33844 
1.67097 
1.71274 
1.36136 
1.37214 
2.24674 
2.24132 
2.36348 
2.36443 
1.48224 
1.4914 
1.20494 
1.20494 
1.14201 
1.15189 
1.20494 
1.20494 
1.39588 
1.36604 
1.38385 
1.20526 
1.20522 
2.29217 
2.2376 
1.30467 
1.33762 
1.36737 
1.38663 
1.39761 
2.28112 
2.30951 
1.20494 
2.21595 
2.21072 
1.20494 
1.20494 
1.20494 
1.53172 
1.67892 
1.20495 
1.51713 
1.52709 
1.42287 
1.20494 
1.16768 
0.937946 
0.951495 
0.948633 
1.25124 
1.20674 
2.3022 
2.3063 
1.39828 
1.39708 
2.40173 
1.20495 
1.20495 
1.22431 
1.24681 
1.20494 
1.20494 
1.20494 
2.30707 
2.30698 
1.20494 
1.20494 
1.20494 
2.29547 
2.29404 
1.2765 
0.934367 
0.946984 
0.947767 
2.17673 
1.53299 
1.54976 
1.03611 
2.17955 
2.18762 
2.00819 
2.01067 
1.55193 
1.56383 
1.48746 
1.32002 
1.33399 
2.23809 
2.2428 
1.26896 
1.29276 
0.946838 
0.955871 
1.48109 
1.57709 
1.48558 
1.15475 
1.17861 
1.16529 
1.8194 
1.8707 
1.76496 
1.41132 
1.43996 
1.47651 
1.41077 
1.42403 
1.3662 
1.39154 
2.41291 
1.04659 
1.03203 
1.08591 
1.34612 
1.33195 
1.56317 
1.01396 
0.998664 
1.37107 
1.75913 
2.1311 
1.00908 
0.993313 
1.78052 
1.20494 
1.20494 
1.20494 
1.20494 
1.96989 
1.20494 
1.20494 
1.87497 
1.80883 
1.34153 
1.36709 
1.37409 
1.3799 
1.20498 
1.20496 
2.17234 
2.08062 
2.12948 
2.31155 
1.2349 
1.45684 
1.44342 
1.35102 
1.20494 
1.30575 
1.97278 
1.20533 
1.20544 
0.961313 
2.39214 
1.40284 
2.14958 
1.22113 
1.80034 
1.81998 
2.35843 
1.05505 
1.20543 
2.12819 
2.12176 
1.07095 
1.08021 
2.27063 
1.20494 
1.20494 
2.11658 
1.05895 
1.0438 
1.06444 
2.16101 
2.15077 
1.35761 
1.36202 
1.33637 
1.3334 
1.23101 
1.42813 
1.61174 
1.57851 
1.12582 
1.20537 
1.20511 
1.70081 
1.74525 
1.20543 
1.1805 
1.23357 
1.23443 
1.04785 
1.05558 
1.20494 
1.20494 
1.5859 
1.59969 
1.20504 
1.20498 
1.20508 
2.19164 
1.20494 
2.38684 
2.38811 
2.38495 
2.01263 
2.16417 
1.94043 
1.92491 
1.76597 
1.77262 
1.20494 
1.20494 
1.20494 
1.25368 
1.39851 
1.37211 
1.38033 
2.28568 
2.25235 
1.20494 
1.21464 
1.20977 
1.20494 
1.20494 
1.20495 
2.0058 
1.99434 
2.37527 
1.32523 
1.28009 
1.20579 
1.20569 
2.28398 
2.28053 
1.76819 
1.75083 
1.1919 
1.7261 
1.74003 
1.07225 
1.16413 
1.17365 
1.20707 
1.20958 
1.20689 
1.22324 
1.19938 
1.20494 
1.20494 
1.31855 
1.21924 
1.20435 
1.57549 
1.61437 
1.33275 
1.33999 
1.20494 
1.41488 
1.40259 
1.29012 
1.27828 
0.979869 
0.994979 
1.29106 
1.28969 
1.26154 
1.09063 
1.10135 
2.32528 
1.20963 
1.21587 
1.20494 
1.20494 
2.36819 
1.23479 
1.90162 
1.79104 
1.81384 
1.77001 
1.80183 
2.12152 
2.22424 
1.45541 
1.20495 
1.20495 
1.20495 
2.18322 
1.42731 
1.77823 
1.72147 
1.46345 
1.49803 
1.20585 
1.44679 
1.31995 
1.92789 
1.91703 
1.20495 
1.20495 
1.71567 
1.70493 
2.08612 
2.01888 
1.30589 
1.27443 
1.31287 
1.31696 
1.20522 
1.20529 
1.20494 
1.20494 
1.46336 
2.35765 
2.3335 
1.2814 
1.25873 
1.34354 
1.36668 
1.13971 
1.11989 
1.73455 
1.25234 
1.25434 
2.26259 
2.21216 
1.20495 
2.15502 
1.18114 
1.15585 
1.30136 
1.32308 
1.42254 
1.305 
1.44283 
2.32341 
1.39361 
1.20494 
1.95544 
1.07769 
1.0585 
1.21937 
1.31091 
1.29529 
1.10037 
1.96521 
2.02302 
1.20494 
1.20494 
1.20494 
1.29585 
1.32685 
2.24327 
2.23402 
1.19924 
2.00496 
2.0002 
1.16099 
1.28383 
1.76271 
1.82232 
1.78498 
1.44277 
1.20494 
1.295 
1.25089 
1.30034 
1.41921 
2.19406 
2.18594 
2.21807 
2.37217 
2.36934 
1.54568 
1.91033 
1.89859 
1.25113 
1.2517 
1.18901 
1.1988 
2.12213 
2.16639 
1.64376 
1.44958 
1.45744 
1.20494 
1.20494 
2.15888 
2.14682 
1.20495 
1.58823 
1.59319 
1.67914 
1.86121 
1.38389 
1.33245 
1.36053 
2.32274 
2.32408 
1.20494 
1.20494 
1.20494 
1.4751 
1.20495 
1.20495 
1.20494 
1.20494 
1.37469 
1.36249 
1.3533 
1.20494 
1.61853 
1.63439 
1.23619 
1.22185 
1.11045 
2.29257 
2.27169 
2.28422 
1.62985 
1.63914 
1.37987 
2.29907 
2.30281 
1.26591 
1.22078 
1.2882 
0.980584 
1.36924 
1.38461 
1.48223 
1.49213 
1.42596 
1.23239 
2.31025 
2.3086 
1.20558 
1.206 
1.2075 
1.50796 
1.52385 
1.20495 
1.20496 
0.987148 
0.996076 
1.69415 
1.56594 
1.85944 
1.75222 
1.80438 
1.88686 
1.87354 
2.29523 
2.33338 
2.29784 
1.14458 
1.04289 
1.27181 
1.27573 
1.10779 
1.27871 
2.20443 
2.28799 
2.32496 
1.30423 
1.055 
1.03818 
1.20494 
1.06701 
1.20494 
1.20494 
1.24592 
1.11076 
1.09234 
1.20513 
1.73239 
1.67791 
1.89981 
1.89991 
2.12134 
1.20494 
1.20494 
1.39603 
1.38348 
1.85341 
0.990629 
0.976384 
1.20494 
1.20494 
1.15904 
1.20494 
1.17639 
1.86094 
1.69222 
1.20641 
1.26418 
1.21376 
1.19602 
1.20609 
1.10744 
1.11829 
1.04828 
2.37113 
2.36713 
1.05844 
2.34472 
2.08756 
2.07106 
1.13074 
1.11 
1.28361 
1.26187 
1.25877 
1.22123 
1.20494 
1.64326 
1.63263 
1.20494 
1.26285 
1.2639 
1.20509 
1.205 
2.06084 
1.2057 
1.284 
1.36585 
2.22041 
2.16308 
1.08419 
1.09032 
1.20494 
1.66846 
1.68088 
1.20502 
1.20504 
1.26069 
1.25763 
2.34391 
2.28246 
2.34255 
1.27777 
1.28174 
1.85358 
1.83242 
1.2386 
1.24905 
2.11906 
2.02479 
2.02101 
1.66598 
1.83769 
1.85307 
1.20494 
1.20494 
1.69745 
1.34506 
1.3336 
1.20494 
1.31984 
1.20494 
1.20494 
1.20494 
1.37917 
1.35177 
1.36566 
1.33551 
1.51258 
1.15685 
1.13849 
1.20495 
1.20495 
1.67096 
1.71721 
2.30805 
1.20627 
1.16254 
1.1402 
1.20494 
1.68405 
1.66512 
1.13153 
1.20494 
1.82387 
1.83222 
1.55222 
1.32808 
1.30545 
1.31119 
1.00303 
1.16617 
1.39706 
1.20494 
1.20494 
2.2697 
1.43162 
1.36739 
1.33659 
1.602 
1.29056 
1.2977 
1.27433 
1.24692 
1.356 
1.34421 
1.25914 
1.23905 
1.22911 
1.02952 
2.34767 
0.975905 
0.993416 
1.381 
1.41279 
0.972379 
0.988194 
1.46481 
1.37505 
1.22183 
1.21309 
1.20494 
1.20494 
1.80573 
1.69712 
1.20494 
1.20495 
1.25908 
2.02559 
1.74715 
1.73255 
2.28834 
1.20352 
1.2142 
1.20495 
1.20495 
1.5411 
2.11803 
1.39963 
2.32447 
1.59193 
1.71189 
1.59383 
1.2441 
1.21796 
1.48485 
1.52066 
1.17613 
1.26279 
1.84723 
1.83687 
1.20495 
1.64352 
1.20494 
1.30442 
2.0257 
1.95604 
1.22597 
1.20351 
1.20494 
1.10041 
1.08459 
1.20518 
1.20554 
1.91485 
1.85554 
1.85684 
1.99106 
1.86833 
1.27787 
1.20695 
1.20666 
1.29656 
1.2831 
2.21174 
2.26575 
1.41065 
2.22961 
2.1158 
1.20494 
1.20494 
2.3315 
1.23208 
1.25225 
1.15111 
1.09836 
1.10564 
1.89868 
1.15535 
2.33044 
1.20495 
2.06755 
2.05385 
1.29106 
1.20494 
1.14308 
1.64875 
1.20494 
1.75501 
1.04554 
1.14177 
1.09383 
1.36102 
1.40114 
1.57634 
1.20494 
2.06214 
1.99523 
1.50418 
2.12442 
1.32558 
1.3229 
1.37622 
1.32016 
1.63884 
2.22508 
1.09019 
1.31758 
0.974469 
1.20561 
1.20519 
1.69838 
0.988803 
2.31043 
1.45531 
2.34437 
2.07637 
2.05995 
1.87056 
1.20495 
2.01799 
1.74283 
2.17992 
2.11862 
2.17746 
1.21725 
1.20494 
0.985373 
2.27458 
2.33738 
1.23445 
1.1988 
1.16044 
1.1931 
2.27101 
1.10495 
1.59184 
2.33526 
1.28351 
1.25264 
1.27605 
1.75932 
1.20494 
1.20839 
1.20804 
1.15655 
1.20494 
1.20495 
2.21799 
1.5912 
1.25957 
1.31596 
1.01065 
1.48248 
1.48935 
1.23626 
2.34007 
1.70674 
1.54535 
1.50743 
1.53311 
1.22504 
1.21363 
1.14262 
2.04414 
1.93991 
1.2626 
2.01609 
1.94891 
2.0551 
1.19497 
1.70842 
1.45432 
1.30374 
1.20496 
1.20499 
1.20496 
1.71253 
1.70927 
1.18559 
1.60376 
1.22683 
1.43782 
1.55437 
1.24631 
1.2665 
2.27931 
1.18839 
1.2455 
1.20494 
1.20778 
1.21161 
1.20497 
1.0241 
1.3125 
1.36361 
1.31367 
1.60201 
2.23732 
2.31269 
2.16456 
1.17996 
1.20758 
1.12909 
1.64941 
1.2874 
1.20834 
1.84936 
1.33779 
1.32613 
1.333 
1.20494 
1.96614 
1.08701 
1.7976 
1.80385 
1.94267 
2.05404 
1.78654 
1.16245 
1.19895 
1.91619 
1.20494 
1.03221 
1.14948 
1.20494 
1.11314 
1.80818 
1.20494 
1.12905 
2.04103 
2.16236 
1.20494 
1.84143 
1.8641 
1.04211 
1.19491 
1.08731 
1.02927 
1.16118 
1.14715 
1.19182 
1.20789 
1.30593 
1.04956 
1.24674 
1.11238 
1.16597 
2.17076 
2.10773 
1.82373 
1.19988 
2.00242 
1.87431 
1.88921 
1.09958 
1.08587 
1.11947 
1.2125 
1.19218 
1.20509 
1.2373 
1.23895 
1.20494 
1.20494 
1.20494 
1.58356 
1.47178 
1.51829 
1.24065 
1.1164 
1.12544 
1.75033 
1.205 
1.20501 
1.10356 
2.23318 
2.34287 
1.20494 
1.20494 
1.20626 
1.76277 
1.29094 
1.25453 
1.91599 
1.21256 
1.7484 
1.02077 
1.20494 
2.2455 
1.22749 
1.21111 
1.27017 
1.28828 
1.80393 
1.20498 
1.21437 
1.20494 
1.18224 
2.32376 
1.57983 
2.0333 
1.70758 
1.23405 
1.21038 
1.20971 
1.15678 
1.24873 
1.29906 
1.20494 
1.4186 
1.02717 
1.01714 
1.20494 
1.19255 
1.2507 
1.24748 
1.23239 
1.55182 
1.72906 
1.2291 
1.25489 
1.20496 
1.20495 
1.71761 
1.22051 
1.45237 
1.22295 
1.21308 
1.22189 
1.2063 
1.20496 
1.15726 
1.13628 
1.7389 
1.20252 
1.62114 
1.1404 
1.1963 
1.17665 
1.20551 
1.89444 
1.07556 
1.10051 
1.08177 
1.79672 
1.1075 
1.90707 
1.20494 
1.43232 
1.01565 
1.15383 
1.86926 
1.70408 
1.20494 
1.11413 
1.04176 
1.55102 
1.205 
1.73493 
1.23219 
1.6032 
1.95844 
1.57025 
1.03106 
1.92817 
1.95599 
1.16396 
1.50693 
1.59545 
1.94063 
1.05903 
1.05876 
1.20521 
1.1993 
1.51775 
1.3501 
2.21506 
1.20496 
2.27819 
2.18307 
2.27216 
1.4819 
1.13593 
1.47453 
1.59115 
1.21632 
1.26576 
1.65398 
1.20763 
1.27107 
1.59155 
1.53629 
1.52629 
1.28228 
2.14071 
2.12723 
2.09565 
1.2182 
1.72038 
1.75043 
1.16495 
1.56399 
1.39968 
1.47118 
1.67575 
1.20512 
1.07963 
1.41356 
1.21087 
1.69686 
1.88048 
1.98424 
1.25049 
1.85943 
2.18739 
1.79174 
1.97705 
1.21542 
1.61953 
1.30845 
1.15151 
1.58743 
1.93131 
1.32037 
1.37224 
1.09556 
1.64513 
1.03437 
1.21709 
1.22405 
1.15184 
1.08881 
1.07586 
1.39121 
1.15114 
2.05104 
1.57959 
1.21303 
1.19385 
1.10898 
2.02628 
1.21139 
1.14035 
1.21426 
1.20502 
1.96637 
1.65796 
2.11572 
1.20499 
1.16565 
1.22596 
1.97648 
1.13123 
1.05558 
1.14209 
1.02605 
2.00025 
1.15072 
1.05177 
1.10335 
2.05323 
1.07876 
