120.44 
167.045 
205.203 
239.388 
271.418 
301.878 
331.372 
359.92 
387.36 
413.215 
436.683 
456.449 
470.883 
478.433 
477.889 
469.304 
453.448 
432.347 
408.477 
383.374 
358.909 
336.394 
316.527 
299.509 
284.772 
271.434 
257.9 
244.923 
237.28 
234.82 
234.282 
234.184 
502.044 
499.648 
496.321 
489.857 
480.306 
467.792 
452.915 
434.354 
420.176 
397.66 
375.509 
362.444 
350.811 
331.229 
319.009 
296.027 
272.373 
261.684 
237.756 
216.392 
199.144 
177.47 
157.469 
140.946 
125.439 
111.041 
97.8517 
90.7089 
234.175 
234.175 
234.186 
234.82 
244.291 
266.516 
296.823 
341.532 
407.003 
481.77 
551.027 
586.511 
234.18 
234.176 
234.175 
234.175 
234.175 
234.175 
234.175 
234.175 
234.175 
234.175 
234.175 
234.175 
234.175 
234.175 
234.175 
234.175 
234.188 
234.175 
91.3179 
145.538 
186.889 
222.764 
255.694 
286.76 
316.733 
345.698 
373.839 
400.539 
425.339 
447.124 
464.438 
475.608 
479.199 
474.607 
462.152 
443.421 
420.671 
395.996 
371.084 
347.446 
326.108 
307.77 
291.913 
273.833 
277.946 
264.695 
251.117 
240.237 
235.647 
234.443 
158.666 
234.215 
537.877 
501.499 
494.037 
538.128 
499.473 
535.606 
493.463 
485.642 
474.484 
460.81 
479.83 
444.463 
436.094 
411.107 
386.186 
406.751 
394.404 
340.799 
360.765 
306.721 
282.917 
297.416 
249.13 
249.254 
227.55 
206.776 
188.928 
182.732 
166.999 
148.475 
145.806 
133.612 
118.112 
104.154 
103.213 
92.7423 
110.014 
79.0352 
234.176 
234.176 
234.179 
234.27 
237.379 
254.709 
280.316 
329.958 
316.522 
389.953 
372.073 
461.647 
444.546 
541.37 
521.415 
585.893 
575.629 
532.2 
534.721 
234.177 
234.176 
234.175 
234.175 
234.175 
234.175 
234.175 
234.175 
234.175 
234.175 
234.175 
234.175 
234.175 
234.175 
234.175 
234.175 
135.806 
179.363 
216.181 
249.547 
280.969 
311.16 
340.283 
368.665 
395.573 
420.757 
443.231 
461.515 
473.884 
478.975 
475.932 
464.942 
447.259 
425.131 
400.905 
375.924 
351.982 
330.205 
311.326 
295.024 
280.56 
266.976 
253.31 
241.447 
236.04 
234.529 
234.234 
537.495 
533.333 
526.888 
516.967 
504.692 
488.871 
479.938 
455.994 
429.948 
382.495 
347.799 
323.285 
284.831 
260.865 
238.03 
217.115 
193.255 
172.937 
154.056 
136.569 
120.447 
107.431 
234.208 
235.636 
248.919 
273.209 
307.24 
588.436 
234.18 
234.176 
234.175 
234.175 
234.175 
234.175 
234.175 
234.175 
234.175 
234.175 
234.175 
234.175 
234.175 
234.175 
234.175 
234.175 
198.278 
233.115 
265.538 
296.194 
325.926 
354.592 
382.299 
408.397 
432.431 
452.979 
468.52 
477.422 
478.465 
471.427 
456.806 
436.512 
413.163 
388.253 
363.673 
340.757 
320.316 
302.887 
287.708 
246.668 
237.999 
235.012 
234.32 
522.34 
511.675 
497.108 
442.962 
417.514 
205.151 
113.11 
234.175 
234.175 
234.175 
234.175 
234.175 
234.175 
234.175 
234.175 
234.175 
234.175 
234.175 
234.175 
260.108 
530.568 
466.483 
309.313 
371.747 
335.906 
272.203 
227.495 
162.982 
128.336 
289.118 
260.45 
240.006 
234.426 
234.175 
234.176 
234.178 
182.723 
585.967 
219.664 
253.097 
284.588 
314.787 
343.913 
372.183 
398.838 
423.702 
445.777 
463.34 
474.778 
478.819 
474.719 
462.88 
444.523 
422.011 
397.803 
373.01 
349.427 
328.006 
309.528 
293.565 
279.472 
245.145 
265.885 
580.117 
236.837 
234.705 
234.267 
572.465 
162.3 
175.614 
234.197 
586.253 
234.178 
586.457 
590.145 
585.219 
576.647 
581.11 
517.571 
562.642 
556.597 
549.919 
542.512 
498.379 
513.251 
528.302 
517.454 
529.196 
362.385 
473.103 
438.736 
245.666 
390.02 
415.357 
321.445 
335.609 
427.759 
448.897 
438.081 
349.04 
372.487 
359.399 
271.966 
260.309 
282.01 
268.365 
282.741 
196.844 
232.211 
137.048 
207.721 
155.94 
146.233 
161.888 
151.952 
165.774 
172.285 
289.416 
234.175 
234.213 
235.922 
234.179 
234.189 
234.176 
249.538 
234.469 
235.03 
273.935 
282.212 
307.806 
261.044 
255.563 
267.616 
390.178 
357.607 
460.09 
425.475 
541.901 
583.981 
566.414 
234.175 
234.196 
234.214 
234.186 
234.176 
234.176 
234.181 
234.187 
234.181 
234.175 
234.176 
234.175 
234.176 
234.178 
234.176 
234.175 
234.175 
234.175 
234.175 
234.175 
234.175 
234.175 
234.175 
234.175 
234.175 
234.175 
234.175 
234.176 
234.175 
201.773 
195.472 
213.574 
234.176 
450.377 
460.305 
402.531 
376.29 
400.622 
386.362 
495.025 
590.054 
490.741 
425.32 
407.713 
442.674 
565.297 
555.069 
576.547 
272.746 
275.304 
268.563 
582.385 
586.936 
535.271 
549.526 
539.995 
295.21 
219.574 
240.439 
227.993 
176.076 
124.318 
330.48 
234.176 
236.669 
269.127 
299.746 
329.499 
358.052 
385.737 
411.505 
435.198 
455.201 
469.918 
477.794 
477.78 
469.721 
454.354 
433.624 
410.064 
385.395 
361.043 
338.427 
318.378 
301.308 
282.345 
286.395 
251.899 
437.303 
237.335 
239.852 
235.401 
234.397 
590.674 
568.221 
584.429 
538.23 
536.311 
457.198 
568.159 
589.933 
562.554 
556.255 
293.367 
471.414 
492.168 
485.187 
426.126 
305.518 
413.289 
461.87 
478.184 
476.845 
345.538 
467.789 
182.983 
452.159 
431.456 
253.929 
186.458 
299.124 
407.42 
381.304 
129.225 
353.405 
324.608 
230.972 
294.676 
263.712 
234.298 
319.429 
241.207 
590.78 
584.376 
358.178 
475.926 
309.861 
512.621 
279.464 
234.175 
234.175 
234.175 
234.175 
234.175 
234.175 
234.175 
234.175 
234.175 
234.175 
234.175 
367.548 
258.881 
339.192 
139.616 
94.4342 
482.32 
308.265 
331.282 
318.449 
234.286 
296.361 
312.665 
331.526 
353.416 
377.221 
401.847 
425.889 
447.844 
465.195 
475.801 
478.536 
473.214 
460.654 
442.318 
419.747 
394.556 
471.379 
234.175 
234.175 
234.175 
234.175 
238.293 
216.046 
240.04 
143.099 
204.874 
344.42 
504.027 
577.757 
234.221 
133.262 
136.644 
234.444 
235.634 
261.727 
241.209 
289.062 
304.221 
321.765 
342.19 
365.103 
389.575 
414.035 
517.498 
530.146 
112.665 
127.832 
247.572 
234.175 
504.667 
254.618 
247.497 
234.815 
588.38 
573.383 
193.767 
234.176 
234.175 
234.175 
234.175 
234.175 
234.175 
234.175 
374.295 
234.175 
234.175 
234.175 
234.175 
234.175 
234.175 
234.175 
234.175 
234.175 
234.175 
154.09 
253.423 
234.176 
234.329 
268.94 
235.991 
329.749 
240.137 
228.079 
492.634 
386.121 
279.451 
424.034 
445.842 
205.338 
463.239 
372.975 
474.54 
478.398 
450.752 
474.178 
234.2 
462.274 
260.87 
256.686 
444.028 
421.678 
397.417 
373.058 
349.626 
328.306 
309.953 
234.516 
581.141 
433.245 
425.217 
236.063 
287.047 
592.436 
235.005 
235.118 
234.566 
294.153 
289.378 
453.836 
456.452 
446.995 
234.177 
234.175 
587.079 
216.532 
221.002 
592.651 
590.056 
234.234 
511.132 
584.622 
234.176 
477.309 
475.167 
469.137 
470.69 
464.386 
344.856 
161.384 
455.242 
452.351 
460.803 
299.225 
505.468 
411.949 
420.458 
234.315 
234.242 
358.526 
234.175 
245.547 
282.977 
291.711 
587.915 
592.039 
234.175 
474.975 
490.991 
299.916 
572.503 
234.175 
234.175 
234.175 
234.175 
234.175 
234.176 
234.176 
234.175 
234.175 
234.175 
234.175 
234.175 
234.175 
374.894 
234.175 
234.175 
234.175 
234.176 
234.176 
239.69 
234.175 
234.176 
234.176 
234.176 
234.176 
234.176 
372.498 
368.308 
382.018 
234.177 
246.317 
344.255 
354.216 
314.928 
310.301 
325.283 
482.76 
502.123 
512.445 
503.877 
589.576 
280.502 
235.259 
234.192 
319.64 
309.591 
331.99 
193.827 
469.735 
473.121 
332.757 
284.555 
295.341 
438.971 
320.564 
592.793 
588.884 
589.657 
180.852 
252.82 
264.057 
521.203 
591.452 
589.578 
588.612 
234.18 
249.222 
234.335 
234.238 
530.687 
494.992 
242.657 
244.608 
297.307 
399.299 
435.392 
477.434 
234.203 
234.177 
234.176 
436.557 
321.758 
318.719 
409.684 
401.083 
385.184 
376.729 
361.108 
338.67 
312.653 
413.371 
342.051 
301.758 
364.85 
582.246 
561.067 
388.936 
584.644 
391.491 
407.92 
586.903 
548.003 
577.033 
555.929 
232.919 
521.382 
477.674 
399.78 
472.437 
293.861 
310.43 
327.986 
312.86 
359.554 
519.344 
531.643 
234.176 
454.207 
408.191 
209.201 
282.762 
476.593 
377.502 
467.772 
234.178 
234.178 
194.365 
200.419 
255.901 
197.333 
182.419 
431.982 
485.431 
283.475 
265.837 
395.336 
159.482 
575.098 
234.176 
234.176 
234.176 
237.074 
413.11 
234.188 
234.175 
237.524 
236.204 
339.971 
247.61 
279.777 
234.175 
234.675 
234.175 
234.176 
234.176 
532.629 
345.744 
350.996 
426.647 
442.15 
276.957 
274.144 
234.176 
218.852 
213.209 
230.761 
572.413 
579.394 
171.532 
185.778 
174.935 
461.868 
465.389 
338.616 
442.967 
386.884 
404.13 
390.9 
359.221 
557.154 
567.196 
252.762 
270.149 
257.113 
154.141 
570.538 
165.833 
234.175 
234.176 
565.636 
152.159 
478.152 
442.691 
331.64 
353.145 
304.403 
296.64 
578.938 
174.21 
416.823 
234.189 
234.206 
234.181 
459.241 
234.176 
234.176 
234.176 
234.176 
234.176 
238.044 
535.797 
505.676 
294.002 
227.517 
316.519 
234.179 
477.985 
497.394 
234.253 
327.726 
396.324 
433.773 
363.996 
446.69 
234.179 
358.171 
264.107 
408.358 
345.775 
580.543 
371.876 
578.588 
301.4 
296.27 
348.844 
309.408 
303.752 
576.574 
360.185 
363.489 
352.148 
561.326 
318.27 
320.871 
311.997 
383.908 
375.312 
555.28 
542.147 
431.904 
181.115 
337.923 
341.162 
330.606 
251.161 
255.669 
583.638 
475.799 
581.894 
577.441 
234.176 
360.464 
542.895 
468.553 
436.461 
443.833 
360.058 
459.125 
234.244 
413.342 
469.962 
291.112 
280.63 
277.722 
234.177 
159.917 
278.215 
283.915 
267.763 
234.176 
242.268 
234.838 
520.661 
234.176 
234.177 
234.179 
234.177 
234.176 
234.177 
234.177 
234.177 
234.178 
234.178 
430.203 
263.713 
266.454 
253.839 
249.411 
425.66 
553.304 
420.362 
411.758 
477.271 
477.815 
269.784 
474.55 
476.527 
301.39 
234.176 
234.176 
234.176 
234.176 
234.176 
458.204 
285.941 
297.02 
244.802 
400.656 
409.811 
570.119 
491.357 
476.117 
506.637 
425.335 
433.364 
473.343 
551.631 
239.663 
566.428 
561.883 
234.183 
264.351 
247.885 
563.258 
544.881 
534.043 
555.954 
175.402 
184.797 
180.975 
446.216 
249.809 
256.734 
540.011 
356.123 
513.458 
234.207 
242.122 
234.349 
234.247 
399.655 
396.12 
459.083 
331.784 
261.916 
258.634 
477.102 
476.676 
214.735 
506.193 
447.232 
383.232 
453.253 
455.816 
373.217 
235.029 
469.797 
576.304 
574.717 
361.769 
254.404 
387.382 
435.272 
578.98 
583.425 
398.367 
287.036 
452.631 
316.397 
542.811 
234.597 
234.617 
234.364 
442.764 
435.066 
234.176 
234.176 
423.644 
289.152 
234.18 
391.875 
461.142 
455.152 
345.638 
331.343 
370.467 
479.689 
474.322 
369.966 
373.941 
498.002 
488.551 
234.176 
234.176 
234.176 
234.207 
573.571 
578.914 
282.388 
473.276 
194.903 
200.243 
234.176 
234.176 
234.176 
478.937 
236.017 
234.179 
234.178 
239.193 
237.321 
234.461 
528.337 
573.747 
572.631 
570.041 
234.176 
234.177 
234.181 
533.547 
421.964 
234.176 
234.176 
234.176 
299.311 
308.92 
387.546 
383.801 
396.99 
318.422 
303.163 
542.726 
229.289 
234.186 
234.176 
234.177 
234.177 
234.176 
234.176 
234.176 
558.28 
557.151 
540.652 
265.59 
270.126 
248.906 
331.114 
327.054 
341.691 
513.274 
520.858 
526.942 
520.39 
236.905 
248.822 
582.75 
578.21 
581.748 
574.92 
577.942 
259.782 
191.316 
193.06 
347.597 
312.221 
409.09 
411.046 
332.14 
234.178 
234.179 
234.18 
276.2 
278.999 
281.392 
251.991 
376.647 
566.802 
425.362 
409.278 
443.01 
563.165 
469.686 
468.115 
463.612 
461.414 
468.199 
551.323 
549.727 
546.896 
421.693 
245.501 
362.318 
518.855 
447.643 
347.301 
512.372 
258.819 
385.606 
202.612 
216.403 
204.319 
388.662 
245.861 
479.79 
196.719 
201.589 
272.313 
469.871 
318.847 
269.877 
268.585 
445.636 
474.776 
382.045 
423.408 
234.177 
234.181 
234.178 
418.513 
377.06 
475.966 
562.922 
568.998 
234.178 
286.574 
347.774 
365.422 
252.388 
249.896 
488.777 
488.683 
560.446 
394.175 
385.295 
234.189 
551.624 
267.013 
270.709 
234.184 
539.861 
282.03 
276.251 
270.742 
400.666 
274.124 
274.982 
234.187 
489.24 
234.48 
544.841 
244.155 
234.205 
458.884 
427.135 
241.719 
255.207 
236.944 
282.173 
415.301 
423.971 
246.257 
252.103 
243.811 
406.419 
397.557 
477.579 
476.479 
261.048 
477.152 
269.833 
448.135 
303.665 
271.611 
280.188 
282.094 
275.821 
289.705 
305.303 
292.011 
260.79 
219.126 
213.646 
231.698 
300.409 
412.85 
293.213 
295.161 
288.687 
568.082 
523.418 
458.871 
234.217 
430.158 
421.752 
469.833 
536.155 
360.468 
517.702 
376.128 
390.493 
378.172 
272.804 
448.307 
578.796 
319.418 
243.842 
497.158 
559.199 
235.01 
234.177 
253.037 
284.072 
288.3 
479.888 
314.943 
234.179 
234.178 
235.632 
284.135 
401.84 
318.184 
441.116 
433.179 
372.421 
234.178 
358.46 
569.016 
476.545 
308.306 
302.403 
436.728 
234.352 
561.327 
553.263 
558.838 
394.096 
408.753 
234.178 
348.298 
334.789 
409.723 
351.141 
336.704 
560.999 
258.542 
435.209 
438.126 
563.996 
298.318 
564.004 
463.228 
347.358 
234.178 
234.179 
234.179 
472.369 
266.655 
234.3 
234.182 
477.523 
234.199 
234.19 
234.178 
299.579 
413.764 
317.004 
310.599 
287.337 
537.735 
563.566 
566.895 
234.178 
234.179 
234.179 
294.883 
296.552 
565.002 
370.069 
234.186 
234.196 
255.663 
267.737 
445.405 
271.313 
234.177 
234.178 
234.893 
235.9 
542.41 
540.538 
547.467 
402.851 
411.974 
234.18 
497.225 
244.802 
234.208 
234.253 
234.188 
234.194 
234.181 
234.184 
234.184 
451.082 
443.92 
257.66 
348.147 
358.542 
333.591 
329.679 
344.163 
564.002 
507.371 
524.696 
473.409 
249.492 
234.178 
234.18 
234.18 
569.195 
234.177 
234.179 
234.178 
568.653 
563.546 
207.624 
207.527 
267.929 
264.062 
373.297 
454.563 
456.938 
424.854 
437.117 
425.666 
535.372 
568.77 
522.145 
530.078 
231.192 
442.586 
476.087 
459.494 
491.93 
347.319 
350.409 
339.656 
533.497 
511.513 
505.213 
360.226 
470.5 
473.632 
546.622 
326.525 
329.36 
319.65 
266.51 
269.237 
468.45 
466.88 
234.517 
234.349 
361.672 
265.664 
268.557 
468.187 
378.903 
373.66 
549.847 
520.711 
386.1 
389.694 
367.771 
404.117 
569.301 
563.728 
563.924 
502.679 
241.36 
219.606 
231.951 
219.491 
257.993 
553.205 
269.575 
464.467 
462.428 
468.853 
291.347 
554.715 
326.525 
256.688 
477.117 
304.906 
234.191 
234.2 
234.203 
234.256 
234.181 
234.189 
234.181 
554.275 
533.486 
278.725 
277.09 
285.429 
552.952 
536.381 
534.422 
459.761 
461.78 
453.515 
338.974 
495.53 
562.337 
551.09 
559.582 
234.187 
245.587 
234.181 
234.179 
551.463 
478.052 
260.279 
234.184 
298.09 
429.321 
391.873 
414.555 
239.729 
234.21 
504.706 
426.033 
379.722 
370.939 
366.486 
370.445 
553.741 
547.266 
548.573 
562.56 
234.182 
528.673 
487.386 
494.804 
486.706 
449.838 
475.228 
234.338 
234.27 
234.644 
379.96 
344.531 
354.476 
240.579 
323.242 
262.924 
264.223 
267.753 
303.257 
294.123 
313.515 
234.191 
242.051 
372.726 
235.573 
425.858 
522.869 
214.388 
219.83 
321.981 
258.871 
404.182 
543.597 
525.506 
524.137 
287.108 
384.485 
271.746 
385.784 
519.507 
515.338 
392.285 
256.627 
359.268 
356.326 
415.396 
552.041 
549.489 
447.838 
549.846 
388.768 
394.365 
549.756 
555.273 
270.035 
555.038 
550.307 
550.265 
270.728 
502.205 
428.025 
477.211 
477.165 
552.467 
550.807 
544.922 
277.281 
536.44 
298.859 
334.258 
477.623 
234.207 
300.135 
234.188 
335.993 
321.938 
382.936 
310.563 
234.184 
281.193 
318.093 
492.027 
529.794 
531.591 
528.145 
456.122 
458.315 
250.501 
244.254 
241.942 
285.585 
248.107 
234.191 
306.921 
261.783 
465.45 
306.906 
300.87 
437.365 
440.092 
247.039 
234.187 
234.194 
417.723 
426.354 
273.956 
234.26 
234.245 
234.299 
395.137 
274.912 
287.019 
234.183 
234.187 
234.187 
234.193 
509.401 
476.628 
537.638 
535.921 
325.039 
399.413 
439.063 
431.021 
234.766 
234.503 
508.484 
234.203 
234.222 
458.379 
243.29 
380.137 
392.554 
308.433 
309.181 
365 
375.366 
467.864 
537.648 
405.257 
472.412 
471.273 
234.188 
234.196 
475.806 
546.28 
219.021 
234.24 
234.226 
302.947 
437.153 
447.992 
437.399 
548.872 
547.176 
234.184 
507.386 
458.279 
234.202 
234.217 
258.215 
245.714 
334.933 
327.742 
332.922 
336.662 
279.851 
416.3 
419.484 
407.443 
238.268 
232.648 
250.693 
542.892 
458.75 
474.986 
424.94 
408.522 
441.454 
475.073 
291.711 
293.43 
286.903 
315.672 
318.202 
309.187 
395.841 
374.549 
362.169 
542.019 
252.586 
348.252 
345.428 
258.603 
311.721 
537.899 
253.417 
281.932 
234.187 
467.047 
447.349 
249.927 
541.064 
475.538 
238.644 
531.908 
401.952 
405.38 
258.609 
545.959 
540.748 
234.24 
426.777 
377.182 
310.527 
541.257 
389.42 
380.371 
234.188 
234.194 
234.194 
297.373 
460.078 
458.045 
280.411 
533.249 
476.714 
230.924 
506.023 
335.473 
535.846 
463.884 
234.206 
262.668 
237.966 
532.048 
234.191 
353.857 
253.552 
524.417 
291.363 
325.614 
278.52 
548.411 
532.101 
236.389 
474.346 
442.36 
234.186 
426.37 
268.74 
256.106 
395.209 
237.617 
407.444 
234.196 
536.436 
535.427 
514.363 
236.458 
477.088 
476.885 
234.315 
241.881 
265.136 
285.162 
324.839 
365.318 
356.773 
466.63 
247.283 
360.63 
234.21 
530.736 
350.92 
347.36 
361.405 
416.882 
427.267 
417.846 
283.428 
262.306 
250.094 
234.182 
234.187 
234.185 
234.26 
539.66 
535.402 
533.126 
324 
507.06 
295.827 
295.403 
484.155 
483.465 
397.446 
474.312 
489.76 
234.251 
470.034 
471.242 
465.584 
289.546 
511.46 
436.8 
305.528 
234.218 
234.202 
234.266 
234.245 
234.292 
525.118 
236.029 
408.106 
257.752 
234.32 
368.404 
234.225 
337.119 
337.446 
234.236 
239.231 
535.926 
337.66 
474.095 
386.984 
471.171 
539.272 
456.108 
541.041 
287.638 
525.046 
234.592 
258.076 
270.662 
525.851 
510.514 
283.24 
536.774 
328.238 
305.485 
299.372 
323.533 
527.437 
505.645 
500.122 
345.742 
342.976 
322.859 
463.632 
465.501 
291.573 
290.038 
274.62 
234.189 
475.098 
256.879 
525.555 
336.684 
340.082 
278.815 
404.929 
261.306 
234.251 
234.228 
475.478 
476.739 
398.554 
458.211 
533.943 
270.832 
521.884 
255.833 
283.569 
449.185 
451.62 
441.837 
530.106 
529.916 
528.005 
241.01 
238.939 
375.559 
475.053 
528.836 
251.19 
414.551 
249.55 
523.53 
536.143 
457.201 
273.645 
532.086 
408.456 
234.348 
234.282 
263.783 
273.981 
431.779 
439.734 
252.238 
234.545 
234.842 
234.268 
532.537 
530.832 
294.707 
306.828 
322.015 
268.564 
515.164 
234.224 
234.247 
268.711 
234.296 
516.455 
237.404 
425.624 
466.304 
313.805 
351.93 
325.64 
381.95 
391.959 
520.701 
522.621 
519.223 
256.479 
258.618 
234.901 
451.77 
492.361 
498.879 
491.266 
449.455 
234.228 
234.263 
234.211 
234.23 
537.46 
447.166 
314.194 
307.779 
256.102 
260.898 
237.965 
447.104 
248.366 
272.305 
234.241 
416.992 
413.866 
314.823 
457.905 
459.899 
531.842 
241.018 
246.124 
235.229 
234.796 
307.048 
401.72 
404.933 
392.628 
234.356 
323.207 
316.574 
239.082 
456.236 
439.738 
363.497 
350.843 
243.873 
524.937 
234.575 
234.2 
449.43 
446.981 
437.02 
388.376 
329.701 
332.837 
335.438 
325.782 
234.392 
532.352 
234.224 
234.251 
234.248 
469.718 
533.863 
540.48 
535.166 
509.852 
234.2 
234.865 
234.332 
512.035 
328.345 
255.197 
248.634 
258.206 
234.293 
263.736 
517.604 
257.618 
523.126 
296.97 
275.698 
411.231 
313.398 
406.654 
453.884 
246.003 
481.469 
234.34 
417.322 
420.325 
276.841 
351.26 
514.268 
234.446 
457.051 
282.006 
290.741 
249.446 
419.087 
455.673 
476.199 
515.65 
234.205 
234.513 
234.443 
266.474 
273.973 
409.742 
473.317 
285.064 
353.465 
530.587 
529.767 
234.221 
525.474 
235.838 
524.872 
237.165 
249.603 
274.705 
362.783 
354.152 
234.279 
386.49 
252.463 
258.481 
271.438 
260.958 
258.204 
307.511 
338.159 
488.808 
261.083 
293.683 
245.758 
246.533 
464.884 
473.019 
464.583 
234.214 
236.691 
239.759 
507.695 
275.825 
454.059 
454.171 
421.121 
511.453 
519.227 
511.18 
519.234 
317.73 
374.638 
365.834 
446.398 
242.362 
285.781 
337.789 
337.867 
250.258 
234.275 
236.924 
234.357 
349.376 
349.626 
477.034 
350.34 
341.038 
376.587 
326.408 
520.523 
252.586 
500.179 
340.612 
524.796 
502.276 
510.888 
234.418 
368.35 
378.64 
283.987 
514.173 
468.676 
344.282 
296.061 
249.485 
488.092 
277.554 
290.197 
508.053 
528.446 
521.794 
508.347 
260.687 
522.305 
276.91 
451.752 
238.358 
436.758 
439.488 
428.577 
518.915 
288.578 
253.127 
480.837 
234.565 
428.943 
410.797 
505.772 
343.088 
340.488 
420.446 
255.928 
351.342 
525.788 
234.669 
423.25 
444.797 
236.764 
476.482 
243.038 
523.689 
516.92 
527.061 
314.927 
234.354 
238.946 
234.627 
459.891 
461.706 
272.171 
420.045 
281.511 
260.075 
368.776 
384.47 
465.058 
466.732 
525.814 
495.631 
398.631 
408.2 
519.287 
525.055 
518.727 
240.941 
338.702 
327.726 
354.401 
350.951 
364.981 
307.56 
517.7 
504.177 
471.986 
474.662 
253.52 
271.478 
304.094 
298.212 
447.094 
234.373 
234.307 
234.341 
234.382 
444.627 
266.076 
268.786 
400.128 
489.943 
513.346 
523.094 
515.521 
265.724 
473.396 
520.767 
520.906 
386.785 
377.757 
494.591 
263.405 
312.504 
306.37 
318.886 
474.171 
428.199 
428.944 
471.826 
435.374 
418.905 
503.378 
271.6 
411.178 
518.817 
328.833 
269.992 
462.163 
463.91 
456.17 
446.568 
437.191 
295.935 
525.985 
524.493 
523.491 
350.674 
249.746 
234.326 
252.267 
308.754 
318.607 
258.393 
515.329 
290.526 
288.399 
262.94 
422.962 
414.213 
307.649 
301.967 
266.24 
469.971 
299.623 
295.594 
510.126 
436.901 
434.19 
269.547 
252.12 
348.638 
378.407 
365.807 
333.733 
344.675 
456.186 
253.601 
240.743 
255.247 
486.123 
283.576 
513.21 
355.091 
358.34 
262.153 
506.862 
361.857 
361.192 
468.317 
482.142 
492.366 
442.025 
261.409 
499.574 
515.825 
364.832 
340.118 
517.211 
273.488 
237.789 
504.655 
348.723 
524.646 
523.697 
485.964 
234.745 
434.493 
431.844 
442.369 
494.339 
280.087 
519.449 
519.484 
495.413 
341.13 
256.729 
258.878 
254.434 
235.889 
455.591 
475.606 
514.888 
421.491 
298.127 
235.806 
306.77 
306.737 
318.803 
518.969 
307.336 
350.36 
351.039 
235.027 
467.091 
258.219 
266.492 
430.105 
430.968 
320.818 
319.28 
235.941 
505.897 
266.62 
401.649 
282.954 
237.135 
234.624 
239.366 
502.366 
235.387 
284.783 
286.02 
463.173 
236.59 
236.987 
269.628 
295.089 
360.123 
351.574 
273.341 
476.848 
235.28 
426.475 
499.357 
490.371 
432.511 
447.993 
401.172 
277.524 
284.838 
511.145 
502.001 
512.446 
497.896 
399.062 
390.014 
330.068 
239.26 
472.284 
473.199 
468.442 
359.576 
362.751 
251.986 
398.777 
414.338 
321.145 
314.816 
254.167 
454.149 
390.77 
461.916 
463.616 
470.708 
330.449 
332.934 
323.451 
327.109 
270.33 
238.877 
234.341 
234.436 
497.069 
257.063 
425.879 
474.65 
295.071 
236.621 
492.885 
512.949 
437.583 
385.604 
395.549 
267.53 
270.328 
508.884 
249.274 
499.217 
305.459 
463.169 
488.26 
235.962 
514.172 
235.711 
495.844 
408.238 
514.539 
273.24 
471.355 
422.445 
511.02 
239.65 
511.48 
361.184 
361.422 
245.912 
499.069 
506.555 
475.931 
454.918 
266.764 
269.642 
264.019 
485.327 
478.971 
478.611 
487.46 
293.338 
293.53 
299.336 
437.452 
501.546 
313.577 
489.332 
328.321 
234.558 
262.98 
500.471 
466.582 
468.083 
235.704 
513.679 
331.756 
434.932 
502.545 
244.583 
462.011 
460.203 
234.552 
244.388 
242.275 
245.31 
248.343 
234.805 
241.42 
516.412 
484.65 
235.726 
517.605 
234.924 
235.229 
247.611 
235.783 
235.368 
234.933 
259.514 
289.493 
287.481 
451.758 
453.969 
444.528 
235.239 
497.873 
509.452 
275.872 
413.297 
367.758 
353.498 
382.308 
414.677 
423.777 
280.118 
282.667 
276.238 
254.319 
518.295 
235.063 
253.853 
234.817 
505.09 
502.099 
238.721 
240.947 
447.397 
476.029 
476.926 
242.271 
242.051 
503.338 
494.814 
236.661 
243.936 
371.96 
363.07 
234.903 
302.699 
297.23 
517.307 
340.5 
337.837 
438.497 
439.214 
237.816 
505.445 
402.202 
235.517 
490.089 
479.828 
485.419 
235.298 
236.416 
518.389 
434.104 
515.876 
375.682 
237.379 
431.34 
373.684 
236.825 
506.482 
458.498 
440.337 
352.5 
505.821 
497.922 
234.701 
276.862 
260.526 
263.369 
420.041 
422.902 
411.205 
237.243 
477.707 
462.182 
478.674 
509.315 
253.7 
248.731 
369.006 
372.134 
491.671 
246.285 
508.939 
515.086 
445.124 
481.027 
341.249 
399.168 
478.588 
475.241 
450.156 
502.462 
246.143 
471.008 
384.636 
248.574 
269.211 
259.071 
446.759 
455.335 
447.25 
235.333 
393.007 
372.474 
383.862 
372.172 
236.222 
343.323 
317.769 
328.314 
473.479 
469.946 
239.7 
266.115 
472.894 
483.018 
235.743 
396.13 
234.972 
263.23 
250.659 
505.858 
501.724 
351.964 
237.987 
250.479 
237.283 
238.763 
247.139 
234.883 
235.385 
234.522 
255.625 
494.753 
346.017 
243.115 
499.192 
476.918 
474.834 
414.017 
513.68 
512.909 
234.341 
236.753 
247.087 
476.643 
471.619 
456.667 
443.464 
450.894 
256.65 
508.007 
292.112 
237.248 
384.009 
375.026 
505.846 
507.763 
505.101 
234.829 
244.552 
236.572 
235.164 
247.807 
249.828 
246.436 
243.127 
237.872 
234.412 
235.8 
252.16 
440.532 
448.003 
234.918 
428.346 
235.565 
234.438 
310.407 
304.956 
456.673 
271.209 
448.601 
392.408 
468.232 
469.568 
350.969 
499.411 
448.051 
269.162 
252.878 
267.793 
416.91 
470.788 
466.923 
256.347 
465.805 
506.818 
234.664 
461.311 
234.72 
402.377 
411.865 
277.648 
280.421 
376.334 
239.798 
270.447 
501.658 
234.97 
234.691 
234.897 
234.74 
235.091 
234.982 
235.379 
406.151 
271.291 
373.384 
235.09 
234.478 
234.493 
235.724 
235.239 
353.619 
489.463 
507.04 
362.787 
473.641 
245.389 
483.512 
476.345 
476.876 
239.296 
432.441 
238.134 
465.356 
508.893 
235.913 
504.326 
501.252 
264.531 
267.626 
261.691 
239.285 
309.056 
317.789 
234.642 
300.449 
300.313 
309.267 
339.921 
352.949 
330.5 
471.783 
506.903 
240.542 
462.887 
274.159 
476.729 
382.467 
469.974 
419.742 
471.02 
472.045 
466.873 
275.432 
274.551 
234.338 
337.899 
335.307 
494.053 
465.918 
454.729 
475.553 
484.46 
439.218 
430.979 
253.559 
507.203 
482.293 
493.099 
287.164 
405.018 
407.941 
395.908 
235.918 
476.744 
475.406 
260.768 
265.078 
361.986 
364.483 
366.986 
438.168 
483.206 
357.392 
348.851 
235.483 
234.608 
234.777 
424.639 
234.519 
234.474 
234.718 
503.498 
459.954 
458.033 
240.49 
502.748 
433.059 
237.66 
236.216 
234.893 
235.79 
429.92 
235.717 
236.104 
240.559 
236.344 
237.753 
245.924 
235.159 
480.567 
471.279 
466.856 
251.606 
253.467 
440.864 
282.556 
341.585 
246.724 
246.741 
506.499 
330.078 
327.792 
294.166 
289.623 
282.836 
506.287 
291.386 
375.713 
239.031 
468.917 
458.883 
462.705 
504.664 
495.787 
506.318 
386.974 
504.821 
505.382 
503.885 
505.683 
235.883 
513.195 
463.968 
465.503 
410.989 
387.839 
235.838 
507.158 
240.51 
236.264 
242.136 
238.758 
424.804 
236.629 
236.581 
456.567 
506.887 
236.492 
254.578 
318.658 
320.722 
312.312 
494.477 
236.699 
236.242 
454.729 
235.623 
455.61 
449.276 
451.491 
441.732 
500.432 
235.519 
492.719 
488.796 
238.15 
238.306 
240.106 
501.396 
235.753 
236.589 
364.723 
488.957 
503.629 
278.754 
246.033 
236.177 
259.647 
475.826 
394.337 
239.649 
238.961 
235.255 
513.021 
235.359 
372.399 
278.822 
281.663 
451.046 
372.625 
455.521 
463.125 
455.986 
243.365 
413.368 
275.329 
383.968 
249.198 
236.241 
239.73 
237.355 
345.207 
235.61 
234.829 
460.923 
243.12 
258.726 
389.696 
386.767 
399.591 
490.646 
486.362 
239.068 
424.97 
440.73 
237.173 
502.613 
473.84 
236.846 
475.787 
447.066 
275.016 
234.696 
380.532 
481.663 
281.895 
395.828 
498.322 
243.086 
244.691 
242.2 
443.793 
487.103 
486.744 
239.998 
237.933 
237.379 
380.907 
420.58 
433.14 
249.707 
241.637 
369.04 
360.297 
243.772 
291.077 
498.267 
495.771 
251.047 
451.81 
245.216 
373.24 
374.091 
496.019 
483.393 
474.569 
236.812 
501.862 
497.961 
499.42 
279.928 
250.687 
452.956 
450.963 
459.251 
235.474 
258.985 
262.561 
441.798 
396.725 
406.969 
235.254 
236.539 
235.804 
491.99 
237.221 
237.652 
238.019 
249.142 
251.517 
383.111 
405.365 
377.731 
358.292 
366.173 
360.688 
240.24 
415.643 
499.231 
371.932 
245.191 
235.93 
237.606 
238.83 
248.952 
251.499 
300.646 
296.208 
439.069 
472.898 
456.941 
449.376 
280.621 
484.518 
455.713 
257.805 
237.007 
237.519 
443.902 
234.909 
332.751 
441.854 
393.313 
418.565 
427.416 
268.346 
288.945 
240.265 
241.727 
240.548 
240.839 
236.592 
241.253 
499.908 
285.141 
284.029 
457.523 
405.012 
394.367 
390.854 
403.446 
476.714 
496.011 
241.244 
235.924 
236.941 
251.184 
249.173 
237.197 
447.377 
383.028 
281.249 
241.298 
488.117 
483.684 
239.844 
493.049 
261.871 
327.974 
339.34 
235.022 
235.465 
240.599 
236.547 
236.755 
237.649 
242.79 
237.671 
449.669 
476.412 
236.467 
238.555 
436.663 
240.658 
433.628 
441.649 
236.393 
244.276 
245.085 
237.234 
237.037 
449.74 
476.838 
490.655 
236.801 
393.517 
393.454 
243.37 
236.377 
309.288 
383.035 
383.333 
441.677 
242.439 
495.28 
238.064 
237.475 
244.519 
463.394 
463.698 
404.284 
416.097 
370.237 
372.563 
476.628 
460.271 
472.537 
272.287 
240.339 
235.289 
235.71 
235.609 
466.055 
463.458 
457.645 
393.975 
500.414 
429.086 
424.975 
234.818 
389.569 
380.472 
237.766 
237.876 
481.494 
469.596 
465.038 
242.609 
238.515 
237.584 
459.53 
238.115 
401.574 
467.479 
245.041 
244.639 
445.645 
279.977 
498.349 
473.94 
470.758 
380.697 
271.703 
276.936 
242.752 
241.861 
234.571 
377.936 
491.352 
327.505 
240.173 
239.195 
343.405 
335.447 
237.927 
246.1 
475.941 
469.786 
500.347 
502.771 
254.249 
432.456 
237.45 
244.319 
250.749 
391.183 
325.114 
441.147 
500.826 
502.561 
253.915 
249.717 
247.982 
255.134 
255.731 
299.017 
297.752 
234.477 
287.604 
283.98 
455.587 
445.822 
365.73 
469.836 
471.006 
502.229 
501.315 
368.897 
366.082 
442.205 
433.573 
240.432 
240.91 
241.931 
308.559 
486.981 
476.491 
491.04 
423.782 
474.78 
473.98 
476.34 
448.828 
446.543 
236.954 
457.071 
317.637 
259.473 
237.5 
427.429 
325.149 
322.594 
252.556 
421.614 
239.397 
237.842 
238.531 
236.529 
235.798 
235.971 
265.013 
294.389 
473.746 
242.583 
242.418 
476.415 
474.652 
237.757 
242.641 
238.016 
288.963 
243.907 
290.637 
494.244 
287.961 
295.867 
247.926 
398.341 
483.569 
238.943 
397.568 
458.297 
448.991 
384.278 
393.895 
415.593 
354.506 
357.347 
346.083 
409.503 
400.276 
496.158 
430.324 
385.378 
382.981 
395.716 
376.734 
385.336 
378.677 
240.187 
393.257 
243.772 
403.903 
406.611 
253.492 
498.93 
485.429 
238.569 
463.836 
245.933 
493.281 
451.627 
460.534 
498.133 
471.391 
480.381 
489.666 
236.74 
237.426 
236.99 
244.914 
245.034 
249.358 
247.942 
424.461 
246.745 
239.645 
238.802 
415.937 
460.031 
451.998 
451.175 
414.404 
237.264 
240.067 
240.706 
241.218 
434.533 
247.268 
254.779 
238 
379.118 
318.273 
318.081 
328.205 
486.894 
246.782 
257.839 
235.913 
236.271 
245.455 
244.316 
364.026 
350.949 
376.452 
306.876 
425.976 
415.779 
237.405 
245.944 
469.372 
239.402 
240.267 
240.376 
392.387 
257.974 
265.434 
262.917 
259.827 
260.274 
431.161 
240.355 
260.66 
268.783 
273.483 
235.784 
411.371 
236.509 
415.214 
236.436 
238.125 
237.85 
245.9 
385.582 
261.752 
235.999 
237.015 
238.461 
238.983 
266.421 
270.411 
249.764 
236.866 
237.47 
237.816 
238.892 
239.2 
476.982 
476.667 
457.306 
449.838 
239.351 
238.839 
267.012 
464.037 
501.172 
313.009 
243.576 
492.768 
315.754 
419.834 
320.347 
256.006 
255.142 
447.217 
237.679 
240.281 
238 
247.841 
248.559 
249.949 
238.822 
238.477 
242.958 
469.593 
477.275 
304.424 
249.267 
245.904 
242.857 
237.794 
243.632 
247.99 
409.153 
290.823 
238.995 
416.698 
497.952 
400.213 
403.197 
403.052 
244.029 
238.505 
403.741 
472.865 
240.414 
469.183 
465.296 
491.473 
272.689 
249.404 
482.79 
239.205 
239.674 
476.64 
411.445 
253.091 
248.727 
316.145 
317.73 
483.862 
489.858 
497.248 
237.541 
492.395 
486.976 
489.534 
240.998 
239.797 
250.123 
248.772 
237.001 
238.07 
238.501 
422.78 
433.074 
495.469 
436.167 
438.683 
427.659 
470.072 
470.133 
238.843 
238.692 
260.97 
236.876 
489.351 
393.584 
416.383 
424.418 
414.678 
385.733 
247.171 
453.095 
485.299 
470.005 
480.326 
307.574 
309.259 
301.751 
243.071 
472.447 
293.668 
404.761 
239.054 
238.774 
461.318 
455.133 
284.84 
290.892 
497.477 
434.977 
238.191 
276.426 
473.76 
467.989 
463.012 
473.159 
295.622 
291.775 
388.322 
238.462 
239.331 
238.817 
239.593 
238.799 
259.541 
454.042 
455.842 
241.703 
269.399 
498.583 
495.563 
329.703 
329.554 
240.227 
251.324 
425.237 
421.375 
480.828 
445.906 
443.505 
239.306 
330.328 
322.857 
422.604 
412.204 
315.397 
239.682 
239.683 
248.809 
247.345 
236.502 
238.483 
238.876 
243.617 
236.806 
431.345 
237.701 
429.45 
419.636 
242.186 
242.388 
263.428 
264.078 
256.781 
237.05 
436.022 
449.976 
362.695 
235.837 
463.337 
461.743 
468.132 
433.751 
441.869 
258.988 
281.818 
277.137 
237.997 
475.63 
476.773 
253.815 
239.683 
305.969 
304.445 
260.087 
304.897 
238.863 
313.307 
310.804 
260.744 
242.272 
251.107 
405.533 
235.637 
456.061 
450.281 
475.025 
248.925 
250.484 
483.572 
238.925 
244.973 
252.046 
472.878 
402.968 
396.001 
272.231 
239.445 
406.308 
495.392 
242.125 
264.837 
267.152 
303.032 
475.921 
253.26 
240.534 
475 
496.295 
239.978 
266.542 
265.973 
272.549 
237.953 
491.168 
242.097 
236.369 
495.211 
245.629 
236.474 
244.934 
253.126 
250.736 
253.012 
253.651 
410.89 
239.941 
469.764 
475.741 
480.855 
475.782 
236.813 
237.955 
402.85 
396.047 
300.907 
387.222 
240.045 
365.232 
374.079 
408.377 
237.106 
251.778 
246.564 
248.043 
247.146 
358.921 
415.377 
376.682 
426.472 
435.009 
240.993 
432.824 
435.477 
424.11 
493.719 
492.701 
464.874 
405.577 
466.907 
454.263 
470.77 
469.235 
255.683 
493.584 
494.465 
492.993 
381.485 
239.737 
240.454 
240.323 
254.839 
256.325 
257.82 
255.839 
327.236 
258.011 
240.273 
238.239 
238.987 
238.627 
240.131 
240.465 
241.467 
240.929 
337.653 
338.973 
349.475 
244.508 
396.388 
299.83 
264.558 
243.531 
400.129 
390.475 
432.239 
422.705 
277.431 
257.707 
259.117 
261.655 
400.398 
391.279 
392.94 
242.269 
495.36 
238.331 
492.778 
393.443 
354.176 
495.871 
420.15 
240.598 
281.035 
282.713 
286.678 
291.417 
252.456 
437.457 
445.161 
369.93 
361.221 
245.728 
259.765 
262.587 
258.166 
426.845 
424.59 
435.227 
301.803 
313.129 
310.934 
240.13 
308.951 
458.737 
264.341 
264.24 
243.525 
255.039 
389.128 
254.036 
255.822 
239.338 
476.415 
442.713 
440.302 
479.983 
244.701 
254.865 
473.726 
278.365 
240.554 
411.016 
425.335 
242.366 
240.817 
412.122 
469.274 
244.273 
244.307 
391.943 
450.469 
446.431 
245.299 
244.626 
477.019 
241.334 
460.479 
242.318 
494.468 
243.095 
244.61 
235.243 
480.669 
477.313 
396.112 
402.696 
412.651 
268.043 
239.792 
240.335 
340.683 
332.873 
312.012 
390.351 
388.074 
400.362 
469.743 
463.67 
490.764 
488.148 
383.978 
243.808 
409.806 
411.833 
494.973 
249.258 
247.626 
475.958 
241.252 
241.276 
475.164 
484.619 
386.618 
451.649 
384.524 
351.614 
372.268 
378.334 
242.746 
236.921 
461.812 
460.713 
417.648 
408.302 
300.048 
307.008 
461.067 
489.5 
239.522 
458.989 
452.458 
239.629 
240.195 
476.694 
246.131 
244.675 
442.043 
318.084 
311.255 
270.628 
240.985 
241.182 
240.68 
433.921 
426.189 
425.033 
350.489 
348.119 
241.473 
241.87 
465.667 
337.978 
339.274 
325.635 
242.713 
243.626 
244.168 
250.733 
241.308 
241.114 
265.48 
311.828 
237.975 
238.579 
456.339 
274.637 
457.192 
247.512 
244.46 
238.496 
371.6 
475.286 
487.926 
240.494 
239.89 
245.166 
433.209 
473.517 
267.423 
471.151 
474.253 
287.951 
282.899 
404.088 
403.802 
394.23 
242.012 
241.012 
242.172 
243.268 
243.326 
269.908 
269.971 
271.578 
272.402 
408.915 
304.533 
450.581 
240.833 
240.449 
398.497 
413.719 
413.204 
400.8 
450.088 
241.103 
461.869 
249.778 
270.015 
246.053 
259.532 
448.147 
254.191 
442.562 
247.119 
485.437 
477.348 
469.98 
473.956 
254.657 
259.68 
477.112 
477.135 
296.569 
383.608 
471.608 
285.493 
248.046 
248.697 
492.323 
466.148 
273.018 
381.959 
477.267 
477.141 
240.902 
394.589 
490.652 
377.528 
372.228 
376.297 
269.573 
480.353 
484.435 
480.169 
359.788 
242.495 
400.859 
408.737 
244.283 
243.044 
456.839 
254.939 
487.591 
486.573 
414.425 
419.691 
250.161 
246.87 
246.701 
249.102 
476.34 
479.195 
242.143 
377.055 
372.133 
297.227 
403.079 
343.431 
241.459 
242.034 
242.696 
250.961 
483.267 
482.449 
234.637 
429.364 
432.014 
420.372 
279.272 
279.822 
286.435 
491.29 
244.333 
240.182 
241.184 
240.638 
443.61 
429.829 
447.358 
469.747 
302.673 
321.381 
375.142 
366.68 
306.641 
252.413 
239.849 
240.509 
477.512 
406.252 
397.136 
437.173 
433.035 
490.342 
240.071 
300.533 
356.351 
489.419 
365.402 
273.951 
277.064 
334.973 
254.662 
465.685 
464.304 
470.099 
382.143 
389.044 
379.466 
448.874 
354.574 
307.705 
258.309 
361.616 
395.872 
251.686 
249.997 
423.893 
433.198 
423.526 
256.181 
253.366 
317.71 
318.373 
240.423 
249.052 
240.259 
323.063 
246.201 
475.354 
472.622 
247.617 
438.537 
432.29 
427.738 
354.17 
260.624 
262.712 
489.607 
481.407 
465.852 
386.548 
400.22 
263.235 
436.938 
241.519 
403.721 
406.435 
249.679 
491.372 
467.545 
275.569 
421.64 
330.387 
243.371 
242.666 
370.029 
247.095 
246.687 
460.814 
242.471 
337.867 
290.96 
288.595 
256.164 
273.951 
247.442 
242.558 
466.756 
462.772 
263.18 
241.771 
273.165 
246.584 
327.874 
320.526 
376.179 
246.094 
463.648 
469.001 
292.497 
240.767 
280.001 
258.294 
261.576 
422.297 
457.03 
449.449 
364.289 
368.902 
320.583 
242.765 
367.614 
492.514 
478.943 
474.443 
243.094 
243.088 
257.82 
260.477 
261.379 
441.473 
325.058 
298.284 
244.127 
344.352 
256.879 
476.892 
411.824 
340.109 
447.337 
439.44 
442.698 
440.035 
401.358 
391.586 
317.507 
325.329 
376.576 
385.906 
259.913 
258.783 
482.971 
241.785 
306.853 
247.698 
444.095 
453.304 
242.933 
242.484 
256.572 
483.367 
378.238 
368.188 
431.145 
439.573 
492.945 
241.809 
243.852 
244.304 
242.037 
242.878 
242.558 
378.597 
349.847 
240.199 
240.871 
476.124 
477.355 
407.596 
400.146 
399.07 
369.612 
471.344 
242.398 
267.402 
271.864 
260.548 
241.672 
483.647 
429.499 
428.546 
244.589 
242.27 
249.651 
248.821 
428.782 
267.152 
449.882 
491.766 
246.568 
411.462 
419.411 
377.473 
384.452 
300.622 
298.665 
449.277 
419.312 
242.369 
355.397 
441.861 
293.688 
347.506 
477.302 
358.707 
265.29 
476.462 
245.774 
247.271 
294.512 
261.573 
266.858 
490.731 
467.006 
468.153 
356.705 
489.062 
486.925 
275.635 
244.147 
458.042 
255.773 
254.106 
243.413 
244.901 
295.576 
297.53 
302.181 
454.404 
460.532 
245.437 
244.075 
477.003 
351.887 
293.378 
246.673 
487.411 
430.143 
475.934 
250.57 
265.555 
424.206 
420.12 
484.429 
243.496 
453.792 
462.61 
454.169 
458.75 
243.516 
276.611 
489.758 
464.15 
250.727 
269.096 
350.223 
331.667 
330.193 
432.773 
441.693 
432.033 
243.93 
242.52 
260.643 
250.907 
435.271 
273.786 
242.561 
251.869 
252.628 
456.619 
274.709 
249.484 
243.971 
244.578 
281.118 
247.8 
246.618 
244.909 
480.208 
489.826 
254.825 
244.199 
244.345 
360.65 
242.194 
243.365 
242.957 
264.413 
346.437 
468.141 
474.623 
467.29 
473.636 
261.826 
428.277 
425.619 
485.04 
351.864 
267.492 
245.288 
284.138 
252.967 
262.75 
252.86 
242.27 
243.466 
242.802 
301.055 
249.988 
245.756 
364.791 
456.459 
449.565 
261.456 
263.78 
248.744 
283.648 
287.001 
287.956 
445.498 
443.853 
452.877 
258.955 
435.764 
357.549 
240.996 
382.039 
372.699 
475.313 
474.563 
354.377 
288.197 
418.169 
414.002 
472.952 
475.585 
280.807 
284.865 
278.201 
245.974 
476.675 
279.797 
284.56 
349.756 
269.32 
247.18 
247.896 
372.245 
254.961 
486.493 
248.605 
246.775 
247.055 
479.189 
333.366 
251.907 
250.178 
252.468 
248.023 
269.328 
472.068 
483.266 
411.788 
408.28 
404.496 
418.104 
268.428 
270.596 
449.951 
434.245 
375.945 
492.027 
294.968 
458.432 
435.696 
488.855 
488.942 
416.152 
420.045 
248.27 
473.61 
273.425 
463.025 
243.756 
324.971 
290.945 
404.13 
440.305 
438.879 
242.906 
264.621 
262.076 
463.382 
251.276 
250.42 
362.761 
457.875 
450.524 
446.355 
245.04 
302.848 
450.438 
250.784 
469.062 
488.78 
474.349 
248.558 
249.697 
267.201 
271.225 
244.715 
245.47 
359.5 
363.404 
245.781 
470.251 
471.416 
465.803 
351.511 
252.368 
244.671 
265.973 
268.531 
269.452 
460.09 
465.062 
248.731 
244.632 
315.7 
308.93 
375.685 
382.71 
421.828 
334.443 
433.407 
424.521 
423.979 
421.006 
384.493 
374.633 
292.943 
260.358 
484.583 
481.936 
346.589 
269.396 
250.686 
248.835 
307.379 
251.75 
426.446 
427.221 
434.047 
489.087 
486.161 
487.94 
251.652 
250.087 
433.648 
251.261 
474.479 
327.007 
413.706 
304.552 
469.654 
470.588 
246.197 
245.517 
336.592 
309.669 
244.73 
244.015 
369.78 
251.907 
252.495 
258.238 
431.456 
441.004 
246.511 
425.945 
244.478 
245.43 
245.228 
245.342 
242.926 
243.775 
477.868 
477.118 
247.31 
244.589 
358.021 
349.199 
382.409 
375.602 
374.36 
278.85 
283.549 
265.185 
344.882 
351.015 
249.676 
486.798 
272.634 
245.453 
246.093 
246.905 
250.305 
251.698 
252.12 
244.062 
285.055 
251.67 
487.589 
278.518 
254.581 
253.609 
298.48 
296.553 
276.409 
271.304 
244.724 
243.869 
341.583 
340.051 
264.656 
267.486 
262.852 
312.861 
315.167 
320.197 
287.434 
290.196 
295.829 
284.838 
284.106 
249.058 
252.13 
469.28 
255.997 
460.269 
274.234 
379.394 
394.082 
456.152 
443.123 
247.994 
449.565 
453.94 
254.706 
470.036 
468.713 
293.333 
344.734 
280.508 
344.716 
357.039 
485.256 
287.718 
362.783 
452.725 
257.54 
253.684 
446.019 
436.793 
442.068 
355.668 
356.002 
275.864 
246.185 
261.342 
252.964 
473.55 
343.036 
246.412 
442.883 
416.513 
245.491 
331.727 
319.478 
467.095 
266.992 
463.903 
251.765 
317.835 
312.835 
412.407 
409.612 
337.125 
258.592 
252.8 
256.191 
254.567 
245.372 
354.894 
422.688 
269.292 
246.287 
292.987 
411.42 
399.172 
440.067 
441.533 
270.19 
306.608 
354.26 
340.576 
359.881 
249.414 
444.3 
436.087 
246.89 
281.226 
486.616 
283.241 
333.083 
405.601 
477.163 
477.896 
280.623 
321.927 
474.699 
474.018 
476.788 
437.81 
254.949 
476.943 
471.777 
478.075 
481.634 
477.931 
468.574 
253.312 
472.405 
264.147 
243.952 
246.701 
247.771 
248.264 
397.093 
387.115 
449.856 
247.179 
344.271 
344.617 
256.385 
257.001 
278.716 
280.063 
274.585 
256.373 
313.024 
259.411 
269.464 
258.274 
258.378 
277.484 
274.837 
370.784 
392.638 
388.744 
272.8 
277.662 
279.037 
445.605 
440.321 
399.843 
247.659 
455.832 
453.656 
446.66 
273 
269.674 
466.878 
249.498 
336.328 
334.759 
346.548 
245.879 
255.374 
433.978 
249.086 
250.194 
407.198 
253.071 
433.216 
429.357 
480.825 
247.963 
247.158 
260.513 
298.986 
315.057 
473.649 
458.198 
272.015 
252.82 
277.907 
282.694 
326.716 
296.54 
300.938 
247.569 
248.456 
351.867 
355.831 
462.093 
463.762 
455.955 
250.023 
248.347 
330.547 
472.964 
464.584 
463.866 
321.475 
246.806 
254.114 
468.088 
472.271 
468.269 
405.385 
456.918 
448.079 
455.767 
246.867 
291.355 
408.296 
403.744 
367.491 
357.85 
468.954 
463.522 
255.177 
252.956 
332.523 
288.938 
256.347 
247.433 
302.288 
395.111 
330.769 
256.069 
293.965 
298.316 
299.827 
410.298 
395.723 
411.909 
401.23 
356.499 
289.165 
247.426 
248.363 
335.807 
446.44 
246.109 
476.164 
470.339 
475.508 
262.632 
259.25 
258.727 
248.58 
247.605 
257.055 
255.178 
247.144 
257.551 
417.447 
254.137 
327.359 
296.328 
466.3 
463.945 
296.467 
294.574 
286.373 
249.626 
248.88 
323.722 
284.624 
282.152 
473.452 
345.105 
348.909 
483.969 
289.233 
294.885 
486.179 
485.475 
332.696 
417.901 
408.202 
267.79 
255.728 
257.58 
256.449 
255.54 
488.062 
250.791 
251.246 
290.97 
256.944 
486.402 
248.174 
247.143 
246.282 
483.499 
292.04 
486.233 
486.469 
482.079 
441 
261.677 
339.807 
357.418 
371.622 
382.778 
268.841 
449.915 
458.806 
248.259 
461.418 
459.715 
387.008 
478.797 
479.312 
285.716 
261.341 
260.034 
338.992 
422.577 
305.997 
392.669 
256.948 
293.65 
250.246 
307.708 
310.559 
473.858 
264.312 
265.912 
350.726 
274.884 
472.487 
315.999 
310.858 
325.598 
269.575 
269.407 
275.028 
249.837 
475.821 
476.304 
464.795 
275.984 
280.214 
278.631 
282.342 
395.505 
262.523 
264.15 
249.456 
250.591 
250.982 
332.59 
273.41 
326.29 
336.48 
259.684 
304.4 
273.904 
381.168 
377.037 
259.873 
257.989 
259.789 
260.83 
332.811 
304.041 
311.525 
255.302 
256.995 
257.246 
279.379 
282.827 
326.314 
315.629 
332.161 
280.877 
283.513 
461.82 
263.939 
362.186 
297.544 
478.025 
476.791 
429.82 
432.522 
420.758 
379.975 
370.001 
270.129 
270.682 
477.205 
248.303 
353.37 
467.793 
466.065 
279.934 
456.712 
471.015 
466.369 
340.94 
264.505 
483.954 
475.932 
470.608 
474.255 
429.207 
413 
422.801 
257.816 
259.339 
249.638 
250.71 
318.58 
320.51 
312.269 
301.742 
307.78 
353.456 
276.912 
278.569 
281.41 
340.559 
461.927 
341.683 
359.695 
278.364 
448.497 
285.516 
250.59 
292.562 
481.809 
382.718 
392.772 
488.164 
419.034 
251.811 
327.168 
300.13 
263.282 
261.167 
262.506 
382.658 
310.897 
253.878 
252.082 
485.75 
253.377 
254.767 
428.445 
424.333 
258.362 
300.55 
252.705 
374.256 
370.634 
416.335 
412.648 
251.571 
304.49 
260.136 
477.376 
264.345 
454.974 
453.151 
290.928 
296.572 
426.242 
251.046 
477.72 
350.217 
451.033 
453.143 
443.506 
458.894 
284.479 
252.661 
294.664 
456.984 
482.54 
258.562 
305.82 
250.961 
252.452 
251.21 
436.317 
453.769 
386.872 
382.899 
475.158 
477.435 
467.252 
465.168 
484.785 
250.857 
350.918 
289.01 
287.419 
249.123 
254.104 
254.843 
305.974 
277.082 
480.702 
480.515 
395.413 
384.131 
396.488 
251.171 
252.276 
475.385 
472.13 
248.71 
460.302 
267.986 
262.571 
261.444 
388.21 
263.14 
451.975 
315.112 
460.024 
262.363 
457.73 
276.18 
467.179 
331.236 
329.761 
485.085 
401.205 
391.061 
261.313 
478.024 
477.864 
478.194 
250.82 
252.265 
251.828 
284.071 
281.214 
282.268 
276.35 
483.51 
485.134 
483.2 
252.414 
251.371 
263.767 
265.406 
250.964 
388.678 
251.237 
274.808 
480.972 
477.374 
479.757 
398.64 
287.356 
315.508 
359.309 
368.982 
483.484 
290.299 
368.627 
290.766 
407.135 
320.74 
290.895 
294.694 
247.702 
450.015 
447.82 
260.851 
454.012 
256.514 
255.296 
253.96 
259.192 
252.091 
414.259 
478.673 
478.706 
287.68 
293.029 
264.638 
266.52 
479.873 
463.315 
288.055 
285.707 
290.388 
443.819 
443.542 
267.921 
263.243 
255.011 
353.137 
254.852 
318.825 
251.575 
253.502 
252.572 
363.301 
359.316 
394.385 
309.463 
473.078 
266.435 
340.297 
378.207 
450.622 
254.635 
256.166 
256.202 
255.412 
256.383 
260.175 
477.215 
265.202 
264.405 
335.052 
268.156 
262.815 
309.168 
318.7 
375.493 
456.975 
266.011 
269.313 
267.33 
471.092 
285.561 
250.436 
462.327 
455.949 
254.53 
251.335 
252.564 
252.613 
247.531 
418.713 
254.473 
257.616 
433.317 
290.581 
362.858 
341.314 
255.339 
475.626 
258.48 
285.386 
294.718 
484.328 
484.77 
474.708 
261.661 
273.308 
273.817 
326.357 
324.787 
270.106 
267.391 
265.472 
380.301 
292.549 
263.232 
261.21 
396.733 
321.659 
404.51 
265.388 
267.383 
448.584 
286.101 
255.859 
286.042 
283.957 
474.384 
400.178 
410.485 
400.622 
406.653 
410.384 
358.374 
354.266 
479.148 
467.387 
443.013 
441.752 
305.183 
312.271 
254.609 
280.093 
290.464 
341.154 
295.563 
292.206 
486.645 
426.119 
294.221 
478.922 
479.294 
270.296 
268.061 
265.132 
257.173 
254.162 
255.969 
255.229 
403.818 
250.395 
328.81 
257.349 
303.011 
257.835 
256.357 
258.556 
257.035 
482.137 
481.88 
470.957 
469.434 
266.296 
269.128 
374.442 
382.135 
370.814 
362.349 
264.601 
266.613 
267.75 
256.76 
320.224 
469.19 
463.947 
261.517 
346.27 
267.085 
312.917 
329.437 
370.858 
477.985 
476.118 
255.56 
413.899 
416.78 
404.151 
383.837 
373.599 
420.65 
476.406 
479.758 
253.875 
255.652 
255.719 
473.111 
470.991 
337.062 
364.751 
370.205 
312.987 
273.984 
272.279 
298.867 
298.998 
296.762 
288.774 
257.232 
255.9 
324.824 
251.864 
454.619 
273.319 
280.544 
270.853 
271.554 
466.618 
465.126 
462.063 
294.752 
302.748 
255.529 
257.039 
279.093 
446.533 
254.633 
256.34 
256.211 
444.348 
303.461 
479.204 
365.303 
344.843 
288.623 
263.592 
376.571 
386.746 
384.685 
315.6 
330.589 
270.763 
292.84 
259.636 
474.79 
390.067 
435.688 
345.863 
363.642 
468.901 
302.914 
308.444 
271.816 
479.716 
366.768 
279.985 
439.868 
437.481 
472.626 
475.071 
335.877 
428.776 
358.356 
360.963 
348.646 
473.321 
474.19 
475.091 
481.914 
421.894 
478.402 
328.696 
313.693 
302.063 
324.319 
261.384 
391.757 
330.361 
260.611 
483.896 
484.393 
483.596 
260.59 
462.079 
307.237 
308.528 
300.624 
297.989 
300.745 
305.38 
436.033 
433.585 
274.294 
272.23 
273.948 
259.846 
477.385 
476.93 
478.811 
259.802 
302.451 
307.193 
307.43 
466.325 
255.436 
350.808 
437.877 
256.984 
271.648 
440.44 
256.068 
257.429 
450.574 
442.645 
480.381 
480.305 
320.15 
257.525 
260.219 
459.925 
478.334 
308.969 
356.932 
322.751 
357.868 
477.802 
345.684 
264.026 
268.068 
271.67 
267.948 
482.266 
317.05 
298.94 
381.04 
424.566 
268.141 
270.259 
270.068 
332.622 
430.439 
428.057 
272.596 
275.089 
460.411 
295.249 
259.303 
261.325 
482.527 
393.792 
366.39 
341.623 
338.014 
347.845 
478.158 
412.327 
409.651 
374.311 
274.298 
434.428 
341.927 
274.937 
272.41 
277.421 
264.287 
261.921 
275.403 
305.775 
347.811 
335.378 
274.755 
257.262 
260.001 
262.345 
260.351 
259.689 
322.021 
320.299 
387.359 
396.478 
295.646 
290.291 
309.014 
265.853 
267.936 
276.534 
477.654 
435.269 
444.473 
459.601 
452.698 
351.594 
477.179 
416.605 
474.395 
470.549 
273.304 
263.311 
396.862 
399.72 
386.639 
259.119 
260.662 
260.575 
479.132 
481.658 
353.904 
344.207 
290.806 
342.291 
376.962 
260.351 
276.341 
263.715 
263.047 
306.351 
281.149 
431.717 
277.734 
456.875 
455.085 
479.329 
477.86 
465.069 
470.421 
262.179 
449.475 
441.208 
448.276 
362.84 
260.556 
261.945 
259.789 
261.665 
352.599 
261.275 
276.849 
281.128 
308.873 
259.833 
261.738 
261.756 
313.247 
266.822 
356.516 
298.28 
393.834 
402.352 
270.993 
429.299 
261.84 
259.814 
279.295 
479.097 
478.375 
359.832 
481.62 
383.466 
380.095 
371.17 
420.028 
307.718 
367.487 
304.454 
309.676 
304.685 
334.022 
423.611 
284.989 
362.093 
361.204 
280.549 
318.793 
269.488 
320.025 
272.817 
276.667 
271.217 
282.506 
311.123 
278.178 
328.963 
306.831 
372.412 
364.776 
370.202 
262.206 
326.373 
398.311 
314.809 
326.037 
309.691 
264.893 
268.143 
263.954 
291.064 
282.862 
274.254 
276.391 
277.327 
335.008 
302.968 
304.301 
296.95 
260.985 
360.102 
280.951 
475.252 
263.475 
474.186 
473.054 
451.839 
349.42 
337.606 
259.551 
261.505 
261.498 
296.545 
266.534 
286.521 
281.701 
286.916 
284.442 
417.423 
316.634 
318.56 
424.652 
261.228 
263.305 
262.337 
287.561 
294.05 
482.661 
436.228 
427.072 
480.935 
480.647 
262.645 
282.056 
331.089 
317.347 
371.731 
311.805 
313.984 
319.087 
278.193 
481.319 
266.644 
281.41 
279.788 
377.25 
386.372 
283.93 
412.59 
276.117 
416.107 
413.408 
420.136 
280.921 
304.075 
265.245 
267.483 
420.549 
332.893 
474.105 
422.027 
479.404 
342.296 
267.123 
422.902 
338.457 
369.095 
312.784 
352.226 
323.833 
275.869 
339.926 
284.113 
268.532 
379.22 
265.899 
341.167 
273.242 
263.172 
263.529 
317.967 
316.018 
354.148 
322.271 
285.748 
281.748 
324.33 
265.814 
268.045 
483.11 
482.729 
481.185 
482.367 
328.587 
467.126 
468.549 
461.429 
350.786 
281.252 
407.82 
404.96 
446.8 
438.49 
340.032 
270.865 
271.611 
415.04 
429.517 
323.201 
469.482 
268.606 
266.379 
361.838 
351.909 
275.679 
286.166 
283.961 
334.5 
444.313 
471.76 
450.057 
457.056 
479.848 
479.66 
267.582 
268.766 
293.856 
274.59 
266.582 
336.274 
481.077 
480.843 
267.274 
446.103 
476.683 
473.267 
265.556 
284.52 
340.128 
265.988 
268.261 
288.232 
294.042 
273.301 
404.622 
284.427 
290.648 
278.966 
473.435 
477.194 
407.693 
405.429 
284.444 
325.09 
413.963 
320.357 
434.198 
307.067 
263.856 
265.173 
266.263 
339.311 
395.539 
383.93 
396.225 
480.092 
288.168 
407.297 
322.375 
311.092 
321.866 
341.033 
333.039 
351.193 
288.118 
466.59 
462.258 
299.997 
269.888 
273.349 
402.56 
400.136 
316.873 
315.043 
281.656 
392.173 
382.073 
265.989 
269.082 
266.886 
292.597 
275.983 
265.993 
268.017 
300.033 
438.942 
407.809 
322.19 
419.607 
409.599 
271.457 
437.788 
480.06 
480.489 
479.978 
480.349 
333.249 
313.58 
320.637 
270.78 
272.774 
273.477 
266.006 
268.198 
268.23 
285.595 
320.435 
290.798 
294.469 
284.065 
365.303 
400.685 
398.237 
291.186 
327.468 
334.551 
269.215 
272.382 
275.103 
405.264 
268.232 
325.189 
321.688 
344.801 
335.66 
431.743 
440.113 
425.366 
308.081 
455.703 
300.531 
298.966 
267.471 
297.509 
467.285 
295.054 
266.582 
267.898 
274.501 
324.322 
273.513 
291.821 
293.829 
276.461 
358.42 
308.669 
295.498 
331.65 
364.371 
272.92 
346.466 
307.697 
479.588 
476.674 
479.329 
289.797 
352.839 
355.865 
456.439 
448.833 
464.997 
267.848 
291.28 
431.378 
421.871 
462.909 
292.037 
292.755 
286.751 
297.546 
272.508 
274.308 
427.443 
479.15 
479.926 
477.35 
394.691 
285.108 
374.547 
282.299 
276.253 
277.276 
273.355 
294.328 
300.149 
296.133 
461.43 
395.05 
426.225 
294.226 
478.043 
471.034 
465.914 
314.28 
312.302 
273.833 
413.231 
397.176 
302.218 
308.667 
275.519 
273.028 
286.685 
478.137 
274.297 
276.277 
474.898 
275.393 
364.022 
374.624 
301.783 
393.047 
390.548 
305.239 
388.985 
273.004 
275.423 
414.614 
302.922 
458.588 
466.559 
471.551 
331.008 
268.91 
387.435 
390.008 
377.152 
276.182 
273.65 
279.046 
318.429 
453.336 
316.896 
303.256 
307.898 
446.205 
356.803 
347.075 
314.673 
277.536 
295.46 
294.448 
298.148 
299.912 
303.571 
281.929 
455.315 
292.005 
275.232 
392.604 
270.628 
270.366 
275.317 
429.337 
295.255 
331.717 
324.12 
285.267 
302.013 
305.547 
306.288 
319.369 
401.575 
391.089 
346.135 
273.256 
275.739 
275.987 
384.448 
381.96 
474.935 
335.699 
329.801 
273.977 
438.249 
310.374 
273.263 
411.659 
420.912 
270.647 
275.577 
308.199 
275.893 
328.845 
320.999 
304.657 
453.199 
302.657 
384.403 
373.219 
382.76 
306.089 
452.438 
369.35 
359.248 
310.017 
308.503 
284.418 
281.146 
278.77 
445.388 
274.023 
376.523 
318.019 
385.678 
383.296 
418.143 
478.126 
475.253 
478.313 
347.69 
325.811 
325.96 
335.005 
277.863 
278.808 
282.126 
313.468 
306.866 
475.16 
405.274 
277.412 
303.472 
469.931 
442.401 
433.541 
354.691 
282.17 
407.288 
323.423 
414.003 
403.814 
451.075 
294.66 
280.204 
473.126 
389.868 
378.869 
281.351 
343.617 
283.173 
282.569 
292.491 
295.957 
281.85 
461.747 
455.624 
302.65 
281.037 
302.127 
418.703 
343.277 
469.289 
281.493 
409.739 
280.809 
283.735 
317.439 
324.363 
278.177 
281.328 
279.563 
282.145 
284.72 
459.593 
313.195 
399.494 
300.272 
314.229 
279.921 
281.393 
284.108 
284.637 
273.173 
318.985 
458.585 
336.143 
443.852 
471.007 
284.128 
284.304 
285.408 
299.755 
331.17 
366.441 
394.127 
397.346 
335.678 
465.954 
312.227 
314 
318.875 
352.878 
343.256 
363.058 
330.828 
443.472 
295.226 
338.957 
464.882 
386.746 
269.757 
476.652 
370.687 
436.017 
426.339 
417.548 
425.86 
339.816 
304.661 
308.93 
306.892 
316.399 
321.423 
382.973 
372.467 
378.384 
444.617 
308.259 
309.203 
314.986 
268.892 
281.001 
284.068 
283.617 
371.758 
377.619 
375.593 
307.541 
330.821 
282.784 
290.866 
314.273 
290.313 
363.942 
425.78 
415.926 
333.669 
336.286 
343.429 
324.537 
351.682 
341.98 
471.865 
370.991 
360.949 
368.236 
338.314 
442.749 
450.699 
384.392 
322.842 
301.322 
463.928 
287.428 
371.156 
368.658 
332.142 
291.191 
293.871 
295.852 
304.403 
289.688 
328.07 
320.687 
385.169 
316.833 
395.392 
440.28 
434.982 
288.592 
283.467 
458.527 
319.369 
287.021 
361.27 
358.518 
293.609 
289.977 
316.4 
467.003 
317.199 
319.737 
288.987 
314.804 
319.249 
313.503 
317.735 
318.062 
376.505 
286.969 
289.712 
292.986 
335.147 
341.007 
284.354 
391.055 
400.421 
308.382 
333.976 
353.869 
346.974 
301.792 
374.076 
289.554 
292.823 
292.692 
292.251 
294.837 
293.042 
288.647 
287.408 
377.035 
330.4 
336.188 
286.785 
445.465 
305.436 
322.172 
328.033 
329.579 
336.722 
289.871 
451.85 
290.426 
441.654 
298.576 
290.898 
433.201 
425.14 
292.504 
456.488 
366.467 
364.772 
294.129 
296.482 
436.666 
328.731 
309.643 
364.038 
361.32 
454.088 
323.807 
436.51 
449.093 
426.972 
433.046 
430.124 
323.817 
370.83 
379.379 
315.707 
346.855 
296.222 
407.137 
397.359 
334.921 
325.578 
355.982 
364.072 
433.355 
296.497 
295.611 
290.515 
355.995 
444.777 
299.879 
424.417 
319.892 
325.209 
367.187 
351.356 
296.226 
303.274 
332.216 
379.501 
353.746 
352.574 
440.05 
431.935 
438.071 
415.728 
426.436 
427.082 
454.054 
328.603 
333.488 
349.08 
301.668 
304.193 
330.557 
333.527 
355.499 
405.456 
317.972 
401.019 
321.313 
415.878 
300.15 
463.445 
334.788 
456.961 
331.103 
325.844 
339.001 
337.824 
396.674 
343.159 
388.361 
441.378 
303.662 
300.775 
353.389 
446.081 
354.567 
389.836 
337.142 
346.434 
404.561 
301.006 
418.028 
346.525 
302.339 
370.224 
408.371 
432.02 
428.168 
385.238 
308.773 
303.906 
399.125 
309.86 
319.321 
304.762 
418.543 
325.812 
309.357 
358.186 
327.694 
331.719 
302.97 
299.315 
344.748 
315.693 
311.817 
323.153 
331.098 
322.069 
330.779 
296.663 
347.364 
404.37 
414.102 
352.236 
352.175 
341.347 
311.853 
303.027 
347.379 
336.205 
351.149 
371.497 
342.319 
348.923 
308.35 
342.174 
344.528 
333.653 
306.432 
380.766 
346.937 
427.978 
425.641 
405.644 
335.918 
338.78 
418.803 
409.337 
410.647 
400.245 
299.082 
310.193 
376.693 
402.067 
360.221 
421.545 
412.922 
420.187 
349.291 
420.768 
380.404 
394.761 
363.03 
310.881 
314.949 
395.021 
332.908 
351.09 
352.352 
316.279 
315.575 
313.932 
361.346 
415.432 
362.44 
387.947 
417.674 
349.18 
310.503 
385.397 
357.047 
397.788 
342.599 
336.203 
394.063 
338.777 
342.869 
346.11 
346.682 
302.348 
347.62 
346.282 
382.312 
383.081 
353.941 
352.713 
346.784 
308.865 
312.491 
313.444 
353.822 
341.043 
322.374 
362.066 
345.883 
358.215 
405.865 
370.759 
338.014 
368.666 
353.667 
316.04 
320.758 
376.547 
363.953 
328.97 
324.843 
338.162 
357.079 
340.895 
314.676 
381.435 
392.908 
401.967 
366.322 
320.16 
373.516 
323.798 
328.747 
373.492 
328.657 
323.625 
344.374 
364.465 
354.463 
321.326 
398.922 
360.543 
358.926 
391.417 
333.496 
377.642 
326.491 
416.596 
369.664 
331.473 
402.815 
325.201 
365.896 
362.767 
408.981 
408.725 
412.624 
357.134 
334.862 
401.03 
381.678 
374.044 
342.938 
370.702 
389.734 
382.288 
339.215 
374.779 
362.271 
389.414 
