112.191 
120.14 
129.093 
138.509 
148.272 
158.381 
168.873 
179.779 
191.115 
202.898 
215.138 
227.835 
240.994 
254.598 
268.643 
283.112 
297.979 
313.236 
328.848 
344.775 
360.992 
377.472 
394.141 
410.984 
427.932 
444.949 
461.961 
478.937 
495.782 
512.446 
528.873 
544.987 
560.703 
575.966 
590.692 
604.795 
618.215 
630.84 
642.614 
653.433 
663.226 
671.948 
679.553 
686.115 
691.851 
697.142 
702.744 
709.774 
718.443 
129.04 
134.408 
143.479 
153.946 
165.047 
176.563 
188.461 
200.755 
213.455 
226.574 
240.119 
254.082 
268.46 
283.241 
298.404 
313.934 
329.802 
345.979 
362.437 
379.138 
396.047 
413.124 
430.327 
447.61 
464.924 
482.224 
499.444 
516.557 
533.487 
550.186 
566.59 
582.645 
598.285 
613.449 
628.069 
642.087 
655.419 
668.005 
679.76 
690.612 
700.49 
709.306 
717.018 
723.602 
729.086 
733.63 
737.503 
741.182 
745.214 
749.45 
149.942 
155.671 
165.519 
177.009 
189.234 
201.902 
214.937 
228.33 
242.076 
256.181 
270.633 
285.419 
300.525 
315.932 
331.611 
347.542 
363.688 
380.02 
396.505 
413.103 
429.777 
446.487 
463.193 
479.855 
496.43 
512.872 
529.129 
545.175 
560.949 
576.409 
591.508 
606.193 
620.427 
634.144 
647.298 
659.84 
671.711 
682.845 
693.193 
702.686 
711.268 
718.872 
725.465 
731.021 
735.573 
739.219 
742.15 
744.649 
746.95 
748.709 
170.698 
176.858 
187.333 
199.591 
212.651 
226.165 
240.019 
254.178 
268.626 
283.349 
298.33 
313.547 
328.98 
344.598 
360.376 
376.284 
392.283 
408.345 
424.437 
440.52 
456.556 
472.513 
488.356 
504.044 
519.547 
534.825 
549.839 
564.562 
578.954 
592.982 
606.602 
619.786 
632.496 
644.689 
656.327 
667.372 
677.782 
687.505 
696.5 
704.719 
712.112 
718.635 
724.252 
728.943 
732.714 
735.622 
737.77 
739.299 
740.254 
740.233 
191.748 
198.374 
209.424 
222.322 
236.05 
250.228 
264.713 
279.442 
294.387 
309.516 
324.806 
340.228 
355.753 
371.349 
386.987 
402.631 
418.249 
433.809 
449.278 
464.627 
479.817 
494.824 
509.616 
524.166 
538.442 
552.42 
566.075 
579.378 
592.31 
604.844 
616.949 
628.612 
639.799 
650.487 
660.646 
670.252 
679.269 
687.666 
695.41 
702.466 
708.795 
714.364 
719.139 
723.093 
726.207 
728.481 
729.932 
730.589 
730.383 
728.973 
213.351 
220.46 
232.072 
245.539 
259.831 
274.548 
289.522 
304.675 
319.958 
335.328 
350.752 
366.194 
381.62 
396.998 
412.291 
427.469 
442.501 
457.354 
472.001 
486.414 
500.569 
514.44 
528.008 
541.251 
554.155 
566.694 
578.863 
590.641 
602.02 
612.982 
623.517 
633.611 
643.252 
652.424 
661.111 
669.297 
676.961 
684.081 
690.638 
696.605 
701.956 
706.664 
710.7 
714.026 
716.597 
718.352 
719.224 
719.132 
717.93 
715.409 
235.672 
243.271 
255.434 
269.419 
284.187 
299.331 
314.666 
330.094 
345.553 
360.987 
376.354 
391.613 
406.725 
421.657 
436.374 
450.846 
465.043 
478.938 
492.514 
505.745 
518.617 
531.112 
543.222 
554.938 
566.25 
577.154 
587.646 
597.728 
607.397 
616.65 
625.49 
633.913 
641.923 
649.512 
656.676 
663.413 
669.71 
675.558 
680.947 
685.861 
690.284 
694.197 
697.577 
700.38 
702.539 
703.943 
704.436 
703.821 
701.875 
698.539 
258.803 
266.888 
279.571 
294.008 
309.151 
324.587 
340.121 
355.638 
371.061 
386.328 
401.385 
416.189 
430.696 
444.876 
458.696 
472.129 
485.152 
497.745 
509.897 
521.595 
532.836 
543.614 
553.932 
563.793 
573.204 
582.173 
590.711 
598.831 
606.546 
613.867 
620.809 
627.383 
633.601 
639.472 
645.004 
650.2 
655.065 
659.597 
663.794 
667.652 
671.167 
674.327 
677.117 
679.501 
681.402 
682.684 
683.11 
682.369 
680.118 
676.43 
282.74 
291.284 
304.418 
319.192 
334.554 
350.086 
365.582 
380.916 
395.999 
410.761 
425.142 
439.097 
452.583 
465.572 
478.039 
489.96 
501.327 
512.13 
522.369 
532.046 
541.171 
549.756 
557.819 
565.38 
572.46 
579.087 
585.285 
591.083 
596.51 
601.591 
606.356 
610.828 
615.032 
618.989 
622.718 
626.235 
629.554 
632.681 
635.626 
638.395 
640.99 
643.413 
645.657 
647.71 
649.512 
650.927 
651.698 
651.403 
649.563 
646.297 
307.33 
316.272 
329.716 
344.625 
359.947 
375.264 
390.36 
405.102 
419.39 
433.15 
446.322 
458.861 
470.732 
481.914 
492.39 
502.156 
511.214 
519.575 
527.255 
534.276 
540.669 
546.465 
551.701 
556.418 
560.657 
564.463 
567.878 
570.948 
573.715 
576.224 
578.512 
580.619 
582.58 
584.425 
586.184 
587.884 
589.543 
591.182 
592.813 
594.451 
596.105 
597.789 
599.512 
601.283 
603.085 
604.842 
606.338 
607.14 
606.629 
604.903 
332.196 
341.406 
354.906 
369.608 
384.476 
399.093 
413.244 
426.788 
439.624 
451.679 
462.9 
473.25 
482.712 
491.277 
498.953 
505.757 
511.715 
516.862 
521.243 
524.906 
527.905 
530.298 
532.145 
533.511 
534.456 
535.045 
535.337 
535.392 
535.267 
535.014 
534.686 
534.324 
533.976 
533.675 
533.45 
533.337 
533.363 
533.542 
533.897 
534.442 
535.195 
536.166 
537.381 
538.873 
540.673 
542.792 
545.153 
547.439 
549.041 
549.978 
356.616 
365.873 
379.006 
392.963 
406.747 
419.958 
432.385 
443.894 
454.394 
463.824 
472.151 
479.364 
485.471 
490.498 
494.484 
497.483 
499.557 
500.777 
501.222 
500.973 
500.116 
498.735 
496.917 
494.744 
492.299 
489.658 
486.894 
484.07 
481.25 
478.489 
475.834 
473.331 
471.019 
468.925 
467.082 
465.505 
464.222 
463.246 
462.593 
462.27 
462.292 
462.679 
463.442 
464.629 
466.305 
468.57 
471.507 
475.056 
478.824 
482.829 
379.417 
388.357 
400.49 
412.926 
424.75 
435.603 
445.301 
453.733 
460.836 
466.589 
470.997 
474.096 
475.944 
476.617 
476.204 
474.809 
472.544 
469.522 
465.859 
461.673 
457.076 
452.177 
447.076 
441.866 
436.633 
431.454 
426.393 
421.51 
416.85 
412.454 
408.357 
404.581 
401.15 
398.071 
395.365 
393.034 
391.081 
389.512 
388.335 
387.544 
387.155 
387.166 
387.6 
388.479 
389.884 
391.947 
394.879 
398.881 
403.934 
410.222 
398.881 
406.988 
417.258 
427.161 
435.939 
443.308 
449.144 
453.395 
456.06 
457.184 
456.846 
455.152 
452.231 
448.227 
443.297 
437.595 
431.281 
424.505 
417.412 
410.137 
402.798 
395.5 
388.337 
381.385 
374.703 
368.344 
362.344 
356.729 
351.518 
346.722 
342.342 
338.379 
334.832 
331.688 
328.943 
326.591 
324.617 
323.016 
321.786 
320.917 
320.413 
320.275 
320.506 
321.13 
322.197 
323.825 
326.25 
329.845 
334.962 
342.084 
412.789 
419.404 
426.784 
433.019 
437.602 
440.39 
441.366 
440.58 
438.136 
434.178 
428.882 
422.446 
415.075 
406.98 
398.365 
389.424 
380.327 
371.233 
362.271 
353.55 
345.155 
337.154 
329.595 
322.507 
315.905 
309.794 
304.176 
299.035 
294.359 
290.131 
286.329 
282.935 
279.929 
277.289 
275.001 
273.043 
271.406 
270.074 
269.04 
268.297 
267.842 
267.676 
267.802 
268.229 
268.989 
270.159 
271.921 
274.667 
279.003 
285.785 
418.661 
423.083 
426.562 
428.114 
427.602 
425.099 
420.749 
414.748 
407.329 
398.75 
389.279 
379.184 
368.719 
358.11 
347.562 
337.239 
327.273 
317.768 
308.79 
300.384 
292.569 
285.353 
278.722 
272.659 
267.139 
262.13 
257.601 
253.519 
249.852 
246.573 
243.648 
241.056 
238.77 
236.769 
235.036 
233.554 
232.308 
231.288 
230.487 
229.896 
229.518 
229.349 
229.399 
229.673 
230.188 
230.984 
232.176 
234.055 
237.283 
243.059 
414.293 
415.962 
414.86 
411.209 
405.364 
397.669 
388.463 
378.09 
366.893 
355.201 
343.318 
331.505 
319.985 
308.927 
298.451 
288.644 
279.545 
271.17 
263.511 
256.539 
250.219 
244.51 
239.366 
234.738 
230.584 
226.859 
223.525 
220.543 
217.881 
215.511 
213.403 
211.537 
209.891 
208.446 
207.19 
206.107 
205.188 
204.424 
203.811 
203.342 
203.017 
202.84 
202.814 
202.949 
203.257 
203.761 
204.518 
205.698 
207.802 
212.093 
398.553 
397.287 
391.613 
383.114 
372.688 
360.954 
348.411 
335.483 
322.536 
309.871 
297.725 
286.263 
275.595 
265.777 
256.822 
248.715 
241.413 
234.865 
229.014 
223.793 
219.143 
215.005 
211.324 
208.051 
205.142 
202.556 
200.258 
198.217 
196.405 
194.799 
193.376 
192.12 
191.013 
190.041 
189.193 
188.459 
187.832 
187.302 
186.867 
186.522 
186.265 
186.098 
186.023 
186.047 
186.18 
186.437 
186.846 
187.487 
188.629 
191.173 
372.161 
368.344 
359.018 
347.028 
333.75 
319.983 
306.27 
292.995 
280.427 
268.742 
258.035 
248.338 
239.633 
231.879 
225.006 
218.938 
213.596 
208.901 
204.779 
201.166 
197.999 
195.223 
192.791 
190.661 
188.795 
187.163 
185.735 
184.487 
183.398 
182.448 
181.62 
180.9 
180.275 
179.734 
179.268 
178.868 
178.528 
178.241 
178.003 
177.811 
177.661 
177.554 
177.49 
177.47 
177.499 
177.584 
177.739 
177.994 
178.46 
179.569 
338.028 
332.588 
321.294 
307.861 
293.929 
280.32 
267.48 
255.653 
244.948 
235.39 
226.941 
219.532 
213.074 
207.469 
202.622 
198.441 
194.842 
191.75 
189.098 
186.828 
184.888 
183.235 
181.826 
180.629 
179.613 
178.75 
178.019 
177.4 
176.875 
176.431 
176.055 
175.737 
175.468 
175.24 
175.048 
174.886 
174.751 
174.637 
174.544 
174.468 
174.408 
174.362 
174.332 
174.316 
174.315 
174.333 
174.372 
174.443 
174.581 
174.937 
300.684 
294.809 
283.462 
270.635 
257.968 
246.156 
235.486 
226.041 
217.799 
210.68 
204.579 
199.383 
194.982 
191.27 
188.154 
185.55 
183.384 
181.589 
180.107 
178.888 
177.887 
177.068 
176.398 
175.852 
175.406 
175.042 
174.745 
174.502 
174.304 
174.14 
174.006 
173.896 
173.804 
173.729 
173.667 
173.615 
173.572 
173.537 
173.508 
173.484 
173.466 
173.451 
173.441 
173.434 
173.432 
173.434 
173.441 
173.457 
173.49 
173.581 
264.881 
259.59 
249.696 
238.901 
228.629 
219.397 
211.35 
204.465 
198.653 
193.797 
189.772 
186.467 
183.773 
181.595 
179.844 
178.447 
177.337 
176.461 
175.771 
175.23 
174.805 
174.473 
174.213 
174.008 
173.848 
173.721 
173.621 
173.542 
173.478 
173.428 
173.387 
173.355 
173.328 
173.307 
173.289 
173.275 
173.264 
173.254 
173.246 
173.24 
173.235 
173.231 
173.228 
173.226 
173.225 
173.225 
173.226 
173.229 
173.236 
173.256 
234.032 
229.908 
222.243 
214.092 
206.565 
200.016 
194.496 
189.94 
186.241 
183.28 
180.937 
179.103 
177.682 
176.591 
175.76 
175.13 
174.655 
174.297 
174.028 
173.826 
173.674 
173.559 
173.472 
173.406 
173.356 
173.318 
173.288 
173.265 
173.247 
173.234 
173.223 
173.214 
173.207 
173.202 
173.197 
173.194 
173.191 
173.189 
173.187 
173.185 
173.184 
173.183 
173.183 
173.182 
173.182 
173.182 
173.182 
173.182 
173.184 
173.187 
209.339 
206.559 
201.305 
195.854 
190.978 
186.89 
183.586 
180.981 
178.969 
177.439 
176.293 
175.445 
174.823 
174.37 
174.041 
173.804 
173.633 
173.509 
173.42 
173.355 
173.308 
173.274 
173.249 
173.23 
173.217 
173.206 
173.199 
173.193 
173.189 
173.185 
173.183 
173.181 
173.179 
173.178 
173.177 
173.176 
173.175 
173.175 
173.175 
173.174 
173.174 
173.174 
173.174 
173.173 
173.173 
173.173 
173.173 
173.173 
173.174 
173.174 
189.103 
187.928 
185.2 
182.468 
180.142 
178.288 
176.868 
175.808 
175.034 
174.478 
174.084 
173.807 
173.614 
173.479 
173.387 
173.322 
173.278 
173.247 
173.225 
173.21 
173.199 
173.192 
173.186 
173.183 
173.18 
173.178 
173.176 
173.175 
173.174 
173.174 
173.173 
173.173 
173.173 
173.173 
173.172 
173.172 
173.172 
173.172 
173.172 
173.172 
173.172 
173.172 
173.172 
173.172 
173.172 
173.172 
173.172 
173.172 
173.172 
173.172 
107.056 
102.436 
107.615 
115.463 
124.006 
132.861 
142.001 
151.455 
161.259 
171.451 
182.052 
193.064 
204.512 
216.39 
228.707 
241.448 
254.611 
268.18 
282.136 
296.477 
311.167 
326.17 
341.469 
357.04 
372.812 
388.782 
404.869 
421.065 
437.273 
453.492 
469.61 
485.589 
501.376 
516.907 
532.073 
546.843 
561.121 
574.838 
587.919 
600.268 
611.827 
622.478 
632.197 
640.938 
648.661 
655.519 
661.757 
667.873 
674.732 
683.529 
694.335 
124.507 
130.598 
139.772 
150.018 
160.777 
171.914 
183.425 
195.327 
207.642 
220.377 
233.544 
247.136 
261.155 
275.585 
290.417 
305.627 
321.197 
337.101 
353.305 
369.786 
386.502 
403.417 
420.497 
437.685 
454.939 
472.215 
489.456 
506.618 
523.634 
540.451 
557.001 
573.238 
589.074 
604.464 
619.326 
633.595 
647.184 
660.032 
672.039 
683.139 
693.249 
702.279 
710.187 
716.968 
722.657 
727.462 
731.711 
735.965 
740.87 
746.616 
145.715 
152.355 
162.47 
173.891 
185.913 
198.336 
211.121 
224.267 
237.777 
251.657 
265.895 
280.488 
295.414 
310.661 
326.206 
342.021 
358.079 
374.353 
390.807 
407.404 
424.106 
440.881 
457.679 
474.472 
491.208 
507.838 
524.318 
540.61 
556.659 
572.415 
587.829 
602.846 
617.42 
631.483 
644.986 
657.876 
670.08 
681.533 
692.179 
701.938 
710.752 
718.548 
725.297 
730.974 
735.64 
739.42 
742.555 
745.39 
748.23 
750.904 
166.702 
173.832 
184.68 
196.959 
209.896 
223.237 
236.906 
250.886 
265.16 
279.724 
294.561 
309.65 
324.974 
340.507 
356.219 
372.085 
388.071 
404.147 
420.281 
436.432 
452.572 
468.659 
484.664 
500.539 
516.259 
531.784 
547.066 
562.081 
576.785 
591.136 
605.098 
618.629 
631.692 
644.237 
656.223 
667.603 
678.334 
688.355 
697.618 
706.073 
713.66 
720.333 
726.056 
730.816 
734.639 
737.613 
739.89 
741.659 
743 
743.367 
187.902 
195.55 
207.026 
219.995 
233.646 
247.691 
262.026 
276.607 
291.41 
306.409 
321.584 
336.909 
352.358 
367.898 
383.502 
399.141 
414.778 
430.386 
445.932 
461.387 
476.713 
491.883 
506.868 
521.64 
536.162 
550.412 
564.359 
577.978 
591.238 
604.114 
616.571 
628.59 
640.135 
651.175 
661.679 
671.614 
680.941 
689.623 
697.622 
704.894 
711.396 
717.091 
721.942 
725.93 
729.048 
731.332 
732.846 
733.67 
733.74 
732.266 
209.598 
217.793 
229.855 
243.416 
257.657 
272.264 
287.11 
302.132 
317.289 
332.547 
347.872 
363.237 
378.607 
393.951 
409.24 
424.438 
439.519 
454.455 
469.212 
483.766 
498.094 
512.17 
525.971 
539.475 
552.664 
565.515 
578.017 
590.145 
601.888 
613.228 
624.144 
634.624 
644.647 
654.194 
663.244 
671.774 
679.76 
687.175 
693.989 
700.176 
705.7 
710.53 
714.63 
717.963 
720.495 
722.192 
723.039 
723.008 
721.96 
718.955 
231.981 
240.734 
253.358 
267.447 
282.177 
297.227 
312.445 
327.757 
343.105 
358.442 
373.732 
388.934 
404.018 
418.949 
433.696 
448.229 
462.521 
476.547 
490.286 
503.718 
516.823 
529.586 
541.996 
554.04 
565.709 
576.994 
587.89 
598.391 
608.493 
618.188 
627.474 
636.343 
644.79 
652.807 
660.381 
667.507 
674.164 
680.339 
686.016 
691.173 
695.789 
699.837 
703.285 
706.082 
708.161 
709.424 
709.763 
709.047 
707.072 
702.792 
255.157 
264.466 
277.616 
292.161 
307.274 
322.626 
338.061 
353.478 
368.813 
384.01 
399.022 
413.809 
428.334 
442.567 
456.476 
470.039 
483.233 
496.039 
508.444 
520.436 
532.011 
543.161 
553.887 
564.187 
574.068 
583.532 
592.585 
601.238 
609.497 
617.368 
624.86 
631.98 
638.732 
645.12 
651.145 
656.806 
662.1 
667.021 
671.562 
675.712 
679.462 
682.79 
685.674 
688.058 
689.852 
690.912 
691.023 
689.944 
687.376 
682.165 
279.145 
288.979 
302.583 
317.467 
332.809 
348.276 
363.697 
378.963 
393.999 
408.738 
423.133 
437.139 
450.721 
463.852 
476.508 
488.67 
500.327 
511.472 
522.101 
532.217 
541.828 
550.941 
559.571 
567.734 
575.448 
582.733 
589.61 
596.1 
602.227 
608.011 
613.472 
618.63 
623.501 
628.101 
632.441 
636.532 
640.38 
643.987 
647.358 
650.492 
653.386 
656.034 
658.422 
660.513 
662.216 
663.362 
663.669 
662.754 
660.19 
654.626 
303.821 
314.108 
328.021 
343.047 
358.37 
373.654 
388.72 
403.45 
417.758 
431.58 
444.86 
457.561 
469.651 
481.111 
491.928 
502.097 
511.619 
520.505 
528.766 
536.425 
543.505 
550.033 
556.044 
561.569 
566.645 
571.308 
575.597 
579.548 
583.197 
586.581 
589.731 
592.679 
595.454 
598.077 
600.576 
602.967 
605.263 
607.481 
609.628 
611.713 
613.739 
615.72 
617.657 
619.534 
621.304 
622.827 
623.804 
623.765 
622.087 
617.127 
328.85 
339.433 
353.401 
368.238 
383.146 
397.788 
411.982 
425.605 
438.57 
450.811 
462.283 
472.955 
482.81 
491.844 
500.063 
507.48 
514.122 
520.019 
525.21 
529.737 
533.648 
536.995 
539.829 
542.207 
544.182 
545.811 
547.142 
548.232 
549.128 
549.873 
550.518 
551.095 
551.645 
552.198 
552.775 
553.414 
554.127 
554.935 
555.848 
556.884 
558.057 
559.374 
560.863 
562.545 
564.427 
566.456 
568.433 
569.897 
570.088 
566.973 
353.563 
364.176 
377.774 
391.901 
405.79 
419.115 
431.698 
443.419 
454.2 
463.989 
472.756 
480.494 
487.211 
492.929 
497.687 
501.529 
504.513 
506.702 
508.165 
508.973 
509.204 
508.93 
508.229 
507.175 
505.842 
504.294 
502.6 
500.815 
498.997 
497.2 
495.46 
493.827 
492.331 
491.004 
489.872 
488.953 
488.274 
487.85 
487.688 
487.807 
488.214 
488.938 
489.987 
491.423 
493.301 
495.689 
498.562 
501.651 
504.231 
503.971 
376.852 
387.06 
399.65 
412.312 
424.337 
435.431 
445.433 
454.249 
461.823 
468.137 
473.199 
477.04 
479.713 
481.287 
481.84 
481.467 
480.263 
478.332 
475.775 
472.7 
469.204 
465.384 
461.335 
457.136 
452.872 
448.611 
444.415 
440.34 
436.435 
432.737 
429.283 
426.103 
423.213 
420.636 
418.39 
416.477 
414.91 
413.698 
412.845 
412.357 
412.247 
412.517 
413.198 
414.323 
415.996 
418.353 
421.564 
425.655 
430.175 
432.839 
397.069 
406.25 
416.958 
427.16 
436.261 
444.023 
450.338 
455.161 
458.492 
460.372 
460.874 
460.091 
458.139 
455.148 
451.256 
446.6 
441.325 
435.565 
429.451 
423.106 
416.638 
410.151 
403.728 
397.445 
391.365 
385.543 
380.013 
374.814 
369.968 
365.49 
361.389 
357.673 
354.344 
351.4 
348.837 
346.655 
344.843 
343.401 
342.328 
341.618 
341.277 
341.309 
341.72 
342.55 
343.869 
345.835 
348.717 
352.823 
358.107 
362.761 
412.04 
419.402 
427.175 
433.787 
438.824 
442.161 
443.781 
443.729 
442.098 
439.018 
434.647 
429.162 
422.747 
415.596 
407.888 
399.801 
391.495 
383.114 
374.785 
366.611 
358.682 
351.067 
343.819 
336.977 
330.563 
324.595 
319.076 
314.004 
309.376 
305.176 
301.394 
298.012 
295.017 
292.392 
290.122 
288.192 
286.591 
285.309 
284.335 
283.67 
283.306 
283.251 
283.505 
284.087 
285.045 
286.497 
288.696 
292.089 
297.041 
302.538 
419.285 
423.976 
427.762 
429.751 
429.803 
427.966 
424.365 
419.174 
412.601 
404.88 
396.253 
386.965 
377.249 
367.312 
357.349 
347.518 
337.948 
328.747 
319.986 
311.722 
303.986 
296.794 
290.141 
284.029 
278.435 
273.339 
268.714 
264.534 
260.775 
257.407 
254.404 
251.744 
249.401 
247.359 
245.596 
244.1 
242.854 
241.849 
241.079 
240.536 
240.221 
240.134 
240.284 
240.678 
241.342 
242.342 
243.86 
246.309 
250.333 
255.843 
416.518 
417.846 
416.908 
413.704 
408.466 
401.47 
393.006 
383.382 
372.909 
361.89 
350.603 
339.296 
328.182 
317.427 
307.16 
297.469 
288.41 
280.012 
272.277 
265.194 
258.737 
252.876 
247.571 
242.782 
238.47 
234.595 
231.12 
228.01 
225.233 
222.76 
220.565 
218.624 
216.916 
215.425 
214.133 
213.03 
212.102 
211.345 
210.749 
210.313 
210.036 
209.92 
209.973 
210.206 
210.632 
211.288 
212.27 
213.863 
216.73 
221.564 
402.418 
400.143 
394.424 
386.303 
376.43 
365.307 
353.365 
340.987 
328.512 
316.222 
304.348 
293.057 
282.467 
272.647 
263.625 
255.399 
247.945 
241.222 
235.182 
229.768 
224.925 
220.601 
216.743 
213.302 
210.237 
207.506 
205.075 
202.913 
200.99 
199.285 
197.773 
196.437 
195.26 
194.229 
193.331 
192.558 
191.9 
191.351 
190.907 
190.565 
190.324 
190.188 
190.16 
190.25 
190.47 
190.841 
191.411 
192.326 
194.038 
197.535 
377.436 
371.997 
362.367 
350.598 
337.712 
324.358 
311.008 
298.012 
285.629 
274.032 
263.329 
253.566 
244.742 
236.829 
229.774 
223.509 
217.966 
213.07 
208.754 
204.952 
201.605 
198.659 
196.066 
193.784 
191.776 
190.008 
188.454 
187.087 
185.886 
184.831 
183.907 
183.098 
182.393 
181.779 
181.248 
180.791 
180.402 
180.074 
179.804 
179.589 
179.427 
179.318 
179.263 
179.268 
179.339 
179.487 
179.734 
180.142 
180.928 
182.806 
344.2 
336.703 
324.839 
311.408 
297.641 
284.201 
271.476 
259.69 
248.954 
239.305 
230.72 
223.146 
216.504 
210.707 
205.666 
201.294 
197.51 
194.239 
191.416 
188.984 
186.889 
185.088 
183.54 
182.213 
181.075 
180.099 
179.264 
178.548 
177.935 
177.412 
176.964 
176.582 
176.256 
175.978 
175.743 
175.543 
175.374 
175.234 
175.118 
175.024 
174.951 
174.898 
174.865 
174.853 
174.863 
174.9 
174.971 
175.098 
175.357 
176.044 
307.064 
298.954 
286.826 
273.783 
261.065 
249.221 
238.49 
228.945 
220.57 
213.294 
207.023 
201.652 
197.075 
193.192 
189.909 
187.146 
184.826 
182.887 
181.271 
179.927 
178.811 
177.886 
177.123 
176.492 
175.972 
175.542 
175.188 
174.895 
174.653 
174.453 
174.286 
174.148 
174.033 
173.938 
173.858 
173.792 
173.737 
173.691 
173.654 
173.624 
173.6 
173.582 
173.569 
173.562 
173.562 
173.568 
173.583 
173.612 
173.678 
173.865 
270.809 
263.362 
252.587 
241.428 
230.963 
221.585 
213.395 
206.363 
200.398 
195.385 
191.209 
187.754 
184.917 
182.603 
180.726 
179.212 
177.996 
177.025 
176.252 
175.638 
175.152 
174.766 
174.461 
174.219 
174.027 
173.874 
173.752 
173.654 
173.576 
173.512 
173.461 
173.42 
173.386 
173.358 
173.336 
173.317 
173.302 
173.289 
173.279 
173.271 
173.264 
173.259 
173.256 
173.253 
173.252 
173.253 
173.256 
173.262 
173.276 
173.318 
239.083 
233.077 
224.56 
215.992 
208.214 
201.477 
195.796 
191.092 
187.255 
184.162 
181.697 
179.751 
178.228 
177.047 
176.137 
175.44 
174.908 
174.503 
174.196 
173.962 
173.785 
173.649 
173.546 
173.467 
173.406 
173.359 
173.323 
173.294 
173.272 
173.254 
173.24 
173.229 
173.221 
173.213 
173.208 
173.203 
173.199 
173.196 
173.194 
173.192 
173.19 
173.189 
173.188 
173.187 
173.187 
173.187 
173.187 
173.189 
173.191 
173.2 
213.469 
209.184 
203.194 
197.334 
192.189 
187.896 
184.423 
181.676 
179.54 
177.904 
176.668 
175.743 
175.059 
174.555 
174.186 
173.917 
173.721 
173.578 
173.474 
173.397 
173.341 
173.3 
173.269 
173.247 
173.23 
173.217 
173.207 
173.2 
173.194 
173.19 
173.187 
173.184 
173.182 
173.18 
173.179 
173.178 
173.177 
173.176 
173.176 
173.175 
173.175 
173.175 
173.175 
173.174 
173.174 
173.174 
173.174 
173.175 
173.175 
173.177 
193.108 
190.672 
187.258 
184.053 
181.364 
179.224 
177.578 
176.342 
175.432 
174.773 
174.3 
173.966 
173.73 
173.564 
173.449 
173.368 
173.311 
173.271 
173.243 
173.224 
173.21 
173.2 
173.192 
173.187 
173.183 
173.181 
173.179 
173.177 
173.176 
173.175 
173.174 
173.174 
173.173 
173.173 
173.173 
173.173 
173.173 
173.172 
173.172 
173.172 
173.172 
173.172 
173.172 
173.172 
173.172 
173.172 
173.172 
173.172 
173.172 
173.172 
