0.000587006 
0.000748994 
0.00090962 
0.00103591 
0.00114561 
0.00123842 
0.00131697 
0.00138323 
0.00143922 
0.00148663 
0.00152691 
0.00156124 
0.00159059 
0.00161573 
0.00163729 
0.00165577 
0.00167158 
0.00168504 
0.00169643 
0.00170595 
0.00171378 
0.00172005 
0.00172487 
0.00172832 
0.00173044 
0.00173127 
0.00173081 
0.00172906 
0.00172598 
0.0017215 
0.00171554 
0.00170798 
0.00169866 
0.00168739 
0.0016739 
0.00165788 
0.00163893 
0.00161655 
0.0015901 
0.00155879 
0.00152162 
0.00147735 
0.00142443 
0.00136096 
0.00128471 
0.00119327 
0.00108366 
0.000955703 
0.000793177 
0.000626332 
0.00064653 
0.000851386 
0.00105325 
0.0012197 
0.00137004 
0.00150288 
0.00161985 
0.00172214 
0.00181129 
0.00188882 
0.00195621 
0.00201478 
0.00206568 
0.0021099 
0.00214829 
0.00218154 
0.00221026 
0.00223493 
0.00225597 
0.0022737 
0.0022884 
0.00230029 
0.00230954 
0.00231627 
0.00232058 
0.00232251 
0.00232208 
0.00231928 
0.00231403 
0.00230623 
0.00229576 
0.0022824 
0.00226591 
0.00224597 
0.00222218 
0.00219405 
0.00216098 
0.00212223 
0.0020769 
0.00202391 
0.00196197 
0.00188953 
0.00180481 
0.00170584 
0.0015905 
0.00145685 
0.00130261 
0.00112855 
0.000916974 
0.000696982 
0.000232026 
0.000344764 
0.000487599 
0.000631232 
0.000776077 
0.000914484 
0.00104347 
0.00116134 
0.00126775 
0.00136302 
0.00144782 
0.00152302 
0.00158949 
0.00164808 
0.00169956 
0.00174463 
0.00178391 
0.00181793 
0.00184713 
0.00187189 
0.00189254 
0.00190933 
0.00192246 
0.00193208 
0.00193829 
0.00194117 
0.00194071 
0.00193689 
0.00192963 
0.00191879 
0.0019042 
0.0018856 
0.00186268 
0.00183505 
0.00180224 
0.00176367 
0.00171866 
0.00166639 
0.00160593 
0.00153622 
0.00145605 
0.00136419 
0.00125942 
0.00114078 
0.00100789 
0.000861686 
0.000704747 
0.000544896 
0.00038425 
0.000254438 
9.79557e-05 
0.000147509 
0.000231844 
0.000334299 
0.000450808 
0.00057213 
0.000692603 
0.000808251 
0.000916822 
0.00101716 
0.00110886 
0.00119197 
0.00126679 
0.00133377 
0.00139341 
0.00144622 
0.0014927 
0.00153328 
0.00156837 
0.00159831 
0.00162342 
0.00164393 
0.00166004 
0.0016719 
0.00167961 
0.00168323 
0.00168276 
0.00167816 
0.00166934 
0.00165614 
0.00163837 
0.00161577 
0.001588 
0.00155466 
0.00151528 
0.00146931 
0.00141611 
0.00135497 
0.00128515 
0.00120586 
0.0011164 
0.00101624 
0.000905242 
0.000783983 
0.000654245 
0.000519795 
0.000386777 
0.000265861 
0.000164764 
0.00010307 
2.91085e-05 
3.78614e-05 
7.69699e-05 
0.000139541 
0.000222354 
0.000317661 
0.000419312 
0.000522316 
0.000623237 
0.00071977 
0.000810516 
0.000894705 
0.000972003 
0.00104236 
0.0011059 
0.00116284 
0.00121346 
0.00125806 
0.00129692 
0.00133029 
0.00135843 
0.00138152 
0.00139974 
0.0014132 
0.00142199 
0.00142614 
0.00142566 
0.00142048 
0.00141052 
0.00139562 
0.00137558 
0.00135016 
0.00131906 
0.00128191 
0.0012383 
0.0011878 
0.00112992 
0.00106419 
0.000990188 
0.000907605 
0.000816376 
0.000716849 
0.000610029 
0.000497938 
0.000383997 
0.000273607 
0.000174142 
9.52569e-05 
4.35125e-05 
2.74022e-05 
-1.96824e-06 
-1.59225e-05 
-7.14982e-06 
2.36311e-05 
7.56236e-05 
0.000143551 
0.000222293 
0.000307177 
0.000394383 
0.000480983 
0.000564921 
0.000644789 
0.000719686 
0.000789082 
0.000852704 
0.000910461 
0.000962373 
0.00100853 
0.00104907 
0.00108412 
0.00111383 
0.00113833 
0.00115772 
0.00117209 
0.00118147 
0.0011859 
0.00118535 
0.00117976 
0.00116904 
0.00115305 
0.00113162 
0.00110454 
0.00107156 
0.00103241 
0.00098681 
0.000934469 
0.000875141 
0.000808653 
0.00073498 
0.000654338 
0.000567317 
0.000475065 
0.000379494 
0.000283586 
0.000191602 
0.000109076 
4.25474e-05 
-8.8239e-07 
-1.78536e-05 
-7.40563e-06 
-1.6105e-05 
-4.16139e-05 
-5.18513e-05 
-4.42125e-05 
-1.72871e-05 
2.6142e-05 
8.24046e-05 
0.000147616 
0.000218298 
0.000291535 
0.000364956 
0.000436768 
0.000505667 
0.000570743 
0.000631379 
0.000687186 
0.000737932 
0.000783501 
0.00082385 
0.000858984 
0.00088893 
0.000913728 
0.000933415 
0.000948018 
0.000957546 
0.000961989 
0.000961312 
0.000955455 
0.000944333 
0.000927834 
0.000905825 
0.000878155 
0.000844663 
0.00080519 
0.000759601 
0.000707811 
0.000649826 
0.000585795 
0.000516094 
0.000441412 
0.000362887 
0.000282243 
0.000201982 
0.000125409 
5.66496e-05 
5.89032e-07 
-3.77386e-05 
-5.40945e-05 
-4.82117e-05 
-2.33731e-05 
-2.19018e-05 
-5.24751e-05 
-7.39297e-05 
-8.22015e-05 
-7.43958e-05 
-5.1282e-05 
-1.50468e-05 
3.14414e-05 
8.52781e-05 
0.000143806 
0.000204752 
0.000266241 
0.000326741 
0.000385096 
0.000440435 
0.000492127 
0.000539723 
0.000582914 
0.000621495 
0.000655329 
0.000684332 
0.000708448 
0.000727641 
0.000741878 
0.000751126 
0.000755347 
0.000754493 
0.000748504 
0.00073731 
0.000720833 
0.00069899 
0.000671702 
0.000638907 
0.000600574 
0.000556733 
0.000507503 
0.00045314 
0.00039409 
0.000331074 
0.000265143 
0.000197817 
0.000131153 
6.77097e-05 
1.06681e-05 
-3.63127e-05 
-6.9391e-05 
-8.52377e-05 
-8.21165e-05 
-6.19628e-05 
-3.00426e-05 
-2.36609e-05 
-5.57151e-05 
-8.33356e-05 
-0.000102071 
-0.000108232 
-0.000101169 
-8.17994e-05 
-5.19898e-05 
-1.39508e-05 
3.00876e-05 
7.80668e-05 
0.000128186 
0.000178934 
0.000229055 
0.000277515 
0.000323526 
0.000366475 
0.000405897 
0.000441442 
0.000472852 
0.000499934 
0.000522545 
0.000540574 
0.000553931 
0.000562544 
0.000566347 
0.000565279 
0.000559286 
0.000548319 
0.000532337 
0.000511315 
0.000485253 
0.000454192 
0.000418231 
0.000377558 
0.000332486 
0.000283487 
0.000231245 
0.000176726 
0.000121241 
6.64326e-05 
1.43629e-05 
-3.24975e-05 
-7.13326e-05 
-9.91914e-05 
-0.00011337 
-0.000112106 
-9.55257e-05 
-6.69017e-05 
-3.21074e-05 
-2.34918e-05 
-5.51462e-05 
-8.57741e-05 
-0.000111093 
-0.000127128 
-0.000132326 
-0.000126639 
-0.000111058 
-8.71126e-05 
-5.65429e-05 
-2.10889e-05 
1.76279e-05 
5.81665e-05 
9.92843e-05 
0.000139947 
0.000179277 
0.000216547 
0.00025119 
0.000282753 
0.000310874 
0.000335272 
0.000355724 
0.000372055 
0.000384125 
0.000391821 
0.000395055 
0.000393758 
0.000387885 
0.000377409 
0.000362333 
0.000342691 
0.000318561 
0.000290085 
0.000257482 
0.000221081 
0.000181344 
0.00013891 
9.46444e-05 
4.96342e-05 
5.2354e-06 
-3.68907e-05 
-7.47843e-05 
-0.000106244 
-0.000128956 
-0.000140737 
-0.000139942 
-0.000126077 
-0.000100527 
-6.72207e-05 
-3.19005e-05 
-2.24597e-05 
-5.27986e-05 
-8.45153e-05 
-0.000113749 
-0.000136559 
-0.000150885 
-0.000156 
-0.000152198 
-0.000140402 
-0.00012187 
-9.7988e-05 
-7.01362e-05 
-3.961e-05 
-7.57779e-06 
2.49381e-05 
5.70572e-05 
8.80462e-05 
0.000117274 
0.000144213 
0.000168431 
0.000189587 
0.000207396 
0.00022163 
0.000232107 
0.000238683 
0.000241249 
0.000239731 
0.000234095 
0.000224344 
0.000210523 
0.000192722 
0.000171095 
0.000145869 
0.000117353 
8.59945e-05 
5.23738e-05 
1.72237e-05 
-1.85436e-05 
-5.37987e-05 
-8.71883e-05 
-0.000117141 
-0.000141907 
-0.000159643 
-0.000168577 
-0.000167256 
-0.00015493 
-0.000132045 
-0.000100757 
-6.51931e-05 
-3.06116e-05 
-2.11003e-05 
-4.97415e-05 
-8.14168e-05 
-0.00011277 
-0.000140081 
-0.000161049 
-0.000174512 
-0.000180242 
-0.000178659 
-0.000170586 
-0.00015706 
-0.000139197 
-0.000118108 
-9.48423e-05 
-7.03537e-05 
-4.54933e-05 
-2.10011e-05 
2.48412e-06 
2.44246e-05 
4.43657e-05 
6.19174e-05 
7.67604e-05 
8.8623e-05 
9.72989e-05 
0.000102622 
0.000104467 
0.000102757 
9.74751e-05 
8.86541e-05 
7.63755e-05 
6.07795e-05 
4.20837e-05 
2.05792e-05 
-3.33912e-06 
-2.9183e-05 
-5.63263e-05 
-8.39926e-05 
-0.000111242 
-0.000136965 
-0.000159887 
-0.000178599 
-0.000191618 
-0.000197492 
-0.00019497 
-0.000183235 
-0.000162246 
-0.000133091 
-9.8345e-05 
-6.20529e-05 
-2.88537e-05 
-1.96785e-05 
-4.65248e-05 
-7.75195e-05 
-0.000109809 
-0.00013998 
-0.000165672 
-0.000185465 
-0.000198767 
-0.000205601 
-0.000206419 
-0.000201939 
-0.000193018 
-0.000180565 
-0.000165485 
-0.000148632 
-0.000130796 
-0.000112682 
-9.49181e-05 
-7.80467e-05 
-6.25358e-05 
-4.87833e-05 
-3.71216e-05 
-2.78152e-05 
-2.10905e-05 
-1.71187e-05 
-1.60187e-05 
-1.78576e-05 
-2.26428e-05 
-3.03271e-05 
-4.07995e-05 
-5.38859e-05 
-6.93486e-05 
-8.68582e-05 
-0.000105988 
-0.000126205 
-0.000146855 
-0.000167156 
-0.000186195 
-0.000202931 
-0.000216218 
-0.000224852 
-0.000227637 
-0.000223505 
-0.000211667 
-0.00019184 
-0.000164503 
-0.000131152 
-9.45365e-05 
-5.84656e-05 
-2.69419e-05 
-1.83187e-05 
-4.34173e-05 
-7.33927e-05 
-0.00010585 
-0.000137714 
-0.000166671 
-0.000191175 
-0.00021039 
-0.000224045 
-0.000232287 
-0.000235557 
-0.000234471 
-0.000229741 
-0.000222114 
-0.000212329 
-0.000201089 
-0.000189046 
-0.000176789 
-0.000164841 
-0.00015366 
-0.00014364 
-0.000135114 
-0.000128353 
-0.000123576 
-0.000120944 
-0.000120555 
-0.00012246 
-0.000126662 
-0.000133112 
-0.000141688 
-0.000152197 
-0.000164373 
-0.000177862 
-0.00019222 
-0.000206903 
-0.000221263 
-0.000234548 
-0.000245906 
-0.000254401 
-0.000259047 
-0.000258857 
-0.000252923 
-0.000240524 
-0.000221272 
-0.000195297 
-0.000163443 
-0.000127442 
-9.00547e-05 
-5.47841e-05 
-2.5035e-05 
-1.70721e-05 
-4.0537e-05 
-6.93343e-05 
-0.00010147 
-0.000134202 
-0.000165328 
-0.000193261 
-0.000217015 
-0.000236109 
-0.000250453 
-0.000260252 
-0.000265909 
-0.000267952 
-0.000266972 
-0.000263584 
-0.000258397 
-0.000251987 
-0.000244892 
-0.000237597 
-0.000230534 
-0.000224078 
-0.00021855 
-0.000214211 
-0.000211269 
-0.000209874 
-0.000210119 
-0.000212044 
-0.000215639 
-0.00022084 
-0.000227512 
-0.000235451 
-0.000244377 
-0.000253932 
-0.000263672 
-0.000273065 
-0.000281496 
-0.000288267 
-0.000292613 
-0.000293725 
-0.000290786 
-0.00028303 
-0.000269814 
-0.000250721 
-0.000225693 
-0.000195168 
-0.000160228 
-0.000122719 
-8.53157e-05 
-5.11888e-05 
-2.32088e-05 
-1.59532e-05 
-3.79221e-05 
-6.54875e-05 
-9.69963e-05 
-0.000130018 
-0.000162491 
-0.000192848 
-0.00022002 
-0.000243379 
-0.000262659 
-0.000277872 
-0.00028924 
-0.000297122 
-0.000301965 
-0.000304259 
-0.000304512 
-0.000303221 
-0.000300858 
-0.00029786 
-0.000294622 
-0.000291489 
-0.000288759 
-0.000286677 
-0.000285435 
-0.00028517 
-0.000285965 
-0.00028785 
-0.000290804 
-0.000294748 
-0.000299542 
-0.000304974 
-0.000310766 
-0.000316563 
-0.000321938 
-0.000326392 
-0.000329358 
-0.000330211 
-0.000328288 
-0.000322916 
-0.00031345 
-0.000299329 
-0.000280148 
-0.000255749 
-0.00022633 
-0.000192549 
-0.000155636 
-0.000117459 
-8.0555e-05 
-4.77654e-05 
-2.14956e-05 
-1.49579e-05 
-3.55703e-05 
-6.19087e-05 
-9.26057e-05 
-0.000125512 
-0.000158721 
-0.000190716 
-0.000220395 
-0.000247036 
-0.000270241 
-0.000289874 
-0.000306002 
-0.000318839 
-0.000328697 
-0.000335953 
-0.00034101 
-0.000344283 
-0.000346175 
-0.000347067 
-0.000347308 
-0.000347208 
-0.000347035 
-0.00034701 
-0.000347307 
-0.000348047 
-0.000349301 
-0.000351087 
-0.000353376 
-0.000356081 
-0.000359056 
-0.000362092 
-0.000364919 
-0.000367198 
-0.000368532 
-0.000368466 
-0.000366493 
-0.000362073 
-0.000354653 
-0.000343694 
-0.000328713 
-0.00030934 
-0.000285373 
-0.000256866 
-0.000224211 
-0.000188215 
-0.000150185 
-0.000111959 
-7.59016e-05 
-4.45483e-05 
-1.99048e-05 
-1.40744e-05 
-3.34601e-05 
-5.86076e-05 
-8.83854e-05 
-0.000120894 
-0.000154382 
-0.000187403 
-0.000218854 
-0.000247957 
-0.000274224 
-0.000297402 
-0.000317432 
-0.000334405 
-0.000348516 
-0.00036003 
-0.000369258 
-0.000376531 
-0.000382181 
-0.000386529 
-0.000389876 
-0.00039249 
-0.000394606 
-0.000396418 
-0.000398077 
-0.000399688 
-0.000401306 
-0.000402942 
-0.000404555 
-0.000406057 
-0.000407302 
-0.000408089 
-0.000408162 
-0.000407209 
-0.00040487 
-0.00040074 
-0.000394385 
-0.000385352 
-0.000373196 
-0.000357509 
-0.00033796 
-0.000314341 
-0.000286624 
-0.000255031 
-0.000220093 
-0.000182714 
-0.000144227 
-0.000106401 
-7.14223e-05 
-4.15447e-05 
-1.84347e-05 
-1.3288e-05 
-3.15631e-05 
-5.55694e-05 
-8.43703e-05 
-0.000116285 
-0.000149709 
-0.000183278 
-0.000215909 
-0.000246798 
-0.000275393 
-0.000301355 
-0.000324526 
-0.000344891 
-0.000362544 
-0.000377654 
-0.000390442 
-0.00040116 
-0.000410071 
-0.000417436 
-0.000423505 
-0.000428502 
-0.000432628 
-0.000436046 
-0.000438884 
-0.000441227 
-0.000443118 
-0.000444557 
-0.000445499 
-0.000445853 
-0.000445479 
-0.000444189 
-0.000441747 
-0.000437875 
-0.000432253 
-0.000424536 
-0.00041436 
-0.000401361 
-0.000385201 
-0.000365591 
-0.000342336 
-0.000315366 
-0.000284797 
-0.000250978 
-0.000214538 
-0.000176437 
-0.000137997 
-0.000100899 
-6.71483e-05 
-3.87484e-05 
-1.70782e-05 
-1.25839e-05 
-2.98491e-05 
-5.27688e-05 
-8.05658e-05 
-0.00011175 
-0.000144854 
-0.000178596 
-0.000211932 
-0.000244047 
-0.00027435 
-0.000302441 
-0.000328083 
-0.000351175 
-0.000371724 
-0.000389814 
-0.000405587 
-0.000419219 
-0.000430909 
-0.00044086 
-0.000449269 
-0.000456321 
-0.000462176 
-0.000466969 
-0.000470802 
-0.000473743 
-0.000475821 
-0.000477027 
-0.000477312 
-0.000476588 
-0.000474723 
-0.000471546 
-0.000466845 
-0.000460378 
-0.000451873 
-0.000441042 
-0.000427594 
-0.00041125 
-0.000391769 
-0.000368975 
-0.000342785 
-0.00031325 
-0.000280598 
-0.000245272 
-0.000207966 
-0.000169665 
-0.000131656 
-9.55206e-05 
-6.30906e-05 
-3.6147e-05 
-1.58264e-05 
-1.19484e-05 
-2.82902e-05 
-5.01768e-05 
-7.69618e-05 
-0.000107321 
-0.000139911 
-0.000173535 
-0.00020719 
-0.000240071 
-0.000271563 
-0.000301221 
-0.00032875 
-0.00035398 
-0.000376843 
-0.000397351 
-0.000415575 
-0.000431625 
-0.000445638 
-0.000457762 
-0.000468146 
-0.00047693 
-0.000484242 
-0.000490185 
-0.000494838 
-0.000498249 
-0.000500436 
-0.000501381 
-0.000501036 
-0.000499314 
-0.000496097 
-0.000491232 
-0.000484535 
-0.000475801 
-0.000464807 
-0.000451322 
-0.000435124 
-0.000416015 
-0.000393844 
-0.00036853 
-0.000340088 
-0.000308668 
-0.000274585 
-0.000238348 
-0.000200693 
-0.000162601 
-0.000125314 
-9.03062e-05 
-5.92489e-05 
-3.3726e-05 
-1.46699e-05 
-1.13698e-05 
-2.68612e-05 
-4.77648e-05 
-7.35412e-05 
-0.00010301 
-0.000134939 
-0.000168215 
-0.000201881 
-0.000235148 
-0.000267392 
-0.000298139 
-0.000327049 
-0.000353899 
-0.00037856 
-0.00040098 
-0.00042117 
-0.000439181 
-0.000455093 
-0.000469003 
-0.000481015 
-0.00049123 
-0.00049974 
-0.00050662 
-0.000511926 
-0.00051569 
-0.000517917 
-0.000518585 
-0.000517642 
-0.000515012 
-0.000510588 
-0.000504237 
-0.000495806 
-0.000485126 
-0.000472022 
-0.000456319 
-0.00043786 
-0.000416522 
-0.00039223 
-0.000364987 
-0.00033489 
-0.00030217 
-0.000267204 
-0.000230548 
-0.000192956 
-0.000155395 
-0.000119045 
-8.52792e-05 
-5.56172e-05 
-3.14707e-05 
-1.35999e-05 
-1.08377e-05 
-2.55406e-05 
-4.55066e-05 
-7.02841e-05 
-9.88172e-05 
-0.000129975 
-0.000162722 
-0.000196148 
-0.000229489 
-0.000262121 
-0.000293551 
-0.000323409 
-0.000351428 
-0.00037743 
-0.000401313 
-0.000423032 
-0.000442587 
-0.000460009 
-0.000475349 
-0.000488669 
-0.000500034 
-0.000509502 
-0.000517122 
-0.00052293 
-0.000526941 
-0.00052915 
-0.00052953 
-0.000528033 
-0.000524588 
-0.000519102 
-0.000511466 
-0.000501555 
-0.000489238 
-0.000474383 
-0.000456869 
-0.0004366 
-0.000413515 
-0.00038761 
-0.000358957 
-0.000327725 
-0.0002942 
-0.000258809 
-0.000222135 
-0.000184938 
-0.000148154 
-0.000112901 
-8.04515e-05 
-5.21868e-05 
-2.93673e-05 
-1.26085e-05 
-1.03439e-05 
-2.43103e-05 
-4.33794e-05 
-6.71712e-05 
-9.47385e-05 
-0.000125042 
-0.000157116 
-0.000190101 
-0.00022326 
-0.000255974 
-0.000287745 
-0.000318178 
-0.000346976 
-0.000373922 
-0.000398869 
-0.000421729 
-0.000442456 
-0.000461037 
-0.000477484 
-0.000491821 
-0.000504077 
-0.000514285 
-0.000522467 
-0.00052864 
-0.000532805 
-0.000534948 
-0.000535039 
-0.000533034 
-0.000528868 
-0.000522466 
-0.000513739 
-0.000502591 
-0.000488927 
-0.000472655 
-0.000453706 
-0.000432032 
-0.000407634 
-0.000380566 
-0.000350957 
-0.000319031 
-0.00028512 
-0.000249683 
-0.000213318 
-0.000176776 
-0.000140958 
-0.000106917 
-7.58281e-05 
-4.89478e-05 
-2.74033e-05 
-1.16886e-05 
-9.88135e-06 
-2.31553e-05 
-4.13634e-05 
-6.41846e-05 
-9.07664e-05 
-0.000120151 
-0.00015144 
-0.000183822 
-0.000216587 
-0.000249132 
-0.000280954 
-0.000311646 
-0.000340887 
-0.00036843 
-0.000394094 
-0.000417752 
-0.000439321 
-0.00045875 
-0.000476014 
-0.000491105 
-0.000504023 
-0.000514772 
-0.000523356 
-0.000529773 
-0.000534012 
-0.000536052 
-0.000535861 
-0.000533397 
-0.000528607 
-0.000521429 
-0.000511796 
-0.00049964 
-0.000484897 
-0.000467516 
-0.000447469 
-0.000424757 
-0.000399429 
-0.000371589 
-0.000341415 
-0.000309171 
-0.000275224 
-0.000240053 
-0.000204259 
-0.000168577 
-0.000133867 
-0.000101117 
-7.14097e-05 
-4.58898e-05 
-2.55674e-05 
-1.08337e-05 
-9.44447e-06 
-2.20635e-05 
-3.94423e-05 
-6.13086e-05 
-8.68928e-05 
-0.000115311 
-0.000145727 
-0.000177373 
-0.000209572 
-0.000241737 
-0.000273369 
-0.000304052 
-0.00033345 
-0.000361292 
-0.000387371 
-0.000411528 
-0.000433647 
-0.000453648 
-0.000471473 
-0.000487086 
-0.000500461 
-0.000511579 
-0.000520424 
-0.00052698 
-0.000531225 
-0.000533133 
-0.000532672 
-0.000529802 
-0.000524482 
-0.000516662 
-0.000506297 
-0.000493344 
-0.000477769 
-0.000459556 
-0.000438715 
-0.000415288 
-0.000389366 
-0.000361094 
-0.000330688 
-0.000298445 
-0.000264752 
-0.0002301 
-0.000195086 
-0.000160421 
-0.000126923 
-9.55136e-05 
-6.71936e-05 
-4.30028e-05 
-2.38495e-05 
-1.00385e-05 
-9.02867e-06 
-2.10246e-05 
-3.76024e-05 
-5.85296e-05 
-8.31098e-05 
-0.000110526 
-0.000139998 
-0.000170804 
-0.000202296 
-0.000233908 
-0.000265146 
-0.000295595 
-0.000324905 
-0.000352792 
-0.000379025 
-0.000403422 
-0.00042584 
-0.000446172 
-0.000464335 
-0.000480266 
-0.000493918 
-0.000505253 
-0.000514238 
-0.000520843 
-0.00052504 
-0.000526796 
-0.000526081 
-0.000522859 
-0.000517098 
-0.000508763 
-0.000497827 
-0.00048427 
-0.000468086 
-0.00044929 
-0.000427924 
-0.000404066 
-0.000377842 
-0.00034943 
-0.000319075 
-0.000287097 
-0.000253897 
-0.000219968 
-0.000185898 
-0.000152368 
-0.000120155 
-9.01167e-05 
-6.31751e-05 
-4.0277e-05 
-2.22405e-05 
-9.29795e-06 
-8.63025e-06 
-2.00306e-05 
-3.58323e-05 
-5.58358e-05 
-7.94099e-05 
-0.000105798 
-0.000134272 
-0.000164152 
-0.000194824 
-0.000225739 
-0.000256416 
-0.00028644 
-0.000315458 
-0.000343173 
-0.000369338 
-0.000393751 
-0.000416251 
-0.000436706 
-0.000455012 
-0.000471086 
-0.000484861 
-0.000496281 
-0.000505302 
-0.000511883 
-0.000515986 
-0.000517579 
-0.00051663 
-0.000513109 
-0.000506992 
-0.000498259 
-0.000486899 
-0.000472913 
-0.00045632 
-0.000437161 
-0.000415507 
-0.000391466 
-0.000365191 
-0.000336887 
-0.00030682 
-0.000275325 
-0.000242812 
-0.00020977 
-0.00017677 
-0.000144464 
-0.000113584 
-8.49293e-05 
-5.93479e-05 
-3.77026e-05 
-2.07321e-05 
-8.6076e-06 
-8.24617e-06 
-1.90747e-05 
-3.41224e-05 
-5.32173e-05 
-7.57859e-05 
-0.000101127 
-0.000128561 
-0.000157449 
-0.000187207 
-0.000217307 
-0.000247284 
-0.000276726 
-0.000305278 
-0.000332638 
-0.000358546 
-0.000382788 
-0.000405183 
-0.000425583 
-0.000443866 
-0.000459931 
-0.000473696 
-0.000485093 
-0.000494062 
-0.000500556 
-0.000504533 
-0.000505956 
-0.000504795 
-0.000501028 
-0.000494636 
-0.000485612 
-0.000473962 
-0.000459704 
-0.00044288 
-0.000423551 
-0.000401816 
-0.000377804 
-0.000351691 
-0.000323703 
-0.000294122 
-0.00026329 
-0.00023162 
-0.000199592 
-0.000167758 
-0.000136739 
-0.000107222 
-7.99502e-05 
-5.57042e-05 
-3.52701e-05 
-1.93165e-05 
-7.96339e-06 
-7.87389e-06 
-1.81512e-05 
-3.24647e-05 
-5.06652e-05 
-7.22311e-05 
-9.65118e-05 
-0.000122874 
-0.000150716 
-0.000179485 
-0.000208676 
-0.000237837 
-0.000266566 
-0.000294509 
-0.00032136 
-0.000346854 
-0.000370763 
-0.000392896 
-0.00041309 
-0.000431209 
-0.000447138 
-0.000460782 
-0.000472061 
-0.000480907 
-0.000487265 
-0.000491089 
-0.000492342 
-0.000490995 
-0.00048703 
-0.000480438 
-0.000471222 
-0.000459401 
-0.000445012 
-0.000428111 
-0.000408783 
-0.000387143 
-0.000363342 
-0.000337573 
-0.000310075 
-0.000281142 
-0.00025112 
-0.000220417 
-0.000189501 
-0.000158904 
-0.000129214 
-0.000101074 
-7.51753e-05 
-5.22348e-05 
-3.29698e-05 
-1.79864e-05 
-7.36156e-06 
-7.51123e-06 
-1.72551e-05 
-3.08518e-05 
-4.81711e-05 
-6.87386e-05 
-9.19503e-05 
-0.000117216 
-0.00014397 
-0.00017169 
-0.000199894 
-0.000228146 
-0.000256053 
-0.000283269 
-0.000309484 
-0.00033443 
-0.000357873 
-0.000379612 
-0.000399473 
-0.000417309 
-0.000432995 
-0.000446425 
-0.000457509 
-0.000466174 
-0.000472357 
-0.000476011 
-0.000477097 
-0.00047559 
-0.000471475 
-0.000464751 
-0.000455431 
-0.000443547 
-0.000429148 
-0.000412307 
-0.000393125 
-0.000371733 
-0.000348297 
-0.000323023 
-0.00029616 
-0.000268007 
-0.00023891 
-0.000209271 
-0.000179544 
-0.000150234 
-0.000121899 
-9.51401e-05 
-7.05968e-05 
-4.89296e-05 
-3.0792e-05 
-1.67346e-05 
-6.79851e-06 
-7.15621e-06 
-1.6382e-05 
-2.9277e-05 
-4.57273e-05 
-6.53011e-05 
-8.7438e-05 
-0.000111588 
-0.000137222 
-0.000163844 
-0.000190999 
-0.000218265 
-0.000245264 
-0.000271653 
-0.000297126 
-0.000321415 
-0.000344281 
-0.000365515 
-0.000384938 
-0.000402393 
-0.000417747 
-0.000430886 
-0.000441714 
-0.00045015 
-0.000456129 
-0.000459601 
-0.000460528 
-0.000458886 
-0.000454666 
-0.000447873 
-0.000438529 
-0.000426675 
-0.000412374 
-0.000395711 
-0.000376801 
-0.000355785 
-0.000332844 
-0.00030819 
-0.000282081 
-0.000254815 
-0.000226736 
-0.000198235 
-0.00016975 
-0.000141762 
-0.000114796 
-8.94133e-05 
-6.62044e-05 
-4.5777e-05 
-2.87266e-05 
-1.55541e-05 
-6.27076e-06 
-6.80698e-06 
-1.55276e-05 
-2.77338e-05 
-4.33256e-05 
-6.19103e-05 
-8.29688e-05 
-0.000105989 
-0.000130476 
-0.000155964 
-0.000182018 
-0.000208237 
-0.000234255 
-0.000259737 
-0.000284383 
-0.000307924 
-0.00033012 
-0.00035076 
-0.000369657 
-0.000386651 
-0.0004016 
-0.000414386 
-0.000424906 
-0.000433077 
-0.000438831 
-0.000442115 
-0.000442892 
-0.000441142 
-0.000436858 
-0.000430052 
-0.000420755 
-0.000409015 
-0.000394905 
-0.000378522 
-0.000359989 
-0.000339459 
-0.000317119 
-0.00029319 
-0.000267929 
-0.000241636 
-0.000214647 
-0.000187341 
-0.000160138 
-0.000133494 
-0.000107902 
-8.38833e-05 
-6.19849e-05 
-4.2764e-05 
-2.6763e-05 
-1.44378e-05 
-5.77488e-06 
-6.4617e-06 
-1.46876e-05 
-2.62155e-05 
-4.09574e-05 
-5.85572e-05 
-7.85345e-05 
-0.000100414 
-0.000123734 
-0.000148056 
-0.000172969 
-0.000198091 
-0.000223069 
-0.000247579 
-0.000271327 
-0.000294046 
-0.000315498 
-0.000335469 
-0.00035377 
-0.000370236 
-0.000384722 
-0.000397104 
-0.000407278 
-0.000415156 
-0.000420668 
-0.000423762 
-0.000424402 
-0.000422568 
-0.000418259 
-0.000411492 
-0.000402303 
-0.00039075 
-0.000376912 
-0.000360895 
-0.00034283 
-0.000322877 
-0.000301228 
-0.000278107 
-0.000253773 
-0.000228519 
-0.000202675 
-0.000176606 
-0.000150712 
-0.000125424 
-0.000101203 
-7.85352e-05 
-5.79226e-05 
-3.98764e-05 
-2.489e-05 
-1.33785e-05 
-5.30743e-06 
-6.11846e-06 
-1.38576e-05 
-2.4715e-05 
-3.86135e-05 
-5.5231e-05 
-7.41244e-05 
-9.48541e-05 
-0.00011699 
-0.000140121 
-0.000163861 
-0.000187845 
-0.000211736 
-0.000235221 
-0.000258013 
-0.000279851 
-0.000300496 
-0.000319738 
-0.000337385 
-0.000353269 
-0.000367244 
-0.000379184 
-0.00038898 
-0.000396544 
-0.000401805 
-0.00040471 
-0.000405225 
-0.000403332 
-0.000399034 
-0.000392352 
-0.000383327 
-0.000372024 
-0.000358527 
-0.00034295 
-0.000325429 
-0.000306129 
-0.000285244 
-0.000263 
-0.000239654 
-0.000215492 
-0.000190835 
-0.000166033 
-0.000141465 
-0.000117539 
-9.46845e-05 
-7.33503e-05 
-5.39994e-05 
-3.70986e-05 
-2.3096e-05 
-1.23686e-05 
-4.86492e-06 
-5.77521e-06 
-1.30329e-05 
-2.32247e-05 
-3.62834e-05 
-5.19193e-05 
-6.97255e-05 
-8.92968e-05 
-0.000110234 
-0.000132154 
-0.000154693 
-0.000177506 
-0.000200272 
-0.000222688 
-0.000244478 
-0.000265384 
-0.000285174 
-0.000303637 
-0.000320582 
-0.000335842 
-0.000349269 
-0.000360733 
-0.000370128 
-0.000377362 
-0.000382366 
-0.000385086 
-0.00038549 
-0.000383562 
-0.000379307 
-0.000372751 
-0.00036394 
-0.000352941 
-0.000339846 
-0.000324772 
-0.000307859 
-0.000289275 
-0.000269215 
-0.000247904 
-0.000225594 
-0.000202565 
-0.000179127 
-0.000155613 
-0.000132383 
-0.00010982 
-8.83225e-05 
-6.8306e-05 
-5.01946e-05 
-3.44137e-05 
-2.13684e-05 
-1.14004e-05 
-4.44377e-06 
-5.42973e-06 
-1.22084e-05 
-2.17362e-05 
-3.39556e-05 
-4.86082e-05 
-6.53223e-05 
-8.37263e-05 
-0.000103452 
-0.000124142 
-0.000145458 
-0.000167073 
-0.000188681 
-0.000209993 
-0.000230741 
-0.000250676 
-0.000269569 
-0.000287212 
-0.000303417 
-0.000318017 
-0.000330864 
-0.000341828 
-0.000350803 
-0.000357697 
-0.00036244 
-0.000364981 
-0.000365287 
-0.000363346 
-0.000359165 
-0.000352772 
-0.000344217 
-0.000333572 
-0.000320932 
-0.000306414 
-0.000290164 
-0.000272349 
-0.000253165 
-0.000232832 
-0.000211598 
-0.000189734 
-0.000167538 
-0.000145327 
-0.000123442 
-0.00010224 
-8.20907e-05 
-6.3377e-05 
-4.64859e-05 
-3.18034e-05 
-1.96939e-05 
-1.04657e-05 
-4.04029e-06 
-5.07957e-06 
-1.13783e-05 
-2.02403e-05 
-3.16173e-05 
-4.52819e-05 
-6.08968e-05 
-7.81238e-05 
-9.66243e-05 
-0.000116069 
-0.000136141 
-0.000156534 
-0.000176956 
-0.000197134 
-0.000216807 
-0.000235736 
-0.000253697 
-0.000270486 
-0.000285919 
-0.000299829 
-0.00031207 
-0.000322514 
-0.000331053 
-0.000337599 
-0.000342081 
-0.000344448 
-0.000344671 
-0.000342737 
-0.000338658 
-0.000332462 
-0.000324204 
-0.000313955 
-0.000301815 
-0.000287902 
-0.000272361 
-0.000255361 
-0.000237095 
-0.000217778 
-0.000197653 
-0.00017698 
-0.000156044 
-0.000135148 
-0.000114612 
-9.47674e-05 
-7.59585e-05 
-5.8535e-05 
-4.28489e-05 
-2.92483e-05 
-1.80587e-05 
-9.55602e-06 
-3.65067e-06 
-4.72208e-06 
-1.05367e-05 
-1.87269e-05 
-2.92548e-05 
-4.1923e-05 
-5.64293e-05 
-7.24678e-05 
-8.973e-05 
-0.000107913 
-0.000126722 
-0.00014587 
-0.000165082 
-0.000184097 
-0.000202667 
-0.000220558 
-0.000237556 
-0.000253461 
-0.000268092 
-0.000281286 
-0.000292899 
-0.000302805 
-0.000310897 
-0.000317087 
-0.000321307 
-0.000323508 
-0.000323661 
-0.000321755 
-0.000317803 
-0.000311837 
-0.00030391 
-0.000294098 
-0.000282499 
-0.000269233 
-0.000254445 
-0.0002383 
-0.000220989 
-0.000202722 
-0.000183732 
-0.000164272 
-0.000144613 
-0.000125041 
-0.000105856 
-8.73681e-05 
-6.9893e-05 
-5.37503e-05 
-3.92581e-05 
-2.67282e-05 
-1.64483e-05 
-8.66247e-06 
-3.27105e-06 
-4.35438e-06 
-9.67689e-06 
-1.71855e-05 
-2.68534e-05 
-3.85136e-05 
-5.18986e-05 
-6.67351e-05 
-8.27439e-05 
-9.9648e-05 
-0.000117174 
-0.000135056 
-0.000153034 
-0.00017086 
-0.000188298 
-0.000205123 
-0.000221128 
-0.000236119 
-0.000249921 
-0.000262374 
-0.000273337 
-0.000282687 
-0.00029032 
-0.000296149 
-0.000300107 
-0.000302148 
-0.000302243 
-0.000300384 
-0.000296585 
-0.000290877 
-0.000283316 
-0.000273978 
-0.00026296 
-0.000250382 
-0.000236385 
-0.000221134 
-0.000204813 
-0.000187626 
-0.000169799 
-0.000151573 
-0.000133205 
-0.000114966 
-9.7137e-05 
-8.00047e-05 
-6.38597e-05 
-4.89923e-05 
-3.56878e-05 
-2.42227e-05 
-1.48481e-05 
-7.77618e-06 
-2.89755e-06 
-3.97354e-06 
-8.79224e-06 
-1.56054e-05 
-2.43985e-05 
-3.50354e-05 
-4.72837e-05 
-6.09021e-05 
-7.56405e-05 
-9.12471e-05 
-0.000107471 
-0.000124063 
-0.000140781 
-0.000157391 
-0.000173666 
-0.000189394 
-0.000204375 
-0.000218422 
-0.000231366 
-0.000243051 
-0.000253342 
-0.000262119 
-0.000269279 
-0.000274739 
-0.000278435 
-0.000280322 
-0.000280371 
-0.000278578 
-0.000274954 
-0.000269535 
-0.000262373 
-0.000253546 
-0.000243148 
-0.000231298 
-0.000218133 
-0.000203814 
-0.000188518 
-0.000172443 
-0.000155805 
-0.000138835 
-0.000121775 
-0.000104881 
-8.84138e-05 
-7.264e-05 
-5.78252e-05 
-4.42314e-05 
-3.21129e-05 
-2.17122e-05 
-1.3244e-05 
-6.88846e-06 
-2.52644e-06 
-3.57671e-06 
-7.87628e-06 
-1.39765e-05 
-2.18765e-05 
-3.1472e-05 
-4.25654e-05 
-5.49474e-05 
-6.83959e-05 
-8.26837e-05 
-9.75808e-05 
-0.000112857 
-0.000128287 
-0.000143648 
-0.000158729 
-0.000173325 
-0.000187246 
-0.000200315 
-0.000212367 
-0.000223256 
-0.000232848 
-0.000241029 
-0.000247701 
-0.000252783 
-0.000256214 
-0.00025795 
-0.000257965 
-0.000256255 
-0.000252832 
-0.00024773 
-0.000241003 
-0.000232725 
-0.000222989 
-0.000211909 
-0.000199619 
-0.000186272 
-0.000172041 
-0.000157114 
-0.000141697 
-0.000126008 
-0.000110277 
-9.47424e-05 
-7.96485e-05 
-6.52399e-05 
-5.1759e-05 
-3.94414e-05 
-2.85116e-05 
-1.91791e-05 
-1.16233e-05 
-5.99147e-06 
-2.15443e-06 
-3.16145e-06 
-6.92356e-06 
-1.22905e-05 
-1.9277e-05 
-2.78108e-05 
-3.77292e-05 
-4.8854e-05 
-6.09904e-05 
-7.39346e-05 
-8.74774e-05 
-0.000101407 
-0.000115513 
-0.000129588 
-0.000143433 
-0.000156855 
-0.000169675 
-0.000181723 
-0.000192844 
-0.000202899 
-0.00021176 
-0.000219319 
-0.000225482 
-0.000230173 
-0.000233333 
-0.000234921 
-0.000234912 
-0.000233302 
-0.000230105 
-0.000225353 
-0.000219099 
-0.000211412 
-0.000202383 
-0.000192121 
-0.000180754 
-0.000168429 
-0.000155309 
-0.000141573 
-0.000127414 
-0.00011304 
-9.86652e-05 
-8.45126e-05 
-7.08081e-05 
-5.77764e-05 
-4.56377e-05 
-3.46027e-05 
-2.48676e-05 
-1.66104e-05 
-9.97645e-06 
-5.07919e-06 
-1.77914e-06 
-2.72632e-06 
-5.93094e-06 
-1.05433e-05 
-1.65952e-05 
-2.40467e-05 
-3.27693e-05 
-4.26144e-05 
-5.34131e-05 
-6.49843e-05 
-7.71385e-05 
-8.96818e-05 
-0.00010242 
-0.000115161 
-0.000127719 
-0.000139914 
-0.000151579 
-0.000162554 
-0.000172694 
-0.000181868 
-0.000189958 
-0.00019686 
-0.000202488 
-0.000206769 
-0.000209648 
-0.000211086 
-0.000211062 
-0.000209572 
-0.000206628 
-0.000202261 
-0.00019652 
-0.000189474 
-0.000181205 
-0.000171818 
-0.000161434 
-0.000150189 
-0.000138236 
-0.000125745 
-0.000112895 
-9.98801e-05 
-8.68997e-05 
-7.41602e-05 
-6.18694e-05 
-5.0233e-05 
-3.94498e-05 
-2.9707e-05 
-2.11748e-05 
-1.40015e-05 
-8.29962e-06 
-4.14904e-06 
-1.39982e-06 
-2.27179e-06 
-4.89966e-06 
-8.73821e-06 
-1.38371e-05 
-2.01878e-05 
-2.76943e-05 
-3.62358e-05 
-4.56675e-05 
-5.58296e-05 
-6.6552e-05 
-7.76589e-05 
-8.89727e-05 
-0.000100318 
-0.000111522 
-0.000122423 
-0.000132863 
-0.000142698 
-0.000151793 
-0.000160027 
-0.000167292 
-0.000173492 
-0.000178548 
-0.000182393 
-0.000184976 
-0.000186262 
-0.000186231 
-0.000184879 
-0.000182217 
-0.000178276 
-0.000173099 
-0.00016675 
-0.000159306 
-0.000150863 
-0.000141533 
-0.000131441 
-0.00012073 
-0.000109553 
-9.80785e-05 
-8.64824e-05 
-7.49489e-05 
-6.36666e-05 
-5.28251e-05 
-4.26107e-05 
-3.32019e-05 
-2.47641e-05 
-1.74432e-05 
-1.13607e-05 
-6.59882e-06 
-3.20457e-06 
-1.01866e-06 
-1.80169e-06 
-3.83874e-06 
-6.89104e-06 
-1.10257e-05 
-1.62627e-05 
-2.25355e-05 
-2.97483e-05 
-3.77785e-05 
-4.64867e-05 
-5.57217e-05 
-6.53265e-05 
-7.51417e-05 
-8.50091e-05 
-9.47749e-05 
-0.000104291 
-0.000113418 
-0.000122025 
-0.000129992 
-0.00013721 
-0.000143581 
-0.000149022 
-0.000153458 
-0.000156832 
-0.000159098 
-0.000160224 
-0.000160192 
-0.000158998 
-0.000156653 
-0.000153184 
-0.00014863 
-0.000143048 
-0.000136507 
-0.000129094 
-0.000120908 
-0.000112063 
-0.000102687 
-9.29173e-05 
-8.29053e-05 
-7.28094e-05 
-6.27952e-05 
-5.30321e-05 
-4.36903e-05 
-3.49361e-05 
-2.69279e-05 
-1.98105e-05 
-1.37079e-05 
-8.71784e-06 
-4.8961e-06 
-2.25958e-06 
-6.42625e-07 
-1.32537e-06 
-2.77017e-06 
-5.03831e-06 
-8.211e-06 
-1.23316e-05 
-1.73579e-05 
-2.32157e-05 
-2.98025e-05 
-3.69986e-05 
-4.46731e-05 
-5.2689e-05 
-6.09072e-05 
-6.91903e-05 
-7.74043e-05 
-8.5421e-05 
-9.31194e-05 
-0.000100386 
-0.000107119 
-0.000113222 
-0.000118612 
-0.000123216 
-0.000126972 
-0.00012983 
-0.000131749 
-0.000132702 
-0.000132673 
-0.00013166 
-0.000129672 
-0.00012673 
-0.00012287 
-0.00011814 
-0.000112599 
-0.000106323 
-9.93959e-05 
-9.19174e-05 
-8.3997e-05 
-7.57554e-05 
-6.73224e-05 
-5.88361e-05 
-5.04404e-05 
-4.22828e-05 
-3.45115e-05 
-2.72715e-05 
-2.07002e-05 
-1.4922e-05 
-1.00414e-05 
-6.13552e-06 
-3.2394e-06 
-1.34507e-06 
-2.86913e-07 
-8.61246e-07 
-1.73751e-06 
-3.24952e-06 
-5.4852e-06 
-8.50162e-06 
-1.22748e-05 
-1.67479e-05 
-2.18377e-05 
-2.74451e-05 
-3.34612e-05 
-3.97724e-05 
-4.62639e-05 
-5.28223e-05 
-5.93379e-05 
-6.57058e-05 
-7.18275e-05 
-7.76112e-05 
-8.29728e-05 
-8.78363e-05 
-9.21338e-05 
-9.58063e-05 
-9.88035e-05 
-0.000101084 
-0.000102617 
-0.000103379 
-0.000103358 
-0.00010255 
-0.000100964 
-9.86173e-05 
-9.5537e-05 
-9.1762e-05 
-8.73413e-05 
-8.23343e-05 
-7.68107e-05 
-7.08503e-05 
-6.45424e-05 
-5.79851e-05 
-5.12847e-05 
-4.45539e-05 
-3.79111e-05 
-3.14776e-05 
-2.5376e-05 
-1.97264e-05 
-1.46429e-05 
-1.02286e-05 
-6.56907e-06 
-3.72457e-06 
-1.71572e-06 
-5.18502e-07 
2.1414e-08 
-4.4095e-07 
-8.18876e-07 
-1.64659e-06 
-3.00497e-06 
-4.95034e-06 
-7.46939e-06 
-1.05204e-05 
-1.40402e-05 
-1.79535e-05 
-2.21781e-05 
-2.66289e-05 
-3.12207e-05 
-3.58698e-05 
-4.04957e-05 
-4.5022e-05 
-4.9377e-05 
-5.34944e-05 
-5.73134e-05 
-6.07792e-05 
-6.38429e-05 
-6.64623e-05 
-6.8601e-05 
-7.02295e-05 
-7.13248e-05 
-7.18707e-05 
-7.18581e-05 
-7.12846e-05 
-7.01555e-05 
-6.8483e-05 
-6.62871e-05 
-6.35952e-05 
-6.04425e-05 
-5.68716e-05 
-5.29328e-05 
-4.86837e-05 
-4.41888e-05 
-3.95196e-05 
-3.47534e-05 
-2.99727e-05 
-2.52644e-05 
-2.07182e-05 
-1.64251e-05 
-1.24749e-05 
-8.95353e-06 
-5.93924e-06 
-3.49707e-06 
-1.67215e-06 
-4.77297e-07 
1.15561e-07 
2.3194e-07 
-1.06017e-07 
-1.30744e-07 
-4.06645e-07 
-9.88851e-07 
-1.91603e-06 
-3.18095e-06 
-4.75813e-06 
-6.60934e-06 
-8.68977e-06 
-1.09513e-05 
-1.33448e-05 
-1.58215e-05 
-1.83343e-05 
-2.08381e-05 
-2.32904e-05 
-2.56515e-05 
-2.78851e-05 
-2.99576e-05 
-3.18392e-05 
-3.35032e-05 
-3.49264e-05 
-3.60891e-05 
-3.69751e-05 
-3.75718e-05 
-3.78704e-05 
-3.78657e-05 
-3.75563e-05 
-3.69449e-05 
-3.6038e-05 
-3.48465e-05 
-3.3385e-05 
-3.16727e-05 
-2.97329e-05 
-2.7593e-05 
-2.52845e-05 
-2.28432e-05 
-2.03084e-05 
-1.77231e-05 
-1.51333e-05 
-1.25879e-05 
-1.01375e-05 
-7.83411e-06 
-5.72941e-06 
-3.87361e-06 
-2.31306e-06 
-1.087e-06 
-2.23146e-07 
2.70439e-07 
4.13398e-07 
2.83297e-07 
