0.000113117 -4.17056e-06 -1.11073e-06 
0.000127996 -4.48102e-06 7.91528e-08 
0.000141959 -5.07959e-06 1.4095e-06 
0.000155136 -5.7291e-06 2.60339e-06 
0.000167885 -6.41903e-06 3.76308e-06 
0.000180423 -7.15882e-06 4.89961e-06 
0.000192946 -7.95294e-06 6.03754e-06 
0.000205608 -8.80485e-06 7.21504e-06 
0.000218497 -9.71297e-06 8.44835e-06 
0.000231678 -1.06842e-05 9.73751e-06 
0.000245213 -1.17148e-05 1.11028e-05 
0.000259133 -1.28104e-05 1.255e-05 
0.000273461 -1.39698e-05 1.40893e-05 
0.000288199 -1.51925e-05 1.57207e-05 
0.00030335 -1.64785e-05 1.74434e-05 
0.000318913 -1.78273e-05 1.92643e-05 
0.000334874 -1.92352e-05 2.11733e-05 
0.000351226 -2.07007e-05 2.31791e-05 
0.000367943 -2.22228e-05 2.52867e-05 
0.000384982 -2.37936e-05 2.74742e-05 
0.000402324 -2.54111e-05 2.97364e-05 
0.000419951 -2.70728e-05 3.20893e-05 
0.000437804 -2.87696e-05 3.45113e-05 
0.000455831 -3.04886e-05 3.6994e-05 
0.000474005 -3.22423e-05 3.9531e-05 
0.000492261 -3.39958e-05 4.21171e-05 
0.000510553 -3.57719e-05 4.47309e-05 
0.000528822 -3.753e-05 4.73768e-05 
0.000547 -3.92891e-05 5.00439e-05 
0.000565007 -4.10206e-05 5.26964e-05 
0.000582802 -4.27275e-05 5.5339e-05 
0.000600286 -4.43769e-05 5.79781e-05 
0.000617375 -4.60008e-05 6.05702e-05 
0.000634006 -4.75515e-05 6.31061e-05 
0.000650118 -4.9045e-05 6.55799e-05 
0.000665612 -5.04429e-05 6.79809e-05 
0.000680405 -5.17675e-05 7.02849e-05 
0.000694424 -5.29837e-05 7.24998e-05 
0.000707546 -5.40932e-05 7.45956e-05 
0.000719766 -5.51271e-05 7.65494e-05 
0.000730994 -5.60013e-05 7.83651e-05 
0.000741104 -5.67421e-05 8.00435e-05 
0.0007501 -5.74077e-05 8.15343e-05 
0.00075791 -5.78761e-05 8.28595e-05 
0.000764474 -5.82391e-05 8.39783e-05 
0.000769777 -5.84362e-05 8.49013e-05 
0.000773715 -5.84341e-05 8.57584e-05 
0.000776198 -5.85875e-05 8.58957e-05 
0.000777428 -5.64348e-05 8.73569e-05 
9.12713e-05 -2.21786e-06 -3.84265e-06 
0.000105768 -2.74335e-06 -1.84839e-06 
0.000117928 -3.05579e-06 -1.04954e-06 
0.000129016 -3.2682e-06 -3.07522e-07 
0.000139348 -3.54022e-06 3.44722e-07 
0.000149218 -3.85238e-06 9.49144e-07 
0.000158822 -4.19803e-06 1.51668e-06 
0.000168314 -4.57328e-06 2.0672e-06 
0.000177805 -4.97563e-06 2.61932e-06 
0.00018737 -5.40598e-06 3.18104e-06 
0.000197058 -5.86032e-06 3.75664e-06 
0.000206911 -6.34073e-06 4.35704e-06 
0.00021695 -6.84499e-06 4.98517e-06 
0.000227189 -7.37527e-06 5.64424e-06 
0.00023763 -7.92725e-06 6.33636e-06 
0.000248277 -8.50467e-06 7.06093e-06 
0.000259127 -9.10343e-06 7.81957e-06 
0.000270174 -9.72334e-06 8.61333e-06 
0.00028141 -1.03669e-05 9.44179e-06 
0.000292819 -1.10259e-05 1.03052e-05 
0.000304381 -1.17033e-05 1.11973e-05 
0.000316087 -1.23968e-05 1.21178e-05 
0.000327913 -1.30997e-05 1.30727e-05 
0.000339832 -1.3818e-05 1.40529e-05 
0.000351827 -1.45454e-05 1.50562e-05 
0.000363869 -1.52763e-05 1.60741e-05 
0.000375933 -1.60056e-05 1.71199e-05 
0.000387973 -1.67394e-05 1.81727e-05 
0.000399979 -1.74708e-05 1.92455e-05 
0.000411891 -1.81894e-05 2.03235e-05 
0.000423684 -1.89038e-05 2.14016e-05 
0.000435314 -1.95942e-05 2.24881e-05 
0.000446742 -2.02804e-05 2.35725e-05 
0.000457903 -2.0929e-05 2.46353e-05 
0.000468767 -2.15529e-05 2.56945e-05 
0.000479279 -2.2152e-05 2.67351e-05 
0.000489411 -2.27235e-05 2.77556e-05 
0.000499083 -2.32399e-05 2.87519e-05 
0.000508261 -2.37354e-05 2.97162e-05 
0.000516886 -2.417e-05 3.0639e-05 
0.000524914 -2.4563e-05 3.15022e-05 
0.000532329 -2.4899e-05 3.2347e-05 
0.000539053 -2.51961e-05 3.31241e-05 
0.000545035 -2.54083e-05 3.38316e-05 
0.000550299 -2.55959e-05 3.44945e-05 
0.00055478 -2.57061e-05 3.50691e-05 
0.000558488 -2.57659e-05 3.55765e-05 
0.000561309 -2.56871e-05 3.61113e-05 
0.000563298 -2.58441e-05 3.60164e-05 
0.000565382 -2.49044e-05 3.75517e-05 
9.12359e-05 -1.69331e-06 -2.81727e-06 
0.00010226 -1.95829e-06 -2.04903e-06 
0.000112428 -2.18478e-06 -1.38535e-06 
0.000121758 -2.34792e-06 -7.942e-07 
0.000130412 -2.52355e-06 -3.07434e-07 
0.000138621 -2.71475e-06 1.23134e-07 
0.000146555 -2.92645e-06 5.16852e-07 
0.000154342 -3.15704e-06 8.90727e-07 
0.000162072 -3.40513e-06 1.25741e-06 
0.000169807 -3.66874e-06 1.62404e-06 
0.000177591 -3.94812e-06 1.99686e-06 
0.000185453 -4.24055e-06 2.38181e-06 
0.000193412 -4.54868e-06 2.78036e-06 
0.000201477 -4.86835e-06 3.19429e-06 
0.000209654 -5.20029e-06 3.62676e-06 
0.000217942 -5.54506e-06 4.07469e-06 
0.000226345 -5.9003e-06 4.54108e-06 
0.000234856 -6.26557e-06 5.026e-06 
0.000243468 -6.641e-06 5.52701e-06 
0.000252177 -7.025e-06 6.04632e-06 
0.000260969 -7.41615e-06 6.57906e-06 
0.000269834 -7.81199e-06 7.12829e-06 
0.000278764 -8.21671e-06 7.69159e-06 
0.000287735 -8.61941e-06 8.26583e-06 
0.000296735 -9.02639e-06 8.85221e-06 
0.000305753 -9.43718e-06 9.44691e-06 
0.000314771 -9.8445e-06 1.00545e-05 
0.000323755 -1.02485e-05 1.06639e-05 
0.000332693 -1.06483e-05 1.1282e-05 
0.000341558 -1.10433e-05 1.19034e-05 
0.000350321 -1.14285e-05 1.25234e-05 
0.00035896 -1.18037e-05 1.31505e-05 
0.000367431 -1.21674e-05 1.37687e-05 
0.00037572 -1.25181e-05 1.43857e-05 
0.000383785 -1.28512e-05 1.49962e-05 
0.000391582 -1.31618e-05 1.55975e-05 
0.000399089 -1.34603e-05 1.61851e-05 
0.000406277 -1.37346e-05 1.67637e-05 
0.000413084 -1.39766e-05 1.73213e-05 
0.000419496 -1.42046e-05 1.7862e-05 
0.000425474 -1.43994e-05 1.8376e-05 
0.000430995 -1.45691e-05 1.88751e-05 
0.000436006 -1.47063e-05 1.93365e-05 
0.000440504 -1.48169e-05 1.97738e-05 
0.000444454 -1.48954e-05 2.01645e-05 
0.000447854 -1.4938e-05 2.05274e-05 
0.000450694 -1.49656e-05 2.08355e-05 
0.000452903 -1.48806e-05 2.12065e-05 
0.000454632 -1.51109e-05 2.09466e-05 
0.000456314 -1.39522e-05 2.2554e-05 
9.15253e-05 -1.36518e-06 -2.46814e-06 
0.000100675 -1.51498e-06 -1.97855e-06 
0.000109311 -1.66593e-06 -1.47632e-06 
0.000117304 -1.78659e-06 -1.02529e-06 
0.000124746 -1.90891e-06 -6.47204e-07 
0.000131796 -2.0403e-06 -3.17882e-07 
0.000138588 -2.18413e-06 -2.36389e-08 
0.000145225 -2.33923e-06 2.49885e-07 
0.000151783 -2.50592e-06 5.12086e-07 
0.000158312 -2.68206e-06 7.7029e-07 
0.00016485 -2.86737e-06 1.02939e-06 
0.00017142 -3.06208e-06 1.29322e-06 
0.000178037 -3.26425e-06 1.56247e-06 
0.000184713 -3.47365e-06 1.84095e-06 
0.000191451 -3.69094e-06 2.12812e-06 
0.000198253 -3.91432e-06 2.42316e-06 
0.000205122 -4.14332e-06 2.72879e-06 
0.000212053 -4.37806e-06 3.04453e-06 
0.000219043 -4.61819e-06 3.36864e-06 
0.000226089 -4.863e-06 3.70172e-06 
0.000233183 -5.1099e-06 4.04437e-06 
0.000240319 -5.36224e-06 4.39526e-06 
0.000247485 -5.61416e-06 4.75413e-06 
0.000254676 -5.87135e-06 5.12052e-06 
0.000261879 -6.1261e-06 5.49224e-06 
0.000269079 -6.38009e-06 5.87014e-06 
0.000276267 -6.63581e-06 6.25567e-06 
0.000283425 -6.88819e-06 6.64438e-06 
0.000290537 -7.13647e-06 7.03869e-06 
0.000297584 -7.38294e-06 7.43326e-06 
0.000304548 -7.61998e-06 7.83261e-06 
0.000311405 -7.85407e-06 8.2331e-06 
0.000318132 -8.07752e-06 8.63102e-06 
0.000324709 -8.29221e-06 9.02906e-06 
0.000331106 -8.4959e-06 9.42681e-06 
0.000337297 -8.69021e-06 9.8191e-06 
0.000343253 -8.86707e-06 1.02035e-05 
0.000348951 -9.03144e-06 1.05863e-05 
0.000354359 -9.18287e-06 1.09599e-05 
0.000359449 -9.31511e-06 1.13182e-05 
0.000364201 -9.43003e-06 1.16675e-05 
0.000368588 -9.52826e-06 1.20026e-05 
0.00037258 -9.60361e-06 1.23221e-05 
0.000376166 -9.66701e-06 1.26183e-05 
0.00037933 -9.70214e-06 1.28963e-05 
0.000382064 -9.72633e-06 1.31526e-05 
0.000384361 -9.73175e-06 1.33696e-05 
0.000386164 -9.65432e-06 1.36695e-05 
0.000387685 -9.91894e-06 1.33367e-05 
0.000389211 -8.77915e-06 1.50363e-05 
9.22128e-05 -1.1191e-06 -2.22086e-06 
0.000100068 -1.22403e-06 -1.85026e-06 
0.000107521 -1.33398e-06 -1.45628e-06 
0.000114471 -1.42793e-06 -1.09599e-06 
0.000120975 -1.52221e-06 -7.89591e-07 
0.000127147 -1.62124e-06 -5.25563e-07 
0.000133089 -1.7273e-06 -2.92754e-07 
0.000138886 -1.84047e-06 -7.95722e-08 
0.000144597 -1.96072e-06 1.21241e-07 
0.000150266 -2.08727e-06 3.16283e-07 
0.000155923 -2.21965e-06 5.09088e-07 
0.000161587 -2.35704e-06 7.02475e-07 
0.000167273 -2.49937e-06 8.98743e-07 
0.00017299 -2.64667e-06 1.099e-06 
0.000178741 -2.7977e-06 1.30317e-06 
0.00018453 -2.95226e-06 1.51274e-06 
0.000190359 -3.11108e-06 1.72796e-06 
0.000196225 -3.27244e-06 1.9485e-06 
0.000202126 -3.43643e-06 2.17413e-06 
0.000208059 -3.60294e-06 2.40573e-06 
0.000214021 -3.772e-06 2.64364e-06 
0.000220004 -3.94252e-06 2.88555e-06 
0.000226005 -4.11434e-06 3.1333e-06 
0.000232013 -4.2857e-06 3.38502e-06 
0.000238023 -4.45878e-06 3.64248e-06 
0.000244024 -4.63057e-06 3.90454e-06 
0.000250006 -4.80213e-06 4.16906e-06 
0.000255956 -4.96997e-06 4.43902e-06 
0.00026186 -5.13773e-06 4.71199e-06 
0.000267707 -5.3015e-06 4.98582e-06 
0.000273481 -5.46079e-06 5.26494e-06 
0.00027916 -5.61536e-06 5.5435e-06 
0.00028473 -5.76396e-06 5.82449e-06 
0.000290171 -5.90695e-06 6.10575e-06 
0.000295461 -6.04204e-06 6.38678e-06 
0.000300579 -6.16838e-06 6.66479e-06 
0.000305504 -6.2854e-06 6.94237e-06 
0.000310213 -6.39324e-06 7.21537e-06 
0.000314679 -6.48683e-06 7.4842e-06 
0.000318883 -6.57276e-06 7.74642e-06 
0.000322809 -6.64577e-06 8.00202e-06 
0.000326432 -6.70523e-06 8.24861e-06 
0.000329736 -6.75314e-06 8.48434e-06 
0.000332702 -6.78426e-06 8.706e-06 
0.000335327 -6.80717e-06 8.91719e-06 
0.00033759 -6.81155e-06 9.11289e-06 
0.000339509 -6.81915e-06 9.27841e-06 
0.000341013 -6.73952e-06 9.53169e-06 
0.000342347 -7.01739e-06 9.15928e-06 
0.000343675 -5.87189e-06 1.08888e-05 
9.31173e-05 -9.52545e-07 -2.00858e-06 
9.99961e-05 -1.02423e-06 -1.70955e-06 
0.000106524 -1.10463e-06 -1.39416e-06 
0.000112642 -1.17729e-06 -1.10556e-06 
0.000118399 -1.25047e-06 -8.58581e-07 
0.000123881 -1.32648e-06 -6.46995e-07 
0.00012917 -1.40643e-06 -4.62161e-07 
0.000134329 -1.49052e-06 -2.95451e-07 
0.000139407 -1.57876e-06 -1.40833e-07 
0.000144441 -1.67069e-06 7.01186e-09 
0.000149454 -1.76624e-06 1.51134e-07 
0.000154464 -1.86483e-06 2.94191e-07 
0.000159481 -1.96639e-06 4.37642e-07 
0.000164513 -2.07061e-06 5.82371e-07 
0.000169564 -2.17704e-06 7.29822e-07 
0.000174638 -2.28633e-06 8.80104e-07 
0.000179735 -2.3974e-06 1.03337e-06 
0.000184854 -2.51016e-06 1.19075e-06 
0.000189994 -2.62519e-06 1.35156e-06 
0.000195151 -2.74152e-06 1.51615e-06 
0.000200324 -2.85897e-06 1.68455e-06 
0.000205506 -2.97713e-06 1.85698e-06 
0.000210693 -3.09639e-06 2.03404e-06 
0.000215878 -3.2168e-06 2.21493e-06 
0.000221057 -3.3371e-06 2.39908e-06 
0.00022622 -3.45667e-06 2.58767e-06 
0.000231358 -3.57566e-06 2.77972e-06 
0.000236462 -3.69439e-06 2.97618e-06 
0.00024152 -3.81069e-06 3.17454e-06 
0.000246521 -3.92474e-06 3.37682e-06 
0.000251455 -4.03788e-06 3.58164e-06 
0.000256304 -4.14497e-06 3.78899e-06 
0.000261053 -4.24971e-06 3.99836e-06 
0.000265687 -4.34988e-06 4.20765e-06 
0.00027019 -4.44274e-06 4.41927e-06 
0.000274542 -4.53171e-06 4.62994e-06 
0.000278728 -4.61336e-06 4.83982e-06 
0.000282726 -4.68569e-06 5.04901e-06 
0.000286518 -4.75273e-06 5.25568e-06 
0.000290085 -4.80901e-06 5.45689e-06 
0.000293412 -4.85663e-06 5.6553e-06 
0.000296481 -4.89609e-06 5.84812e-06 
0.000299277 -4.92567e-06 6.03368e-06 
0.00030179 -4.9464e-06 6.21181e-06 
0.00030401 -4.95837e-06 6.3779e-06 
0.00030593 -4.95771e-06 6.5371e-06 
0.000307554 -4.96031e-06 6.66678e-06 
0.000308821 -4.88336e-06 6.89526e-06 
0.000309992 -5.16946e-06 6.49989e-06 
0.000311139 -4.02884e-06 8.22022e-06 
9.41239e-05 -8.27672e-07 -1.83544e-06 
0.000100244 -8.7615e-07 -1.58235e-06 
0.000106043 -9.35271e-07 -1.32741e-06 
0.000111501 -9.90764e-07 -1.09719e-06 
0.000116668 -1.04698e-06 -9.01072e-07 
0.000121612 -1.10459e-06 -7.34341e-07 
0.000126397 -1.16445e-06 -5.90324e-07 
0.000131074 -1.22637e-06 -4.62289e-07 
0.000135681 -1.29056e-06 -3.45223e-07 
0.000140247 -1.35694e-06 -2.35014e-07 
0.000144791 -1.42519e-06 -1.28927e-07 
0.000149327 -1.4954e-06 -2.4861e-08 
0.000153864 -1.56697e-06 7.88286e-08 
0.000158407 -1.64037e-06 1.83061e-07 
0.000162961 -1.71526e-06 2.88945e-07 
0.000167526 -1.79168e-06 3.96474e-07 
0.000172104 -1.86964e-06 5.06468e-07 
0.000176694 -1.9486e-06 6.19617e-07 
0.000181293 -2.02911e-06 7.35259e-07 
0.000185899 -2.11042e-06 8.5466e-07 
0.000190509 -2.19318e-06 9.77603e-07 
0.000195119 -2.27671e-06 1.10443e-06 
0.000199723 -2.36116e-06 1.23469e-06 
0.000204317 -2.44599e-06 1.36837e-06 
0.000208895 -2.53114e-06 1.5063e-06 
0.000213451 -2.61722e-06 1.64796e-06 
0.000217975 -2.70195e-06 1.79371e-06 
0.00022246 -2.78715e-06 1.94259e-06 
0.000226897 -2.87121e-06 2.09482e-06 
0.000231277 -2.95351e-06 2.25082e-06 
0.000235587 -3.03461e-06 2.40908e-06 
0.000239818 -3.11347e-06 2.57131e-06 
0.000243955 -3.18943e-06 2.73447e-06 
0.000247986 -3.26178e-06 2.8995e-06 
0.000251897 -3.33004e-06 3.06758e-06 
0.000255672 -3.39495e-06 3.23387e-06 
0.000259298 -3.45304e-06 3.40203e-06 
0.000262758 -3.50671e-06 3.57043e-06 
0.000266034 -3.5541e-06 3.73587e-06 
0.000269115 -3.59489e-06 3.89994e-06 
0.000271985 -3.62863e-06 4.06139e-06 
0.000274627 -3.6549e-06 4.21897e-06 
0.000277032 -3.67557e-06 4.37075e-06 
0.00027919 -3.68732e-06 4.51705e-06 
0.000281093 -3.69325e-06 4.65573e-06 
0.000282736 -3.69121e-06 4.78988e-06 
0.000284125 -3.69372e-06 4.89774e-06 
0.000285195 -3.61879e-06 5.10615e-06 
0.000286219 -3.90511e-06 4.69849e-06 
0.000287211 -2.78499e-06 6.38413e-06 
9.52051e-05 -7.26772e-07 -1.69919e-06 
0.000100725 -7.58241e-07 -1.48358e-06 
0.000105953 -8.01052e-07 -1.27895e-06 
0.000110898 -8.42018e-07 -1.09851e-06 
0.000115609 -8.83539e-07 -9.47096e-07 
0.000120144 -9.25665e-07 -8.20341e-07 
0.000124553 -9.68442e-07 -7.12663e-07 
0.000128876 -1.01221e-06 -6.18683e-07 
0.000133143 -1.05686e-06 -5.34268e-07 
0.000137375 -1.10254e-06 -4.56133e-07 
0.000141588 -1.14914e-06 -3.81715e-07 
0.000145792 -1.19673e-06 -3.09248e-07 
0.000149993 -1.24528e-06 -2.37099e-07 
0.000154196 -1.2948e-06 -1.64549e-07 
0.000158402 -1.3455e-06 -9.07115e-08 
0.000162612 -1.39718e-06 -1.51399e-08 
0.000166826 -1.44998e-06 6.29079e-08 
0.000171041 -1.50388e-06 1.44121e-07 
0.000175256 -1.55903e-06 2.28222e-07 
0.000179469 -1.61551e-06 3.1587e-07 
0.000183674 -1.67268e-06 4.07166e-07 
0.000187868 -1.73112e-06 5.02417e-07 
0.000192047 -1.79055e-06 6.01449e-07 
0.000196205 -1.85087e-06 7.04694e-07 
0.000200336 -1.91206e-06 8.12185e-07 
0.000204436 -1.97391e-06 9.2351e-07 
0.000208497 -2.03629e-06 1.03935e-06 
0.000212512 -2.09861e-06 1.15833e-06 
0.000216473 -2.16073e-06 1.28144e-06 
0.000220373 -2.22267e-06 1.40806e-06 
0.000224201 -2.28307e-06 1.53779e-06 
0.000227949 -2.34286e-06 1.67048e-06 
0.000231607 -2.40036e-06 1.80543e-06 
0.000235162 -2.4557e-06 1.94284e-06 
0.000238605 -2.50852e-06 2.08176e-06 
0.000241922 -2.55697e-06 2.22139e-06 
0.000245102 -2.60284e-06 2.36278e-06 
0.000248129 -2.64371e-06 2.50353e-06 
0.000250993 -2.67991e-06 2.64323e-06 
0.00025368 -2.71062e-06 2.78258e-06 
0.000256179 -2.73722e-06 2.91914e-06 
0.000258476 -2.75642e-06 3.05344e-06 
0.000260562 -2.7712e-06 3.1827e-06 
0.00026243 -2.77979e-06 3.30861e-06 
0.000264071 -2.7829e-06 3.42853e-06 
0.000265481 -2.7804e-06 3.54367e-06 
0.00026667 -2.78192e-06 3.63712e-06 
0.000267569 -2.71169e-06 3.83001e-06 
0.000268461 -2.99634e-06 3.41803e-06 
0.000269324 -1.905e-06 5.04987e-06 
9.63787e-05 -6.39866e-07 -1.60176e-06 
0.000101428 -6.58116e-07 -1.4216e-06 
0.00010622 -6.87594e-07 -1.26187e-06 
0.000110781 -7.15634e-07 -1.12584e-06 
0.000115158 -7.43685e-07 -1.01497e-06 
0.0001194 -7.71529e-07 -9.24734e-07 
0.000123547 -7.99265e-07 -8.50229e-07 
0.000127628 -8.2698e-07 -7.87138e-07 
0.000131667 -8.548e-07 -7.31836e-07 
0.000135679 -8.82907e-07 -6.81611e-07 
0.000139675 -9.11318e-07 -6.34106e-07 
0.000143662 -9.40337e-07 -5.87818e-07 
0.000147644 -9.69911e-07 -5.41308e-07 
0.000151622 -1.00035e-06 -4.93885e-07 
0.000155597 -1.03149e-06 -4.44576e-07 
0.000159568 -1.06378e-06 -3.92789e-07 
0.000163533 -1.09739e-06 -3.38225e-07 
0.00016749 -1.13177e-06 -2.80051e-07 
0.000171436 -1.16761e-06 -2.18342e-07 
0.000175367 -1.20483e-06 -1.52639e-07 
0.000179279 -1.24333e-06 -8.23667e-08 
0.000183167 -1.28322e-06 -7.67349e-09 
0.000187027 -1.32474e-06 7.14348e-08 
0.000190854 -1.36749e-06 1.55242e-07 
0.000194643 -1.41148e-06 2.4369e-07 
0.000198388 -1.45677e-06 3.36621e-07 
0.000202083 -1.50322e-06 4.3389e-07 
0.000205724 -1.55026e-06 5.35348e-07 
0.000209302 -1.59802e-06 6.40814e-07 
0.000212812 -1.64568e-06 7.50138e-07 
0.000216246 -1.69369e-06 8.62842e-07 
0.000219597 -1.74091e-06 9.78202e-07 
0.000222856 -1.78706e-06 1.09662e-06 
0.000226015 -1.83218e-06 1.21702e-06 
0.000229065 -1.87503e-06 1.33923e-06 
0.000231996 -1.91589e-06 1.46274e-06 
0.000234798 -1.95348e-06 1.58663e-06 
0.00023746 -1.98753e-06 1.71102e-06 
0.000239971 -2.01812e-06 1.83479e-06 
0.000242323 -2.0447e-06 1.95749e-06 
0.000244504 -2.06633e-06 2.07779e-06 
0.000246505 -2.08342e-06 2.19668e-06 
0.000248316 -2.09569e-06 2.31141e-06 
0.000249932 -2.10365e-06 2.42267e-06 
0.000251347 -2.10652e-06 2.529e-06 
0.000252554 -2.10376e-06 2.63143e-06 
0.000253565 -2.10726e-06 2.71407e-06 
0.000254311 -2.03936e-06 2.8943e-06 
0.00025508 -2.32343e-06 2.48278e-06 
0.00025583 -1.2644e-06 4.05449e-06 
9.77004e-05 -5.58013e-07 -1.54983e-06 
0.000102395 -5.65703e-07 -1.40563e-06 
0.00010687 -5.83472e-07 -1.28752e-06 
0.000111163 -5.99685e-07 -1.19167e-06 
0.000115318 -6.15403e-07 -1.11725e-06 
0.000119373 -6.30384e-07 -1.05971e-06 
0.000123358 -6.44728e-07 -1.0148e-06 
0.000127298 -6.58557e-07 -9.78902e-07 
0.000131208 -6.71912e-07 -9.49032e-07 
0.000135098 -6.84954e-07 -9.2286e-07 
0.000138975 -6.97881e-07 -8.98471e-07 
0.000142842 -7.10763e-07 -8.74379e-07 
0.000146701 -7.24001e-07 -8.49329e-07 
0.000150551 -7.37787e-07 -8.22481e-07 
0.000154389 -7.52283e-07 -7.92683e-07 
0.000158213 -7.68087e-07 -7.5971e-07 
0.00016202 -7.84968e-07 -7.22661e-07 
0.000165806 -8.03632e-07 -6.80908e-07 
0.000169566 -8.23848e-07 -6.34447e-07 
0.000173297 -8.46027e-07 -5.82856e-07 
0.000176994 -8.70152e-07 -5.25866e-07 
0.000180652 -8.96133e-07 -4.63496e-07 
0.000184266 -9.2411e-07 -3.95693e-07 
0.000187831 -9.5429e-07 -3.22378e-07 
0.000191343 -9.86473e-07 -2.43849e-07 
0.000194796 -1.02033e-06 -1.60223e-07 
0.000198187 -1.05609e-06 -7.17722e-08 
0.00020151 -1.09344e-06 2.13137e-08 
0.00020476 -1.13198e-06 1.18652e-07 
0.000207932 -1.1716e-06 2.19924e-07 
0.000211021 -1.21161e-06 3.24555e-07 
0.000214022 -1.25204e-06 4.32397e-07 
0.000216927 -1.29248e-06 5.42814e-07 
0.000219732 -1.33202e-06 6.55184e-07 
0.000222429 -1.37075e-06 7.69083e-07 
0.000225012 -1.40758e-06 8.83806e-07 
0.000227473 -1.44214e-06 9.99305e-07 
0.000229804 -1.47436e-06 1.1146e-06 
0.000231996 -1.50321e-06 1.22887e-06 
0.000234042 -1.52848e-06 1.34192e-06 
0.000235933 -1.54984e-06 1.45351e-06 
0.000237663 -1.5677e-06 1.56244e-06 
0.000239224 -1.58108e-06 1.6676e-06 
0.00024061 -1.58978e-06 1.76917e-06 
0.000241816 -1.59458e-06 1.8665e-06 
0.000242838 -1.59426e-06 1.9601e-06 
0.000243684 -1.59879e-06 2.03504e-06 
0.000244286 -1.53664e-06 2.2054e-06 
0.000244935 -1.81752e-06 1.79818e-06 
0.000245583 -7.96197e-07 3.30791e-06 
9.92472e-05 -4.78808e-07 -1.54307e-06 
0.000103691 -4.78307e-07 -1.43494e-06 
0.00010796 -4.86381e-07 -1.35515e-06 
0.000112093 -4.92007e-07 -1.29593e-06 
0.000116128 -4.96236e-07 -1.25522e-06 
0.000120095 -4.98817e-07 -1.22886e-06 
0.000124017 -4.99757e-07 -1.21317e-06 
0.000127911 -4.99142e-07 -1.20491e-06 
0.000131787 -4.97216e-07 -1.20126e-06 
0.000135649 -4.94259e-07 -1.19975e-06 
0.000139498 -4.9078e-07 -1.19824e-06 
0.000143335 -4.87332e-07 -1.19487e-06 
0.000147156 -4.84512e-07 -1.18821e-06 
0.000150956 -4.83034e-07 -1.17723e-06 
0.000154733 -4.83175e-07 -1.16104e-06 
0.00015848 -4.85365e-07 -1.13944e-06 
0.000162194 -4.89821e-07 -1.11183e-06 
0.000165871 -4.96688e-07 -1.07852e-06 
0.000169504 -5.05629e-07 -1.0392e-06 
0.00017309 -5.16924e-07 -9.93988e-07 
0.000176624 -5.30511e-07 -9.42701e-07 
0.0001801 -5.46302e-07 -8.85132e-07 
0.000183512 -5.64748e-07 -8.21472e-07 
0.000186857 -5.85559e-07 -7.51595e-07 
0.000190129 -6.09271e-07 -6.75614e-07 
0.000193324 -6.35681e-07 -5.93615e-07 
0.000196439 -6.64854e-07 -5.06081e-07 
0.00019947 -6.96626e-07 -4.13283e-07 
0.000202414 -7.30788e-07 -3.15653e-07 
0.000205268 -7.66963e-07 -2.13775e-07 
0.000208029 -8.04745e-07 -1.08091e-07 
0.000210692 -8.43831e-07 5.69565e-10 
0.000213256 -8.8363e-07 1.11568e-07 
0.000215717 -9.23713e-07 2.24236e-07 
0.00021807 -9.63205e-07 3.3787e-07 
0.000220313 -1.00197e-06 4.51803e-07 
0.000222441 -1.03883e-06 5.65567e-07 
0.000224447 -1.07352e-06 6.7817e-07 
0.000226327 -1.10528e-06 7.89587e-07 
0.000228074 -1.13412e-06 8.99018e-07 
0.000229683 -1.15951e-06 1.00564e-06 
0.000231148 -1.18055e-06 1.10893e-06 
0.000232464 -1.19793e-06 1.20856e-06 
0.000233627 -1.21128e-06 1.30414e-06 
0.000234632 -1.22058e-06 1.39442e-06 
0.000235475 -1.22374e-06 1.48133e-06 
0.000236163 -1.23205e-06 1.54959e-06 
0.000236623 -1.17131e-06 1.71351e-06 
0.000237149 -1.45208e-06 1.31237e-06 
0.000237709 -4.74784e-07 2.75145e-06 
0.000101119 -3.9825e-07 -1.58892e-06 
0.000105418 -3.89274e-07 -1.52175e-06 
0.000109591 -3.85609e-07 -1.48307e-06 
0.000113674 -3.77957e-07 -1.46289e-06 
0.000117695 -3.67708e-07 -1.45791e-06 
0.000121674 -3.55283e-07 -1.46328e-06 
0.000125628 -3.41522e-07 -1.47488e-06 
0.000129563 -3.27116e-07 -1.48907e-06 
0.000133483 -3.12867e-07 -1.50311e-06 
0.000137389 -2.99239e-07 -1.51503e-06 
0.000141279 -2.86421e-07 -1.52369e-06 
0.000145148 -2.74442e-07 -1.5287e-06 
0.000148992 -2.62858e-07 -1.52986e-06 
0.000152807 -2.5183e-07 -1.52772e-06 
0.000156585 -2.40628e-07 -1.52193e-06 
0.000160321 -2.29525e-07 -1.51223e-06 
0.000164009 -2.19048e-07 -1.49793e-06 
0.00016764 -2.09567e-07 -1.47801e-06 
0.000171206 -2.01886e-07 -1.45061e-06 
0.0001747 -1.97365e-07 -1.41475e-06 
0.000178113 -1.96707e-07 -1.36908e-06 
0.000181439 -2.00956e-07 -1.3129e-06 
0.00018467 -2.10525e-07 -1.24627e-06 
0.000187804 -2.2584e-07 -1.16937e-06 
0.000190837 -2.4678e-07 -1.08345e-06 
0.000193768 -2.72924e-07 -9.897e-07 
0.000196595 -3.03413e-07 -8.89614e-07 
0.000199321 -3.3761e-07 -7.84685e-07 
0.000201944 -3.74511e-07 -6.76251e-07 
0.000204466 -4.1321e-07 -5.65312e-07 
0.000206885 -4.5318e-07 -4.52771e-07 
0.000209203 -4.93803e-07 -3.39451e-07 
0.000211418 -5.34757e-07 -2.25903e-07 
0.00021353 -5.75747e-07 -1.12874e-07 
0.000215538 -6.1614e-07 -6.28285e-10 
0.00021744 -6.5552e-07 1.10294e-07 
0.000219234 -6.93435e-07 2.19967e-07 
0.000220917 -7.29504e-07 3.27797e-07 
0.000222486 -7.63205e-07 4.33761e-07 
0.000223936 -7.94268e-07 5.37035e-07 
0.000225264 -8.22007e-07 6.37624e-07 
0.000226466 -8.46643e-07 7.34984e-07 
0.000227538 -8.67121e-07 8.28755e-07 
0.000228476 -8.84237e-07 9.18209e-07 
0.000229281 -8.97531e-07 1.00246e-06 
0.000229947 -9.04661e-07 1.08383e-06 
0.00023048 -9.16587e-07 1.14629e-06 
0.00023079 -8.4819e-07 1.31681e-06 
0.000231161 -1.14153e-06 9.23974e-07 
0.000231569 -1.92964e-07 2.35034e-06 
0.000103451 -3.06507e-07 -1.70208e-06 
0.000107712 -2.89756e-07 -1.67575e-06 
0.000111893 -2.75688e-07 -1.67201e-06 
0.00011602 -2.58266e-07 -1.68002e-06 
0.00012011 -2.39725e-07 -1.69607e-06 
0.000124178 -2.21106e-07 -1.71718e-06 
0.000128233 -2.022e-07 -1.74224e-06 
0.000132282 -1.82184e-07 -1.77159e-06 
0.000136329 -1.59249e-07 -1.8065e-06 
0.000140375 -1.31383e-07 -1.84783e-06 
0.000144417 -9.68487e-08 -1.89495e-06 
0.000148445 -5.52689e-08 -1.94513e-06 
0.000152444 -7.96448e-09 -1.9931e-06 
0.000156394 4.17736e-08 -2.03233e-06 
0.000160274 8.85677e-08 -2.05593e-06 
0.000164065 1.28125e-07 -2.05814e-06 
0.00016775 1.55613e-07 -2.03579e-06 
0.000171319 1.68524e-07 -1.98851e-06 
0.000174767 1.66603e-07 -1.91892e-06 
0.000178097 1.51705e-07 -1.83288e-06 
0.000181312 1.27568e-07 -1.73695e-06 
0.000184421 9.88218e-08 -1.63829e-06 
0.000187429 6.99683e-08 -1.54298e-06 
0.000190343 4.44768e-08 -1.45568e-06 
0.000193165 2.53026e-08 -1.37832e-06 
0.000195893 1.28087e-08 -1.31038e-06 
0.000198525 6.18501e-09 -1.24959e-06 
0.000201055 3.62548e-09 -1.19219e-06 
0.000203473 2.45696e-09 -1.13327e-06 
0.000205774 -5.6868e-10 -1.06855e-06 
0.000207949 -7.96744e-09 -9.94142e-07 
0.000209992 -2.17843e-08 -9.06844e-07 
0.000211901 -4.45234e-08 -8.05653e-07 
0.000213674 -7.61528e-08 -6.89917e-07 
0.000215315 -1.1748e-07 -5.61889e-07 
0.000216829 -1.65745e-07 -4.22719e-07 
0.000218219 -2.20153e-07 -2.75009e-07 
0.00021949 -2.78358e-07 -1.21473e-07 
0.000220647 -3.38573e-07 3.48355e-08 
0.000221692 -3.98838e-07 1.90559e-07 
0.000222631 -4.57088e-07 3.42707e-07 
0.000223466 -5.10664e-07 4.89064e-07 
0.000224198 -5.59417e-07 6.27254e-07 
0.000224828 -6.01075e-07 7.55332e-07 
0.000225361 -6.37289e-07 8.70028e-07 
0.0002258 -6.64627e-07 9.70534e-07 
0.000226156 -6.90966e-07 1.04185e-06 
0.000226339 -6.25735e-07 1.20583e-06 
0.000226507 -8.6871e-07 8.5823e-07 
0.000226088 3.40307e-07 2.77692e-06 
0.000106364 -2.14819e-07 -1.85916e-06 
0.000110679 -1.95993e-07 -1.86834e-06 
0.000114965 -1.76338e-07 -1.89605e-06 
0.00011924 -1.50159e-07 -1.93893e-06 
0.00012352 -1.1717e-07 -1.9987e-06 
0.000127817 -7.48273e-08 -2.07638e-06 
0.000132137 -2.09091e-08 -2.17017e-06 
0.000136474 4.47947e-08 -2.27386e-06 
0.000140815 1.19115e-07 -2.37585e-06 
0.000145131 1.94612e-07 -2.46094e-06 
0.000149389 2.61723e-07 -2.51275e-06 
0.000153554 3.09589e-07 -2.51895e-06 
0.000157598 3.30619e-07 -2.47551e-06 
0.000161509 3.22616e-07 -2.39e-06 
0.000165294 2.91009e-07 -2.28084e-06 
0.000168979 2.47025e-07 -2.1753e-06 
0.000172603 2.09382e-07 -2.10275e-06 
0.000176203 1.96491e-07 -2.08752e-06 
0.000179804 2.24881e-07 -2.14167e-06 
0.000183405 3.0356e-07 -2.26122e-06 
0.000186976 4.30067e-07 -2.42466e-06 
0.00019046 5.90764e-07 -2.59818e-06 
0.00019378 7.63478e-07 -2.74023e-06 
0.000196856 9.20386e-07 -2.80909e-06 
0.000199611 1.03276e-06 -2.7682e-06 
0.000201984 1.07608e-06 -2.59217e-06 
0.000203938 1.03246e-06 -2.26884e-06 
0.000205459 8.91964e-07 -1.79897e-06 
0.000206558 6.53969e-07 -1.19544e-06 
0.000207262 3.26021e-07 -4.7915e-07 
0.000207613 -8.09755e-08 3.23983e-07 
0.000207665 -5.52128e-07 1.18353e-06 
0.00020747 -1.06669e-06 2.07369e-06 
0.000207093 -1.61453e-06 2.9625e-06 
0.000206588 -2.16995e-06 3.83093e-06 
0.000206009 -2.72543e-06 4.65818e-06 
0.000205401 -3.26247e-06 5.43127e-06 
0.000204798 -3.7734e-06 6.13982e-06 
0.000204229 -4.24878e-06 6.77744e-06 
0.000203714 -4.68274e-06 7.34113e-06 
0.000203268 -5.07219e-06 7.82978e-06 
0.0002029 -5.41392e-06 8.24509e-06 
0.000202611 -5.7066e-06 8.5893e-06 
0.000202404 -5.9533e-06 8.86274e-06 
0.00020228 -6.15081e-06 9.06739e-06 
0.000202241 -6.30112e-06 9.20855e-06 
0.000202297 -6.41681e-06 9.27753e-06 
0.000202509 -6.48342e-06 9.2702e-06 
0.000202934 -6.61695e-06 8.83606e-06 
0.000203473 -5.54296e-06 9.84472e-06 
0.00011002 -1.20409e-07 -2.09375e-06 
0.000114536 -8.68757e-08 -2.17446e-06 
0.000119104 -3.88128e-08 -2.28049e-06 
0.000123722 2.79119e-08 -2.40718e-06 
0.000128379 1.08954e-07 -2.54103e-06 
0.000133047 1.9619e-07 -2.65938e-06 
0.000137681 2.74837e-07 -2.73486e-06 
0.000142231 3.2706e-07 -2.74521e-06 
0.000146662 3.37521e-07 -2.68535e-06 
0.000150977 3.02292e-07 -2.57727e-06 
0.000155223 2.35588e-07 -2.47218e-06 
0.000159495 1.72988e-07 -2.44128e-06 
0.000163896 1.66097e-07 -2.55382e-06 
0.000168494 2.66366e-07 -2.8475e-06 
0.000173287 5.042e-07 -3.30977e-06 
0.00017817 8.76199e-07 -3.86802e-06 
0.000182948 1.33432e-06 -4.39564e-06 
0.000187361 1.79213e-06 -4.73913e-06 
0.000191132 2.14477e-06 -4.74585e-06 
0.000194007 2.28989e-06 -4.29421e-06 
0.000195787 2.14801e-06 -3.31394e-06 
0.000196351 1.67636e-06 -1.80029e-06 
0.00019567 8.67484e-07 1.89622e-07 
0.000193801 -2.44379e-07 2.54984e-06 
0.000190875 -1.59711e-06 5.14147e-06 
0.00018708 -3.11025e-06 7.81376e-06 
0.000182633 -4.69453e-06 1.0429e-05 
0.000177755 -6.26732e-06 1.2872e-05 
0.000172662 -7.76045e-06 1.50572e-05 
0.000167538 -9.11607e-06 1.69406e-05 
0.000162537 -1.03077e-05 1.84987e-05 
0.000157769 -1.1312e-05 1.97439e-05 
0.00015333 -1.21425e-05 2.06926e-05 
0.000149243 -1.27868e-05 2.13947e-05 
0.000145564 -1.33062e-05 2.18759e-05 
0.000142305 -1.36849e-05 2.21789e-05 
0.00013946 -1.39587e-05 2.2347e-05 
0.000137009 -1.41502e-05 2.24109e-05 
0.000134929 -1.42739e-05 2.24054e-05 
0.000133191 -1.4355e-05 2.23491e-05 
0.000131769 -1.43982e-05 2.22646e-05 
0.000130633 -1.44223e-05 2.21624e-05 
0.000129756 -1.44279e-05 2.20557e-05 
0.000129106 -1.4424e-05 2.19518e-05 
0.00012866 -1.44182e-05 2.18598e-05 
0.000128399 -1.44173e-05 2.1783e-05 
0.000128272 -1.43975e-05 2.17454e-05 
0.000128396 -1.45232e-05 2.16519e-05 
0.000128542 -1.43307e-05 2.18306e-05 
0.00013059 -1.55039e-05 2.10655e-05 
0.000114741 2.41562e-08 -2.49962e-06 
0.000119645 8.78718e-08 -2.65441e-06 
0.000124621 1.66716e-07 -2.78742e-06 
0.000129603 2.38957e-07 -2.86944e-06 
0.000134528 2.80529e-07 -2.87969e-06 
0.000139371 2.76282e-07 -2.8284e-06 
0.000144166 2.3084e-07 -2.77257e-06 
0.000149032 1.85195e-07 -2.81586e-06 
0.000154132 2.12403e-07 -3.07415e-06 
0.000159606 3.97371e-07 -3.62116e-06 
0.000165474 7.98362e-07 -4.43165e-06 
0.000171572 1.40435e-06 -5.34515e-06 
0.000177521 2.11253e-06 -6.07734e-06 
0.000182784 2.72931e-06 -6.27494e-06 
0.000186746 3.03559e-06 -5.60935e-06 
0.000188824 2.82558e-06 -3.85935e-06 
0.000188581 1.96921e-06 -9.843e-07 
0.000185819 4.47624e-07 2.84779e-06 
0.000180616 -1.63628e-06 7.29378e-06 
0.000173315 -4.08439e-06 1.19022e-05 
0.000164452 -6.63513e-06 1.62088e-05 
0.000154632 -9.01378e-06 1.98326e-05 
0.000144424 -1.10129e-05 2.25456e-05 
0.000134402 -1.25166e-05 2.42263e-05 
0.000124993 -1.34527e-05 2.49208e-05 
0.000116466 -1.3856e-05 2.47806e-05 
0.00010897 -1.38178e-05 2.4008e-05 
0.000102524 -1.34483e-05 2.28172e-05 
9.70759e-05 -1.2867e-05 2.13975e-05 
9.25277e-05 -1.21723e-05 1.99086e-05 
8.87534e-05 -1.14448e-05 1.84513e-05 
8.56499e-05 -1.07402e-05 1.70957e-05 
8.3083e-05 -1.00723e-05 1.58822e-05 
8.09933e-05 -9.49687e-06 1.48149e-05 
7.92518e-05 -8.94697e-06 1.39027e-05 
7.78275e-05 -8.5112e-06 1.31285e-05 
7.66823e-05 -8.12718e-06 1.2482e-05 
7.57605e-05 -7.79945e-06 1.19475e-05 
7.50291e-05 -7.52557e-06 1.15116e-05 
7.44555e-05 -7.2947e-06 1.11568e-05 
7.40205e-05 -7.10544e-06 1.08751e-05 
7.37018e-05 -6.94949e-06 1.06528e-05 
7.34868e-05 -6.82572e-06 1.04842e-05 
7.33579e-05 -6.7271e-06 1.03602e-05 
7.32995e-05 -6.65116e-06 1.02742e-05 
7.32946e-05 -6.59237e-06 1.02242e-05 
7.33155e-05 -6.54617e-06 1.02148e-05 
7.3336e-05 -6.5367e-06 1.02093e-05 
7.31746e-05 -6.31178e-06 1.05536e-05 
7.37201e-05 -7.53927e-06 9.58532e-06 
0.00012074 2.26654e-07 -2.94003e-06 
0.000125947 2.38379e-07 -3.00492e-06 
0.000131195 2.32323e-07 -3.00494e-06 
0.000136498 1.95229e-07 -3.02514e-06 
0.000142006 1.74866e-07 -3.2063e-06 
0.000147938 2.69136e-07 -3.69995e-06 
0.000154475 5.85182e-07 -4.57956e-06 
0.000161594 1.19584e-06 -5.73953e-06 
0.000168917 2.03155e-06 -6.8202e-06 
0.000175698 2.87029e-06 -7.26554e-06 
0.000180888 3.3638e-06 -6.454e-06 
0.000183343 3.1326e-06 -3.90946e-06 
0.000182118 1.90822e-06 4.778e-07 
0.000176767 -3.64156e-07 6.32822e-06 
0.00016754 -3.42106e-06 1.27843e-05 
0.00015524 -6.78334e-06 1.88218e-05 
0.000141116 -9.86431e-06 2.34655e-05 
0.000126544 -1.21569e-05 2.60949e-05 
0.000112744 -1.33729e-05 2.65928e-05 
0.000100558 -1.35018e-05 2.52882e-05 
9.0384e-05 -1.27608e-05 2.2781e-05 
8.22376e-05 -1.14914e-05 1.97143e-05 
7.58977e-05 -1.0027e-05 1.66117e-05 
7.09375e-05 -8.52481e-06 1.38194e-05 
6.69821e-05 -7.30034e-06 1.15302e-05 
6.38682e-05 -6.30819e-06 9.72941e-06 
6.13603e-05 -5.52424e-06 8.369e-06 
5.93212e-05 -4.9234e-06 7.35582e-06 
5.76494e-05 -4.45466e-06 6.60256e-06 
5.62746e-05 -4.08593e-06 6.03802e-06 
5.51444e-05 -3.79098e-06 5.6046e-06 
5.42196e-05 -3.54942e-06 5.26701e-06 
5.34773e-05 -3.35809e-06 4.99949e-06 
5.28698e-05 -3.1845e-06 4.78059e-06 
5.24103e-05 -3.06605e-06 4.59961e-06 
5.20118e-05 -2.93542e-06 4.45357e-06 
5.17186e-05 -2.84046e-06 4.33335e-06 
5.15017e-05 -2.76008e-06 4.2374e-06 
5.13453e-05 -2.69268e-06 4.16086e-06 
5.12401e-05 -2.63729e-06 4.10136e-06 
5.11778e-05 -2.59201e-06 4.05599e-06 
5.11516e-05 -2.55499e-06 4.02388e-06 
5.11551e-05 -2.52594e-06 4.00281e-06 
5.11838e-05 -2.50369e-06 3.99211e-06 
5.12307e-05 -2.4864e-06 3.99003e-06 
5.12888e-05 -2.47322e-06 3.99605e-06 
5.13437e-05 -2.4604e-06 4.00974e-06 
5.13564e-05 -2.43364e-06 4.03391e-06 
5.12149e-05 -2.36869e-06 4.1673e-06 
5.0912e-05 -2.62303e-06 3.77068e-06 
0.000127719 1.4874e-07 -3.05734e-06 
0.000133481 1.17394e-07 -3.31637e-06 
0.000139851 1.86155e-07 -3.85212e-06 
0.000147014 4.85148e-07 -4.83957e-06 
0.00015503 1.11244e-06 -6.18488e-06 
0.000163512 2.01412e-06 -7.42886e-06 
0.000171468 2.92238e-06 -7.77795e-06 
0.000177266 3.39432e-06 -6.27016e-06 
0.000179 2.81888e-06 -2.19506e-06 
0.000175218 8.90043e-07 4.34646e-06 
0.000165455 -2.33342e-06 1.23287e-05 
0.000150606 -6.23866e-06 1.99801e-05 
0.000132748 -9.81754e-06 2.53861e-05 
0.000114389 -1.21254e-05 2.738e-05 
9.74984e-05 -1.25964e-05 2.60822e-05 
8.35456e-05 -1.18353e-05 2.24337e-05 
7.31145e-05 -1.00893e-05 1.77373e-05 
6.55944e-05 -8.02566e-06 1.33089e-05 
6.01713e-05 -6.21857e-06 9.82631e-06 
5.61674e-05 -4.88613e-06 7.40107e-06 
5.31077e-05 -3.98137e-06 5.83869e-06 
5.06993e-05 -3.37251e-06 4.85936e-06 
4.8791e-05 -2.95257e-06 4.22795e-06 
4.72638e-05 -2.62089e-06 3.80979e-06 
4.61823e-05 -2.42328e-06 3.39454e-06 
4.53584e-05 -2.163e-06 3.09106e-06 
4.47036e-05 -1.94168e-06 2.83041e-06 
4.41511e-05 -1.76102e-06 2.60604e-06 
4.37008e-05 -1.6154e-06 2.41465e-06 
4.33372e-05 -1.49205e-06 2.25136e-06 
4.30434e-05 -1.38664e-06 2.11374e-06 
4.28073e-05 -1.29742e-06 1.99969e-06 
4.26174e-05 -1.22091e-06 1.90559e-06 
4.24692e-05 -1.15949e-06 1.83145e-06 
4.23468e-05 -1.09561e-06 1.76787e-06 
4.23235e-05 -1.11048e-06 1.69696e-06 
4.23162e-05 -1.04244e-06 1.67216e-06 
4.23003e-05 -1.01678e-06 1.64263e-06 
4.23012e-05 -9.95944e-07 1.62333e-06 
4.23149e-05 -9.80487e-07 1.6105e-06 
4.23391e-05 -9.69132e-07 1.60366e-06 
4.23721e-05 -9.61773e-07 1.60189e-06 
4.24115e-05 -9.57209e-07 1.60411e-06 
4.24557e-05 -9.55193e-07 1.60996e-06 
4.25027e-05 -9.55137e-07 1.61881e-06 
4.25498e-05 -9.55973e-07 1.62986e-06 
4.25921e-05 -9.56251e-07 1.64306e-06 
4.26135e-05 -9.48403e-07 1.65991e-06 
4.25542e-05 -9.17256e-07 1.69984e-06 
4.21532e-05 -7.16236e-07 1.71377e-06 
0.000137585 3.11638e-07 -4.69712e-06 
0.000146039 8.5441e-07 -6.18638e-06 
0.000155504 1.73138e-06 -7.78082e-06 
0.000165013 2.78474e-06 -8.6114e-06 
0.000172529 3.52204e-06 -7.34365e-06 
0.000175314 3.15125e-06 -2.80428e-06 
0.000170959 1.11979e-06 5.11159e-06 
0.000158428 -2.59737e-06 1.49987e-05 
0.000139467 -7.28108e-06 2.37376e-05 
0.000117644 -1.08544e-05 2.83463e-05 
9.65166e-05 -1.25127e-05 2.79099e-05 
7.95861e-05 -1.19187e-05 2.3172e-05 
6.75748e-05 -9.54169e-06 1.67391e-05 
5.9379e-05 -6.80297e-06 1.11348e-05 
5.38616e-05 -4.69809e-06 7.32191e-06 
5.04394e-05 -3.5018e-06 4.68019e-06 
4.80385e-05 -2.55823e-06 3.3349e-06 
4.61257e-05 -1.97927e-06 2.69508e-06 
4.4594e-05 -1.61006e-06 2.29182e-06 
4.34081e-05 -1.33657e-06 1.94692e-06 
4.25079e-05 -1.11501e-06 1.63304e-06 
4.18314e-05 -9.29219e-07 1.35252e-06 
4.13207e-05 -7.70037e-07 1.10981e-06 
4.09195e-05 -6.2805e-07 9.13322e-07 
4.0609e-05 -5.31633e-07 7.73417e-07 
4.03751e-05 -4.54688e-07 6.6225e-07 
4.01869e-05 -3.88645e-07 5.75536e-07 
4.00934e-05 -3.75068e-07 4.78604e-07 
4.00549e-05 -3.26668e-07 4.12622e-07 
4.00294e-05 -2.83393e-07 3.62076e-07 
4.00111e-05 -2.48942e-07 3.23409e-07 
3.9998e-05 -2.21416e-07 2.94115e-07 
3.9989e-05 -1.99539e-07 2.72524e-07 
3.99828e-05 -1.81984e-07 2.57076e-07 
3.99795e-05 -1.69189e-07 2.47475e-07 
3.9976e-05 -1.56235e-07 2.45272e-07 
3.99794e-05 -1.51051e-07 2.50901e-07 
3.99798e-05 -1.48814e-07 2.52766e-07 
3.99829e-05 -1.45994e-07 2.58422e-07 
3.99872e-05 -1.44793e-07 2.65697e-07 
3.99927e-05 -1.44891e-07 2.74632e-07 
3.9999e-05 -1.46105e-07 2.8469e-07 
4.00063e-05 -1.48264e-07 2.95706e-07 
4.00141e-05 -1.51204e-07 3.07255e-07 
4.00223e-05 -1.54723e-07 3.19051e-07 
4.00306e-05 -1.5862e-07 3.30694e-07 
4.00384e-05 -1.62575e-07 3.41509e-07 
4.00438e-05 -1.65606e-07 3.50022e-07 
4.00408e-05 -1.69791e-07 3.50378e-07 
3.99436e-05 -8.85401e-08 3.40874e-07 
0.000154103 2.02939e-06 -8.39215e-06 
0.000164113 2.80958e-06 -8.2218e-06 
0.000170249 3.06399e-06 -4.82247e-06 
0.000169007 1.64336e-06 2.9374e-06 
0.000158111 -1.8617e-06 1.38518e-05 
0.000138516 -6.79517e-06 2.41789e-05 
0.000114691 -1.07432e-05 2.92726e-05 
9.16386e-05 -1.2081e-05 2.74827e-05 
7.35898e-05 -1.03723e-05 2.03226e-05 
6.12512e-05 -0.000266098 0.000483845 
5.37251e-05 -4.10721e-06 6.56488e-06 
4.92596e-05 -2.24213e-06 3.1103e-06 
4.61703e-05 -1.36449e-06 1.97124e-06 
4.39517e-05 -9.9435e-07 1.6863e-06 
4.22909e-05 -7.77273e-07 1.40739e-06 
4.11524e-05 -6.60511e-07 1.18773e-06 
4.04426e-05 -5.48158e-07 9.72749e-07 
4.01395e-05 -4.86682e-07 6.72188e-07 
4.00388e-05 -3.57191e-07 4.09726e-07 
3.99924e-05 -2.21566e-07 2.27945e-07 
3.99684e-05 -1.27745e-07 1.06004e-07 
3.99566e-05 -6.50532e-08 2.90013e-08 
3.99511e-05 -2.50776e-08 -1.71008e-08 
3.99499e-05 -1.18976e-09 -4.35295e-08 
3.99504e-05 1.42104e-08 -6.05734e-08 
3.99507e-05 2.34186e-08 -6.97073e-08 
3.99508e-05 2.83615e-08 -7.40568e-08 
3.9947e-05 3.24508e-08 -7.23982e-08 
3.99439e-05 3.10881e-08 -6.26107e-08 
3.99411e-05 2.74414e-08 -5.41623e-08 
3.99388e-05 2.41601e-08 -4.74484e-08 
3.99371e-05 2.15307e-08 -4.19896e-08 
3.99357e-05 1.94445e-08 -3.75874e-08 
3.99346e-05 1.78029e-08 -3.40597e-08 
3.99337e-05 1.65858e-08 -3.12781e-08 
3.99331e-05 1.56439e-08 -2.92849e-08 
3.99326e-05 1.49547e-08 -2.77446e-08 
3.99322e-05 1.48695e-08 -2.6711e-08 
3.9932e-05 1.48178e-08 -2.56661e-08 
3.99317e-05 1.4854e-08 -2.48453e-08 
3.99315e-05 1.50148e-08 -2.4147e-08 
3.99314e-05 1.52769e-08 -2.35617e-08 
3.99313e-05 1.56153e-08 -2.30547e-08 
3.99313e-05 1.60197e-08 -2.26171e-08 
3.99313e-05 1.64696e-08 -2.22376e-08 
3.99314e-05 1.69532e-08 -2.19229e-08 
3.99315e-05 1.74594e-08 -2.16909e-08 
3.99317e-05 1.79518e-08 -2.1615e-08 
3.99322e-05 1.8181e-08 -2.17716e-08 
3.9932e-05 1.46713e-08 -2.59985e-08 
0.000168021 3.0123e-06 -3.18811e-06 
0.000163348 1.06547e-06 6.47515e-06 
0.000147222 -3.35774e-06 1.89436e-05 
0.000123429 -8.15965e-06 2.71323e-05 
9.73925e-05 -1.02384e-05 2.72985e-05 
7.53901e-05 -0.000675577 0.00153279 
6.05124e-05 -0.000908286 0.00190092 
5.15908e-05 -0.000248135 0.000471238 
4.65481e-05 -1.24746e-06 2.02908e-06 
4.35231e-05 -8.39613e-07 1.78884e-06 
4.15251e-05 -7.01657e-07 1.50137e-06 
4.03917e-05 -6.26727e-07 1.23145e-06 
4.01029e-05 -5.50615e-07 7.10953e-07 
4.0014e-05 -2.75142e-07 3.09559e-07 
3.99764e-05 -8.83705e-08 4.06095e-08 
3.99647e-05 2.48369e-08 -1.0971e-07 
3.99576e-05 7.73216e-08 -1.67062e-07 
3.99462e-05 8.60088e-08 -1.52976e-07 
3.99377e-05 6.76773e-08 -1.05155e-07 
3.99324e-05 4.43982e-08 -6.35637e-08 
3.99287e-05 2.67993e-08 -3.56467e-08 
3.99266e-05 1.51239e-08 -1.75971e-08 
3.99254e-05 7.74777e-09 -6.54607e-09 
3.99246e-05 3.28979e-09 -4.13816e-11 
3.99242e-05 6.31805e-10 3.79001e-09 
3.9924e-05 -9.77305e-10 5.92601e-09 
3.99241e-05 -1.85887e-09 6.93172e-09 
3.99245e-05 -2.29844e-09 6.90866e-09 
3.9925e-05 -2.4563e-09 6.13927e-09 
3.99255e-05 -2.20767e-09 5.17215e-09 
3.99259e-05 -1.88851e-09 4.37817e-09 
3.99262e-05 -1.63008e-09 3.74873e-09 
3.99265e-05 -1.4297e-09 3.24299e-09 
3.99267e-05 -1.27384e-09 2.83823e-09 
3.99268e-05 -1.15678e-09 2.51444e-09 
3.99269e-05 -1.06537e-09 2.26366e-09 
3.9927e-05 -9.94871e-10 2.06563e-09 
3.99271e-05 -9.51459e-10 1.91679e-09 
3.99272e-05 -9.40678e-10 1.78483e-09 
3.99272e-05 -9.31135e-10 1.66974e-09 
3.99272e-05 -9.28796e-10 1.56993e-09 
3.99273e-05 -9.32737e-10 1.48227e-09 
3.99273e-05 -9.41853e-10 1.40537e-09 
3.99273e-05 -9.54966e-10 1.33749e-09 
3.99273e-05 -9.7098e-10 1.27808e-09 
3.99273e-05 -9.89399e-10 1.22758e-09 
3.99273e-05 -1.01034e-09 1.18775e-09 
3.99273e-05 -1.03115e-09 1.16535e-09 
3.99273e-05 -1.09205e-09 1.17096e-09 
3.99274e-05 -9.27113e-10 1.43587e-09 
0.000141287 -5.5736e-06 2.17513e-05 
0.000114251 -8.36162e-06 2.80393e-05 
8.64948e-05 -0.000286461 0.000787869 
6.60252e-05 -0.0013461 0.0031911 
5.33796e-05 -0.000713682 0.00165427 
4.63785e-05 -0.000202847 0.000433714 
4.27793e-05 -4.15335e-05 9.17644e-05 
4.0787e-05 -7.69215e-07 1.63899e-06 
4.01691e-05 -5.97322e-07 7.75873e-07 
4.00036e-05 -1.93708e-07 1.88723e-07 
3.99402e-05 3.79077e-08 -1.45601e-07 
3.99228e-05 1.31538e-07 -2.52591e-07 
3.99174e-05 1.16466e-07 -1.8237e-07 
3.99164e-05 6.32898e-08 -8.17944e-08 
3.99141e-05 2.27217e-08 -1.87625e-08 
3.99138e-05 -5.40868e-10 1.53784e-08 
3.99156e-05 -1.10533e-08 2.76656e-08 
3.99188e-05 -1.26611e-08 2.55011e-08 
3.99221e-05 -1.02797e-08 1.80144e-08 
3.99244e-05 -6.93907e-09 1.11103e-08 
3.99259e-05 -4.22587e-09 6.34445e-09 
3.99269e-05 -2.4446e-09 3.37053e-09 
3.99274e-05 -1.34573e-09 1.58905e-09 
3.99277e-05 -6.91807e-10 5.62136e-10 
3.99279e-05 -3.12741e-10 -1.6737e-11 
3.9928e-05 -9.17146e-11 -3.29963e-10 
3.9928e-05 2.90832e-11 -4.75938e-10 
3.9928e-05 9.28146e-11 -5.05808e-10 
3.99279e-05 1.23606e-10 -4.63649e-10 
3.99278e-05 1.2034e-10 -3.82024e-10 
3.99278e-05 9.86015e-11 -3.05697e-10 
3.99277e-05 7.71865e-11 -2.45849e-10 
3.99277e-05 6.08117e-11 -1.99287e-10 
3.99277e-05 4.83625e-11 -1.62735e-10 
3.99277e-05 3.90133e-11 -1.3385e-10 
3.99277e-05 3.14915e-11 -1.10975e-10 
3.99276e-05 2.5821e-11 -9.31365e-11 
3.99276e-05 2.10556e-11 -7.84489e-11 
3.99276e-05 1.8664e-11 -6.66278e-11 
3.99276e-05 1.66402e-11 -5.59556e-11 
3.99276e-05 1.47375e-11 -4.6554e-11 
3.99276e-05 1.30698e-11 -3.81493e-11 
3.99276e-05 1.15924e-11 -3.06336e-11 
3.99276e-05 1.02382e-11 -2.38658e-11 
3.99276e-05 8.98758e-12 -1.78011e-11 
3.99276e-05 7.84122e-12 -1.24335e-11 
3.99276e-05 6.84499e-12 -7.85176e-12 
3.99276e-05 5.94038e-12 -4.5921e-12 
3.99276e-05 1.25753e-11 -1.54631e-12 
3.99276e-05 -3.12813e-11 -6.80675e-12 
8.01553e-05 -0.000225788 0.00071658 
6.07476e-05 -0.00121001 0.00303472 
4.91476e-05 -0.000484567 0.00135098 
4.36936e-05 -0.000197023 0.000463805 
4.10399e-05 -8.88011e-06 1.97919e-05 
4.01386e-05 -5.60978e-07 7.0342e-07 
3.98915e-05 -6.99876e-08 -2.55622e-08 
3.98504e-05 1.39505e-07 -2.96919e-07 
3.98729e-05 1.30008e-07 -2.03638e-07 
3.98969e-05 4.55116e-08 -4.93217e-08 
3.99088e-05 -7.57598e-09 2.82484e-08 
3.99174e-05 -2.57881e-08 5.02986e-08 
3.99236e-05 -2.18945e-08 3.605e-08 
3.99276e-05 -1.25196e-08 1.70094e-08 
3.99297e-05 -4.77103e-09 4.45072e-09 
3.99304e-05 -4.44872e-10 -1.86372e-09 
3.99302e-05 1.41821e-09 -4.03331e-09 
3.99295e-05 1.774e-09 -3.80289e-09 
3.99288e-05 1.4798e-09 -2.75113e-09 
3.99283e-05 1.01766e-09 -1.71126e-09 
3.9928e-05 6.21169e-10 -9.74034e-10 
3.99278e-05 3.55719e-10 -5.22568e-10 
3.99277e-05 1.96112e-10 -2.61354e-10 
3.99276e-05 1.04112e-10 -1.1565e-10 
3.99276e-05 5.25052e-11 -3.68426e-11 
3.99275e-05 2.38916e-11 4.0361e-12 
3.99275e-05 8.53205e-12 2.28932e-11 
3.99275e-05 5.80427e-13 2.89346e-11 
3.99275e-05 -3.16981e-12 2.74739e-11 
3.99275e-05 -4.31049e-12 2.202e-11 
3.99276e-05 -3.30315e-12 1.59666e-11 
3.99276e-05 -1.77141e-12 1.10804e-11 
3.99276e-05 -5.18925e-13 7.43518e-12 
3.99276e-05 3.96151e-13 4.71877e-12 
3.99276e-05 1.05321e-12 2.66569e-12 
3.99276e-05 1.55833e-12 1.07828e-12 
3.99276e-05 1.94418e-12 -1.14384e-13 
3.99276e-05 2.27106e-12 -1.10072e-12 
3.99276e-05 2.51749e-12 -1.86672e-12 
3.99276e-05 2.70001e-12 -2.54189e-12 
3.99276e-05 2.90461e-12 -3.12683e-12 
3.99276e-05 3.10926e-12 -3.64225e-12 
3.99276e-05 3.31368e-12 -4.09837e-12 
3.99276e-05 3.52154e-12 -4.5016e-12 
3.99276e-05 3.73134e-12 -4.85768e-12 
3.99276e-05 3.94114e-12 -5.16876e-12 
3.99276e-05 4.14613e-12 -5.43592e-12 
3.99276e-05 4.33486e-12 -5.6484e-12 
3.99276e-05 4.11466e-12 -5.96486e-12 
3.99276e-05 7.87147e-12 -7.51561e-12 
4.62296e-05 -1.81431e-06 4.3049e-06 
4.24086e-05 -9.47673e-05 0.000222881 
4.04762e-05 -7.57119e-07 1.36616e-06 
3.98811e-05 -2.50407e-07 2.0438e-07 
3.97941e-05 9.97221e-08 -2.88343e-07 
3.98569e-05 1.20174e-07 -2.04545e-07 
3.99113e-05 2.26322e-08 -1.52621e-08 
3.99314e-05 -2.65629e-08 5.48106e-08 
3.99353e-05 -2.38055e-08 3.87771e-08 
3.99348e-05 -8.28271e-09 9.1069e-09 
3.9933e-05 2.01345e-09 -6.32928e-09 
3.99309e-05 5.10139e-09 -9.68121e-09 
3.9929e-05 4.15422e-09 -6.82423e-09 
3.99279e-05 2.36013e-09 -3.29553e-09 
3.99273e-05 9.2953e-10 -9.27003e-10 
3.99271e-05 1.39604e-10 2.04811e-10 
3.99271e-05 -1.82888e-10 5.69414e-10 
3.99272e-05 -2.4878e-10 5.4576e-10 
3.99274e-05 -2.09354e-10 3.96572e-10 
3.99274e-05 -1.44997e-10 2.47173e-10 
3.99275e-05 -8.85703e-11 1.39564e-10 
3.99275e-05 -5.00161e-11 7.40998e-11 
3.99276e-05 -2.70856e-11 3.7398e-11 
3.99276e-05 -1.42485e-11 1.76499e-11 
3.99276e-05 -7.27327e-12 7.36136e-12 
3.99276e-05 -3.55425e-12 2.21174e-12 
3.99276e-05 -1.6142e-12 -1.48682e-13 
3.99276e-05 -6.50188e-13 -1.02314e-12 
3.99276e-05 -1.99674e-13 -1.12952e-12 
3.99276e-05 -1.04163e-14 -8.65687e-13 
3.99276e-05 -1.41149e-14 -4.68342e-13 
3.99276e-05 -1.05917e-13 -1.32444e-13 
3.99276e-05 -1.94182e-13 1.06336e-13 
3.99276e-05 -2.57052e-13 2.6764e-13 
3.99276e-05 -2.98747e-13 3.7578e-13 
3.99276e-05 -3.26773e-13 4.49533e-13 
3.99276e-05 -3.47414e-13 4.97506e-13 
3.99276e-05 -3.62565e-13 5.31225e-13 
3.99276e-05 -3.76449e-13 5.53876e-13 
3.99276e-05 -3.85734e-13 5.68934e-13 
3.99276e-05 -3.97199e-13 5.79411e-13 
3.99276e-05 -4.10122e-13 5.84713e-13 
3.99276e-05 -4.2296e-13 5.86121e-13 
3.99276e-05 -4.35967e-13 5.83956e-13 
3.99276e-05 -4.49165e-13 5.78612e-13 
3.99276e-05 -4.62267e-13 5.70574e-13 
3.99276e-05 -4.75122e-13 5.60592e-13 
3.99276e-05 -4.85428e-13 5.5184e-13 
3.99276e-05 -5.21807e-13 5.43636e-13 
3.99276e-05 -5.0624e-13 7.02915e-13 
3.99477e-05 -5.93286e-08 2.92558e-07 
3.97086e-05 3.10988e-09 -9.30922e-08 
3.97519e-05 9.58785e-08 -2.79883e-07 
3.98903e-05 5.32057e-08 -1.07509e-07 
3.99474e-05 -7.84159e-09 3.39079e-08 
3.99419e-05 -1.57483e-08 3.61039e-08 
3.993e-05 -3.58187e-09 4.78152e-09 
3.99258e-05 3.46855e-09 -8.64985e-09 
3.9926e-05 3.10664e-09 -6.26809e-09 
3.99269e-05 9.8793e-10 -1.34857e-09 
3.99274e-05 -3.99935e-10 1.26315e-09 
3.99276e-05 -7.62461e-10 1.69425e-09 
3.99276e-05 -5.91108e-10 1.15754e-09 
3.99276e-05 -3.27287e-10 5.58054e-10 
3.99276e-05 -1.30167e-10 1.66979e-10 
3.99276e-05 -2.29541e-11 -1.62925e-11 
3.99276e-05 1.95063e-11 -7.31633e-11 
3.99276e-05 2.83394e-11 -7.16524e-11 
3.99276e-05 2.40364e-11 -5.22524e-11 
3.99276e-05 1.67482e-11 -3.27037e-11 
3.99276e-05 1.03055e-11 -1.84223e-11 
3.99276e-05 5.80632e-12 -9.67586e-12 
3.99276e-05 3.10506e-12 -4.85253e-12 
3.99276e-05 1.61099e-12 -2.32714e-12 
3.99276e-05 8.15839e-13 -1.04997e-12 
3.99276e-05 4.01813e-13 -4.26701e-13 
3.99276e-05 1.9065e-13 -1.41746e-13 
3.99276e-05 8.75659e-14 -2.83901e-14 
3.99276e-05 3.99923e-14 3.79467e-15 
3.99276e-05 1.9107e-14 3.35411e-16 
3.99276e-05 1.33114e-14 -1.8494e-14 
3.99276e-05 1.69947e-14 -3.73097e-14 
3.99276e-05 2.23355e-14 -4.96207e-14 
3.99276e-05 2.61127e-14 -5.61912e-14 
3.99276e-05 2.82933e-14 -5.89119e-14 
3.99276e-05 2.93919e-14 -5.93188e-14 
3.99276e-05 2.99194e-14 -5.82593e-14 
3.99276e-05 3.00786e-14 -5.63926e-14 
3.99276e-05 3.02073e-14 -5.42144e-14 
3.99276e-05 3.01044e-14 -5.15413e-14 
3.99276e-05 3.00335e-14 -4.8755e-14 
3.99276e-05 3.01455e-14 -4.57022e-14 
3.99276e-05 3.02491e-14 -4.24235e-14 
3.99276e-05 3.02948e-14 -3.89403e-14 
3.99276e-05 3.03019e-14 -3.52923e-14 
3.99276e-05 3.02569e-14 -3.15295e-14 
3.99276e-05 3.01772e-14 -2.77511e-14 
3.99276e-05 2.98308e-14 -2.43968e-14 
3.99276e-05 3.36056e-14 -2.11828e-14 
3.99276e-05 8.83997e-15 -1.3706e-14 
9.47502e-05 -4.33996e-06 -3.49849e-06 
0.00010487 -5.62982e-06 2.68141e-06 
0.000122575 -3.68591e-06 3.56654e-06 
0.000138572 -2.78274e-06 4.76217e-06 
0.000153734 -1.71256e-06 5.92828e-06 
0.000168253 -8.22222e-07 7.09967e-06 
0.000182445 -3.28416e-09 8.29849e-06 
0.000196542 7.57198e-07 9.54003e-06 
0.000210762 1.481e-06 1.08483e-05 
0.00022525 2.21216e-06 1.22333e-05 
0.000240083 2.9694e-06 1.36991e-05 
0.000255346 3.75023e-06 1.52539e-05 
0.000271093 4.57671e-06 1.69063e-05 
0.000287364 5.45379e-06 1.866e-05 
0.000304173 6.3957e-06 2.05169e-05 
0.000321521 7.40237e-06 2.24747e-05 
0.000339417 8.47316e-06 2.45383e-05 
0.000357846 9.6201e-06 2.66999e-05 
0.000376799 1.083e-05 2.8962e-05 
0.000396269 1.21139e-05 3.13287e-05 
0.000416201 1.3486e-05 3.3782e-05 
0.000436553 1.49235e-05 3.63168e-05 
0.000457316 1.64174e-05 3.89392e-05 
0.000478442 1.79966e-05 4.1636e-05 
0.000499852 1.96412e-05 4.43865e-05 
0.0005215 2.13417e-05 4.72012e-05 
0.000543334 2.31017e-05 5.00491e-05 
0.000565271 2.4915e-05 5.29366e-05 
0.000587259 2.67687e-05 5.58327e-05 
0.000609216 2.86654e-05 5.87519e-05 
0.000631037 3.06102e-05 6.16462e-05 
0.000652648 3.25608e-05 6.45211e-05 
0.000673986 3.45314e-05 6.73617e-05 
0.000694905 3.65288e-05 7.01593e-05 
0.000715332 3.85232e-05 7.28751e-05 
0.000735173 4.04984e-05 7.55171e-05 
0.000754345 4.24632e-05 7.80522e-05 
0.000772712 4.44038e-05 8.04776e-05 
0.000790211 4.63016e-05 8.27763e-05 
0.000806699 4.81727e-05 8.49281e-05 
0.000822085 4.99771e-05 8.69389e-05 
0.000836336 5.17175e-05 8.87519e-05 
0.000849303 5.33849e-05 9.03892e-05 
0.000860888 5.49735e-05 9.18521e-05 
0.000871099 5.64635e-05 9.30695e-05 
0.000879774 5.78554e-05 9.40821e-05 
0.000886931 5.91191e-05 9.48558e-05 
0.000892511 6.02429e-05 9.54064e-05 
0.000896242 6.1448e-05 9.57115e-05 
0.000898589 6.18898e-05 9.5464e-05 
0.000901669 6.21973e-05 0.000101188 
9.76914e-05 -5.62123e-06 1.21516e-06 
0.000112082 -3.6525e-06 1.75572e-06 
0.000124645 -2.82221e-06 2.29791e-06 
0.000136145 -2.1857e-06 2.83592e-06 
0.000147015 -1.66247e-06 3.38288e-06 
0.000157499 -1.20579e-06 3.93465e-06 
0.000167789 -8.03945e-07 4.49807e-06 
0.000178036 -4.37403e-07 5.08264e-06 
0.000188341 -8.41899e-08 5.69239e-06 
0.000198772 2.67192e-07 6.32565e-06 
0.000209382 6.17549e-07 6.99049e-06 
0.000220208 9.81528e-07 7.68642e-06 
0.000231269 1.36093e-06 8.41661e-06 
0.000242578 1.76138e-06 9.17903e-06 
0.000254134 2.18443e-06 9.97547e-06 
0.000265943 2.63027e-06 1.08046e-05 
0.000277998 3.10121e-06 1.16658e-05 
0.000290291 3.59751e-06 1.25614e-05 
0.000302815 4.1224e-06 1.34857e-05 
0.000315539 4.67688e-06 1.44368e-05 
0.00032845 5.25434e-06 1.54127e-05 
0.000341536 5.85488e-06 1.64131e-05 
0.000354761 6.48697e-06 1.7437e-05 
0.000368103 7.14231e-06 1.8478e-05 
0.00038153 7.82377e-06 1.95289e-05 
0.000395017 8.51685e-06 2.05924e-05 
0.000408517 9.24525e-06 2.16628e-05 
0.000422007 9.97813e-06 2.27418e-05 
0.000435443 1.07439e-05 2.38151e-05 
0.000448767 1.15199e-05 2.48848e-05 
0.000461955 1.23063e-05 2.59431e-05 
0.000474951 1.3108e-05 2.69992e-05 
0.000487694 1.39341e-05 2.80172e-05 
0.000500126 1.47449e-05 2.90172e-05 
0.000512208 1.55714e-05 2.99927e-05 
0.000523891 1.63937e-05 3.09402e-05 
0.000535116 1.72259e-05 3.18381e-05 
0.000545806 1.80476e-05 3.2708e-05 
0.000555922 1.88715e-05 3.35151e-05 
0.000565375 1.9682e-05 3.4264e-05 
0.000574169 2.04467e-05 3.49668e-05 
0.000582228 2.12315e-05 3.56115e-05 
0.000589477 2.19909e-05 3.61609e-05 
0.000595897 2.26847e-05 3.66748e-05 
0.000601476 2.33893e-05 3.7091e-05 
0.000606162 2.40228e-05 3.74405e-05 
0.000609956 2.46243e-05 3.77024e-05 
0.00061257 2.53458e-05 3.78699e-05 
0.000614872 2.51836e-05 3.79216e-05 
0.000614472 2.87186e-05 3.78067e-05 
9.54812e-05 -4.01712e-06 4.7782e-07 
0.000106844 -3.27645e-06 9.29248e-07 
0.000117326 -2.67507e-06 1.36056e-06 
0.000126911 -2.1382e-06 1.7431e-06 
0.000135881 -1.7212e-06 2.10937e-06 
0.000144458 -1.37787e-06 2.472e-06 
0.000152812 -1.08544e-06 2.8386e-06 
0.000161064 -8.25261e-07 3.21452e-06 
0.000169297 -5.81717e-07 3.6019e-06 
0.00017757 -3.47642e-07 4.0042e-06 
0.000185925 -1.15594e-07 4.42265e-06 
0.000194388 1.20764e-07 4.85985e-06 
0.000202976 3.64528e-07 5.31381e-06 
0.000211697 6.16711e-07 5.78668e-06 
0.000220553 8.82359e-07 6.27727e-06 
0.000229547 1.15723e-06 6.78552e-06 
0.000238676 1.4457e-06 7.31107e-06 
0.000247932 1.74853e-06 7.8528e-06 
0.00025731 2.06242e-06 8.41086e-06 
0.000266797 2.3928e-06 8.98133e-06 
0.000276382 2.7332e-06 9.56429e-06 
0.000286055 3.08653e-06 1.01616e-05 
0.000295796 3.45581e-06 1.07636e-05 
0.000305584 3.83364e-06 1.13752e-05 
0.000315408 4.2229e-06 1.19947e-05 
0.000325253 4.62058e-06 1.26188e-05 
0.000335086 5.03665e-06 1.32419e-05 
0.000344885 5.45408e-06 1.38669e-05 
0.000354626 5.88453e-06 1.44909e-05 
0.000364278 6.32463e-06 1.51075e-05 
0.000373816 6.76576e-06 1.57209e-05 
0.0003832 7.22512e-06 1.63221e-05 
0.000392398 7.67958e-06 1.69137e-05 
0.000401381 8.14364e-06 1.74897e-05 
0.000410102 8.61342e-06 1.80454e-05 
0.000418519 9.08232e-06 1.85854e-05 
0.000426614 9.54839e-06 1.91039e-05 
0.000434329 1.00261e-05 1.95887e-05 
0.000441619 1.04891e-05 2.00549e-05 
0.000448464 1.09561e-05 2.0484e-05 
0.000454826 1.14057e-05 2.08878e-05 
0.00046066 1.18656e-05 2.12488e-05 
0.000465935 1.22973e-05 2.15787e-05 
0.000470626 1.27303e-05 2.18615e-05 
0.000474714 1.31291e-05 2.21036e-05 
0.000478185 1.35183e-05 2.23083e-05 
0.000481048 1.38682e-05 2.24578e-05 
0.000483047 1.4356e-05 2.25537e-05 
0.000485193 1.39909e-05 2.25639e-05 
0.000484569 1.70894e-05 2.28249e-05 
9.47302e-05 -3.34345e-06 1.21773e-07 
0.000104208 -2.91674e-06 4.97086e-07 
0.000113065 -2.46434e-06 8.18767e-07 
0.000121236 -2.04944e-06 1.10288e-06 
0.000128889 -1.71659e-06 1.37075e-06 
0.000136183 -1.44388e-06 1.63002e-06 
0.000143253 -1.21601e-06 1.88699e-06 
0.000150198 -1.01744e-06 2.14656e-06 
0.00015709 -8.37072e-07 2.41094e-06 
0.000163976 -6.66684e-07 2.68247e-06 
0.000170891 -5.0113e-07 2.96327e-06 
0.000177857 -3.34657e-07 3.25231e-06 
0.000184887 -1.67576e-07 3.55145e-06 
0.000191989 5.18779e-09 3.86083e-06 
0.000199168 1.83987e-07 4.1787e-06 
0.000206425 3.66962e-07 4.50618e-06 
0.00021376 5.57983e-07 4.84307e-06 
0.000221166 7.57072e-07 5.18827e-06 
0.000228642 9.62145e-07 5.54147e-06 
0.000236182 1.17499e-06 5.90114e-06 
0.000243776 1.39534e-06 6.26909e-06 
0.000251417 1.62433e-06 6.64078e-06 
0.000259093 1.85897e-06 7.02029e-06 
0.000266796 2.1032e-06 7.40078e-06 
0.000274508 2.35293e-06 7.78388e-06 
0.00028222 2.60775e-06 8.17229e-06 
0.000289917 2.87354e-06 8.55999e-06 
0.000297578 3.14379e-06 8.94774e-06 
0.000305183 3.42261e-06 9.33444e-06 
0.000312717 3.70498e-06 9.71679e-06 
0.000320153 3.99511e-06 1.00979e-05 
0.000327468 4.29302e-06 1.04702e-05 
0.000334636 4.59208e-06 1.08365e-05 
0.000341634 4.89709e-06 1.11949e-05 
0.00034843 5.20854e-06 1.15441e-05 
0.000354993 5.52429e-06 1.1877e-05 
0.000361297 5.83644e-06 1.22005e-05 
0.000367314 6.1565e-06 1.25105e-05 
0.000373006 6.47929e-06 1.27992e-05 
0.000378348 6.79346e-06 1.30712e-05 
0.000383318 7.10927e-06 1.33246e-05 
0.000387883 7.42305e-06 1.35541e-05 
0.000392015 7.73035e-06 1.37639e-05 
0.000395706 8.02716e-06 1.39442e-05 
0.000398934 8.31262e-06 1.41065e-05 
0.000401692 8.59206e-06 1.42365e-05 
0.000403995 8.8314e-06 1.43439e-05 
0.000405614 9.22147e-06 1.44181e-05 
0.000407661 8.73013e-06 1.44642e-05 
0.0004067 1.20048e-05 1.45218e-05 
9.47994e-05 -2.91556e-06 -2.90278e-08 
0.000102904 -2.59928e-06 2.56584e-07 
0.00011053 -2.24448e-06 5.11838e-07 
0.000117623 -1.91417e-06 7.39478e-07 
0.000124284 -1.64129e-06 9.49833e-07 
0.000130633 -1.4178e-06 1.14912e-06 
0.000136777 -1.2324e-06 1.34354e-06 
0.000142795 -1.07236e-06 1.5367e-06 
0.000148745 -9.29879e-07 1.73144e-06 
0.000154668 -7.9712e-07 1.92926e-06 
0.000160592 -6.69962e-07 2.13104e-06 
0.000166536 -5.45396e-07 2.33793e-06 
0.000172511 -4.20722e-07 2.55054e-06 
0.000178526 -2.93857e-07 2.76791e-06 
0.000184584 -1.65325e-07 2.9907e-06 
0.000190688 -3.35398e-08 3.21953e-06 
0.000196839 1.02747e-07 3.45301e-06 
0.000203031 2.43138e-07 3.69104e-06 
0.000209265 3.87096e-07 3.93406e-06 
0.000215536 5.35711e-07 4.18215e-06 
0.000221838 6.90707e-07 4.43345e-06 
0.000228166 8.48479e-07 4.68872e-06 
0.000234511 1.01291e-06 4.94571e-06 
0.000240866 1.18001e-06 5.20689e-06 
0.000247224 1.35382e-06 5.46959e-06 
0.000253569 1.53319e-06 5.73339e-06 
0.000259893 1.7158e-06 5.99729e-06 
0.00026618 1.90483e-06 6.26277e-06 
0.000272417 2.09964e-06 6.5258e-06 
0.000278591 2.29605e-06 6.78832e-06 
0.00028468 2.50217e-06 7.04728e-06 
0.000290665 2.70976e-06 7.30309e-06 
0.000296529 2.92336e-06 7.55521e-06 
0.00030225 3.1415e-06 7.80152e-06 
0.000307803 3.36481e-06 8.04005e-06 
0.000313167 3.58899e-06 8.2717e-06 
0.000318319 3.81891e-06 8.49459e-06 
0.000323232 4.05134e-06 8.70511e-06 
0.000327879 4.2845e-06 8.90689e-06 
0.000332245 4.51776e-06 9.09621e-06 
0.000336305 4.75221e-06 9.27135e-06 
0.000340036 4.98436e-06 9.43286e-06 
0.00034342 5.21538e-06 9.57519e-06 
0.000346443 5.43553e-06 9.70664e-06 
0.000349097 5.65639e-06 9.81695e-06 
0.000351365 5.86559e-06 9.91516e-06 
0.000353282 6.04788e-06 9.98918e-06 
0.000354605 6.37645e-06 1.00447e-05 
0.000356518 5.82099e-06 1.01067e-05 
0.000355297 9.12624e-06 1.01036e-05 
9.52857e-05 -2.58001e-06 -1.0758e-07 
0.000102345 -2.32359e-06 1.15261e-07 
0.000109004 -2.03918e-06 3.18087e-07 
0.000115234 -1.77482e-06 5.00111e-07 
0.000121111 -1.55363e-06 6.66297e-07 
0.000126726 -1.37209e-06 8.21447e-07 
0.000132163 -1.22182e-06 9.70243e-07 
0.000137484 -1.09355e-06 1.11574e-06 
0.000142736 -9.8085e-07 1.26037e-06 
0.000147952 -8.77635e-07 1.40567e-06 
0.000153157 -7.80498e-07 1.55262e-06 
0.000158365 -6.86328e-07 1.70191e-06 
0.000163588 -5.93364e-07 1.85381e-06 
0.000168831 -5.00679e-07 2.00871e-06 
0.000174099 -4.06705e-07 2.16718e-06 
0.000179394 -3.10812e-07 2.32847e-06 
0.000184716 -2.13152e-07 2.49312e-06 
0.000190064 -1.12231e-07 2.66118e-06 
0.000195437 -8.61834e-09 2.83214e-06 
0.00020083 9.82186e-08 3.00586e-06 
0.00020624 2.08431e-07 3.18215e-06 
0.000211661 3.21982e-07 3.36163e-06 
0.00021709 4.39883e-07 3.54392e-06 
0.000222518 5.61904e-07 3.72782e-06 
0.000227938 6.87121e-07 3.91342e-06 
0.000233342 8.17461e-07 4.1004e-06 
0.00023872 9.51066e-07 4.28948e-06 
0.00024406 1.0912e-06 4.47775e-06 
0.000249351 1.23364e-06 4.66642e-06 
0.000254582 1.38101e-06 4.8558e-06 
0.000259738 1.53393e-06 5.04206e-06 
0.000264801 1.69076e-06 5.22773e-06 
0.000269755 1.85264e-06 5.41009e-06 
0.000274586 2.01735e-06 5.58832e-06 
0.000279272 2.18746e-06 5.76337e-06 
0.000283796 2.36032e-06 5.93281e-06 
0.000288138 2.53706e-06 6.09517e-06 
0.000292277 2.71649e-06 6.25257e-06 
0.000296193 2.89988e-06 6.39948e-06 
0.000299866 3.08133e-06 6.53878e-06 
0.000303281 3.26517e-06 6.66952e-06 
0.00030642 3.44909e-06 6.78958e-06 
0.000309268 3.6304e-06 6.89964e-06 
0.000311812 3.81041e-06 6.99744e-06 
0.000314047 3.98298e-06 7.0826e-06 
0.000315957 4.1551e-06 7.15578e-06 
0.000317579 4.29372e-06 7.21594e-06 
0.000318673 4.58918e-06 7.26258e-06 
0.000320445 3.99989e-06 7.32999e-06 
0.000319031 7.28572e-06 7.28006e-06 
9.59859e-05 -2.31839e-06 -1.53664e-07 
0.00010223 -2.09744e-06 2.2266e-08 
0.000108125 -1.86503e-06 1.82548e-07 
0.000113669 -1.65338e-06 3.26168e-07 
0.000118926 -1.47661e-06 4.55694e-07 
0.000123969 -1.332e-06 5.74992e-07 
0.000128862 -1.213e-06 6.87438e-07 
0.000133656 -1.11256e-06 7.95774e-07 
0.000138388 -1.0254e-06 9.0208e-07 
0.000143084 -9.46839e-07 1.00756e-06 
0.000147764 -8.74007e-07 1.11338e-06 
0.000152441 -8.04375e-07 1.21997e-06 
0.000157123 -7.363e-07 1.32816e-06 
0.000161815 -6.68754e-07 1.43826e-06 
0.000166521 -6.00286e-07 1.55031e-06 
0.000171241 -5.31175e-07 1.66474e-06 
0.000175978 -4.60314e-07 1.78151e-06 
0.000180729 -3.86807e-07 1.90068e-06 
0.000185491 -3.1162e-07 2.02234e-06 
0.000190264 -2.33287e-07 2.14687e-06 
0.000195043 -1.51888e-07 2.27393e-06 
0.000199822 -6.69143e-08 2.40345e-06 
0.000204598 2.13313e-08 2.53496e-06 
0.000209365 1.12569e-07 2.66888e-06 
0.000214116 2.0778e-07 2.80541e-06 
0.000218845 3.07271e-07 2.94302e-06 
0.000223541 4.1094e-07 3.0826e-06 
0.000228198 5.18267e-07 3.22306e-06 
0.000232804 6.29648e-07 3.36417e-06 
0.000237349 7.45931e-07 3.50559e-06 
0.000241822 8.6503e-07 3.6474e-06 
0.000246209 9.90563e-07 3.78765e-06 
0.000250496 1.11855e-06 3.92619e-06 
0.000254671 1.25004e-06 4.06338e-06 
0.000258715 1.38792e-06 4.19729e-06 
0.000262616 1.52625e-06 4.32716e-06 
0.000266355 1.66921e-06 4.45405e-06 
0.000269916 1.81671e-06 4.57494e-06 
0.000273282 1.96408e-06 4.69036e-06 
0.000276439 2.11411e-06 4.79944e-06 
0.000279369 2.26577e-06 4.90118e-06 
0.000282057 2.41712e-06 4.99604e-06 
0.000284496 2.56711e-06 5.0817e-06 
0.000286671 2.71541e-06 5.15936e-06 
0.00028858 2.85903e-06 5.22905e-06 
0.000290211 3.00367e-06 5.28913e-06 
0.000291598 3.11754e-06 5.33877e-06 
0.0002925 3.38837e-06 5.37646e-06 
0.000294134 2.77988e-06 5.4482e-06 
0.000292595 6.00617e-06 5.36447e-06 
9.68219e-05 -2.11302e-06 -1.90783e-07 
0.000102422 -1.9205e-06 -5.28358e-08 
0.000107716 -1.73085e-06 7.13981e-08 
0.000112722 -1.56344e-06 1.81316e-07 
0.000117498 -1.42566e-06 2.7887e-07 
0.000122103 -1.31422e-06 3.66869e-07 
0.000126588 -1.2238e-06 4.48372e-07 
0.000130992 -1.14865e-06 5.25441e-07 
0.000135344 -1.08452e-06 5.99932e-07 
0.000139665 -1.02785e-06 6.7309e-07 
0.000143971 -9.75906e-07 7.45908e-07 
0.00014827 -9.26851e-07 8.19204e-07 
0.00015257 -8.78787e-07 8.9337e-07 
0.000156873 -8.3114e-07 9.69019e-07 
0.000161183 -7.82815e-07 1.04625e-06 
0.000165499 -7.33518e-07 1.12552e-06 
0.000169821 -6.82478e-07 1.2072e-06 
0.000174148 -6.28785e-07 1.29125e-06 
0.000178477 -5.73059e-07 1.37808e-06 
0.000182805 -5.1413e-07 1.46724e-06 
0.000187129 -4.52302e-07 1.55936e-06 
0.000191444 -3.8693e-07 1.65412e-06 
0.000195745 -3.18339e-07 1.75167e-06 
0.000200027 -2.46011e-07 1.85205e-06 
0.000204285 -1.696e-07 1.95485e-06 
0.000208512 -8.98669e-08 2.06037e-06 
0.0002127 -5.1313e-09 2.16746e-06 
0.000216842 8.25069e-08 2.2765e-06 
0.00022093 1.74562e-07 2.38724e-06 
0.000224954 2.71017e-07 2.49844e-06 
0.000228905 3.70915e-07 2.61075e-06 
0.000232772 4.75156e-07 2.72255e-06 
0.000236544 5.82672e-07 2.83405e-06 
0.00024021 6.94223e-07 2.94454e-06 
0.000243755 8.09747e-07 3.05216e-06 
0.000247168 9.26903e-07 3.1589e-06 
0.000250435 1.04918e-06 3.2617e-06 
0.00025354 1.17332e-06 3.36058e-06 
0.000256472 1.29892e-06 3.45533e-06 
0.000259216 1.42714e-06 3.54576e-06 
0.000261761 1.55614e-06 3.62966e-06 
0.000264091 1.6861e-06 3.70785e-06 
0.000266201 1.81361e-06 3.77989e-06 
0.00026808 1.94151e-06 3.84498e-06 
0.000269722 2.0658e-06 3.90363e-06 
0.00027112 2.18943e-06 3.95454e-06 
0.000272309 2.28604e-06 3.99887e-06 
0.000273047 2.53758e-06 4.03062e-06 
0.000274549 1.92215e-06 4.10277e-06 
0.000272939 5.05686e-06 3.9959e-06 
9.77843e-05 -1.95763e-06 -2.32827e-07 
0.00010288 -1.79278e-06 -1.27581e-07 
0.000107712 -1.64137e-06 -3.54362e-08 
0.000112311 -1.51293e-06 4.38105e-08 
0.000116729 -1.41011e-06 1.12096e-07 
0.000121015 -1.32905e-06 1.71967e-07 
0.000125209 -1.26481e-06 2.25742e-07 
0.00012934 -1.21301e-06 2.75417e-07 
0.000133431 -1.16987e-06 3.22546e-07 
0.000137497 -1.13261e-06 3.68378e-07 
0.00014155 -1.09878e-06 4.13934e-07 
0.000145595 -1.06685e-06 4.59925e-07 
0.000149638 -1.0353e-06 5.06958e-07 
0.000153679 -1.00346e-06 5.554e-07 
0.000157719 -9.70461e-07 6.05918e-07 
0.000161758 -9.35688e-07 6.58798e-07 
0.000165794 -8.98774e-07 7.14048e-07 
0.000169824 -8.58919e-07 7.72147e-07 
0.000173845 -8.16321e-07 8.33292e-07 
0.000177855 -7.70543e-07 8.97684e-07 
0.000181849 -7.20828e-07 9.65345e-07 
0.000185822 -6.67486e-07 1.03646e-06 
0.00018977 -6.10434e-07 1.11087e-06 
0.000193687 -5.49294e-07 1.18855e-06 
0.000197568 -4.8412e-07 1.2695e-06 
0.000201408 -4.15012e-07 1.35351e-06 
0.0002052 -3.41821e-07 1.44011e-06 
0.000208938 -2.64766e-07 1.5293e-06 
0.000212615 -1.83632e-07 1.6204e-06 
0.000216223 -9.86763e-08 1.7135e-06 
0.000219754 -9.71969e-09 1.80741e-06 
0.0002232 8.22657e-08 1.90209e-06 
0.000226552 1.78167e-07 1.99708e-06 
0.000229801 2.77234e-07 2.09135e-06 
0.000232935 3.79265e-07 2.18486e-06 
0.000235945 4.84545e-07 2.27621e-06 
0.000238819 5.91921e-07 2.36525e-06 
0.000241546 7.01923e-07 2.45148e-06 
0.000244115 8.1349e-07 2.53428e-06 
0.000246514 9.26936e-07 2.61227e-06 
0.000248734 1.03995e-06 2.68626e-06 
0.000250763 1.15494e-06 2.75465e-06 
0.000252594 1.26775e-06 2.81816e-06 
0.00025422 1.38022e-06 2.87548e-06 
0.000255634 1.49017e-06 2.92679e-06 
0.000256832 1.59885e-06 2.97306e-06 
0.000257845 1.68355e-06 3.01219e-06 
0.000258437 1.91817e-06 3.04124e-06 
0.000259812 1.30203e-06 3.11239e-06 
0.00025817 4.33053e-06 2.99438e-06 
9.89087e-05 -1.85262e-06 -2.91393e-07 
0.000103622 -1.71674e-06 -2.15871e-07 
0.000108115 -1.60108e-06 -1.52924e-07 
0.000112425 -1.50772e-06 -1.01544e-07 
0.000116599 -1.43619e-06 -5.96684e-08 
0.000120673 -1.38229e-06 -2.50312e-08 
0.000124681 -1.34169e-06 4.3614e-09 
0.000128643 -1.3107e-06 3.01279e-08 
0.000132576 -1.28622e-06 5.36233e-08 
0.000136491 -1.26589e-06 7.60131e-08 
0.000140394 -1.2477e-06 9.81311e-08 
0.000144289 -1.2303e-06 1.20936e-07 
0.000148176 -1.21236e-06 1.45002e-07 
0.000152056 -1.19326e-06 1.71039e-07 
0.000155927 -1.17182e-06 1.99614e-07 
0.000159787 -1.14797e-06 2.31004e-07 
0.000163633 -1.12105e-06 2.66062e-07 
0.000167461 -1.09016e-06 3.04622e-07 
0.000171268 -1.05566e-06 3.47207e-07 
0.00017505 -1.01708e-06 3.93947e-07 
0.000178801 -9.74036e-07 4.44789e-07 
0.000182517 -9.26641e-07 4.99854e-07 
0.000186193 -8.7498e-07 5.59367e-07 
0.000189824 -8.18737e-07 6.23021e-07 
0.000193406 -7.58121e-07 6.9052e-07 
0.000196932 -6.933e-07 7.61914e-07 
0.000200399 -6.24426e-07 8.36872e-07 
0.000203801 -5.51421e-07 9.14898e-07 
0.000207133 -4.74633e-07 9.95757e-07 
0.000210387 -3.93964e-07 1.07864e-06 
0.000213559 -3.10143e-07 1.16349e-06 
0.000216642 -2.22947e-07 1.24971e-06 
0.000219629 -1.32555e-07 1.33627e-06 
0.000222513 -3.9693e-08 1.42306e-06 
0.000225286 5.58556e-08 1.50891e-06 
0.000227941 1.53358e-07 1.59349e-06 
0.000230468 2.53119e-07 1.67631e-06 
0.00023286 3.54645e-07 1.75616e-06 
0.000235105 4.57004e-07 1.83278e-06 
0.000237197 5.60191e-07 1.90581e-06 
0.000239127 6.64106e-07 1.97498e-06 
0.000240886 7.68018e-07 2.03895e-06 
0.000242467 8.70471e-07 2.09765e-06 
0.000243865 9.71574e-07 2.15135e-06 
0.000245075 1.07083e-06 2.1995e-06 
0.000246091 1.16924e-06 2.24231e-06 
0.000246942 1.24417e-06 2.28024e-06 
0.000247401 1.46601e-06 2.30676e-06 
0.000248651 8.52445e-07 2.37864e-06 
0.000246994 3.77158e-06 2.25485e-06 
0.000100266 -1.79609e-06 -3.69206e-07 
0.000104708 -1.69052e-06 -3.2041e-07 
0.000108975 -1.60836e-06 -2.84107e-07 
0.000113106 -1.54701e-06 -2.58612e-07 
0.000117137 -1.5042e-06 -2.41899e-07 
0.000121101 -1.47582e-06 -2.32045e-07 
0.000125019 -1.45808e-06 -2.27291e-07 
0.000128907 -1.44773e-06 -2.25998e-07 
0.000132777 -1.44195e-06 -2.26709e-07 
0.000136632 -1.43842e-06 -2.27982e-07 
0.000140477 -1.43522e-06 -2.28482e-07 
0.00014431 -1.43073e-06 -2.27053e-07 
0.000148129 -1.42383e-06 -2.22641e-07 
0.000151932 -1.41372e-06 -2.14555e-07 
0.000155715 -1.39954e-06 -2.02332e-07 
0.000159473 -1.38137e-06 -1.85468e-07 
0.000163203 -1.35845e-06 -1.63945e-07 
0.000166899 -1.33106e-06 -1.37842e-07 
0.000170558 -1.29887e-06 -1.06951e-07 
0.000174174 -1.26202e-06 -7.12182e-08 
0.000177742 -1.22024e-06 -3.0618e-08 
0.000181257 -1.17338e-06 1.50949e-08 
0.000184713 -1.12159e-06 6.57476e-08 
0.000188107 -1.06493e-06 1.21675e-07 
0.000191434 -1.00345e-06 1.82665e-07 
0.000194689 -9.3715e-07 2.48511e-07 
0.000197868 -8.6652e-07 3.18939e-07 
0.000200969 -7.91704e-07 3.93593e-07 
0.000203986 -7.12912e-07 4.71881e-07 
0.000206916 -6.30575e-07 5.53288e-07 
0.000209754 -5.44866e-07 6.37185e-07 
0.000212497 -4.56376e-07 7.22787e-07 
0.000215141 -3.65524e-07 8.0949e-07 
0.000217681 -2.7252e-07 8.96285e-07 
0.000220112 -1.77961e-07 9.82722e-07 
0.00022243 -8.20016e-08 1.06771e-06 
0.000224627 1.52042e-08 1.15054e-06 
0.000226698 1.12749e-07 1.23062e-06 
0.000228637 2.10862e-07 1.30758e-06 
0.000230435 3.09056e-07 1.38062e-06 
0.000232088 4.06847e-07 1.44875e-06 
0.000233589 5.03315e-07 1.51233e-06 
0.000234932 5.98364e-07 1.57084e-06 
0.000236114 6.91891e-07 1.62363e-06 
0.00023713 7.82521e-07 1.67022e-06 
0.000237972 8.72474e-07 1.71197e-06 
0.000238672 9.39987e-07 1.74782e-06 
0.000238997 1.15031e-06 1.7763e-06 
0.000240121 5.42292e-07 1.84762e-06 
0.000238469 3.34347e-06 1.71303e-06 
0.000101944 -1.79189e-06 -4.76037e-07 
0.00010622 -1.72042e-06 -4.56269e-07 
0.000110369 -1.67327e-06 -4.49176e-07 
0.000114424 -1.64444e-06 -4.52174e-07 
0.000118415 -1.63048e-06 -4.62473e-07 
0.000122364 -1.62696e-06 -4.77412e-07 
0.000126287 -1.63e-06 -4.947e-07 
0.000130193 -1.63633e-06 -5.12359e-07 
0.000134086 -1.64345e-06 -5.28998e-07 
0.000137967 -1.64947e-06 -5.43771e-07 
0.000141833 -1.65324e-06 -5.56277e-07 
0.000145681 -1.65418e-06 -5.66552e-07 
0.000149506 -1.65184e-06 -5.74562e-07 
0.000153301 -1.64648e-06 -5.80538e-07 
0.000157062 -1.63751e-06 -5.84122e-07 
0.000160781 -1.62477e-06 -5.84612e-07 
0.000164454 -1.6076e-06 -5.81323e-07 
0.000168075 -1.58549e-06 -5.72861e-07 
0.000171636 -1.557e-06 -5.57889e-07 
0.000175131 -1.5218e-06 -5.35302e-07 
0.000178555 -1.4791e-06 -5.04028e-07 
0.000181901 -1.42846e-06 -4.638e-07 
0.000185164 -1.37038e-06 -4.14325e-07 
0.00018834 -1.30488e-06 -3.56232e-07 
0.000191424 -1.23317e-06 -2.90303e-07 
0.000194415 -1.15591e-06 -2.1783e-07 
0.000197311 -1.07428e-06 -1.39917e-07 
0.000200111 -9.8916e-07 -5.79616e-08 
0.000202813 -9.01394e-07 2.68956e-08 
0.000205416 -8.11607e-07 1.13778e-07 
0.000207919 -7.20268e-07 2.01731e-07 
0.00021032 -6.27991e-07 2.90192e-07 
0.000212618 -5.35081e-07 3.78498e-07 
0.000214812 -4.41938e-07 4.65949e-07 
0.0002169 -3.48663e-07 5.51941e-07 
0.000218879 -2.55697e-07 6.3607e-07 
0.000220746 -1.62646e-07 7.1777e-07 
0.000222496 -7.01196e-08 7.96639e-07 
0.000224127 2.21888e-08 8.72089e-07 
0.000225633 1.13441e-07 9.43651e-07 
0.00022701 2.03599e-07 1.01128e-06 
0.000228254 2.9254e-07 1.07406e-06 
0.00022936 3.79536e-07 1.1322e-06 
0.000230326 4.64163e-07 1.18489e-06 
0.000231149 5.45524e-07 1.23159e-06 
0.000231822 6.2734e-07 1.2727e-06 
0.000232373 6.86848e-07 1.30753e-06 
0.000232549 9.00885e-07 1.34775e-06 
0.000233535 2.98979e-07 1.42585e-06 
0.00023185 3.00069e-06 1.33493e-06 
0.000104063 -1.84887e-06 -6.22521e-07 
0.000108283 -1.81217e-06 -6.28759e-07 
0.000112423 -1.79584e-06 -6.44471e-07 
0.000116507 -1.79216e-06 -6.66161e-07 
0.000120555 -1.7975e-06 -6.91261e-07 
0.000124581 -1.80886e-06 -7.19022e-07 
0.000128593 -1.82464e-06 -7.49768e-07 
0.000132595 -1.8441e-06 -7.84969e-07 
0.000136589 -1.86721e-06 -8.26142e-07 
0.000140572 -1.89356e-06 -8.74095e-07 
0.00014454 -1.92185e-06 -9.27869e-07 
0.000148485 -1.94969e-06 -9.84279e-07 
0.000152397 -1.97316e-06 -1.03824e-06 
0.000156262 -1.98845e-06 -1.08301e-06 
0.00016007 -1.99107e-06 -1.11307e-06 
0.000163806 -1.97814e-06 -1.12353e-06 
0.000167462 -1.9485e-06 -1.11228e-06 
0.00017103 -1.9025e-06 -1.08003e-06 
0.000174502 -1.84217e-06 -1.0304e-06 
0.000177875 -1.77186e-06 -9.68685e-07 
0.000181146 -1.69544e-06 -9.0121e-07 
0.000184315 -1.61733e-06 -8.33846e-07 
0.00018738 -1.54102e-06 -7.71322e-07 
0.000190342 -1.46899e-06 -7.16911e-07 
0.000193199 -1.40223e-06 -6.71052e-07 
0.000195952 -1.34027e-06 -6.32563e-07 
0.000198598 -1.2815e-06 -5.98936e-07 
0.000201136 -1.22388e-06 -5.66337e-07 
0.000203563 -1.16469e-06 -5.30667e-07 
0.000205877 -1.10152e-06 -4.88489e-07 
0.000208076 -1.03255e-06 -4.36682e-07 
0.000210156 -9.56383e-07 -3.72884e-07 
0.000212119 -8.72676e-07 -2.96596e-07 
0.000213963 -7.81891e-07 -2.07682e-07 
0.000215693 -6.84907e-07 -1.08699e-07 
0.000217308 -5.82792e-07 -8.98195e-10 
0.00021881 -4.7671e-07 1.12844e-07 
0.000220199 -3.682e-07 2.30111e-07 
0.000221476 -2.58637e-07 3.47977e-07 
0.000222641 -1.49922e-07 4.63656e-07 
0.000223694 -4.31789e-08 5.74227e-07 
0.000224633 6.02842e-08 6.7843e-07 
0.000225459 1.59749e-07 7.73707e-07 
0.000226169 2.53627e-07 8.59538e-07 
0.000226767 3.40076e-07 9.3288e-07 
0.000227251 4.21425e-07 9.90853e-07 
0.000227649 4.75525e-07 1.0314e-06 
0.000227684 6.95148e-07 1.05625e-06 
0.000228431 1.32514e-07 1.17817e-06 
0.000225987 3.12226e-06 1.55295e-06 
0.000106767 -1.95373e-06 -7.88681e-07 
0.000111032 -1.94951e-06 -8.1633e-07 
0.000115261 -1.96238e-06 -8.56777e-07 
0.000119467 -1.98848e-06 -9.10093e-07 
0.000123663 -2.02756e-06 -9.77852e-07 
0.000127859 -2.07914e-06 -1.06052e-06 
0.00013206 -2.1405e-06 -1.15555e-06 
0.000136266 -2.2064e-06 -1.25598e-06 
0.000140471 -2.26837e-06 -1.35043e-06 
0.000144665 -2.31623e-06 -1.42553e-06 
0.000148828 -2.33969e-06 -1.46853e-06 
0.000152941 -2.33216e-06 -1.47204e-06 
0.000156981 -2.29266e-06 -1.43707e-06 
0.000160931 -2.22792e-06 -1.3744e-06 
0.000164781 -2.15138e-06 -1.30272e-06 
0.000168529 -2.08009e-06 -1.24737e-06 
0.000172182 -2.03172e-06 -1.23185e-06 
0.000175747 -2.019e-06 -1.27372e-06 
0.00017923 -2.0464e-06 -1.37857e-06 
0.000182629 -2.10864e-06 -1.5366e-06 
0.000185933 -2.19055e-06 -1.72439e-06 
0.00018912 -2.27054e-06 -1.90888e-06 
0.000192161 -2.32399e-06 -2.05232e-06 
0.000195025 -2.32775e-06 -2.11821e-06 
0.000197685 -2.2621e-06 -2.07746e-06 
0.000200113 -2.11468e-06 -1.91104e-06 
0.000202295 -1.88081e-06 -1.61139e-06 
0.000204221 -1.56266e-06 -1.1828e-06 
0.000205893 -1.16835e-06 -6.39125e-07 
0.000207317 -7.10476e-07 7.91912e-10 
0.000208509 -2.03894e-07 7.12997e-07 
0.000209489 3.35365e-07 1.47107e-06 
0.000210278 8.90837e-07 2.25361e-06 
0.000210908 1.44712e-06 3.03249e-06 
0.000211407 1.99111e-06 3.79381e-06 
0.000211804 2.51292e-06 4.51693e-06 
0.000212121 3.00429e-06 5.19186e-06 
0.000212382 3.45925e-06 5.80851e-06 
0.000212601 3.8737e-06 6.3613e-06 
0.000212794 4.24508e-06 6.84761e-06 
0.000212972 4.57216e-06 7.26597e-06 
0.00021314 4.85633e-06 7.61664e-06 
0.000213301 5.09722e-06 7.9027e-06 
0.000213461 5.29524e-06 8.12305e-06 
0.000213622 5.44872e-06 8.28251e-06 
0.000213788 5.56149e-06 8.384e-06 
0.00021399 5.61547e-06 8.4248e-06 
0.000214116 5.71717e-06 8.29628e-06 
0.000214887 5.08803e-06 8.20359e-06 
0.000212376 7.93552e-06 7.2358e-06 
0.00011018 -2.12887e-06 -1.0167e-06 
0.000114604 -2.18129e-06 -1.09957e-06 
0.00011905 -2.25275e-06 -1.20556e-06 
0.000123523 -2.33719e-06 -1.32575e-06 
0.000128025 -2.42461e-06 -1.44529e-06 
0.000132549 -2.4993e-06 -1.54294e-06 
0.000137078 -2.54385e-06 -1.59706e-06 
0.000141584 -2.54601e-06 -1.59427e-06 
0.000146041 -2.50611e-06 -1.53983e-06 
0.000150432 -2.44242e-06 -1.46354e-06 
0.000154755 -2.38925e-06 -1.4189e-06 
0.000159024 -2.38998e-06 -1.4704e-06 
0.000163262 -2.48099e-06 -1.67058e-06 
0.000167482 -2.67698e-06 -2.03641e-06 
0.000171678 -2.9605e-06 -2.53601e-06 
0.00017582 -3.2806e-06 -3.08295e-06 
0.000179847 -3.55692e-06 -3.55195e-06 
0.000183678 -3.69937e-06 -3.80416e-06 
0.000187215 -3.62086e-06 -3.7147e-06 
0.000190352 -3.25539e-06 -3.19493e-06 
0.000192977 -2.56791e-06 -2.20729e-06 
0.000194992 -1.5589e-06 -7.64735e-07 
0.000196319 -2.61656e-07 1.07022e-06 
0.000196913 1.26257e-06 3.20157e-06 
0.000196767 2.93606e-06 5.51294e-06 
0.000195916 4.67428e-06 7.88415e-06 
0.000194429 6.39818e-06 1.0207e-05 
0.000192402 8.03802e-06 1.23931e-05 
0.000189956 9.53933e-06 1.43761e-05 
0.000187206 1.08707e-05 1.61199e-05 
0.00018427 1.20096e-05 1.76046e-05 
0.000181255 1.29526e-05 1.88392e-05 
0.000178256 1.37098e-05 1.98275e-05 
0.000175336 1.42932e-05 2.06204e-05 
0.000172584 1.47248e-05 2.12171e-05 
0.000170034 1.50223e-05 2.16616e-05 
0.00016772 1.52156e-05 2.19804e-05 
0.000165659 1.53223e-05 2.2199e-05 
0.000163854 1.53668e-05 2.23442e-05 
0.000162308 1.53629e-05 2.24304e-05 
0.00016101 1.53268e-05 2.24774e-05 
0.000159954 1.52683e-05 2.24931e-05 
0.000159119 1.51982e-05 2.24889e-05 
0.000158492 1.51206e-05 2.24762e-05 
0.000158061 1.50451e-05 2.24616e-05 
0.000157814 1.4975e-05 2.24462e-05 
0.000157708 1.49222e-05 2.24801e-05 
0.000157993 1.48069e-05 2.24356e-05 
0.00015836 1.46602e-05 2.29187e-05 
0.000159731 1.57449e-05 2.11597e-05 
0.000114561 -2.4384e-06 -1.36565e-06 
0.00011933 -2.54646e-06 -1.48803e-06 
0.000124176 -2.63911e-06 -1.5886e-06 
0.000129064 -2.69606e-06 -1.64229e-06 
0.000133957 -2.70804e-06 -1.64157e-06 
0.000138819 -2.68661e-06 -1.61139e-06 
0.000143631 -2.67356e-06 -1.61987e-06 
0.000148404 -2.73355e-06 -1.76335e-06 
0.00015318 -2.9321e-06 -2.12998e-06 
0.00015801 -3.30158e-06 -2.74958e-06 
0.000162935 -3.81017e-06 -3.54924e-06 
0.000167947 -4.34547e-06 -4.34133e-06 
0.00017297 -4.7257e-06 -4.84856e-06 
0.000177833 -4.73873e-06 -4.78273e-06 
0.000182262 -4.19196e-06 -3.90359e-06 
0.000185907 -2.95969e-06 -2.08869e-06 
0.000188387 -1.0211e-06 6.31062e-07 
0.000189358 1.52704e-06 4.07245e-06 
0.000188586 4.49108e-06 7.93742e-06 
0.000185989 7.61579e-06 1.18638e-05 
0.000181645 1.06324e-05 1.5496e-05 
0.00017577 1.33074e-05 1.8563e-05 
0.000168698 1.54573e-05 2.08905e-05 
0.000160851 1.69711e-05 2.23855e-05 
0.000152641 1.78257e-05 2.30807e-05 
0.000144448 1.80664e-05 2.30836e-05 
0.000136576 1.77969e-05 2.25392e-05 
0.00012924 1.71439e-05 2.16126e-05 
0.000122582 1.62349e-05 2.04575e-05 
0.000116659 1.51969e-05 1.91993e-05 
0.000111483 1.41123e-05 1.79366e-05 
0.000107023 1.30591e-05 1.67241e-05 
0.000103216 1.20691e-05 1.56284e-05 
0.000100009 1.11819e-05 1.46215e-05 
9.72896e-05 1.03849e-05 1.37759e-05 
9.5055e-05 9.69568e-06 1.30444e-05 
9.32173e-05 9.10404e-06 1.24304e-05 
9.17201e-05 8.60056e-06 1.1926e-05 
9.05127e-05 8.18057e-06 1.15136e-05 
8.95526e-05 7.8271e-06 1.11862e-05 
8.88053e-05 7.53873e-06 1.09285e-05 
8.82406e-05 7.30114e-06 1.07341e-05 
8.78341e-05 7.11364e-06 1.05909e-05 
8.75581e-05 6.96793e-06 1.04913e-05 
8.73916e-05 6.85843e-06 1.04286e-05 
8.7312e-05 6.78256e-06 1.04014e-05 
8.72677e-05 6.75893e-06 1.03992e-05 
8.73846e-05 6.65428e-06 1.0474e-05 
8.68778e-05 7.09816e-06 1.07304e-05 
8.98025e-05 5.79366e-06 1.0885e-05 
0.00012024 -2.78478e-06 -1.66805e-06 
0.000125436 -2.8472e-06 -1.69264e-06 
0.000130683 -2.87449e-06 -1.70598e-06 
0.00013594 -2.92459e-06 -1.79369e-06 
0.000141225 -3.08673e-06 -2.08102e-06 
0.000146611 -3.44613e-06 -2.66969e-06 
0.000152203 -4.03225e-06 -3.56485e-06 
0.000158082 -4.75229e-06 -4.57851e-06 
0.000164229 -5.37051e-06 -5.33922e-06 
0.000170434 -5.53449e-06 -5.36126e-06 
0.000176239 -4.86247e-06 -4.18268e-06 
0.000180941 -3.06786e-06 -1.53739e-06 
0.0001837 -8.15982e-08 2.52276e-06 
0.000183733 3.87746e-06 7.55478e-06 
0.00018051 8.35052e-06 1.28612e-05 
0.000173908 1.272e-05 1.76357e-05 
0.000164283 1.63588e-05 2.11795e-05 
0.000152428 1.87806e-05 2.30765e-05 
0.000139387 1.97626e-05 2.32666e-05 
0.00012623 1.93644e-05 2.2013e-05 
0.000113846 1.78896e-05 1.97811e-05 
0.000102835 1.57601e-05 1.70694e-05 
9.34464e-05 1.33965e-05 1.42509e-05 
8.5651e-05 1.11275e-05 1.17416e-05 
7.94024e-05 9.14715e-06 9.63491e-06 
7.44772e-05 7.53404e-06 7.96158e-06 
7.06189e-05 6.28269e-06 6.71e-06 
6.76033e-05 5.34562e-06 5.80591e-06 
6.52355e-05 4.65445e-06 5.17726e-06 
6.3362e-05 4.14895e-06 4.74824e-06 
6.18697e-05 3.7718e-06 4.45885e-06 
6.06782e-05 3.48356e-06 4.26978e-06 
5.97211e-05 3.26635e-06 4.1292e-06 
5.8946e-05 3.07858e-06 4.04655e-06 
5.83317e-05 2.94876e-06 3.96063e-06 
5.78155e-05 2.81447e-06 3.91741e-06 
5.74241e-05 2.70988e-06 3.88135e-06 
5.71218e-05 2.62348e-06 3.85521e-06 
5.68936e-05 2.55063e-06 3.8377e-06 
5.67286e-05 2.49077e-06 3.82726e-06 
5.66172e-05 2.44107e-06 3.82267e-06 
5.6551e-05 2.40183e-06 3.82384e-06 
5.65238e-05 2.3711e-06 3.83003e-06 
5.65285e-05 2.34984e-06 3.83982e-06 
5.65567e-05 2.33651e-06 3.85283e-06 
5.65972e-05 2.33286e-06 3.86616e-06 
5.66266e-05 2.34224e-06 3.87372e-06 
5.66097e-05 2.34687e-06 3.90213e-06 
5.62129e-05 2.64117e-06 3.8251e-06 
5.72275e-05 1.32882e-06 4.446e-06 
0.000127202 -2.98549e-06 -1.80868e-06 
0.000132809 -3.21751e-06 -2.09221e-06 
0.000138649 -3.62353e-06 -2.7047e-06 
0.00014485 -4.30117e-06 -3.67064e-06 
0.00015159 -5.16934e-06 -4.78302e-06 
0.000158913 -5.92198e-06 -5.56074e-06 
0.000166522 -6.04156e-06 -5.3308e-06 
0.000173589 -4.89795e-06 -3.37688e-06 
0.000178781 -2.06291e-06 5.80317e-07 
0.000180516 2.46643e-06 6.24324e-06 
0.000177449 8.1094e-06 1.26155e-05 
0.000168972 1.37871e-05 1.82608e-05 
0.000155562 1.82552e-05 2.18555e-05 
0.000138731 2.05674e-05 2.26956e-05 
0.000120606 2.04521e-05 2.11646e-05 
0.000103503 1.82383e-05 1.78112e-05 
8.89055e-05 1.48248e-05 1.37427e-05 
7.73714e-05 1.12253e-05 9.96228e-06 
6.87852e-05 8.15107e-06 6.99712e-06 
6.26341e-05 5.89563e-06 4.96551e-06 
5.82851e-05 4.42652e-06 3.74053e-06 
5.51849e-05 3.54157e-06 3.09997e-06 
5.29317e-05 3.02322e-06 2.80685e-06 
5.12067e-05 0.000192294 0.000190152 
4.99386e-05 0.000305666 0.000318203 
4.8894e-05 0.000341168 0.000373425 
4.80091e-05 0.000340536 0.000387513 
4.72594e-05 0.000318678 0.000377232 
4.66363e-05 0.000285717 0.000350344 
4.61207e-05 0.000247013 0.000313154 
4.56976e-05 0.000204704 0.000268365 
4.53527e-05 0.000160426 0.00021723 
4.50754e-05 0.000114067 0.000160044 
4.48544e-05 6.66147e-05 9.59539e-05 
4.46779e-05 1.61726e-05 2.46407e-05 
4.46359e-05 1.04402e-06 1.61514e-06 
4.45561e-05 1.00845e-06 1.59947e-06 
4.45111e-05 9.75742e-07 1.58738e-06 
4.4488e-05 9.51254e-07 1.5814e-06 
4.44839e-05 9.3246e-07 1.58005e-06 
4.44954e-05 9.18872e-07 1.58292e-06 
4.45194e-05 9.1024e-07 1.58861e-06 
4.45533e-05 9.05285e-07 1.59689e-06 
4.45945e-05 9.03966e-07 1.60708e-06 
4.46401e-05 9.06132e-07 1.61816e-06 
4.46855e-05 9.11327e-07 1.62908e-06 
4.47213e-05 9.21172e-07 1.63664e-06 
4.47139e-05 9.41573e-07 1.63636e-06 
4.45471e-05 1.03027e-06 1.55531e-06 
4.42208e-05 6.3361e-06 1.95117e-05 
0.000135783 -4.22767e-06 -3.45939e-06 
0.00014296 -5.25099e-06 -4.69403e-06 
0.000151091 -6.29066e-06 -5.77833e-06 
0.000159945 -6.76423e-06 -5.8823e-06 
0.000168546 -5.78733e-06 -3.98421e-06 
0.000175028 -2.60064e-06 4.95733e-07 
0.000176949 2.97334e-06 7.26471e-06 
0.000172083 1.01139e-05 1.48482e-05 
0.000159685 1.6848e-05 2.0622e-05 
0.000140906 2.12523e-05 2.3054e-05 
0.000118994 2.19634e-05 2.15596e-05 
9.7886e-05 1.91591e-05 1.70354e-05 
8.03478e-05 1.4439e-05 1.16748e-05 
6.74837e-05 9.68756e-06 7.20889e-06 
5.87817e-05 0.000180972 0.000122412 
5.35536e-05 0.00100046 0.00060761 
5.03606e-05 0.00153485 0.000951526 
4.81619e-05 0.00161269 0.00112565 
4.64681e-05 0.00144796 0.00112296 
4.50958e-05 0.00120853 0.000999821 
4.39723e-05 0.000964299 0.000819276 
4.30632e-05 0.000736025 0.000624746 
4.2339e-05 0.000522703 0.000444419 
4.17599e-05 0.000330129 0.000294927 
4.13404e-05 0.000179327 0.000165266 
4.10214e-05 6.71222e-05 6.26326e-05 
4.0768e-05 4.52597e-06 4.4474e-06 
4.06355e-05 3.15177e-07 3.09352e-07 
4.05327e-05 2.62518e-07 2.60275e-07 
4.04543e-05 2.20923e-07 2.23663e-07 
4.03953e-05 1.88511e-07 1.96513e-07 
4.03514e-05 1.63091e-07 1.77036e-07 
4.03196e-05 1.43465e-07 1.63733e-07 
4.02974e-05 1.27753e-07 1.56066e-07 
4.02859e-05 1.1609e-07 1.52903e-07 
4.02915e-05 1.05059e-07 1.70176e-07 
4.02986e-05 1.12345e-07 1.81956e-07 
4.03071e-05 1.10999e-07 1.92753e-07 
4.0318e-05 1.11711e-07 2.05486e-07 
4.03316e-05 1.13566e-07 2.19488e-07 
4.03472e-05 1.16786e-07 2.34313e-07 
4.03645e-05 1.2092e-07 2.4964e-07 
4.03827e-05 1.26095e-07 2.65118e-07 
4.04015e-05 1.32015e-07 2.80351e-07 
4.04201e-05 1.38612e-07 2.94933e-07 
4.04375e-05 1.45888e-07 3.08203e-07 
4.04513e-05 1.54087e-07 3.18511e-07 
4.04521e-05 1.66203e-07 3.20718e-07 
4.04142e-05 1.93269e-07 2.74695e-07 
4.01913e-05 1.49155e-07 2.74447e-07 
0.00015005 -6.89036e-06 -5.68388e-06 
0.000160284 -6.69262e-06 -4.75252e-06 
0.0001693 -4.30123e-06 -9.30418e-07 
0.000174054 1.13062e-06 5.91028e-06 
0.000171056 9.03393e-06 1.42039e-05 
0.000158278 1.70265e-05 2.06099e-05 
0.000136781 2.21069e-05 2.25584e-05 
0.000110768 2.22005e-05 1.9284e-05 
8.63378e-05 1.75847e-05 1.2859e-05 
6.79939e-05 6.86098e-05 4.25449e-05 
5.62133e-05 0.00100772 0.000440334 
5.0023e-05 0.00234407 0.00058411 
4.68404e-05 0.00234616 0.000691085 
4.46698e-05 0.00163877 0.0007599 
4.30606e-05 0.000916451 0.000594382 
4.20053e-05 0.00038476 0.000317799 
4.12375e-05 4.73327e-05 4.25011e-05 
4.07361e-05 5.44238e-07 4.54091e-07 
4.03977e-05 3.37519e-07 2.38991e-07 
4.01635e-05 1.79706e-07 9.08603e-08 
4.00133e-05 7.12567e-08 -7.29625e-09 
3.99212e-05 1.33062e-09 -6.7873e-08 
3.98679e-05 -4.11762e-08 -1.02871e-07 
3.98365e-05 -6.45255e-08 -1.2546e-07 
3.98174e-05 -8.05543e-08 -1.4038e-07 
3.98065e-05 -8.944e-08 -1.48879e-07 
3.98011e-05 -9.3721e-08 -1.5388e-07 
3.98101e-05 -9.54868e-08 -1.39958e-07 
3.98235e-05 -8.54423e-08 -1.22746e-07 
3.98355e-05 -7.50897e-08 -1.08695e-07 
3.98453e-05 -6.67473e-08 -9.74209e-08 
3.98532e-05 -6.00433e-08 -8.8355e-08 
3.98596e-05 -5.47189e-08 -8.11387e-08 
3.98647e-05 -5.05247e-08 -7.54838e-08 
3.98685e-05 -4.73526e-08 -7.11652e-08 
3.98711e-05 -4.53267e-08 -6.85547e-08 
3.98728e-05 -4.39425e-08 -6.72747e-08 
3.98741e-05 -4.33894e-08 -6.60359e-08 
3.9875e-05 -4.28339e-08 -6.51609e-08 
3.98757e-05 -4.26246e-08 -6.46413e-08 
3.9876e-05 -4.26356e-08 -6.44204e-08 
3.98761e-05 -4.28363e-08 -6.44044e-08 
3.98761e-05 -4.31541e-08 -6.45642e-08 
3.98759e-05 -4.35534e-08 -6.48464e-08 
3.98756e-05 -4.39865e-08 -6.52297e-08 
3.98752e-05 -4.44133e-08 -6.57052e-08 
3.98746e-05 -4.47667e-08 -6.62972e-08 
3.98739e-05 -4.49273e-08 -6.70573e-08 
3.98704e-05 -4.19402e-08 -6.96646e-08 
3.98626e-05 -3.91075e-08 -1.03268e-07 
0.000168236 -3.3564e-06 6.3452e-07 
0.000170727 3.66657e-06 8.85802e-06 
0.000162408 1.28738e-05 1.68855e-05 
0.000142108 2.03171e-05 2.04598e-05 
0.000113577 2.23002e-05 1.80784e-05 
8.48456e-05 1.80864e-05 1.1267e-05 
6.40208e-05 0.000639651 0.000307648 
5.20142e-05 0.00209908 0.000619777 
4.68394e-05 0.0023829 0.000575433 
4.40531e-05 0.0013105 0.000588782 
4.23659e-05 0.000405956 0.000296659 
4.13832e-05 1.04636e-06 9.11888e-07 
4.07063e-05 6.84625e-07 4.87937e-07 
4.01877e-05 3.29388e-07 1.31098e-07 
3.98795e-05 7.64865e-08 -9.45089e-08 
3.97213e-05 -8.27121e-08 -2.15837e-07 
3.96718e-05 -1.58665e-07 -2.50785e-07 
3.97182e-05 -1.61807e-07 -1.98906e-07 
3.97879e-05 -1.18853e-07 -1.29298e-07 
3.98419e-05 -7.46688e-08 -7.73553e-08 
3.98791e-05 -4.32089e-08 -4.17461e-08 
3.99032e-05 -2.21044e-08 -1.85103e-08 
3.99182e-05 -8.69021e-09 -3.97509e-09 
3.99273e-05 -5.26485e-10 4.98703e-09 
3.99328e-05 4.49659e-09 1.06085e-08 
3.9936e-05 7.47965e-09 1.3817e-08 
3.99375e-05 9.11676e-09 1.53697e-08 
3.99374e-05 9.43463e-09 1.49823e-08 
3.99363e-05 8.62206e-09 1.30569e-08 
3.99351e-05 7.39638e-09 1.1216e-08 
3.9934e-05 6.32677e-09 9.72382e-09 
3.99332e-05 5.46983e-09 8.51205e-09 
3.99325e-05 4.78286e-09 7.53044e-09 
3.99319e-05 4.23404e-09 6.74244e-09 
3.99315e-05 3.79923e-09 6.10895e-09 
3.99311e-05 3.47217e-09 5.63523e-09 
3.99309e-05 3.2119e-09 5.29576e-09 
3.99307e-05 3.04287e-09 5.04423e-09 
3.99305e-05 2.89755e-09 4.81542e-09 
3.99304e-05 2.77331e-09 4.62453e-09 
3.99303e-05 2.67142e-09 4.46717e-09 
3.99302e-05 2.58481e-09 4.33837e-09 
3.99301e-05 2.51091e-09 4.23322e-09 
3.993e-05 2.44592e-09 4.14815e-09 
3.993e-05 2.38727e-09 4.0816e-09 
3.99299e-05 2.33443e-09 4.03442e-09 
3.99299e-05 2.2885e-09 4.01123e-09 
3.99299e-05 2.25046e-09 4.04455e-09 
3.99302e-05 2.14678e-09 4.19598e-09 
3.99285e-05 3.85166e-09 4.51397e-09 
0.000156702 1.54865e-05 1.75798e-05 
0.000131101 2.18812e-05 1.96273e-05 
9.70538e-05 2.19408e-05 1.3792e-05 
7.02017e-05 0.000587962 0.000289131 
5.40384e-05 0.00157914 0.000588283 
4.68014e-05 0.00162915 0.000638146 
4.37195e-05 0.000696104 0.00039393 
4.17545e-05 3.83106e-06 2.62076e-06 
4.06854e-05 8.23793e-07 4.58645e-07 
3.99364e-05 2.84813e-07 -4.01534e-08 
3.96005e-05 -6.12718e-08 -2.77051e-07 
3.95549e-05 -2.21829e-07 -3.08963e-07 
3.97037e-05 -1.87995e-07 -1.78145e-07 
3.98288e-05 -9.35019e-08 -7.07501e-08 
3.99085e-05 -2.70646e-08 -1.61717e-09 
3.99497e-05 1.23842e-08 3.40594e-08 
3.99632e-05 2.93994e-08 4.40172e-08 
3.99593e-05 2.92896e-08 3.73823e-08 
3.99494e-05 2.15587e-08 2.52254e-08 
3.99409e-05 1.3695e-08 1.52281e-08 
3.99352e-05 8.01174e-09 8.5564e-09 
3.99316e-05 4.35016e-09 4.32445e-09 
3.99295e-05 2.09903e-09 1.75944e-09 
3.99282e-05 7.65845e-10 2.54269e-10 
3.99275e-05 -1.00206e-11 -6.21229e-10 
3.99271e-05 -4.4792e-10 -1.09461e-09 
3.99269e-05 -6.69459e-10 -1.30669e-09 
3.99269e-05 -7.32165e-10 -1.30951e-09 
3.9927e-05 -6.94748e-10 -1.16195e-09 
3.99271e-05 -5.90458e-10 -9.71845e-10 
3.99272e-05 -4.83738e-10 -8.09795e-10 
3.99272e-05 -3.96967e-10 -6.81216e-10 
3.99273e-05 -3.28795e-10 -5.78674e-10 
3.99274e-05 -2.74922e-10 -4.97059e-10 
3.99274e-05 -2.32161e-10 -4.3157e-10 
3.99274e-05 -1.97986e-10 -3.80403e-10 
3.99274e-05 -1.7123e-10 -3.40447e-10 
3.99275e-05 -1.49971e-10 -3.09777e-10 
3.99275e-05 -1.32966e-10 -2.83537e-10 
3.99275e-05 -1.17206e-10 -2.60457e-10 
3.99275e-05 -1.03084e-10 -2.40291e-10 
3.99275e-05 -9.00988e-11 -2.22647e-10 
3.99275e-05 -7.80879e-11 -2.07022e-10 
3.99276e-05 -6.68357e-11 -1.93128e-10 
3.99276e-05 -5.62617e-11 -1.80762e-10 
3.99276e-05 -4.64112e-11 -1.69949e-10 
3.99276e-05 -3.73505e-11 -1.61191e-10 
3.99276e-05 -3.00997e-11 -1.57309e-10 
3.99276e-05 -2.55864e-11 -1.45589e-10 
3.99277e-05 -3.99105e-11 -2.31608e-10 
8.75614e-05 0.000390316 0.00022392 
6.22642e-05 0.00125051 0.000505045 
4.89984e-05 0.00122927 0.000414479 
4.45944e-05 0.000641992 0.000336025 
4.19019e-05 1.86758e-06 1.05422e-06 
4.03726e-05 8.42552e-07 2.73322e-07 
3.95777e-05 1.1671e-07 -2.33221e-07 
3.94505e-05 -2.34781e-07 -3.36484e-07 
3.96962e-05 -2.05187e-07 -1.50525e-07 
3.98822e-05 -6.56207e-08 -1.30176e-08 
3.99745e-05 1.72533e-08 5.44918e-08 
3.99925e-05 4.89749e-08 6.36935e-08 
3.99706e-05 3.86155e-08 4.00336e-08 
3.99469e-05 1.93901e-08 1.59703e-08 
3.99323e-05 5.70852e-09 1.61746e-09 
3.9925e-05 -1.66551e-09 -5.30211e-09 
3.99227e-05 -4.53005e-09 -7.07936e-09 
3.99231e-05 -4.52595e-09 -6.02426e-09 
3.99244e-05 -3.41263e-09 -4.14048e-09 
3.99256e-05 -2.19622e-09 -2.5245e-09 
3.99265e-05 -1.2868e-09 -1.43319e-09 
3.9927e-05 -7.09526e-10 -7.6194e-10 
3.99273e-05 -3.65037e-10 -3.65646e-10 
3.99274e-05 -1.6694e-10 -1.39576e-10 
3.99275e-05 -5.60729e-11 -1.38213e-11 
3.99276e-05 3.9444e-12 5.22379e-11 
3.99276e-05 3.33993e-11 8.21583e-11 
3.99276e-05 4.46293e-11 8.87745e-11 
3.99276e-05 4.47429e-11 8.10149e-11 
3.99276e-05 3.77694e-11 6.59773e-11 
3.99276e-05 2.89045e-11 5.14627e-11 
3.99276e-05 2.12975e-11 3.99167e-11 
3.99276e-05 1.54214e-11 3.10014e-11 
3.99276e-05 1.09307e-11 2.4115e-11 
3.99276e-05 7.45558e-12 1.8712e-11 
3.99276e-05 4.67689e-12 1.44692e-11 
3.99276e-05 2.52353e-12 1.11534e-11 
3.99276e-05 7.13875e-13 8.47898e-12 
3.99276e-05 -6.99427e-13 6.30737e-12 
3.99276e-05 -2.02612e-12 4.38516e-12 
3.99276e-05 -3.25166e-12 2.67921e-12 
3.99276e-05 -4.38717e-12 1.15849e-12 
3.99276e-05 -5.45658e-12 -2.18409e-13 
3.99276e-05 -6.46203e-12 -1.47605e-12 
3.99276e-05 -7.40501e-12 -2.63e-12 
3.99276e-05 -8.27764e-12 -3.68457e-12 
3.99276e-05 -9.07409e-12 -4.61979e-12 
3.99276e-05 -9.67421e-12 -5.38186e-12 
3.99276e-05 -9.41938e-12 -7.88456e-12 
3.99276e-05 -1.90714e-11 -3.73701e-12 
4.74246e-05 0.00111844 0.000461381 
4.33966e-05 0.000198751 0.000106825 
4.0967e-05 1.48e-06 6.41716e-07 
3.96947e-05 3.80566e-07 -1.01448e-07 
3.94166e-05 -2.11871e-07 -3.27848e-07 
3.97369e-05 -2.0868e-07 -1.16048e-07 
3.99551e-05 -3.65942e-08 2.9451e-08 
4.00106e-05 4.73035e-08 6.47674e-08 
3.99746e-05 4.02534e-08 3.33247e-08 
3.99362e-05 1.16667e-08 1.36009e-09 
3.99187e-05 -5.13601e-09 -1.19282e-08 
3.99158e-05 -9.96918e-09 -1.27998e-08 
3.99197e-05 -7.52385e-09 -7.97051e-09 
3.99239e-05 -3.85421e-09 -3.30196e-09 
3.99266e-05 -1.1945e-09 -5.19874e-10 
3.99278e-05 1.62193e-10 7.23931e-10 
3.99282e-05 6.50397e-10 1.0353e-09 
3.99282e-05 6.62608e-10 8.89468e-10 
3.9928e-05 5.0268e-10 6.18162e-10 
3.99278e-05 3.25163e-10 3.77521e-10 
3.99277e-05 1.8983e-10 2.12789e-10 
3.99277e-05 1.041e-10 1.13564e-10 
3.99276e-05 5.43381e-11 5.70114e-11 
3.99276e-05 2.66427e-11 2.58748e-11 
3.99276e-05 1.16757e-11 9.2529e-12 
3.99276e-05 3.84293e-12 7.97075e-13 
3.99276e-05 3.44534e-14 -3.0314e-12 
3.99276e-05 -1.55937e-12 -4.26088e-12 
3.99276e-05 -1.95214e-12 -4.0783e-12 
3.99276e-05 -1.68749e-12 -3.16804e-12 
3.99276e-05 -1.10423e-12 -2.1206e-12 
3.99276e-05 -5.50734e-13 -1.2637e-12 
3.99276e-05 -1.27317e-13 -6.29824e-13 
3.99276e-05 1.79712e-13 -1.69978e-13 
3.99276e-05 4.03198e-13 1.67772e-13 
3.99276e-05 5.7265e-13 4.20951e-13 
3.99276e-05 7.02234e-13 6.08738e-13 
3.99276e-05 8.09189e-13 7.60656e-13 
3.99276e-05 8.92627e-13 8.81097e-13 
3.99276e-05 9.67725e-13 9.8288e-13 
3.99276e-05 1.04207e-12 1.07318e-12 
3.99276e-05 1.11055e-12 1.15301e-12 
3.99276e-05 1.17468e-12 1.22541e-12 
3.99276e-05 1.23446e-12 1.29234e-12 
3.99276e-05 1.28918e-12 1.35486e-12 
3.99276e-05 1.33795e-12 1.41382e-12 
3.99276e-05 1.37914e-12 1.47022e-12 
3.99276e-05 1.40782e-12 1.53913e-12 
3.99276e-05 1.37078e-12 1.66715e-12 
3.99276e-05 2.3313e-12 1.79066e-12 
3.9806e-05 4.88487e-07 2.68653e-08 
3.93931e-05 4.90546e-08 -2.31914e-07 
3.95318e-05 -2.6317e-07 -2.31606e-07 
3.98885e-05 -1.27731e-07 -3.06659e-08 
4.00086e-05 2.50951e-08 5.05854e-08 
3.99694e-05 3.86832e-08 2.85266e-08 
3.99239e-05 7.24899e-09 -2.99219e-09 
3.9913e-05 -8.89114e-09 -1.11046e-08 
3.99199e-05 -7.29904e-09 -5.84514e-09 
3.99271e-05 -1.94403e-09 -1.05917e-10 
3.993e-05 1.21318e-09 2.24694e-09 
3.99301e-05 1.92135e-09 2.26728e-09 
3.99291e-05 1.39349e-09 1.39839e-09 
3.99282e-05 7.10656e-10 5.98224e-10 
3.99277e-05 2.33831e-10 1.20106e-10 
3.99275e-05 -3.89691e-12 -8.58121e-11 
3.99275e-05 -8.59997e-11 -1.3687e-10 
3.99275e-05 -9.0936e-11 -1.18921e-10 
3.99275e-05 -6.94386e-11 -8.29307e-11 
3.99275e-05 -4.52006e-11 -5.06799e-11 
3.99275e-05 -2.63917e-11 -2.83446e-11 
3.99276e-05 -1.43457e-11 -1.4971e-11 
3.99276e-05 -7.45511e-12 -7.55339e-12 
3.99276e-05 -3.72173e-12 -3.60242e-12 
3.99276e-05 -1.76337e-12 -1.56523e-12 
3.99276e-05 -7.65594e-13 -5.5904e-13 
3.99276e-05 -2.82863e-13 -1.04802e-13 
3.99276e-05 -7.25365e-14 6.27554e-14 
3.99276e-05 2.7044e-15 8.9739e-14 
3.99276e-05 1.32484e-14 5.17919e-14 
3.99276e-05 -1.17897e-14 -8.47761e-15 
3.99276e-05 -4.43893e-14 -6.00917e-14 
3.99276e-05 -6.92482e-14 -9.55096e-14 
3.99276e-05 -8.52807e-14 -1.17747e-13 
3.99276e-05 -9.49913e-14 -1.31078e-13 
3.99276e-05 -1.00831e-13 -1.38864e-13 
3.99276e-05 -1.04304e-13 -1.42915e-13 
3.99276e-05 -1.06537e-13 -1.45269e-13 
3.99276e-05 -1.07925e-13 -1.46627e-13 
3.99276e-05 -1.08418e-13 -1.4707e-13 
3.99276e-05 -1.09288e-13 -1.47216e-13 
3.99276e-05 -1.09994e-13 -1.47076e-13 
3.99276e-05 -1.10334e-13 -1.46685e-13 
3.99276e-05 -1.10263e-13 -1.46189e-13 
3.99276e-05 -1.09719e-13 -1.45628e-13 
3.99276e-05 -1.08577e-13 -1.45061e-13 
3.99276e-05 -1.06678e-13 -1.44664e-13 
3.99276e-05 -1.04506e-13 -1.45934e-13 
3.99276e-05 -1.06416e-13 -1.36269e-13 
3.99276e-05 -1.03355e-13 -1.77186e-13 
