9.51984e-05 -0.00013093 7.55212e-06 
8.51351e-05 -0.000116816 2.76823e-05 
8.31393e-05 -9.81741e-05 2.8015e-05 
8.35375e-05 -9.3763e-05 2.90917e-05 
8.38464e-05 -9.3656e-05 2.86296e-05 
8.37091e-05 -9.54229e-05 2.88042e-05 
8.37098e-05 -9.61403e-05 2.87699e-05 
8.27532e-05 -0.000104802 2.7337e-05 
8.42404e-05 -3.04884e-05 4.45777e-05 
0.000118582 -0.000131127 5.44158e-05 
0.000123822 -0.000131393 6.51283e-05 
0.000126371 -0.000130364 6.9713e-05 
0.000126287 -0.000130932 6.98362e-05 
0.000125127 -0.000129944 6.7003e-05 
0.000111381 2.05164e-06 0.000101447 
0.00012305 6.19589e-05 0.000121483 
0.000125678 7.45051e-05 0.000117425 
0.000125639 7.49016e-05 0.000114518 
0.00012706 -0.000149326 5.51152e-06 
0.000127202 -0.000151315 4.66052e-06 
0.000127191 8.12185e-05 0.000126709 
0.000124818 7.11594e-05 0.000120839 
0.000133227 2.75626e-05 0.000115377 
0.000123075 6.20037e-06 0.000130109 
0.000124043 1.13632e-05 0.000129378 
0.000123546 1.06891e-05 0.000128415 
0.000124121 1.11702e-05 0.000129692 
0.000112178 2.80377e-05 0.000102297 
0.000104056 -0.000103671 2.49095e-05 
0.00012141 -0.000108158 8.82675e-05 
0.000108304 4.26635e-05 8.7834e-05 
8.45115e-05 -9.96515e-05 2.39146e-05 
0.000108 5.02637e-05 8.38028e-05 
8.33096e-05 -9.48182e-05 2.95061e-05 
8.37668e-05 -9.34612e-05 2.87587e-05 
8.38111e-05 -9.4515e-05 2.86683e-05 
8.36142e-05 -9.642e-05 2.89484e-05 
8.31422e-05 -9.29477e-05 2.50118e-05 
0.00010864 -0.000161738 -1.96554e-05 
8.17938e-05 -0.000126708 2.58385e-05 
0.000123174 1.27596e-05 0.000124046 
0.000126533 -0.000130593 7.01578e-05 
0.000123659 8.85932e-06 0.000118357 
0.000125239 -0.000130389 6.74437e-05 
0.000124664 1.68089e-05 0.000124266 
0.000122515 1.03638e-05 0.000124322 
0.000126012 -0.000131175 6.94039e-05 
0.000109337 -0.000163074 -1.88327e-05 
0.000118267 -0.000146613 6.16884e-05 
0.000123604 6.66814e-05 0.000114776 
0.000125517 7.49472e-05 0.00011443 
0.000126749 -0.000148099 4.25438e-06 
0.000127265 -0.000150467 5.78584e-06 
0.000126433 8.1138e-05 0.000122036 
0.000126482 7.90306e-05 0.000125582 
0.000126353 5.90282e-05 0.000138945 
0.000125508 1.19419e-05 0.000132936 
0.000123736 1.08282e-05 0.000128832 
0.000123636 1.09364e-05 0.000128538 
0.000128406 1.43814e-05 0.00013916 
0.000108799 -0.000162731 -2.02697e-05 
0.000126023 1.84936e-05 0.000150145 
0.000108745 -0.000161855 -1.79787e-05 
0.000108584 -0.000161097 -1.91463e-05 
0.000108673 -0.000162574 -2.01691e-05 
0.000108434 -0.000162317 -2.13269e-05 
0.000104624 3.9973e-05 8.67475e-05 
0.000122197 8.85135e-06 0.000123234 
0.000121421 -7.96946e-05 0.000104954 
0.000120113 -7.50688e-05 0.00010203 
0.000120366 -7.56615e-05 0.000105682 
0.000120476 -7.92406e-05 0.000108331 
0.000120885 -8.26864e-05 0.000110718 
0.000122354 -9.40095e-05 0.000106736 
0.000124032 -0.000123334 6.00945e-05 
0.00012381 -0.000124185 6.26425e-05 
0.000120539 -0.000139315 7.23836e-05 
0.000106152 5.02993e-05 8.06486e-05 
0.000120435 -7.55244e-05 0.000104607 
0.000120391 -7.65045e-05 0.000106713 
0.000120835 -8.10138e-05 0.000110223 
0.000120696 -8.26405e-05 0.000107347 
0.0001223 -0.000118164 5.86798e-05 
0.000124271 -0.000124541 6.15229e-05 
0.000123886 -0.000127376 6.32099e-05 
0.000108652 -0.000161069 -1.8497e-05 
0.000108963 -0.000163242 -1.75841e-05 
0.000121312 -7.7286e-05 0.000104612 
0.000121343 -8.36386e-05 0.000103037 
0.000122181 7.77711e-06 0.000124226 
0.00012169 -9.28583e-05 0.000102077 
0.000121859 -0.000122433 5.32868e-05 
0.000117372 -7.68243e-05 0.000106264 
0.000125894 7.36798e-05 0.000114024 
0.000111799 -3.16036e-05 6.77174e-05 
0.000111175 -3.10283e-05 6.84185e-05 
0.000111205 -3.38035e-05 6.71403e-05 
0.000125109 -0.000152012 7.55757e-05 
0.000111878 -3.23595e-05 6.74999e-05 
0.000127664 -0.000149866 8.92293e-05 
0.00013022 -1.55084e-05 0.000125015 
0.000127794 -0.000147996 7.38166e-06 
0.000111554 -3.25813e-05 6.7429e-05 
0.000132232 -0.000198754 4.05294e-05 
0.000107384 -4.53963e-07 6.64365e-05 
0.000125523 -0.000145835 7.80339e-05 
0.000125115 -0.00014964 7.63865e-05 
0.000122489 1.03462e-05 0.000128305 
0.000123122 1.112e-05 0.000130463 
0.000125305 -0.000137796 7.78916e-05 
0.00012405 1.78236e-05 0.000126167 
0.000124452 -0.000138685 6.70771e-05 
0.000129162 3.20821e-05 0.000127872 
0.000123425 6.1141e-05 0.000104849 
0.00011003 -3.13046e-05 6.98951e-05 
0.000132516 -0.000200063 4.30878e-05 
0.000108065 -8.1572e-05 0.00011458 
0.000127046 -0.000156478 7.96517e-05 
0.000117001 -2.36332e-06 9.70276e-05 
0.000127347 -0.000146549 5.31711e-06 
0.000120185 -7.4805e-05 0.000103909 
0.000128052 -0.000149285 8.08087e-06 
0.000126698 7.99026e-05 0.000124265 
0.000128367 -0.000161038 8.50811e-06 
0.000124225 1.68019e-05 0.000122829 
0.000131233 -0.000107241 8.55256e-05 
0.000142039 -0.000192017 4.99469e-05 
0.000123806 9.25952e-06 0.000128553 
0.000123252 1.07566e-05 0.000129969 
0.000111793 -3.16237e-05 6.75789e-05 
0.000132147 -0.000195634 4.06368e-05 
0.000115382 -3.08186e-05 7.77001e-05 
0.000132428 -0.000177618 4.07029e-05 
0.000110735 -3.54749e-05 6.65724e-05 
0.000133138 -0.000197885 4.02531e-05 
0.000111748 -3.10754e-05 6.78365e-05 
0.000131945 -0.000195733 4.05922e-05 
0.000126335 7.54379e-05 0.000116208 
0.0001213 -7.80545e-05 0.000104345 
0.000121955 -9.2271e-05 0.000109508 
0.000126817 7.18403e-05 0.000120532 
0.000134966 -0.000167739 6.85656e-05 
0.000113818 -1.82542e-05 9.74508e-05 
0.000133755 -0.000195927 4.20334e-05 
0.000121673 5.93563e-06 0.000120856 
0.000121808 1.87544e-05 0.000139237 
0.000121509 -7.76923e-05 9.28001e-05 
0.000132083 -0.000196846 4.12808e-05 
0.000119883 -7.48807e-05 0.000100902 
0.000132357 -0.000200954 4.02781e-05 
0.000132024 -0.000196797 4.06339e-05 
0.000133487 -0.000192706 4.02533e-05 
0.000123651 2.29613e-06 0.000123226 
0.000120359 -7.54394e-05 0.000107341 
0.000127899 -0.000150098 6.48409e-06 
0.000127996 8.30284e-05 0.000126208 
0.000127918 -0.000148447 8.32329e-06 
0.00012064 -7.85671e-05 0.000109297 
0.000119798 -7.96587e-05 9.79222e-05 
0.000127648 8.3279e-05 0.00013017 
0.000118014 -9.57852e-05 5.44852e-05 
0.000118317 -0.000173993 3.69983e-05 
0.000123847 8.58427e-06 0.000127108 
0.000128475 -0.00011661 5.66271e-05 
0.000117403 -7.1689e-05 0.000105736 
0.000131048 0.000111647 0.000108629 
0.000123857 1.21115e-05 0.000129596 
0.000121387 -8.04895e-05 0.000106973 
0.000124475 -0.000123521 6.16163e-05 
0.000124891 -0.000124241 6.01415e-05 
0.000120112 -7.42542e-05 0.0001051 
0.000125103 -0.000124793 5.94297e-05 
0.000120344 -8.1264e-05 0.000109471 
0.000120191 -7.43055e-05 0.000106179 
0.00012058 -8.22564e-05 0.000110904 
0.00012296 -0.000119307 6.43044e-05 
0.00012391 -0.000155122 6.98722e-05 
0.000129839 8.05096e-05 0.000148037 
0.000126656 -0.000141343 8.34432e-05 
0.000115579 -2.72631e-05 7.78942e-05 
0.000115994 -2.67584e-05 7.56445e-05 
0.000127238 -0.00014502 5.7822e-06 
0.000115089 -3.12177e-05 9.34769e-05 
0.000129933 -0.000197867 4.03479e-05 
0.000128237 -0.000147345 1.16541e-05 
0.000114475 -3.03956e-05 7.29779e-05 
0.000119795 -6.40375e-05 9.52954e-05 
0.000123675 9.16396e-06 0.000127884 
0.000123625 4.55329e-06 0.000126333 
0.000126593 -0.000126049 5.64384e-05 
0.000128235 -0.000149109 9.51047e-06 
0.000128702 -0.000153754 4.79047e-06 
0.000122107 -8.55437e-05 0.000114816 
0.00012328 3.81734e-06 0.000125763 
0.000125685 -0.000125523 5.82915e-05 
0.000127159 7.46945e-05 0.000117455 
0.000112681 -3.65325e-05 7.0291e-05 
0.000133167 -0.000189788 3.73072e-05 
0.000130314 6.43519e-05 0.000146425 
0.000123688 -9.6435e-05 0.000113267 
0.000127765 -0.000110019 8.69463e-05 
0.000115938 -2.64403e-05 7.42563e-05 
0.000115751 -2.67335e-05 7.34844e-05 
0.000132365 -0.000192489 4.08896e-05 
0.000124932 6.73483e-05 0.0001094 
0.000119472 -7.45846e-05 9.76677e-05 
0.000115818 -2.66416e-05 7.46845e-05 
0.000132305 -0.000192981 4.15302e-05 
0.00011826 -2.51008e-05 0.000106338 
0.000122774 -0.000152308 5.71682e-05 
0.000128231 -0.000191339 4.49446e-05 
0.000115549 -2.74444e-05 7.49814e-05 
0.000132259 -0.000199256 4.17413e-05 
0.000128394 -0.000147154 1.10882e-05 
0.000119685 -7.164e-05 0.000105344 
0.000128281 -0.00014752 1.11061e-05 
0.000120161 -7.26418e-05 0.000107549 
0.00012427 2.97297e-05 0.000133682 
0.00012446 -0.00015182 7.57624e-05 
0.000125562 1.70261e-05 0.000143314 
0.000119845 -7.14277e-05 0.00010625 
0.000125557 -0.000152643 7.77526e-05 
0.000122466 9.07801e-06 0.00013488 
0.000121081 -3.56643e-06 0.00012146 
0.000132251 -0.000192396 4.14485e-05 
0.00013218 -0.000194516 4.18415e-05 
0.000121939 -7.90552e-05 0.000102891 
0.00012005 3.61465e-06 0.000128282 
0.000131538 -0.000194295 4.02238e-05 
0.000137934 -0.000187255 4.76569e-05 
0.00012806 -0.000146396 9.71747e-06 
0.000122979 -8.12901e-05 0.00012075 
0.000120851 -7.58129e-05 0.000110182 
0.000124428 1.97984e-05 0.000129601 
0.000117886 2.87355e-05 9.78578e-05 
0.000126596 1.2999e-06 0.000120129 
0.000123417 -0.000117865 6.31538e-05 
0.000132972 -0.000205954 4.16965e-05 
0.000123916 8.79462e-05 0.000106096 
0.000116071 -0.000106197 0.000107446 
0.000119729 -7.30478e-05 0.000102137 
0.000119665 -7.18529e-05 0.000104088 
0.000130208 -0.000147627 7.42267e-05 
0.000117683 -0.000122839 7.59209e-05 
0.000122724 5.22261e-05 0.000123167 
0.000128796 -0.000145249 1.68074e-05 
0.000117065 -2.75305e-05 7.07499e-05 
0.000130179 -2.5732e-06 0.000157595 
0.000117373 -2.62263e-05 8.13133e-05 
0.000135081 8.30899e-05 0.000192455 
0.000126895 -0.000139896 0.000103155 
0.00012907 -0.000145069 1.55693e-05 
0.000114805 -0.000103581 9.50871e-05 
0.000117677 -2.54713e-05 8.11604e-05 
0.000130657 -0.000189916 4.03362e-05 
0.000114297 -6.13886e-05 5.38962e-05 
0.000129315 -0.000152316 9.11585e-06 
0.000119418 -7.02621e-05 0.000110039 
0.000122673 -8.9641e-05 0.000120573 
0.000123988 1.57842e-06 0.000126459 
0.000116975 -2.54118e-05 7.76256e-05 
0.000128668 -0.000145218 1.64127e-05 
0.000129107 -0.00014436 1.43062e-05 
0.000118954 -6.8588e-05 0.000103159 
0.000123051 -0.000182164 6.53385e-05 
0.000112107 -3.93546e-05 0.000112225 
0.000116457 -2.56457e-05 7.3733e-05 
0.00013213 -0.000188303 4.08158e-05 
0.000123431 1.51779e-05 0.000125803 
0.000127356 -0.000141637 8.30044e-06 
0.000118933 -6.94274e-05 9.95541e-05 
0.000117443 -2.52825e-05 8.00471e-05 
0.000130761 -0.000187969 4.0239e-05 
0.000114627 -2.89416e-05 7.16235e-05 
0.000128704 -0.000207583 4.08859e-05 
0.000132732 -0.000192391 3.82799e-05 
0.000129017 -0.000145 1.58761e-05 
0.000118966 -6.78379e-05 0.000104959 
0.000128599 -0.000144131 1.76956e-05 
0.000118646 -6.66622e-05 0.000106243 
0.000120135 6.20667e-05 8.14791e-05 
0.000127762 -0.000135026 5.10647e-05 
0.000123341 -4.23043e-06 0.000123221 
0.000124099 -0.000151302 8.05228e-05 
0.000133234 4.11942e-05 0.000183881 
0.000124919 -0.000158351 7.77977e-05 
0.000124998 1.80976e-05 0.000141778 
0.000118959 -6.79166e-05 0.000104268 
0.000119383 -0.00011087 4.89728e-05 
0.000125817 -0.00019568 3.02082e-05 
0.00011928 -7.56433e-05 0.000106658 
0.000120373 9.23715e-05 0.000106357 
0.000118775 -7.3194e-05 8.68906e-05 
0.000114956 -1.45014e-05 0.000135628 
0.000121727 -0.000201392 6.76484e-05 
0.000125751 -0.000166114 7.79057e-05 
0.000133092 -0.000187595 4.02239e-05 
0.000131251 -0.000187558 4.06182e-05 
0.000130019 -0.000118065 4.67916e-05 
0.000118726 -6.67466e-05 0.000105108 
0.000119011 -4.30703e-06 0.000126136 
0.000119178 1.08522e-05 0.00010262 
0.000122325 -2.1019e-05 0.000102266 
0.000132741 -0.000170333 6.08347e-05 
0.000129408 -3.41611e-05 0.000149536 
0.000124265 -1.84491e-05 0.000122847 
0.000129825 -0.000142263 1.96367e-05 
0.000120223 -6.96174e-05 0.000102199 
0.000126525 -1.63426e-05 0.000110043 
0.000129121 -0.000146564 4.43846e-05 
0.000131513 -0.000142365 3.90034e-05 
0.000131027 -0.000141194 2.23127e-05 
0.000118103 -6.45455e-05 0.000103805 
0.000131761 -0.000143417 2.82342e-05 
0.000119418 -5.38356e-05 0.000104637 
0.000117611 -6.24021e-05 0.000102719 
0.000119154 -2.34764e-05 8.61791e-05 
0.000118239 -2.40292e-05 8.29854e-05 
0.000129635 -0.000182856 3.95765e-05 
0.000125988 -0.000135541 2.17083e-05 
0.000120467 -2.26314e-05 9.15426e-05 
0.000128078 -0.000179638 3.95292e-05 
0.000128657 -0.000139634 2.09232e-05 
0.000117838 -5.95941e-05 0.00010469 
0.000126972 -0.000138241 0.000104026 
0.000125028 -0.000148131 8.09522e-05 
0.000126722 -0.000178418 4.18378e-05 
0.000123782 -0.000139674 2.7828e-05 
0.000117349 -5.2044e-05 0.000106556 
0.000118066 -4.21453e-05 0.000118538 
0.000129588 0.000100018 0.000104514 
0.000128925 -0.0001814 3.94138e-05 
0.000129059 -0.000143339 2.03168e-05 
0.000125444 -0.000173843 7.12634e-05 
0.000117752 -2.43333e-05 8.04046e-05 
0.000130498 -0.000183251 4.01391e-05 
0.000117522 -6.45992e-05 0.000102345 
0.000132086 -0.000176769 3.73268e-05 
0.000117666 -6.31358e-05 0.000103438 
0.000117296 -8.57981e-06 9.39461e-05 
0.000130739 5.10972e-05 0.000134798 
0.000123609 -3.67162e-05 0.0001204 
0.000128711 -0.000148882 3.32432e-05 
0.000130065 -0.000142539 2.30075e-05 
0.000120823 -0.000155111 4.53395e-05 
0.000129669 -0.000146385 2.69428e-05 
0.000130548 -0.000144702 2.57599e-05 
0.000117022 -6.04572e-05 0.000101855 
0.000117795 -6.0529e-05 0.000104327 
0.00012025 -5.28102e-05 0.000110695 
0.000118436 -2.33611e-05 8.51175e-05 
0.000125922 -8.06983e-05 9.1737e-05 
0.000128177 -0.000187755 4.15162e-05 
0.000117235 -6.25061e-05 0.000102118 
0.000126912 -0.000133019 1.91116e-05 
0.000120587 -4.74748e-05 0.000109814 
0.000137229 6.50327e-06 0.000166456 
0.0001161 -7.21358e-05 7.89011e-05 
0.000114719 -3.44183e-05 7.08469e-05 
0.000126023 0.000114389 0.000104216 
0.000120854 -7.63299e-05 0.000107585 
0.000130844 0.000122055 0.000107212 
0.000116427 -3.00635e-05 7.65749e-05 
0.000129253 -0.00019725 3.20647e-05 
0.000116416 -3.06551e-05 7.72904e-05 
0.000134147 -0.0001996 4.2259e-05 
0.000114385 -3.10738e-05 7.31184e-05 
0.000134405 -0.000200604 4.27839e-05 
0.000114355 -3.08646e-05 7.34099e-05 
0.000133885 -0.000202204 4.2737e-05 
0.000114388 -3.0545e-05 7.38432e-05 
0.000133854 -0.000202497 4.30335e-05 
0.000114459 -3.00805e-05 7.4401e-05 
0.000133739 -0.000202489 4.33104e-05 
0.000116911 -3.0677e-05 8.08621e-05 
0.000133196 -0.000201342 4.24456e-05 
0.000117245 -3.03027e-05 8.10105e-05 
0.000133211 -0.000198706 4.17716e-05 
0.000117064 -2.91175e-05 7.73559e-05 
0.000133533 -0.000196804 4.19159e-05 
0.000117331 -2.92983e-05 7.35745e-05 
0.000134451 -0.000193306 4.20294e-05 
0.000115259 -3.22416e-05 8.02872e-05 
0.000132906 -0.000197448 4.03962e-05 
0.000112444 -3.64325e-05 0.00011999 
0.000116876 -0.000140889 5.62701e-05 
0.000129126 -0.000218813 4.99661e-05 
0.000118949 -0.000131866 5.55178e-05 
0.000124226 -0.000131098 6.5785e-05 
0.000126599 -0.000130302 7.01498e-05 
0.000126477 -0.000130878 7.01875e-05 
0.000126461 -0.000130714 7.00658e-05 
0.000126526 -0.000130577 7.01252e-05 
0.000126166 -0.000130195 6.92215e-05 
0.000125843 -0.000131084 6.90443e-05 
0.000126358 -0.000129792 6.93772e-05 
0.000125895 -0.000126753 6.69466e-05 
0.000124733 1.78302e-05 0.000133551 
0.000133094 4.46145e-05 0.000180851 
0.000111207 1.34548e-06 0.000101498 
0.000125112 7.32193e-05 0.000130518 
0.000128329 8.48551e-05 0.000130974 
0.000130039 9.59988e-05 0.000122101 
0.000127723 7.77024e-05 0.000125485 
0.00012736 7.65623e-05 0.000123732 
0.000126676 7.24975e-05 0.000117896 
0.000125602 6.36555e-05 0.00011709 
0.000119551 -0.000108296 8.90596e-05 
0.000126343 1.33056e-05 0.000134195 
0.000124141 1.12675e-05 0.000129589 
0.000123816 1.06655e-05 0.000129032 
0.000123576 1.05682e-05 0.000128468 
0.00012333 1.04611e-05 0.000127883 
0.000123326 1.04613e-05 0.000127876 
0.000123886 1.0797e-05 0.00012917 
0.000127069 1.30965e-05 0.000136306 
0.000129415 1.39836e-05 0.000141709 
0.000125844 -0.000148031 5.71057e-05 
0.000138137 -0.000174553 5.62803e-05 
0.00013294 2.67993e-05 0.000113462 
0.000122124 9.06532e-06 0.000122855 
0.000126411 -0.000130791 7.00066e-05 
0.000123834 9.97527e-06 0.000119572 
0.000125539 -0.000130026 6.78619e-05 
0.000124996 1.87194e-05 0.000126034 
0.000126742 -0.000130866 7.07227e-05 
0.000122427 1.02637e-05 0.000123165 
0.000126518 -0.000130672 7.01581e-05 
0.000126418 -0.000130372 6.98079e-05 
0.000125874 -0.000130373 6.87406e-05 
0.000126141 -0.000131669 6.99184e-05 
0.000114716 -3.63082e-05 7.22253e-05 
0.000132629 0.000122297 0.00011435 
0.000122859 1.19887e-05 0.00012299 
0.00012797 8.7592e-05 0.000134265 
0.000128005 8.16467e-05 0.000127728 
0.000121798 -8.24077e-05 0.000109191 
0.000127539 7.71682e-05 0.000125126 
0.000127001 7.46556e-05 0.000120733 
0.000126519 7.08484e-05 0.000116378 
0.000126927 5.61277e-05 0.000136646 
0.000125539 1.18434e-05 0.000132947 
0.000123992 1.08419e-05 0.000129401 
0.000123707 1.05943e-05 0.000128793 
0.000123439 1.05185e-05 0.000128139 
0.000123278 1.04093e-05 0.000127775 
0.000123521 1.06047e-05 0.000128314 
0.000124785 1.14132e-05 0.000131221 
0.000121094 4.68021e-06 0.000117106 
0.000113496 -9.27656e-05 3.9135e-05 
0.000122543 1.0838e-05 0.000123423 
0.000122728 1.14647e-05 0.000124578 
0.000123611 1.39654e-05 0.000127902 
0.000122088 7.69812e-06 0.000120493 
0.000120919 -8.39025e-05 0.000111679 
0.000121675 -8.30916e-05 0.000108546 
0.000121938 -8.24863e-05 0.000107071 
0.000122505 -8.04863e-05 0.000104261 
0.000123285 -9.23446e-05 0.000103026 
0.000123545 -0.000123591 5.99936e-05 
0.000124078 -0.000125059 6.1202e-05 
0.000123957 -0.000123934 6.16375e-05 
0.000124063 -0.000124021 6.20158e-05 
0.000123854 -0.000124778 6.25923e-05 
0.000122892 -0.000128696 6.43356e-05 
0.000123316 1.24938e-05 0.000125647 
0.000122232 -8.136e-05 0.000105528 
0.000122906 -8.04168e-05 0.000103477 
0.000121932 -0.00011838 5.87755e-05 
0.000123975 -0.000124737 6.07258e-05 
0.000123998 -0.000124442 6.14375e-05 
0.000123987 -0.000123751 6.18198e-05 
0.000123985 -0.000124242 6.23431e-05 
0.000123748 -0.000126183 6.27781e-05 
0.000121242 -0.000132182 6.60804e-05 
0.000119437 -9.09728e-05 0.000108659 
0.000123169 1.28004e-05 0.000126522 
0.000121737 7.5819e-06 0.000122064 
0.000122569 1.09775e-05 0.000123634 
0.000121272 -8.27174e-05 0.000110133 
0.000120403 -8.62539e-05 0.000113606 
0.000121723 -8.31646e-05 0.000108083 
0.000122173 -0.000121848 5.41347e-05 
0.000119789 3.0266e-05 8.01267e-05 
0.000125138 -0.000147824 7.67639e-05 
0.000118989 -2.97586e-05 8.55416e-05 
0.000115268 -2.86571e-05 7.30899e-05 
0.000133156 -0.000194997 4.03781e-05 
0.000114419 -3.16117e-05 7.24295e-05 
0.0001347 -0.000197343 4.26317e-05 
0.000114569 -3.10168e-05 7.28287e-05 
0.00013412 -0.000201382 4.24178e-05 
0.000114406 -3.07902e-05 7.29668e-05 
0.000133551 -0.000201565 4.17068e-05 
0.000114359 -3.06137e-05 7.32591e-05 
0.00013358 -0.000201954 4.21363e-05 
0.000114444 -3.00208e-05 7.37982e-05 
0.000133416 -0.000202219 4.24396e-05 
0.000114625 -2.91947e-05 7.4907e-05 
0.000133101 -0.000201843 4.26773e-05 
0.000115275 -2.89971e-05 7.7793e-05 
0.000132669 -0.000200421 4.25937e-05 
0.000115636 -2.88946e-05 7.95034e-05 
0.000132387 -0.000198222 4.24711e-05 
0.000120167 -7.3606e-05 0.000106364 
0.000132852 -0.00018608 3.74345e-05 
0.00012046 -4.32624e-05 6.27445e-05 
0.000132299 0.000114259 0.000106895 
0.000127253 -0.00013169 0.000104193 
0.00012537 -0.000136487 7.9882e-05 
0.000125187 -0.000147935 7.6404e-05 
0.000122959 1.20945e-05 0.000125835 
0.00012505 -0.000148458 7.55498e-05 
0.000124964 -0.000137318 6.8888e-05 
0.000130647 3.88454e-05 0.000136169 
0.000128912 9.44934e-05 0.000120013 
0.00012432 -0.000146775 7.71598e-05 
0.000125394 -0.000152215 7.51514e-05 
0.000124815 -0.000152698 7.37346e-05 
0.000125668 7.10858e-05 0.000116795 
0.000126917 7.91851e-05 0.000126514 
0.000121015 -8.44166e-05 0.000109842 
0.000124801 -0.000147237 7.71796e-05 
0.000124365 1.74012e-05 0.00013326 
0.000126714 7.52108e-05 0.000124331 
0.000126644 7.58797e-05 0.000123673 
0.000121734 -8.39723e-05 0.000108473 
0.000128172 8.49444e-05 0.000131853 
0.000120958 -8.59397e-05 0.000112455 
0.000126549 7.52567e-05 0.000122829 
0.000121581 -8.34431e-05 0.000108163 
0.000125778 -0.000148054 7.8895e-05 
0.0001208 2.9446e-06 0.000124234 
0.000124594 4.20582e-06 0.000125304 
0.000125221 7.52455e-05 0.000110194 
0.000124201 9.77578e-06 0.000128514 
0.000132146 -0.000106768 8.62096e-05 
0.000125088 -0.000150144 7.51279e-05 
0.000122818 1.04124e-05 0.000124961 
0.000134412 -0.000151499 5.97029e-05 
0.000124201 9.38895e-06 0.00012975 
0.000124111 1.10127e-05 0.000129204 
0.000123848 1.10415e-05 0.000128887 
0.000123915 1.18428e-05 0.000130109 
0.000124158 1.34435e-05 0.000134687 
0.000124102 -0.0001483 7.57772e-05 
0.000123941 1.28707e-05 0.000129291 
0.000134186 -0.000168272 1.97298e-05 
0.000118328 -7.26957e-05 0.000115435 
0.000120842 -8.61738e-05 0.00011905 
0.000125099 -0.000147937 7.60596e-05 
0.000123035 1.213e-05 0.000125516 
0.000132223 -2.90892e-05 0.000137043 
0.000126246 7.35412e-05 0.000121609 
0.000122122 -8.35117e-05 0.000105946 
0.000113244 -1.79772e-05 9.29739e-05 
0.000123322 1.36068e-05 0.000128345 
0.000133091 8.62772e-05 0.000124391 
0.000124826 2.21792e-05 0.000130227 
0.000120777 1.32963e-07 0.000115452 
0.000126765 -0.000155208 7.53325e-05 
0.000132061 -0.000178151 4.05449e-05 
0.000123093 1.19743e-05 0.000125513 
0.000122019 6.90398e-06 0.000124583 
0.000114343 -3.6371e-05 7.08865e-05 
0.000130794 0.000118319 0.000111228 
0.000119007 -0.00017212 3.76386e-05 
0.000121845 -8.3139e-05 0.000108743 
0.000121938 -8.44406e-05 0.000107633 
0.000117338 -6.82384e-05 9.78405e-05 
0.00012618 -0.000139627 8.06009e-05 
0.000125317 2.00513e-05 0.00013686 
0.000125149 6.82949e-05 0.000113357 
0.00012435 1.77727e-05 0.000123717 
0.000124255 -0.000124919 6.08228e-05 
0.000124205 1.0317e-05 0.000129584 
0.000124238 9.2454e-06 0.000129402 
0.000124011 -0.000123341 6.12118e-05 
0.000124353 -0.000125427 6.01838e-05 
0.000123986 1.1235e-05 0.000128933 
0.000123853 1.1473e-05 0.000129372 
0.00012396 1.1486e-05 0.000131141 
0.000122575 -8.19665e-05 0.000104331 
0.000125004 1.79899e-05 0.000140674 
0.000124146 -1.70148e-05 0.00013618 
0.00011692 -0.000145426 8.23514e-05 
0.000137906 -0.000208711 4.79001e-05 
0.000122318 -0.0001314 6.98652e-05 
0.000123819 -0.000125158 6.38999e-05 
0.000124255 -0.00012387 6.23754e-05 
0.000124027 -0.000122853 6.15805e-05 
0.00011682 -5.81664e-06 9.3571e-05 
0.00012452 -0.000128099 6.3281e-05 
0.000124312 -0.000124837 6.12438e-05 
0.000121873 -7.9971e-05 0.000102764 
0.000117806 -9.62129e-05 5.54031e-05 
0.000124426 -0.00012586 6.037e-05 
0.000124048 -0.000124464 6.33073e-05 
0.000124151 -0.000123145 6.19409e-05 
0.000126925 -0.000144013 9.19037e-05 
0.000120262 -8.52311e-05 0.000109444 
0.000119844 -7.62835e-05 0.000105314 
0.000125081 0.00010427 0.000106434 
0.000114494 -3.02455e-05 7.28221e-05 
0.00012836 -0.000197227 2.9984e-05 
0.000114337 -3.06343e-05 7.3143e-05 
0.000133551 -0.000201032 4.19382e-05 
0.000114471 -3.01301e-05 7.3573e-05 
0.000133389 -0.000202047 4.23057e-05 
0.000114768 -2.9077e-05 7.4572e-05 
0.000132971 -0.000201712 4.24248e-05 
0.000115503 -2.84479e-05 7.79795e-05 
0.000132153 -0.000200236 4.20268e-05 
0.000116384 -2.81824e-05 8.4232e-05 
0.000130851 -0.000197792 4.12573e-05 
0.0001172 -2.76053e-05 9.28573e-05 
0.00012947 -0.000194194 4.14701e-05 
0.000119835 -2.21719e-05 0.000103106 
0.000122643 -0.000151286 5.10254e-05 
0.000127939 -0.000183679 4.29843e-05 
0.000125425 -0.000147688 7.67732e-05 
0.000123521 9.02846e-06 0.000130757 
0.000126545 7.63766e-05 0.0001258 
0.000123847 1.32737e-05 0.000130886 
0.000123235 -0.000124035 6.57564e-05 
0.000126566 7.33081e-05 0.000125925 
0.000125052 -0.000153376 7.28688e-05 
0.000123673 1.21348e-05 0.000129534 
0.000123791 -0.000124131 6.49794e-05 
0.000124651 -0.000145411 7.9576e-05 
0.000124253 7.31093e-06 0.000129165 
0.000128741 -0.000101726 9.02528e-05 
0.000129039 5.7108e-05 0.000136022 
0.00013288 6.49991e-05 0.000177232 
0.000124121 -0.000161941 6.54242e-05 
0.000118306 -1.71864e-05 0.000112847 
0.000125736 7.23328e-05 0.000124958 
0.000121066 -8.79554e-05 0.000108534 
0.000126329 7.36673e-05 0.000122712 
0.000125396 -0.000160557 7.29349e-05 
0.000116378 -1.34013e-05 0.000128722 
0.000121208 1.32074e-06 0.000123067 
0.000124945 5.88285e-05 0.000113674 
0.000124128 -8.7892e-05 0.000102182 
0.00012585 7.24188e-05 0.00012034 
0.000121804 -8.41119e-05 0.000107253 
0.000124275 8.57687e-06 0.00012946 
0.000125037 -0.000147102 7.54404e-05 
0.000124074 1.13845e-05 0.000128227 
0.000123612 1.08496e-05 0.000128244 
0.000124469 -0.000123582 6.27149e-05 
0.000123547 6.22255e-06 0.000127954 
0.000124716 -0.00012695 6.11988e-05 
0.000124524 6.4609e-05 0.000109337 
0.000124244 -8.27045e-05 0.000102377 
0.000125848 7.04193e-05 0.000120788 
0.000122417 -8.68297e-05 0.000107238 
0.000122912 -8.51625e-05 0.000103396 
0.00012523 -0.000147213 7.61478e-05 
0.00012282 1.17194e-05 0.000124043 
0.00012516 7.35106e-05 0.000119497 
0.000121943 -8.46519e-05 0.000107553 
0.00012365 -0.00015176 7.54222e-05 
0.000123149 4.9641e-06 0.00013098 
0.000126436 7.40399e-05 0.000124443 
0.000122209 -8.60781e-05 0.000108522 
0.000121496 -8.6359e-05 0.000108222 
0.000129471 -0.000127807 5.60992e-05 
0.000123196 1.74936e-05 0.000137549 
0.000125275 -0.000147204 7.78483e-05 
0.000122489 1.10957e-05 0.000123992 
0.00012321 1.26272e-05 0.000124814 
0.000122894 8.95598e-06 0.000123108 
0.000124958 -0.000148676 7.42201e-05 
0.000121968 -8.49737e-05 0.00010795 
0.000119014 -2.16124e-05 7.39298e-05 
0.000124196 6.78457e-06 0.000129487 
0.000118244 3.11254e-05 9.87414e-05 
0.000123994 -0.000122738 5.99804e-05 
0.000124246 1.06923e-05 0.000128748 
0.000123234 1.17281e-05 0.00012389 
0.00012385 -0.000121312 6.07789e-05 
0.000133741 -0.000174478 3.06132e-05 
0.000123822 1.11846e-05 0.00012799 
0.000127901 8.00899e-05 0.000133369 
0.000122584 -8.92017e-05 0.000132362 
0.000121464 -9.12327e-05 0.000111506 
0.000115932 -0.000104027 0.0001074 
0.000123903 -0.000144679 8.04845e-05 
0.000124078 -0.000121358 6.11928e-05 
0.000124975 -0.000128741 5.9272e-05 
0.000124641 -0.000192965 2.24815e-05 
0.000123347 1.52165e-05 0.000128961 
0.00012929 -0.000149828 7.54033e-05 
0.000124497 -0.000125894 5.92648e-05 
0.000125725 2.45797e-05 0.000140413 
0.000124434 -0.000122542 6.17067e-05 
0.000127895 3.03603e-05 0.000151075 
0.000116432 -8.36438e-05 6.92013e-05 
0.00011529 -2.73174e-05 7.38238e-05 
0.000114183 -3.07809e-05 7.30935e-05 
0.000133778 -0.000197629 4.19346e-05 
0.00011444 -3.0221e-05 7.35763e-05 
0.000133365 -0.000202265 4.23149e-05 
0.000114878 -2.92662e-05 7.41829e-05 
0.000133046 -0.000201633 4.24376e-05 
0.00011554 -2.80377e-05 7.57009e-05 
0.000132338 -0.000200222 4.20267e-05 
0.000116704 -2.73515e-05 8.09128e-05 
0.000130869 -0.000198019 4.07141e-05 
0.000117897 -2.70539e-05 9.20777e-05 
0.000128462 -0.000195601 3.94619e-05 
0.000117739 -2.64944e-05 0.00010858 
0.000124145 -0.000181777 5.19849e-05 
0.000125953 -0.000194062 4.23917e-05 
0.000125615 7.06687e-05 0.000121317 
0.000124839 -0.000141051 8.50326e-05 
0.000126856 -3.61089e-06 0.000152027 
0.000125446 -0.000146972 7.61236e-05 
0.000124357 5.39814e-06 0.000129129 
0.000123415 1.02987e-05 0.000126329 
0.000124255 1.18656e-05 0.000127253 
0.00012347 1.47811e-05 0.000130109 
0.000120115 5.85283e-05 0.00010226 
0.000127026 7.94222e-05 0.000132966 
0.000121725 -9.06631e-05 0.000108999 
0.000125633 -0.000145184 7.94604e-05 
0.000123501 1.94698e-05 0.00012796 
0.000124801 -0.000148304 7.16701e-05 
0.000124437 9.67355e-06 0.00012807 
0.000124065 -0.000122117 5.76088e-05 
0.000123615 -0.000119222 5.92862e-05 
0.000125596 -1.17117e-05 0.000121568 
0.000125563 7.01564e-05 0.000119402 
0.000125111 -0.00014559 7.56399e-05 
0.000123206 1.29708e-05 0.000124349 
0.000125015 -0.000145405 7.40943e-05 
0.00012345 1.10665e-05 0.000120055 
0.000123488 1.32588e-05 0.00012357 
0.000125147 6.35554e-05 0.00011707 
0.00012497 -9.40761e-05 0.000107171 
0.000124281 2.10024e-06 0.000130227 
0.000124992 -0.000128224 5.64513e-05 
0.0001208 4.26355e-05 0.000139675 
0.00012455 7.52466e-06 0.000131172 
0.000125689 -0.000135727 5.659e-05 
0.000118657 4.7075e-05 7.95192e-05 
0.000120031 -7.23518e-05 8.67905e-05 
0.000123845 1.16454e-05 0.000126381 
0.0001236 -0.000118146 6.04254e-05 
0.000124509 -0.000120101 6.04758e-05 
0.000124612 6.68733e-05 0.000115714 
0.000122068 -8.5311e-05 0.000105003 
0.000123127 -0.000175725 7.44903e-05 
0.000114865 -3.46503e-05 0.000127247 
0.000126425 7.25607e-05 0.000126118 
0.000123136 1.05615e-05 0.00012708 
0.000124823 -0.000122669 6.35803e-05 
0.000114883 -0.000102282 9.53265e-05 
0.000122787 -0.000123599 6.93551e-05 
0.000124059 1.81504e-05 0.000132312 
0.000128487 4.04176e-05 0.000151772 
0.000124802 -0.000141308 9.11872e-05 
0.000118581 -0.000110044 4.99161e-05 
0.000125937 -0.000148435 7.71703e-05 
0.000122507 -8.83887e-05 0.000105943 
0.000119024 -0.00013712 7.83501e-05 
0.00012511 -0.000121601 6.10529e-05 
0.000120591 -9.24262e-05 0.000101179 
0.000124133 -0.000158268 6.68981e-05 
0.000123776 7.22212e-06 0.000115774 
0.00012301 -0.000185095 6.29287e-05 
0.000133444 5.21765e-05 0.0001908 
0.000126214 7.26412e-05 0.000123745 
0.000120199 -7.43239e-05 0.000105586 
0.000128779 -0.000196278 3.29679e-05 
0.00012444 6.14229e-05 0.0001163 
0.000123174 -8.72199e-05 9.44893e-05 
0.000122283 1.00142e-05 0.000121359 
0.000122075 -8.52202e-05 0.00010662 
0.00012105 7.56454e-06 0.000116715 
0.000121717 9.63564e-05 0.000106224 
0.000122594 -8.6642e-05 0.000108546 
0.00012987 -1.27024e-05 0.000144114 
0.000114138 -3.10161e-05 7.32651e-05 
0.000114869 -2.93552e-05 7.42713e-05 
0.000133036 -0.00020261 4.24441e-05 
0.000115552 -2.83363e-05 7.4802e-05 
0.000132699 -0.000200031 4.23915e-05 
0.000116254 -2.75517e-05 7.41842e-05 
0.000132894 -0.000198109 4.2696e-05 
0.000116996 -2.63893e-05 7.66284e-05 
0.000130847 -0.000197913 3.96784e-05 
0.000117718 -2.87276e-05 9.02856e-05 
0.000124382 -0.000209378 4.43941e-05 
0.000129276 -0.000199123 3.9152e-05 
0.0001239 6.1123e-05 0.000111089 
0.000121579 -9.79844e-06 0.000105718 
0.00012321 5.8332e-05 0.000109446 
0.000122963 -8.66425e-05 0.000100179 
0.000127011 6.95542e-05 0.000132782 
0.000129153 9.37038e-05 0.000122095 
0.000126343 6.64374e-05 0.000128379 
0.000123379 -9.54308e-05 0.000103587 
0.000139506 -0.000192773 4.04171e-05 
0.000126925 -0.000124993 9.92408e-05 
0.000126179 -0.000135006 7.99805e-05 
0.000129758 4.76413e-05 0.000132703 
0.000127802 -0.000128334 0.000114386 
0.000127606 -0.000151187 7.79236e-05 
0.000116227 -4.69749e-06 9.08321e-05 
0.000123964 -9.61688e-05 0.000121727 
0.00012476 -1.58706e-05 9.34181e-05 
0.000128969 -0.000167262 4.27476e-05 
0.000124623 -7.65481e-07 0.000128747 
0.000119277 1.53858e-05 0.000104099 
0.0001228 8.08952e-06 0.000123535 
0.000125756 -0.000152415 5.26715e-05 
0.000126098 8.06735e-06 9.96366e-05 
0.000123756 -8.85349e-05 0.000109744 
0.000125216 -0.000144703 7.59801e-05 
0.00012569 -0.00014826 7.54029e-05 
0.000123389 1.35372e-05 0.000126261 
0.00012114 5.55124e-06 0.000115745 
0.000122404 2.18472e-05 0.00012952 
0.000123897 -9.16521e-05 0.000105266 
0.00013287 -0.000183284 7.24494e-05 
0.000125771 -0.000133711 5.29528e-05 
0.000115159 -3.89734e-05 7.05903e-05 
0.000134748 0.000132682 0.000113399 
0.000125789 7.04114e-05 0.000121847 
0.000114829 -5.04993e-05 6.78812e-05 
0.000134161 0.00010706 0.000148204 
0.000121884 -8.53464e-05 0.000107067 
0.000125779 -0.000142164 6.72414e-05 
0.000126009 5.67094e-05 0.000135448 
0.000120817 3.5573e-05 0.000135075 
0.000125492 -0.000141806 7.22001e-05 
0.000113043 -3.27313e-05 7.2489e-05 
0.000123289 -9.07367e-06 0.000128856 
0.000123866 1.39257e-05 0.000124038 
0.000125305 -0.000142806 7.527e-05 
0.00012351 1.45583e-05 0.000125036 
0.000124355 -0.000120553 5.17666e-05 
0.000124732 7.17464e-06 0.00012679 
0.000120868 2.1009e-05 0.000108802 
0.000128371 -0.000140944 9.92782e-05 
0.000131197 -0.000124217 6.7954e-05 
0.000123386 1.02453e-05 0.000123762 
0.000125209 -0.000118633 5.92988e-05 
0.000122371 1.06239e-05 0.000125185 
0.000121995 -8.49045e-05 0.000102236 
0.00012037 -9.35802e-05 7.0859e-05 
0.000126779 -0.00011947 5.83826e-05 
0.000124472 1.19293e-05 0.000125586 
0.000122714 -0.000111973 5.90207e-05 
0.000122997 8.39728e-06 0.000112526 
0.000134792 -0.000179367 4.17052e-05 
0.000134208 -0.000204645 4.40252e-05 
0.000125259 -0.000112252 6.34825e-05 
0.000125105 5.97772e-05 0.000113609 
0.000125628 8.47014e-05 0.000122869 
0.000115957 -6.03015e-05 5.33424e-05 
0.000115999 -2.8387e-05 7.76326e-05 
0.000121131 -7.69811e-05 0.000108411 
0.000132077 -0.000186996 3.44831e-05 
0.000119943 5.6614e-05 8.12753e-05 
0.000119208 -7.82981e-05 0.000106815 
0.000128144 -8.47971e-05 9.50121e-05 
0.000123384 1.30795e-05 0.000119963 
0.000122365 1.42844e-05 0.000119345 
0.000123691 -0.000152948 5.4999e-05 
0.000117797 -2.7987e-05 0.000101956 
0.000124097 -0.000117234 6.05959e-05 
0.000125136 -1.03225e-05 0.000130213 
0.00011902 -0.000104664 4.33875e-05 
0.000127039 -0.000137318 7.01329e-05 
0.000124632 6.941e-05 0.000111273 
0.000122237 1.7761e-06 0.00011808 
0.000128251 8.12625e-05 0.000133659 
0.000120377 -7.90176e-05 0.000102788 
0.000121989 -8.41273e-05 0.000112167 
0.000124875 8.80889e-07 0.00012133 
0.000118153 -7.52143e-05 0.000106431 
0.000116869 -0.000136917 1.06625e-05 
0.00011999 -7.89033e-05 8.73425e-05 
0.000135626 7.12666e-05 0.000139396 
0.000116436 -3.66136e-05 6.85841e-05 
0.000125613 -9.19185e-05 0.000104968 
0.000115428 -2.8451e-05 7.67931e-05 
0.00012345 1.27296e-05 0.000122672 
0.000126234 -0.000139053 7.52459e-05 
0.000132121 -0.000117916 5.00899e-05 
0.000114559 -0.000104835 9.3598e-05 
0.00013238 -0.000198136 4.23095e-05 
0.00012101 9.16201e-05 0.000108579 
0.000122898 1.32578e-05 0.000115305 
0.000123519 -0.000116329 5.63203e-05 
0.000119617 8.00241e-07 0.000105391 
0.00012012 9.56086e-06 9.96664e-05 
0.000124747 -0.000152492 7.01442e-05 
0.000120134 -6.18425e-06 0.00011697 
0.000127118 -0.000198344 3.00969e-05 
0.000123334 1.95023e-05 0.000117165 
0.000125169 -0.000118369 6.11998e-05 
0.000125024 -0.000145065 7.66358e-05 
0.000124765 1.65525e-05 0.000137194 
0.000123039 8.10985e-06 0.000120886 
0.000126435 -0.000119055 5.63727e-05 
0.000129239 0.000102308 0.000110792 
0.0001277 0.000116346 0.000100605 
0.000118957 -2.62789e-05 9.17622e-05 
0.000116307 -3.10828e-05 7.72207e-05 
0.000128621 -0.000126483 4.59484e-05 
0.000127764 -0.000134278 7.6956e-05 
0.000123757 1.66446e-05 0.000130124 
0.000131895 -0.000139 3.96631e-05 
0.000124952 8.99429e-06 0.000123785 
0.000125423 -1.77003e-05 0.000107383 
0.00011638 -2.91276e-05 8.2125e-05 
0.000117876 -2.66707e-05 8.40337e-05 
0.000131573 -0.000193364 4.08696e-05 
0.000130412 -0.000190476 4.06657e-05 
0.000129453 -0.000194536 4.41574e-05 
0.000123838 -0.000116417 6.23312e-05 
0.000110351 -4.58737e-05 0.000105874 
0.000125595 -0.000142311 7.74262e-05 
0.000133097 -0.000172657 5.72906e-05 
0.000127492 -4.30569e-05 0.000142065 
0.000125975 -2.03553e-05 0.000113992 
0.00012759 -0.000141179 6.69782e-05 
0.000123036 1.46795e-05 0.000122613 
0.000126001 -0.000143705 8.14584e-05 
0.000126815 -0.000139991 7.94049e-05 
0.000122562 1.6285e-05 0.000126277 
0.000128839 -0.000185848 4.08019e-05 
0.000134069 -0.000197705 4.36163e-05 
0.000132826 -0.000160793 5.25359e-05 
0.000121812 1.35076e-05 0.000117932 
0.000117937 -9.02849e-05 5.5471e-05 
0.000136277 9.0409e-05 0.000181935 
0.000124359 1.96007e-05 0.000110984 
0.000114706 -3.2021e-05 9.02275e-05 
0.000123305 2.69035e-06 0.000117681 
0.000123497 1.63589e-05 0.000123524 
0.000118932 -0.000112811 7.21549e-05 
0.000124523 4.27571e-05 0.000125771 
0.000126484 -0.000116717 0.000115533 
0.000130727 -0.000117946 8.39879e-05 
0.000124099 -0.000185555 6.55639e-05 
0.000110721 -4.20694e-05 0.000107061 
0.000122376 7.11484e-06 0.000120955 
0.000125756 -0.000115511 6.00065e-05 
0.000119228 -5.43716e-05 0.00010378 
0.000131346 -0.000139761 2.44054e-05 
0.000125164 -0.000147631 8.15209e-05 
0.00012444 2.14156e-05 0.000139657 
0.0001298 3.12397e-05 0.000175739 
0.000117736 -2.78345e-05 9.28216e-05 
0.000126597 -4.1548e-05 0.000131392 
0.000120227 -0.000121511 2.43388e-05 
0.000123012 4.53022e-05 0.000114696 
0.000119229 -7.19103e-05 0.000109087 
0.000132484 -0.000179271 5.17855e-05 
0.000127531 -0.000142614 8.45851e-05 
0.000130615 -0.000194574 4.05384e-05 
0.00011766 -2.55119e-05 8.17576e-05 
0.000123386 -0.000138954 5.4753e-05 
0.00011477 -3.15214e-05 9.14516e-05 
0.000113992 -1.4483e-05 0.000128086 
0.000128227 -0.000137802 8.10158e-05 
0.000117508 3.4505e-05 9.18315e-05 
0.000128381 -0.000212622 3.71593e-05 
0.000113496 -3.74648e-05 6.80382e-05 
0.000132603 -0.000150593 2.93197e-05 
0.00011823 -6.31886e-05 0.000101739 
0.000118854 9.85723e-06 0.000116109 
0.00012139 1.82783e-05 0.000121765 
0.00012763 -0.000145697 9.07405e-05 
0.00012305 8.11783e-06 0.000120997 
0.000114661 -9.63647e-05 0.000104878 
0.000121395 1.56801e-05 0.000123946 
0.00012084 -5.88712e-05 4.14319e-05 
0.000131745 -0.000146455 7.42977e-05 
0.000120544 -2.10317e-05 8.88601e-05 
0.000123663 -0.000187788 2.93908e-05 
0.00012934 -0.000191182 4.086e-05 
0.000125317 -9.28579e-06 0.000140885 
0.00012827 -0.000147243 8.32542e-05 
0.000121521 -1.95991e-05 7.09205e-05 
0.000127778 -0.000149601 0.000102068 
0.000127668 -0.000115594 4.12425e-05 
0.000121263 3.12044e-05 7.92472e-05 
0.000127279 -0.000138715 8.27979e-05 
0.000132648 -0.000168724 4.18561e-05 
0.000135974 -0.00017373 3.78977e-05 
0.000126614 -1.59424e-05 0.0001059 
0.000121374 2.77715e-05 0.000126672 
0.000119514 -0.000122034 3.79852e-05 
0.00011859 7.19674e-06 0.000113373 
0.000123804 -0.000130161 8.32075e-05 
0.000113382 -1.8309e-05 0.000101698 
0.000128487 -0.000142025 7.74289e-05 
0.000128135 -0.000146707 9.20701e-05 
0.000125001 -0.000102739 8.12578e-05 
0.000126905 5.00838e-05 0.000136579 
