5.28188e-05 
5.75921e-05 
6.19136e-05 
6.56853e-05 
6.87295e-05 
7.11106e-05 
7.28971e-05 
7.41648e-05 
7.49918e-05 
7.54607e-05 
7.56564e-05 
7.56611e-05 
7.55482e-05 
7.53771e-05 
7.51912e-05 
7.5018e-05 
7.48718e-05 
7.4757e-05 
7.46721e-05 
7.46124e-05 
7.45722e-05 
7.45463e-05 
7.45301e-05 
7.45205e-05 
7.45151e-05 
7.45125e-05 
7.45119e-05 
7.45135e-05 
7.45179e-05 
7.45269e-05 
7.45438e-05 
7.45742e-05 
7.46266e-05 
7.4714e-05 
7.48544e-05 
7.50719e-05 
7.53953e-05 
7.58569e-05 
7.64878e-05 
7.73136e-05 
7.8349e-05 
7.95982e-05 
8.10621e-05 
8.27579e-05 
8.47551e-05 
8.72283e-05 
9.05236e-05 
9.52796e-05 
0.000102223 
0.000112442 
5.65643e-05 
6.03099e-05 
6.41214e-05 
6.76673e-05 
7.06618e-05 
7.3084e-05 
7.49474e-05 
7.62964e-05 
7.71924e-05 
7.77112e-05 
7.79374e-05 
7.79562e-05 
7.78456e-05 
7.76697e-05 
7.74758e-05 
7.72939e-05 
7.71398e-05 
7.70186e-05 
7.6929e-05 
7.6866e-05 
7.68236e-05 
7.67963e-05 
7.67794e-05 
7.67693e-05 
7.67637e-05 
7.67611e-05 
7.67608e-05 
7.67629e-05 
7.67684e-05 
7.67796e-05 
7.68003e-05 
7.6837e-05 
7.68998e-05 
7.70033e-05 
7.71679e-05 
7.74191e-05 
7.77869e-05 
7.83025e-05 
7.89928e-05 
7.98744e-05 
8.0949e-05 
8.22037e-05 
8.36212e-05 
8.52014e-05 
8.69947e-05 
8.91444e-05 
9.19192e-05 
9.57488e-05 
0.000100921 
0.000107428 
6.10056e-05 
6.3987e-05 
6.7329e-05 
7.0657e-05 
7.36039e-05 
7.60715e-05 
7.80161e-05 
7.94462e-05 
8.04039e-05 
8.09579e-05 
8.11941e-05 
8.12036e-05 
8.10721e-05 
8.08706e-05 
8.06516e-05 
8.04481e-05 
8.02772e-05 
8.01439e-05 
8.00461e-05 
7.99778e-05 
7.99323e-05 
7.99031e-05 
7.98852e-05 
7.98746e-05 
7.98688e-05 
7.98663e-05 
7.98665e-05 
7.98695e-05 
7.98768e-05 
7.98912e-05 
7.99177e-05 
7.99644e-05 
8.00436e-05 
8.01731e-05 
8.03764e-05 
8.06824e-05 
8.1123e-05 
8.17273e-05 
8.2515e-05 
8.34875e-05 
8.46231e-05 
8.58791e-05 
8.72056e-05 
8.8571e-05 
8.99935e-05 
9.15696e-05 
9.34752e-05 
9.59372e-05 
9.89723e-05 
0.000102212 
6.50886e-05 
6.77832e-05 
7.09129e-05 
7.41737e-05 
7.71591e-05 
7.97201e-05 
8.17674e-05 
8.32798e-05 
8.42842e-05 
8.48467e-05 
8.50593e-05 
8.50243e-05 
8.48391e-05 
8.45848e-05 
8.432e-05 
8.40806e-05 
8.38838e-05 
8.37332e-05 
8.36245e-05 
8.35499e-05 
8.35009e-05 
8.34701e-05 
8.34514e-05 
8.34406e-05 
8.34349e-05 
8.34326e-05 
8.34333e-05 
8.34374e-05 
8.34467e-05 
8.34648e-05 
8.34979e-05 
8.35562e-05 
8.36545e-05 
8.38142e-05 
8.40629e-05 
8.44332e-05 
8.49583e-05 
8.56644e-05 
8.65599e-05 
8.76251e-05 
8.88062e-05 
9.00207e-05 
9.11769e-05 
9.22045e-05 
9.30873e-05 
9.38806e-05 
9.46964e-05 
9.56535e-05 
9.67345e-05 
9.76689e-05 
6.84916e-05 
7.1178e-05 
7.4324e-05 
7.76877e-05 
8.08274e-05 
8.35549e-05 
8.57453e-05 
8.73543e-05 
8.83988e-05 
8.89478e-05 
8.91058e-05 
8.8992e-05 
8.8721e-05 
8.83871e-05 
8.80564e-05 
8.77674e-05 
8.75364e-05 
8.73638e-05 
8.72422e-05 
8.71605e-05 
8.71081e-05 
8.70757e-05 
8.70565e-05 
8.70457e-05 
8.70401e-05 
8.70382e-05 
8.70395e-05 
8.70447e-05 
8.7056e-05 
8.7078e-05 
8.71181e-05 
8.71883e-05 
8.73068e-05 
8.74984e-05 
8.77951e-05 
8.8233e-05 
8.88461e-05 
8.96554e-05 
9.0655e-05 
9.17985e-05 
9.29939e-05 
9.41133e-05 
9.50205e-05 
9.56092e-05 
9.58392e-05 
9.57504e-05 
9.54407e-05 
9.50094e-05 
9.45134e-05 
9.38852e-05 
7.1184e-05 
7.3992e-05 
7.72904e-05 
8.08596e-05 
8.42345e-05 
8.71833e-05 
8.95496e-05 
9.12682e-05 
9.23485e-05 
9.28661e-05 
9.29428e-05 
9.27206e-05 
9.23361e-05 
9.18998e-05 
9.14866e-05 
9.11374e-05 
9.08659e-05 
9.06685e-05 
9.05327e-05 
9.04437e-05 
9.03879e-05 
9.03543e-05 
9.03348e-05 
9.03241e-05 
9.03188e-05 
9.03173e-05 
9.03192e-05 
9.03254e-05 
9.03387e-05 
9.03643e-05 
9.04109e-05 
9.04928e-05 
9.06306e-05 
9.08531e-05 
9.11963e-05 
9.16993e-05 
9.2396e-05 
9.33005e-05 
9.43894e-05 
9.55865e-05 
9.67584e-05 
9.77318e-05 
9.83307e-05 
9.84285e-05 
9.7981e-05 
9.70343e-05 
9.56998e-05 
9.40966e-05 
9.23838e-05 
9.06869e-05 
7.31849e-05 
7.61583e-05 
7.96622e-05 
8.34733e-05 
8.71e-05 
9.02814e-05 
9.28264e-05 
9.46492e-05 
9.5752e-05 
9.62182e-05 
9.61897e-05 
9.58351e-05 
9.5316e-05 
9.47611e-05 
9.42548e-05 
9.38392e-05 
9.35245e-05 
9.33012e-05 
9.31513e-05 
9.30554e-05 
9.29966e-05 
9.2962e-05 
9.29425e-05 
9.2932e-05 
9.29271e-05 
9.2926e-05 
9.29284e-05 
9.29355e-05 
9.29504e-05 
9.2979e-05 
9.30313e-05 
9.31232e-05 
9.3278e-05 
9.35277e-05 
9.39118e-05 
9.44719e-05 
9.52407e-05 
9.62244e-05 
9.73811e-05 
9.86039e-05 
9.97202e-05 
0.00010052 
0.000100803 
0.000100435 
9.93774e-05 
9.76874e-05 
9.54968e-05 
9.29611e-05 
9.03405e-05 
8.79093e-05 
7.45504e-05 
7.7684e-05 
8.13874e-05 
8.54178e-05 
8.92618e-05 
9.2639e-05 
9.53281e-05 
9.72237e-05 
9.83209e-05 
9.87105e-05 
9.85552e-05 
9.8051e-05 
9.73852e-05 
9.67046e-05 
9.61022e-05 
9.56201e-05 
9.52633e-05 
9.50157e-05 
9.48531e-05 
9.47514e-05 
9.46904e-05 
9.46552e-05 
9.46358e-05 
9.46257e-05 
9.46211e-05 
9.46203e-05 
9.46231e-05 
9.46308e-05 
9.46469e-05 
9.46778e-05 
9.47344e-05 
9.4834e-05 
9.50021e-05 
9.52734e-05 
9.56902e-05 
9.62961e-05 
9.71224e-05 
9.81675e-05 
9.93718e-05 
0.000100602 
0.000101656 
0.000102297 
0.000102312 
0.00010156 
0.000100008 
9.77264e-05 
9.4871e-05 
9.16358e-05 
8.83682e-05 
8.54404e-05 
7.53651e-05 
7.86283e-05 
8.24893e-05 
8.66809e-05 
9.06755e-05 
9.41775e-05 
9.69487e-05 
9.88654e-05 
9.9917e-05 
0.000100202 
9.99038e-05 
9.92421e-05 
9.84282e-05 
9.76252e-05 
9.6932e-05 
9.63891e-05 
9.59954e-05 
9.57274e-05 
9.55547e-05 
9.54486e-05 
9.53862e-05 
9.5351e-05 
9.53319e-05 
9.53221e-05 
9.53179e-05 
9.53173e-05 
9.53204e-05 
9.53285e-05 
9.53453e-05 
9.53777e-05 
9.54371e-05 
9.55419e-05 
9.57193e-05 
9.60061e-05 
9.64471e-05 
9.70874e-05 
9.79575e-05 
9.90493e-05 
0.00010029 
0.000101527 
0.000102535 
0.000103061 
0.000102879 
0.000101846 
9.99321e-05 
9.72207e-05 
9.38907e-05 
9.01697e-05 
8.64735e-05 
8.32267e-05 
7.57392e-05 
7.90911e-05 
8.30528e-05 
8.73343e-05 
9.14012e-05 
9.49487e-05 
9.77283e-05 
9.96067e-05 
0.000100571 
0.000100729 
0.000100278 
9.9462e-05 
9.85096e-05 
9.75965e-05 
9.68249e-05 
9.62316e-05 
9.58086e-05 
9.55254e-05 
9.53459e-05 
9.52373e-05 
9.51745e-05 
9.51395e-05 
9.51209e-05 
9.51115e-05 
9.51076e-05 
9.51072e-05 
9.51104e-05 
9.51187e-05 
9.51358e-05 
9.51689e-05 
9.52297e-05 
9.53376e-05 
9.55206e-05 
9.58174e-05 
9.62746e-05 
9.69392e-05 
9.78414e-05 
9.89695e-05 
0.000100242 
0.000101492 
0.00010248 
0.000102939 
0.000102636 
0.000101425 
9.92788e-05 
9.62913e-05 
9.26595e-05 
8.86378e-05 
8.46907e-05 
8.12606e-05 
7.57959e-05 
7.91968e-05 
8.32037e-05 
8.75092e-05 
9.15764e-05 
9.5098e-05 
9.78216e-05 
9.96113e-05 
0.000100456 
0.000100472 
9.98719e-05 
9.89137e-05 
9.78412e-05 
9.68369e-05 
9.60032e-05 
9.53721e-05 
9.49285e-05 
9.46356e-05 
9.44523e-05 
9.43429e-05 
9.42804e-05 
9.42461e-05 
9.4228e-05 
9.4219e-05 
9.42153e-05 
9.42151e-05 
9.42184e-05 
9.42266e-05 
9.42438e-05 
9.42769e-05 
9.43382e-05 
9.44471e-05 
9.46327e-05 
9.49348e-05 
9.54016e-05 
9.60817e-05 
9.70061e-05 
9.81616e-05 
9.94617e-05 
0.000100732 
0.000101723 
0.000102159 
0.000101801 
0.0001005 
9.8233e-05 
9.50987e-05 
9.13081e-05 
8.71331e-05 
8.30703e-05 
7.95596e-05 
7.56545e-05 
7.9072e-05 
8.30797e-05 
8.73595e-05 
9.13752e-05 
9.4821e-05 
9.74457e-05 
9.91158e-05 
9.98258e-05 
9.97002e-05 
9.89632e-05 
9.78845e-05 
9.67156e-05 
9.56417e-05 
9.47634e-05 
9.41068e-05 
9.36506e-05 
9.33527e-05 
9.31682e-05 
9.30592e-05 
9.29975e-05 
9.2964e-05 
9.29465e-05 
9.2938e-05 
9.29345e-05 
9.29343e-05 
9.29376e-05 
9.29457e-05 
9.29627e-05 
9.29955e-05 
9.30564e-05 
9.31651e-05 
9.33511e-05 
9.36547e-05 
9.41257e-05 
9.48141e-05 
9.57523e-05 
9.69269e-05 
9.82498e-05 
9.95425e-05 
0.000100551 
0.000100995 
0.00010063 
9.93061e-05 
9.70001e-05 
9.38152e-05 
8.99706e-05 
8.57484e-05 
8.16629e-05 
7.81403e-05 
7.54155e-05 
7.88271e-05 
8.28067e-05 
8.70317e-05 
9.09683e-05 
9.43145e-05 
9.68231e-05 
9.83661e-05 
9.89448e-05 
9.8692e-05 
9.78406e-05 
9.66673e-05 
9.54272e-05 
9.4305e-05 
9.33975e-05 
9.27259e-05 
9.22635e-05 
9.1964e-05 
9.178e-05 
9.16721e-05 
9.16115e-05 
9.15788e-05 
9.15618e-05 
9.15536e-05 
9.15503e-05 
9.15502e-05 
9.15534e-05 
9.15614e-05 
9.15781e-05 
9.16104e-05 
9.16705e-05 
9.17783e-05 
9.19631e-05 
9.2266e-05 
9.27375e-05 
9.34287e-05 
9.43736e-05 
9.55597e-05 
9.68991e-05 
9.82125e-05 
9.92445e-05 
9.97117e-05 
9.93673e-05 
9.806e-05 
9.57663e-05 
9.25912e-05 
8.87583e-05 
8.45543e-05 
8.05017e-05 
7.70048e-05 
7.51526e-05 
7.85458e-05 
8.24833e-05 
8.6643e-05 
9.04943e-05 
9.37395e-05 
9.61369e-05 
9.75646e-05 
9.80307e-05 
9.7675e-05 
9.67364e-05 
9.5495e-05 
9.42068e-05 
9.30542e-05 
9.21301e-05 
9.14509e-05 
9.09864e-05 
9.06874e-05 
9.05048e-05 
9.03983e-05 
9.03387e-05 
9.03067e-05 
9.02903e-05 
9.02823e-05 
9.02791e-05 
9.02791e-05 
9.02822e-05 
9.029e-05 
9.03064e-05 
9.03381e-05 
9.03974e-05 
9.05038e-05 
9.0687e-05 
9.09879e-05 
9.14577e-05 
9.21484e-05 
9.30949e-05 
9.42861e-05 
9.56354e-05 
9.69642e-05 
9.80176e-05 
9.85112e-05 
9.81975e-05 
9.69239e-05 
9.46665e-05 
9.15306e-05 
8.77413e-05 
8.35867e-05 
7.95918e-05 
7.61361e-05 
7.49113e-05 
7.82816e-05 
8.21746e-05 
8.62719e-05 
9.0046e-05 
9.32036e-05 
9.55082e-05 
9.68434e-05 
9.72231e-05 
9.67922e-05 
9.57932e-05 
9.45074e-05 
9.31898e-05 
9.20203e-05 
9.10879e-05 
9.04061e-05 
8.99418e-05 
8.96442e-05 
8.94631e-05 
8.93579e-05 
8.92993e-05 
8.92679e-05 
8.92518e-05 
8.9244e-05 
8.92409e-05 
8.92409e-05 
8.92439e-05 
8.92517e-05 
8.92677e-05 
8.9299e-05 
8.93575e-05 
8.94626e-05 
8.9644e-05 
8.99427e-05 
9.04099e-05 
9.10983e-05 
9.20434e-05 
9.32354e-05 
9.45888e-05 
9.59268e-05 
9.69955e-05 
9.75113e-05 
9.72266e-05 
9.59882e-05 
9.37717e-05 
9.0682e-05 
8.69448e-05 
8.28471e-05 
7.89136e-05 
7.55009e-05 
7.47134e-05 
7.80616e-05 
8.19149e-05 
8.59599e-05 
8.96721e-05 
9.27618e-05 
9.49965e-05 
9.62647e-05 
9.65844e-05 
9.61036e-05 
9.50665e-05 
9.37547e-05 
9.24213e-05 
9.12438e-05 
9.03085e-05 
8.96265e-05 
8.91634e-05 
8.88673e-05 
8.86876e-05 
8.85834e-05 
8.85255e-05 
8.84946e-05 
8.84787e-05 
8.84711e-05 
8.8468e-05 
8.8468e-05 
8.84711e-05 
8.84787e-05 
8.84945e-05 
8.85254e-05 
8.85832e-05 
8.86874e-05 
8.88672e-05 
8.91639e-05 
8.96286e-05 
9.03141e-05 
9.12564e-05 
9.24465e-05 
9.38e-05 
9.51418e-05 
9.62194e-05 
9.67503e-05 
9.64875e-05 
9.52778e-05 
9.30965e-05 
9.0048e-05 
8.63576e-05 
8.23111e-05 
7.84313e-05 
7.50561e-05 
7.45639e-05 
7.78935e-05 
8.17151e-05 
8.57205e-05 
8.93873e-05 
9.24287e-05 
9.46154e-05 
9.5839e-05 
9.61203e-05 
9.56092e-05 
9.45505e-05 
9.3225e-05 
9.18846e-05 
9.07043e-05 
8.97688e-05 
8.90879e-05 
8.86261e-05 
8.83313e-05 
8.81526e-05 
8.80492e-05 
8.79918e-05 
8.79612e-05 
8.79455e-05 
8.7938e-05 
8.7935e-05 
8.7935e-05 
8.7938e-05 
8.79455e-05 
8.79611e-05 
8.79917e-05 
8.80491e-05 
8.81525e-05 
8.83313e-05 
8.86264e-05 
8.9089e-05 
8.97718e-05 
9.0711e-05 
9.1898e-05 
9.32494e-05 
9.45914e-05 
9.56728e-05 
9.62124e-05 
9.59638e-05 
9.47742e-05 
9.26189e-05 
8.96017e-05 
8.59477e-05 
8.19411e-05 
7.81033e-05 
7.47572e-05 
7.44582e-05 
7.77736e-05 
8.1572e-05 
8.55495e-05 
8.91853e-05 
9.21949e-05 
9.43509e-05 
9.55471e-05 
9.58057e-05 
9.52777e-05 
9.42078e-05 
9.28762e-05 
9.15333e-05 
9.0353e-05 
8.94185e-05 
8.87389e-05 
8.82784e-05 
8.79845e-05 
8.78066e-05 
8.77037e-05 
8.76466e-05 
8.76161e-05 
8.76006e-05 
8.75931e-05 
8.75901e-05 
8.75901e-05 
8.75931e-05 
8.76005e-05 
8.76161e-05 
8.76465e-05 
8.77036e-05 
8.78065e-05 
8.79845e-05 
8.82785e-05 
8.87395e-05 
8.942e-05 
9.03564e-05 
9.15403e-05 
9.28889e-05 
9.42293e-05 
9.53114e-05 
9.5855e-05 
9.56146e-05 
9.44376e-05 
9.22994e-05 
8.93037e-05 
8.56752e-05 
8.1697e-05 
7.78892e-05 
7.45642e-05 
7.43876e-05 
7.76929e-05 
8.14753e-05 
8.54344e-05 
8.90505e-05 
9.20404e-05 
9.41781e-05 
9.53583e-05 
9.56045e-05 
9.50678e-05 
9.39928e-05 
9.26591e-05 
9.1316e-05 
9.01365e-05 
8.92033e-05 
8.85249e-05 
8.80653e-05 
8.77722e-05 
8.75947e-05 
8.74921e-05 
8.74352e-05 
8.74049e-05 
8.73894e-05 
8.73819e-05 
8.73789e-05 
8.73789e-05 
8.73819e-05 
8.73893e-05 
8.74048e-05 
8.74352e-05 
8.74921e-05 
8.75947e-05 
8.77722e-05 
8.80654e-05 
8.85252e-05 
8.92041e-05 
9.01382e-05 
9.13194e-05 
9.26655e-05 
9.40038e-05 
9.50851e-05 
9.56301e-05 
9.53937e-05 
9.42239e-05 
9.2096e-05 
8.91139e-05 
8.55019e-05 
8.15425e-05 
7.77548e-05 
7.44441e-05 
7.43426e-05 
7.76413e-05 
8.14133e-05 
8.53609e-05 
8.89651e-05 
9.19434e-05 
9.40708e-05 
9.52425e-05 
9.54823e-05 
9.49415e-05 
9.38645e-05 
9.25304e-05 
9.11879e-05 
9.00094e-05 
8.90773e-05 
8.83998e-05 
8.79409e-05 
8.76483e-05 
8.74711e-05 
8.73686e-05 
8.73119e-05 
8.72816e-05 
8.72661e-05 
8.72587e-05 
8.72558e-05 
8.72558e-05 
8.72587e-05 
8.72661e-05 
8.72816e-05 
8.73119e-05 
8.73686e-05 
8.74711e-05 
8.76483e-05 
8.7941e-05 
8.84e-05 
8.90777e-05 
9.00103e-05 
9.11896e-05 
9.25335e-05 
9.38699e-05 
9.49502e-05 
9.54952e-05 
9.52605e-05 
9.40943e-05 
9.19722e-05 
8.8998e-05 
8.53961e-05 
8.14484e-05 
7.76736e-05 
7.4372e-05 
7.43153e-05 
7.76097e-05 
8.13754e-05 
8.53161e-05 
8.89135e-05 
9.18854e-05 
9.40072e-05 
9.51746e-05 
9.54114e-05 
9.48689e-05 
9.37913e-05 
9.24574e-05 
9.11156e-05 
8.9938e-05 
8.90067e-05 
8.83298e-05 
8.78714e-05 
8.7579e-05 
8.7402e-05 
8.72997e-05 
8.7243e-05 
8.72128e-05 
8.71973e-05 
8.71899e-05 
8.71869e-05 
8.71869e-05 
8.71899e-05 
8.71973e-05 
8.72128e-05 
8.7243e-05 
8.72997e-05 
8.7402e-05 
8.7579e-05 
8.78714e-05 
8.83299e-05 
8.90069e-05 
8.99384e-05 
9.11164e-05 
9.24589e-05 
9.37939e-05 
9.48731e-05 
9.54177e-05 
9.51835e-05 
9.4019e-05 
9.18999e-05 
8.89301e-05 
8.5334e-05 
8.13932e-05 
7.76261e-05 
7.43301e-05 
7.42993e-05 
7.75912e-05 
8.13531e-05 
8.529e-05 
8.88836e-05 
9.18522e-05 
9.39712e-05 
9.51365e-05 
9.53719e-05 
9.48288e-05 
9.37513e-05 
9.24177e-05 
9.10765e-05 
8.98995e-05 
8.89687e-05 
8.82922e-05 
8.78341e-05 
8.75419e-05 
8.7365e-05 
8.72627e-05 
8.7206e-05 
8.71758e-05 
8.71604e-05 
8.7153e-05 
8.715e-05 
8.715e-05 
8.7153e-05 
8.71604e-05 
8.71758e-05 
8.7206e-05 
8.72627e-05 
8.7365e-05 
8.75419e-05 
8.78341e-05 
8.82922e-05 
8.89688e-05 
8.98996e-05 
9.10768e-05 
9.24184e-05 
9.37525e-05 
9.48308e-05 
9.5375e-05 
9.51408e-05 
9.39769e-05 
9.18593e-05 
8.88918e-05 
8.52988e-05 
8.13619e-05 
7.75993e-05 
7.43067e-05 
7.42904e-05 
7.75808e-05 
8.13407e-05 
8.52754e-05 
8.88671e-05 
9.1834e-05 
9.39517e-05 
9.5116e-05 
9.5351e-05 
9.48077e-05 
9.37303e-05 
9.2397e-05 
9.10562e-05 
8.98795e-05 
8.8949e-05 
8.82728e-05 
8.78148e-05 
8.75227e-05 
8.73459e-05 
8.72437e-05 
8.7187e-05 
8.71568e-05 
8.71414e-05 
8.7134e-05 
8.7131e-05 
8.7131e-05 
8.7134e-05 
8.71414e-05 
8.71568e-05 
8.7187e-05 
8.72437e-05 
8.73459e-05 
8.75227e-05 
8.78148e-05 
8.82728e-05 
8.89491e-05 
8.98796e-05 
9.10563e-05 
9.23973e-05 
9.37308e-05 
9.48086e-05 
9.53524e-05 
9.5118e-05 
9.39544e-05 
9.18374e-05 
8.8871e-05 
8.52797e-05 
8.13449e-05 
7.75847e-05 
7.4294e-05 
7.42858e-05 
7.75754e-05 
8.13342e-05 
8.52679e-05 
8.88586e-05 
9.18247e-05 
9.39418e-05 
9.51057e-05 
9.53405e-05 
9.47972e-05 
9.37199e-05 
9.23868e-05 
9.10462e-05 
8.98698e-05 
8.89395e-05 
8.82634e-05 
8.78055e-05 
8.75134e-05 
8.73366e-05 
8.72344e-05 
8.71778e-05 
8.71476e-05 
8.71322e-05 
8.71247e-05 
8.71218e-05 
8.71218e-05 
8.71247e-05 
8.71322e-05 
8.71476e-05 
8.71778e-05 
8.72344e-05 
8.73366e-05 
8.75134e-05 
8.78055e-05 
8.82634e-05 
8.89395e-05 
8.98698e-05 
9.10463e-05 
9.2387e-05 
9.37201e-05 
9.47976e-05 
9.53411e-05 
9.51066e-05 
9.3943e-05 
9.18263e-05 
8.88604e-05 
8.52699e-05 
8.13362e-05 
7.75773e-05 
7.42875e-05 
7.42838e-05 
7.75731e-05 
8.13314e-05 
8.52646e-05 
8.88549e-05 
9.18207e-05 
9.39375e-05 
9.51013e-05 
9.5336e-05 
9.47928e-05 
9.37155e-05 
9.23826e-05 
9.10421e-05 
8.98657e-05 
8.89355e-05 
8.82594e-05 
8.78016e-05 
8.75095e-05 
8.73328e-05 
8.72306e-05 
8.71739e-05 
8.71437e-05 
8.71283e-05 
8.71209e-05 
8.7118e-05 
8.7118e-05 
8.71209e-05 
8.71283e-05 
8.71437e-05 
8.71739e-05 
8.72306e-05 
8.73328e-05 
8.75095e-05 
8.78016e-05 
8.82594e-05 
8.89355e-05 
8.98657e-05 
9.10421e-05 
9.23826e-05 
9.37156e-05 
9.4793e-05 
9.53363e-05 
9.51017e-05 
9.39381e-05 
9.18214e-05 
8.88558e-05 
8.52655e-05 
8.13323e-05 
7.7574e-05 
7.42846e-05 
7.42838e-05 
7.7573e-05 
8.13312e-05 
8.52644e-05 
8.88547e-05 
9.18204e-05 
9.39372e-05 
9.51009e-05 
9.53356e-05 
9.47923e-05 
9.37151e-05 
9.23821e-05 
9.10416e-05 
8.98653e-05 
8.8935e-05 
8.8259e-05 
8.78011e-05 
8.75091e-05 
8.73323e-05 
8.72301e-05 
8.71735e-05 
8.71433e-05 
8.71279e-05 
8.71205e-05 
8.71175e-05 
8.71175e-05 
8.71205e-05 
8.71279e-05 
8.71433e-05 
8.71735e-05 
8.72301e-05 
8.73323e-05 
8.75091e-05 
8.78011e-05 
8.8259e-05 
8.8935e-05 
8.98653e-05 
9.10416e-05 
9.23821e-05 
9.37151e-05 
9.47924e-05 
9.53357e-05 
9.51011e-05 
9.39374e-05 
9.18207e-05 
8.8855e-05 
8.52649e-05 
8.13316e-05 
7.75734e-05 
7.42841e-05 
7.42856e-05 
7.75751e-05 
8.13337e-05 
8.52673e-05 
8.88578e-05 
9.18237e-05 
9.39405e-05 
9.51043e-05 
9.53389e-05 
9.47956e-05 
9.37183e-05 
9.23852e-05 
9.10446e-05 
8.98682e-05 
8.89379e-05 
8.82618e-05 
8.78039e-05 
8.75119e-05 
8.73351e-05 
8.72329e-05 
8.71762e-05 
8.7146e-05 
8.71306e-05 
8.71232e-05 
8.71203e-05 
8.71203e-05 
8.71232e-05 
8.71306e-05 
8.7146e-05 
8.71762e-05 
8.72329e-05 
8.73351e-05 
8.75119e-05 
8.78039e-05 
8.82618e-05 
8.89379e-05 
8.98682e-05 
9.10446e-05 
9.23852e-05 
9.37183e-05 
9.47956e-05 
9.5339e-05 
9.51044e-05 
9.39406e-05 
9.18238e-05 
8.88579e-05 
8.52675e-05 
8.13339e-05 
7.75753e-05 
7.42857e-05 
7.42901e-05 
7.75804e-05 
8.13399e-05 
8.52743e-05 
8.88655e-05 
9.18319e-05 
9.39491e-05 
9.5113e-05 
9.53476e-05 
9.48042e-05 
9.37266e-05 
9.23934e-05 
9.10525e-05 
8.98759e-05 
8.89455e-05 
8.82693e-05 
8.78113e-05 
8.75193e-05 
8.73424e-05 
8.72402e-05 
8.71836e-05 
8.71534e-05 
8.71379e-05 
8.71305e-05 
8.71276e-05 
8.71276e-05 
8.71305e-05 
8.71379e-05 
8.71534e-05 
8.71836e-05 
8.72402e-05 
8.73424e-05 
8.75193e-05 
8.78113e-05 
8.82693e-05 
8.89455e-05 
8.98759e-05 
9.10525e-05 
9.23934e-05 
9.37266e-05 
9.48042e-05 
9.53476e-05 
9.5113e-05 
9.39491e-05 
9.1832e-05 
8.88656e-05 
8.52744e-05 
8.134e-05 
7.75805e-05 
7.42902e-05 
7.4299e-05 
7.75907e-05 
8.13521e-05 
8.52883e-05 
8.88809e-05 
9.18484e-05 
9.39664e-05 
9.51307e-05 
9.53654e-05 
9.48218e-05 
9.3744e-05 
9.24103e-05 
9.10691e-05 
8.98921e-05 
8.89614e-05 
8.8285e-05 
8.78269e-05 
8.75348e-05 
8.73579e-05 
8.72556e-05 
8.7199e-05 
8.71688e-05 
8.71533e-05 
8.71459e-05 
8.7143e-05 
8.7143e-05 
8.71459e-05 
8.71533e-05 
8.71688e-05 
8.7199e-05 
8.72556e-05 
8.73579e-05 
8.75348e-05 
8.78269e-05 
8.8285e-05 
8.89614e-05 
8.98921e-05 
9.10691e-05 
9.24103e-05 
9.3744e-05 
9.48219e-05 
9.53654e-05 
9.51307e-05 
9.39664e-05 
9.18484e-05 
8.88809e-05 
8.52883e-05 
8.13522e-05 
7.75907e-05 
7.42991e-05 
7.43155e-05 
7.76096e-05 
8.13745e-05 
8.53139e-05 
8.89093e-05 
9.18792e-05 
9.39988e-05 
9.51642e-05 
9.53994e-05 
9.48558e-05 
9.37775e-05 
9.24432e-05 
9.11013e-05 
8.99238e-05 
8.89926e-05 
8.83158e-05 
8.78575e-05 
8.75651e-05 
8.73882e-05 
8.72859e-05 
8.72292e-05 
8.71989e-05 
8.71835e-05 
8.71761e-05 
8.71731e-05 
8.71731e-05 
8.71761e-05 
8.71835e-05 
8.71989e-05 
8.72292e-05 
8.72859e-05 
8.73882e-05 
8.75651e-05 
8.78575e-05 
8.83158e-05 
8.89926e-05 
8.99238e-05 
9.11013e-05 
9.24432e-05 
9.37775e-05 
9.48558e-05 
9.53994e-05 
9.51642e-05 
9.39988e-05 
9.18792e-05 
8.89093e-05 
8.53139e-05 
8.13745e-05 
7.76096e-05 
7.43155e-05 
7.43446e-05 
7.76429e-05 
8.14138e-05 
8.53589e-05 
8.89596e-05 
9.19339e-05 
9.4057e-05 
9.52247e-05 
9.54612e-05 
9.4918e-05 
9.38393e-05 
9.25043e-05 
9.11614e-05 
8.99829e-05 
8.90508e-05 
8.83735e-05 
8.79147e-05 
8.76221e-05 
8.7445e-05 
8.73426e-05 
8.72859e-05 
8.72556e-05 
8.72402e-05 
8.72327e-05 
8.72298e-05 
8.72298e-05 
8.72327e-05 
8.72402e-05 
8.72556e-05 
8.72859e-05 
8.73426e-05 
8.7445e-05 
8.76221e-05 
8.79147e-05 
8.83735e-05 
8.90508e-05 
8.99829e-05 
9.11614e-05 
9.25043e-05 
9.38393e-05 
9.4918e-05 
9.54612e-05 
9.52247e-05 
9.4057e-05 
9.19339e-05 
8.89596e-05 
8.53589e-05 
8.14138e-05 
7.76429e-05 
7.43446e-05 
7.43942e-05 
7.76993e-05 
8.148e-05 
8.5435e-05 
8.9045e-05 
9.20274e-05 
9.41571e-05 
9.53298e-05 
9.55694e-05 
9.50275e-05 
9.39489e-05 
9.2613e-05 
9.12688e-05 
9.00889e-05 
8.91557e-05 
8.84774e-05 
8.80179e-05 
8.77249e-05 
8.75475e-05 
8.7445e-05 
8.73881e-05 
8.73579e-05 
8.73424e-05 
8.73349e-05 
8.7332e-05 
8.7332e-05 
8.73349e-05 
8.73424e-05 
8.73579e-05 
8.73881e-05 
8.7445e-05 
8.75475e-05 
8.77249e-05 
8.80179e-05 
8.84774e-05 
8.91557e-05 
9.00889e-05 
9.12688e-05 
9.2613e-05 
9.39489e-05 
9.50275e-05 
9.55694e-05 
9.53298e-05 
9.41571e-05 
9.20274e-05 
8.9045e-05 
8.5435e-05 
8.148e-05 
7.76993e-05 
7.43942e-05 
7.44755e-05 
7.77912e-05 
8.15876e-05 
8.55587e-05 
8.91842e-05 
9.21807e-05 
9.43224e-05 
9.55044e-05 
9.57505e-05 
9.52123e-05 
9.4135e-05 
9.27986e-05 
9.1453e-05 
9.02713e-05 
8.93364e-05 
8.86568e-05 
8.81964e-05 
8.79027e-05 
8.77249e-05 
8.76221e-05 
8.75651e-05 
8.75347e-05 
8.75192e-05 
8.75117e-05 
8.75088e-05 
8.75088e-05 
8.75117e-05 
8.75192e-05 
8.75347e-05 
8.75651e-05 
8.76221e-05 
8.77249e-05 
8.79027e-05 
8.81964e-05 
8.86568e-05 
8.93364e-05 
9.02713e-05 
9.1453e-05 
9.27986e-05 
9.4135e-05 
9.52123e-05 
9.57505e-05 
9.55044e-05 
9.43224e-05 
9.21807e-05 
8.91842e-05 
8.55587e-05 
8.15876e-05 
7.77912e-05 
7.44755e-05 
7.4604e-05 
7.79352e-05 
8.17551e-05 
8.5751e-05 
8.94012e-05 
9.24207e-05 
9.45828e-05 
9.57814e-05 
9.60398e-05 
9.55096e-05 
9.44364e-05 
9.31011e-05 
9.17545e-05 
9.0571e-05 
8.96341e-05 
8.89527e-05 
8.8491e-05 
8.81964e-05 
8.80179e-05 
8.79147e-05 
8.78574e-05 
8.78269e-05 
8.78113e-05 
8.78038e-05 
8.78008e-05 
8.78008e-05 
8.78038e-05 
8.78113e-05 
8.78269e-05 
8.78574e-05 
8.79147e-05 
8.80179e-05 
8.81964e-05 
8.8491e-05 
8.89527e-05 
8.96341e-05 
9.0571e-05 
9.17545e-05 
9.31011e-05 
9.44364e-05 
9.55096e-05 
9.60398e-05 
9.57814e-05 
9.45828e-05 
9.24207e-05 
8.94012e-05 
8.5751e-05 
8.17551e-05 
7.79352e-05 
7.4604e-05 
7.47985e-05 
7.81513e-05 
8.20044e-05 
8.60362e-05 
8.97231e-05 
9.2778e-05 
9.49722e-05 
9.61984e-05 
9.64785e-05 
9.59636e-05 
9.48998e-05 
9.35687e-05 
9.2223e-05 
9.10384e-05 
9.00995e-05 
8.94161e-05 
8.89527e-05 
8.86568e-05 
8.84774e-05 
8.83735e-05 
8.83158e-05 
8.8285e-05 
8.82692e-05 
8.82616e-05 
8.82586e-05 
8.82586e-05 
8.82616e-05 
8.82692e-05 
8.8285e-05 
8.83158e-05 
8.83735e-05 
8.84774e-05 
8.86568e-05 
8.89527e-05 
8.94161e-05 
9.00995e-05 
9.10384e-05 
9.2223e-05 
9.35687e-05 
9.48998e-05 
9.59636e-05 
9.64785e-05 
9.61984e-05 
9.49722e-05 
9.2778e-05 
8.97231e-05 
8.60362e-05 
8.20044e-05 
7.81513e-05 
7.47985e-05 
7.50801e-05 
7.84607e-05 
8.23574e-05 
8.64375e-05 
9.0175e-05 
9.32799e-05 
9.55214e-05 
9.67895e-05 
9.71043e-05 
9.66159e-05 
9.55701e-05 
9.42495e-05 
9.29086e-05 
9.17248e-05 
9.07848e-05 
9.00995e-05 
8.96341e-05 
8.93364e-05 
8.91557e-05 
8.90508e-05 
8.89925e-05 
8.89614e-05 
8.89454e-05 
8.89377e-05 
8.89347e-05 
8.89347e-05 
8.89377e-05 
8.89454e-05 
8.89614e-05 
8.89925e-05 
8.90508e-05 
8.91557e-05 
8.93364e-05 
8.96341e-05 
9.00995e-05 
9.07848e-05 
9.17248e-05 
9.29086e-05 
9.42495e-05 
9.55701e-05 
9.66159e-05 
9.71043e-05 
9.67895e-05 
9.55214e-05 
9.32799e-05 
9.0175e-05 
8.64375e-05 
8.23574e-05 
7.84607e-05 
7.50801e-05 
7.54682e-05 
7.8881e-05 
8.28298e-05 
8.69691e-05 
9.07701e-05 
9.39397e-05 
9.6244e-05 
9.75702e-05 
9.79357e-05 
9.74882e-05 
9.64726e-05 
9.51721e-05 
9.38425e-05 
9.26638e-05 
9.17248e-05 
9.10384e-05 
9.0571e-05 
9.02713e-05 
9.00889e-05 
8.99829e-05 
8.99238e-05 
8.98921e-05 
8.98759e-05 
8.9868e-05 
8.98649e-05 
8.98649e-05 
8.9868e-05 
8.98759e-05 
8.98921e-05 
8.99238e-05 
8.99829e-05 
9.00889e-05 
9.02713e-05 
9.0571e-05 
9.10384e-05 
9.17248e-05 
9.26638e-05 
9.38425e-05 
9.51721e-05 
9.64726e-05 
9.74882e-05 
9.79357e-05 
9.75702e-05 
9.6244e-05 
9.39397e-05 
9.07701e-05 
8.69691e-05 
8.28298e-05 
7.8881e-05 
7.54682e-05 
7.59747e-05 
7.94201e-05 
8.34234e-05 
8.7626e-05 
9.1497e-05 
9.474e-05 
9.71186e-05 
9.85166e-05 
9.89477e-05 
9.85567e-05 
9.75861e-05 
9.63181e-05 
9.50096e-05 
9.38425e-05 
9.29086e-05 
9.2223e-05 
9.17545e-05 
9.1453e-05 
9.12688e-05 
9.11614e-05 
9.11013e-05 
9.10691e-05 
9.10524e-05 
9.10444e-05 
9.10412e-05 
9.10412e-05 
9.10444e-05 
9.10524e-05 
9.10691e-05 
9.11013e-05 
9.11614e-05 
9.12688e-05 
9.1453e-05 
9.17545e-05 
9.2223e-05 
9.29086e-05 
9.38425e-05 
9.50096e-05 
9.63181e-05 
9.75861e-05 
9.85567e-05 
9.89477e-05 
9.85166e-05 
9.71186e-05 
9.474e-05 
9.1497e-05 
8.7626e-05 
8.34234e-05 
7.94201e-05 
7.59747e-05 
7.65972e-05 
8.00674e-05 
8.41156e-05 
8.83723e-05 
9.23057e-05 
9.56175e-05 
9.80697e-05 
9.95434e-05 
0.000100049 
9.97265e-05 
9.88149e-05 
9.75935e-05 
9.63181e-05 
9.51721e-05 
9.42495e-05 
9.35687e-05 
9.31011e-05 
9.27986e-05 
9.2613e-05 
9.25043e-05 
9.24432e-05 
9.24103e-05 
9.23933e-05 
9.2385e-05 
9.23817e-05 
9.23817e-05 
9.2385e-05 
9.23933e-05 
9.24103e-05 
9.24432e-05 
9.25043e-05 
9.2613e-05 
9.27986e-05 
9.31011e-05 
9.35687e-05 
9.42495e-05 
9.51721e-05 
9.63181e-05 
9.75935e-05 
9.88149e-05 
9.97265e-05 
0.000100049 
9.95434e-05 
9.80697e-05 
9.56175e-05 
9.23057e-05 
8.83723e-05 
8.41156e-05 
8.00674e-05 
7.65972e-05 
7.73118e-05 
8.07872e-05 
8.48532e-05 
8.9134e-05 
9.31002e-05 
9.64542e-05 
9.8959e-05 
0.000100495 
0.00010107 
0.00010082 
9.99769e-05 
9.88149e-05 
9.75861e-05 
9.64726e-05 
9.55701e-05 
9.48998e-05 
9.44364e-05 
9.4135e-05 
9.39489e-05 
9.38393e-05 
9.37775e-05 
9.3744e-05 
9.37265e-05 
9.37181e-05 
9.37147e-05 
9.37147e-05 
9.37181e-05 
9.37265e-05 
9.3744e-05 
9.37775e-05 
9.38393e-05 
9.39489e-05 
9.4135e-05 
9.44364e-05 
9.48998e-05 
9.55701e-05 
9.64726e-05 
9.75861e-05 
9.88149e-05 
9.99769e-05 
0.00010082 
0.00010107 
0.000100495 
9.8959e-05 
9.64542e-05 
9.31002e-05 
8.9134e-05 
8.48532e-05 
8.07872e-05 
7.73118e-05 
7.80705e-05 
8.15169e-05 
8.5552e-05 
8.98014e-05 
9.37431e-05 
9.7085e-05 
9.95956e-05 
0.000101158 
0.000101781 
0.000101593 
0.00010082 
9.97265e-05 
9.85567e-05 
9.74882e-05 
9.66159e-05 
9.59636e-05 
9.55096e-05 
9.52123e-05 
9.50275e-05 
9.4918e-05 
9.48557e-05 
9.48218e-05 
9.48041e-05 
9.47954e-05 
9.47919e-05 
9.47919e-05 
9.47954e-05 
9.48041e-05 
9.48218e-05 
9.48557e-05 
9.4918e-05 
9.50275e-05 
9.52123e-05 
9.55096e-05 
9.59636e-05 
9.66159e-05 
9.74882e-05 
9.85567e-05 
9.97265e-05 
0.00010082 
0.000101593 
0.000101781 
0.000101158 
9.95956e-05 
9.7085e-05 
9.37431e-05 
8.98014e-05 
8.5552e-05 
8.15169e-05 
7.80705e-05 
7.88045e-05 
8.21727e-05 
8.61065e-05 
9.0243e-05 
9.40756e-05 
9.73241e-05 
9.97684e-05 
0.0001013 
0.000101929 
0.000101781 
0.00010107 
0.000100049 
9.89477e-05 
9.79357e-05 
9.71043e-05 
9.64785e-05 
9.60398e-05 
9.57505e-05 
9.55694e-05 
9.54612e-05 
9.53994e-05 
9.53654e-05 
9.53475e-05 
9.53387e-05 
9.53352e-05 
9.53352e-05 
9.53387e-05 
9.53475e-05 
9.53654e-05 
9.53994e-05 
9.54612e-05 
9.55694e-05 
9.57505e-05 
9.60398e-05 
9.64785e-05 
9.71043e-05 
9.79357e-05 
9.89477e-05 
0.000100049 
0.00010107 
0.000101781 
0.000101929 
0.0001013 
9.97684e-05 
9.73241e-05 
9.40756e-05 
9.0243e-05 
8.61065e-05 
8.21727e-05 
7.88045e-05 
7.94358e-05 
8.26636e-05 
8.64084e-05 
9.03306e-05 
9.3949e-05 
9.70031e-05 
9.92913e-05 
0.000100719 
0.0001013 
0.000101158 
0.000100495 
9.95434e-05 
9.85166e-05 
9.75702e-05 
9.67895e-05 
9.61984e-05 
9.57814e-05 
9.55044e-05 
9.53298e-05 
9.52247e-05 
9.51642e-05 
9.51307e-05 
9.51129e-05 
9.51041e-05 
9.51005e-05 
9.51005e-05 
9.51041e-05 
9.51129e-05 
9.51307e-05 
9.51642e-05 
9.52247e-05 
9.53298e-05 
9.55044e-05 
9.57814e-05 
9.61984e-05 
9.67895e-05 
9.75702e-05 
9.85166e-05 
9.95434e-05 
0.000100495 
0.000101158 
0.0001013 
0.000100719 
9.92913e-05 
9.70031e-05 
9.3949e-05 
9.03306e-05 
8.64084e-05 
8.26636e-05 
7.94358e-05 
7.98937e-05 
8.29103e-05 
8.63693e-05 
8.99662e-05 
9.32568e-05 
9.60086e-05 
9.80457e-05 
9.92913e-05 
9.97684e-05 
9.95956e-05 
9.8959e-05 
9.80697e-05 
9.71186e-05 
9.6244e-05 
9.55214e-05 
9.49722e-05 
9.45828e-05 
9.43224e-05 
9.41571e-05 
9.4057e-05 
9.39988e-05 
9.39663e-05 
9.3949e-05 
9.39403e-05 
9.39368e-05 
9.39368e-05 
9.39403e-05 
9.3949e-05 
9.39663e-05 
9.39988e-05 
9.4057e-05 
9.41571e-05 
9.43224e-05 
9.45828e-05 
9.49722e-05 
9.55214e-05 
9.6244e-05 
9.71186e-05 
9.80697e-05 
9.8959e-05 
9.95956e-05 
9.97684e-05 
9.92913e-05 
9.80457e-05 
9.60086e-05 
9.32568e-05 
8.99662e-05 
8.63693e-05 
8.29103e-05 
7.98937e-05 
8.0132e-05 
8.28629e-05 
8.59396e-05 
8.91031e-05 
9.19584e-05 
9.43086e-05 
9.60086e-05 
9.70031e-05 
9.73241e-05 
9.7085e-05 
9.64542e-05 
9.56175e-05 
9.474e-05 
9.39397e-05 
9.32799e-05 
9.2778e-05 
9.24207e-05 
9.21807e-05 
9.20274e-05 
9.19339e-05 
9.18791e-05 
9.18484e-05 
9.18318e-05 
9.18235e-05 
9.18201e-05 
9.18201e-05 
9.18235e-05 
9.18318e-05 
9.18484e-05 
9.18791e-05 
9.19339e-05 
9.20274e-05 
9.21807e-05 
9.24207e-05 
9.2778e-05 
9.32799e-05 
9.39397e-05 
9.474e-05 
9.56175e-05 
9.64542e-05 
9.7085e-05 
9.73241e-05 
9.70031e-05 
9.60086e-05 
9.43086e-05 
9.19584e-05 
8.91031e-05 
8.59396e-05 
8.28629e-05 
8.0132e-05 
8.01401e-05 
8.25112e-05 
8.51178e-05 
8.77548e-05 
9.00873e-05 
9.19584e-05 
9.32568e-05 
9.3949e-05 
9.40756e-05 
9.37431e-05 
9.31002e-05 
9.23057e-05 
9.1497e-05 
9.07701e-05 
9.0175e-05 
8.97231e-05 
8.94012e-05 
8.91842e-05 
8.9045e-05 
8.89596e-05 
8.89093e-05 
8.88809e-05 
8.88654e-05 
8.88576e-05 
8.88544e-05 
8.88544e-05 
8.88576e-05 
8.88654e-05 
8.88809e-05 
8.89093e-05 
8.89596e-05 
8.9045e-05 
8.91842e-05 
8.94012e-05 
8.97231e-05 
9.0175e-05 
9.07701e-05 
9.1497e-05 
9.23057e-05 
9.31002e-05 
9.37431e-05 
9.40756e-05 
9.3949e-05 
9.32568e-05 
9.19584e-05 
9.00873e-05 
8.77548e-05 
8.51178e-05 
8.25112e-05 
8.01401e-05 
7.99485e-05 
8.18901e-05 
8.39561e-05 
8.60003e-05 
8.77548e-05 
8.91031e-05 
8.99662e-05 
9.03306e-05 
9.0243e-05 
8.98014e-05 
8.9134e-05 
8.83723e-05 
8.7626e-05 
8.69691e-05 
8.64375e-05 
8.60362e-05 
8.5751e-05 
8.55587e-05 
8.5435e-05 
8.53589e-05 
8.53138e-05 
8.52882e-05 
8.52743e-05 
8.52672e-05 
8.52642e-05 
8.52642e-05 
8.52672e-05 
8.52743e-05 
8.52882e-05 
8.53138e-05 
8.53589e-05 
8.5435e-05 
8.55587e-05 
8.5751e-05 
8.60362e-05 
8.64375e-05 
8.69691e-05 
8.7626e-05 
8.83723e-05 
8.9134e-05 
8.98014e-05 
9.0243e-05 
9.03306e-05 
8.99662e-05 
8.91031e-05 
8.77548e-05 
8.60003e-05 
8.39561e-05 
8.18901e-05 
7.99485e-05 
7.96133e-05 
8.10604e-05 
8.25368e-05 
8.39561e-05 
8.51178e-05 
8.59396e-05 
8.63693e-05 
8.64084e-05 
8.61065e-05 
8.5552e-05 
8.48532e-05 
8.41156e-05 
8.34234e-05 
8.28298e-05 
8.23574e-05 
8.20044e-05 
8.17551e-05 
8.15876e-05 
8.148e-05 
8.14138e-05 
8.13745e-05 
8.13521e-05 
8.13399e-05 
8.13337e-05 
8.13311e-05 
8.13311e-05 
8.13337e-05 
8.13399e-05 
8.13521e-05 
8.13745e-05 
8.14138e-05 
8.148e-05 
8.15876e-05 
8.17551e-05 
8.20044e-05 
8.23574e-05 
8.28298e-05 
8.34234e-05 
8.41156e-05 
8.48532e-05 
8.5552e-05 
8.61065e-05 
8.64084e-05 
8.63693e-05 
8.59396e-05 
8.51178e-05 
8.39561e-05 
8.25368e-05 
8.10604e-05 
7.96133e-05 
7.9246e-05 
8.01666e-05 
8.10604e-05 
8.18901e-05 
8.25112e-05 
8.28629e-05 
8.29103e-05 
8.26636e-05 
8.21727e-05 
8.15169e-05 
8.07872e-05 
8.00674e-05 
7.94201e-05 
7.8881e-05 
7.84607e-05 
7.81513e-05 
7.79352e-05 
7.77912e-05 
7.76993e-05 
7.76429e-05 
7.76096e-05 
7.75907e-05 
7.75803e-05 
7.75751e-05 
7.75729e-05 
7.75729e-05 
7.75751e-05 
7.75803e-05 
7.75907e-05 
7.76096e-05 
7.76429e-05 
7.76993e-05 
7.77912e-05 
7.79352e-05 
7.81513e-05 
7.84607e-05 
7.8881e-05 
7.94201e-05 
8.00674e-05 
8.07872e-05 
8.15169e-05 
8.21727e-05 
8.26636e-05 
8.29103e-05 
8.28629e-05 
8.25112e-05 
8.18901e-05 
8.10604e-05 
8.01666e-05 
7.9246e-05 
7.88526e-05 
7.9246e-05 
7.96133e-05 
7.99485e-05 
8.01401e-05 
8.0132e-05 
7.98937e-05 
7.94358e-05 
7.88045e-05 
7.80705e-05 
7.73118e-05 
7.65972e-05 
7.59747e-05 
7.54682e-05 
7.50801e-05 
7.47985e-05 
7.4604e-05 
7.44755e-05 
7.43942e-05 
7.43446e-05 
7.43155e-05 
7.4299e-05 
7.42901e-05 
7.42855e-05 
7.42837e-05 
7.42837e-05 
7.42855e-05 
7.42901e-05 
7.4299e-05 
7.43155e-05 
7.43446e-05 
7.43942e-05 
7.44755e-05 
7.4604e-05 
7.47985e-05 
7.50801e-05 
7.54682e-05 
7.59747e-05 
7.65972e-05 
7.73118e-05 
7.80705e-05 
7.88045e-05 
7.94358e-05 
7.98937e-05 
8.0132e-05 
8.01401e-05 
7.99485e-05 
7.96133e-05 
7.9246e-05 
7.88526e-05 
