109.658 -0.28426 -5.96156 
122.521 -0.0307687 -6.27048 
135.35 0.111298 -6.46323 
148.155 0.226481 -6.62063 
160.964 0.32532 -6.78625 
173.843 0.412042 -6.97748 
186.88 0.487587 -7.19545 
200.155 0.550743 -7.43417 
213.732 0.603182 -7.68853 
227.658 0.648079 -7.952 
241.975 0.681603 -8.21996 
256.71 0.706062 -8.48631 
271.881 0.719956 -8.74565 
287.494 0.724936 -8.99372 
303.55 0.719851 -9.22738 
320.041 0.704613 -9.44162 
336.953 0.680396 -9.63373 
354.274 0.642421 -9.80124 
371.979 0.596223 -9.93709 
390.026 0.543013 -10.0431 
408.384 0.48015 -10.1185 
427.022 0.407022 -10.155 
445.879 0.330025 -10.1535 
464.91 0.245755 -10.1166 
484.055 0.160808 -10.0375 
503.255 0.0689958 -9.92099 
522.443 -0.0175222 -9.76416 
541.554 -0.106872 -9.56801 
560.505 -0.187484 -9.32849 
579.21 -0.260995 -9.05595 
597.599 -0.32558 -8.74595 
615.586 -0.380629 -8.40032 
633.071 -0.414503 -8.02274 
649.97 -0.434555 -7.61984 
666.203 -0.434366 -7.18903 
681.68 -0.414276 -6.73902 
696.325 -0.372282 -6.2716 
710.058 -0.306349 -5.79039 
722.808 -0.217746 -5.30359 
734.514 -0.103746 -4.80999 
745.12 0.0308656 -4.31851 
754.581 0.187198 -3.83161 
762.854 0.367038 -3.34936 
769.908 0.564829 -2.88289 
775.735 0.779427 -2.43422 
780.329 1.00816 -2.00659 
783.71 1.24214 -1.61706 
786.064 1.39324 -1.38783 
787.889 1.73047 -0.565165 
108.442 -0.202935 -7.68245 
123.326 0.141146 -7.42877 
137.242 0.369931 -7.52441 
150.842 0.521359 -7.6714 
164.319 0.641476 -7.83703 
177.781 0.741081 -8.02593 
191.326 0.825509 -8.23922 
205.038 0.896758 -8.47104 
218.983 0.954164 -8.71581 
233.214 1.00047 -8.96404 
247.767 1.03275 -9.20812 
262.664 1.05138 -9.44363 
277.926 1.05431 -9.66444 
293.555 1.04355 -9.86462 
309.552 1.01612 -10.0412 
325.905 0.974219 -10.1893 
342.603 0.915229 -10.3072 
359.625 0.840913 -10.3916 
376.948 0.750907 -10.4408 
394.544 0.645095 -10.4504 
412.377 0.524789 -10.4216 
430.413 0.39086 -10.3539 
448.614 0.243181 -10.2469 
466.934 0.0875711 -10.0994 
485.321 -0.0766721 -9.91187 
503.724 -0.248773 -9.68303 
522.089 -0.42664 -9.41992 
540.362 -0.605936 -9.11718 
558.478 -0.785645 -8.78067 
576.372 -0.960814 -8.40902 
593.971 -1.12944 -8.00743 
611.211 -1.29194 -7.57818 
628.018 -1.43984 -7.12204 
644.315 -1.57468 -6.64197 
660.028 -1.69304 -6.14646 
675.089 -1.79147 -5.63468 
689.423 -1.86828 -5.11266 
702.966 -1.92451 -4.58432 
715.652 -1.95429 -4.05213 
727.421 -1.96065 -3.52245 
738.219 -1.94069 -2.99693 
748 -1.89609 -2.48267 
756.725 -1.82571 -1.98006 
764.356 -1.7299 -1.49387 
770.871 -1.61043 -1.02964 
776.258 -1.46945 -0.589905 
780.518 -1.30807 -0.178877 
783.671 -1.13829 0.187435 
785.877 -1.02251 0.405535 
787.277 -0.488352 1.22129 
125.448 0.464793 -8.47301 
140.604 0.585218 -8.31904 
155.199 0.743762 -8.35138 
169.5 0.880541 -8.46743 
183.664 0.997995 -8.61927 
197.806 1.09581 -8.79552 
212.022 1.17517 -8.98796 
226.386 1.23853 -9.18728 
240.948 1.28618 -9.38582 
255.747 1.31759 -9.57486 
270.802 1.334 -9.7488 
286.128 1.33222 -9.90474 
301.73 1.31604 -10.0363 
317.605 1.28151 -10.1405 
333.745 1.23067 -10.2169 
350.137 1.16496 -10.2607 
366.762 1.08281 -10.2736 
383.603 0.98542 -10.2538 
400.634 0.875312 -10.201 
417.828 0.752644 -10.1151 
435.152 0.619528 -9.99655 
452.577 0.475264 -9.84721 
470.065 0.325326 -9.66482 
487.58 0.165275 -9.45219 
505.079 0.00357926 -9.20998 
522.515 -0.160032 -8.93986 
539.843 -0.325276 -8.64475 
557.018 -0.488862 -8.32324 
573.984 -0.647787 -7.9784 
590.687 -0.800275 -7.60979 
607.068 -0.945802 -7.22231 
623.069 -1.07967 -6.81723 
638.631 -1.20188 -6.39428 
653.687 -1.30851 -5.9586 
668.177 -1.39905 -5.51181 
682.043 -1.47372 -5.05636 
695.222 -1.5278 -4.59442 
707.657 -1.563 -4.13014 
719.295 -1.57837 -3.66486 
730.084 -1.5715 -3.20295 
739.978 -1.54416 -2.74647 
748.936 -1.49575 -2.2995 
756.926 -1.42658 -1.86319 
763.917 -1.33678 -1.44185 
769.889 -1.22797 -1.03847 
774.833 -1.1017 -0.656566 
778.749 -0.959997 -0.298356 
781.657 -0.814464 0.0211451 
783.728 -0.725063 0.179539 
785.043 -0.0912575 1.07771 
144.776 0.71069 -8.79499 
160.061 0.789014 -8.77498 
175.107 0.890283 -8.81207 
189.953 0.990519 -8.88874 
204.672 1.07681 -8.98789 
219.349 1.1442 -9.10147 
234.061 1.19244 -9.21926 
248.866 1.22032 -9.33362 
263.805 1.23215 -9.43629 
278.901 1.22555 -9.52286 
294.169 1.20203 -9.59007 
309.616 1.1636 -9.63552 
325.243 1.10885 -9.65555 
341.044 1.03908 -9.65213 
357.013 0.956285 -9.623 
373.137 0.860636 -9.56742 
389.4 0.753121 -9.48837 
405.787 0.636176 -9.38419 
422.279 0.508952 -9.25641 
438.852 0.37652 -9.10446 
455.479 0.236391 -8.93056 
472.137 0.0916939 -8.73646 
488.796 -0.055327 -8.52089 
505.421 -0.202418 -8.28645 
521.98 -0.350838 -8.0317 
538.436 -0.497684 -7.76057 
554.748 -0.639419 -7.47277 
570.875 -0.777319 -7.16845 
586.773 -0.908855 -6.84921 
602.395 -1.03066 -6.51495 
617.688 -1.14381 -6.16957 
632.605 -1.24481 -5.81077 
647.09 -1.33368 -5.44166 
661.09 -1.40821 -5.06324 
674.551 -1.46802 -4.6776 
687.417 -1.51098 -4.28582 
699.637 -1.53867 -3.88929 
711.161 -1.54857 -3.49135 
721.939 -1.54084 -3.09287 
731.927 -1.51577 -2.69588 
741.084 -1.47321 -2.30368 
749.374 -1.41341 -1.91802 
756.767 -1.33679 -1.54114 
763.238 -1.24372 -1.17557 
768.769 -1.13559 -0.824336 
773.353 -1.01395 -0.48995 
776.988 -0.879969 -0.173589 
779.693 -0.747274 0.106707 
781.667 -0.680026 0.214836 
782.9 0.0205922 1.20011 
165.033 0.77688 -8.92115 
180.448 0.827326 -8.93689 
195.76 0.884917 -8.94841 
210.917 0.940859 -8.9631 
225.937 0.985717 -8.98479 
240.877 1.01219 -9.01121 
255.795 1.02022 -9.03625 
270.739 1.01041 -9.05516 
285.742 0.984958 -9.06094 
300.822 0.944328 -9.05289 
315.993 0.889694 -9.0285 
331.262 0.821968 -8.98681 
346.632 0.742818 -8.92838 
362.101 0.653897 -8.85286 
377.663 0.555407 -8.75964 
393.312 0.448081 -8.65089 
409.038 0.335551 -8.5261 
424.827 0.216431 -8.38519 
440.664 0.0932248 -8.22943 
456.534 -0.0350216 -8.05939 
472.416 -0.16249 -7.87556 
488.286 -0.292271 -7.67805 
504.122 -0.421964 -7.46584 
519.897 -0.551654 -7.24211 
535.579 -0.675869 -7.00497 
551.137 -0.798793 -6.75679 
566.538 -0.915353 -6.49516 
581.742 -1.02737 -6.22354 
596.714 -1.13083 -5.94044 
611.408 -1.22635 -5.64645 
625.781 -1.31144 -5.34312 
639.788 -1.38721 -5.03043 
653.38 -1.44933 -4.70937 
666.508 -1.49959 -4.38077 
679.122 -1.53581 -4.0454 
691.175 -1.5585 -3.7046 
702.617 -1.56603 -3.36027 
713.402 -1.55877 -3.01278 
723.487 -1.53702 -2.66442 
732.829 -1.49984 -2.31681 
741.393 -1.4481 -1.97212 
749.145 -1.38213 -1.6322 
756.06 -1.30209 -1.29908 
762.113 -1.20871 -0.974982 
767.291 -1.10293 -0.662295 
771.584 -0.986007 -0.362785 
774.991 -0.859464 -0.0773781 
777.534 -0.738603 0.171008 
779.433 -0.688556 0.245647 
780.565 0.0677915 1.29014 
185.355 0.729469 -8.83466 
200.781 0.745766 -8.83853 
216.142 0.76579 -8.79718 
231.343 0.782256 -8.74322 
246.386 0.78774 -8.69043 
261.31 0.779931 -8.64104 
276.163 0.757537 -8.59189 
290.985 0.721562 -8.53974 
305.807 0.673913 -8.48043 
320.648 0.615071 -8.41412 
335.523 0.547234 -8.33905 
350.441 0.470775 -8.25506 
365.409 0.387204 -8.16157 
380.428 0.297277 -8.05823 
395.495 0.201819 -7.94566 
410.608 0.102239 -7.82367 
425.759 -0.00119154 -7.69075 
440.938 -0.108245 -7.5491 
456.134 -0.215976 -7.39692 
471.331 -0.325632 -7.2349 
486.514 -0.436326 -7.06106 
501.662 -0.54713 -6.87834 
516.755 -0.65608 -6.68497 
531.768 -0.763387 -6.48211 
546.677 -0.867804 -6.2673 
561.448 -0.968208 -6.0436 
576.055 -1.06483 -5.80919 
590.462 -1.15521 -5.56635 
604.636 -1.23821 -5.31228 
618.535 -1.31475 -5.04979 
632.122 -1.38157 -4.7779 
645.353 -1.43962 -4.49877 
658.186 -1.48616 -4.21052 
670.575 -1.52177 -3.91582 
682.474 -1.5453 -3.61467 
693.838 -1.55576 -3.30823 
704.623 -1.55348 -2.99704 
714.784 -1.53857 -2.683 
724.282 -1.50998 -2.36738 
733.079 -1.46869 -2.05163 
741.141 -1.41459 -1.73807 
748.439 -1.34799 -1.42843 
754.948 -1.26927 -1.12457 
760.648 -1.17901 -0.828509 
765.525 -1.07802 -0.542153 
769.572 -0.967143 -0.266854 
772.785 -0.847788 -0.00376933 
775.189 -0.738186 0.220537 
777.023 -0.701396 0.273589 
778.05 0.0991655 1.35163 
205.018 0.595889 -8.55604 
220.295 0.586817 -8.53213 
235.5 0.579266 -8.44138 
250.528 0.568777 -8.33772 
265.382 0.549841 -8.23822 
280.098 0.521737 -8.14578 
294.716 0.485624 -8.05832 
309.272 0.440149 -7.97405 
323.796 0.387576 -7.88998 
338.306 0.32887 -7.80494 
352.819 0.264012 -7.71721 
367.346 0.194487 -7.62576 
381.893 0.119941 -7.52997 
396.463 0.0418983 -7.42896 
411.056 -0.0393287 -7.32204 
425.668 -0.123138 -7.20776 
440.292 -0.209736 -7.08576 
454.919 -0.298418 -6.95618 
469.541 -0.388633 -6.81687 
484.142 -0.480678 -6.66995 
498.708 -0.571768 -6.51318 
513.219 -0.662934 -6.34683 
527.657 -0.754407 -6.17031 
542 -0.844118 -5.98414 
556.223 -0.931769 -5.78737 
570.301 -1.01672 -5.58129 
584.205 -1.09774 -5.36562 
597.906 -1.17455 -5.14049 
611.371 -1.24543 -4.90529 
624.564 -1.30965 -4.66196 
637.45 -1.3669 -4.40973 
649.99 -1.41535 -4.15012 
662.145 -1.45432 -3.88177 
673.872 -1.4836 -3.6073 
685.13 -1.50166 -3.32614 
695.876 -1.50876 -3.03933 
706.068 -1.50403 -2.74797 
715.667 -1.48779 -2.45355 
724.635 -1.45971 -2.15684 
732.936 -1.42022 -1.86013 
740.541 -1.36937 -1.56528 
747.423 -1.3074 -1.27408 
753.561 -1.23458 -0.988598 
758.937 -1.15117 -0.710594 
763.538 -1.05785 -0.441717 
767.358 -0.955174 -0.182963 
770.392 -0.844678 0.064018 
772.669 -0.74641 0.270251 
774.435 -0.720646 0.308954 
775.358 0.111574 1.40071 
223.512 0.415917 -8.15917 
238.525 0.395094 -8.1148 
253.448 0.375726 -7.99974 
268.188 0.35337 -7.87924 
282.758 0.326778 -7.7684 
297.193 0.295789 -7.66811 
311.526 0.259508 -7.57694 
325.79 0.219241 -7.49309 
340.009 0.174577 -7.41322 
354.203 0.126398 -7.33517 
368.384 0.0745809 -7.25738 
382.562 0.0196969 -7.17772 
396.743 -0.0383965 -7.0952 
410.927 -0.099676 -7.00826 
425.113 -0.16252 -6.91445 
439.296 -0.229499 -6.81407 
453.47 -0.298516 -6.70682 
467.625 -0.368352 -6.59038 
481.748 -0.441373 -6.46483 
495.829 -0.515803 -6.33036 
509.852 -0.591073 -6.18428 
523.799 -0.668166 -6.02879 
537.653 -0.744919 -5.86349 
551.393 -0.820769 -5.68687 
564.997 -0.897133 -5.5006 
578.443 -0.970465 -5.30411 
591.702 -1.04162 -5.09719 
604.75 -1.11011 -4.88094 
617.557 -1.17422 -4.65512 
630.092 -1.23249 -4.42021 
642.321 -1.28571 -4.17761 
654.211 -1.33071 -3.92644 
665.725 -1.36849 -3.66779 
676.826 -1.39699 -3.4029 
687.474 -1.41577 -3.1313 
697.629 -1.42436 -2.85424 
707.254 -1.42273 -2.5727 
716.311 -1.41013 -2.28765 
724.765 -1.38728 -2.00045 
732.584 -1.35415 -1.71338 
739.741 -1.31079 -1.42819 
746.215 -1.25763 -1.14719 
751.986 -1.19444 -0.872446 
757.04 -1.12134 -0.605727 
761.367 -1.0385 -0.348445 
764.96 -0.946354 -0.10153 
767.815 -0.846076 0.133402 
769.964 -0.760002 0.325725 
771.655 -0.744923 0.353585 
772.477 0.109197 1.44528 
240.637 0.228444 -7.74358 
255.358 0.213153 -7.69647 
269.975 0.195318 -7.58595 
284.42 0.175667 -7.47786 
298.718 0.153725 -7.38217 
312.896 0.130234 -7.29873 
326.983 0.104749 -7.22583 
341.006 0.0770828 -7.16027 
354.984 0.0469827 -7.09942 
368.931 0.0149324 -7.04009 
382.856 -0.0200455 -6.98065 
396.765 -0.0574461 -6.91863 
410.66 -0.097612 -6.85262 
424.539 -0.140481 -6.78064 
438.398 -0.186362 -6.70086 
452.229 -0.234822 -6.61366 
466.026 -0.286869 -6.51734 
479.778 -0.34113 -6.40999 
493.471 -0.398472 -6.29311 
507.094 -0.457984 -6.16477 
520.63 -0.520327 -6.02461 
534.064 -0.584577 -5.87397 
547.38 -0.650335 -5.71137 
560.559 -0.717899 -5.53789 
573.58 -0.78392 -5.35301 
586.424 -0.852002 -5.15733 
599.067 -0.91764 -4.95118 
611.485 -0.982043 -4.73592 
623.654 -1.04311 -4.51079 
635.545 -1.10054 -4.27661 
647.13 -1.15329 -4.03505 
658.38 -1.20009 -3.78515 
669.26 -1.23992 -3.52881 
679.738 -1.27182 -3.26586 
689.777 -1.29519 -2.99683 
699.341 -1.30899 -2.72229 
708.394 -1.31347 -2.44318 
716.901 -1.30847 -2.16029 
724.83 -1.29415 -1.87569 
732.152 -1.27056 -1.59113 
738.846 -1.23829 -1.30898 
744.892 -1.19714 -1.03198 
750.277 -1.147 -0.762365 
754.992 -1.08744 -0.502136 
759.028 -1.01805 -0.252587 
762.38 -0.938714 -0.0144003 
765.044 -0.850979 0.210629 
767.056 -0.777327 0.391625 
768.66 -0.773939 0.409816 
769.385 0.0948609 1.49284 
256.488 0.0670398 -7.39492 
270.972 0.0666471 -7.36005 
285.344 0.0612755 -7.27448 
299.567 0.0530244 -7.19601 
313.668 0.0434637 -7.13029 
327.672 0.0338014 -7.07573 
341.602 0.0234625 -7.03006 
355.473 0.0124913 -6.98973 
369.301 -0.000363892 -6.95221 
383.092 -0.0149533 -6.91448 
396.851 -0.031343 -6.87444 
410.578 -0.0506658 -6.82988 
424.271 -0.0724653 -6.77888 
437.924 -0.0975844 -6.71985 
451.53 -0.125738 -6.65126 
465.08 -0.157879 -6.57277 
478.564 -0.19344 -6.48322 
491.97 -0.232757 -6.38093 
505.282 -0.27552 -6.2661 
518.49 -0.323507 -6.13895 
531.579 -0.373943 -5.99904 
544.533 -0.427994 -5.84665 
557.336 -0.484422 -5.68055 
569.971 -0.544704 -5.50256 
582.423 -0.606831 -5.31177 
594.671 -0.669997 -5.11069 
606.698 -0.733728 -4.89767 
618.483 -0.797706 -4.67532 
630.006 -0.860272 -4.44324 
641.243 -0.920211 -4.20266 
652.17 -0.977197 -3.95524 
662.762 -1.02843 -3.69999 
672.99 -1.07473 -3.43892 
682.826 -1.11393 -3.17232 
692.235 -1.14449 -2.90005 
701.185 -1.16666 -2.62245 
709.64 -1.18016 -2.3406 
717.57 -1.18466 -2.05499 
724.942 -1.18096 -1.76736 
731.734 -1.16953 -1.47981 
737.927 -1.15075 -1.19534 
743.507 -1.12468 -0.916972 
748.468 -1.0909 -0.647859 
752.806 -1.04825 -0.390315 
756.519 -0.995659 -0.145642 
759.603 -0.932317 0.0855842 
762.056 -0.859075 0.301898 
763.913 -0.799664 0.472624 
765.417 -0.808289 0.480991 
766.046 0.068623 1.54945 
271.358 -0.0549639 -7.16299 
285.713 -0.031676 -7.1488 
299.953 -0.0207511 -7.0975 
314.066 -0.0123282 -7.05591 
328.082 -0.00540534 -7.02543 
342.021 0.00182292 -7.00354 
355.899 0.00921705 -6.98747 
369.724 0.016252 -6.97393 
383.501 0.0223909 -6.9605 
397.234 0.0269077 -6.94419 
410.919 0.0294979 -6.92265 
424.551 0.0293738 -6.89432 
438.124 0.0267918 -6.85631 
451.627 0.0197226 -6.8084 
465.051 0.0095912 -6.74831 
478.382 -0.00514026 -6.67581 
491.607 -0.024048 -6.58867 
504.714 -0.0492061 -6.48761 
517.687 -0.0781112 -6.37142 
530.511 -0.112593 -6.24073 
543.175 -0.153152 -6.0947 
555.661 -0.197838 -5.93327 
567.958 -0.248809 -5.75758 
580.048 -0.302732 -5.56801 
591.919 -0.36208 -5.36496 
603.554 -0.424111 -5.1491 
614.941 -0.489685 -4.92179 
626.063 -0.556381 -4.68442 
636.905 -0.62407 -4.43755 
647.45 -0.69142 -4.18317 
657.679 -0.755785 -3.92186 
667.573 -0.817591 -3.65439 
677.107 -0.873993 -3.383 
686.259 -0.923796 -3.10721 
694.998 -0.965747 -2.8269 
703.293 -0.998887 -2.54251 
711.111 -1.02311 -2.25386 
718.42 -1.03913 -1.96114 
725.19 -1.04761 -1.66593 
731.401 -1.04976 -1.3705 
737.036 -1.04654 -1.07815 
742.093 -1.03839 -0.793049 
746.571 -1.02454 -0.519571 
750.478 -1.00311 -0.261047 
753.819 -0.971594 -0.0191344 
756.595 -0.927805 0.206107 
758.806 -0.872315 0.413654 
760.488 -0.828318 0.574024 
761.877 -0.85065 0.571392 
762.41 0.029714 1.62068 
285.633 -0.131225 -7.06745 
299.997 -0.0829822 -7.07665 
314.236 -0.0513043 -7.06302 
328.369 -0.0241097 -7.05976 
342.426 0.00147283 -7.06607 
356.421 0.0281434 -7.07803 
370.363 0.0551234 -7.09293 
384.253 0.0827501 -7.10731 
398.089 0.109529 -7.11893 
411.866 0.135332 -7.12506 
425.575 0.159544 -7.12309 
439.205 0.181097 -7.11126 
452.744 0.199828 -7.08666 
466.176 0.213682 -7.04977 
479.488 0.223859 -6.99699 
492.662 0.228741 -6.9279 
505.682 0.226927 -6.84175 
518.532 0.219139 -6.73876 
531.196 0.204873 -6.61637 
543.659 0.182591 -6.4767 
555.907 0.1535 -6.31884 
567.926 0.116415 -6.14286 
579.702 0.0724218 -5.95025 
591.225 0.0209669 -5.74049 
602.481 -0.0371905 -5.51599 
613.462 -0.10186 -5.27723 
624.156 -0.17128 -5.02597 
634.556 -0.245774 -4.76361 
644.651 -0.323341 -4.49222 
654.432 -0.402331 -4.21316 
663.889 -0.482304 -3.92857 
673.01 -0.559624 -3.64068 
681.781 -0.633207 -3.35104 
690.182 -0.699784 -3.05976 
698.189 -0.757954 -2.76704 
705.773 -0.806084 -2.47216 
712.899 -0.843729 -2.17352 
719.532 -0.872324 -1.87025 
725.641 -0.894034 -1.56319 
731.205 -0.910737 -1.25483 
736.213 -0.924409 -0.948965 
740.668 -0.936389 -0.650849 
744.583 -0.946411 -0.366906 
747.982 -0.951644 -0.10293 
750.884 -0.947053 0.138662 
753.297 -0.928507 0.3582 
755.227 -0.894722 0.555565 
756.708 -0.868385 0.704046 
757.966 -0.905463 0.687804 
758.409 -0.0258553 1.71304 
299.722 -0.164362 -7.11171 
314.239 -0.0885002 -7.14571 
328.625 -0.0347988 -7.17081 
342.919 0.0134972 -7.20854 
357.154 0.061457 -7.25401 
371.339 0.110053 -7.30321 
385.476 0.160682 -7.35286 
399.559 0.212254 -7.39952 
413.577 0.264427 -7.44077 
427.518 0.315997 -7.47352 
441.367 0.36631 -7.49512 
455.104 0.41418 -7.50369 
468.711 0.459105 -7.49639 
482.165 0.500121 -7.47165 
495.447 0.533946 -7.42764 
508.536 0.562683 -7.36304 
521.409 0.583602 -7.27722 
534.048 0.59591 -7.16885 
546.434 0.599036 -7.03699 
558.55 0.591929 -6.88318 
570.381 0.574376 -6.70639 
581.915 0.546177 -6.50768 
593.139 0.507173 -6.28752 
604.044 0.456629 -6.04809 
614.625 0.39652 -5.79057 
624.874 0.326523 -5.5165 
634.788 0.247368 -5.22767 
644.365 0.160092 -4.92707 
653.604 0.0664771 -4.61611 
662.505 -0.0331835 -4.2982 
671.068 -0.135684 -3.97656 
679.294 -0.239166 -3.65354 
687.182 -0.34068 -3.33288 
694.724 -0.436088 -3.01618 
701.905 -0.520606 -2.70414 
708.697 -0.591507 -2.39505 
715.062 -0.64698 -2.08425 
720.954 -0.689923 -1.76797 
726.335 -0.724957 -1.44558 
731.177 -0.756095 -1.11954 
735.472 -0.786498 -0.794002 
739.226 -0.819529 -0.474607 
742.472 -0.857403 -0.171325 
745.255 -0.896415 0.104961 
747.623 -0.927655 0.349324 
749.6 -0.942365 0.562891 
751.197 -0.936759 0.747003 
752.447 -0.930302 0.880864 
753.564 -0.982979 0.850502 
753.924 -0.113164 1.84411 
314.031 -0.156303 -7.29902 
328.863 -0.0502352 -7.3607 
343.554 0.0284996 -7.43006 
358.17 0.102324 -7.51458 
372.743 0.176413 -7.60643 
387.279 0.253246 -7.7014 
401.771 0.33311 -7.79511 
416.208 0.415749 -7.88456 
430.569 0.50087 -7.96592 
444.832 0.586469 -8.03645 
458.973 0.67243 -8.09212 
472.963 0.756223 -8.13033 
486.775 0.836586 -8.14782 
500.378 0.91175 -8.14288 
513.741 0.981662 -8.11224 
526.838 1.04106 -8.05424 
539.639 1.0919 -7.96718 
552.119 1.13004 -7.85034 
564.258 1.15509 -7.70318 
576.033 1.16595 -7.52637 
587.431 1.16168 -7.31961 
598.438 1.14152 -7.08421 
609.046 1.1052 -6.82187 
619.249 1.05275 -6.53532 
629.046 0.984655 -6.22594 
638.438 0.902385 -5.89616 
647.429 0.805365 -5.54965 
656.025 0.696264 -5.189 
664.236 0.575832 -4.81687 
672.071 0.445316 -4.43792 
679.547 0.307032 -4.05518 
686.678 0.162853 -3.67361 
693.483 0.0162672 -3.29892 
699.978 -0.12763 -2.93636 
706.17 -0.260884 -2.59 
712.043 -0.373246 -2.25875 
717.552 -0.458747 -1.93398 
722.628 -0.519625 -1.60392 
727.205 -0.567364 -1.26209 
731.242 -0.612798 -0.912637 
734.727 -0.658975 -0.561215 
737.665 -0.710703 -0.21106 
740.099 -0.777467 0.125362 
742.118 -0.859693 0.425554 
743.819 -0.940147 0.677508 
745.256 -1.00047 0.886057 
746.447 -1.03405 1.05658 
747.421 -1.05274 1.183 
748.361 -1.12189 1.16036 
748.628 -0.288504 2.11623 
328.988 -0.106608 -7.64418 
344.319 0.0352075 -7.74127 
359.505 0.144112 -7.86675 
374.642 0.249838 -8.01169 
389.76 0.358071 -8.16655 
404.86 0.472245 -8.32577 
419.93 0.592875 -8.48459 
434.947 0.720012 -8.63817 
449.882 0.851869 -8.78206 
464.698 0.987748 -8.91182 
479.359 1.12491 -9.02222 
493.821 1.2618 -9.10917 
508.043 1.39491 -9.16842 
521.979 1.52337 -9.1942 
535.586 1.64104 -9.18333 
548.822 1.74709 -9.13393 
561.649 1.83828 -9.04095 
574.031 1.91031 -8.90552 
585.94 1.96268 -8.72525 
597.352 1.9911 -8.50194 
608.253 1.9963 -8.23594 
618.63 1.97579 -7.93057 
628.479 1.93092 -7.58827 
637.803 1.86088 -7.21301 
646.61 1.76667 -6.80871 
654.913 1.65032 -6.37946 
662.724 1.51364 -5.93064 
670.067 1.35825 -5.46584 
676.96 1.18711 -4.98938 
683.429 1.00119 -4.50655 
689.502 0.803573 -4.02038 
695.21 0.594378 -3.53705 
700.595 0.376055 -3.06323 
705.706 0.151129 -2.60926 
710.594 -0.0712079 -2.18721 
715.294 -0.272728 -1.80536 
719.778 -0.42745 -1.45648 
723.939 -0.523468 -1.11222 
727.629 -0.58315 -0.745088 
730.763 -0.642367 -0.360577 
733.331 -0.7076 0.0229914 
735.334 -0.771797 0.409654 
736.793 -0.85793 0.796054 
737.842 -0.988988 1.1382 
738.685 -1.13735 1.40391 
739.436 -1.25895 1.61138 
740.091 -1.34453 1.79013 
740.619 -1.40624 1.99846 
741.095 -1.55394 2.18582 
741.007 -0.879322 3.19206 
345.079 -0.0106152 -8.18397 
361.15 0.178079 -8.33242 
377.085 0.325969 -8.53936 
393.018 0.475347 -8.77494 
408.978 0.633341 -9.02707 
424.963 0.80263 -9.28904 
440.952 0.985227 -9.55454 
456.91 1.18103 -9.81629 
472.789 1.38797 -10.0676 
488.534 1.60413 -10.2995 
504.084 1.82536 -10.5034 
519.37 2.04757 -10.6694 
534.32 2.26465 -10.7886 
548.865 2.46935 -10.853 
562.933 2.65934 -10.8549 
576.458 2.82467 -10.7878 
589.381 2.95999 -10.6477 
601.651 3.06144 -10.4327 
613.229 3.12213 -10.142 
624.088 3.14066 -9.77861 
634.212 3.11382 -9.34474 
643.598 3.04074 -8.84773 
652.259 2.92131 -8.29553 
660.214 2.76135 -7.69535 
667.491 2.5606 -7.05696 
674.127 2.32495 -6.3891 
680.163 2.05909 -5.70132 
685.643 1.7684 -5.00205 
690.611 1.45892 -4.29841 
695.112 1.13466 -3.59823 
699.192 0.800784 -2.90542 
702.894 0.459808 -2.22465 
706.269 0.110549 -1.55942 
709.386 -0.250524 -0.918037 
712.348 -0.627611 -0.318293 
715.291 -1.00952 0.210367 
718.31 -1.34798 0.648146 
721.321 -1.56818 1.02777 
724.014 -1.66102 1.4353 
726.112 -1.73336 1.88921 
727.622 -1.84215 2.31903 
728.607 -1.92364 2.72158 
728.985 -1.98796 3.14789 
728.859 -2.13916 3.5354 
728.628 -2.36014 3.79621 
728.536 -2.53888 3.98789 
728.455 -2.64585 4.22625 
727.968 -2.65265 4.77612 
726.138 -2.84472 6.24182 
723.519 -3.84965 7.97785 
362.931 0.143329 -8.9936 
380.092 0.39788 -9.22787 
397.159 0.604315 -9.56972 
414.322 0.820883 -9.95931 
431.612 1.05829 -10.3818 
449.023 1.32073 -10.8278 
466.522 1.60953 -11.2866 
484.05 1.92505 -11.744 
501.523 2.26397 -12.1829 
518.837 2.62002 -12.5804 
535.872 2.98089 -12.9151 
552.496 3.33472 -13.1635 
568.571 3.66781 -13.3028 
583.961 3.96231 -13.3143 
598.538 4.20391 -13.1791 
612.182 4.37595 -12.8893 
624.8 4.46786 -12.4374 
636.314 4.46832 -11.8224 
646.68 4.36881 -11.0523 
655.878 4.16816 -10.137 
663.919 3.86542 -9.09389 
670.838 3.46722 -7.94307 
676.694 2.98032 -6.70725 
681.569 2.41582 -5.40907 
685.551 1.78811 -4.07472 
688.743 1.11159 -2.72652 
691.246 0.401451 -1.38607 
693.165 -0.327246 -0.0727525 
694.598 -1.05962 1.19716 
695.636 -1.78254 2.41076 
696.359 -2.48547 3.55847 
696.83 -3.15625 4.63741 
697.096 -3.79206 5.65032 
697.196 -4.39808 6.60429 
697.197 -4.99403 7.50736 
697.267 -5.6239 8.33916 
697.714 -6.29364 9.03975 
698.781 -6.88348 9.56281 
700.147 -7.16874 10.0394 
701.007 -7.25875 10.6148 
701.212 -7.45173 11.117 
701.206 -7.62815 11.4236 
700.831 -7.58229 11.7081 
699.774 -7.56847 11.9841 
698.615 -7.72824 12.0691 
697.862 -7.83039 12.1018 
697.107 -7.81664 12.3528 
695.285 -7.53455 13.1589 
688.644 -6.24676 16.7005 
672.419 -7.31815 18.3891 
383.477 0.385154 -10.2367 
402.314 0.743307 -10.6394 
421.2 1.04902 -11.2451 
440.401 1.39458 -11.9389 
459.942 1.78824 -12.6916 
479.79 2.23029 -13.4788 
499.865 2.71915 -14.2674 
520.029 3.24614 -15.0142 
540.087 3.79712 -15.665 
559.786 4.34654 -16.1579 
578.827 4.86175 -16.4279 
596.893 5.29869 -16.4118 
613.663 5.61552 -16.0521 
628.839 5.76377 -15.3117 
642.177 5.70773 -14.1672 
653.489 5.41897 -12.6201 
662.664 4.88145 -10.6882 
669.668 4.09251 -8.41301 
674.544 3.06516 -5.85107 
677.405 1.82213 -3.06886 
678.423 0.398371 -0.140937 
677.814 -1.16577 2.85701 
675.825 -2.82456 5.85255 
672.714 -4.53312 8.7818 
668.74 -6.25015 11.5891 
664.152 -7.93565 14.2313 
659.175 -9.55692 16.6781 
654.009 -11.0911 18.9083 
648.825 -12.5168 20.9131 
643.763 -13.8246 22.6901 
638.93 -15.003 24.2454 
634.408 -16.0532 25.5898 
630.236 -16.9683 26.7354 
626.399 -17.7387 27.714 
622.825 -18.3837 28.5689 
619.43 -18.9488 29.3556 
616.329 -19.5755 30.1086 
614.072 -20.3913 30.7395 
613.147 -21.1073 31.213 
612.541 -21.2832 31.788 
611.248 -21.4263 32.2551 
610.318 -21.832 32.2685 
610.399 -21.7884 31.9497 
610.253 -21.3033 31.581 
609.884 -20.9935 31.0341 
610.011 -20.6387 30.5455 
609.606 -20.1208 30.6297 
607.493 -19.5454 31.222 
600.65 -17.836 32.916 
595.224 -18.2809 21.3093 
408.459 0.831073 -12.3203 
430.077 1.35454 -13.0916 
452.169 1.85377 -14.242 
475.056 2.46228 -15.5254 
498.658 3.17103 -16.8615 
522.77 3.96261 -18.1508 
547.025 4.80375 -19.25 
570.884 5.62658 -19.9842 
593.67 6.33975 -20.1571 
614.616 6.82739 -19.5868 
632.949 6.97108 -18.1286 
647.98 6.66211 -15.7051 
659.191 5.82016 -12.3217 
666.282 4.41877 -8.07134 
669.194 2.48177 -3.11207 
668.082 0.0805929 2.3489 
663.284 -2.67895 8.07857 
655.274 -5.66804 13.8472 
644.61 -8.75684 19.442 
631.9 -11.8205 24.6849 
617.746 -14.7521 29.4404 
602.714 -17.4661 33.6228 
587.317 -19.9093 37.1871 
571.992 -22.0454 40.133 
557.09 -23.8678 42.4854 
542.889 -25.3797 44.2972 
529.583 -26.608 45.634 
517.303 -27.5843 46.5626 
506.13 -28.3402 47.1581 
496.082 -28.9103 47.4874 
487.156 -29.3332 47.6116 
479.323 -29.6389 47.5736 
472.54 -29.8449 47.4194 
466.733 -29.9668 47.1843 
461.769 -29.9978 46.8818 
457.428 -29.9057 46.5533 
453.336 -29.6993 46.2779 
449.316 -29.6025 46.1339 
446.047 -29.9462 46.0947 
443.928 -30.2222 46.3483 
441.966 -30.3976 46.2566 
440.242 -30.3831 46.023 
440.737 -31.1999 45.4515 
443.525 -31.0891 44.3666 
446.555 -30.1589 43.5061 
449.368 -29.6427 42.9933 
450.876 -28.8124 43.0645 
450.031 -28.1104 43.1158 
444.36 -25.4568 45.3931 
427.365 -27.7499 46.7555 
442.029 1.85268 -16.2443 
468.762 2.64541 -17.895 
496.984 3.5859 -20.079 
526.472 4.76675 -22.1649 
556.278 6.03297 -23.7459 
585.108 7.17789 -24.3373 
611.394 7.93113 -23.4645 
633.515 8.01037 -20.7891 
650.053 7.18942 -16.1906 
659.985 5.37193 -9.8102 
662.797 2.60063 -2.00763 
658.486 -0.947828 6.70951 
647.525 -5.01996 15.766 
630.801 -9.33922 24.5869 
609.501 -13.6263 32.6626 
584.964 -17.6121 39.6 
558.508 -21.0752 45.1535 
531.336 -23.8816 49.2333 
504.446 -25.9764 51.8774 
478.625 -27.3786 53.2234 
454.418 -28.145 53.4845 
432.156 -28.3969 52.898 
411.998 -28.2437 51.6997 
393.972 -27.807 50.102 
378.019 -27.1833 48.2764 
364.018 -26.4525 46.3655 
351.816 -25.6833 44.4623 
341.253 -24.9143 42.6363 
332.166 -24.1812 40.9316 
324.396 -23.501 39.3702 
317.792 -22.884 37.9617 
312.223 -22.3395 36.7058 
307.586 -21.8725 35.599 
303.775 -21.4728 34.6345 
300.706 -21.1444 33.7853 
298.295 -20.8503 33.0335 
296.339 -20.5124 32.3464 
294.356 -20.0074 31.7369 
292.005 -19.5542 31.2203 
289.642 -19.132 31.1899 
287.023 -19.1035 29.4607 
287.456 -19.1512 30.268 
285.623 -18.7847 29.2312 
288.873 -19.9868 28.0442 
295.195 -20.4999 29.0838 
298.325 -20.4358 29.6671 
300.708 -20.324 29.9555 
301.624 -20.1391 29.8201 
303.102 -19.2709 28.0775 
307.266 -15.6213 15.68 
493.327 4.29986 -23.6196 
528.131 5.45798 -26.1263 
563.91 6.84641 -27.7943 
597.822 7.94005 -27.2774 
626.695 8.18002 -23.8782 
647.599 7.17669 -17.3203 
658.262 4.766 -7.89698 
657.49 1.03998 3.59004 
645.362 -3.68216 16.0188 
623.165 -8.93309 28.1697 
593.128 -14.1987 38.9083 
557.982 -18.9152 47.3362 
520.325 -22.569 53.0221 
482.255 -24.9229 55.994 
445.463 -26.0681 56.5538 
411.251 -26.1966 55.169 
380.429 -25.536 52.4177 
353.315 -24.3402 48.8537 
329.875 -22.8394 44.9412 
309.848 -21.2163 41.0256 
292.864 -19.6095 37.3261 
278.517 -18.094 33.9549 
266.424 -16.7189 30.9603 
256.233 -15.4979 28.3416 
247.637 -14.4307 26.0815 
240.374 -13.5141 24.1449 
234.23 -12.7318 22.4925 
229.03 -12.069 21.0927 
224.628 -11.5132 19.9095 
220.905 -11.0486 18.9155 
217.766 -10.6644 18.083 
215.127 -10.3468 17.3917 
212.93 -10.0923 16.8203 
211.13 -9.89282 16.3536 
209.693 -9.74278 15.971 
208.62 -9.64677 15.6538 
207.939 -9.60247 15.3563 
207.667 -9.55593 14.9947 
207.591 -9.38953 14.4134 
207.768 -9.09273 13.0977 
214.623 -10.1758 7.64133 
215.952 -3.54073 11.801 
215.82 -9.30064 6.30031 
224.009 -4.92182 6.98454 
219.576 -3.59417 13.5718 
212.991 -9.03755 14.3701 
214.022 -9.99524 14.8058 
215.869 -10.2452 14.253 
220.691 -11.5152 12.1702 
239.524 -11.0222 6.9145 
567.456 7.68079 -29.9007 
603.853 7.66727 -27.7604 
633.052 6.94864 -20.6938 
649.425 4.4724 -9.08835 
650.186 0.219315 5.60104 
635.144 -5.28488 21.3041 
606.303 -11.1885 35.8332 
567.058 -16.5344 47.428 
521.346 -20.5804 55.0704 
473.029 -22.9891 58.5214 
425.536 -23.833 58.2591 
381.788 -23.4524 55.1488 
344.047 -22.3995 50.097 
313.016 -20.5199 44.1046 
287.531 -18.1192 38.2259 
266.457 -15.8306 32.9058 
249.191 -13.8439 28.2591 
235.145 -12.1462 24.3245 
223.74 -10.7301 21.0456 
214.469 -9.5548 18.332 
206.899 -8.57738 16.0868 
200.69 -7.76401 14.2228 
195.578 -7.08394 12.6631 
191.363 -6.51116 11.3469 
187.888 -6.0205 10.2252 
185.028 -5.58872 9.252 
182.69 -5.1964 8.39223 
180.796 -4.82634 7.61804 
179.277 -4.47034 6.90969 
178.069 -4.12747 6.26019 
177.111 -3.80124 5.6685 
176.355 -3.49761 5.13745 
175.758 -3.22135 4.66573 
175.292 -2.97447 4.25681 
174.938 -2.76079 3.9123 
174.689 -2.58623 3.63742 
174.558 -2.46478 3.44623 
174.61 -2.4312 3.36296 
174.991 -2.53566 3.41128 
175.995 -2.87586 3.63871 
178.128 -3.72828 5.10975 
180.948 -5.07503 7.63122 
180.45 -4.34884 6.30324 
182.926 -5.70558 9.55204 
181.436 -5.14512 9.271 
177.274 -3.41168 5.82351 
176.559 -3.40845 4.93322 
178.432 -3.99848 4.51689 
182.5 -4.50929 4.15635 
197.216 -9.1938 1.63208 
630.065 4.51014 -12.5574 
638.714 0.65396 0.844431 
629.218 -4.36596 19.0267 
599.814 -10.1829 36.5418 
554.785 -15.6764 50.3664 
500.474 -19.904 58.7642 
443.759 -22.302 61.24 
390.64 -22.8942 58.4765 
344.74 -21.5533 52.2294 
306.699 -18.9525 44.5932 
275.904 -15.9945 36.872 
250.908 -12.8883 29.8765 
229.742 -10.4394 24.686 
214.318 -9.58819 19.9793 
204.232 -8.39214 16.0171 
196.486 -6.70855 13.0466 
189.776 -5.65855 10.7501 
184.559 -4.88702 8.78452 
180.656 -4.17887 7.07781 
177.866 -3.49363 5.54698 
175.969 -2.81104 4.17251 
174.723 -2.15927 2.97554 
173.93 -1.57125 1.9732 
173.448 -1.0645 1.16821 
173.176 -0.649324 0.55022 
173.038 -0.327621 0.099773 
172.981 -0.0932867 -0.207588 
172.966 0.0646585 -0.39948 
172.966 0.160524 -0.505554 
172.97 0.210738 -0.553425 
172.973 0.231262 -0.565646 
172.975 0.234786 -0.557988 
172.977 0.229923 -0.540117 
172.979 0.221546 -0.517556 
172.982 0.212481 -0.493801 
172.985 0.204122 -0.470527 
172.988 0.196991 -0.448115 
172.989 0.190607 -0.42474 
172.993 0.179776 -0.39312 
172.986 0.185169 -0.336328 
172.975 0.145467 -0.330108 
172.962 0.124218 -0.25847 
172.973 0.115523 -0.217382 
172.884 0.171548 -0.440379 
172.964 0.194544 -0.405719 
172.912 0.254419 -0.505575 
172.894 0.282088 -0.501446 
172.966 0.156609 -0.245012 
173.353 -0.354799 0.388525 
174.043 -1.30939 2.52802 
598.978 -6.32741 30.731 
554.129 -12.3661 47.5084 
496.626 -18.7946 60.1901 
434.777 -22.2676 63.9208 
376.341 -22.4197 60.1814 
325.622 -20.0746 51.9612 
283.638 -16.4564 42.3252 
249.63 -13.4499 33.9679 
226.114 -12.2314 25.9974 
211.865 -9.62535 18.9939 
201.032 -6.5777 14.1592 
192.194 -5.13094 10.6131 
186.759 -4.11773 6.98868 
183.466 -952.062 2127.06 
180.091 -115.959 1054.1 
175.547 -0.19404 2.55781 
173.492 -0.976383 1.13854 
173.103 -0.367542 0.220876 
172.975 0.0115195 -0.296943 
172.959 0.205872 -0.507089 
172.976 0.260792 -0.52594 
172.998 0.240465 -0.458872 
173.025 0.192131 -0.363912 
173.055 0.1398 -0.267485 
173.086 0.0927419 -0.18019 
173.114 0.0537602 -0.106202 
173.137 0.0235315 -0.0474975 
173.154 0.00193951 -0.00479584 
173.166 -0.011749 0.0228168 
173.174 -0.0190515 0.0381481 
173.179 -0.0219347 0.0449272 
173.182 -0.0221773 0.046537 
173.184 -0.0210674 0.0454123 
173.185 -0.0194003 0.0430349 
173.185 -0.0176021 0.0402194 
173.186 -0.0158496 0.0373319 
173.186 -0.0141676 0.0344326 
173.186 -0.0123677 0.0311922 
173.184 -0.00962804 0.0267278 
173.183 -0.00910456 0.0196032 
173.182 -0.00214961 0.010493 
173.177 -0.00215017 0.0080873 
173.177 -0.00332149 -0.00385802 
173.186 -0.00288164 0.00979767 
173.185 -0.0142073 0.032175 
173.186 -0.0159886 0.0341251 
173.19 -0.00875998 0.0303476 
173.18 0.00405769 0.00654112 
173.14 0.04517 -0.0540638 
173.078 0.0762381 -0.273701 
401.841 -51.0259 100.274 
341.336 -41.6413 85.0311 
291.087 -33.6222 67.0283 
253.805 -25.3705 49.6278 
227.628 -18.4206 35.4482 
209.602 -13.0551 24.8349 
196.959 -8.97634 17.0764 
188.059 -6.05848 10.801 
182.972 -2544.38 5039.28 
180.213 -877.141 2912.91 
177.103 -1.12135 3.45755 
174.926 -1.29155 1.96993 
174.288 -0.868984 1.2277 
174.496 -1.10002 1.68473 
174.158 -0.839361 1.63639 
173.273 -0.231891 0.476042 
172.918 0.108349 -0.268546 
173.079 0.0773253 -0.130005 
173.138 0.0174733 -0.0308182 
173.171 -0.0165298 0.0285803 
173.184 -0.0291933 0.0503715 
173.187 -0.0288061 0.0495201 
173.186 -0.0234509 0.0400855 
173.183 -0.0173333 0.0294589 
173.181 -0.0119148 0.0201756 
173.179 -0.00750837 0.0126917 
173.176 -0.00410448 0.00692624 
173.175 -0.0016232 0.00273064 
173.173 3.864e-05 -6.33163e-05 
173.173 0.00102043 -0.00169539 
173.172 0.00149901 -0.00247689 
173.172 0.00165076 -0.00271571 
173.172 0.00161512 -0.00265445 
173.171 0.00148649 -0.00245251 
173.171 0.00131977 -0.00220086 
173.171 0.00114129 -0.00194106 
173.171 0.000959646 -0.00168205 
173.171 0.000767575 -0.00140325 
173.171 0.000530143 -0.0010572 
173.171 0.000450014 -0.000567396 
173.172 -0.000123076 0.000221646 
173.172 -0.000140243 0.000416202 
173.172 0.000372338 0.00051105 
173.172 -0.000322576 0.000490139 
173.171 0.000136425 -0.00102193 
173.171 0.00105867 -0.00215445 
173.171 0.000379824 -0.000736507 
173.172 -0.00032603 0.000981311 
173.174 -0.00199382 0.00436003 
173.175 0.00173931 0.0112774 
96.3016 -0.743519 -5.76708 
97.795 -5.62983 -2.42548 
110.164 -5.98113 -2.99289 
122.633 -6.2484 -3.28997 
135.205 -6.41359 -3.50092 
147.789 -6.55323 -3.69075 
160.398 -6.70918 -3.88008 
173.099 -6.89815 -4.07535 
185.979 -7.12197 -4.27548 
199.117 -7.37328 -4.47869 
212.574 -7.64677 -4.68469 
226.395 -7.93815 -4.88999 
240.624 -8.24224 -5.09317 
255.287 -8.55424 -5.29144 
270.402 -8.86797 -5.4833 
285.972 -9.18037 -5.66748 
302.001 -9.48884 -5.84205 
318.481 -9.78791 -6.00598 
335.399 -10.0775 -6.15665 
352.748 -10.3535 -6.29369 
370.49 -10.6066 -6.41749 
388.587 -10.8412 -6.52786 
407.016 -11.0584 -6.62209 
425.738 -11.2441 -6.70006 
444.686 -11.4021 -6.76422 
463.822 -11.5325 -6.81413 
483.076 -11.6297 -6.84819 
502.394 -11.6933 -6.87091 
521.697 -11.7243 -6.88006 
540.929 -11.7172 -6.87629 
559.984 -11.6664 -6.86368 
578.787 -11.5839 -6.84315 
597.265 -11.4624 -6.8119 
615.317 -11.2957 -6.77652 
632.84 -11.0912 -6.73721 
649.756 -10.8525 -6.69481 
665.974 -10.5737 -6.64972 
681.402 -10.2622 -6.60619 
695.967 -9.91763 -6.56199 
709.577 -9.54063 -6.52147 
722.169 -9.13956 -6.48384 
733.675 -8.71301 -6.45053 
744.047 -8.26786 -6.42138 
753.238 -7.80376 -6.39578 
761.202 -7.32262 -6.37563 
767.915 -6.83531 -6.36245 
773.375 -6.34574 -6.35313 
777.577 -5.85412 -6.3489 
780.567 -5.39459 -6.34365 
782.781 -5.15404 -6.2949 
783.739 -3.81791 -6.47746 
108.727 -7.30501 -3.47472 
122.886 -7.05416 -3.7374 
136.381 -7.12527 -3.96576 
149.685 -7.22399 -4.13947 
162.919 -7.33842 -4.29983 
176.174 -7.48216 -4.45867 
189.539 -7.6568 -4.61844 
203.096 -7.8567 -4.77699 
216.912 -8.07618 -4.93166 
231.038 -8.30715 -5.07675 
245.511 -8.54126 -5.21051 
260.356 -8.77591 -5.32832 
275.594 -9.00412 -5.42866 
291.228 -9.22102 -5.50743 
307.258 -9.42322 -5.56429 
323.676 -9.60688 -5.596 
340.468 -9.76966 -5.60237 
357.614 -9.90843 -5.58242 
375.095 -10.0227 -5.53293 
392.877 -10.1056 -5.4554 
410.924 -10.1592 -5.35095 
429.202 -10.1831 -5.21848 
447.67 -10.174 -5.06054 
466.274 -10.1312 -4.8779 
484.967 -10.0557 -4.66943 
503.689 -9.94251 -4.43983 
522.389 -9.80009 -4.18974 
540.999 -9.61985 -3.92234 
559.458 -9.40756 -3.63899 
577.686 -9.15799 -3.34473 
595.613 -8.87859 -3.04008 
613.167 -8.56697 -2.73032 
630.268 -8.22401 -2.41577 
646.83 -7.84921 -2.10327 
662.782 -7.45182 -1.79487 
678.044 -7.02766 -1.4939 
692.541 -6.58333 -1.20238 
706.205 -6.11959 -0.925123 
718.964 -5.63902 -0.66352 
730.76 -5.14711 -0.420744 
741.535 -4.64401 -0.198662 
751.244 -4.13738 0.000638487 
759.847 -3.6265 0.176116 
767.305 -3.11499 0.325084 
773.601 -2.61116 0.447448 
778.727 -2.11653 0.542779 
782.686 -1.63687 0.609919 
785.521 -1.20004 0.650293 
787.523 -0.898572 0.678128 
787.835 0.512314 0.889873 
124.531 -8.07223 -4.4977 
139.354 -7.84565 -4.58729 
153.625 -7.83488 -4.75155 
167.646 -7.90134 -4.91691 
181.57 -8.00699 -5.07939 
195.511 -8.14514 -5.23797 
209.561 -8.3079 -5.39094 
223.789 -8.48589 -5.53501 
238.249 -8.67254 -5.6652 
252.976 -8.85801 -5.7793 
267.99 -9.03775 -5.87335 
283.309 -9.20825 -5.94666 
298.936 -9.36434 -5.99439 
314.868 -9.50133 -6.01738 
331.099 -9.61958 -6.01431 
347.611 -9.71346 -5.98426 
364.389 -9.78476 -5.92729 
381.41 -9.83051 -5.84469 
398.649 -9.85002 -5.73603 
416.074 -9.84234 -5.60301 
433.652 -9.8077 -5.44597 
451.35 -9.74669 -5.26765 
469.129 -9.65767 -5.06553 
486.95 -9.53985 -4.84626 
504.762 -9.39418 -4.61009 
522.515 -9.22164 -4.35878 
540.167 -9.02471 -4.09379 
557.662 -8.79933 -3.81858 
574.944 -8.54878 -3.53385 
591.951 -8.27058 -3.24254 
608.622 -7.96886 -2.94878 
624.896 -7.64463 -2.65236 
640.706 -7.29465 -2.35788 
655.984 -6.92446 -2.06761 
670.667 -6.53543 -1.78221 
684.692 -6.12751 -1.50649 
697.994 -5.70324 -1.24115 
710.516 -5.26658 -0.987914 
722.2 -4.81653 -0.750864 
732.993 -4.35905 -0.529971 
742.849 -3.89457 -0.327963 
751.73 -3.42808 -0.14574 
759.599 -2.95971 0.0152522 
766.428 -2.49421 0.153524 
772.2 -2.03569 0.268486 
776.909 -1.58804 0.359859 
780.56 -1.15555 0.427514 
783.193 -0.765003 0.472632 
785.088 -0.498342 0.489591 
785.061 1.20013 0.604439 
143.283 -8.4074 -4.97757 
158.396 -8.31975 -5.03542 
173.226 -8.31642 -5.14859 
187.862 -8.35849 -5.26777 
202.402 -8.43108 -5.38414 
216.939 -8.52808 -5.49142 
231.551 -8.63949 -5.58437 
246.295 -8.75644 -5.66161 
261.207 -8.87118 -5.71867 
276.311 -8.97854 -5.75467 
291.62 -9.07433 -5.76954 
307.141 -9.15749 -5.76004 
322.871 -9.22195 -5.72766 
338.806 -9.27012 -5.67275 
354.935 -9.29942 -5.59466 
371.243 -9.30737 -5.49546 
387.714 -9.2972 -5.37615 
404.328 -9.26669 -5.23663 
421.065 -9.21578 -5.08018 
437.897 -9.14401 -4.90602 
454.796 -9.05215 -4.71744 
471.735 -8.94223 -4.5153 
488.68 -8.8102 -4.30227 
505.596 -8.66105 -4.07699 
522.446 -8.48982 -3.84319 
539.188 -8.30025 -3.60357 
555.782 -8.09259 -3.35707 
572.184 -7.86525 -3.10624 
588.345 -7.61872 -2.85343 
604.211 -7.35227 -2.59964 
619.733 -7.06981 -2.3468 
634.857 -6.7677 -2.09581 
649.526 -6.44827 -1.84896 
663.683 -6.11211 -1.60786 
677.271 -5.76056 -1.3746 
690.235 -5.39519 -1.14869 
702.521 -5.01551 -0.933776 
714.076 -4.62555 -0.730476 
724.852 -4.22591 -0.539462 
734.803 -3.818 -0.36269 
743.888 -3.4054 -0.201255 
752.073 -2.98992 -0.0558621 
759.326 -2.57346 0.0722395 
765.625 -2.15927 0.182308 
770.953 -1.75087 0.273803 
775.306 -1.35174 0.346531 
778.687 -0.964806 0.401095 
781.138 -0.621229 0.437015 
782.968 -0.400611 0.453681 
782.676 1.55236 0.529283 
163.372 -8.55204 -5.14097 
178.702 -8.53482 -5.17558 
193.894 -8.52404 -5.2307 
208.932 -8.52327 -5.28306 
223.859 -8.53947 -5.32766 
238.743 -8.57019 -5.35997 
253.643 -8.60806 -5.37717 
268.605 -8.64846 -5.37682 
283.657 -8.6826 -5.35836 
298.816 -8.71005 -5.32123 
314.095 -8.72761 -5.26534 
329.497 -8.73311 -5.19199 
345.022 -8.72666 -5.10225 
360.665 -8.70802 -4.99581 
376.421 -8.67526 -4.87423 
392.279 -8.62972 -4.74009 
408.227 -8.57143 -4.59227 
424.249 -8.49865 -4.43314 
440.329 -8.41331 -4.26243 
456.449 -8.31334 -4.08464 
472.582 -8.20073 -3.89759 
488.708 -8.07494 -3.70252 
504.8 -7.93357 -3.50086 
520.828 -7.77883 -3.29571 
536.757 -7.60953 -3.08522 
552.559 -7.42713 -2.87192 
568.192 -7.22825 -2.65592 
583.619 -7.0159 -2.43966 
598.799 -6.78843 -2.22272 
613.685 -6.54483 -2.00769 
628.231 -6.28754 -1.79394 
642.392 -6.0144 -1.58484 
656.113 -5.72703 -1.37963 
669.347 -5.42534 -1.18041 
682.041 -5.11016 -0.987414 
694.145 -4.78176 -0.80282 
705.61 -4.44254 -0.626731 
716.39 -4.09258 -0.45994 
726.439 -3.73358 -0.304215 
735.717 -3.36751 -0.159905 
744.187 -2.99658 -0.0279235 
751.817 -2.62253 0.0908098 
758.581 -2.24753 0.195624 
764.457 -1.87416 0.285695 
769.432 -1.50542 0.360757 
773.501 -1.14402 0.420977 
776.665 -0.792449 0.466411 
778.972 -0.489391 0.49614 
780.754 -0.295681 0.520335 
780.226 1.85449 0.568186 
183.784 -8.53251 -5.08453 
199.204 -8.52525 -5.07065 
214.528 -8.47787 -5.06378 
229.693 -8.4263 -5.04837 
244.721 -8.38329 -5.02638 
259.659 -8.3515 -4.99462 
274.556 -8.32644 -4.95155 
289.449 -8.30445 -4.89606 
304.365 -8.27999 -4.82834 
319.322 -8.25295 -4.74908 
334.331 -8.22107 -4.6584 
349.401 -8.18362 -4.55718 
364.535 -8.13967 -4.4458 
379.731 -8.0882 -4.32521 
394.987 -8.02939 -4.19648 
410.297 -7.96346 -4.05908 
425.652 -7.88752 -3.91423 
441.042 -7.80371 -3.76334 
456.451 -7.71013 -3.60575 
471.867 -7.60786 -3.44126 
487.268 -7.49292 -3.27184 
502.635 -7.36887 -3.09816 
517.944 -7.2331 -2.92061 
533.171 -7.08748 -2.73884 
548.286 -6.92715 -2.55506 
563.258 -6.75683 -2.36831 
578.056 -6.57233 -2.18136 
592.645 -6.377 -1.9937 
606.986 -6.16662 -1.80581 
621.039 -5.94372 -1.61976 
634.761 -5.70678 -1.43578 
648.111 -5.45781 -1.25497 
661.041 -5.19385 -1.07818 
673.504 -4.91782 -0.906316 
685.455 -4.62881 -0.740737 
696.845 -4.32836 -0.581436 
707.631 -4.0166 -0.429335 
717.768 -3.695 -0.285897 
727.216 -3.36529 -0.151034 
735.937 -3.02844 -0.0261079 
743.897 -2.68703 0.0881374 
751.069 -2.34284 0.191128 
757.427 -1.99774 0.282056 
762.953 -1.65415 0.360493 
767.635 -1.31447 0.425955 
771.467 -0.980586 0.478724 
774.449 -0.655988 0.518648 
776.639 -0.38523 0.545382 
778.372 -0.203794 0.579217 
777.639 2.09197 0.59689 
203.718 -8.34885 -4.85194 
219.046 -8.32518 -4.79065 
234.271 -8.23754 -4.73553 
249.319 -8.14618 -4.67419 
264.208 -8.06412 -4.61007 
278.977 -7.9937 -4.54293 
293.667 -7.93254 -4.47057 
308.312 -7.87807 -4.39297 
322.939 -7.82645 -4.31019 
337.566 -7.7768 -4.22137 
352.208 -7.72656 -4.12709 
366.873 -7.67485 -4.02685 
381.568 -7.62038 -3.92136 
396.293 -7.56221 -3.81056 
411.048 -7.49959 -3.69419 
425.827 -7.43093 -3.5719 
440.623 -7.35541 -3.44432 
455.428 -7.27362 -3.31077 
470.229 -7.18231 -3.17203 
485.013 -7.08364 -3.02908 
499.76 -6.97515 -2.8812 
514.454 -6.8575 -2.72793 
529.074 -6.72883 -2.57097 
543.597 -6.58999 -2.41002 
557.996 -6.43902 -2.24615 
572.243 -6.27721 -2.08007 
586.31 -6.10386 -1.91201 
600.165 -5.91877 -1.74284 
613.772 -5.71999 -1.57395 
627.095 -5.51018 -1.40526 
640.096 -5.28707 -1.23874 
652.736 -5.05267 -1.07424 
664.971 -4.80421 -0.913123 
676.758 -4.54466 -0.756335 
688.056 -4.27294 -0.604227 
698.82 -3.98981 -0.457912 
709.007 -3.69618 -0.318062 
718.577 -3.39377 -0.185209 
727.493 -3.08296 -0.0601869 
735.72 -2.7662 0.0561751 
743.228 -2.44528 0.163039 
749.991 -2.12208 0.259622 
755.987 -1.79863 0.345178 
761.201 -1.47692 0.419093 
765.62 -1.15904 0.481165 
769.24 -0.846226 0.531253 
772.058 -0.542997 0.569254 
774.142 -0.29846 0.595599 
775.82 -0.122209 0.640535 
774.918 2.27647 0.630376 
222.577 -8.05158 -4.51698 
237.665 -8.00982 -4.43007 
252.632 -7.89994 -4.35279 
267.415 -7.79357 -4.27571 
282.036 -7.69989 -4.20086 
296.53 -7.61969 -4.1272 
310.933 -7.55033 -4.05471 
325.275 -7.49063 -3.98137 
339.583 -7.4365 -3.90665 
353.872 -7.38576 -3.82969 
368.157 -7.33688 -3.74984 
382.445 -7.28748 -3.6665 
396.742 -7.23684 -3.57891 
411.049 -7.183 -3.48701 
425.363 -7.12395 -3.38901 
439.68 -7.0592 -3.28631 
453.992 -6.98859 -3.17866 
468.289 -6.91023 -3.06426 
482.559 -6.82337 -2.94449 
496.791 -6.72892 -2.81841 
510.966 -6.62309 -2.68628 
525.068 -6.50795 -2.54952 
539.076 -6.38322 -2.4077 
552.97 -6.24711 -2.26052 
566.727 -6.10026 -2.11032 
580.32 -5.94252 -1.95626 
593.724 -5.77295 -1.79918 
606.909 -5.59234 -1.64015 
619.845 -5.39945 -1.48045 
632.498 -5.19491 -1.3201 
644.834 -4.97924 -1.161 
656.816 -4.75149 -1.00289 
668.407 -4.51158 -0.847891 
679.566 -4.26115 -0.696154 
690.254 -3.99889 -0.548659 
700.429 -3.72617 -0.405925 
710.053 -3.4436 -0.269101 
719.088 -3.15246 -0.138235 
727.499 -2.85378 -0.0144365 
735.255 -2.54999 0.101393 
742.328 -2.24285 0.208605 
748.698 -1.93443 0.305934 
754.345 -1.62684 0.392585 
759.256 -1.32177 0.467757 
763.42 -1.0209 0.531107 
766.832 -0.72538 0.582309 
769.49 -0.440071 0.621417 
771.469 -0.217472 0.649597 
773.083 -0.0439485 0.706388 
772.041 2.42513 0.671782 
240.073 -7.72092 -4.16748 
254.859 -7.67329 -4.08113 
269.516 -7.56447 -4.00849 
284 -7.46733 -3.93997 
298.338 -7.38391 -3.87669 
312.56 -7.31395 -3.81802 
326.696 -7.25583 -3.76223 
340.773 -7.20617 -3.70774 
354.81 -7.16237 -3.65321 
368.822 -7.12128 -3.59706 
382.818 -7.08139 -3.53839 
396.803 -7.0402 -3.47618 
410.78 -6.99651 -3.40944 
424.748 -6.94857 -3.33696 
438.701 -6.89365 -3.25922 
452.632 -6.83341 -3.17464 
466.536 -6.76566 -3.08317 
480.399 -6.68777 -2.98488 
494.21 -6.60206 -2.87947 
507.956 -6.50649 -2.76618 
521.619 -6.39964 -2.64633 
535.185 -6.28373 -2.51943 
548.635 -6.15662 -2.38572 
561.951 -6.01828 -2.24736 
575.108 -5.86967 -2.10192 
588.089 -5.70929 -1.95283 
600.865 -5.53776 -1.7998 
613.413 -5.35609 -1.64394 
625.705 -5.16291 -1.48577 
637.712 -4.95816 -1.3269 
649.404 -4.74386 -1.16767 
660.748 -4.51748 -1.00975 
671.708 -4.28111 -0.853806 
682.251 -4.03409 -0.700525 
692.338 -3.77637 -0.551044 
701.931 -3.50857 -0.405674 
710.995 -3.2317 -0.265021 
719.494 -2.94626 -0.12996 
727.396 -2.65452 -0.00129286 
734.674 -2.35841 0.120353 
741.304 -2.06004 0.233596 
747.269 -1.76204 0.337315 
752.555 -1.46632 0.430232 
757.151 -1.17463 0.511215 
761.049 -0.888129 0.579631 
764.243 -0.607763 0.635201 
766.734 -0.338581 0.677431 
768.598 -0.135426 0.709161 
770.139 0.0344959 0.778277 
768.981 2.55085 0.723112 
256.239 -7.43348 -3.87138 
270.755 -7.39118 -3.80714 
285.143 -7.30154 -3.75639 
299.381 -7.22755 -3.71148 
313.499 -7.16683 -3.67236 
327.52 -7.11776 -3.63811 
341.468 -7.07824 -3.607 
355.362 -7.0449 -3.57677 
369.216 -7.01533 -3.54592 
383.038 -6.98635 -3.51327 
396.832 -6.95654 -3.4768 
410.601 -6.92347 -3.43583 
424.341 -6.88563 -3.38889 
438.049 -6.84141 -3.33536 
451.716 -6.78936 -3.27434 
465.335 -6.72928 -3.20563 
478.896 -6.66038 -3.12809 
492.385 -6.58034 -3.04201 
505.79 -6.49026 -2.94612 
519.097 -6.38928 -2.84224 
532.292 -6.2774 -2.72958 
545.359 -6.15481 -2.60838 
558.28 -6.02013 -2.47838 
571.04 -5.87509 -2.34056 
583.618 -5.71733 -2.19669 
595.996 -5.55049 -2.04624 
608.153 -5.37148 -1.89063 
620.068 -5.18303 -1.73084 
631.717 -4.98361 -1.56829 
643.074 -4.77417 -1.40395 
654.116 -4.55579 -1.23936 
664.811 -4.32685 -1.07478 
675.131 -4.08877 -0.912041 
685.045 -3.84117 -0.752226 
694.516 -3.58389 -0.595358 
703.511 -3.31686 -0.442399 
711.994 -3.04136 -0.293912 
719.934 -2.75803 -0.150176 
727.301 -2.46893 -0.0117947 
734.071 -2.17615 0.120128 
740.227 -1.88274 0.24436 
745.755 -1.59146 0.359289 
750.647 -1.30477 0.46308 
754.899 -1.02435 0.554095 
758.504 -0.750911 0.631212 
761.46 -0.484937 0.693696 
763.766 -0.231636 0.74133 
765.502 -0.0466165 0.77722 
766.958 0.116764 0.859208 
765.699 2.66283 0.786199 
271.338 -7.23618 -3.66775 
285.68 -7.20723 -3.63557 
299.9 -7.14463 -3.61568 
313.996 -7.09946 -3.60107 
327.997 -7.06555 -3.59117 
341.921 -7.04026 -3.58515 
355.783 -7.02123 -3.58101 
369.595 -7.00503 -3.5771 
383.363 -6.98987 -3.5713 
397.089 -6.97276 -3.56214 
410.773 -6.95157 -3.54819 
424.411 -6.92515 -3.52815 
437.995 -6.89085 -3.50033 
451.518 -6.84847 -3.46466 
464.969 -6.79595 -3.41982 
478.337 -6.73358 -3.36499 
491.609 -6.65931 -3.29894 
504.772 -6.5733 -3.2229 
517.811 -6.47477 -3.13578 
530.713 -6.36516 -3.03673 
543.464 -6.24245 -2.92712 
556.049 -6.10737 -2.80586 
568.452 -5.95975 -2.67554 
580.657 -5.80123 -2.53446 
592.651 -5.63084 -2.38489 
604.416 -5.44953 -2.22679 
615.937 -5.25745 -2.06255 
627.195 -5.05628 -1.89246 
638.173 -4.84542 -1.71837 
648.852 -4.62597 -1.54245 
659.211 -4.39865 -1.36457 
669.226 -4.16214 -1.18795 
678.872 -3.9189 -1.01316 
688.121 -3.66751 -0.841084 
696.943 -3.40704 -0.672878 
705.304 -3.13813 -0.508783 
713.171 -2.86105 -0.348587 
720.513 -2.57619 -0.192658 
727.302 -2.28579 -0.0411354 
733.517 -1.99252 0.105244 
739.147 -1.69993 0.245089 
744.186 -1.41178 0.376103 
748.634 -1.13145 0.495683 
752.494 -0.860766 0.601175 
755.767 -0.600196 0.690571 
758.451 -0.349325 0.7629 
760.547 -0.1126 0.817449 
762.137 0.0536317 0.858497 
763.495 0.207038 0.952565 
762.147 2.76813 0.864358 
285.75 -7.15159 -3.5677 
300.047 -7.13697 -3.57345 
314.227 -7.1047 -3.58723 
328.306 -7.08867 -3.60541 
342.311 -7.08199 -3.62729 
356.253 -7.08077 -3.65154 
370.142 -7.08237 -3.67677 
383.979 -7.08368 -3.70075 
397.765 -7.0827 -3.72197 
411.495 -7.07705 -3.73863 
425.162 -7.06445 -3.74901 
438.757 -7.04368 -3.75151 
452.266 -7.01182 -3.74482 
465.679 -6.97023 -3.72803 
478.981 -6.91515 -3.69969 
492.156 -6.84707 -3.65836 
505.189 -6.76467 -3.60467 
518.067 -6.66947 -3.53694 
530.771 -6.55823 -3.45502 
543.289 -6.43356 -3.35932 
555.607 -6.29494 -3.24892 
567.709 -6.14153 -3.12533 
579.584 -5.97586 -2.98777 
591.218 -5.79614 -2.83795 
602.598 -5.60543 -2.67615 
613.714 -5.40297 -2.50446 
624.553 -5.1909 -2.32321 
635.104 -4.96945 -2.13481 
645.355 -4.74014 -1.94103 
655.295 -4.50388 -1.74307 
664.909 -4.26085 -1.5446 
674.182 -4.01283 -1.34698 
683.094 -3.75989 -1.15253 
691.624 -3.50104 -0.962363 
699.744 -3.23552 -0.777609 
707.421 -2.96255 -0.598386 
714.621 -2.68126 -0.423738 
721.312 -2.39197 -0.252633 
727.466 -2.09653 -0.0847721 
733.065 -1.79828 0.0796441 
738.102 -1.50175 0.239321 
742.579 -1.21233 0.391796 
746.51 -0.934997 0.533075 
749.912 -0.672774 0.658628 
752.795 -0.425577 0.765127 
755.162 -0.191643 0.850479 
757.017 0.0257664 0.913769 
758.438 0.171589 0.959837 
759.688 0.309402 1.06413 
758.263 2.87177 0.961762 
299.884 -7.18438 -3.57288 
314.28 -7.18541 -3.61783 
328.562 -7.18306 -3.66808 
342.76 -7.19725 -3.72258 
356.9 -7.21879 -3.77934 
370.989 -7.24297 -3.83834 
385.027 -7.2672 -3.8972 
399.009 -7.28791 -3.95448 
412.929 -7.3035 -4.00776 
426.774 -7.31115 -4.05521 
440.53 -7.30861 -4.09503 
454.182 -7.29466 -4.12544 
467.709 -7.26662 -4.14491 
481.096 -7.22475 -4.15013 
494.323 -7.16614 -4.14198 
507.369 -7.09073 -4.11812 
520.215 -6.99868 -4.07726 
532.846 -6.88895 -4.0185 
545.242 -6.76046 -3.94174 
557.388 -6.61585 -3.84628 
569.27 -6.45363 -3.73241 
580.874 -6.27527 -3.60015 
592.19 -6.08115 -3.44997 
603.209 -5.8729 -3.28383 
613.92 -5.65184 -3.10216 
624.319 -5.41917 -2.90626 
634.398 -5.17587 -2.69829 
644.155 -4.92466 -2.48014 
653.584 -4.66626 -2.25357 
662.683 -4.40264 -2.02237 
671.448 -4.13642 -1.78882 
679.875 -3.86791 -1.55664 
687.956 -3.59911 -1.32926 
695.677 -3.32879 -1.11026 
703.016 -3.05598 -0.900971 
709.941 -2.77802 -0.701449 
716.413 -2.49143 -0.50916 
722.39 -2.19522 -0.32102 
727.842 -1.89123 -0.134764 
732.75 -1.58326 0.0504089 
737.108 -1.2769 0.23413 
740.93 -0.979537 0.414144 
744.246 -0.699912 0.584787 
747.097 -0.444011 0.738346 
749.511 -0.211427 0.86825 
751.502 0.00150793 0.97112 
753.075 0.194565 1.04509 
754.303 0.316621 1.0958 
755.437 0.433239 1.20812 
753.953 2.97752 1.08997 
314.155 -7.33852 -3.68313 
328.803 -7.35653 -3.77158 
343.339 -7.38768 -3.86381 
357.809 -7.4358 -3.96019 
372.234 -7.48948 -4.06001 
386.617 -7.54474 -4.1618 
400.953 -7.59706 -4.26408 
415.228 -7.64384 -4.36483 
429.426 -7.68197 -4.46127 
443.527 -7.70923 -4.55135 
457.508 -7.72247 -4.63196 
471.344 -7.72002 -4.70058 
485.01 -7.69913 -4.75511 
498.479 -7.65876 -4.79394 
511.725 -7.59796 -4.81232 
524.722 -7.51426 -4.81089 
537.446 -7.40794 -4.78618 
549.873 -7.27865 -4.73761 
561.984 -7.12623 -4.66461 
573.762 -6.95233 -4.56625 
585.191 -6.75671 -4.44249 
596.26 -6.54085 -4.29387 
606.959 -6.30623 -4.12161 
617.285 -6.05589 -3.92663 
627.233 -5.79019 -3.71111 
636.803 -5.51154 -3.4763 
645.996 -5.22266 -3.22534 
654.818 -4.92586 -2.96 
663.272 -4.62264 -2.68339 
671.369 -4.31729 -2.39857 
679.117 -4.01154 -2.1092 
686.528 -3.70874 -1.82021 
693.611 -3.41219 -1.53721 
700.373 -3.12285 -1.267 
706.806 -2.8393 -1.01586 
712.88 -2.55669 -0.784987 
718.545 -2.26618 -0.570504 
723.738 -1.96233 -0.36367 
728.413 -1.64591 -0.157124 
732.544 -1.32286 0.0509991 
736.127 -0.999453 0.261462 
739.175 -0.684201 0.474748 
741.742 -0.392554 0.685117 
743.911 -0.138459 0.878249 
745.748 0.0774461 1.04114 
747.281 0.263905 1.16894 
748.518 0.424951 1.25939 
749.519 0.522316 1.31917 
750.515 0.620827 1.44331 
749.001 3.11488 1.31294 
328.982 -7.62586 -3.90802 
344.057 -7.66657 -4.04887 
359.027 -7.73987 -4.19343 
373.951 -7.83097 -4.34464 
388.851 -7.92864 -4.50216 
403.724 -8.02714 -4.6645 
418.555 -8.12189 -4.82956 
433.324 -8.2088 -4.99402 
448.002 -8.2838 -5.15538 
462.559 -8.34414 -5.30918 
476.96 -8.38508 -5.45244 
491.168 -8.4045 -5.58059 
505.147 -8.39926 -5.6903 
518.855 -8.36608 -5.77552 
532.255 -8.30205 -5.83483 
545.313 -8.20834 -5.86331 
557.993 -8.08035 -5.85836 
570.267 -7.92105 -5.81831 
582.108 -7.72922 -5.74076 
593.499 -7.50711 -5.62624 
604.423 -7.25566 -5.47435 
614.871 -6.97804 -5.28706 
624.837 -6.67679 -5.06547 
634.324 -6.3555 -4.81201 
643.338 -6.01699 -4.52997 
651.885 -5.66402 -4.22311 
659.979 -5.3016 -3.89421 
667.635 -4.93154 -3.54741 
674.871 -4.55715 -3.18593 
681.707 -4.18301 -2.81353 
688.168 -3.8114 -2.43333 
694.282 -3.44799 -2.0504 
700.085 -3.0984 -1.671 
705.614 -2.76892 -1.30596 
710.902 -2.46273 -0.969495 
715.948 -2.17409 -0.675252 
720.691 -1.886 -0.423488 
725.021 -1.57781 -0.195394 
728.835 -1.24443 0.0326619 
732.092 -0.900077 0.267247 
734.793 -0.554149 0.504717 
736.937 -0.209509 0.751502 
738.583 0.111056 1.01043 
739.883 0.371942 1.25887 
740.986 0.568939 1.46824 
741.944 0.726694 1.63367 
742.748 0.865333 1.76746 
743.396 0.984465 1.90453 
744.078 1.12528 2.12343 
742.471 3.51547 2.01159 
344.839 -8.07593 -4.27289 
360.56 -8.1518 -4.4841 
376.195 -8.28623 -4.70255 
391.824 -8.44218 -4.93482 
407.463 -8.60862 -5.1799 
423.106 -8.77793 -5.4367 
438.73 -8.94421 -5.7021 
454.301 -9.10096 -5.97186 
469.776 -9.24321 -6.2407 
485.107 -9.36392 -6.50197 
500.239 -9.45731 -6.74827 
515.114 -9.51639 -6.9712 
529.671 -9.53613 -7.16182 
543.853 -9.51002 -7.31501 
557.596 -9.43569 -7.4203 
570.848 -9.30927 -7.47182 
583.56 -9.12856 -7.46577 
595.689 -8.89573 -7.39644 
607.203 -8.61039 -7.26391 
618.079 -8.27782 -7.06654 
628.303 -7.89973 -6.80676 
637.874 -7.48373 -6.48783 
646.798 -7.03538 -6.11705 
655.09 -6.56114 -5.69835 
662.771 -6.06818 -5.23978 
669.871 -5.56223 -4.74889 
676.419 -5.05004 -4.23324 
682.452 -4.53705 -3.70015 
688.003 -4.02709 -3.15599 
693.112 -3.5258 -2.6063 
697.816 -3.0348 -2.0552 
702.158 -2.55932 -1.50425 
706.189 -2.10482 -0.955697 
709.984 -1.68316 -0.41509 
713.637 -1.30931 0.0992765 
717.242 -0.992234 0.55238 
720.801 -0.711561 0.90955 
724.143 -0.412818 1.18187 
727 -0.0571484 1.43601 
729.253 0.321192 1.70931 
730.957 0.682735 1.97443 
732.098 1.04963 2.23105 
732.653 1.41294 2.51918 
732.85 1.68724 2.8213 
733.017 1.84829 3.0749 
733.241 1.97748 3.2767 
733.39 2.17592 3.50328 
733.12 2.65604 3.9451 
732.071 3.49315 5.05399 
729.494 5.65287 5.45071 
362.318 -8.74874 -4.82951 
378.993 -8.88659 -5.14957 
395.634 -9.12319 -5.48597 
412.347 -9.39147 -5.85267 
429.148 -9.68058 -6.24944 
446.024 -9.98089 -6.67306 
462.941 -10.2819 -7.11851 
479.843 -10.5716 -7.57672 
496.659 -10.8373 -8.03388 
513.299 -11.0621 -8.47225 
529.667 -11.2315 -8.8732 
545.657 -11.3295 -9.21684 
561.156 -11.342 -9.48164 
576.06 -11.2591 -9.64822 
590.264 -11.0678 -9.70059 
603.675 -10.7676 -9.62676 
616.216 -10.3562 -9.41709 
627.826 -9.83575 -9.0681 
638.466 -9.21631 -8.5823 
648.118 -8.50695 -7.96592 
656.786 -7.72252 -7.2318 
664.494 -6.87947 -6.39407 
671.286 -5.99533 -5.47009 
677.217 -5.08411 -4.48126 
682.354 -4.16534 -3.44735 
686.773 -3.25245 -2.38866 
690.55 -2.35894 -1.32414 
693.763 -1.49602 -0.271346 
696.489 -0.671815 0.754776 
698.795 0.106991 1.74238 
700.747 0.837618 2.68209 
702.393 1.52091 3.5724 
703.783 2.15956 4.41831 
704.977 2.75069 5.23401 
706.089 3.28022 6.03605 
707.326 3.71022 6.80699 
708.928 4.02157 7.46592 
710.874 4.2867 7.91448 
712.619 4.65842 8.22514 
713.668 5.10345 8.55907 
714.206 5.44162 8.86593 
714.41 5.71975 9.04183 
713.982 6.04947 9.19304 
713.034 6.27368 9.39872 
712.217 6.2974 9.56608 
711.691 6.34007 9.68959 
710.999 6.63557 9.89464 
708.882 7.85042 10.3981 
701.199 11.5605 12.9752 
691.256 16.3661 16.9116 
382.269 -9.77309 -5.69706 
400.399 -10.0412 -6.21226 
418.631 -10.4787 -6.7769 
437.104 -10.9723 -7.40766 
455.832 -11.5045 -8.09716 
474.785 -12.0539 -8.8322 
493.894 -12.5946 -9.59024 
513.046 -13.0922 -10.3398 
532.082 -13.5055 -11.0372 
550.803 -13.7871 -11.6308 
568.981 -13.8927 -12.0601 
586.375 -13.7793 -12.2666 
602.742 -13.41 -12.1951 
617.859 -12.7669 -11.8043 
631.533 -11.8397 -11.069 
643.615 -10.64 -9.98054 
654.005 -9.187 -8.55034 
662.659 -7.51718 -6.80866 
669.587 -5.67657 -4.79782 
674.85 -3.7139 -2.57339 
678.556 -1.68278 -0.195823 
680.846 0.365847 2.27084 
681.888 2.38477 4.76571 
681.867 4.33412 7.23358 
680.972 6.18003 9.6249 
679.389 7.89879 11.9011 
677.293 9.47429 14.0329 
674.846 10.8958 15.9992 
672.188 12.1622 17.7888 
669.442 13.2749 19.3936 
666.704 14.2388 20.8176 
664.046 15.0693 22.0588 
661.499 15.7795 23.1253 
659.054 16.3968 24.0476 
656.691 16.9518 24.8751 
654.479 17.435 25.7062 
652.766 17.7889 26.5968 
652.099 17.9731 27.3914 
652.229 18.2546 27.857 
651.875 18.7635 28.1906 
650.982 19.0187 28.53 
650.572 18.8964 28.5514 
650.277 18.8232 28.1798 
649.329 18.7097 27.7743 
648.518 18.3068 27.3905 
648.102 18.0812 27.0451 
647.02 18.3929 26.9455 
643.843 19.4784 26.9426 
632.025 23.5519 25.5011 
620.27 82753.6 101113 
406.161 -11.4631 -7.19314 
426.694 -12.0364 -8.10268 
447.69 -12.9043 -9.1347 
469.299 -13.8562 -10.29 
491.47 -14.8405 -11.5208 
514.053 -15.774 -12.7469 
536.779 -16.5401 -13.8465 
559.265 -17.0027 -14.6655 
581.022 -17.0156 -15.0308 
601.496 -16.4527 -14.7784 
620.109 -15.2238 -13.7771 
636.327 -13.2951 -11.9502 
649.714 -10.6904 -9.29809 
659.965 -7.4975 -5.88771 
666.929 -3.83905 -1.84705 
670.602 0.132554 2.65573 
671.12 4.25479 7.43152 
668.731 8.37274 12.2942 
663.781 12.3434 17.0702 
656.675 16.0522 21.6097 
647.849 19.4121 25.8003 
637.748 22.3682 29.5688 
626.803 24.8949 32.8709 
615.403 26.9943 35.6978 
603.895 28.6827 38.0646 
592.571 29.9996 40.004 
581.661 30.9892 41.5573 
571.348 31.6909 42.7728 
561.757 32.158 43.7009 
552.968 32.4326 44.3944 
545.027 32.5588 44.8936 
537.955 32.563 45.2324 
531.737 32.4787 45.4409 
526.297 32.3451 45.5266 
521.491 32.1856 45.4934 
517.071 32.0571 45.3841 
512.834 31.9762 45.3675 
509.158 31.8349 45.6875 
506.928 31.6613 46.1353 
505.238 31.875 46.2991 
503.286 31.9529 46.3621 
502.211 31.421 46.5366 
503.42 30.6747 46.1635 
505.275 30.0729 45.1806 
506.911 29.4559 44.3383 
508.663 29.1469 43.6617 
508.685 29.5389 43.2176 
506.345 30.2845 42.5457 
496.746 33.4436 43.7879 
490.297 37.3123 51.7106 
437.314 -14.6596 -10.2182 
462.285 -16.0015 -11.975 
488.484 -17.7027 -13.9007 
515.712 -19.2554 -15.7694 
543.388 -20.362 -17.2197 
570.67 -20.6613 -17.829 
596.483 -19.8191 -17.2028 
619.631 -17.6183 -15.0649 
638.94 -14.0015 -11.3361 
653.395 -9.0929 -6.14075 
662.261 -3.163 0.220655 
665.148 3.41507 7.34186 
662.063 10.2226 14.7711 
653.403 16.8475 22.0565 
639.887 22.9262 28.7977 
622.439 28.1844 34.678 
602.077 32.4465 39.5051 
579.825 35.6488 43.1942 
556.634 37.8085 45.7657 
533.342 39.0182 47.3134 
510.615 39.4226 47.9928 
488.962 39.1838 47.9741 
468.732 38.4666 47.4414 
450.141 37.4276 46.553 
433.293 36.1916 45.4476 
418.199 34.868 44.236 
404.819 33.5285 42.9968 
393.065 32.226 41.7911 
382.83 30.9994 40.6545 
373.985 29.8675 39.608 
366.402 28.8371 38.6659 
359.969 27.9085 37.836 
354.584 27.0833 37.1118 
350.126 26.3566 36.4862 
346.498 25.7121 35.9288 
343.511 25.1617 35.3794 
340.78 24.7402 34.7613 
337.819 24.4225 34.2164 
334.906 24.0784 33.9173 
332.118 24.22 34.2696 
330.737 23.835 34.0971 
329.529 23.3923 33.6526 
329.884 23.0624 34.6864 
334.629 21.8159 34.4179 
339.547 21.6187 33.6772 
342.791 22.1528 33.9652 
344.485 22.6346 33.7527 
344.562 22.4608 33.1353 
340.334 25.1242 29.242 
335.982 65928.7 91895.9 
483.32 -20.7668 -16.1814 
515.86 -22.8285 -18.4301 
549.671 -24.0822 -19.6495 
582.849 -23.5491 -19.1 
613.038 -20.7561 -16.2327 
637.709 -15.5181 -10.8854 
654.558 -8.07761 -3.32962 
661.963 0.93887 5.80352 
659.283 10.669 15.6476 
646.92 20.1798 25.2665 
626.171 28.6171 33.7652 
598.868 35.3529 40.4535 
566.992 40.0737 45.0047 
532.507 42.7344 47.4622 
497.311 43.5078 48.0651 
463.037 42.725 47.1655 
430.868 40.8189 45.1935 
401.54 38.2217 42.5675 
375.4 35.3065 39.6428 
352.493 32.3522 36.6904 
332.665 29.5465 33.8732 
315.643 26.9776 31.2896 
301.113 24.6913 28.9777 
288.751 22.6863 26.9455 
278.251 20.9503 25.185 
269.343 19.458 23.6697 
261.793 18.1758 22.3777 
255.401 17.0815 21.2829 
250.001 16.1475 20.361 
245.45 15.3532 19.5914 
241.632 14.6786 18.9531 
238.448 14.1052 18.4329 
235.826 13.618 18.0169 
233.705 13.2083 17.6884 
232.046 12.8532 17.4426 
230.835 12.5443 17.2551 
230.032 12.2604 17.0559 
229.388 12.026 16.6737 
228.475 11.6628 16.1991 
227.572 11.7038 15.5412 
233.539 19105.3 34053.1 
228.402 11.3145 14.8353 
233.713 21381.1 33661.5 
237.517 18412.6 37969.9 
234.344 11.3476 16.6783 
234.936 11.1648 17.3462 
236.766 11.4026 17.4325 
238.442 11.0682 17.3652 
245.365 8.37568 16.3577 
262.369 16877.4 59695 
552.866 -26.3293 -20.4093 
590.908 -24.7608 -17.9283 
624.137 -19.1438 -11.8827 
647.604 -9.87777 -2.61628 
657.945 1.8894 8.76327 
653.659 14.5673 20.6509 
635.158 26.475 31.4026 
604.432 36.2214 39.7614 
564.558 42.9448 45.0739 
519.229 46.3421 47.3139 
472.31 46.5816 46.9028 
427.393 44.2581 44.527 
387.108 40.2533 40.6637 
352.172 35.6035 36.0524 
322.265 31.0253 31.5238 
297.098 26.8365 27.4523 
276.254 23.1754 23.9281 
259.136 20.0721 20.9512 
245.128 17.4855 18.4616 
233.651 15.3449 16.3827 
224.209 13.5694 14.647 
216.407 12.0904 13.1907 
209.934 10.8476 11.96 
204.545 9.79424 10.9102 
200.042 8.89157 10.0031 
196.269 8.10617 9.20976 
193.106 7.41597 8.50904 
190.45 6.80477 7.88291 
188.221 6.25763 7.31949 
186.351 5.76786 6.8089 
184.784 5.3264 6.34715 
183.474 4.93198 5.93029 
182.386 4.57585 5.55989 
181.498 4.25789 5.23971 
180.799 3.975 4.97631 
180.305 3.72351 4.78643 
180.079 3.50017 4.7034 
180.266 3.30354 4.76644 
181.079 3.13065 4.98128 
183.156 2.58423 5.54646 
189.552 2.56 9.34456 
189.928 6.7331 6.97853 
192.485 2.5874 9.62348 
195.783 6.78346 10.8397 
189.69 8.80253 7.27291 
184.469 4.87932 6.27932 
184.644 3.85728 6.5302 
187.567 3.28211 6.72551 
194.169 1.93228 8.18261 
215.148 -979.927 24070.4 
626.891 -14.3325 -5.9176 
645.862 -3.00099 6.24756 
646.932 12.3072 19.6549 
627.88 27.3206 32.05 
591.351 39.4692 41.4752 
542.661 47.0972 46.8117 
488.303 49.6889 47.9172 
434.353 47.8211 45.2565 
384.769 42.9973 40.1201 
341.449 36.8633 33.9981 
304.857 30.6942 27.844 
274.317 25.3821 22.8202 
249.924 20.6696 19.3069 
232.379 16.6294 16.1607 
219.455 13.5672 13.0792 
208.769 11.34 10.8551 
200.084 9.43953 9.11868 
193.225 7.82605 7.60141 
187.843 6.42799 6.26738 
183.666 5.20076 5.05519 
180.451 4.11987 3.93424 
177.994 3.17011 2.90642 
176.139 2.34157 1.98704 
174.765 1.63001 1.19421 
173.775 1.03615 0.542661 
173.092 0.560929 0.0428567 
172.648 0.202642 -0.303979 
172.385 -0.0454588 -0.511842 
172.247 -0.201097 -0.61142 
172.19 -0.287833 -0.640337 
172.184 -0.329396 -0.629782 
172.204 -0.344511 -0.600568 
172.24 -0.345366 -0.564265 
172.282 -0.338527 -0.527538 
172.325 -0.328415 -0.493306 
172.367 -0.317263 -0.461953 
172.408 -0.306195 -0.431342 
172.456 -0.297616 -0.391781 
172.535 -0.287413 -0.329853 
172.647 -0.240379 -0.197718 
172.623 -0.310526 -0.189557 
172.672 -0.198578 -0.0880676 
172.685 -0.0305022 -0.192854 
172.259 -0.524435 -0.492949 
172.184 -0.209237 -0.641067 
172.25 -0.253416 -0.585146 
172.417 -0.457409 -0.324723 
173.183 -0.452714 0.349691 
175.291 -0.32706 1.7065 
181.737 -0.545794 7.7168 
621.22 22.6064 26.7941 
588.265 37.3922 40.5215 
538.522 48.6336 48.011 
478.968 52.5226 48.9616 
417.903 50.0942 44.7373 
361.348 43.7191 37.6634 
312.67 36.0852 30.6182 
274.242 28.3688 24.8354 
247.16 21.3502 19.1003 
227.673 16.1196 13.9334 
212.377 12.4672 10.613 
200.858 9.43124 7.97501 
191.383 6.69354 3.64279 
184.486 3.1333 1.75587 
180.387 2.34357 1.53204 
176.537 2.68716 2.00676 
174.376 1.53135 0.799796 
173.087 0.649749 -0.0195758 
172.458 0.0583927 -0.451892 
172.268 -0.241374 -0.549382 
172.311 -0.331168 -0.477452 
172.452 -0.321477 -0.356805 
172.619 -0.274896 -0.242364 
172.781 -0.217646 -0.148477 
172.924 -0.159975 -0.0746461 
173.04 -0.106535 -0.0183085 
173.129 -0.0605212 0.0221437 
173.189 -0.024623 0.0478968 
173.226 -0.000240526 0.061081 
173.245 0.0137785 0.0650343 
173.253 0.0202876 0.0632653 
173.253 0.0222791 0.0585679 
173.251 0.0219713 0.0527505 
173.247 0.0206956 0.0468271 
173.242 0.0191391 0.0412571 
173.238 0.0176232 0.0361739 
173.233 0.0162914 0.0313607 
173.226 0.0151996 0.026019 
173.218 0.0132502 0.0210666 
173.206 0.00908355 0.00906947 
173.195 0.00296926 0.000525811 
173.19 0.00885195 0.00638137 
173.184 -0.0193276 -0.00245058 
173.214 -0.00526942 0.0136703 
173.234 0.0227014 0.0430754 
173.233 0.0125462 0.0293727 
173.217 0.0194741 0.00687118 
173.161 0.0231658 -0.028046 
173.013 0.0227805 -0.0865657 
172.743 -0.242101 -0.405137 
480.522 69.8214 70.5509 
407.981 64.0671 61.4765 
344.067 52.4461 48.2189 
293.655 39.6788 35.6036 
256.529 28.7908 25.3622 
229.915 20.6044 17.6355 
210.435 14.7427 11.8784 
194.663 9.80429 5.50371 
185.494 4.01006 2.71272 
182.441 2.60987 2.6641 
179.285 3.30207 2.57736 
176.738 1.98484 1.56778 
176.293 0.987091 1.61406 
177.057 1.41511 1.87678 
175.303 1.51367 0.991377 
172.977 0.564647 -0.113003 
172.796 -0.229294 -0.109409 
173.035 -0.119151 0.00704762 
173.185 -0.0386904 0.0632786 
173.257 0.0159132 0.0836689 
173.273 0.0372588 0.0777894 
173.26 0.0365634 0.0607618 
173.24 0.0281732 0.0423205 
173.22 0.0194759 0.0265013 
173.203 0.0126169 0.0142173 
173.19 0.00759012 0.00524784 
173.18 0.0039675 -0.000897525 
173.173 0.0014285 -0.00472068 
173.169 -0.000206086 -0.0067202 
173.167 -0.00109592 -0.00741707 
173.166 -0.0014501 -0.0073011 
173.166 -0.00148006 -0.00675231 
173.166 -0.00135146 -0.00602458 
173.167 -0.00116812 -0.00525943 
173.167 -0.000987743 -0.00453092 
173.168 -0.000833645 -0.003866 
173.168 -0.000710885 -0.00326041 
173.169 -0.00061425 -0.00268947 
173.169 -0.00050822 -0.00227148 
173.17 -0.000377333 -0.00131476 
173.172 0.000416408 -0.000235685 
173.17 -0.00063815 -0.00266296 
173.173 0.000695301 -8.33334e-05 
173.172 0.000442386 -0.000399508 
173.167 -0.00176946 -0.00536964 
173.167 -0.00222183 -0.00366926 
173.17 -0.00111045 -0.00129617 
173.173 -0.000901069 5.56537e-05 
173.179 0.000484917 -0.00182008 
173.201 -0.00498917 0.0232172 
