0.000277839 
0.000353625 
0.000416296 
0.000458694 
0.000493865 
0.000522501 
0.000546473 
0.0005665 
0.000583331 
0.000597506 
0.00060949 
0.000619651 
0.000628292 
0.000635655 
0.000641936 
0.000647294 
0.000651854 
0.000655721 
0.000658977 
0.000661688 
0.000663906 
0.000665674 
0.000667023 
0.000667977 
0.000668552 
0.000668757 
0.000668595 
0.000668062 
0.000667148 
0.000665835 
0.000664096 
0.000661898 
0.000659195 
0.000655929 
0.000652028 
0.000647399 
0.000641928 
0.000635472 
0.00062785 
0.000618839 
0.000608155 
0.000595452 
0.000580284 
0.000562128 
0.000540234 
0.000513895 
0.000481112 
0.000441249 
0.000379934 
0.000303904 
0.000127927 
0.000182465 
0.00023628 
0.000281464 
0.000323253 
0.000360403 
0.000393421 
0.000422377 
0.000447661 
0.000469645 
0.000488725 
0.000505264 
0.000519591 
0.00053199 
0.000542706 
0.000551944 
0.000559878 
0.000566652 
0.000572385 
0.000577174 
0.000581099 
0.000584223 
0.000586594 
0.000588249 
0.000589212 
0.000589496 
0.000589104 
0.000588028 
0.000586247 
0.000583733 
0.00058044 
0.000576311 
0.000571271 
0.000565228 
0.000558066 
0.000549644 
0.000539792 
0.000528303 
0.000514927 
0.000499371 
0.000481289 
0.000460287 
0.000435922 
0.000407756 
0.000375297 
0.00033837 
0.000296288 
0.000250285 
0.000194629 
0.00013779 
5.32423e-05 
8.41953e-05 
0.000121266 
0.000158677 
0.000197318 
0.000234665 
0.000269903 
0.000302294 
0.000331646 
0.000357946 
0.000381345 
0.000402051 
0.000420297 
0.000436318 
0.000450331 
0.000462536 
0.000473108 
0.000482196 
0.000489933 
0.000496425 
0.000501763 
0.000506021 
0.000509254 
0.000511504 
0.000512802 
0.00051316 
0.000512582 
0.000511055 
0.000508556 
0.000505046 
0.00050047 
0.000494758 
0.000487822 
0.00047955 
0.000469812 
0.000458451 
0.000445282 
0.000430092 
0.00041264 
0.000392661 
0.000369875 
0.000344017 
0.00031486 
0.000282324 
0.0002465 
0.000208057 
0.00016777 
0.000128364 
8.90919e-05 
5.66545e-05 
1.96328e-05 
3.27547e-05 
5.39055e-05 
7.99948e-05 
0.000110504 
0.000142767 
0.000175249 
0.00020666 
0.000236284 
0.000263707 
0.000288763 
0.000311431 
0.000331781 
0.000349929 
0.000366013 
0.000380177 
0.000392559 
0.000403288 
0.000412479 
0.000420234 
0.000426636 
0.000431757 
0.000435654 
0.000438366 
0.000439924 
0.00044034 
0.000439616 
0.000437739 
0.000434682 
0.000430405 
0.00042485 
0.000417945 
0.000409602 
0.000399713 
0.000388153 
0.000374781 
0.000359439 
0.000341956 
0.000322161 
0.000299893 
0.000275028 
0.000247524 
0.000217474 
0.00018523 
0.000151463 
0.000117488 
8.49591e-05 
5.68814e-05 
3.41333e-05 
2.04644e-05 
3.82929e-06 
5.6549e-06 
1.49632e-05 
3.05849e-05 
5.2061e-05 
7.72253e-05 
0.000104445 
0.000132243 
0.000159605 
0.000185822 
0.000210465 
0.00023329 
0.000254187 
0.000273133 
0.000290162 
0.000305335 
0.000318733 
0.000330441 
0.00034054 
0.00034911 
0.000356218 
0.000361923 
0.000366273 
0.000369303 
0.000371038 
0.000371489 
0.000370656 
0.000368525 
0.00036507 
0.000360254 
0.000354024 
0.000346315 
0.000337051 
0.000326143 
0.000313492 
0.000298993 
0.000282542 
0.000264043 
0.000243427 
0.00022067 
0.000195834 
0.000169113 
0.000140895 
0.000111871 
8.30819e-05 
5.61136e-05 
3.28047e-05 
1.56662e-05 
5.4661e-06 
3.70116e-06 
-3.43628e-06 
-8.08728e-06 
-6.7745e-06 
5.12485e-07 
1.38155e-05 
3.1681e-05 
5.27389e-05 
7.56115e-05 
9.92076e-05 
0.000122679 
0.000145421 
0.000167021 
0.000187216 
0.000205852 
0.000222853 
0.000238194 
0.000251885 
0.000263956 
0.000274448 
0.000283405 
0.00029087 
0.000296885 
0.000301481 
0.000304685 
0.000306514 
0.000306975 
0.000306066 
0.000303774 
0.000300079 
0.000294946 
0.000288336 
0.000280199 
0.000270478 
0.000259114 
0.000246046 
0.000231222 
0.000214605 
0.000196186 
0.000176009 
0.000154189 
0.000130956 
0.000106698 
8.2014e-05 
5.77814e-05 
3.51715e-05 
1.571e-05 
9.82268e-07 
-7.28438e-06 
-8.93758e-06 
-3.90072e-06 
-6.60699e-06 
-1.46746e-05 
-1.84325e-05 
-1.72623e-05 
-1.06357e-05 
6.73279e-07 
1.56847e-05 
3.32718e-05 
5.24285e-05 
7.22949e-05 
9.21958e-05 
0.00011162 
0.000130194 
0.000147662 
0.000163853 
0.000178661 
0.000192028 
0.000203926 
0.00021435 
0.000223307 
0.000230812 
0.000236881 
0.00024153 
0.000244773 
0.000246616 
0.000247064 
0.000246111 
0.000243748 
0.000239957 
0.000234718 
0.000228002 
0.00021978 
0.000210022 
0.000198705 
0.000185812 
0.000171347 
0.000155344 
0.000137881 
0.000119102 
9.92421e-05 
7.86584e-05 
5.7864e-05 
3.75606e-05 
1.86694e-05 
2.29869e-06 
-1.02718e-05 
-1.78792e-05 
-1.95608e-05 
-1.57675e-05 
-7.15959e-06 
-7.77743e-06 
-1.74169e-05 
-2.42144e-05 
-2.73021e-05 
-2.58163e-05 
-1.99908e-05 
-1.04041e-05 
2.11364e-06 
1.6724e-05 
3.26477e-05 
4.92174e-05 
6.58874e-05 
8.22296e-05 
9.79185e-05 
0.000112714 
0.000126443 
0.000138988 
0.00015027 
0.000160238 
0.000168863 
0.00017613 
0.00018203 
0.00018656 
0.000189721 
0.000191509 
0.000191922 
0.000190956 
0.000188601 
0.00018485 
0.00017969 
0.000173111 
0.000165107 
0.000155677 
0.000144832 
0.000132602 
0.000119047 
0.000104263 
8.84042e-05 
7.16946e-05 
5.44524e-05 
3.71098e-05 
2.0236e-05 
4.54398e-06 
-9.11123e-06 
-1.97836e-05 
-2.65106e-05 
-2.85746e-05 
-2.5637e-05 
-1.85652e-05 
-8.32443e-06 
-7.97642e-06 
-1.81329e-05 
-2.66299e-05 
-3.25571e-05 
-3.48705e-05 
-3.3421e-05 
-2.84451e-05 
-2.04821e-05 
-1.0172e-05 
1.82946e-06 
1.49178e-05 
2.85653e-05 
4.23289e-05 
5.5851e-05 
6.8849e-05 
8.11048e-05 
9.24538e-05 
0.000102774 
0.000111978 
0.000120001 
0.0001268 
0.000132343 
0.000136611 
0.000139587 
0.000141261 
0.000141624 
0.000140671 
0.000138397 
0.0001348 
0.00012988 
0.000123646 
0.000116113 
0.000107307 
9.72767e-05 
8.60922e-05 
7.38595e-05 
6.07288e-05 
4.69079e-05 
3.26751e-05 
1.83942e-05 
4.5274e-06 
-8.36213e-06 
-1.96133e-05 
-2.84918e-05 
-3.42609e-05 
-3.62755e-05 
-3.42098e-05 
-2.81707e-05 
-1.92556e-05 
-8.48558e-06 
-7.71918e-06 
-1.78125e-05 
-2.71515e-05 
-3.48897e-05 
-3.99217e-05 
-4.18507e-05 
-4.06505e-05 
-3.66098e-05 
-3.01719e-05 
-2.185e-05 
-1.21585e-05 
-1.57589e-06 
9.47525e-06 
2.0633e-05 
3.15971e-05 
4.21238e-05 
5.20187e-05 
6.1129e-05 
6.93364e-05 
7.65504e-05 
8.27028e-05 
8.77423e-05 
9.16312e-05 
9.43419e-05 
9.5855e-05 
9.61573e-05 
9.52421e-05 
9.31085e-05 
8.97619e-05 
8.52158e-05 
7.94933e-05 
7.26308e-05 
6.46818e-05 
5.57226e-05 
4.58583e-05 
3.52307e-05 
2.40272e-05 
1.24891e-05 
9.23133e-07 
-1.02936e-05 
-2.07101e-05 
-2.98047e-05 
-3.70048e-05 
-4.1724e-05 
-4.34395e-05 
-4.17876e-05 
-3.67469e-05 
-2.87151e-05 
-1.88768e-05 
-8.1825e-06 
-7.26624e-06 
-1.6997e-05 
-2.66438e-05 
-3.54709e-05 
-4.23895e-05 
-4.68587e-05 
-4.86661e-05 
-4.79004e-05 
-4.48299e-05 
-3.98271e-05 
-3.33034e-05 
-2.56695e-05 
-1.73088e-05 
-8.5645e-06 
2.65893e-07 
8.92976e-06 
1.72175e-05 
2.49578e-05 
3.20124e-05 
3.82711e-05 
4.36471e-05 
4.8073e-05 
5.14975e-05 
5.38824e-05 
5.52007e-05 
5.54355e-05 
5.45794e-05 
5.26354e-05 
4.96162e-05 
4.55462e-05 
4.0463e-05 
3.44209e-05 
2.74942e-05 
1.9782e-05 
1.14139e-05 
2.55535e-06 
-6.58466e-06 
-1.57484e-05 
-2.46258e-05 
-3.28513e-05 
-4.00081e-05 
-4.5641e-05 
-4.92827e-05 
-5.04995e-05 
-4.89628e-05 
-4.45373e-05 
-3.74192e-05 
-2.81779e-05 
-1.79915e-05 
-7.6847e-06 
-6.74902e-06 
-1.59783e-05 
-2.56087e-05 
-3.50286e-05 
-4.3211e-05 
-4.95445e-05 
-5.36944e-05 
-5.5599e-05 
-5.53808e-05 
-5.32851e-05 
-4.96213e-05 
-4.47237e-05 
-3.89235e-05 
-3.25318e-05 
-2.58296e-05 
-1.90635e-05 
-1.24457e-05 
-6.15576e-06 
-3.42826e-07 
4.87073e-06 
9.38617e-06 
1.3125e-05 
1.60262e-05 
1.80438e-05 
1.91454e-05 
1.93106e-05 
1.85315e-05 
1.68151e-05 
1.4181e-05 
1.06626e-05 
6.30887e-06 
1.18719e-06 
-4.61354e-06 
-1.09783e-05 
-1.77626e-05 
-2.47877e-05 
-3.18377e-05 
-3.86553e-05 
-4.4942e-05 
-5.03607e-05 
-5.45454e-05 
-5.71188e-05 
-5.77238e-05 
-5.60667e-05 
-5.19835e-05 
-4.55123e-05 
-3.69943e-05 
-2.70849e-05 
-1.69009e-05 
-7.12649e-06 
-6.23197e-06 
-1.4911e-05 
-2.43349e-05 
-3.40124e-05 
-4.30009e-05 
-5.06675e-05 
-5.66043e-05 
-6.06427e-05 
-6.27902e-05 
-6.31826e-05 
-6.20356e-05 
-5.96073e-05 
-5.61713e-05 
-5.19975e-05 
-4.73401e-05 
-4.24306e-05 
-3.74743e-05 
-3.26494e-05 
-2.81081e-05 
-2.3978e-05 
-2.03647e-05 
-1.73533e-05 
-1.50108e-05 
-1.33875e-05 
-1.25184e-05 
-1.24235e-05 
-1.31085e-05 
-1.45656e-05 
-1.6772e-05 
-1.96888e-05 
-2.32593e-05 
-2.7407e-05 
-3.20332e-05 
-3.70148e-05 
-4.22006e-05 
-4.7409e-05 
-5.24267e-05 
-5.70085e-05 
-6.08794e-05 
-6.37423e-05 
-6.52906e-05 
-6.52281e-05 
-6.33006e-05 
-5.93364e-05 
-5.3303e-05 
-4.53633e-05 
-3.59466e-05 
-2.57374e-05 
-1.57633e-05 
-6.57284e-06 
-5.7447e-06 
-1.38728e-05 
-2.29843e-05 
-3.26964e-05 
-4.21588e-05 
-5.07479e-05 
-5.80187e-05 
-6.37303e-05 
-6.78035e-05 
-7.02846e-05 
-7.13068e-05 
-7.10572e-05 
-6.97514e-05 
-6.76144e-05 
-6.48676e-05 
-6.17196e-05 
-5.83616e-05 
-5.49638e-05 
-5.16748e-05 
-4.86221e-05 
-4.59125e-05 
-4.36335e-05 
-4.18545e-05 
-4.06277e-05 
-3.99888e-05 
-3.9958e-05 
-4.054e-05 
-4.17253e-05 
-4.34884e-05 
-4.57863e-05 
-4.85579e-05 
-5.17219e-05 
-5.51755e-05 
-5.87926e-05 
-6.24224e-05 
-6.58882e-05 
-6.89886e-05 
-7.14982e-05 
-7.31748e-05 
-7.37669e-05 
-7.30294e-05 
-7.07434e-05 
-6.67461e-05 
-6.09671e-05 
-5.34745e-05 
-4.45159e-05 
-3.45669e-05 
-2.4305e-05 
-1.46582e-05 
-6.0531e-06 
-5.29868e-06 
-1.28997e-05 
-2.16449e-05 
-3.12455e-05 
-4.09425e-05 
-5.01402e-05 
-5.83812e-05 
-6.53791e-05 
-7.0992e-05 
-7.51958e-05 
-7.80538e-05 
-7.96896e-05 
-8.0264e-05 
-7.9957e-05 
-7.89542e-05 
-7.74375e-05 
-7.55782e-05 
-7.35333e-05 
-7.1443e-05 
-6.94296e-05 
-6.7597e-05 
-6.60317e-05 
-6.48025e-05 
-6.39614e-05 
-6.35443e-05 
-6.35707e-05 
-6.40448e-05 
-6.49552e-05 
-6.62743e-05 
-6.7957e-05 
-6.99403e-05 
-7.21416e-05 
-7.44582e-05 
-7.67667e-05 
-7.89223e-05 
-8.07596e-05 
-8.20945e-05 
-8.27287e-05 
-8.24559e-05 
-8.10722e-05 
-7.83916e-05 
-7.42655e-05 
-6.86091e-05 
-6.14331e-05 
-5.28783e-05 
-4.32467e-05 
-3.3031e-05 
-2.28799e-05 
-1.36218e-05 
-5.57827e-06 
-4.89621e-06 
-1.20045e-05 
-2.03611e-05 
-2.97562e-05 
-3.95169e-05 
-4.90847e-05 
-5.80064e-05 
-6.59704e-05 
-7.27912e-05 
-7.8391e-05 
-8.2776e-05 
-8.60151e-05 
-8.82191e-05 
-8.9525e-05 
-9.00826e-05 
-9.00447e-05 
-8.95603e-05 
-8.87694e-05 
-8.77997e-05 
-8.67648e-05 
-8.57628e-05 
-8.48758e-05 
-8.41701e-05 
-8.36958e-05 
-8.34874e-05 
-8.35634e-05 
-8.39269e-05 
-8.45655e-05 
-8.54507e-05 
-8.65371e-05 
-8.77617e-05 
-8.9044e-05 
-9.02851e-05 
-9.13682e-05 
-9.21588e-05 
-9.25072e-05 
-9.22516e-05 
-9.12226e-05 
-8.92514e-05 
-8.61808e-05 
-8.18789e-05 
-7.62586e-05 
-6.92994e-05 
-6.10743e-05 
-5.17752e-05 
-4.17348e-05 
-3.14435e-05 
-2.15096e-05 
-1.26674e-05 
-5.15022e-06 
-4.53513e-06 
-1.11884e-05 
-1.91525e-05 
-2.82834e-05 
-3.7986e-05 
-4.77435e-05 
-5.71172e-05 
-6.57848e-05 
-7.35322e-05 
-8.02418e-05 
-8.5875e-05 
-9.04541e-05 
-9.40464e-05 
-9.6749e-05 
-9.86773e-05 
-9.99551e-05 
-0.000100708 
-0.000101056 
-0.000101112 
-0.00010098 
-0.000100747 
-0.000100491 
-0.000100273 
-0.000100139 
-0.000100123 
-0.00010024 
-0.000100493 
-0.000100869 
-0.00010134 
-0.000101861 
-0.000102371 
-0.000102795 
-0.00010304 
-0.000102999 
-0.000102551 
-0.000101566 
-9.9904e-05 
-9.74273e-05 
-9.40036e-05 
-8.95186e-05 
-8.38892e-05 
-7.70798e-05 
-6.91221e-05 
-6.01347e-05 
-5.03435e-05 
-4.00949e-05 
-2.98648e-05 
-2.02158e-05 
-1.17962e-05 
-4.76647e-06 
-4.21143e-06 
-1.04466e-05 
-1.80249e-05 
-2.6856e-05 
-3.64144e-05 
-4.62255e-05 
-5.58713e-05 
-6.50286e-05 
-7.34664e-05 
-8.10389e-05 
-8.76725e-05 
-9.33517e-05 
-9.81061e-05 
-0.000101998 
-0.000105109 
-0.000107537 
-0.000109382 
-0.000110746 
-0.000111725 
-0.000112408 
-0.000112875 
-0.000113194 
-0.000113421 
-0.000113598 
-0.000113754 
-0.000113904 
-0.000114049 
-0.000114176 
-0.000114259 
-0.000114254 
-0.000114105 
-0.000113743 
-0.000113083 
-0.00011203 
-0.00011048 
-0.00010832 
-0.000105438 
-0.000101724 
-9.70803e-05 
-9.14319e-05 
-8.47376e-05 
-7.70044e-05 
-6.83045e-05 
-5.87893e-05 
-4.87049e-05 
-3.84001e-05 
-2.83284e-05 
-1.90057e-05 
-1.10034e-05 
-4.42273e-06 
-3.92051e-06 
-9.7719e-06 
-1.69767e-05 
-2.54879e-05 
-3.48415e-05 
-4.46035e-05 
-5.438e-05 
-6.38537e-05 
-7.27852e-05 
-8.10094e-05 
-8.84264e-05 
-9.49905e-05 
-0.0001007 
-0.000105585 
-0.000109701 
-0.000113116 
-0.00011591 
-0.000118163 
-0.000119956 
-0.000121364 
-0.000122455 
-0.000123288 
-0.000123913 
-0.000124367 
-0.000124675 
-0.00012485 
-0.000124892 
-0.000124788 
-0.000124513 
-0.000124028 
-0.000123282 
-0.000122212 
-0.000120745 
-0.000118799 
-0.000116284 
-0.00011311 
-0.000109188 
-0.000104435 
-9.87871e-05 
-9.22018e-05 
-8.46737e-05 
-7.62446e-05 
-6.70167e-05 
-5.71639e-05 
-4.69429e-05 
-3.66962e-05 
-2.68514e-05 
-1.78788e-05 
-1.02819e-05 
-4.11424e-06 
-3.65788e-06 
-9.15629e-06 
-1.60023e-05 
-2.41838e-05 
-3.32903e-05 
-4.29262e-05 
-5.27226e-05 
-6.23726e-05 
-7.16345e-05 
-8.03312e-05 
-8.83435e-05 
-9.56023e-05 
-0.000102079 
-0.000107779 
-0.00011273 
-0.000116978 
-0.000120581 
-0.000123599 
-0.000126098 
-0.000128137 
-0.000129775 
-0.000131061 
-0.000132036 
-0.000132732 
-0.000133171 
-0.000133363 
-0.000133308 
-0.000132993 
-0.000132395 
-0.00013148 
-0.000130202 
-0.000128507 
-0.000126333 
-0.00012361 
-0.000120268 
-0.000116233 
-0.000111441 
-0.000105835 
-9.93773e-05 
-9.20564e-05 
-8.38956e-05 
-7.49642e-05 
-6.5386e-05 
-5.53495e-05 
-4.51142e-05 
-3.50116e-05 
-2.54411e-05 
-1.68307e-05 
-9.62392e-06 
-3.83638e-06 
-3.41946e-06 
-8.59218e-06 
-1.50949e-05 
-2.29435e-05 
-3.17738e-05 
-4.12257e-05 
-5.09553e-05 
-6.06685e-05 
-7.01262e-05 
-7.91443e-05 
-8.75904e-05 
-9.5377e-05 
-0.000102455 
-0.000108807 
-0.000114439 
-0.000119375 
-0.000123654 
-0.000127318 
-0.000130417 
-0.000132997 
-0.000135105 
-0.00013678 
-0.000138057 
-0.000138961 
-0.000139511 
-0.000139713 
-0.000139568 
-0.000139063 
-0.000138179 
-0.000136884 
-0.000135142 
-0.000132904 
-0.000130122 
-0.000126738 
-0.000122698 
-0.000117949 
-0.000112444 
-0.000106153 
-9.90607e-05 
-9.1181e-05 
-8.2561e-05 
-7.32903e-05 
-6.35085e-05 
-5.34119e-05 
-4.32577e-05 
-3.33631e-05 
-2.40996e-05 
-1.58552e-05 
-9.02189e-06 
-3.58497e-06 
-3.2017e-06 
-8.07264e-06 
-1.42475e-05 
-2.17641e-05 
-3.02986e-05 
-3.95232e-05 
-4.91182e-05 
-5.8804e-05 
-6.83466e-05 
-7.75595e-05 
-8.63013e-05 
-9.44711e-05 
-0.000102003 
-0.000108862 
-0.000115034 
-0.000120526 
-0.000125358 
-0.000129556 
-0.000133155 
-0.000136189 
-0.000138692 
-0.000140697 
-0.000142228 
-0.000143307 
-0.000143948 
-0.000144155 
-0.000143928 
-0.000143256 
-0.000142122 
-0.000140499 
-0.000138357 
-0.000135658 
-0.000132362 
-0.000128427 
-0.000123812 
-0.000118481 
-0.000112409 
-0.000105584 
-9.80115e-05 
-8.97267e-05 
-8.07953e-05 
-7.13221e-05 
-6.1457e-05 
-5.13991e-05 
-4.14e-05 
-3.17608e-05 
-2.28254e-05 
-1.49459e-05 
-8.46894e-06 
-3.35638e-06 
-3.00155e-06 
-7.59161e-06 
-1.34534e-05 
-2.06416e-05 
-2.88677e-05 
-3.78329e-05 
-4.72405e-05 
-5.6826e-05 
-6.63627e-05 
-7.56647e-05 
-8.45851e-05 
-9.30135e-05 
-0.000100872 
-0.000108108 
-0.000114695 
-0.000120623 
-0.000125894 
-0.000130523 
-0.000134528 
-0.000137934 
-0.000140764 
-0.00014304 
-0.000144782 
-0.000146005 
-0.000146718 
-0.000146926 
-0.000146625 
-0.000145808 
-0.000144459 
-0.000142559 
-0.000140081 
-0.000136997 
-0.000133278 
-0.000128893 
-0.000123816 
-0.000118027 
-0.000111517 
-0.000104291 
-9.63741e-05 
-8.78167e-05 
-7.86992e-05 
-6.91373e-05 
-5.92868e-05 
-4.93465e-05 
-3.95594e-05 
-3.02099e-05 
-2.16157e-05 
-1.40963e-05 
-7.95903e-06 
-3.14748e-06 
-2.81648e-06 
-7.14392e-06 
-1.27064e-05 
-1.95716e-05 
-2.74816e-05 
-3.61638e-05 
-4.53432e-05 
-5.47702e-05 
-6.42269e-05 
-7.353e-05 
-8.25304e-05 
-9.11109e-05 
-9.91836e-05 
-0.000106686 
-0.000113576 
-0.000119831 
-0.00012544 
-0.000130405 
-0.000134733 
-0.000138435 
-0.000141526 
-0.000144021 
-0.000145932 
-0.000147269 
-0.000148039 
-0.000148243 
-0.000147878 
-0.000146937 
-0.000145409 
-0.000143277 
-0.000140524 
-0.000137127 
-0.000133067 
-0.000128327 
-0.000122891 
-0.000116754 
-0.000109921 
-0.000102413 
-9.42685e-05 
-8.55516e-05 
-7.63533e-05 
-6.67968e-05 
-5.70404e-05 
-4.72798e-05 
-3.77483e-05 
-2.87129e-05 
-2.0467e-05 
-1.33006e-05 
-7.48696e-06 
-2.95565e-06 
-2.64437e-06 
-6.7252e-06 
-1.20012e-05 
-1.85497e-05 
-2.61397e-05 
-3.4522e-05 
-4.34417e-05 
-5.2664e-05 
-6.19805e-05 
-7.12121e-05 
-8.02095e-05 
-8.88516e-05 
-9.70434e-05 
-0.000104713 
-0.000111809 
-0.000118296 
-0.000124153 
-0.000129369 
-0.00013394 
-0.000137871 
-0.000141165 
-0.00014383 
-0.000145872 
-0.000147297 
-0.000148108 
-0.000148305 
-0.000147885 
-0.000146842 
-0.000145167 
-0.000142849 
-0.000139875 
-0.000136232 
-0.000131908 
-0.000126897 
-0.000121194 
-0.000114807 
-0.000107753 
-0.000100065 
-9.17941e-05 
-8.30137e-05 
-7.38228e-05 
-6.43488e-05 
-5.47504e-05 
-4.52184e-05 
-3.5975e-05 
-2.72705e-05 
-1.93756e-05 
-1.25537e-05 
-7.04826e-06 
-2.77869e-06 
-2.48348e-06 
-6.33179e-06 
-1.13331e-05 
-1.75721e-05 
-2.48407e-05 
-3.29112e-05 
-4.15473e-05 
-5.05284e-05 
-5.9656e-05 
-6.87564e-05 
-7.76818e-05 
-8.6309e-05 
-9.45385e-05 
-0.000102291 
-0.000109508 
-0.000116143 
-0.000122167 
-0.000127559 
-0.000132306 
-0.000136402 
-0.000139846 
-0.000142637 
-0.000144776 
-0.000146266 
-0.000147105 
-0.000147293 
-0.000146826 
-0.0001457 
-0.000143909 
-0.000141446 
-0.000138303 
-0.000134474 
-0.000129956 
-0.000124749 
-0.000118862 
-0.000112312 
-0.000105125 
-9.73455e-05 
-8.90337e-05 
-8.02704e-05 
-7.11597e-05 
-6.18313e-05 
-5.2442e-05 
-4.31762e-05 
-3.4245e-05 
-2.58823e-05 
-1.83377e-05 
-1.18508e-05 
-6.63916e-06 
-2.61476e-06 
-2.33236e-06 
-5.96061e-06 
-1.06982e-05 
-1.66349e-05 
-2.35829e-05 
-3.13337e-05 
-3.96683e-05 
-4.83797e-05 
-5.72793e-05 
-6.61998e-05 
-7.49958e-05 
-8.35442e-05 
-9.17421e-05 
-9.95061e-05 
-0.00010677 
-0.000113481 
-0.000119602 
-0.000125102 
-0.000129964 
-0.000134172 
-0.000137718 
-0.000140596 
-0.000142802 
-0.000144335 
-0.000145191 
-0.000145369 
-0.000144864 
-0.000143674 
-0.000141795 
-0.000139223 
-0.000135957 
-0.000131997 
-0.000127345 
-0.000122012 
-0.000116013 
-0.000109374 
-0.000102131 
-9.43355e-05 
-8.60553e-05 
-7.73764e-05 
-6.84061e-05 
-5.92742e-05 
-5.01343e-05 
-4.11636e-05 
-3.25617e-05 
-2.4547e-05 
-1.73496e-05 
-1.11879e-05 
-6.2564e-06 
-2.4623e-06 
-2.1898e-06 
-5.60908e-06 
-1.00931e-05 
-1.57348e-05 
-2.23645e-05 
-2.97908e-05 
-3.78107e-05 
-4.62303e-05 
-5.48709e-05 
-6.35718e-05 
-7.21915e-05 
-8.06075e-05 
-8.87159e-05 
-9.64298e-05 
-0.000103678 
-0.000110403 
-0.000116559 
-0.000122111 
-0.000127033 
-0.000131305 
-0.000134911 
-0.000137842 
-0.000140089 
-0.000141647 
-0.000142511 
-0.000142677 
-0.000142142 
-0.000140905 
-0.000138963 
-0.000136317 
-0.00013297 
-0.000128926 
-0.000124196 
-0.000118795 
-0.000112746 
-0.000106084 
-9.88499e-05 
-9.11029e-05 
-8.29151e-05 
-7.43764e-05 
-6.55955e-05 
-5.67009e-05 
-4.78418e-05 
-3.91877e-05 
-3.09269e-05 
-2.3263e-05 
-1.64081e-05 
-1.05612e-05 
-5.89719e-06 
-2.31998e-06 
-2.05478e-06 
-5.27499e-06 
-9.5148e-06 
-1.48688e-05 
-2.11834e-05 
-2.82828e-05 
-3.59787e-05 
-4.40896e-05 
-5.24467e-05 
-6.08963e-05 
-6.93011e-05 
-7.75408e-05 
-8.55111e-05 
-9.31233e-05 
-0.000100303 
-0.000106987 
-0.000113127 
-0.000118681 
-0.000123618 
-0.000127912 
-0.000131543 
-0.000134496 
-0.00013676 
-0.000138327 
-0.00013919 
-0.000139345 
-0.000138788 
-0.000137518 
-0.000135537 
-0.000132847 
-0.000129455 
-0.00012537 
-0.000120608 
-0.000115191 
-0.000109148 
-0.000102518 
-9.53487e-05 
-8.77038e-05 
-7.9659e-05 
-7.13063e-05 
-6.27543e-05 
-5.41292e-05 
-4.5575e-05 
-3.72533e-05 
-2.93411e-05 
-2.2028e-05 
-1.55096e-05 
-9.96755e-06 
-5.55907e-06 
-2.18665e-06 
-1.92643e-06 
-4.9564e-06 
-8.96054e-06 
-1.4034e-05 
-2.00375e-05 
-2.68093e-05 
-3.41749e-05 
-4.19646e-05 
-5.00191e-05 
-5.8192e-05 
-6.63508e-05 
-7.4378e-05 
-8.21701e-05 
-8.96375e-05 
-9.67034e-05 
-0.000103303 
-0.000109382 
-0.000114895 
-0.000119807 
-0.000124086 
-0.000127711 
-0.000130661 
-0.000132923 
-0.000134486 
-0.000135341 
-0.000135484 
-0.000134912 
-0.000133624 
-0.000131623 
-0.000128916 
-0.000125511 
-0.000121423 
-0.000116671 
-0.000111282 
-0.000105291 
-9.87394e-05 
-9.1682e-05 
-8.4184e-05 
-7.63239e-05 
-6.81944e-05 
-5.99029e-05 
-5.15725e-05 
-4.33415e-05 
-3.53631e-05 
-2.78037e-05 
-2.08395e-05 
-1.46509e-05 
-9.40378e-06 
-5.23984e-06 
-2.0613e-06 
-1.80396e-06 
-4.65159e-06 
-8.4279e-06 
-1.32276e-05 
-1.89243e-05 
-2.53692e-05 
-3.24006e-05 
-3.986e-05 
-4.75973e-05 
-5.54734e-05 
-6.33613e-05 
-7.11466e-05 
-7.87275e-05 
-8.60145e-05 
-9.29297e-05 
-9.94061e-05 
-0.000105387 
-0.000110823 
-0.000115676 
-0.000119911 
-0.000123502 
-0.000126427 
-0.00012867 
-0.000130217 
-0.000131059 
-0.000131191 
-0.00013061 
-0.000129316 
-0.000127314 
-0.000124612 
-0.000121222 
-0.000117163 
-0.000112457 
-0.000107134 
-0.000101234 
-9.48014e-05 
-8.78944e-05 
-8.05804e-05 
-7.2939e-05 
-6.50626e-05 
-5.70567e-05 
-4.90403e-05 
-4.11459e-05 
-3.35182e-05 
-2.63132e-05 
-1.96946e-05 
-1.38286e-05 
-8.86702e-06 
-4.93745e-06 
-1.94301e-06 
-1.68667e-06 
-4.35896e-06 
-7.91451e-06 
-1.24469e-05 
-1.78412e-05 
-2.39609e-05 
-3.06558e-05 
-3.77784e-05 
-4.51876e-05 
-5.27514e-05 
-6.03485e-05 
-6.78683e-05 
-7.52111e-05 
-8.22884e-05 
-8.9022e-05 
-9.53437e-05 
-0.000101194 
-0.000106524 
-0.000111289 
-0.000115454 
-0.000118989 
-0.000121871 
-0.00012408 
-0.000125602 
-0.000126427 
-0.000126548 
-0.000125964 
-0.000124675 
-0.000122687 
-0.000120011 
-0.000116661 
-0.000112657 
-0.000108027 
-0.000102803 
-9.70261e-05 
-9.07461e-05 
-8.40217e-05 
-7.6922e-05 
-6.95268e-05 
-6.19273e-05 
-5.42264e-05 
-4.65387e-05 
-3.89903e-05 
-3.17179e-05 
-2.48672e-05 
-1.859e-05 
-1.30395e-05 
-8.35442e-06 
-4.65e-06 
-1.83093e-06 
-1.57388e-06 
-4.07697e-06 
-7.41807e-06 
-1.1689e-05 
-1.67855e-05 
-2.25819e-05 
-2.89395e-05 
-3.57209e-05 
-4.27937e-05 
-5.00333e-05 
-5.7324e-05 
-6.45593e-05 
-7.16425e-05 
-7.84863e-05 
-8.5013e-05 
-9.11538e-05 
-9.68488e-05 
-0.000102046 
-0.000106699 
-0.000110773 
-0.000114233 
-0.000117056 
-0.00011922 
-0.000120709 
-0.000121513 
-0.000121625 
-0.000121042 
-0.000119768 
-0.000117808 
-0.000115174 
-0.000111884 
-0.00010796 
-0.000103431 
-9.83324e-05 
-9.27072e-05 
-8.66069e-05 
-8.00916e-05 
-7.32308e-05 
-6.61037e-05 
-5.87998e-05 
-5.14189e-05 
-4.40707e-05 
-3.6875e-05 
-2.99602e-05 
-2.34622e-05 
-1.75218e-05 
-1.22799e-05 
-7.86314e-06 
-4.37561e-06 
-1.72423e-06 
-1.46495e-06 
-3.80409e-06 
-6.93621e-06 
-1.0951e-05 
-1.57536e-05 
-2.12292e-05 
-2.72495e-05 
-3.36867e-05 
-4.04173e-05 
-4.73236e-05 
-5.42957e-05 
-6.12317e-05 
-6.80377e-05 
-7.46287e-05 
-8.09279e-05 
-8.68666e-05 
-9.23842e-05 
-9.74276e-05 
-0.000101951 
-0.000105914 
-0.000109285 
-0.000112035 
-0.000114144 
-0.000115594 
-0.000116374 
-0.000116477 
-0.000115901 
-0.000114649 
-0.000112729 
-0.000110153 
-0.000106941 
-0.000103116 
-9.87093e-05 
-9.37582e-05 
-8.83073e-05 
-8.24092e-05 
-7.61244e-05 
-6.95222e-05 
-6.26808e-05 
-5.56871e-05 
-4.86375e-05 
-4.16367e-05 
-3.47979e-05 
-2.82416e-05 
-2.20942e-05 
-1.64858e-05 
-1.15461e-05 
-7.39026e-06 
-4.1124e-06 
-1.6221e-06 
-1.3592e-06 
-3.53877e-06 
-6.46651e-06 
-1.02295e-05 
-1.47421e-05 
-1.98991e-05 
-2.55824e-05 
-3.16738e-05 
-3.80577e-05 
-4.46239e-05 
-5.12681e-05 
-5.78929e-05 
-6.4408e-05 
-7.07307e-05 
-7.67855e-05 
-8.25046e-05 
-8.78273e-05 
-9.27e-05 
-9.70758e-05 
-0.000100914 
-0.000104182 
-0.000106849 
-0.000108895 
-0.0001103 
-0.000111054 
-0.000111149 
-0.000110584 
-0.000109362 
-0.000107491 
-0.000104986 
-0.000101866 
-9.81574e-05 
-9.38912e-05 
-8.91065e-05 
-8.38488e-05 
-7.81713e-05 
-7.21343e-05 
-6.58066e-05 
-5.92644e-05 
-5.25923e-05 
-4.58824e-05 
-3.92346e-05 
-3.27553e-05 
-2.65574e-05 
-2.07581e-05 
-1.54774e-05 
-1.08339e-05 
-6.93276e-06 
-3.85845e-06 
-1.52373e-06 
-1.25595e-06 
-3.27937e-06 
-6.00637e-06 
-9.52122e-06 
-1.37467e-05 
-1.85871e-05 
-2.39342e-05 
-2.96785e-05 
-3.57127e-05 
-4.19335e-05 
-4.82425e-05 
-5.45469e-05 
-6.07601e-05 
-6.68019e-05 
-7.25988e-05 
-7.8084e-05 
-8.31973e-05 
-8.7885e-05 
-9.21001e-05 
-9.58015e-05 
-9.89547e-05 
-0.00010153 
-0.000103506 
-0.000104862 
-0.000105589 
-0.000105677 
-0.000105126 
-0.00010394 
-0.000102128 
-9.97036e-05 
-9.66886e-05 
-9.31093e-05 
-8.89985e-05 
-8.43956e-05 
-7.93466e-05 
-7.39046e-05 
-6.81295e-05 
-6.20888e-05 
-5.58567e-05 
-4.95147e-05 
-4.3151e-05 
-3.686e-05 
-3.0742e-05 
-2.49018e-05 
-1.94481e-05 
-1.44911e-05 
-1.01392e-05 
-6.48742e-06 
-3.61177e-06 
-1.42827e-06 
-1.15448e-06 
-3.0242e-06 
-5.55304e-06 
-8.82232e-06 
-1.2763e-05 
-1.72884e-05 
-2.22996e-05 
-2.7696e-05 
-3.33781e-05 
-3.92495e-05 
-4.52175e-05 
-5.11941e-05 
-5.70964e-05 
-6.28473e-05 
-6.83751e-05 
-7.36146e-05 
-7.85063e-05 
-8.29972e-05 
-8.70401e-05 
-9.0594e-05 
-9.36238e-05 
-9.61002e-05 
-9.79996e-05 
-9.9304e-05 
-0.000100001 
-0.000100084 
-9.95505e-05 
-9.84055e-05 
-9.66585e-05 
-9.43246e-05 
-9.14252e-05 
-8.79875e-05 
-8.40447e-05 
-7.96365e-05 
-7.4809e-05 
-6.96148e-05 
-6.4113e-05 
-5.83694e-05 
-5.24559e-05 
-4.64508e-05 
-4.04381e-05 
-3.45068e-05 
-2.87509e-05 
-2.32678e-05 
-1.81576e-05 
-1.35212e-05 
-9.45701e-06 
-6.05084e-06 
-3.37025e-06 
-1.33484e-06 
-1.05404e-06 
-2.77147e-06 
-5.10365e-06 
-8.12887e-06 
-1.1786e-05 
-1.59972e-05 
-2.06727e-05 
-2.57204e-05 
-3.10485e-05 
-3.65671e-05 
-4.21894e-05 
-4.78321e-05 
-5.34162e-05 
-5.88675e-05 
-6.41168e-05 
-6.91006e-05 
-7.37605e-05 
-7.80443e-05 
-8.19052e-05 
-8.53025e-05 
-8.82011e-05 
-9.05716e-05 
-9.23903e-05 
-9.36392e-05 
-9.43059e-05 
-9.43835e-05 
-9.38706e-05 
-9.27715e-05 
-9.10963e-05 
-8.88606e-05 
-8.6086e-05 
-8.27999e-05 
-7.90358e-05 
-7.48333e-05 
-7.02381e-05 
-6.5302e-05 
-6.0083e-05 
-5.46448e-05 
-4.9057e-05 
-4.33943e-05 
-3.77363e-05 
-3.2167e-05 
-2.6774e-05 
-2.16475e-05 
-1.68794e-05 
-1.25614e-05 
-8.78251e-06 
-5.6194e-06 
-3.13168e-06 
-1.24251e-06 
-9.53867e-07 
-2.5193e-06 
-4.65518e-06 
-7.43673e-06 
-1.08107e-05 
-1.47078e-05 
-1.90473e-05 
-2.37452e-05 
-2.87172e-05 
-3.388e-05 
-3.91524e-05 
-4.44558e-05 
-4.97151e-05 
-5.48593e-05 
-5.98218e-05 
-6.45409e-05 
-6.89598e-05 
-7.30273e-05 
-7.66975e-05 
-7.99301e-05 
-8.26902e-05 
-8.49489e-05 
-8.66825e-05 
-8.78731e-05 
-8.85083e-05 
-8.85814e-05 
-8.80912e-05 
-8.70422e-05 
-8.54445e-05 
-8.3314e-05 
-8.06723e-05 
-7.75469e-05 
-7.3971e-05 
-6.99839e-05 
-6.56305e-05 
-6.09616e-05 
-5.60336e-05 
-5.09082e-05 
-4.56519e-05 
-4.03362e-05 
-3.50364e-05 
-2.98313e-05 
-2.48022e-05 
-2.00323e-05 
-1.56056e-05 
-1.1605e-05 
-8.11034e-06 
-5.18931e-06 
-2.89372e-06 
-1.1503e-06 
-8.5316e-07 
-2.26581e-06 
-4.20461e-06 
-6.74177e-06 
-9.83183e-06 
-1.34142e-05 
-1.74166e-05 
-2.17632e-05 
-2.6377e-05 
-3.11809e-05 
-3.60992e-05 
-4.1058e-05 
-4.59863e-05 
-5.08162e-05 
-5.54839e-05 
-5.99298e-05 
-6.40989e-05 
-6.79414e-05 
-7.14124e-05 
-7.44723e-05 
-7.70872e-05 
-7.92283e-05 
-8.08723e-05 
-8.20017e-05 
-8.26043e-05 
-8.26735e-05 
-8.22082e-05 
-8.12131e-05 
-7.96982e-05 
-7.76794e-05 
-7.51782e-05 
-7.22218e-05 
-6.8843e-05 
-6.50803e-05 
-6.09777e-05 
-5.65844e-05 
-5.19552e-05 
-4.71492e-05 
-4.22303e-05 
-3.72662e-05 
-3.2328e-05 
-2.74893e-05 
-2.28255e-05 
-1.84131e-05 
-1.43281e-05 
-1.06452e-05 
-7.43507e-06 
-4.75665e-06 
-2.65396e-06 
-1.05721e-06 
-7.51175e-07 
-2.00922e-06 
-3.74909e-06 
-6.04009e-06 
-8.8447e-06 
-1.21107e-05 
-1.57743e-05 
-1.97676e-05 
-2.40204e-05 
-2.84618e-05 
-3.30214e-05 
-3.76301e-05 
-4.22206e-05 
-4.67286e-05 
-5.10931e-05 
-5.52569e-05 
-5.91671e-05 
-6.27754e-05 
-6.60384e-05 
-6.89177e-05 
-7.13801e-05 
-7.33976e-05 
-7.49475e-05 
-7.60127e-05 
-7.65813e-05 
-7.66469e-05 
-7.62086e-05 
-7.5271e-05 
-7.3844e-05 
-7.19435e-05 
-6.95904e-05 
-6.68114e-05 
-6.36385e-05 
-6.01093e-05 
-5.62663e-05 
-5.21573e-05 
-4.78346e-05 
-4.33552e-05 
-3.87798e-05 
-3.41723e-05 
-2.95996e-05 
-2.51303e-05 
-2.08341e-05 
-1.67807e-05 
-1.3039e-05 
-9.67525e-06 
-6.7513e-06 
-4.31749e-06 
-2.40995e-06 
-9.62207e-07 
-6.47276e-07 
-1.74799e-06 
-3.28621e-06 
-5.3285e-06 
-7.84529e-06 
-1.07927e-05 
-1.41152e-05 
-1.77523e-05 
-2.16405e-05 
-2.5715e-05 
-2.99104e-05 
-3.41622e-05 
-3.84071e-05 
-4.25844e-05 
-4.66361e-05 
-5.05078e-05 
-5.41487e-05 
-5.75127e-05 
-6.0558e-05 
-6.32476e-05 
-6.55495e-05 
-6.74368e-05 
-6.88874e-05 
-6.98849e-05 
-7.04178e-05 
-7.04799e-05 
-7.00706e-05 
-6.91942e-05 
-6.78606e-05 
-6.60851e-05 
-6.3888e-05 
-6.12954e-05 
-5.8338e-05 
-5.50521e-05 
-5.14786e-05 
-4.76633e-05 
-4.36563e-05 
-3.95116e-05 
-3.52866e-05 
-3.10418e-05 
-2.68396e-05 
-2.27437e-05 
-1.88182e-05 
-1.51267e-05 
-1.17308e-05 
-8.68879e-06 
-6.05398e-06 
-3.86816e-06 
-2.15939e-06 
-8.64318e-07 
-5.41073e-07 
-1.48114e-06 
-2.81452e-06 
-4.60508e-06 
-6.83131e-06 
-9.45739e-06 
-1.24357e-05 
-1.5713e-05 
-1.9232e-05 
-2.29336e-05 
-2.67577e-05 
-3.0644e-05 
-3.45337e-05 
-3.83695e-05 
-4.20968e-05 
-4.56641e-05 
-4.90236e-05 
-5.21311e-05 
-5.49471e-05 
-5.74364e-05 
-5.95684e-05 
-6.13174e-05 
-6.26626e-05 
-6.35882e-05 
-6.40832e-05 
-6.41419e-05 
-6.37635e-05 
-6.29524e-05 
-6.17181e-05 
-6.00752e-05 
-5.80434e-05 
-5.56472e-05 
-5.29164e-05 
-4.98853e-05 
-4.65929e-05 
-4.30827e-05 
-3.94021e-05 
-3.5602e-05 
-3.17365e-05 
-2.78621e-05 
-2.4037e-05 
-2.032e-05 
-1.67699e-05 
-1.34441e-05 
-1.03974e-05 
-7.68077e-06 
-5.33901e-06 
-3.40556e-06 
-1.90024e-06 
-7.62687e-07 
-4.32625e-07 
-1.20874e-06 
-2.33422e-06 
-3.87023e-06 
-5.80323e-06 
-8.10508e-06 
-1.07357e-05 
-1.36483e-05 
-1.67921e-05 
-2.01131e-05 
-2.35562e-05 
-2.7066e-05 
-3.05877e-05 
-3.40681e-05 
-3.74562e-05 
-4.07039e-05 
-4.37664e-05 
-4.66025e-05 
-4.9175e-05 
-5.14509e-05 
-5.34015e-05 
-5.50027e-05 
-5.62349e-05 
-5.70833e-05 
-5.75377e-05 
-5.75926e-05 
-5.72474e-05 
-5.65063e-05 
-5.53782e-05 
-5.38769e-05 
-5.2021e-05 
-4.98336e-05 
-4.73426e-05 
-4.45804e-05 
-4.15835e-05 
-3.83926e-05 
-3.5052e-05 
-3.16094e-05 
-2.81152e-05 
-2.46216e-05 
-2.11825e-05 
-1.78519e-05 
-1.46833e-05 
-1.17283e-05 
-9.03539e-06 
-6.64829e-06 
-4.60398e-06 
-2.92776e-06 
-1.6312e-06 
-6.56739e-07 
-3.22807e-07 
-9.32633e-07 
-1.84832e-06 
-3.12806e-06 
-4.76596e-06 
-6.74092e-06 
-9.01968e-06 
-1.15618e-05 
-1.43221e-05 
-1.7252e-05 
-2.03013e-05 
-2.34195e-05 
-2.65564e-05 
-2.96632e-05 
-3.26929e-05 
-3.56015e-05 
-3.83475e-05 
-4.08932e-05 
-4.32043e-05 
-4.52505e-05 
-4.70054e-05 
-4.84467e-05 
-4.95566e-05 
-5.03213e-05 
-5.07314e-05 
-5.0782e-05 
-5.04726e-05 
-4.9807e-05 
-4.87934e-05 
-4.74447e-05 
-4.57778e-05 
-4.38143e-05 
-4.15798e-05 
-3.9104e-05 
-3.64208e-05 
-3.35675e-05 
-3.05849e-05 
-2.75168e-05 
-2.44094e-05 
-2.13107e-05 
-1.82697e-05 
-1.53357e-05 
-1.25568e-05 
-9.9792e-06 
-7.64527e-06 
-5.59212e-06 
-3.84944e-06 
-2.43497e-06 
-1.35217e-06 
-5.46391e-07 
-2.13781e-07 
-6.5761e-07 
-1.36432e-06 
-2.38854e-06 
-3.73118e-06 
-5.37726e-06 
-7.29965e-06 
-9.46363e-06 
-1.18294e-05 
-1.43537e-05 
-1.69919e-05 
-1.96984e-05 
-2.24281e-05 
-2.51371e-05 
-2.77835e-05 
-3.03275e-05 
-3.2732e-05 
-3.49632e-05 
-3.69904e-05 
-3.87863e-05 
-4.03275e-05 
-4.1594e-05 
-4.25697e-05 
-4.32425e-05 
-4.36039e-05 
-4.36495e-05 
-4.33789e-05 
-4.27955e-05 
-4.19067e-05 
-4.0724e-05 
-3.92626e-05 
-3.75418e-05 
-3.55847e-05 
-3.34179e-05 
-3.10717e-05 
-2.85796e-05 
-2.59784e-05 
-2.33073e-05 
-2.06078e-05 
-1.79229e-05 
-1.52967e-05 
-1.27731e-05 
-1.0395e-05 
-8.20302e-06 
-6.23391e-06 
-4.51878e-06 
-3.08075e-06 
-1.93091e-06 
-1.06526e-06 
-4.32478e-07 
-1.10008e-07 
-3.93219e-07 
-8.9675e-07 
-1.67042e-06 
-2.72049e-06 
-4.03681e-06 
-5.5975e-06 
-7.37313e-06 
-9.32931e-06 
-1.14286e-05 
-1.36318e-05 
-1.58993e-05 
-1.8192e-05 
-2.04718e-05 
-2.27023e-05 
-2.48489e-05 
-2.68799e-05 
-2.8766e-05 
-3.04807e-05 
-3.20006e-05 
-3.33056e-05 
-3.43784e-05 
-3.52054e-05 
-3.57759e-05 
-3.60829e-05 
-3.61225e-05 
-3.58944e-05 
-3.54015e-05 
-3.46501e-05 
-3.36502e-05 
-3.24149e-05 
-3.09607e-05 
-2.93075e-05 
-2.74782e-05 
-2.54991e-05 
-2.33991e-05 
-2.121e-05 
-1.89656e-05 
-1.67021e-05 
-1.44567e-05 
-1.22678e-05 
-1.01734e-05 
-8.21088e-06 
-6.4151e-06 
-4.81738e-06 
-3.44337e-06 
-2.31063e-06 
-1.42488e-06 
-7.76049e-07 
-3.17149e-07 
-1.90215e-08 
-1.56176e-07 
-4.70591e-07 
-1.00519e-06 
-1.76935e-06 
-2.75624e-06 
-3.94848e-06 
-5.32181e-06 
-6.84764e-06 
-8.49483e-06 
-1.0231e-05 
-1.20234e-05 
-1.38399e-05 
-1.56492e-05 
-1.74217e-05 
-1.91293e-05 
-2.07461e-05 
-2.22484e-05 
-2.36149e-05 
-2.48267e-05 
-2.58675e-05 
-2.67234e-05 
-2.73835e-05 
-2.78392e-05 
-2.80847e-05 
-2.81171e-05 
-2.7936e-05 
-2.75437e-05 
-2.69455e-05 
-2.61492e-05 
-2.51654e-05 
-2.40075e-05 
-2.26916e-05 
-2.12362e-05 
-1.96626e-05 
-1.79942e-05 
-1.62569e-05 
-1.44783e-05 
-1.2688e-05 
-1.09165e-05 
-9.19529e-06 
-7.55583e-06 
-6.02884e-06 
-4.6432e-06 
-3.42454e-06 
-2.39343e-06 
-1.56288e-06 
-9.34969e-07 
-4.95906e-07 
-2.04964e-07 
4.54556e-08 
2.47792e-08 
-1.27492e-07 
-4.43938e-07 
-9.33949e-07 
-1.59259e-06 
-2.40667e-06 
-3.35764e-06 
-4.42379e-06 
-5.58169e-06 
-6.80713e-06 
-8.0759e-06 
-9.36425e-06 
-1.06494e-05 
-1.19095e-05 
-1.31245e-05 
-1.42755e-05 
-1.53454e-05 
-1.63189e-05 
-1.71825e-05 
-1.79243e-05 
-1.85345e-05 
-1.90053e-05 
-1.93304e-05 
-1.95059e-05 
-1.95295e-05 
-1.94009e-05 
-1.9122e-05 
-1.86963e-05 
-1.81295e-05 
-1.74292e-05 
-1.66051e-05 
-1.56685e-05 
-1.46331e-05 
-1.35139e-05 
-1.23281e-05 
-1.10944e-05 
-9.83288e-06 
-8.56516e-06 
-7.31369e-06 
-6.10164e-06 
-4.95234e-06 
-3.88872e-06 
-2.9324e-06 
-2.10264e-06 
-1.4148e-06 
-8.78107e-07 
-4.92891e-07 
-2.4525e-07 
-1.03554e-07 
6.66027e-08 
1.11733e-07 
7.93068e-08 
-4.94204e-08 
-2.80813e-07 
-6.11424e-07 
-1.03306e-06 
-1.53445e-06 
-2.10268e-06 
-2.72404e-06 
-3.38457e-06 
-4.07046e-06 
-4.7683e-06 
-5.46529e-06 
-6.14935e-06 
-6.80924e-06 
-7.43464e-06 
-8.01613e-06 
-8.54532e-06 
-9.01478e-06 
-9.41814e-06 
-9.75002e-06 
-1.00061e-05 
-1.01831e-05 
-1.02787e-05 
-1.02918e-05 
-1.02223e-05 
-1.00709e-05 
-9.83988e-06 
-9.53213e-06 
-9.15184e-06 
-8.70424e-06 
-8.19563e-06 
-7.63336e-06 
-7.02584e-06 
-6.38246e-06 
-5.71358e-06 
-5.03044e-06 
-4.34505e-06 
-3.67007e-06 
-3.01863e-06 
-2.40407e-06 
-1.8396e-06 
-1.33783e-06 
-9.10111e-07 
-5.65556e-07 
-3.09551e-07 
-1.41913e-07 
-5.27996e-08 
-2.26637e-08 
