0.000106056 
0.000114018 
0.000122236 
0.000130572 
0.000139039 
0.000147683 
0.000156554 
0.000165689 
0.00017511 
0.000184834 
0.000194872 
0.000205227 
0.0002159 
0.000226886 
0.000238177 
0.000249762 
0.000261631 
0.000273765 
0.000286146 
0.000298749 
0.000311554 
0.000324538 
0.000337665 
0.000350907 
0.000364236 
0.000377607 
0.000390997 
0.000404361 
0.000417655 
0.000430843 
0.000443891 
0.000456733 
0.000469343 
0.000481679 
0.000493707 
0.000505376 
0.000516661 
0.000527523 
0.000537944 
0.000547946 
0.000557523 
0.000566725 
0.000575714 
0.000584693 
0.000594093 
0.000604637 
0.000617672 
0.000635757 
0.000664318 
9.73767e-05 
0.000103411 
0.000110655 
0.000118222 
0.000125875 
0.000133594 
0.000141412 
0.000149369 
0.000157493 
0.000165805 
0.000174313 
0.000183025 
0.00019194 
0.000201055 
0.000210362 
0.000219853 
0.000229517 
0.00023934 
0.000249309 
0.000259406 
0.000269612 
0.000279911 
0.00029028 
0.000300698 
0.000311146 
0.000321597 
0.000332026 
0.000342409 
0.000352723 
0.000362936 
0.000373026 
0.000382961 
0.000392718 
0.000402262 
0.000411572 
0.000420624 
0.000429402 
0.00043787 
0.000446029 
0.000453866 
0.000461396 
0.000468646 
0.000475682 
0.000482608 
0.000489651 
0.000497131 
0.000505601 
0.000515959 
0.000529779 
0.000549983 
9.70435e-05 
0.000102153 
0.000108627 
0.000115508 
0.000122488 
0.000129506 
0.000136573 
0.000143714 
0.000150949 
0.000158293 
0.000165751 
0.000173326 
0.000181016 
0.000188817 
0.000196719 
0.000204717 
0.000212798 
0.000220952 
0.000229167 
0.000237431 
0.000245729 
0.000254047 
0.000262372 
0.000270686 
0.000278976 
0.000287226 
0.00029542 
0.00030354 
0.000311571 
0.000319494 
0.000327291 
0.000334947 
0.000342439 
0.000349757 
0.000356881 
0.000363791 
0.000370481 
0.000376941 
0.000383153 
0.000389132 
0.000394885 
0.000400447 
0.000405866 
0.000411252 
0.000416763 
0.000422649 
0.0004293 
0.00043728 
0.000447449 
0.000461224 
9.75284e-05 
0.000101967 
0.000107771 
0.00011403 
0.000120413 
0.000126828 
0.000133263 
0.000139728 
0.000146235 
0.00015279 
0.000159398 
0.000166058 
0.000172768 
0.000179521 
0.000186312 
0.000193134 
0.000199978 
0.000206835 
0.000213695 
0.000220552 
0.000227394 
0.000234212 
0.000240996 
0.000247737 
0.000254426 
0.00026105 
0.000267603 
0.000274073 
0.000280448 
0.00028672 
0.000292876 
0.000298906 
0.000304798 
0.000310543 
0.000316128 
0.000321547 
0.000326786 
0.000331844 
0.000336719 
0.000341412 
0.00034594 
0.000350331 
0.000354627 
0.000358915 
0.000363306 
0.000367985 
0.000373189 
0.000379263 
0.000386639 
0.000395969 
9.86045e-05 
0.000102568 
0.000107836 
0.000113565 
0.000119434 
0.000125333 
0.000131233 
0.00013713 
0.000143029 
0.000148929 
0.000154833 
0.000160738 
0.00016664 
0.000172535 
0.000178418 
0.000184283 
0.000190124 
0.000195935 
0.000201709 
0.000207441 
0.000213126 
0.000218757 
0.000224331 
0.000229839 
0.00023528 
0.000240647 
0.000245935 
0.000251138 
0.000256251 
0.000261269 
0.000266187 
0.000270996 
0.000275692 
0.000280266 
0.000284715 
0.000289031 
0.000293211 
0.000297252 
0.000301151 
0.000304916 
0.000308563 
0.000312112 
0.000315604 
0.000319093 
0.000322669 
0.000326438 
0.000330552 
0.000335177 
0.000340499 
0.00034684 
0.000100147 
0.000103765 
0.00010861 
0.000113897 
0.00011932 
0.000124767 
0.000130198 
0.000135597 
0.000140962 
0.000146289 
0.000151576 
0.00015682 
0.000162018 
0.000167166 
0.00017226 
0.000177296 
0.000182271 
0.000187181 
0.000192023 
0.000196796 
0.000201496 
0.000206122 
0.000210673 
0.000215148 
0.000219545 
0.000223865 
0.000228104 
0.000232264 
0.000236342 
0.000240337 
0.000244248 
0.00024807 
0.000251802 
0.000255442 
0.000258986 
0.000262431 
0.000265778 
0.000269022 
0.000272169 
0.000275221 
0.000278193 
0.000281106 
0.00028399 
0.00028689 
0.000289865 
0.000292979 
0.000296303 
0.000299895 
0.000303791 
0.000308155 
0.000102061 
0.000105418 
0.000109921 
0.000114826 
0.00011985 
0.000124881 
0.000129873 
0.000134803 
0.000139664 
0.000144447 
0.00014915 
0.000153769 
0.000158301 
0.000162743 
0.000167094 
0.000171352 
0.000175516 
0.000179585 
0.000183561 
0.000187444 
0.000191236 
0.000194939 
0.000198554 
0.000202086 
0.000205537 
0.00020891 
0.000212208 
0.000215433 
0.000218589 
0.000221677 
0.000224698 
0.000227655 
0.000230546 
0.000233374 
0.000236138 
0.000238837 
0.000241473 
0.000244047 
0.00024656 
0.000249023 
0.000251445 
0.000253843 
0.000256249 
0.000258696 
0.000261226 
0.000263884 
0.000266689 
0.000269629 
0.00027264 
0.000275809 
0.000104246 
0.000107395 
0.000111599 
0.000116151 
0.000120788 
0.000125403 
0.000129947 
0.000134394 
0.000138732 
0.000142951 
0.000147048 
0.000151019 
0.000154863 
0.000158578 
0.000162166 
0.000165628 
0.000168966 
0.000172184 
0.000175285 
0.000178275 
0.000181159 
0.000183943 
0.000186633 
0.000189236 
0.00019176 
0.00019421 
0.000196593 
0.000198916 
0.000201185 
0.000203405 
0.00020558 
0.000207716 
0.000209816 
0.000211882 
0.000213919 
0.000215926 
0.00021791 
0.00021987 
0.000221812 
0.000223744 
0.000225679 
0.000227632 
0.00022963 
0.000231708 
0.000233903 
0.000236251 
0.000238759 
0.000241385 
0.000244006 
0.000246658 
0.000106567 
0.000109531 
0.000113441 
0.000117628 
0.000121849 
0.000126004 
0.000130045 
0.000133946 
0.000137692 
0.000141274 
0.000144688 
0.000147933 
0.000151009 
0.00015392 
0.000156669 
0.000159261 
0.000161703 
0.000164003 
0.000166169 
0.00016821 
0.000170136 
0.000171958 
0.000173685 
0.000175329 
0.0001769 
0.000178408 
0.000179864 
0.000181277 
0.000182657 
0.000184011 
0.000185347 
0.000186673 
0.000187994 
0.000189316 
0.000190643 
0.000191981 
0.000193334 
0.000194704 
0.0001961 
0.00019753 
0.000199004 
0.000200542 
0.000202164 
0.000203912 
0.000205823 
0.000207944 
0.000210304 
0.000212865 
0.000215511 
0.000218244 
0.000108825 
0.000111601 
0.000115179 
0.000118939 
0.000122666 
0.000126269 
0.000129703 
0.000132944 
0.000135979 
0.0001388 
0.000141406 
0.0001438 
0.000145988 
0.000147975 
0.000149772 
0.000151388 
0.000152837 
0.000154129 
0.000155281 
0.000156304 
0.000157214 
0.000158026 
0.000158753 
0.000159411 
0.000160013 
0.000160574 
0.000161103 
0.000161617 
0.000162124 
0.000162635 
0.00016316 
0.000163708 
0.000164286 
0.000164899 
0.000165556 
0.00016626 
0.000167018 
0.000167835 
0.000168716 
0.00016967 
0.000170708 
0.000171846 
0.000173108 
0.000174529 
0.000176156 
0.000178055 
0.000180288 
0.000182883 
0.000185779 
0.000189011 
0.000110736 
0.00011329 
0.000116451 
0.000119674 
0.000122778 
0.000125686 
0.000128362 
0.000130787 
0.000132952 
0.000134856 
0.000136504 
0.000137905 
0.000139069 
0.000140013 
0.000140751 
0.000141301 
0.000141681 
0.000141911 
0.000142009 
0.000141996 
0.000141889 
0.000141707 
0.000141468 
0.00014119 
0.000140887 
0.000140576 
0.000140269 
0.000139981 
0.000139721 
0.000139501 
0.000139331 
0.000139216 
0.000139166 
0.000139186 
0.000139279 
0.000139453 
0.000139713 
0.000140061 
0.000140502 
0.000141044 
0.000141698 
0.000142472 
0.00014339 
0.000144483 
0.0001458 
0.000147414 
0.00014943 
0.00015195 
0.000155035 
0.000158818 
0.000111916 
0.000114185 
0.000116801 
0.000119332 
0.000121643 
0.000123681 
0.000125423 
0.00012686 
0.000127994 
0.000128833 
0.000129391 
0.000129688 
0.000129743 
0.000129581 
0.000129226 
0.000128704 
0.000128039 
0.000127257 
0.00012638 
0.000125434 
0.000124438 
0.000123413 
0.000122378 
0.000121349 
0.000120343 
0.000119372 
0.000118449 
0.000117583 
0.000116783 
0.000116057 
0.000115411 
0.000114851 
0.00011438 
0.000114002 
0.00011372 
0.000113534 
0.000113449 
0.000113467 
0.000113591 
0.000113823 
0.000114172 
0.000114649 
0.000115265 
0.000116047 
0.000117037 
0.000118306 
0.00011997 
0.000122193 
0.000125158 
0.000129142 
0.000111903 
0.0001138 
0.000115716 
0.000117378 
0.000118717 
0.000119714 
0.000120365 
0.000120681 
0.000120675 
0.000120373 
0.000119799 
0.000118986 
0.000117966 
0.000116771 
0.000115433 
0.000113985 
0.000112456 
0.000110873 
0.000109261 
0.000107645 
0.000106042 
0.000104471 
0.000102947 
0.000101482 
0.000100086 
9.87689e-05 
9.75362e-05 
9.63932e-05 
9.53432e-05 
9.43887e-05 
9.35325e-05 
9.27741e-05 
9.21153e-05 
9.15541e-05 
9.10927e-05 
9.07299e-05 
9.04646e-05 
9.02979e-05 
9.02322e-05 
9.02672e-05 
9.04101e-05 
9.06638e-05 
9.10417e-05 
9.15573e-05 
9.22443e-05 
9.31575e-05 
9.43998e-05 
9.61454e-05 
9.86526e-05 
0.000102321 
0.000110216 
0.000111649 
0.000112718 
0.00011336 
0.000113592 
0.000113441 
0.000112933 
0.000112098 
0.000110972 
0.000109592 
0.000108001 
0.000106239 
0.000104348 
0.000102365 
0.000100327 
9.82632e-05 
9.62039e-05 
9.41719e-05 
9.21873e-05 
9.02667e-05 
8.8423e-05 
8.66655e-05 
8.50022e-05 
8.34378e-05 
8.19742e-05 
8.06142e-05 
7.93577e-05 
7.82033e-05 
7.71501e-05 
7.61968e-05 
7.534e-05 
7.45777e-05 
7.39083e-05 
7.3328e-05 
7.28354e-05 
7.24295e-05 
7.21072e-05 
7.18681e-05 
7.17132e-05 
7.16416e-05 
7.1657e-05 
7.17635e-05 
7.19663e-05 
7.22783e-05 
7.27178e-05 
7.33219e-05 
7.41641e-05 
7.539e-05 
7.72601e-05 
8.02278e-05 
0.000106471 
0.000107373 
0.000107508 
0.000107066 
0.00010617 
0.000104898 
0.000103312 
0.000101464 
9.94087e-05 
9.71965e-05 
9.4876e-05 
9.24932e-05 
9.00882e-05 
8.76962e-05 
8.53466e-05 
8.30635e-05 
8.08643e-05 
7.87636e-05 
7.67707e-05 
7.48911e-05 
7.31278e-05 
7.14815e-05 
6.99519e-05 
6.8536e-05 
6.72299e-05 
6.60297e-05 
6.49319e-05 
6.39305e-05 
6.30217e-05 
6.22014e-05 
6.14642e-05 
6.08067e-05 
6.02253e-05 
5.97163e-05 
5.92771e-05 
5.89045e-05 
5.85973e-05 
5.83535e-05 
5.81729e-05 
5.80555e-05 
5.80025e-05 
5.80171e-05 
5.81033e-05 
5.82677e-05 
5.8523e-05 
5.88909e-05 
5.94138e-05 
6.01886e-05 
6.14233e-05 
6.35443e-05 
0.000100534 
0.000100893 
0.000100123 
9.86785e-05 
9.67946e-05 
9.46042e-05 
9.21974e-05 
8.96462e-05 
8.70122e-05 
8.43481e-05 
8.16995e-05 
7.91041e-05 
7.65916e-05 
7.41837e-05 
7.18973e-05 
6.9742e-05 
6.77223e-05 
6.5841e-05 
6.40956e-05 
6.24829e-05 
6.09973e-05 
5.96336e-05 
5.83842e-05 
5.72425e-05 
5.62019e-05 
5.52549e-05 
5.43955e-05 
5.36169e-05 
5.29137e-05 
5.2281e-05 
5.17131e-05 
5.12063e-05 
5.07561e-05 
5.03594e-05 
5.0013e-05 
4.97144e-05 
4.94614e-05 
4.92524e-05 
4.90871e-05 
4.89642e-05 
4.88851e-05 
4.88508e-05 
4.88648e-05 
4.89312e-05 
4.90571e-05 
4.92545e-05 
4.95462e-05 
4.99825e-05 
5.06938e-05 
5.20082e-05 
9.2648e-05 
9.253e-05 
9.10254e-05 
8.88222e-05 
8.62534e-05 
8.34951e-05 
8.06551e-05 
7.78081e-05 
7.50101e-05 
7.23024e-05 
6.97155e-05 
6.72701e-05 
6.49793e-05 
6.28492e-05 
6.08802e-05 
5.90703e-05 
5.74132e-05 
5.59015e-05 
5.45265e-05 
5.32785e-05 
5.21483e-05 
5.11268e-05 
5.02051e-05 
4.93741e-05 
4.86264e-05 
4.79544e-05 
4.73511e-05 
4.68103e-05 
4.63263e-05 
4.58942e-05 
4.5509e-05 
4.5167e-05 
4.48646e-05 
4.4598e-05 
4.4365e-05 
4.41627e-05 
4.39893e-05 
4.38431e-05 
4.3723e-05 
4.36281e-05 
4.35582e-05 
4.35138e-05 
4.3496e-05 
4.35074e-05 
4.35515e-05 
4.36348e-05 
4.37675e-05 
4.39727e-05 
4.43123e-05 
4.49761e-05 
8.3462e-05 
8.30011e-05 
8.1046e-05 
7.84416e-05 
7.55833e-05 
7.26672e-05 
6.98003e-05 
6.70454e-05 
6.44406e-05 
6.20082e-05 
5.97598e-05 
5.76978e-05 
5.58195e-05 
5.41184e-05 
5.25843e-05 
5.12069e-05 
4.99737e-05 
4.88731e-05 
4.78933e-05 
4.70224e-05 
4.62498e-05 
4.55656e-05 
4.4961e-05 
4.44274e-05 
4.39572e-05 
4.35435e-05 
4.318e-05 
4.2861e-05 
4.25815e-05 
4.23369e-05 
4.21232e-05 
4.19368e-05 
4.17746e-05 
4.16337e-05 
4.1512e-05 
4.14073e-05 
4.1318e-05 
4.12426e-05 
4.118e-05 
4.11292e-05 
4.10897e-05 
4.10613e-05 
4.10441e-05 
4.10388e-05 
4.10467e-05 
4.10701e-05 
4.11132e-05 
4.11844e-05 
4.13074e-05 
4.15638e-05 
7.39024e-05 
7.32608e-05 
7.11752e-05 
6.85413e-05 
6.57694e-05 
6.30503e-05 
6.04748e-05 
5.80858e-05 
5.59009e-05 
5.39238e-05 
5.21498e-05 
5.05692e-05 
4.91689e-05 
4.79349e-05 
4.68523e-05 
4.5906e-05 
4.50825e-05 
4.43684e-05 
4.37513e-05 
4.32196e-05 
4.27628e-05 
4.23711e-05 
4.20361e-05 
4.17498e-05 
4.15057e-05 
4.12978e-05 
4.1121e-05 
4.09707e-05 
4.0843e-05 
4.07346e-05 
4.06425e-05 
4.05643e-05 
4.0498e-05 
4.04417e-05 
4.0394e-05 
4.03537e-05 
4.03198e-05 
4.02914e-05 
4.02679e-05 
4.02487e-05 
4.02335e-05 
4.02219e-05 
4.0214e-05 
4.02097e-05 
4.02094e-05 
4.02136e-05 
4.02236e-05 
4.02418e-05 
4.02755e-05 
4.03509e-05 
6.49157e-05 
6.42348e-05 
6.22845e-05 
5.99102e-05 
5.74934e-05 
5.52e-05 
5.3098e-05 
5.12108e-05 
4.95394e-05 
4.80747e-05 
4.68014e-05 
4.57032e-05 
4.47628e-05 
4.39628e-05 
4.32862e-05 
4.27172e-05 
4.22409e-05 
4.18439e-05 
4.15145e-05 
4.1242e-05 
4.10174e-05 
4.08327e-05 
4.0681e-05 
4.05565e-05 
4.04543e-05 
4.03705e-05 
4.03018e-05 
4.02452e-05 
4.01987e-05 
4.01603e-05 
4.01286e-05 
4.01024e-05 
4.00806e-05 
4.00625e-05 
4.00475e-05 
4.0035e-05 
4.00246e-05 
4.0016e-05 
4.00089e-05 
4.00031e-05 
3.99985e-05 
3.99949e-05 
3.99922e-05 
3.99906e-05 
3.99899e-05 
3.99903e-05 
3.99922e-05 
3.9996e-05 
4.00037e-05 
4.00218e-05 
5.72085e-05 
5.65817e-05 
5.49286e-05 
5.29777e-05 
5.10517e-05 
4.92818e-05 
4.77133e-05 
4.6353e-05 
4.51921e-05 
4.42134e-05 
4.33969e-05 
4.27219e-05 
4.21687e-05 
4.17188e-05 
4.13555e-05 
4.1064e-05 
4.08314e-05 
4.06466e-05 
4.05001e-05 
4.03844e-05 
4.0293e-05 
4.02209e-05 
4.01639e-05 
4.01189e-05 
4.00832e-05 
4.00548e-05 
4.00322e-05 
4.00142e-05 
3.99997e-05 
3.99881e-05 
3.99787e-05 
3.99711e-05 
3.99649e-05 
3.99598e-05 
3.99557e-05 
3.99523e-05 
3.99495e-05 
3.99473e-05 
3.99454e-05 
3.99439e-05 
3.99426e-05 
3.99417e-05 
3.9941e-05 
3.99405e-05 
3.99402e-05 
3.99402e-05 
3.99404e-05 
3.99412e-05 
3.99427e-05 
3.99465e-05 
5.11193e-05 
5.05938e-05 
4.93023e-05 
4.78279e-05 
4.64207e-05 
4.51751e-05 
4.41152e-05 
4.32355e-05 
4.25182e-05 
4.19416e-05 
4.14839e-05 
4.11245e-05 
4.08449e-05 
4.0629e-05 
4.04634e-05 
4.03369e-05 
4.02407e-05 
4.01676e-05 
4.01122e-05 
4.007e-05 
4.0038e-05 
4.00136e-05 
3.99949e-05 
3.99806e-05 
3.99696e-05 
3.99611e-05 
3.99545e-05 
3.99494e-05 
3.99453e-05 
3.99421e-05 
3.99396e-05 
3.99376e-05 
3.9936e-05 
3.99348e-05 
3.99337e-05 
3.99329e-05 
3.99322e-05 
3.99317e-05 
3.99312e-05 
3.99309e-05 
3.99306e-05 
3.99303e-05 
3.99302e-05 
3.993e-05 
3.99299e-05 
3.99299e-05 
3.993e-05 
3.99301e-05 
3.99304e-05 
3.99311e-05 
4.66426e-05 
4.62408e-05 
4.53143e-05 
4.42995e-05 
4.33719e-05 
4.25875e-05 
4.1952e-05 
4.14513e-05 
4.10644e-05 
4.07702e-05 
4.05491e-05 
4.03846e-05 
4.02631e-05 
4.01739e-05 
4.01086e-05 
4.00609e-05 
4.0026e-05 
4.00006e-05 
3.9982e-05 
3.99683e-05 
3.99583e-05 
3.99508e-05 
3.99453e-05 
3.99412e-05 
3.99381e-05 
3.99358e-05 
3.9934e-05 
3.99327e-05 
3.99316e-05 
3.99308e-05 
3.99302e-05 
3.99297e-05 
3.99294e-05 
3.99291e-05 
3.99288e-05 
3.99286e-05 
3.99285e-05 
3.99284e-05 
3.99283e-05 
3.99282e-05 
3.99281e-05 
3.99281e-05 
3.9928e-05 
3.9928e-05 
3.9928e-05 
3.9928e-05 
3.9928e-05 
3.9928e-05 
3.99281e-05 
3.99282e-05 
4.35359e-05 
4.32722e-05 
4.26851e-05 
4.20724e-05 
4.15405e-05 
4.11143e-05 
4.07878e-05 
4.05446e-05 
4.03668e-05 
4.02388e-05 
4.01474e-05 
4.00827e-05 
4.00371e-05 
4.00051e-05 
3.99825e-05 
3.99667e-05 
3.99556e-05 
3.99477e-05 
3.99421e-05 
3.99382e-05 
3.99353e-05 
3.99333e-05 
3.99318e-05 
3.99308e-05 
3.993e-05 
3.99294e-05 
3.9929e-05 
3.99287e-05 
3.99284e-05 
3.99282e-05 
3.99281e-05 
3.9928e-05 
3.99279e-05 
3.99279e-05 
3.99278e-05 
3.99278e-05 
3.99277e-05 
3.99277e-05 
3.99277e-05 
3.99277e-05 
3.99277e-05 
3.99277e-05 
3.99276e-05 
3.99276e-05 
3.99276e-05 
3.99276e-05 
3.99276e-05 
3.99276e-05 
3.99276e-05 
3.99277e-05 
4.13643e-05 
4.12574e-05 
4.09849e-05 
4.07143e-05 
4.04921e-05 
4.03237e-05 
4.02016e-05 
4.01154e-05 
4.00555e-05 
4.00145e-05 
3.99865e-05 
3.99676e-05 
3.99548e-05 
3.99461e-05 
3.99403e-05 
3.99363e-05 
3.99336e-05 
3.99318e-05 
3.99305e-05 
3.99297e-05 
3.99291e-05 
3.99287e-05 
3.99284e-05 
3.99281e-05 
3.9928e-05 
3.99279e-05 
3.99278e-05 
3.99278e-05 
3.99277e-05 
3.99277e-05 
3.99277e-05 
3.99276e-05 
3.99276e-05 
3.99276e-05 
3.99276e-05 
3.99276e-05 
3.99276e-05 
3.99276e-05 
3.99276e-05 
3.99276e-05 
3.99276e-05 
3.99276e-05 
3.99276e-05 
3.99276e-05 
3.99276e-05 
3.99276e-05 
3.99276e-05 
3.99276e-05 
3.99276e-05 
3.99276e-05 
9.90224e-05 
0.000102977 
0.000110086 
0.000118329 
0.00012686 
0.000135532 
0.000144375 
0.00015344 
0.000162781 
0.000172436 
0.000182425 
0.000192767 
0.000203474 
0.000214552 
0.000226004 
0.000237821 
0.000250004 
0.00026254 
0.000275416 
0.000288625 
0.000302136 
0.000315927 
0.000329983 
0.000344278 
0.000358764 
0.000373423 
0.000388214 
0.000403092 
0.000418025 
0.000432969 
0.000447862 
0.000462667 
0.000477345 
0.000491809 
0.000506033 
0.000519962 
0.000533552 
0.000546736 
0.000559485 
0.000571739 
0.000583478 
0.000594719 
0.00060543 
0.000615674 
0.00062563 
0.000635508 
0.000645843 
0.00065749 
0.000672149 
0.000693159 
0.000727751 
9.9878e-05 
0.000106474 
0.000114044 
0.000121856 
0.000129757 
0.000137753 
0.000145885 
0.000154194 
0.000162708 
0.000171446 
0.00018042 
0.000189636 
0.000199094 
0.000208794 
0.000218726 
0.000228884 
0.000239258 
0.000249834 
0.000260599 
0.000271532 
0.000282616 
0.000293832 
0.000305157 
0.000316565 
0.000328035 
0.000339539 
0.000351044 
0.000362528 
0.000373958 
0.000385298 
0.000396522 
0.000407593 
0.000418475 
0.000429134 
0.000439541 
0.000449669 
0.000459489 
0.000468962 
0.000478085 
0.000486835 
0.000495239 
0.00050331 
0.000511124 
0.000518809 
0.000526626 
0.000534961 
0.000544496 
0.000556394 
0.000572823 
0.000597526 
9.87443e-05 
0.000104477 
0.000111298 
0.000118408 
0.000125593 
0.000132826 
0.000140132 
0.000147539 
0.000155067 
0.00016273 
0.000170536 
0.000178487 
0.000186581 
0.000194813 
0.000203177 
0.000211664 
0.000220265 
0.000228966 
0.000237758 
0.000246624 
0.00025555 
0.000264522 
0.000273524 
0.000282536 
0.000291542 
0.000300528 
0.000309468 
0.000318345 
0.000327141 
0.000335832 
0.000344398 
0.000352816 
0.000361064 
0.000369125 
0.000376974 
0.00038459 
0.000391965 
0.000399081 
0.000405919 
0.000412497 
0.00041882 
0.000424924 
0.000430872 
0.000436789 
0.000442864 
0.000449409 
0.000456907 
0.000466098 
0.000478186 
0.000494524 
9.87631e-05 
0.000103761 
0.000109898 
0.000116369 
0.000122925 
0.000129511 
0.000136129 
0.000142795 
0.000149521 
0.000156316 
0.000163185 
0.000170126 
0.000177137 
0.000184213 
0.000191347 
0.000198533 
0.000205762 
0.000213023 
0.000220309 
0.000227609 
0.000234912 
0.000242208 
0.000249485 
0.000256734 
0.000263941 
0.000271095 
0.000278184 
0.000285196 
0.000292116 
0.000298933 
0.000305631 
0.000312197 
0.000318618 
0.00032488 
0.000330968 
0.000336875 
0.000342583 
0.00034809 
0.000353393 
0.000358493 
0.00036341 
0.000368172 
0.000372833 
0.000377494 
0.000382291 
0.000387457 
0.000393292 
0.00040026 
0.000408963 
0.000419547 
9.95265e-05 
0.000103983 
0.000109551 
0.000115469 
0.000121485 
0.000127521 
0.000133565 
0.000139617 
0.000145683 
0.000151768 
0.000157871 
0.000163991 
0.000170126 
0.00017627 
0.000182418 
0.000188564 
0.000194703 
0.000200827 
0.00020693 
0.000213005 
0.000219046 
0.000225047 
0.000231001 
0.0002369 
0.000242741 
0.000248513 
0.000254212 
0.000259829 
0.000265357 
0.00027079 
0.000276118 
0.000281331 
0.000286424 
0.000291387 
0.000296211 
0.000300888 
0.000305415 
0.000309785 
0.000313996 
0.00031806 
0.000321989 
0.000325808 
0.000329564 
0.000333322 
0.000337191 
0.000341306 
0.000345868 
0.000351112 
0.000357309 
0.000364106 
0.000100841 
0.000104903 
0.000110012 
0.000115463 
0.000121012 
0.000126573 
0.000132119 
0.000137641 
0.00014314 
0.000148613 
0.000154061 
0.000159479 
0.000164866 
0.000170217 
0.000175528 
0.000180796 
0.000186018 
0.000191187 
0.000196303 
0.000201361 
0.000206359 
0.000211293 
0.000216162 
0.000220963 
0.000225693 
0.000230351 
0.000234933 
0.000239438 
0.00024386 
0.000248198 
0.000252449 
0.000256605 
0.000260663 
0.000264621 
0.00026847 
0.00027221 
0.000275836 
0.000279345 
0.000282741 
0.000286029 
0.000289223 
0.000292347 
0.000295434 
0.000298537 
0.000301723 
0.000305073 
0.000308688 
0.00031267 
0.000317095 
0.000321402 
0.000102587 
0.000106351 
0.000111085 
0.000116133 
0.000121266 
0.000126394 
0.000131483 
0.000136518 
0.000141493 
0.000146402 
0.000151244 
0.000156015 
0.000160714 
0.000165337 
0.000169883 
0.000174349 
0.000178736 
0.000183042 
0.000187267 
0.000191411 
0.000195475 
0.00019946 
0.000203367 
0.000207199 
0.000210955 
0.00021464 
0.000218252 
0.000221793 
0.000225265 
0.000228666 
0.000231997 
0.000235258 
0.000238447 
0.000241562 
0.000244602 
0.000247566 
0.000250452 
0.000253261 
0.000255997 
0.000258666 
0.000261281 
0.00026386 
0.000266438 
0.000269047 
0.000271738 
0.000274553 
0.000277526 
0.000280663 
0.000283921 
0.000286661 
0.000104653 
0.000108177 
0.000112586 
0.000117264 
0.000121999 
0.000126702 
0.000131336 
0.000135881 
0.000140326 
0.000144666 
0.000148897 
0.000153017 
0.000157024 
0.000160918 
0.000164699 
0.00016837 
0.000171931 
0.000175385 
0.000178737 
0.000181989 
0.000185147 
0.000188215 
0.000191198 
0.000194103 
0.000196933 
0.000199695 
0.000202393 
0.000205033 
0.000207616 
0.00021015 
0.000212634 
0.000215073 
0.000217467 
0.00021982 
0.00022213 
0.000224398 
0.000226628 
0.00022882 
0.000230979 
0.000233111 
0.000235234 
0.000237359 
0.000239519 
0.000241746 
0.000244076 
0.00024654 
0.000249134 
0.000251813 
0.000254449 
0.000256359 
0.000106905 
0.000110213 
0.000114306 
0.000118608 
0.000122922 
0.000127167 
0.000131301 
0.000135304 
0.000139165 
0.000142875 
0.000146434 
0.00014984 
0.000153093 
0.000156198 
0.000159157 
0.000161975 
0.000164659 
0.000167214 
0.000169649 
0.000171973 
0.000174192 
0.000176317 
0.000178356 
0.000180319 
0.000182214 
0.00018405 
0.000185837 
0.00018758 
0.000189289 
0.000190969 
0.000192626 
0.000194266 
0.000195892 
0.000197509 
0.000199119 
0.000200727 
0.000202334 
0.000203944 
0.000205563 
0.000207201 
0.000208867 
0.000210582 
0.000212371 
0.000214273 
0.000216324 
0.000218558 
0.00022098 
0.000223522 
0.000226029 
0.000227767 
0.000109151 
0.000112235 
0.000115977 
0.000119848 
0.000123672 
0.000127373 
0.000130914 
0.000134273 
0.000137441 
0.000140412 
0.000143187 
0.000145767 
0.000148158 
0.000150367 
0.000152402 
0.000154273 
0.000155991 
0.000157567 
0.000159014 
0.000160343 
0.00016157 
0.000162705 
0.000163764 
0.000164757 
0.000165698 
0.000166597 
0.000167467 
0.000168318 
0.000169158 
0.000169999 
0.000170845 
0.000171707 
0.000172589 
0.000173495 
0.000174433 
0.000175406 
0.000176417 
0.000177472 
0.000178576 
0.000179739 
0.000180971 
0.000182292 
0.000183728 
0.000185314 
0.000187102 
0.000189148 
0.000191483 
0.000194089 
0.000196819 
0.000198946 
0.000111119 
0.000113932 
0.00011724 
0.000120575 
0.000123787 
0.000126812 
0.000129616 
0.000132186 
0.000134512 
0.000136596 
0.000138443 
0.00014006 
0.000141459 
0.000142654 
0.000143658 
0.000144488 
0.000145161 
0.000145692 
0.000146101 
0.000146405 
0.000146619 
0.000146763 
0.000146849 
0.000146897 
0.000146919 
0.000146929 
0.000146938 
0.00014696 
0.000147005 
0.00014708 
0.000147198 
0.000147361 
0.000147579 
0.000147857 
0.000148195 
0.000148605 
0.000149087 
0.000149647 
0.000150288 
0.000151019 
0.000151852 
0.000152798 
0.000153886 
0.00015515 
0.000156646 
0.00015845 
0.000160647 
0.000163296 
0.000166346 
0.000169149 
0.000112436 
0.000114896 
0.000117639 
0.000120288 
0.000122724 
0.000124902 
0.000126799 
0.00012841 
0.000129735 
0.000130783 
0.000131568 
0.000132106 
0.000132417 
0.000132523 
0.000132446 
0.000132208 
0.000131832 
0.000131342 
0.000130759 
0.000130104 
0.000129398 
0.000128657 
0.000127901 
0.000127144 
0.000126403 
0.000125688 
0.000125013 
0.000124385 
0.000123815 
0.000123312 
0.000122878 
0.000122522 
0.000122247 
0.000122058 
0.000121956 
0.000121943 
0.000122024 
0.000122203 
0.000122481 
0.000122864 
0.00012336 
0.000123983 
0.000124747 
0.000125688 
0.000126855 
0.000128334 
0.000130243 
0.000132726 
0.000135872 
0.000139225 
0.000112646 
0.000114639 
0.000116658 
0.000118442 
0.000119924 
0.000121083 
0.000121915 
0.000122427 
0.000122634 
0.000122556 
0.00012222 
0.000121652 
0.000120883 
0.000119943 
0.00011886 
0.000117664 
0.000116382 
0.000115041 
0.000113662 
0.000112268 
0.000110879 
0.00010951 
0.000108178 
0.000106893 
0.000105668 
0.000104512 
0.000103431 
0.000102431 
0.000101518 
0.000100693 
9.99614e-05 
9.93233e-05 
9.87796e-05 
9.83312e-05 
9.798e-05 
9.77243e-05 
9.75651e-05 
9.75043e-05 
9.75431e-05 
9.76845e-05 
9.79351e-05 
9.83002e-05 
9.87961e-05 
9.9442e-05 
0.000100282 
0.000101388 
0.000102884 
0.000104957 
0.000107818 
0.000111271 
0.000111256 
0.000112665 
0.000113801 
0.000114563 
0.00011495 
0.000114974 
0.000114657 
0.000114025 
0.00011311 
0.000111947 
0.000110574 
0.000109029 
0.000107349 
0.00010557 
0.000103726 
0.000101845 
9.99554e-05 
9.80797e-05 
9.62376e-05 
9.44468e-05 
9.27194e-05 
9.10674e-05 
8.94986e-05 
8.80192e-05 
8.6633e-05 
8.53443e-05 
8.41524e-05 
8.30594e-05 
8.20647e-05 
8.11668e-05 
8.03645e-05 
7.96563e-05 
7.90406e-05 
7.85153e-05 
7.80785e-05 
7.773e-05 
7.7467e-05 
7.72901e-05 
7.71999e-05 
7.7197e-05 
7.72856e-05 
7.74707e-05 
7.776e-05 
7.817e-05 
7.87266e-05 
7.94816e-05 
8.05366e-05 
8.20741e-05 
8.43611e-05 
8.74412e-05 
0.000107855 
0.00010859 
0.000108741 
0.000108405 
0.000107658 
0.000106557 
0.00010515 
0.000103486 
0.000101612 
9.95767e-05 
9.74238e-05 
9.5197e-05 
9.29338e-05 
9.06695e-05 
8.84314e-05 
8.6244e-05 
8.41262e-05 
8.20929e-05 
8.01549e-05 
7.83191e-05 
7.65905e-05 
7.49715e-05 
7.34625e-05 
7.20627e-05 
7.07692e-05 
6.95797e-05 
6.84907e-05 
6.74981e-05 
6.65989e-05 
6.57882e-05 
6.50629e-05 
6.44189e-05 
6.38535e-05 
6.33632e-05 
6.29454e-05 
6.25977e-05 
6.23185e-05 
6.21072e-05 
6.19625e-05 
6.18862e-05 
6.18792e-05 
6.19461e-05 
6.20917e-05 
6.23251e-05 
6.26637e-05 
6.31388e-05 
6.38146e-05 
6.48322e-05 
6.64491e-05 
6.88807e-05 
0.000102252 
0.000102296 
0.000101478 
0.000100107 
9.8346e-05 
9.62964e-05 
9.40334e-05 
9.16207e-05 
8.91141e-05 
8.65639e-05 
8.40134e-05 
8.14997e-05 
7.90526e-05 
7.6694e-05 
7.44428e-05 
7.23094e-05 
7.0301e-05 
6.84217e-05 
6.66704e-05 
6.50462e-05 
6.35453e-05 
6.21629e-05 
6.08924e-05 
5.97294e-05 
5.86668e-05 
5.76986e-05 
5.68187e-05 
5.60212e-05 
5.53014e-05 
5.46537e-05 
5.40734e-05 
5.35571e-05 
5.30999e-05 
5.26996e-05 
5.23527e-05 
5.20571e-05 
5.18105e-05 
5.16122e-05 
5.14613e-05 
5.13578e-05 
5.1303e-05 
5.1299e-05 
5.13501e-05 
5.14617e-05 
5.16437e-05 
5.1913e-05 
5.23054e-05 
5.29045e-05 
5.39073e-05 
5.56174e-05 
9.46201e-05 
9.40569e-05 
9.24331e-05 
9.02547e-05 
8.77642e-05 
8.50989e-05 
8.23487e-05 
7.95807e-05 
7.68465e-05 
7.41871e-05 
7.16326e-05 
6.92046e-05 
6.69185e-05 
6.47813e-05 
6.27967e-05 
6.09632e-05 
5.92769e-05 
5.7732e-05 
5.63204e-05 
5.50344e-05 
5.3865e-05 
5.28041e-05 
5.1843e-05 
5.09736e-05 
5.01884e-05 
4.94804e-05 
4.88426e-05 
4.82693e-05 
4.77546e-05 
4.7294e-05 
4.68827e-05 
4.65169e-05 
4.6193e-05 
4.59079e-05 
4.56588e-05 
4.54437e-05 
4.52602e-05 
4.51077e-05 
4.49846e-05 
4.48908e-05 
4.48265e-05 
4.47926e-05 
4.47916e-05 
4.48267e-05 
4.49034e-05 
4.50306e-05 
4.52252e-05 
4.55272e-05 
4.60499e-05 
4.70782e-05 
8.55445e-05 
8.45517e-05 
8.24113e-05 
7.97761e-05 
7.69428e-05 
7.40652e-05 
7.12327e-05 
6.85011e-05 
6.5907e-05 
6.34727e-05 
6.1211e-05 
5.9126e-05 
5.72174e-05 
5.54798e-05 
5.39053e-05 
5.2484e-05 
5.12052e-05 
5.00576e-05 
4.90304e-05 
4.81121e-05 
4.72927e-05 
4.65629e-05 
4.59137e-05 
4.53366e-05 
4.48246e-05 
4.43707e-05 
4.3969e-05 
4.36137e-05 
4.33003e-05 
4.30241e-05 
4.27809e-05 
4.25674e-05 
4.23803e-05 
4.22169e-05 
4.20751e-05 
4.19528e-05 
4.18483e-05 
4.17602e-05 
4.16875e-05 
4.16295e-05 
4.15858e-05 
4.15563e-05 
4.15418e-05 
4.15435e-05 
4.15637e-05 
4.16063e-05 
4.16781e-05 
4.17953e-05 
4.20068e-05 
4.24826e-05 
7.5918e-05 
7.47162e-05 
7.23998e-05 
6.96875e-05 
6.68937e-05 
6.41677e-05 
6.15845e-05 
5.91807e-05 
5.69732e-05 
5.4966e-05 
5.31559e-05 
5.15346e-05 
5.00899e-05 
4.88094e-05 
4.76789e-05 
4.66846e-05 
4.5813e-05 
4.50511e-05 
4.43873e-05 
4.38103e-05 
4.33103e-05 
4.28774e-05 
4.25032e-05 
4.21802e-05 
4.19019e-05 
4.16623e-05 
4.14563e-05 
4.12794e-05 
4.11275e-05 
4.09973e-05 
4.08856e-05 
4.07899e-05 
4.0708e-05 
4.0638e-05 
4.05783e-05 
4.05276e-05 
4.04847e-05 
4.04488e-05 
4.0419e-05 
4.0395e-05 
4.03761e-05 
4.03623e-05 
4.03535e-05 
4.035e-05 
4.03524e-05 
4.03617e-05 
4.03803e-05 
4.04132e-05 
4.04766e-05 
4.06326e-05 
6.67035e-05 
6.54902e-05 
6.32949e-05 
6.08152e-05 
5.83469e-05 
5.60194e-05 
5.38864e-05 
5.19658e-05 
5.02574e-05 
4.87522e-05 
4.74363e-05 
4.62942e-05 
4.53089e-05 
4.4464e-05 
4.37433e-05 
4.3132e-05 
4.2615e-05 
4.21797e-05 
4.18144e-05 
4.15091e-05 
4.12544e-05 
4.10425e-05 
4.08665e-05 
4.07204e-05 
4.05992e-05 
4.04986e-05 
4.04152e-05 
4.0346e-05 
4.02884e-05 
4.02405e-05 
4.02006e-05 
4.01673e-05 
4.01394e-05 
4.01161e-05 
4.00966e-05 
4.00803e-05 
4.00667e-05 
4.00554e-05 
4.00461e-05 
4.00385e-05 
4.00325e-05 
4.00279e-05 
4.00246e-05 
4.00228e-05 
4.00225e-05 
4.00239e-05 
4.00277e-05 
4.0035e-05 
4.00503e-05 
4.00899e-05 
5.86657e-05 
5.7575e-05 
5.56942e-05 
5.36338e-05 
5.16466e-05 
4.98329e-05 
4.82256e-05 
4.68277e-05 
4.56281e-05 
4.461e-05 
4.37545e-05 
4.30412e-05 
4.24513e-05 
4.19668e-05 
4.15714e-05 
4.12508e-05 
4.09921e-05 
4.07841e-05 
4.06174e-05 
4.04841e-05 
4.03778e-05 
4.02929e-05 
4.02251e-05 
4.0171e-05 
4.01276e-05 
4.00929e-05 
4.00649e-05 
4.00424e-05 
4.00241e-05 
4.00094e-05 
3.99973e-05 
3.99875e-05 
3.99794e-05 
3.99728e-05 
3.99674e-05 
3.99629e-05 
3.99591e-05 
3.99561e-05 
3.99536e-05 
3.99516e-05 
3.99499e-05 
3.99487e-05 
3.99477e-05 
3.99471e-05 
3.99469e-05 
3.9947e-05 
3.99476e-05 
3.99491e-05 
3.99523e-05 
3.99609e-05 
5.22175e-05 
5.13163e-05 
4.98353e-05 
4.82649e-05 
4.6801e-05 
4.55135e-05 
4.44172e-05 
4.35036e-05 
4.27537e-05 
4.21461e-05 
4.16595e-05 
4.12736e-05 
4.09703e-05 
4.07336e-05 
4.055e-05 
4.04084e-05 
4.02994e-05 
4.02157e-05 
4.01514e-05 
4.01022e-05 
4.00643e-05 
4.00352e-05 
4.00127e-05 
3.99953e-05 
3.99818e-05 
3.99712e-05 
3.9963e-05 
3.99565e-05 
3.99514e-05 
3.99473e-05 
3.9944e-05 
3.99414e-05 
3.99393e-05 
3.99376e-05 
3.99363e-05 
3.99352e-05 
3.99342e-05 
3.99335e-05 
3.99329e-05 
3.99324e-05 
3.9932e-05 
3.99317e-05 
3.99315e-05 
3.99313e-05 
3.99312e-05 
3.99312e-05 
3.99313e-05 
3.99316e-05 
3.99322e-05 
3.99339e-05 
4.74167e-05 
4.67298e-05 
4.56597e-05 
4.45698e-05 
4.35958e-05 
4.27771e-05 
4.21129e-05 
4.15867e-05 
4.11771e-05 
4.08629e-05 
4.06245e-05 
4.04454e-05 
4.03117e-05 
4.02125e-05 
4.01391e-05 
4.0085e-05 
4.00451e-05 
4.00156e-05 
3.99938e-05 
3.99777e-05 
3.99657e-05 
3.99567e-05 
3.995e-05 
3.9945e-05 
3.99412e-05 
3.99383e-05 
3.99361e-05 
3.99344e-05 
3.9933e-05 
3.9932e-05 
3.99312e-05 
3.99306e-05 
3.99301e-05 
3.99297e-05 
3.99294e-05 
3.99291e-05 
3.99289e-05 
3.99287e-05 
3.99286e-05 
3.99285e-05 
3.99284e-05 
3.99283e-05 
3.99283e-05 
3.99282e-05 
3.99282e-05 
3.99282e-05 
3.99282e-05 
3.99283e-05 
3.99284e-05 
3.99287e-05 
4.40649e-05 
4.35985e-05 
4.2909e-05 
4.22398e-05 
4.16713e-05 
4.12181e-05 
4.08702e-05 
4.06096e-05 
4.04177e-05 
4.02782e-05 
4.01777e-05 
4.01058e-05 
4.00547e-05 
4.00184e-05 
3.99926e-05 
3.99743e-05 
3.99614e-05 
3.99521e-05 
3.99455e-05 
3.99408e-05 
3.99373e-05 
3.99348e-05 
3.9933e-05 
3.99317e-05 
3.99307e-05 
3.993e-05 
3.99295e-05 
3.9929e-05 
3.99287e-05 
3.99285e-05 
3.99283e-05 
3.99282e-05 
3.99281e-05 
3.9928e-05 
3.99279e-05 
3.99279e-05 
3.99278e-05 
3.99278e-05 
3.99278e-05 
3.99277e-05 
3.99277e-05 
3.99277e-05 
3.99277e-05 
3.99277e-05 
3.99277e-05 
3.99277e-05 
3.99277e-05 
3.99277e-05 
3.99277e-05 
3.99278e-05 
4.17703e-05 
4.15289e-05 
4.11788e-05 
4.08559e-05 
4.05959e-05 
4.03996e-05 
4.02568e-05 
4.01552e-05 
4.00842e-05 
4.0035e-05 
4.00012e-05 
3.9978e-05 
3.99622e-05 
3.99515e-05 
3.99441e-05 
3.99391e-05 
3.99356e-05 
3.99332e-05 
3.99316e-05 
3.99305e-05 
3.99296e-05 
3.99291e-05 
3.99287e-05 
3.99284e-05 
3.99282e-05 
3.9928e-05 
3.99279e-05 
3.99278e-05 
3.99278e-05 
3.99277e-05 
3.99277e-05 
3.99277e-05 
3.99277e-05 
3.99276e-05 
3.99276e-05 
3.99276e-05 
3.99276e-05 
3.99276e-05 
3.99276e-05 
3.99276e-05 
3.99276e-05 
3.99276e-05 
3.99276e-05 
3.99276e-05 
3.99276e-05 
3.99276e-05 
3.99276e-05 
3.99276e-05 
3.99276e-05 
3.99276e-05 
