-1.0375e-14 
-4.80142e-15 
6.37396e-15 
9.28751e-15 
-2.56217e-13 
-6.1613e-11 
-1.31005e-08 
-2.76232e-06 
-0.000624974 
-0.165233 
-2.83613 
51.33 
20.4584 
214.631 
491.881 
915.259 
1381.98 
437.965 
-52.1176 
-126.014 
-139.337 
-138.875 
-134.705 
-129.667 
-124.667 
-119.997 
-115.728 
-111.857 
-108.35 
-105.167 
-102.267 
-99.6171 
-97.1871 
-94.9518 
-92.8899 
-90.9836 
-89.2173 
-87.5771 
-86.0513 
-84.6292 
-83.3 
-82.055 
-80.8851 
-79.7843 
-78.7453 
-77.7628 
-76.8332 
-75.9524 
-75.1176 
-74.3269 
-73.5781 
-72.8688 
-72.1976 
-71.5624 
-70.9602 
-70.3891 
-69.8522 
-69.3554 
-68.9223 
-68.5899 
-68.3764 
-68.2767 
-68.266 
-68.2575 
-67.7327 
-66.125 
-66.3591 
-66.4481 
-60.9768 
-41.2835 
-30.3478 
-25.7499 
-26.62 
-34.026 
-50.4692 
-78.0765 
-116.046 
-158.712 
-196.239 
-218.059 
-216.346 
-187.707 
-133.762 
-61.3254 
-22.5961 
-43.8312 
-7.98637 
-12.5051 
-10.6243 
-11.3693 
-11.2975 
-10.9679 
-10.3364 
-9.39962 
-8.14917 
-6.52891 
-4.46368 
-1.87746 
1.30571 
5.15442 
9.71889 
15.0173 
21.0119 
27.5845 
34.4995 
41.3796 
47.6883 
52.7387 
55.7717 
56.0942 
53.2976 
47.4815 
39.3815 
30.2469 
21.4622 
14.0869 
8.58809 
4.88712 
2.60526 
1.30242 
0.609595 
0.266113 
0.107768 
0.0402324 
0.0137548 
0.0042768 
0.00119852 
0.00029844 
6.48024e-05 
1.20625e-05 
1.90964e-06 
2.5799e-07 
3.0035e-08 
3.03553e-09 
2.65731e-10 
1.99802e-11 
1.31934e-12 
9.16758e-14 
1.69303e-14 
-4.9756e-14 
5.21078e-15 
2.36915e-14 
2.17786e-14 
1.51478e-14 
-4.62305e-15 
-1.66534e-15 
3.35696e-14 
3.50888e-14 
5.01529e-14 
3.14422e-14 
-3.9443e-31 
2.97804e-15 
5.16945e-16 
4.08456e-14 
-4.7077e-14 
8.31722e-15 
2.60445e-14 
-9.37766e-15 
5.2089e-15 
-8.85455e-15 
6.25004e-15 
6.76975e-15 
3.12263e-15 
7.27804e-15 
9.86664e-15 
6.74856e-15 
-5.74207e-15 
-2.71135e-15 
-4.20055e-15 
-2.106e-15 
139.611 
5.31882e-15 
1.05536e-15 
6.5807e-15 
-4.13233e-12 
-9.0227e-10 
-1.89665e-07 
-4.09521e-05 
-0.00995233 
-2.02386 
18.9744 
1.04739e-14 
62.0334 
-1.38537e-15 
346.814 
684.756 
1157.83 
1285.31 
75.9343 
-103.646 
-135.703 
-139.908 
-137.002 
-132.216 
-127.137 
-122.284 
-117.812 
-113.745 
-110.06 
-106.721 
-103.683 
-100.913 
-98.3763 
-96.0464 
-93.9005 
-91.9183 
-90.0838 
-88.3823 
-86.8005 
-85.328 
-83.9536 
-82.6675 
-81.461 
-80.3265 
-79.2574 
-78.2472 
-77.2915 
-76.387 
-75.5294 
-74.7168 
-73.9475 
-73.2185 
-72.5287 
-71.8757 
-71.2575 
-70.6702 
-70.1164 
-69.5978 
-69.1285 
-68.7414 
-68.4679 
-68.3138 
-68.2625 
-68.2699 
-68.1109 
-24.8278 
-25.4881 
-52.6851 
-57.3883 
-45.0108 
-34.9498 
-27.3253 
-25.0859 
-29.3652 
-40.9493 
-62.827 
-95.9974 
-137.34 
-178.81 
-209.694 
-220.47 
-205.415 
-163.58 
-99.346 
-22.5717 
-11.166 
-27.3702 
-47.4104 
-26.5298 
-11.0788 
-11.4063 
-22.2426 
-10.692 
-9.90647 
-8.81619 
-7.3897 
-5.55651 
-3.24056 
-0.365046 
3.14311 
7.34495 
12.2772 
17.9328 
24.238 
31.0191 
37.9736 
44.6454 
50.418 
54.5568 
56.3089 
55.0956 
50.7356 
43.6477 
34.8542 
25.7324 
17.5544 
11.0975 
6.53273 
3.59699 
1.85698 
0.898579 
0.406415 
0.171007 
0.066547 
0.0237942 
0.00776506 
0.00229533 
0.000607658 
0.000141638 
2.85244e-05 
4.89779e-06 
7.15557e-07 
8.96233e-08 
9.71753e-09 
9.14893e-10 
7.42998e-11 
5.21955e-12 
3.28663e-13 
1.06786e-14 
5.20957e-16 
-2.08431e-14 
2.24032e-14 
2.10569e-14 
1.90998e-14 
9.71993e-15 
4.97714e-15 
-9.28974e-15 
6.62329e-14 
-1.55009e-15 
-8.66937e-16 
2.0745e-14 
-1.04797e-14 
-2.64075e-15 
-3.62835e-15 
4.61219e-15 
-1.8133e-14 
-7.08849e-14 
9.85412e-15 
1.926e-14 
-3.23022e-14 
0 
-5.72958e-15 
8.33362e-15 
-4.68725e-15 
8.8512e-15 
7.80343e-15 
-8.83301e-15 
-3.63438e-15 
5.19656e-15 
-3.69868e-15 
1.69126e-14 
9.46802e-15 
1.13875e-15 
2.5499e-15 
8.75185e-14 
2.14884e-12 
4.57271e-10 
1.09981e-07 
2.73645e-05 
0.00673558 
1.41596 
33.376 
90.566 
732.062 
1269.62 
1633.51 
429.649 
5.63159 
-83.1826 
-108.052 
-114.829 
-115.368 
-113.561 
-110.888 
-107.959 
-105.035 
-102.231 
-99.5871 
-97.1142 
-94.8092 
-92.6639 
-90.6665 
-88.807 
-87.0738 
-85.458 
-83.9502 
-82.5413 
-81.224 
-79.99 
-78.8313 
-77.7411 
-76.7125 
-75.7405 
-74.8197 
-73.946 
-73.1176 
-72.3303 
-71.5829 
-70.8742 
-70.2021 
-69.5656 
-68.9629 
-68.3923 
-67.8511 
-67.3392 
-66.8561 
-66.4116 
-66.0344 
-65.7662 
-65.637 
-65.6525 
-65.8105 
-66.0364 
-28.2246 
-37.7099 
-26.7917 
-35.6677 
-54.1138 
-83.9537 
-123.527 
-166.109 
-201.241 
-218.575 
-211.111 
-176.575 
-117.91 
-22.9488 
-21.2609 
-21.7797 
-20.4216 
-18.4757 
-15.8923 
-12.5482 
-8.29443 
-2.98081 
3.54167 
11.4049 
20.7009 
31.4513 
43.5599 
56.762 
70.5535 
84.1424 
96.4233 
106.008 
111.4 
111.287 
104.975 
92.8097 
76.3821 
58.2199 
41.0126 
26.7368 
16.1953 
9.15742 
4.84943 
2.40701 
1.11771 
0.483622 
0.19391 
0.071583 
0.0241671 
0.00740888 
0.0020426 
0.000498671 
0.000105692 
1.91229e-05 
2.93507e-06 
3.84223e-07 
4.33577e-08 
4.24401e-09 
3.58479e-10 
2.59438e-11 
1.68759e-12 
6.82375e-14 
3.59467e-14 
-7.45119e-14 
1.84933e-14 
5.48312e-14 
4.3867e-14 
2.7898e-14 
2.0952e-15 
1.45387e-15 
-1.2209e-14 
-1.65881e-14 
1.87132e-14 
-4.21882e-14 
-1.56293e-15 
-1.0418e-15 
2.60427e-15 
-4.6872e-15 
2.60321e-15 
6.2425e-15 
-6.23395e-15 
7.26336e-15 
1.91965e-14 
5.8102e-15 
7.13881e-15 
-6.01506e-30 
7.13061e-15 
2.14729e-13 
3.04417e-11 
7.05046e-09 
1.73057e-06 
0.000431627 
0.102557 
10.5545 
67.2769 
998.255 
1525.75 
130.048 
-53.0901 
-99.3108 
-112.653 
-115.547 
-114.635 
-112.283 
-109.434 
-106.487 
-103.615 
-100.888 
-98.3293 
-95.9412 
-93.7173 
-91.6473 
-89.7201 
-87.925 
-86.2519 
-84.6913 
-83.2339 
-81.8717 
-80.5971 
-79.4016 
-78.2783 
-77.2193 
-76.2199 
-75.2741 
-74.3772 
-73.5265 
-72.7189 
-71.9517 
-71.2238 
-70.5338 
-69.8795 
-69.26 
-68.6738 
-68.1185 
-67.5905 
-67.0939 
-66.6276 
-66.2116 
-65.8844 
-65.6821 
-65.625 
-65.7144 
-65.923 
-66.0699 
-43.531 
-67.6031 
-102.825 
-145.047 
-185.303 
-212.67 
-218.196 
-197.173 
-149.853 
-82.1731 
-19.5254 
-17.2715 
-14.3251 
-10.5442 
-5.77969 
0.120479 
7.29863 
15.8702 
25.897 
37.3479 
50.05 
63.6264 
77.435 
90.5284 
101.647 
109.323 
112.099 
108.916 
99.5521 
84.9857 
67.3418 
49.3484 
33.4295 
20.9946 
12.2802 
6.71802 
3.4445 
1.65429 
0.741976 
0.309279 
0.119088 
0.0420775 
0.0135501 
0.00394532 
0.00102596 
0.000233957 
4.58878e-05 
7.64665e-06 
1.08257e-06 
1.31407e-07 
1.38088e-08 
1.25735e-09 
9.82693e-11 
6.66025e-12 
4.29737e-13 
1.48468e-14 
-4.27222e-14 
-5.65324e-14 
5.33593e-14 
5.8582e-14 
3.33967e-14 
1.77445e-14 
1.19404e-14 
-8.83017e-16 
5.20951e-16 
-8.85468e-15 
1.45836e-14 
-3.12442e-15 
-8.84685e-15 
5.19774e-16 
2.59483e-15 
-5.18247e-15 
-9.903e-15 
-1.73755e-14 
2.15931e-15 
3.33832e-14 
349.877 
514.911 
-32.0539 
-25.856 
-30.2078 
-22.7586 
-22.8476 
-21.1756 
-2.81336e-14 
6.50556e-14 
2.25902e-14 
5.70768e-15 
842.423 
8.4996e-15 
6.33599e-14 
-1.94094e-11 
9.48914e-09 
5.87368e-06 
0.0019156 
0.300896 
49.9579 
280.329 
-8.89848e-15 
160.582 
-7.68999e-15 
-1.4567e-14 
600.74 
730.036 
-31.1439 
1379.12 
1633.98 
445.035 
826.269 
768.364 
115.967 
4.74339 
-39.538 
-59.3688 
-68.8186 
-73.3565 
-75.3862 
-76.0644 
-75.9899 
-75.4859 
-74.7361 
-73.8493 
-72.8917 
-71.9049 
-70.9158 
-69.9412 
-68.9925 
-68.0765 
-67.1967 
-66.3555 
-65.5528 
-64.7868 
-64.0556 
-63.3562 
-62.6871 
-62.0456 
-61.4302 
-60.841 
-60.2765 
-59.7363 
-59.2207 
-58.7298 
-58.2629 
-57.8199 
-57.4002 
-57.0025 
-56.6245 
-56.267 
-55.9268 
-55.6226 
-55.394 
-55.2955 
-55.3814 
-55.6338 
-56.0516 
-56.4891 
-52.2666 
-39.5543 
-23.4254 
-24.6309 
-24.6936 
-23.2582 
-37.3475 
-33.368 
-23.3515 
-22.7938 
-45.0894 
-62.174 
-96.2296 
-138.097 
-179.028 
-207.85 
-215.141 
-195.801 
-149.914 
-84.0065 
-66.2396 
-38.2601 
-44.5752 
-42.9629 
-45.0459 
-55.767 
-43.9067 
-56.1299 
-43.925 
-55.089 
-54.0668 
-2.08413e-14 
-33.6215 
-27.5952 
-19.9076 
-10.2614 
1.62711 
16.0192 
33.1139 
52.9937 
75.5502 
100.389 
126.721 
153.257 
178.153 
199.027 
213.179 
218 
211.644 
193.781 
166.175 
132.627 
98.0782 
67.0981 
42.5361 
25.082 
13.8123 
7.12075 
3.43632 
1.54822 
0.648246 
0.250746 
0.0890053 
0.0287961 
0.00842502 
0.00220215 
0.000504891 
9.95432e-05 
1.66631e-05 
2.3678e-06 
2.88281e-07 
3.03741e-08 
2.77256e-09 
2.16891e-10 
1.46643e-11 
9.56101e-13 
2.44831e-14 
3.51676e-14 
-3.93418e-14 
9.60999e-14 
1.3188e-13 
5.81249e-14 
5.30453e-14 
2.38606e-14 
-3.19431e-15 
4.72206e-15 
-5.30288e-15 
-4.68836e-15 
4.25764e-14 
-4.04203e-14 
3.11469e-14 
1.01476e-14 
-5.43467e-14 
-4.08084e-14 
1.19831e-14 
-2.62797e-15 
2.92998e-14 
4.27954e-14 
-8.33538e-15 
-1.45903e-14 
-4.46031e-15 
7.18625e-14 
6.15273e-14 
-2.65634e-14 
3.28136e-14 
-3.85363e-14 
-9.88943e-15 
2.59933e-15 
5.18928e-15 
-7.7756e-15 
2.44251e-14 
-6.90548e-14 
2.14451e-14 
4.1287e-14 
3.40921e-14 
-3.7011e-14 
-6.02065e-15 
-1.22217e-14 
3.0348e-14 
3.68256e-14 
7.56874e-14 
1438.76 
1271.51 
-32.3767 
-33.7164 
-40.1248 
-48.7589 
-1.09252e-14 
1.85695e-14 
-6.15275e-15 
287.096 
1397.25 
1577.62 
1.7321e-13 
-2.08082e-12 
1.33608e-10 
2.65261e-07 
0.000112358 
0.028352 
4.86745 
171.47 
508.616 
1122.28 
1469.48 
-28.5943 
-27.2075 
1219.31 
1.43658e-13 
234.233 
46.8989 
-22.0099 
-51.3148 
-64.9426 
-71.5092 
-74.5947 
-75.8478 
-76.097 
-75.7776 
-75.1336 
-74.305 
-73.3762 
-72.4001 
-71.4092 
-70.4258 
-69.4631 
-68.5301 
-67.6319 
-66.7712 
-65.9494 
-65.1653 
-64.417 
-63.702 
-63.0181 
-62.363 
-61.7347 
-61.1324 
-60.5558 
-60.0034 
-59.4754 
-58.9723 
-58.4934 
-58.0385 
-57.6072 
-57.1988 
-56.8112 
-56.4431 
-56.0951 
-55.7682 
-55.4948 
-55.3227 
-55.3155 
-55.4839 
-55.819 
-56.2848 
-42.0126 
138.029 
-25.219 
-27.5271 
6.72133 
-49.41 
-77.8728 
-116.627 
-159.373 
-195.623 
-214.627 
-208.924 
-175.949 
-118.686 
-45.4931 
-46.6386 
2.00063e-14 
0.0376961 
0.000155096 
-56.5676 
-41.6957 
-40.0816 
-30.7991 
6.13365e-07 
-36.0984 
-36.3399 
-23.9793 
-15.347 
-4.61475 
8.49583 
24.2204 
42.7068 
63.9543 
87.7222 
113.435 
140.065 
166.047 
189.258 
207.113 
216.894 
216.281 
204.093 
181 
149.845 
115.165 
81.9128 
53.9238 
32.9514 
18.7688 
9.99889 
4.98819 
2.32702 
1.0114 
0.407356 
0.151068 
0.0512389 
0.0157826 
0.00437292 
0.00107326 
0.000228694 
4.1582e-05 
6.40836e-06 
8.41696e-07 
9.52461e-08 
9.34715e-09 
7.91192e-10 
5.72009e-11 
3.61764e-12 
2.05224e-13 
4.24587e-14 
-5.78406e-14 
4.19471e-14 
1.19913e-13 
7.57272e-14 
4.13339e-14 
4.30013e-14 
1.73599e-14 
8.89906e-15 
1540.95 
-6.07048e-15 
1.32322e-14 
8.58332e-15 
2.45544e-09 
1.07515e-11 
448.018 
-6.74982e-15 
982.539 
-1.06046e-14 
-22.4182 
5.88532e-14 
4.58328e-14 
-1.35426e-14 
2.60421e-15 
-1.09385e-14 
2.1135e-14 
-1.13385e-14 
-8.04241e-16 
-8.85157e-15 
-1.04043e-14 
1.55836e-15 
7.26379e-15 
-4.14835e-15 
6.86052e-14 
-1.01493e-14 
1.13513e-14 
1534.1 
0.0024368 
402.177 
9.75368e-06 
2.32322e-14 
6.09399e-14 
7.9165e-14 
9.51236e-14 
1.58338e-13 
8.77635e-14 
1.38086e-14 
5.60087e-14 
1.13557e-13 
2.76011e-12 
4.52188e-11 
6.53023e-10 
8.00196e-09 
8.4184e-08 
7.67239e-07 
6.02804e-06 
4.03628e-05 
0.000228577 
0.00109997 
0.00457438 
0.0167891 
0.0553011 
0.16516 
0.450511 
1.13004 
2.62362 
5.66905 
11.4435 
21.6121 
38.1485 
62.7434 
95.8061 
135.494 
177.534 
216.211 
246.057 
263.365 
266.862 
257.517 
237.798 
210.849 
179.797 
147.324 
115.487 
85.6935 
58.7906 
-52.6664 
-102.242 
-163.853 
-202.531 
-214.006 
-199.652 
-166.018 
-51.6161 
-50.9013 
-50.3712 
-50.0597 
-49.9371 
-50.0098 
-50.2015 
-50.4522 
-50.7252 
-51.0112 
-51.3119 
-51.6288 
-51.9636 
-52.3165 
-52.6876 
-53.0761 
-53.4822 
-53.9048 
-54.3427 
-54.7958 
-55.2635 
-55.7447 
-56.2396 
-56.7489 
-57.2722 
-57.81 
-58.3611 
-58.9233 
-59.4912 
-60.0566 
-60.6075 
-61.1267 
-61.5891 
-61.9591 
-62.1844 
-62.1872 
-61.8494 
-60.9835 
-59.2824 
-56.2183 
-50.8331 
-41.2988 
-23.8364 
282.929 
41.0981 
0.559534 
1.86126e-14 
-4.29565e-14 
5.41666e-14 
-1.24053e-14 
5.70325e-15 
1.55787e-14 
-1.82049e-14 
-2.34306e-14 
-4.71285e-14 
2.1549e-15 
3.37225e-14 
7.79605e-14 
6.80443e-14 
1.60955e-13 
1.34725e-13 
6.38343e-14 
5.49774e-14 
1.92756e-14 
6.76901e-13 
1.12352e-11 
1.75322e-10 
2.33243e-09 
2.643e-08 
2.58753e-07 
2.19236e-06 
1.59239e-05 
9.8089e-05 
0.000511306 
0.00228138 
0.00889068 
0.0308619 
0.0966994 
0.275762 
0.720699 
1.73792 
3.8903 
8.12203 
15.8579 
28.9616 
49.3696 
78.2709 
115.038 
156.561 
197.662 
232.523 
256.414 
266.822 
263.663 
248.762 
225.026 
195.654 
163.594 
131.224 
100.269 
71.8466 
46.5632 
24.648 
6.0661 
-9.383 
-21.995 
-32.1085 
-135.443 
-186.465 
-211.693 
-209.763 
-184.659 
-145.152 
-102.553 
-66.5467 
-24.5889 
-51.2442 
-50.6026 
-50.1856 
-49.9697 
-49.9526 
-50.0935 
-50.3219 
-50.5877 
-50.8657 
-51.1595 
-51.4682 
-51.7939 
-52.1379 
-52.4999 
-52.8796 
-53.277 
-53.6915 
-54.1219 
-54.5673 
-55.0278 
-55.5024 
-55.9903 
-56.4925 
-57.0086 
-57.5394 
-58.084 
-58.6412 
-59.207 
-59.7748 
-60.3347 
-60.8724 
-61.3669 
-61.7886 
-62.0939 
-62.2198 
3.86972e-08 
-62.0705 
-61.498 
-60.2636 
-57.9674 
-53.9017 
-46.7549 
-33.9278 
-9.79749 
39.2054 
9.39012e-13 
1.58619e-10 
-46.2544 
-41.8007 
10.1447 
82.871 
261.435 
150.935 
-123.54 
-83.3041 
-28.1073 
-52.6869 
-56.5388 
35.1818 
14.95 
-2.03315 
-50.8982 
-16.023 
-43.3696 
-27.3446 
-8.50068e-15 
1.5989e-15 
-6.74648e-15 
1.24258e-14 
-8.62817e-30 
-3.02121e-14 
1.08964e-14 
-9.87861e-15 
-6.24592e-15 
3.60449e-11 
687.742 
-62.6922 
2.31934e-12 
4.59365e-11 
-38.1106 
2.15984e-14 
4.59021e-15 
-77.3735 
7.12807e-05 
2.7565e-14 
0.282672 
-24.1503 
35.4719 
-2.17427e-14 
1116.82 
-43.2083 
690.228 
1.84333e-13 
-27.7814 
-25.1823 
314.709 
-47.4445 
-116.035 
463.89 
466.811 
3.1792e-13 
3.26342e-12 
147.879 
67.4155 
24.714 
0.18671 
-14.7965 
-24.3922 
-30.7601 
-35.1005 
-36.7406 
-23.8433 
-25.9607 
1.26415e-08 
-40.2207 
-41.7033 
-42.7396 
-43.4545 
-43.9345 
-44.2428 
-44.4236 
-44.5101 
-44.5272 
-44.4921 
-44.4179 
-44.3131 
-44.1839 
-44.035 
-43.87 
-43.6919 
-43.5049 
-43.3117 
-43.1155 
-42.9189 
-42.7252 
-42.5363 
-42.3533 
-42.1779 
-42.0113 
-41.8543 
-41.7059 
-41.56 
-41.4203 
-41.3073 
-41.2705 
-41.3962 
-41.7703 
-42.3249 
-42.7176 
-39.737 
-44.2098 
100.918 
123.616 
1088.72 
1152.44 
946.033 
930.613 
-32.6858 
-29.9137 
-20.8394 
3.47177 
21.6722 
50.9152 
-19.8888 
-78.5122 
-89.3577 
-25.0881 
-76.5926 
-95.3242 
-101.674 
-158.815 
-193.759 
-209.953 
-200.356 
-163.345 
-37.35 
-39.582 
-66.5122 
4.38605e-14 
-75.3332 
-86.1698 
-53.8548 
1.24065e-14 
-35.7977 
-2.45124e-14 
-5.15748e-15 
-42.5311 
-43.8049 
-58.5571 
-63.2515 
-28.2675 
-26.6586 
-69.4252 
-0.372572 
23.1383 
36.4825 
49.8278 
-72.0229 
-79.9189 
83.0388 
119.289 
159.01 
200.981 
243.296 
283.304 
317.699 
342.761 
354.86 
351.166 
330.482 
294.001 
245.622 
191.484 
138.595 
92.8987 
57.6909 
33.2821 
17.8949 
8.98401 
4.20911 
1.8346 
0.740133 
0.274592 
0.0930427 
0.0285884 
0.00788774 
0.00192201 
0.000404619 
7.22674e-05 
1.08906e-05 
1.39558e-06 
1.53948e-07 
1.47016e-08 
1.2044e-09 
8.32115e-11 
4.91838e-12 
1.94298e-13 
3.20422e-14 
1.12568e-13 
1.19341e-13 
2.27761e-13 
1.6664e-13 
1.45939e-13 
9.44987e-14 
5.25035e-14 
1.02596e-13 
5.09573e-14 
0.0189531 
0.154726 
1428.57 
-1.39994e-14 
926.252 
768.576 
906.851 
4.63836e-14 
-4.04138e-14 
3.96469e-14 
2.183e-14 
-8.33411e-15 
3.9582e-14 
-2.65631e-14 
9.51468e-15 
-2.291e-14 
-4.31684e-14 
5.29383e-14 
3.42982e-14 
-2.76055e-14 
-2.89539e-14 
2.6919e-14 
-4.80712e-28 
3.69997e-15 
-7.87453e-15 
-2.83232e-14 
-2.46478e-14 
6.70856e-10 
1.10379e-08 
1160.43 
4.11314e-06 
4.26188e-05 
8.0296e-14 
3.09124e-13 
460.399 
354.724 
557.93 
-1.37803e-14 
5.98098e-15 
-30.0198 
-31.3204 
-1.89608e-14 
7.92106e-14 
2.96216e-14 
-20.8504 
-19.8536 
-1.56226e-15 
6.40458e-15 
-66.3127 
-76.6264 
-72.7555 
-4.11318e-14 
6.66997e-14 
8.04678e-14 
-21.9851 
-20.6054 
5.15604e-14 
1.40552e-14 
1005.99 
946.458 
7.78199e-15 
1.32199e-14 
-1.68537e-15 
0.00118515 
0.0102606 
-40.564 
-43.7342 
-35.2542 
-86.1816 
-103.069 
-88.7071 
-27.7668 
-39.2585 
-40.334 
-86.9499 
-76.5316 
-25.6169 
1158.29 
1.73071e-07 
2.30983e-07 
0.000664339 
0.540791 
-20.1018 
666.682 
17.514 
-8.17315 
170.494 
215.35 
-22.4016 
42.9518 
10.8686 
8.11405 
-5.62474 
-27.8888 
-33.1315 
-29.314 
-41.0275 
-42.2683 
-43.1313 
-43.7199 
-44.1073 
-44.3467 
-44.4767 
-44.5259 
-44.5152 
-44.4593 
-44.3689 
-44.2511 
-44.1116 
-43.9541 
-43.7823 
-43.5991 
-43.4089 
-43.2138 
-43.017 
-42.8216 
-42.63 
-42.444 
-42.2646 
-42.0932 
-41.9317 
-41.7789 
-41.6315 
-41.4897 
-41.357 
-41.273 
-41.3023 
-41.5511 
-42.0225 
-39.2 
44.3595 
164.186 
89.3627 
2.19131 
66.6277 
66.4393 
84.6051 
-35.6942 
984.292 
-22.1528 
-60.5293 
-82.0569 
-165.223 
-178.01 
-137.653 
-183.245 
-122.927 
-204.759 
-208.598 
-185.159 
-50.7347 
3.40362e-14 
4.37908e-14 
7.81628e-15 
-135.685 
-74.091 
-82.6149 
761.517 
795.027 
-3.14623e-14 
-2.89366e-14 
-68.304 
7.07951e-10 
-48.5301 
108.799 
-1.04124e-15 
-10.6077 
10.8629 
34.2189 
103.723 
100.677 
123.919 
138.777 
179.817 
222.243 
263.782 
301.432 
331.633 
350.635 
355.109 
342.934 
314.035 
270.956 
218.832 
164.464 
114.569 
73.8998 
44.2143 
24.6162 
12.7883 
6.2036 
2.80484 
1.17702 
0.455748 
0.161729 
0.0522348 
0.0152329 
0.00395982 
0.000899343 
0.000174675 
2.86489e-05 
3.97526e-06 
4.71981e-07 
4.8448e-08 
4.29433e-09 
3.23592e-10 
2.05856e-11 
1.16154e-12 
-2.52655e-14 
1.20643e-13 
1.32922e-13 
1.49969e-13 
2.50592e-13 
1.27608e-13 
1.19934e-13 
-1.96648e-14 
9.83939e-15 
1426.28 
1364.8 
-1.59199e-14 
-150.432 
-22.0618 
-4.1602e-14 
6.7726e-15 
1.87599e-14 
-8.91015e-15 
2.22737e-14 
-57.5186 
-9.36966e-15 
-2.80662e-14 
1.70396e-14 
-1.37896e-14 
-2.70214e-14 
3.98937e-14 
-4.04131e-14 
-20.2551 
2.71419e-06 
6.97697e-15 
-2.62287e-14 
6.07907e-14 
2.72452e-14 
1.93542e-13 
1.3994e-13 
1.69978e-13 
2.30171e-13 
1.67686e-13 
1.26912e-13 
1.12317e-13 
-3.82932e-14 
8.1471e-13 
1.51898e-11 
2.49261e-10 
3.44824e-09 
4.02744e-08 
4.04689e-07 
3.51467e-06 
2.6133e-05 
0.000164227 
0.000868318 
0.00390595 
0.0152786 
0.0531098 
0.166382 
0.473683 
1.23418 
2.96311 
6.59481 
13.6633 
26.4001 
47.5378 
79.5703 
123.467 
177.41 
236.474 
293.717 
342.038 
375.935 
392.417 
-38.7953 
-38.1704 
-37.7686 
-37.6254 
-37.6271 
-37.6903 
-6.10738e-15 
-6.7703e-15 
-2.67545e-14 
-37.7673 
-38.4265 
-37.8469 
-37.9279 
-38.0135 
-38.1055 
-38.2013 
-38.2989 
-38.3965 
-38.4922 
-38.5827 
-38.6641 
-38.7323 
-38.1861 
-38.7833 
-38.8121 
-38.8137 
-38.7824 
-38.7131 
-38.5977 
-3.53312e-14 
3.64572e-14 
1.51743e-13 
1.67253e-13 
2.24186e-13 
1.4453e-13 
1.2903e-13 
1.69382e-14 
8.49164e-14 
3.56718e-12 
6.27154e-11 
9.47992e-10 
1.20203e-08 
1.29995e-07 
1.21497e-06 
9.77985e-06 
6.69434e-05 
0.000385736 
0.00187693 
0.0078495 
0.0288784 
0.0951789 
0.283998 
0.772784 
1.93116 
4.46123 
9.5761 
19.1586 
35.7444 
62.0795 
100.074 
149.423 
206.71 
265.787 
319.389 
-16.6461 
361.039 
386.435 
393.917 
-30.6429 
384.26 
360.015 
324.744 
282.307 
236.32 
189.816 
145.095 
329.989 
6.53283 
2.67294e-14 
-192.973 
-208.459 
-197.224 
-38.4589 
-37.9365 
-37.6715 
-37.6142 
-37.6539 
-37.729 
-37.808 
-37.8871 
-37.9701 
-38.0589 
-38.1531 
-38.2501 
-38.3478 
-38.4448 
-38.5383 
-38.6248 
-38.7003 
-38.7602 
-38.8009 
-38.8167 
-38.8024 
-38.753 
-38.6616 
-38.5198 
-38.3163 
-38.0343 
-37.6534 
-37.1436 
-36.4645 
-35.5635 
-37.8581 
-36.0461 
-35.0077 
-37.4169 
-10.6927 
-33.628 
-36.8283 
29.3233 
236.095 
63.8011 
-21.3504 
-14.8935 
-18.4019 
-31.787 
-32.7742 
-34.3672 
391.104 
286.049 
373.754 
343.517 
-174.875 
-64.9301 
-144.6 
-204.197 
-205.949 
-120.662 
-1.54473e-14 
304.184 
259.551 
-51.0582 
19.7945 
-5.59943 
212.971 
167.119 
1273.64 
1.03844e-14 
-3.84857e-14 
1.44472e-14 
-7.11548e-14 
455.134 
-18.3548 
1.37299e-14 
7.05726e-15 
130.935 
-86.1591 
-31.3745 
930.528 
28.3345 
7.64206e-08 
435.147 
4.49058e-14 
-1.04101e-14 
2.12653e-13 
-13.5882 
1.40114e-14 
-16.9533 
-9.87904 
12.1408 
23.5437 
-201.151 
28.7174 
1.08247e-12 
-21.3621 
-5.61492e-14 
3.9849 
-4.53544e-14 
363.065 
49.6077 
847.86 
8.7237 
19.1107 
14.2894 
25.223 
-9.25089 
447.048 
466.318 
476.942 
-35.0765 
-33.5102 
-15.374 
-8.03734 
-23.4026 
-24.779 
-25.9067 
-20.713 
81.0982 
-22.6001 
-16.5908 
20.8713 
32.3987 
-24.1256 
-18.4541 
-21.708 
-15.5127 
-25.3701 
-19.9984 
-30.2124 
-31.3266 
-27.244 
-4.25847e-14 
-2.96292e-14 
-27.9522 
-28.5453 
-29.0421 
-29.4575 
-29.8036 
-30.089 
-26.2527 
-26.8384 
-21.8581 
-30.4246 
-30.598 
-30.7393 
-30.8548 
-30.9506 
-31.0315 
-31.1009 
-31.1619 
-31.2177 
-31.2727 
-31.2997 
-28.3877 
-28.4479 
-27.6139 
-22.8612 
-31.3508 
-28.5621 
-31.4181 
-31.4733 
-31.5857 
-31.837 
-32.3875 
-33.6704 
214.433 
-29.8283 
-75.5993 
14.3494 
167.038 
183.493 
-40.0828 
-4.33414e-14 
2.62134e-14 
-136.932 
-75.099 
-115.206 
-122.099 
-176.53 
-121.172 
-106.145 
-200.959 
-204.44 
-202.021 
-58.6659 
-63.126 
-45.2716 
-48.5952 
-106.415 
-24.0924 
-22.3027 
-18.2446 
-6.60958 
2.00168 
-105.77 
-5.98576e-14 
-6.23648e-14 
-84.7139 
0.000349141 
-50.2487 
-47.6352 
-74.8476 
255.499 
2.20435e-14 
-2.75583 
6.70241 
479.7 
483.093 
-96.3834 
106.269 
152.655 
1313.53 
202.917 
229.04 
232.217 
259.806 
-59.3837 
-58.2184 
308.162 
-173.658 
380.796 
419.84 
452.099 
316.485 
446.502 
-11.5606 
-0.997802 
-3.63761 
-33.1861 
-31.1508 
458.514 
443.407 
-16.3923 
-8.79356 
409.659 
359.37 
297.16 
229.856 
165.201 
109.846 
67.4988 
38.3997 
20.2821 
9.96468 
4.55071 
1.92534 
0.750457 
0.267638 
0.0867186 
0.0253306 
0.00658071 
0.00148697 
0.000285439 
4.59633e-05 
6.2363e-06 
7.2283e-07 
7.23342e-08 
6.22388e-09 
4.51498e-10 
2.74485e-11 
1.52022e-12 
-2.50089e-14 
4.45703e-14 
1.28553e-13 
1.32294e-13 
2.18486e-13 
2.2559e-13 
-2.6858e-14 
6.37725e-14 
1.23459 
6.41441 
84.8407 
104.55 
-81.3177 
-83.8485 
38.1523 
63.1919 
51.0094 
-150.062 
-162.478 
-136.331 
2.62958e-10 
63.6594 
77.9958 
358 
391.982 
-4.05604e-14 
-3.46174e-14 
3.85368e-14 
-3.53682e-14 
-4.89509e-14 
-2.44795e-14 
1301.11 
1051.34 
1312.83 
-1.35957e-14 
-190.854 
-182.46 
-4.97764e-14 
-4.21674e-14 
-7.00597e-14 
4.49409e-09 
4.2724e-08 
1.00489e-13 
5.41658e-14 
8.30258e-13 
-67.5583 
-76.2465 
-67.7304 
-7.29172e-15 
-1.91634e-14 
-27.468 
1.8743e-14 
2.05562e-15 
2.13242e-05 
0.00015196 
1.13184e-14 
3.21226e-14 
1.39686e-14 
-5.82595e-14 
1.16357e-29 
2.09754e-14 
1.33875e-14 
-4.14609e-15 
0.0851356 
0.500242 
-22.4685 
-22.9547 
-19.3141 
-17.9847 
2.2479e-13 
2.21627e-13 
2.52656e-13 
64.6881 
82.2829 
-5.72839e-15 
1.17181e-14 
128.906 
128.072 
152.752 
1097.7 
1262.28 
1048.98 
-1.0975e-15 
6.57013e-15 
638.374 
-34.9466 
-28.7519 
-37.1836 
-19.527 
-19.3819 
-94.2008 
-100.605 
-157.905 
-164.064 
-107.473 
-114.524 
428.79 
465.703 
449.571 
-34.3166 
-31.7846 
-32.5416 
103.013 
147.218 
118.779 
488.243 
-104.756 
-3.57654 
5.42419 
573.17 
-121.034 
-136.043 
-120.289 
-25.834 
-29.9532 
-80.6331 
377.01 
-24.7666 
-29.2592 
-28.5063 
40.886 
-195.793 
-22.3804 
-17.5672 
-1.18914e-14 
96.1805 
277.629 
-14.32 
-0.0761231 
9.34749 
-19.2619 
-2.76068e-14 
13.8694 
820.256 
638.405 
-19.6009 
-26.3943 
-19.6437 
-23.3049 
-28.2618 
-23.7145 
-28.8049 
-25.0657 
-29.6387 
-26.0518 
-30.3237 
-30.5158 
-30.6724 
-30.7999 
-30.9049 
-30.9926 
-31.0677 
-31.1324 
-31.1902 
-31.2454 
-31.3969 
-31.4408 
-31.5184 
-31.6846 
-32.063 
291.933 
-26.4384 
544.601 
351.749 
-27.4961 
-28.7343 
-24.9688 
625.527 
401.347 
373.636 
230.407 
-4.17276e-15 
1.05341e-13 
-11.5236 
1.28153e-06 
3.04959e-14 
-32.7767 
-143.782 
1.18631e-11 
1.52447e-11 
1.81808e-10 
-201.373 
-191.309 
-181.337 
6.58874e-14 
-99.9588 
-106.184 
433.73 
2.79263e-14 
-114.363 
2.7973e-09 
-5.96946 
2.50161e-13 
-2.28854e-14 
101.525 
-28.8159 
6.52198e-07 
45.8486 
-101.771 
-92.0632 
41.7539 
177.384 
341.77 
333.641 
281.988 
287.49 
401.567 
469.111 
613.724 
483.926 
453.33 
459.052 
477.173 
483.611 
-22.9817 
428.968 
386.353 
404.229 
329.371 
263.662 
196.729 
136.046 
86.956 
51.3951 
28.1632 
14.3452 
6.79676 
2.98934 
1.21493 
0.453384 
0.154253 
0.0475103 
0.0131175 
0.00318828 
0.00066569 
0.000117096 
1.72831e-05 
2.16343e-06 
2.32849e-07 
2.16449e-08 
1.7147e-09 
1.13528e-10 
6.49438e-12 
3.10231e-13 
-5.47259e-14 
1.21255e-13 
1.46261e-13 
1.25889e-13 
2.19822e-13 
-1.47387e-14 
2.00154e-13 
-28.6171 
0.00556964 
-18.2342 
-5.20922e-15 
-7.6658e-15 
1.47329e-14 
8.6989e-15 
51.3942 
-1.03218e-15 
178.458 
0.00308857 
-1.39966e-14 
-1.93284e-14 
0.0129469 
4.13444e-14 
1.29452e-15 
2.58367e-14 
-87.0384 
-96.5606 
-90.5895 
2.17742e-13 
493.027 
1.29682e-13 
1.49784e-13 
1.30141e-13 
-1.06869e-14 
1.95125e-13 
4.70048e-12 
8.39341e-11 
1.33038e-09 
1.749e-08 
1.9452e-07 
1.86397e-06 
1.53658e-05 
0.000107463 
0.000629299 
2.10388e-13 
1.18171e-13 
1.27556e-13 
8.24239e-14 
-2.6323e-14 
1.09327e-12 
1.99576e-11 
3.42146e-10 
4.93348e-09 
5.94669e-08 
6.13251e-07 
5.45723e-06 
4.15187e-05 
0.00026599 
0.00142402 
0.00643922 
0.0251905 
0.08736 
0.272604 
0.771587 
1.99497 
0.0475684 
4.74497 
10.4403 
21.3206 
40.4351 
71.0828 
115.538 
173.414 
0.156284 
240.795 
310.864 
375.841 
-29.7729 
414.494 
-29.2196 
-28.9423 
1.72051e-14 
-30.1972 
-29.4513 
-29.0593 
-28.2639 
-28.1363 
-28.0006 
-27.8524 
-27.6878 
-27.5032 
-27.2929 
-27.0504 
-28.7825 
-25.3423 
-28.671 
-28.3264 
-28.2007 
-28.07 
-27.9284 
-27.7724 
-27.5983 
-27.4016 
-27.1762 
-21.2905 
629.468 
-12.9965 
-20.6728 
-24.0932 
-26.9148 
-24.4431 
-25.5982 
-26.6098 
-26.7683 
0.00231431 
-28.7228 
-28.8526 
0.464059 
1.25422 
3.10775 
7.1053 
1.22102e-14 
1.23149e-13 
7.35073e-14 
15.0578 
9.94723e-06 
-30.6556 
29.6368 
-194.17 
54.1322 
91.5286 
205.161 
-35.9125 
61.3382 
367.595 
205.017 
314.935 
434.68 
486.02 
142.959 
206.293 
275.984 
344.453 
-17.6039 
0.0346367 
-17.2373 
-4.97396e-16 
2.36615e-14 
1.19413 
-112.531 
-8.02704 
-19.0692 
-23.112 
382.337 
-35.6284 
190.32 
-16.5724 
-26.6173 
402.806 
-23.8469 
8.04168e-14 
42.5622 
32.9721 
-20.2587 
-2.1769e-14 
75.9214 
0.0215202 
-4.05413 
-102.76 
190.549 
232.927 
54.5678 
-15.4847 
8.31374 
774.302 
-10.1604 
203.925 
-3.51778e-14 
64.3749 
86.7754 
74.7007 
-6.81762 
-1.87161 
-2.47004 
2.97999 
-9.13726 
-4.4809 
495.073 
-5.4979 
-0.394196 
-18.5785 
-19.9891 
-16.9768 
-14.8806 
-11.0176 
-17.9479 
-23.4934 
-19.7019 
-16.6346 
-18.7201 
-15.4742 
-73.443 
-11.9768 
0.00119725 
-16.0476 
-12.3622 
-24.083 
-11.1038 
-6.70569 
-20.7509 
-21.1888 
-21.5818 
-21.9382 
-22.264 
-22.5644 
-22.8448 
0.734023 
-17.5201 
-14.0705 
9.01712e-15 
-22.9796 
-20.6422 
-24.3745 
450.923 
186.33 
263.28 
75.6998 
2.39152e-14 
956.881 
930.139 
-135.97 
-14.2321 
-10.273 
-18.3471 
-15.0359 
-196.409 
1.62609e-13 
75.5991 
-192.775 
-174.567 
-56.6366 
-61.1538 
-42.9261 
-46.2829 
22.4715 
-21.5009 
-19.3774 
-4.86289e-15 
4.0058e-15 
-2.0242e-14 
483.68 
-23.73 
-21.5887 
1.22697e-09 
-49.386 
-42.5594 
1.9278e-14 
6.87875e-15 
-2.08067e-14 
-23.9615 
-21.8882 
-1.45818e-14 
1.04141e-14 
3.04538e-07 
-130.572 
619.178 
760.314 
615.752 
2.17937e-13 
38.9558 
2.52516e-14 
348.509 
376.241 
402.999 
11.2526 
18.0617 
319.972 
347.483 
-15.5999 
528.964 
524.817 
542.672 
524.459 
-25.4783 
434.268 
370.126 
0.251305 
258.966 
221.816 
268.229 
230.174 
180.804 
308.717 
123.712 
97.7161 
102.07 
-188.231 
-190.429 
57.3002 
59.9525 
1.18011e-14 
3.35253e-14 
15.5105 
0.0777414 
4.74903 
1.95045 
1.21019 
1.24218 
296.766 
306.834 
0.434786 
0.442225 
7.18567 
7.4721 
0.141619 
0.142484 
0.0415133 
0.041236 
1.69374e-13 
2.18373e-13 
0.00243061 
0.000461217 
7.2881e-05 
9.66433e-06 
1.09321e-06 
1.06607e-07 
8.88885e-09 
6.1809e-10 
3.58069e-11 
1.91129e-12 
1.98083e-14 
9.36745e-14 
1.41538e-13 
1.1073e-13 
3.65299 
528.91 
544.771 
123.81 
-92.4996 
-4.67373e-14 
-3.48923e-14 
22.1385 
23.1413 
125.835 
53.6381 
70.8276 
7.53695e-11 
6.62384e-10 
322.372 
333.501 
427.826 
452.909 
-3.88095e-14 
-26.0268 
-24.6041 
38.491 
14.153 
92.0865 
204.432 
230.238 
-7.28589e-15 
-9.09258e-15 
-16.7568 
-9.70503e-16 
1.07841e-14 
1.78438e-14 
7.54953e-05 
0.000449426 
2.30318e-14 
1.58494e-14 
149.985 
162.824 
-3.70956e-14 
2.29109e-14 
2.06093e-14 
-9.07858e-15 
-1.80857e-15 
0.274132 
1.46869 
4.20989e-14 
1.97009e-14 
99.1139 
119.674 
3.32149 
9.38147 
-16.6928 
-15.3543 
7.80951e-15 
-1.41771e-15 
8.26497e-15 
-1.19359e-14 
-4.11145 
489.857 
-156.65 
-162.509 
-131.596 
-139.431 
-61.8837 
-56.6129 
2.08442e-14 
-2.15574e-14 
2.64796e-14 
0.00522584 
0.00505472 
13.723 
7.772 
27.3736 
-24.7835 
-1.05413e-13 
-198.03 
-194.586 
9.70258e-14 
1.09104e-13 
1.49289e-13 
-114.194 
-121.074 
4.47094e-12 
4.36053e-11 
1.93586e-08 
1.4339e-07 
-25.0693 
-23.3848 
-13.5351 
-9.47475 
2.06305e-13 
1.30816e-13 
-109.78 
2.03332e-13 
-127.957 
27.2466 
35.3447 
166.418 
5.66961e-14 
-186.455 
-180.358 
5.37142e-14 
73.6567 
79.0487 
-14.5694 
-6.41291e-15 
-161.34 
-170.907 
-149.232 
94.6098 
-3.22972 
275.769 
216.738 
109.443 
-5.56757e-15 
-19.3959 
-0.727723 
32.6977 
47.8554 
41.1827 
-27.194 
516.724 
535.739 
46.1799 
0.750167 
-20.4727 
123.444 
1.21727 
-17.0407 
-19.7469 
-22.4169 
-18.9043 
-21.7641 
-17.0627 
-16.2716 
-79.0462 
-92.9159 
3.5307e-14 
-11.7128 
-5.63637 
-20.5122 
-20.976 
-21.3903 
-19.1287 
-12.9698 
-22.1047 
-19.9374 
-22.7066 
0.00665186 
0.0185721 
-13.5381 
-23.6134 
-24.2184 
0.0985455 
-24.5613 
397.981 
428.826 
-21.2872 
119.29 
-23.4001 
9.81798e-09 
118.731 
-17.2993 
2.28029e-13 
2.34394e-13 
14.8549 
5.6831 
-142.689 
-73.1856 
-69.3853 
-196.005 
-133.188 
-124.415 
-178.88 
-134.706 
64.3908 
-100.666 
-100.75 
30.2088 
18.2673 
259.55 
261.867 
-21.4381 
-3.27203e-14 
-21.7375 
0.0212158 
0.010798 
1.29932e-13 
471.723 
-22.9913 
-15.8854 
-27.8803 
-25.9116 
-26.7531 
-114.381 
55.5252 
48.3998 
1253.58 
1.69096e-14 
375.771 
-14.5334 
-15.5193 
11.9752 
539.508 
515.467 
14.5502 
25.671 
21.6466 
145.556 
-25.2251 
-19.3436 
-27.1724 
-20.5497 
491.043 
818.867 
461.056 
403.756 
334.159 
129.049 
153.4 
193.71 
4.7773e-06 
30.9959 
0.07774 
10.6599 
0.254268 
3.07556 
2.00985 
6.08679e-14 
3.05337e-05 
0.00108299 
0.000187569 
2.7101e-05 
3.31238e-06 
3.47761e-07 
3.14373e-08 
2.40103e-09 
1.51637e-10 
8.36928e-12 
3.48536e-13 
2.99783e-14 
1.42478e-13 
1.5892e-13 
-1.28803e-15 
-8.85247e-15 
6.77081e-15 
5.92785e-16 
545.759 
-20.8087 
-23.2418 
145.917 
149.689 
89.6271 
101.018 
-14.8175 
138.261 
106.029 
-4.32083e-14 
-6.50369e-14 
-23.9414 
7.03756 
-136.711 
496.95 
-12.7852 
-5.61569e-14 
-8.10023e-14 
-8.72799e-14 
-7.35967e-15 
6.38529e-15 
2.55979e-13 
2.74708e-12 
3.74912e-14 
3.95903e-14 
-16.5425 
-19.6928 
0.0105521 
-1.71934e-14 
3.58059e-15 
1167.12 
1192.55 
1.58543e-13 
9.99771e-14 
2.39843e-14 
1.28947e-12 
2.55726e-11 
4.62295e-10 
6.98046e-09 
8.70481e-08 
2.20244e-13 
2.08617e-13 
1.59409e-13 
9.21993e-07 
8.41028e-06 
6.55235e-05 
0.000428339 
4.92546 
16.192 
176.619 
173.208 
201.381 
-32.3644 
-34.6078 
-24.7501 
-25.9988 
381.501 
446.632 
494.51 
501.864 
529.826 
515.638 
290.983 
318.469 
1141.02 
1105.32 
-6.3728e-14 
3.34165e-14 
179.725 
229.776 
192.812 
-23.3696 
-20.9719 
-21.1319 
2.08941e-06 
-20.1295 
87.1739 
4.91215 
-20.1213 
-99.3718 
406.466 
-18.6696 
-18.1645 
-17.6039 
-17.8918 
-18.4232 
-22.448 
-19.5494 
-20.2994 
-22.2363 
-22.0534 
-7.69723 
-22.6958 
498.972 
1.25974e-13 
1.5e-13 
6.15988e-14 
1.48572e-13 
5.80265e-12 
1.10699e-10 
474.913 
1.842e-09 
2.52055e-08 
2.88698e-07 
2.83745e-06 
32.4257 
344.93 
415.651 
-10.4036 
473.867 
159.76 
0.00232301 
44.5388 
11.1091 
3.18016 
2.39685e-05 
0.000171425 
0.001021 
-8.61803 
9.93237e-14 
-14.2837 
-15.4026 
95.131 
34.9825 
23.7092 
-18.187 
110.074 
1.92764e-13 
-23.6969 
108.082 
570.364 
18.3291 
-13.3196 
16.5389 
20.0739 
613.71 
-1.79422 
1026.96 
402.971 
-12.6599 
-83.365 
31.3354 
-71.6194 
-16.7396 
-148.902 
504.967 
3.3264e-09 
-16.1532 
60.6257 
-6.92479 
1.18304 
11.3434 
5.93463 
1.14837e-13 
-5.43028 
-22.2728 
74.4292 
-9.09906e-15 
9.07656e-07 
-9.94796 
-18.7424 
-8.84615 
2.97599 
-12.2159 
-4.60773 
-1.27248 
-12.9689 
-10.5475 
-11.8097 
-9.24549 
-12.6017 
-9.70079 
-10.1342 
-13.9756 
-11.6845 
-15.1376 
-13.0029 
-13.6547 
-11.3213 
-18.4454 
-16.8674 
0.00297114 
469.795 
-4.10506e-14 
438.108 
447.965 
447.23 
-10.9296 
0.00855283 
-183.346 
-13.8187 
-11.8664 
-13.5283 
6.80809e-15 
1.64459e-06 
-8.24437 
-5.27911 
-107.949 
-109.141 
-6.20096 
-3.02431 
4.39949 
8.56981 
-119.892 
-134.743 
-9.8052e-15 
-40.3987 
4.46633e-09 
1.78321e-13 
525.218 
-17.5159 
-16.089 
-14.8636 
-12.6912 
37.5115 
3.38617e-14 
2.23357e-14 
6.76809e-15 
9.08879e-14 
4.27499e-14 
-19.4472 
-191.083 
-116.638 
83.9533 
-80.9549 
1228.37 
1.82194e-14 
520.954 
35.512 
41.9396 
-17.3002 
-15.4796 
367.52 
0.0352324 
-20.5855 
-17.0815 
-15.227 
-22.2079 
13.4688 
18.3842 
206.006 
512.254 
497.52 
530.405 
507.156 
4.87952 
-15.9091 
-13.8837 
136.978 
142.401 
244.7 
252.799 
-184.47 
-185.974 
3.37948e-14 
0.126845 
0.407973 
4.23114e-05 
0.703512 
0.715795 
0.230538 
0.232003 
0.0678685 
0.0674307 
2.29636e-13 
62.9725 
0.423415 
7.48528 
7.76284 
0.0017586 
0.000299541 
0.000115134 
0.000103065 
5.04606e-06 
4.2998e-06 
1.56161e-07 
1.25867e-08 
9.78882e-09 
492.621 
507.449 
1.99507e-10 
1.01233e-11 
4.64419e-13 
6.08242e-14 
1.15879e-13 
-1.94162e-14 
719.238 
33.6514 
1.17972e-13 
1.00818e-13 
9.80449e-14 
3.03503e-10 
2.2073e-09 
426.454 
-11.3816 
-8.76646 
470.867 
464.624 
486.97 
0.000193043 
0.00111798 
2.6351e-14 
-1.03997e-14 
-2.6647e-14 
141.97 
1.82193e-14 
3.05878e-14 
2.14707e-14 
219.893 
0.70336 
3.8111e-14 
4.89331e-14 
7.59402 
12.0372 
0.0176876 
0.0347389 
0.0172841 
24.1866 
511.378 
-21.4704 
-20.5362 
84.7353 
104.254 
-3.52094e-14 
-1.34369e-14 
-91.3787 
250.588 
-112.982 
-119.828 
-2.08188e-15 
-6.95408e-15 
1.94152 
1.99356 
4.37024e-14 
-2.25718e-14 
-3.27918e-14 
279.165 
23.8359 
24.8559 
-9.41333 
-6.57433 
3.66994e-14 
3.81698e-14 
21.1177 
26.5993 
-152.175 
-156.439 
-55.3501 
564.867 
574.913 
95.3407 
104.537 
-190.621 
-186.048 
421.954 
440.611 
1.94133e-11 
1.53235e-10 
-123.185 
6.35333e-08 
4.2354e-07 
-12.8488 
-11.6965 
-19.9046 
-18.1019 
-18.7346 
-0.723651 
2.98459 
-3.73118 
-0.309504 
-172.05 
-175.808 
539.932 
549.198 
395.298 
388.416 
415.136 
-17.9499 
-16.2519 
-39.4993 
-28.5991 
-18.6415 
-17.0064 
-54.4326 
-59.0024 
-148.104 
1.30737e-05 
8.04703e-05 
-132.455 
15.6298 
-128.696 
-95.1143 
54.7116 
-10.943 
19.7842 
-45.9689 
-2.96683e-14 
8.08923e-14 
579.924 
572.306 
112.545 
83.414 
-5.94576 
-14.45 
-14.0622 
5.82731e-06 
78.8968 
-159.423 
-168.813 
-159.831 
510.698 
-16.8576 
-14.9707 
57.9325 
-19.6789 
556.066 
566.768 
29.8825 
10.2373 
-8.80104e-15 
8.15925e-14 
16.3943 
-91.4603 
289.055 
123.972 
15.7899 
12.4849 
-16.542 
-8.26194 
-7.60541 
-2.79488 
-139.16 
-140.165 
-1.56753e-14 
-1.54693e-14 
-12.6475 
2.19044e-14 
-2.37488e-16 
-189.848 
-90.0476 
-83.1009 
1.65354 
7.02074 
479.579 
-15.6595 
0.0156142 
0.0464408 
35.1193 
-2.17633 
163.995 
-13.3049 
1.17544e-13 
1.38895e-13 
-19.0775 
-10.4526 
36.6012 
-14.5795 
1.20952 
-7.72962 
108.549 
134.011 
118.168 
525.866 
529.526 
3.12413e-15 
1.9011e-14 
-69.863 
-61.9713 
-3.82241 
-4.57323 
-175.328 
-14.1632 
-16.3925 
3.07351e-08 
-17.2366 
6.40309e-15 
-105.983 
-102.23 
514.992 
-2.754e-14 
-43.7817 
-12.3685 
3.57301e-14 
-1.58066e-14 
-2.5188e-14 
9.8392e-15 
-2.60313e-15 
-4.68517e-15 
7.6712e-14 
-17.1071 
-21.8443 
9.39163 
13.9828 
-77.289 
92.7374 
74.0805 
4.23763 
412.783 
365.098 
338.89 
360.677 
0.00396685 
40.1748 
46.8785 
1004.4 
879.169 
20.8819 
1.81333 
9.51351e-14 
613.235 
213.295 
169.815 
914.579 
11.9827 
27.5776 
-3.64187 
-13.5981 
0.126872 
23.6106 
0.412917 
130.7 
136.539 
3.11279 
11.2424 
2.17108e-13 
1.89469e-13 
18.425 
86.9687 
137.867 
321.346 
20.0969 
5.58026 
11.6866 
0.000743481 
0.000272764 
46.5242 
1.49057e-05 
5.16457e-07 
4.5342e-08 
1.43049e-10 
4.56465e-11 
8.35161e-10 
3.18293e-11 
2.52162e-09 
2.21211e-12 
6.04905e-14 
9.22058e-14 
-29.5985 
-31.8362 
142.101 
152.537 
-17.7325 
117.955 
4.7828e-14 
5.42744e-14 
8.17423e-14 
433.92 
358.025 
231.062 
189.153 
1.01666e-14 
7.8958e-14 
-1.04629e-13 
-6.69423e-14 
-21.8855 
-22.9183 
-19.5122 
3.36666e-13 
1.13405e-12 
1.00636e-11 
5.61928e-14 
3.0973e-14 
544.208 
542.028 
555.732 
8.75708e-15 
6.8669e-12 
0.20549 
1027.55 
65.7102 
5.04607 
-155.005 
273.738 
280.159 
-97.9554 
3.72418e-05 
10.3265 
221.219 
244.332 
284.87 
293.642 
16.092 
554.439 
563.558 
1147.24 
1124.03 
3.20841 
37.8272 
31.8611 
54.7375 
-12.0334 
257.095 
268.135 
-144.643 
-152.135 
-146.822 
1.70692e-13 
1.59786e-13 
1.88325e-13 
-141.291 
737.276 
863.972 
730.176 
7.31241 
4.67289 
-132.295 
-124.629 
581.547 
570.447 
65.5845 
51.2848 
-21.2604 
0.00826877 
0.717116 
8.68884e-14 
-5.73473e-14 
-6.34168e-14 
-17.6469 
-7.16835 
37.5017 
-15.7332 
0.003787 
9.00977e-14 
176.193 
1.01274e-13 
33.5004 
-9.83343 
0.00165479 
158.102 
17.224 
30.618 
3.60724e-08 
4.26238e-07 
1.29067e-05 
0.000688506 
48.5629 
1.37936e-06 
1.2668e-07 
6.15947e-10 
6.68195e-14 
1.55736e-12 
-15.9852 
-160.508 
6.49654e-08 
10.1553 
6.0843e-13 
-1.11275 
590.434 
528.441 
267.474 
21.1637 
2.61377e-14 
9.17331e-14 
4.95488 
-170.284 
-16.9438 
65.4738 
73.4865 
8.83045 
3.36754e-15 
3.12039 
13.2485 
45.4004 
58.5983 
52.3998 
-16.6276 
-14.7073 
-3.39845e-14 
4.24192e-14 
-7.33658 
10.2066 
13.6495 
6.58329e-05 
309.679 
332.155 
0.661775 
1.78863 
6.47134e-13 
499.81 
17.4857 
6.32995 
-6.8878 
-4.78512 
-5.42808 
16.7384 
-3.76116 
-13.4448 
8.32653e-15 
0.206861 
-8.58429 
54.8181 
92.1235 
0.00632797 
-6.42099 
-4.27495 
0.00285447 
-13.5627 
14.9329 
18.6992 
186.301 
192.283 
50.5108 
-14.5793 
4.60942e-15 
1.90401 
0.000369006 
0.00343116 
-1.13078 
-152.913 
5.57334e-14 
4.31909e-14 
2.27524e-07 
1.83305e-07 
-115.793 
-113.279 
4.12528 
7.13269 
615.413 
18.679 
22.6941 
1.23496e-11 
1.04168e-15 
-1.35054e-14 
-8.18302 
-6.2027 
0.0064747 
0.00617459 
-37.6643 
2.46279e-06 
-40.162 
564.56 
579.524 
573.604 
11.6764 
15.2214 
-69.6138 
25.4553 
-1.57518e-14 
28.0937 
32.6959 
34.0814 
-12.0987 
526.983 
535.114 
4.95925 
8.04091e-15 
4.22419e-14 
-11.7725 
-10.1703 
-12.7666 
-133.22 
-139.559 
374.728 
0.0140017 
0.0135328 
25.4636 
26.5094 
718.656 
715.381 
-9.34973 
4.55752e-09 
692.983 
402.679 
771.611 
186.542 
325.381 
310.209 
318.943 
16.285 
-179.995 
5.18118 
-2.60157e-15 
0.438111 
-2.50512 
-1.82699 
0.718443 
-13.14 
-11.7676 
0.375037 
0.377627 
118.728 
172.628 
68.7463 
71.6187 
0.000477386 
7.65462e-06 
6.48733e-06 
7.63285e-07 
6.26229e-07 
2.58037e-10 
510.03 
517.704 
5.71835e-11 
1.821e-10 
3.94132e-11 
-12.4253 
-10.9116 
2.81902e-12 
1.9146e-12 
36.2678 
37.7878 
3.09606 
5.19284 
8.27813 
2.05958 
-18.5403 
-18.1815 
163.561 
174.351 
-3.14937 
-0.0165239 
-0.71433 
2.60198e-14 
7.17182e-15 
1.02798e-09 
-5.93512 
-3.7443 
-4.72804e-14 
-7.68372e-14 
-1.01156e-13 
-7.92266e-14 
4.87226 
1.767e-08 
1.35921e-08 
9.87154e-15 
1061.47 
0.000181367 
0.000433015 
0.000161615 
91.4154 
95.1437 
3.66235e-15 
-1.46709e-14 
-18.1873 
-16.6108 
-17.1075 
2.15202e-06 
2.67938e-14 
3.3738e-14 
-111.554 
-118.341 
150.579 
156.225 
-7.28158e-15 
-4.85918e-14 
7.71504 
7.98277 
1.13714 
1.15785 
145.044 
165.278 
37.4901 
42.6315 
3.10872 
3.19447 
30.9588 
35.7306 
-11.4481 
-9.80385 
6.76497e-15 
1.44487e-14 
20.7683 
24.9171 
-2.58605e-14 
-1.11118e-14 
60.3439 
66.6279 
582.68 
587.554 
-0.359133 
2.30562 
-14.0454 
-12.8712 
-7.76776 
-5.74739 
41.2219 
46.5647 
1174.89 
-165.434 
-5.69856e-14 
-8.1386e-15 
45.319 
50.8773 
6.70674e-14 
137.934 
-182.401 
445.456 
7.44597e-11 
5.00718e-10 
-185.036 
-183.116 
1.69628e-07 
1.18895e-06 
-9.96651 
302.438 
312.959 
7.54037 
10.795 
-168.907 
-172.089 
1.281 
4.07413 
581.168 
-21.319 
-7.02531 
-16.3004 
-52.0308 
-56.6617 
2.74103e-05 
1.60792e-05 
0.000223612 
882.177 
432.802 
-6.65482e-14 
0.735152 
-4.55471e-15 
-4.89156e-14 
334.665 
1168.16 
2.09923e-13 
1.49108 
3.16461 
5.11061 
1.07272e-13 
8.88449e-14 
-136.608 
1.17884 
1.94819 
-172.484 
919.916 
1074.55 
-11.1169 
-9.43769 
82.4679 
12.1763 
-12.2844 
572.386 
577.475 
3.181e-14 
5.87533e-14 
-7.24523e-14 
-8.52345e-14 
5.76621e-05 
2.29018e-05 
303.093 
-157.969 
8.85792e-14 
0.670215 
0.0576788 
52.6402 
-145.819 
-143.175 
2.56251 
2.66835 
111.487 
118.16 
2.91805e-14 
-76.6453 
-8.43538e-14 
-123.296 
-3.19128 
-10.5365 
-14.3606 
-180.822 
-4.89832 
-2.61437 
1.14898e-14 
20.6261 
215.112 
174.178 
-8.97265 
-5.06646e-15 
60.8441 
49.8314 
-5.2755 
-6.6427 
39.0302 
16.9011 
14.407 
20.3693 
154.724 
183.658 
163.887 
6.45185e-15 
1.09282e-14 
6.77446e-15 
89.741 
-57.6752 
-46.0249 
616.646 
526.554 
8.44407e-12 
-14.4379 
-102.423 
0.139067 
2.25303e-14 
2.6896e-14 
1.42286e-14 
-41.0645 
2.05401e-06 
192.973 
200.741 
1.64221e-13 
367.451 
-23.0536 
6.79137e-14 
29.8993 
23.0216 
-13.5789 
225.843 
66.4905 
73.0446 
2.56761 
4.49387 
395.886 
1061.41 
-11.3162 
193.143 
369.552 
384.692 
123.404 
1.44974 
0.865754 
-26.6204 
-28.8453 
-7.48524 
-9.71754 
1.30792e-13 
9.49705 
3.97063e-13 
25.5783 
0.00119705 
138.063 
0.110922 
4.8132e-14 
1.97289e-05 
1.11321e-09 
1.44686e-13 
99.5404 
107.332 
275.658 
535.21 
545.079 
595.258 
595.381 
1.74986 
-10.687 
-10.3088 
196.845 
206.586 
291.778 
200.207 
2.173 
489.978 
498.698 
567.308 
630.883 
-5.38978e-14 
-7.4901e-14 
4.5666e-14 
6.05219 
1.0141e-13 
3.40858e-09 
5.1242e-08 
4.90068e-12 
3.5254e-11 
3.21792e-14 
-1.53998e-14 
-89.8185 
456.615 
468.413 
-11.3203 
0.0289789 
0.0283236 
286.319 
55.6162 
-27.1796 
11.7449 
468.27 
508.405 
477.225 
257.785 
277.074 
549.6 
557.198 
352.798 
361.878 
590.433 
596.398 
2.32675e-15 
1118.96 
1080.73 
1106.78 
-166.281 
-160.179 
146.758 
123.366 
1.32881e-08 
67.0737 
85.7058 
335.878 
345.215 
-15.8101 
-15.1591 
834.306 
825.552 
-13.48 
-15.1238 
18.1771 
421.237 
409.711 
433.721 
-3.9698e-14 
7.80354e-14 
6.04993e-14 
-11.7817 
-75.3441 
6.67839e-09 
0.207011 
-7.0697 
37.0607 
43.1248 
-94.7841 
-88.7678 
0.0633697 
1.55735e-14 
1.03349e-13 
1.564e-13 
233.301 
27.3134 
-7.89088 
-10.0771 
0.00110522 
78.8562 
0.0026805 
0.110265 
8.08513e-10 
1.46563e-13 
5.03432 
-96.3424 
-9.82167 
12.1843 
8.86692e-08 
7.54892 
-10.777 
-9.06269 
0.00463215 
164.79 
-132.706 
-126.279 
13.0811 
0.359707 
0.0295502 
0.223092 
-8.31981e-15 
27.0149 
28.3857 
9.24139e-08 
0.521607 
1.04061e-14 
1.07313 
0.0568941 
3.14038e-14 
74.6926 
-4.95481e-15 
1.20161e-13 
7.93125e-14 
1.0458e-13 
-34.7145 
-73.8682 
-63.5655 
1.49e-11 
-4.3435 
-3.39788 
38.825 
-174.783 
3.57227e-08 
0.181297 
1.46213e-09 
0.606302 
53.0258 
7.37593e-14 
-17.8956 
-8.47185 
-2.89045 
-1.09582 
-9.27796 
-7.10488e-14 
394.023 
-9.62349 
3.29659e-07 
2.63633e-07 
-114.897 
-108.538 
97.1954 
81.0648 
388.525 
396.961 
14.3872 
17.333 
79.4741 
2.41936e-10 
509.426 
1.15608e-05 
99.734 
103.654 
30.7209 
34.5686 
-1.83301 
0.0105719 
0.0100702 
-2.0107 
451.468 
531.15 
458.392 
2.90233e-09 
1.89545e-08 
9.83029e-14 
-5.59625e-14 
-2.01011e-14 
2.34071e-14 
4.30899e-14 
45.347 
20.4888 
0.426054 
-10.4296 
-8.6789 
954.707 
1044.44 
940.519 
1.06743e-14 
-4.65986e-14 
1.4646e-13 
-8.07739 
0.000102077 
-6.67802 
38.8558 
40.4237 
-67.4201 
807.565 
7.86834 
-1.37833 
3.50489e-05 
8.89605e-05 
3.00278e-05 
229.192 
249.063 
17.2458 
567.628 
259.151 
317.856 
380.267 
0.665487 
246.437 
13.8038 
109.169 
149.729 
9.58082 
-8.63421 
-6.82748 
-7.4958 
3.06155 
290.874 
299.25 
5.51999e-14 
342.394 
358.779 
2.36566e-12 
22.2714 
25.6632 
-2.36996 
-0.533347 
25.4148 
9.06673e-14 
129.833 
134.735 
6.85188e-14 
1.12271e-06 
9.15395e-07 
110.665 
131.844 
118.797 
-7.587 
-6.24203 
15.7716 
18.7993 
54.5397 
56.7549 
-0.700442 
-10.7926 
-8.977 
7.33124e-13 
4.62361e-13 
3.67138e-06 
3.04486e-06 
301.578 
254.711 
0.022937 
0.0221628 
223.413 
264.671 
233.326 
8.06525e-14 
1.16944 
3.26755 
123.535 
142.025 
-8.71252 
0.337322 
0.337796 
-7.12674 
-5.71902 
6.16565e-09 
4.54238e-09 
2.45631e-08 
1.86545e-08 
559.787 
551.116 
565.263 
-131.375 
574.078 
-13.7856 
-14.9494 
-11.838 
5.57964e-14 
5.00605e-14 
8.18236e-14 
41.9576 
46.38 
-109.89 
-116.569 
203.993 
210.852 
-3.94889e-14 
-4.5497e-14 
12.1565 
12.5841 
403.254 
1.83706 
1.87202 
57.3895 
62.5236 
4.96991 
5.11128 
49.0241 
53.7821 
-6.23334 
-4.72327 
6.76014e-15 
4.44501e-15 
1.48941e-15 
2.19207e-14 
86.4775 
92.7617 
584.685 
6.76639e-15 
7.89688e-15 
8.53936 
11.1312 
1.66723e-14 
5.74149e-15 
3.92686e-14 
-1.27711 
0.642417 
62.1627 
67.4994 
-1.34075e-14 
1.34038e-14 
67.3935 
72.9481 
33.2255 
37.2059 
1.70306e-13 
1.23201e-13 
6.74526e-14 
-153.768 
-160.198 
-152.435 
0.00134067 
0.0173777 
-8.70755 
-18.7248 
-13.8683 
-19.8844 
18.8172 
22.0152 
-165.158 
-167.858 
10.684 
13.4083 
587.65 
-49.4383 
-54.1222 
1.84395 
3.99012 
441.981 
24.1737 
27.6703 
496.771 
4.05344 
574.663 
609.035 
7.22449e-14 
5.02133e-15 
1.24008e-13 
1060.05 
0.00434016 
0.00192515 
-3.43327e-14 
-131.994 
0.318 
1.04438e-09 
3.28647e-10 
-6.90751 
-5.78453 
-4.2331 
0.180309 
0.094454 
-121.16 
572.489 
573.987 
1.44339e-09 
-9.25976e-14 
-4.23568e-14 
-14.4425 
-4.4361e-14 
5.75012e-06 
20.355 
-1.72854e-14 
3.96028e-14 
-143.733 
-137.287 
-79.8063 
9.92925e-12 
3.29217e-12 
-10.8403 
57.9633 
12.2381 
20.5654 
254.142 
2.547 
4.74298 
0.344692 
23.7811 
-3.92294e-14 
77.6974 
-5.21703 
7.21873e-08 
0.235061 
60.8572 
-37.8058 
-23.245 
8.12117 
49.9314 
2.19802e-12 
802.61 
710.088 
203.616 
-10.1861 
2.02778e-14 
1.43781e-14 
-105.306 
314.586 
3.19879 
85.5051 
73.1441 
220.967 
-1.64422 
-3.89317 
1.10682e-13 
9.74404e-06 
5.71129 
512.172 
527.031 
0.0446004 
4.7054e-13 
1.21005e-12 
6.60804 
94.2449 
100.795 
-6.63033e-15 
-6.32579e-14 
-8.28796 
8.39265e-14 
6.524e-14 
26.2083 
3.13533 
2.36137 
3.91253 
-2.32468 
0.659591 
-1.79448e-14 
383.186 
135.694 
0.226275 
0.131225 
-73.2017 
-87.9764 
-23.4065 
-25.6152 
613.379 
601.735 
-0.101495 
-38.1394 
-14.1219 
389.332 
335.957 
9.07345 
11.8485 
282.91 
62.5532 
168.009 
176.278 
344.782 
0.609969 
2.57271 
332.102 
10.0764 
42.6577 
48.6766 
73.3596 
80.1972 
365.719 
227.214 
236.252 
32.1098 
7.06475e-11 
4.77175e-11 
600.307 
597.234 
490.756 
494.213 
1.26159 
-7.34544 
-6.86251 
-1.55528e-14 
-4.91198e-14 
-2.54814e-14 
0.614527 
-6.58648e-14 
-1.77692e-14 
-1.0889e-13 
254.452 
263.616 
18.3397 
4.8616 
7.21475 
-7.20122e-14 
478.305 
448.979 
3.90666e-14 
5.77809e-14 
-12.5207 
0.0475067 
0.0464476 
1.72009e-11 
7.2111e-12 
1.08902e-10 
580.672 
553.172 
0.000284855 
0.000252607 
450.447 
0.000759202 
0.00068571 
170.686 
-8.70748e-14 
304.811 
-150.295 
-6.87639e-14 
527.366 
535.323 
595.688 
602.397 
601.207 
590.187 
606.813 
596.022 
422.521 
431.597 
35.9201 
586.245 
595.066 
612.463 
616.118 
-10.029 
1057.2 
1054.1 
97.865 
116.348 
-177.842 
415.852 
423.676 
-12.426 
-178.2 
4.50122e-07 
907.941 
898.929 
0.00177148 
428.897 
435.334 
-6.88797 
7.89818e-05 
5.58721e-05 
0.000926814 
505.264 
461.642 
-175.711 
-174.87 
78.9268 
19.6727 
212.462 
183.12 
-95.3207 
-90.2403 
-137.396 
15.9508 
29.8145 
143.404 
123.458 
-8.28778 
-94.5038 
-170.913 
1.90438 
1.08758 
297.17 
308.885 
14.6433 
194.142 
203.036 
28.076 
43.089 
19.0294 
498.922 
735.34 
-1.03259e-13 
-154.788 
40.0376 
-9.18913 
3.7236e-06 
2.60919e-07 
1048.97 
999.32 
0.00751589 
0.0763813 
39.6475 
-5.49534 
55.3986 
0.0852687 
-6.63811 
3.28298 
31.0567 
28.4585 
-119.206 
-124.379 
-110.416 
2.2302e-13 
7.66809e-15 
-1.43589e-14 
-2.78461e-14 
1.63944e-14 
-7.00143e-14 
-56.5074 
-43.0289 
97.9963 
-10.0175 
-11.5534 
73.0597 
359.117 
369.439 
-168.827 
-163.527 
175.612 
315.161 
1.44301e-14 
-7.1601e-14 
-6.76614e-14 
-3.32436e-14 
32.506 
200.92 
241.918 
108.361 
16.3161 
-10.3806 
-15.364 
12.4556 
63.5196 
58.5832 
-4.85522 
-85.8935 
1.71335e-11 
72.8648 
91.1273 
88.2022 
474.406 
481.018 
0.343949 
7.65079e-09 
105.814 
111.939 
24.8918 
0.0172721 
0.0164316 
141.434 
146.546 
28.4515 
5.86574 
-1.12874e-13 
8.11922 
45.2803 
-147.054 
42.3663 
46.1262 
-1.023e-13 
30.4203 
33.6356 
4.42409 
2.60047e-14 
-10.6713 
-65.0149 
-70.8328 
4.91749 
1.3039e-07 
256.515 
271.924 
6.62941 
8.59481 
-5.49522 
392.158 
1.73977 
-5.50295 
-4.85897 
334.322 
346 
-4.37751 
-2.70658 
-31.538 
-1.81671 
-6.38283 
406.463 
-73.9771 
-79.0588 
-61.6367 
5.13278 
7.00672 
8.81729 
25.5558 
83.2466 
-129.109 
-134.581 
362.417 
371.35 
7.42243 
9.436 
283.323 
1.64328e-06 
34.7326 
38.1489 
374.298 
322.817 
179.655 
185.796 
1.73849e-05 
0.0566228 
-7.90466 
-6.29692 
4.749e-07 
3.76759e-07 
26.6219 
29.6638 
5.52885 
80.7623 
83.8841 
1.65918e-06 
6.83132e-13 
5.44828e-06 
1.45698e-05 
4.49188e-06 
0.0376067 
0.0363288 
-8.3459e-14 
-6.59566e-14 
8.24702 
10.3103 
5.77074e-10 
3.69334e-09 
471.078 
475.391 
11.2536 
150.913 
166.834 
0.0736414 
0.0103846 
0.0459508 
-10.9574 
0.549975 
8.22028e-09 
3.37504e-08 
1.00677e-07 
2.52532e-08 
8.01459e-14 
455.762 
-1.54085e-13 
953.925 
772.164 
968.175 
21.7185 
3.3681e-13 
4.38423e-13 
2.93979e-14 
3.53494e-13 
-6.29006e-14 
229.84 
246.251 
59.3024 
63.7869 
-107.924 
-114.4 
-3.47624e-14 
3.0504e-14 
19.0666 
19.7407 
-5.32478 
-3.73566 
-3.12052e-15 
8.84308e-15 
222.209 
229.304 
2.96628 
3.02522 
78.4782 
83.6924 
408.183 
417.249 
41.3633 
42.9587 
7.92972 
8.1613 
68.0886 
72.9236 
-1.23138 
0.181987 
414.129 
1.76735e-14 
3.35928e-14 
114.438 
120.812 
17.5636 
20.1494 
1.10155e-07 
8.49745e-07 
84.3991 
89.8199 
3.83995e-14 
2.78291e-13 
90.8816 
96.5218 
-3.03267 
48.4109 
52.4343 
0.991969 
1.00002 
-169.438 
-161.315 
-150.585 
-163.711 
451.114 
460.071 
3.07659 
-46.6349 
-51.3766 
-1.35165e-14 
2.53451e-15 
18.8754 
21.5293 
9.10402 
11.2192 
6.3517 
37.1077 
40.6318 
-1.55657e-13 
-1.16734e-13 
382.625 
11.8987 
-8.76093 
-5.35056 
0.00702432 
0.00309229 
0.0309198 
-0.650109 
0.816899 
2.53939e-13 
1.73896e-13 
4.97965e-14 
2.27831e-10 
-3.61328 
-92.3752 
0.0402688 
5.95514e-09 
1.88841e-09 
321.889 
43.2851 
47.671 
0.0932214 
561.396 
51.7718 
624.633 
315.021 
323.662 
470.509 
-119.078 
-2.39126e-14 
1022.54 
-154.328 
-149.256 
-7.06488e-14 
-133.028 
-123.062 
1.79062e-14 
103.867 
876.596 
78.073 
-2.18015 
0.000157692 
-4.53534 
-3.67309 
190.719 
200.228 
386.72 
402.95 
35.8203 
9.99436 
12.1631 
441.079 
112.448 
4.49591e-14 
5.53067e-08 
-3.22624 
191.708 
165.209 
-12.5353 
3.66724 
-6.52003 
9.86466e-15 
-7.13194e-15 
12.8632 
553.673 
709.083 
621.111 
343.361 
174.468 
66.517 
60.8675 
68.1734 
0.621319 
220.273 
609.859 
29.5145 
1.33141e-06 
529.234 
543.503 
49.1676 
496.671 
123.965 
130.609 
560.475 
5.04048 
-16.4616 
542.541 
623.4 
547.351 
-1.13611e-13 
-1.42115e-13 
3.08067e-14 
1.19872e-14 
130.862 
112.589 
0.00405508 
-8.06097 
-7.67648 
3.49885e-12 
7.78554 
31.5864 
2.09278 
3.29361 
0.0329286 
0.0187768 
18.8297 
15.1249 
-3.69629 
1.10724e-13 
1.09968e-11 
157.533 
150.106 
61.5531 
177.853 
-19.9447 
-22.1418 
323.709 
267.895 
490.14 
498.775 
5.34125e-05 
4.55093e-05 
361.735 
367 
-34.9955 
0.00283468 
0.00120451 
295.574 
1.76438 
0.000500997 
-3.72538 
-1.84758 
-2.68116 
291.982 
255.607 
3.74132 
102.901 
109.724 
48.157 
54.0602 
149.51 
272.401 
282.909 
8.53067e-11 
5.64348e-11 
618.859 
623.035 
23.2614 
478.953 
478.971 
2.1233e-12 
-3.76057 
-3.14052 
-7.92905e-14 
-8.51135e-14 
0.0779374 
0.0762297 
-6.56565e-14 
-1.03674e-14 
12.9188 
15.2526 
286.044 
331.807 
295.208 
15.9756 
0.550921 
0.29629 
-2.40681 
4.78859e-11 
2.67864e-10 
5.52659 
558.705 
560.286 
0.000446015 
0.000393567 
441.973 
-87.9172 
0.0445974 
59.7154 
577.536 
584.271 
612.406 
615.444 
964.713 
968.309 
596.822 
603.356 
2.78144e-14 
622.328 
624.133 
2.55028e-14 
8.37488e-15 
26.1383 
126.267 
142.828 
954.51 
946.15 
55.9407 
495.973 
502.383 
10.9246 
14.1748 
13.146 
987.427 
0.0869986 
4.81567 
2.42641 
20.2592 
422.73 
405.985 
424.815 
-1.22754e-13 
-8.47894e-14 
3.51246e-13 
3.00723e-13 
560.587 
575.486 
-0.455878 
5.95975e-14 
7.45688e-14 
6.2548 
24.5196 
17.5743 
13.9927 
191.136 
199.13 
275.809 
27.8498 
-1.12608 
22.9827 
2.69596e-05 
-8.43192e-13 
4.1095e-10 
2.79542e-10 
-2.03475 
-83.4649 
33.8853 
0.154737 
0.152825 
-6.74578e-15 
-8.61364e-14 
-8.93496e-14 
-1.07915e-13 
-32.9235 
-17.3894 
870.795 
791.312 
-7.8199 
94.5209 
0.000136683 
-159.916 
9.90377 
182.179 
159.626 
448.492 
393.145 
153.484 
1.34177e-05 
-6.2329 
-2.92435 
7.21728e-06 
2.4932e-08 
0.00975078 
-6.60123 
-11.736 
2.04041e-12 
380.388 
591.971 
30.2204 
11.6192 
389.621 
-1.07809e-13 
0.54928 
35.8728 
38.8979 
558.529 
563.478 
3.41161e-13 
2.14976 
195.152 
201.503 
43.7297 
-28.1424 
518.421 
496.269 
513.854 
82.9431 
3.75758e-12 
124.778 
42.5852 
-5.41823 
32.0091 
34.8613 
596.194 
614.893 
602.089 
0.00246987 
0.0134111 
-62.3668 
-68.1786 
12.5243 
14.4387 
10.7478 
12.567 
0.328679 
0.566262 
13.4669 
15.4289 
623.633 
627.171 
626.965 
0.00746929 
340.259 
346.773 
1.16752 
2.76693 
45.1301 
48.5188 
-2.31708 
53.8286 
2.81989 
-104.092 
318.202 
304.739 
326.024 
47.8385 
51.3367 
-2.25366 
36.6905 
524.494 
561.167 
532.633 
-125.975 
436.619 
445.673 
14.4485 
16.4615 
2.6222e-14 
-6.28157e-15 
7.88671 
86.9102 
241.182 
248.481 
8.96175e-13 
0.0617338 
25.3829 
6.79901e-07 
60.6958 
37.9776 
41.0879 
248.733 
260.536 
117.212 
121.437 
1.95675e-11 
1.24742e-11 
171.31 
6.33256e-13 
1.1012e-14 
0.000226103 
15.4675 
17.5354 
1.95405e-12 
1.29194e-09 
1.04371e-08 
460.708 
443.231 
461.279 
-1.78631 
2.3946e-06 
1.92771e-06 
-74.8957 
-70.6051 
19.6266 
1.45071e-13 
-92.106 
-1.45631e-13 
1.93166e-12 
3.15015e-12 
57.1421 
60.997 
73.0388 
1010.4 
1016.93 
1001.43 
609.249 
611.755 
77.8101 
82.4119 
-105.459 
-111.534 
3.17585e-13 
8.12647e-13 
29.7089 
30.7522 
-0.0577252 
2.10254 
1.45267 
7.79013e-15 
6.09461e-15 
290.126 
298.201 
4.78657 
4.88566 
101.103 
106.457 
479.886 
488.725 
62.55 
64.8744 
12.6164 
12.9951 
88.4943 
93.4738 
3.67219 
64.5166 
68.643 
9.40964e-14 
1.37063e-13 
144.626 
2.92597 
4.18419 
26.9247 
29.5431 
0.0121948 
4.25127e-07 
1.74823e-07 
2.79323e-06 
108.288 
113.852 
1.21638e-12 
2.4402e-12 
116.152 
121.936 
-1.14821e-13 
8.83251 
173.518 
0.0458452 
40.2061 
43.4123 
-43.6274 
-48.4231 
1.28308e-13 
2.37109e-13 
0.0282439 
0.059632 
0.0268321 
28.5271 
32.9958 
31.2308 
16.5282 
18.6503 
134.234 
140.512 
50.7319 
54.3421 
101.809 
118.812 
-1.28482e-13 
-108.184 
0.000130916 
4.61631e-05 
0.000793022 
-82.4173 
-99.2784 
-85.7779 
-114.632 
-102.193 
4.40951 
5.81128 
574.878 
588.394 
3.59312e-12 
1.3246e-09 
-68.0071 
-64.3855 
628.969 
378.265 
0.294863 
0.00406453 
1.51038e-12 
-16.2422 
-18.4456 
4.88616e-14 
-12.7689 
3.4731e-14 
2.68757 
-146.096 
-137.043 
158.767 
3.95984e-14 
2.553e-14 
-1.07948e-13 
99.684 
0.0849786 
542.493 
1.26834e-12 
-6.62172 
526.827 
0.000242638 
-0.872699 
-0.422715 
11.6714 
9.07943 
214.364 
224.639 
-1.07656e-14 
3.17111e-14 
216.206 
17.6244 
19.8082 
371.742 
424.637 
0.00517229 
0.0109817 
-8.2905e-15 
3.12798e-15 
-2.54388 
0.0114808 
15.0798 
31.4329 
2.89341e-12 
1.82818e-12 
-1.2403e-13 
-130.262 
-142.277 
253.075 
13.4854 
1.23139e-11 
130.79 
1.79147 
340.243 
77.6883 
-3.35619 
237.668 
64.6799 
921.153 
5.34175e-07 
1.82136e-07 
3.29798 
1.306 
0.00811138 
19.9595 
45.3289 
90.1211 
545.324 
476.138 
8.04826e-06 
6.59808e-06 
156.069 
162.87 
87.7306 
57.5535 
629.111 
632.064 
16.3826 
36.8266 
1.78895 
119.693 
2.86142 
1.61259 
3.43977 
0.00464495 
0.00262334 
5.86586e-14 
235.868 
243.858 
45.878 
4.12079 
20.2701 
108.235 
126.467 
35.1849 
44.1666 
2.45232e-12 
7.47117e-13 
-89.8044 
94.9318 
551.572 
559.357 
353.606 
355.168 
0.0010827 
-4.45653 
-52.2763 
-56.6919 
-37.525 
296.986 
53.0305 
58.781 
-0.0503799 
-0.0862999 
600.607 
134.559 
141.46 
8.091 
3.90387e-11 
5.32192e-10 
71.3301 
27.9265 
23.9155 
459.099 
456.965 
277.248 
283.308 
1.01365e-10 
6.57583e-11 
635.534 
-31.6467 
-3.9643 
-2.14632 
183.631 
193.35 
0.134839 
0.923548 
3.47365e-14 
-1.29699e-13 
-1.12149e-13 
0.127971 
0.125239 
1.0719e-14 
2.60204e-05 
2.16804e-05 
21.2093 
23.5684 
351.387 
359.84 
605.432 
2.72362e-13 
-157.636 
545.456 
546.34 
817.809 
836.01 
0.00069612 
0.000610984 
950.383 
68.6209 
4.52329e-14 
2.13157e-15 
616.604 
621.914 
617.162 
618.306 
847.131 
854.744 
5.00665 
72.8977 
151.154 
621.487 
621.716 
0.0113655 
0.0049595 
2.49433e-14 
2.01546e-14 
12.075 
148.983 
162.361 
970.067 
962.918 
264.188 
231.317 
574.426 
209.955 
239.74 
218.187 
398.601 
1.07794e-08 
407.224 
406.438 
386.355 
342.409 
0.00579858 
348.908 
1.62607 
0.896204 
638.089 
633.584 
6.04626e-14 
4.66176e-14 
526.343 
523.85 
77.4752 
579.449 
516.541 
629.906 
633.819 
22.5249 
26.3942 
24.942 
0.00610365 
1.47662 
-7.53084e-14 
-9.70576e-14 
117.72 
609.545 
610.111 
423.288 
441.918 
540.161 
558.202 
-5.89699 
10.279 
6.85985e-12 
211.225 
788.678 
707.323 
0.000209108 
8.10364e-05 
167.058 
146.388 
77.1944 
0.00142107 
223.948 
198.609 
401.207 
372.412 
389.599 
0.00125455 
1.50139e-12 
-2.51158 
-7.83097 
417.356 
134.121 
18.2997 
24.2453 
0.253579 
0.250638 
3.36523e-08 
-2.64099 
50.0382 
638.455 
641.842 
915.114 
854.62 
260.897 
268.382 
313.093 
321.321 
22.2587 
18.7658 
66.3386 
-9.43688e-14 
3.24012e-13 
473.774 
12.6196 
579.007 
606.813 
586.047 
1.53998 
236.254 
42.8948 
627.441 
637.026 
631.809 
-59.4063 
578.037 
19.3883 
21.3249 
0.304579 
5.98438e-14 
1.92243e-14 
20.5265 
22.5112 
0.501813 
335.125 
337.679 
465.488 
474.445 
6.692 
58.5564 
513.172 
493.068 
530.45 
103.807 
61.8014 
65.424 
2.65538e-14 
2.0316e-14 
3.54047e-14 
1.49971 
0.000371774 
5.04182e-10 
3.36523e-10 
508.833 
517.49 
-74.6333 
8.53291 
21.7183 
23.7548 
0.32396 
2.29596 
1.08082 
5.88229e-14 
7.56073e-14 
4.34259e-14 
635.533 
0.0453101 
0.0115997 
0.0808321 
4.57391e-08 
0.743798 
6.86546e-05 
1.38713e-07 
6.09881e-08 
-0.447171 
-0.0989619 
1.27205 
4.56803 
-1.2209e-13 
-24.5441 
257.005 
244.912 
264.357 
2.23126e-11 
126.254 
215.018 
204.517 
224.957 
22.9588 
25.0542 
4.96455e-09 
0.000984795 
0.000535048 
177.384 
2.08194 
3.47479e-06 
45.1559 
48.1951 
301.794 
316.264 
153.785 
529.605 
68.9682 
949.218 
985.994 
103.913 
-150.417 
2.1582e-11 
72.9442 
76.9343 
-102.053 
3.34647e-12 
7.1948e-12 
7.99743e-13 
81.7808 
86.0519 
365.901 
374.615 
7.71678 
7.88338 
125.55 
139.872 
131.113 
546.535 
554.688 
93.0026 
96.2477 
19.9923 
20.6011 
110.549 
115.725 
5.03389e-13 
8.92071e-13 
47.527 
50.6684 
86.7117 
91.1399 
36.7752 
1.42133e-11 
2.74299e-11 
3.00435e-14 
8.4038e-15 
143.496 
149.461 
52.6999 
56.0302 
7.47832 
9.08685 
92.0201 
96.6156 
8.27176 
9.93634 
30.7174 
31.7205 
-40.4118 
-45.2251 
1.35446e-12 
3.36043e-12 
624.516 
0.00219333 
165.061 
171.502 
2.40896e-11 
65.2639 
69.0053 
126.44 
118.91 
140.761 
0.00190604 
0.00170496 
-1.13765e-13 
-1.06026e-13 
-1.72923e-14 
9.45894 
10.7936 
1.86167e-12 
2.39454e-09 
-49.421 
-45.6115 
426.592 
2.13471 
6.72107 
0.484165 
-12.3195 
-14.5391 
41.7651 
0.432223 
-129.387 
-117.025 
-5.38032e-14 
130.577 
599.847 
-28.1243 
123.096 
2.69641e-05 
599.927 
440.128 
1.55635e-11 
12.9532 
28.3838 
25.5781 
27.8031 
2.1097 
153.546 
10.7954 
81.3305 
0.000669285 
261.104 
980.049 
21.0063 
389.489 
443.425 
2.97394e-11 
1.54629e-13 
3.87691e-13 
585.466 
-8.81665 
426.284 
53.2672 
1.7331 
279.151 
0.482157 
0.89817 
2.00969 
0.00129446 
7.61428e-15 
-5.74877e-14 
9.32864e-14 
9.85636e-14 
-3.57277e-14 
-2.31997e-14 
8.94861e-15 
81.2094 
5.70068e-13 
450.776 
1.18441e-05 
9.65905e-06 
190.897 
197.895 
635.495 
1.39418e-11 
4.23e-12 
7.66471e-09 
-91.1717 
-77.0041 
708.018 
709.32 
9.78412 
7.58417 
26.4035 
16.2273 
354.146 
289.62 
707.721 
0.273482 
319.903 
17.2501 
283.847 
291.815 
7.77752e-14 
0.000646137 
0.00036286 
62.0734 
55.5248 
45.8464 
40.75 
75.6106 
25.1857 
8.9043 
30.8306 
5.45297e-13 
8.2452 
5.91512 
168.727 
175.777 
603.277 
609.849 
338.228 
337.303 
74.9107 
-26.1348 
-30.1847 
-10.291 
183.412 
418.877 
0.000477933 
0.000318565 
0.000122372 
3.25655 
3.51732 
1.648e-09 
1.99421e-11 
3.22565e-11 
3.697e-11 
-59.2841 
-56.1114 
96.9185 
9.65834e-11 
5.61468e-11 
1.97253e-10 
1.82612e-09 
-80.4577 
72.833 
434.323 
430.863 
38.7234 
41.5031 
0.0197904 
272.994 
275.539 
1.18134e-10 
7.54709e-11 
9.13417e-14 
1.0336e-13 
710.907 
588.082 
165.903 
171.346 
1.55428e-12 
-2.07292e-14 
2.77882e-14 
1.64958e-15 
4.39457 
5.34184 
501.132 
0.210398 
3.87655e-05 
3.21226e-05 
29.8785 
32.3025 
19.0803 
3.31313e-08 
9.32628e-08 
1.54321e-06 
5.13883e-07 
8.27836e-06 
184.102 
1.90362e-13 
8.76236e-14 
4.80479 
5.4185 
6.37236 
2.77824e-06 
9.66458e-07 
20.1841 
633.104 
159.967 
509.844 
490.575 
507.315 
674.305 
692.886 
0.0010825 
0.000944855 
848.154 
401.89 
4.63732 
2.61964 
522.78 
464.793 
643.235 
646.978 
611.813 
611.416 
97.7471 
712.852 
721.967 
458.552 
45.8398 
5.1545 
6.60709 
0.000757567 
0.00152042 
611.322 
39.4578 
34.9028 
0.00452608 
1.65966e-14 
6.85188e-14 
257.883 
266.071 
164.097 
173.795 
951.755 
385.945 
383.355 
623.174 
622.667 
2.51446e-07 
7.50744e-07 
1.88312e-07 
350.686 
310.731 
108.877 
0.0462637 
0.0438984 
217.733 
487.39 
494.33 
56.8486 
62.4247 
68.6583 
8.70833 
6.55709 
58.9515 
86.9509 
179.598 
0.000103043 
-65.1548 
-86.5267 
712.801 
648.593 
497.57 
518.087 
633.315 
640.619 
610.169 
102.515 
47.4028 
946.123 
936.817 
191.903 
202.278 
1.18324 
103.802 
4.01823e-10 
178.615 
418.002 
398.924 
414.758 
-20.7894 
600.334 
599.394 
0.000137403 
587.382 
585.978 
21.3578 
36.7569 
0.000334831 
3.51149 
182.837 
206.103 
190.105 
8.70063e-14 
7.27408e-14 
1.22662e-13 
268.848 
240.606 
926.347 
850.055 
923.081 
603.935 
450.935 
404.027 
1.84394 
-3.68019 
0.000183845 
-143.596 
0.790726 
4.40143e-08 
13.3588 
336.883 
25.2629 
392.261 
401.048 
370.036 
352.585 
367.921 
2.36987e-12 
447.193 
467.439 
212.993 
-119.951 
100.411 
29.3176 
26.9518 
30.7423 
29.2463 
291.151 
306 
6.06462e-10 
3.96731e-10 
17.9988 
15.2241 
83.1527 
97.0011 
781.322 
850.854 
780.167 
1.5071e-14 
3.79836e-14 
-76.726 
3.67689e-14 
6.73099e-15 
126.695 
63.0126 
26.548 
28.5284 
322.197 
306.629 
322.016 
537.769 
622.35 
640.199 
627.998 
76.8084 
471.916 
4.14876 
98.8376 
484.901 
574.36 
582.199 
3.42968e-11 
89.9686 
7.33582e-10 
57.2372 
0.00300795 
0.00267648 
9.63098e-13 
5.33548e-13 
573.251 
556.108 
571.468 
7.48388e-12 
227.931 
234.602 
4.93754 
0.206135 
30.8118 
32.9482 
-56.0778 
-61.6972 
0.415632 
0.787967 
0.411212 
0.000129817 
95.0035 
99.3196 
185.227 
69.4493 
626.539 
632.666 
1.38719e-08 
0.000161698 
-107.807 
32.3654 
34.5715 
0.101537 
281.333 
288.975 
445.353 
454.245 
12.4242 
1.80991e-10 
135.255 
139.61 
31.4703 
134.539 
139.954 
4.11944e-12 
8.70387e-12 
60.0529 
63.3419 
106.258 
110.871 
20.1255 
20.6775 
593.209 
3.24932e-14 
1.34883e-13 
66.1325 
69.646 
13.2544 
282.705 
319.058 
290.983 
0.0752819 
112.568 
117.347 
142.966 
148.603 
14.2358 
15.8816 
0.000567035 
0.000482915 
47.6035 
49.1206 
-36.9787 
-41.7469 
1.50057e-11 
3.46844e-11 
198.494 
205.083 
8.18161e-05 
2.97801e-09 
2.00917e-09 
-122.018 
0.238006 
0.362841 
80.8952 
84.8113 
0.346806 
-131.749 
7.98347e-08 
9.67678e-09 
0.0980981 
-98.7611 
-82.4761 
-108.221 
1.64755 
4.97598 
76.9792 
31.456 
33.9364 
1.45928 
-4.66017 
1.20227e-10 
5.64693e-08 
1.75072e-08 
7.0483 
5.02619e-06 
376.032 
0.0436742 
45.8822 
1.63505e-11 
0.000195301 
33.9687 
36.2547 
276.186 
-24.4575 
724.025 
14.4658 
12.1091 
7.02591e-05 
1.25795e-12 
2.66226e-12 
509.311 
262.134 
262.16 
775.127 
-46.8002 
73.0512 
7.51656 
5.3968 
51.1448 
0.000153823 
5.75171e-05 
4.23334 
162.152 
17.485 
20.9197 
2.60762e-12 
8.96038 
1.34821e-13 
1.16194e-13 
610.959 
0.00794116 
480.63 
332.594 
574.233 
1.73911e-05 
1.4133e-05 
422.506 
219.852 
-104.555 
2.64193 
228.746 
235.945 
775.292 
4.71982e-12 
32.4254 
596.277 
577.073 
80.5996 
72.9857 
37.3087 
66.4032 
2.46652e-11 
-65.4748 
-50.0646 
27.1847 
24.0177 
16.9343 
771.926 
9.53638e-14 
8.94202e-05 
4.9898e-05 
-91.3885 
335.024 
1.86895e-08 
131.863 
119.366 
196.866 
340.845 
27.8963 
646.25 
649.027 
43.624 
33.1278 
35.6701 
345.196 
7.41795 
657.234 
205.726 
212.983 
642.611 
647.708 
318.449 
315.967 
532.812 
360.446 
548.989 
1.36255 
16.8874 
536.259 
542.359 
899.425 
1.92237e-14 
-2.50558e-14 
102.034 
69.7572 
31.396 
0.0411538 
3.96315 
2.1997e-05 
5.89008e-09 
60.4227 
54.5609 
85.2834 
0.00721221 
256.002 
259.654 
406.659 
402.387 
49.6102 
0.0183802 
1.35133e-10 
8.45338e-11 
8.67705e-14 
7.32447e-14 
514.718 
535.014 
238.577 
243.405 
4.82652e-06 
6.23112e-14 
7.68285 
0.681579 
0.675637 
39.0626 
41.5906 
89.3154 
37.5086 
94.1492 
8.157e-11 
104.876 
622.637 
2.16159e-13 
572.697 
581.245 
191.6 
173.149 
184.09 
76.6927 
484.267 
8.6787e-05 
0.00167703 
0.00145518 
1.46283 
6.45629 
-40.6345 
-37.2237 
0.000184609 
1.2007e-14 
5.22754e-14 
4.83016e-14 
494.379 
472.386 
656.964 
659.076 
3.34664e-10 
2.79875e-10 
597.968 
116.776 
124.236 
10.3829 
11.7827 
931.024 
895.197 
0.000814794 
12.6962 
7.39307 
1.86572e-10 
152.124 
157.955 
361.349 
357.647 
5.67965e-14 
3.51831e-14 
590.858 
608.539 
309.085 
317.205 
171.334 
14.8323 
12.28 
0.00621721 
124.333 
3.41996e-07 
2.51116e-07 
606.758 
0.0760039 
0.0683995 
555.292 
561.377 
144.357 
155.225 
-8.19654 
-10.4923 
14.521 
15.7671 
6.93206 
59.3582 
64.7186 
826.496 
825.015 
179.332 
10.0058 
6.23036 
455.418 
451.029 
25.8747 
22.7965 
342.824 
309.098 
29.9235 
8.12839e-11 
72.0244 
546.139 
52.4809 
47.2518 
503.079 
2.15854e-13 
1.06855e-13 
0.00158132 
177.528 
187.54 
0.0720098 
0.0321233 
372.079 
391.126 
834.139 
9.95363e-05 
0.000202225 
0.673609 
-0.308238 
473.935 
0.0114775 
583.409 
581.25 
567.906 
565.359 
8.24112e-11 
275.468 
290.263 
-16.9301 
727.454 
835.086 
411.886 
368.759 
516.177 
467.34 
3.75891e-10 
32.5869 
84.5603 
57.9566 
122.858 
168.145 
590.08 
8.45794 
9.2658 
2.06621e-05 
93.0462 
3.64054e-14 
346.879 
329.648 
343.532 
463.809 
1.69638e-05 
9.08362e-06 
251.501 
4.94901e-05 
77.1022 
1.50717e-11 
4.34159e-12 
7.13975e-10 
4.58189e-10 
2.39169e-11 
1.31e-13 
49.0695 
101.863 
838.548 
836.142 
4.78237e-14 
9.11413e-14 
5.76777e-14 
645.184 
601.545 
151.524 
2.37179 
3.68617e-10 
647.04 
83.4147 
95.2443 
652.685 
660.315 
656.756 
0.0047328 
0.00418817 
550.436 
1.28955 
2.37665 
1.2859 
52.0378 
55.03 
895.459 
920.76 
-18.1206 
-21.7197 
-2.61195 
222.211 
248.181 
229.625 
6.08903 
629.061 
635.613 
6.65292e-13 
1.42177e-12 
104.164 
160.757 
166.407 
661.558 
652.211 
1.30949e-05 
648.855 
654.476 
0.0126919 
0.0114652 
7.39734e-13 
2.57391e-12 
4.95646e-13 
35.6477 
220.671 
209.55 
226.716 
551.702 
548.83 
0.167627 
37.3137 
39.45 
302.671 
39.0915 
41.2742 
9.83446 
11.3225 
12.7809 
4.25056 
4.2857 
-52.5407 
641.617 
-77.2701 
-73.5064 
-63.4367 
114.312 
34.0823 
36.1232 
120.618 
125.317 
621.485 
635.018 
102.941 
35.6169 
37.9843 
9.29327 
219.259 
191.329 
438.776 
418.16 
434.401 
108.451 
112.834 
-31.4202 
-27.9473 
468.123 
489.827 
40.963 
43.2165 
1.03767e-13 
1.00069e-13 
1.36216e-06 
3.98707e-06 
1.04272e-06 
361.715 
370.226 
523.262 
531.84 
88.645 
92.5961 
4.61334e-11 
9.91625e-11 
127.442 
132.273 
566.087 
574.109 
0.162136 
2.78462e-07 
8.36615e-08 
1.34913e-06 
80.7501 
84.4723 
244.926 
251.571 
143.835 
148.053 
134.866 
139.837 
170.547 
176.494 
20.3773 
0.000859938 
0.0112005 
11.0694 
72.7125 
74.9223 
-33.2528 
-37.7163 
1.56637e-10 
3.6768e-10 
234.582 
241.328 
0.201434 
0.0377981 
3.62576e-09 
1.19541e-08 
2.39445e-09 
0.000848971 
586.498 
97.8232 
101.94 
0.340442 
720.566 
0.00620466 
588.866 
593.126 
595.101 
10.8877 
0.574894 
0.00161377 
658.956 
40.9087 
43.4936 
77.4357 
6.35414 
482.757 
419.453 
57.6633 
560.328 
557.151 
12.236 
857.131 
11.7921 
1.7916e-10 
259.004 
13.0362 
10.727 
42.8992 
45.2445 
-20.7365 
61.3155 
0.566725 
0.278571 
97.0753 
18.0607 
246.951 
245.31 
1.22382e-11 
2.70984e-11 
88.419 
112.668 
119.927 
34.5631 
31.1298 
5.20837e-11 
0.0297045 
1.12538e-05 
2.41115e-05 
65.5705 
12.1315 
6.36782 
1.28165e-13 
1.4164e-13 
424.467 
-57.7488 
118.865 
4.74444e-05 
80.7053 
73.6404 
258.36 
666.138 
652.708 
653.879 
269.855 
277.085 
428.289 
1.23546e-05 
6.80997e-06 
-38.9124 
39.7585 
310.292 
2.69225e-11 
316.796 
285.673 
3.06489e-13 
665.686 
772.357 
890.731 
388.902 
608.857 
2.87595e-05 
50.5555 
31.94 
162.027 
27.1345 
41.136 
107.279 
645.204 
645.51 
304.358 
302.417 
42.8921 
45.5224 
245.848 
253.351 
9.10105 
668.065 
671.537 
296.321 
402.087 
414.487 
-1.03645e-15 
3.68984e-14 
605.329 
662.657 
610.311 
37.7385 
7.5047 
337.21 
376.802 
345.379 
4.66229e-09 
9.49767e-09 
634.554 
1.02349e-07 
715.105 
3.92939e-08 
21.586 
45.0025 
50.0232 
9.24255e-13 
247.925 
248.813 
377.42 
218.594 
203.296 
207.266 
348.53 
1.51237e-10 
9.30106e-11 
24.5825 
387.001 
1.5498e-13 
2.98909e-13 
531.872 
233.444 
235.287 
1.43485e-13 
0.0605447 
13.7974 
1.11994 
1.11418 
48.9093 
437.675 
444.424 
0.000109286 
3.40712e-06 
107.188 
7.25073e-06 
196.752 
225.854 
205.336 
13.6833 
8.95725e-10 
9.34686e-10 
64.233 
67.3552 
0.00258718 
0.00223141 
47.7009 
658.113 
658.618 
1.41225e-13 
192.615 
136.209 
15.6607 
16.9956 
427.944 
171.688 
2.47203e-09 
2.26946e-09 
4.61979e-09 
181.119 
187.265 
334.994 
330.602 
1.20125e-13 
192.639 
211.768 
198.945 
154.673 
0.00614136 
0.0107717 
1.55571e-13 
5.91675e-13 
7.99025e-07 
363.392 
371.38 
0.000727012 
0.000274657 
568.511 
574.237 
142.904 
4.56897e-07 
3.27904e-07 
21.9985 
19.1692 
156.926 
14.093 
15.9049 
0.293948 
0.916918 
583.644 
603.836 
565.122 
620.342 
625.489 
221.48 
721.518 
816.953 
-3.92351 
-6.33072 
19.572 
20.6651 
2.5581e-05 
2.07351e-05 
874.347 
870.984 
532.411 
528.307 
13.8303 
33.6385 
854.405 
817.088 
0.269918 
0.125329 
546.617 
419.592 
441.328 
77.1232 
70.3401 
-24.2724 
-19.1587 
48.7869 
60.4732 
32.832 
19.9545 
157.881 
162.179 
292.894 
308.963 
717.275 
23.2886 
6.48314e-13 
2.94862e-13 
372.647 
392.58 
1.77398e-13 
51.5768 
46.8754 
0.000214701 
148.052 
420.35 
5.21075 
4.19265 
448.134 
28.2071 
456.021 
543.048 
539.611 
9.44691e-10 
256.882 
64.291 
58.4834 
0.963621 
18.9357 
16.3748 
133.644 
242.925 
474.697 
429.117 
168.474 
76.342 
82.0653 
14.9214 
461.852 
503.584 
512.542 
552.579 
561.099 
362.687 
343.991 
358.049 
0.000865865 
321.839 
305.171 
317.729 
189.45 
2.09506e-06 
2.00243e-07 
128.561 
0.000115299 
14.7001 
-49.2602 
1.61764e-11 
4.7323e-12 
8.22791e-10 
5.17071e-10 
538.584 
5.33389e-13 
908.812 
915.594 
904.028 
-13.1196 
396.382 
359.902 
652.785 
96.7624 
681.866 
10.887 
11.0167 
669.254 
667.135 
671.671 
0.00742167 
0.00652584 
408.271 
387.757 
403.404 
75.5019 
198.165 
44.8763 
49.4416 
47.3258 
16.8099 
18.2171 
43.8454 
669.778 
674.736 
5.99824e-12 
1.33897e-11 
7.07872e-08 
2.16022e-08 
67.2319 
70.4925 
47.8328 
679.176 
683.142 
2.92829e-12 
0.0202414 
0.0181841 
1.58166e-13 
1.27243e-13 
151.688 
137.538 
146.072 
288.915 
45.7588 
47.9697 
3.55658 
1.22372 
4.40173 
29.679 
31.4674 
2.05715e-06 
0.0336441 
6.87432 
135.37 
140.191 
11.9468 
12.1191 
116.191 
142.608 
147.6 
402.589 
394.598 
454.207 
122.146 
126.608 
261.869 
14.7641 
3.96604e-09 
11.3924 
1.41705e-13 
256.041 
264.649 
293.321 
272.3 
101.165 
105.312 
8.52477e-05 
7.02739e-05 
1.63431e-13 
-12.8398 
-9.48956 
485.75 
507.572 
50.0756 
52.3612 
2.82745e-10 
185.131 
187.522 
7.30831e-06 
175.016 
478.873 
1.89861e-06 
5.69308e-06 
1.42566e-06 
17.9789 
19.4548 
594.153 
601.94 
105.774 
110.06 
5.87768e-10 
1.25651e-09 
150.426 
155.532 
292.524 
627.642 
634.582 
580.363 
531.062 
178.65 
184.205 
525.39 
521.718 
324.192 
331.653 
203.332 
208.539 
159.024 
164.195 
200.794 
207.067 
108.871 
111.967 
1.62829e-09 
3.82427e-09 
273.324 
280.293 
519.102 
514.396 
1.42204e-07 
4.60214e-08 
5.61485e-07 
-46.3701 
1.34722e-13 
1.65183e-10 
6.32771e-10 
4.20555e-06 
-31.5393 
37.5938 
81.2385 
719.679 
2.07619e-09 
0.118437 
0.0521392 
33.0198 
239.792 
73.9749 
52.4348 
54.813 
91.8561 
98.2008 
0.956567 
0.467316 
22.4813 
229.184 
226.51 
256.226 
1.43798e-10 
3.27826e-10 
173.75 
129.619 
0.000221405 
863.059 
79.2765 
1.31572e-05 
2.70133e-05 
436.626 
458.972 
514.726 
521.788 
53.7594 
320.324 
880.617 
1.65204e-13 
1.70399e-13 
73.733 
1.676e-13 
1.54388e-13 
1.82214e-13 
59.5872 
195.312 
1.13954e-06 
2.63534e-06 
-4.38168 
-0.809397 
133.161 
2.90523e-05 
647.483 
647.081 
313.953 
320.796 
65.0213 
73.8472 
14.4498 
0.0479532 
534.485 
558.7 
1.65914e-12 
658.723 
3.63508e-14 
0.000228651 
20.3953 
155.345 
280.807 
1.28237e-07 
23.0065 
299.352 
634.612 
633.413 
283.797 
9.90791e-11 
2.85026e-11 
53.3056 
289.364 
297.156 
289.2 
297.517 
2.099 
2.09629 
376.73 
679.206 
680.956 
1.57668e-13 
1.57035e-13 
3.8392 
3.84404 
199.62 
210.758 
-17.3233 
669.123 
721.925 
672.913 
-28.301 
8.67607 
769.952 
816.037 
770.583 
234.989 
233.952 
46.0196 
42.0605 
1.11473e-12 
50.0708 
92.5572 
2.19098e-13 
635.938 
684.739 
143.693 
149.043 
619.973 
77.7827 
50.343 
155.724 
271.322 
6.91635 
0.00165061 
0.000912639 
2.44914 
7.81901e-13 
1.57689e-12 
0.0513109 
0.163718 
222.975 
211.287 
222.662 
212.803 
219.354 
0.0100187 
347.48 
317.312 
322.54 
268.273 
1.85192 
1.85671 
514.242 
510.07 
120.606 
110.765 
460.953 
594.698 
18.5655 
387.438 
29.879 
26.7166 
77.4895 
80.7376 
0.00397084 
262.879 
240.235 
647.627 
4.31706e-09 
2.79016e-09 
503.694 
51.0218 
1.56506e-13 
4.28011e-13 
1.92809e-13 
485.783 
444.722 
20.9883 
22.2257 
1.042e-05 
273.194 
1.05428e-08 
9.75541e-09 
3.30063e-08 
100.765 
601.496 
307.829 
303.035 
618.14 
5.96765e-07 
4.17848e-07 
0.00599599 
3.09496e-12 
6.8986e-12 
1.48028e-05 
20.7147 
55.8024 
18.9864 
20.8674 
679.697 
683.822 
814.752 
873.099 
0.463357 
-2.24541 
24.5274 
25.3421 
3.7871e-05 
3.06438e-05 
884.767 
500.622 
495.588 
-17.198 
-14.1837 
106.929 
113.881 
867.07 
862.025 
61.9522 
64.9128 
32.0782 
44.3551 
262.058 
258.471 
157.318 
166.843 
371.516 
392.324 
44.188 
40.3573 
96.4119 
88.5307 
2.96781 
7.77997 
395.782 
115.102 
456.953 
0.0034012 
0.00129499 
646.669 
661.609 
58.6059 
61.3524 
3.2967e-09 
214.049 
150.448 
345.525 
130.236 
534.902 
1.06244e-08 
77.0367 
70.558 
236.875 
52.5465 
315.47 
333.607 
436.882 
87.1184 
93.1257 
859.026 
841.796 
166.082 
87.6089 
174.212 
16.9912 
3.18749e-06 
583.368 
591.958 
596.787 
622.702 
630.461 
220.808 
8.83976e-07 
1.60799e-05 
268.757 
0.0115838 
0.0101239 
1.71329e-06 
119.529 
9.24805e-10 
5.67377e-10 
3.75372e-12 
688.871 
129.044 
121.483 
135.508 
361.816 
356.667 
367.412 
333.64 
0.00170677 
17.4488 
17.4081 
19.9196 
335.524 
166.683 
672.329 
661.568 
673.101 
56.0711 
64.4959 
67.4661 
158.444 
163.453 
694.811 
698.088 
5.1067e-12 
6.3814e-11 
1.48287e-10 
1.44343e-08 
81.0673 
84.4898 
57.0553 
578.279 
555.074 
574.847 
2.97275e-13 
7.43383e-13 
2.32176e-13 
641.028 
687.191 
0.0321818 
0.0286614 
62.4341 
57.238 
0.00011499 
2.9185e-05 
0.000241349 
22.3827 
23.7207 
54.7012 
57.0004 
693.972 
696.216 
342.428 
0.00558658 
328.701 
19.2147 
2.96993e-12 
188.781 
19.6552 
15.7067 
23.8007 
25.2147 
0.0846182 
0.0774043 
9.95017 
8.95871 
0.000127128 
0.000105321 
178.049 
168.094 
178.525 
196.021 
5.11363 
59.6795 
61.9893 
1.0697e-06 
3.19462e-07 
6.31423e-07 
269.195 
284.4 
20.1417 
22.9946 
20.3627 
2.60292e-06 
8.04786e-06 
1.90388e-06 
653.343 
660.054 
124.713 
129.424 
8.9924e-09 
1.91897e-08 
892.95 
868.819 
888.097 
175.385 
180.937 
225.844 
232.516 
537.812 
593.253 
491 
208.092 
213.595 
67.374 
70.3067 
31.9454 
32.6282 
495.771 
491.563 
-10.3481 
412.85 
420.689 
277.822 
283.8 
185.066 
190.49 
0.679394 
0.871424 
234.059 
240.525 
36.9129 
136.273 
141.08 
84.734 
88.332 
484.075 
292.044 
1.97018e-07 
250.842 
1.65337e-11 
4.77345e-12 
15.7256 
12.6201 
28.3964 
201.347 
317.416 
0.00604713 
352.66 
92.2789 
87.663 
218.975 
216.67 
2.78901e-11 
1.4936e-11 
688.307 
249.817 
820.025 
0.453327 
0.207449 
73.9412 
2.01874e-09 
4.51005e-09 
247.642 
99.9504 
106.515 
25.2453 
1.74775e-06 
3.59207e-06 
593.567 
614.547 
574.345 
50.4062 
60.2879 
134.998 
226.74 
7.88222e-09 
295.908 
291.288 
26.3593 
1.46975e-06 
0.226494 
631.634 
611.893 
629.783 
0.0179973 
0.0156008 
359.637 
365.782 
75.2471 
1.00896e-09 
124.03 
114.501 
724.171 
726.699 
676.28 
676.154 
62.5696 
64.9123 
3.84073e-12 
9.48389e-13 
2.72189e-12 
559.412 
38.6614 
59.3724 
240.154 
236.209 
8.6692e-08 
387.217 
408.865 
1.46976e-11 
146.444 
1.73887e-10 
6.03229e-10 
9.931e-11 
3.16816e-13 
2.46663e-07 
28.2995 
172.065 
246.94 
336.772 
344.249 
1.64384 
197.926 
202.708 
3.41279 
3.42261 
54.8441 
59.9201 
57.3535 
477.216 
42.3998 
1.59473e-12 
3.50547e-12 
2.6057e-08 
6.17301 
6.17637 
247.578 
254.638 
768.124 
768.79 
5.01693e-09 
3.16141e-09 
808.635 
839.181 
807.585 
51.774 
142.971 
73.517 
8.94303 
21.5736 
1.56902e-07 
15.8475 
143.677 
114.206 
472.87 
0.917842 
218.915 
5.75295e-12 
1.35416e-11 
1.48003e-05 
543.625 
477.351 
9.09645e-13 
26.7391 
0.00167338 
0.0088286 
0.0285356 
304.486 
344.793 
19.415 
11.0306 
3.11216 
3.16454 
482.621 
477.696 
219.843 
188.416 
199.015 
23.6367 
597.542 
712.844 
498.334 
91.9552 
95.2713 
0.00040928 
310.318 
318.349 
295.689 
210.123 
206.952 
155.223 
0.000964239 
485.689 
6.19731e-13 
0.195217 
552.722 
1.65022 
138.966 
9.89215e-08 
26.3293 
27.4052 
675.316 
280.465 
275.479 
847.564 
842.409 
4.61593 
7.60326e-07 
5.19118e-07 
54.8383 
50.572 
287.064 
3.58696e-11 
7.95778e-11 
0.481975 
0.601503 
24.1542 
25.9966 
38.6513 
35.0789 
158.801 
451.438 
412.667 
729.965 
627.124 
147.739 
1.63949e-08 
478.95 
505.143 
314.902 
342.845 
693.277 
29.2138 
29.5242 
5.66787e-05 
4.55486e-05 
2.24467e-08 
465.34 
459.308 
1.81201 
7.35084 
813.733 
840.989 
454.456 
77.2014 
71.3183 
1.97378e-06 
3.80401e-06 
580.443 
537.491 
40.5677 
118.821 
109.653 
606.514 
603.516 
81.3083 
86.9726 
1.09316e-12 
11.0509 
163.021 
322.091 
0.00108609 
223.704 
337.702 
299.424 
218.874 
0.000340828 
139.901 
148.781 
680.869 
732.59 
691.048 
312.197 
330.771 
652.86 
438.82 
90.7383 
83.4991 
17.4248 
797.795 
712.337 
794.178 
708.658 
599.163 
3.47837e-06 
1.10549e-05 
2.47195e-06 
9.98656e-13 
9.19291e-08 
565.395 
4.19535e-07 
679.447 
686.109 
174.043 
225.203 
611.932 
617.68 
2.89066e-13 
26.3173 
13.9462 
0.00512855 
0.00193538 
0.344982 
140.024 
1.78458e-07 
325.432 
651.028 
694.615 
655.698 
3.872e-08 
66.8154 
341.427 
290.683 
3.5789e-11 
22.9051 
1.46395e-07 
3.78665e-08 
3.55162e-07 
6.00639e-13 
1.64407 
0.792659 
678.349 
76.6252 
79.935 
339.443 
359.641 
183.564 
188.554 
264.164 
0.125665 
0.0408695 
0.165685 
703.989 
705.61 
239.486 
244.619 
96.2269 
99.8174 
230.058 
216.622 
226.595 
1.03343e-07 
0.0508343 
0.0449807 
117.792 
78.6695 
445.25 
6.70507 
1.69973e-08 
193.442 
198.911 
615.772 
623.886 
693.847 
694.614 
2.94898e-12 
4.18693e-12 
6.24124e-12 
31.4582 
0.000934047 
208.979 
197.844 
207.164 
30.5162 
30.5369 
254.737 
260.33 
24.7805 
20.8029 
151.869 
0.136873 
0.322944 
0.1236 
14.9601 
302.634 
277.895 
6.76231e-10 
1.71844e-09 
0.000193348 
0.000162501 
1.94877 
4.99834 
130.744 
69.7045 
72.1267 
299.872 
23.2329 
0.000283353 
697.219 
702.476 
706.855 
710.871 
426.532 
421.828 
4.38271e-08 
145.895 
151.057 
28.0294 
29.2564 
625.125 
646.616 
261.937 
269.156 
46.6729 
79.7559 
86.5194 
82.9109 
50.7689 
51.6084 
464.213 
440.799 
459.64 
158.347 
163.727 
505.02 
512.846 
365.367 
371.453 
270.406 
276.732 
0.000614349 
0.00161711 
0.000517935 
359.542 
165.58 
170.822 
100.602 
104.373 
381.536 
389.422 
280.053 
287.592 
282.242 
202.851 
209.265 
9.04282e-08 
660.508 
446.473 
102.31 
201.169 
198.098 
61.8152 
17.3282 
9.84322 
665.189 
2.43286e-11 
1.39729e-11 
25.2421 
245.355 
768.372 
74.3602 
68.5495 
2.0462e-06 
230.544 
212.95 
2.31752e-07 
4.69698e-07 
259.466 
543.06 
500.824 
572.801 
112.282 
119.383 
1.94867e-07 
711.419 
4.72701e-11 
108.954 
113.321 
178.996 
0.0277288 
87.33 
403.927 
157.257 
20.0321 
269.628 
264.699 
574.142 
92.1142 
98.2462 
36.166 
46.4409 
404.552 
412.312 
3.45518e-09 
69.2127 
64.1682 
766.548 
767.71 
659.553 
657.398 
73.1324 
75.3778 
29.2023 
566.459 
226.375 
1.91656e-12 
131.196 
295.915 
224.471 
662.875 
661.884 
218.616 
214.28 
0.00016113 
1.07259e-09 
1.98001e-08 
33.2542 
128.449 
131.44 
52.1233 
23.8088 
55.6442 
386.938 
392.896 
284.909 
90.0133 
93.8743 
678.233 
80.9548 
144.884 
134.249 
5.57564 
5.65567 
65.5785 
71.2867 
68.0743 
48.6722 
2.03844e-11 
4.55909e-11 
286.112 
293.309 
799.828 
798.912 
5.65484e-09 
826.473 
823.664 
0.768698 
343.721 
471.632 
547.321 
542.579 
1.8661e-07 
527.009 
500.858 
522.848 
21.1084 
52.8265 
366.372 
337.741 
766.332 
19.0894 
0.000139837 
3.98478e-05 
34.7538 
190.723 
0.00150584 
0.00489288 
0.000283037 
50.7809 
135.415 
586.075 
582.043 
5.37843 
131.733 
448.699 
442.623 
3.06069e-08 
22.7306 
20.0038 
33.6285 
176.66 
105.031 
359.531 
368.461 
107.706 
110.929 
29.7178 
145.812 
275.668 
149.237 
158.627 
66.5703 
168.027 
158.532 
167.163 
32.8722 
122.834 
122.924 
294.433 
312.893 
79.9997 
82.6153 
253.37 
248.391 
63.2754 
70.0818 
36.6869 
3.96462e-11 
8.98129e-12 
31.6405 
32.3881 
774.459 
9.43743e-07 
6.26453e-07 
48.5173 
44.4698 
4.04085e-10 
8.74175e-10 
0.333439 
129.207 
230.578 
169.663 
744.886 
29.3917 
270.516 
80.0247 
219.092 
447.182 
2.03221e-05 
33.1648 
32.598 
8.48899e-05 
6.45928e-05 
426.791 
420.385 
669.986 
630.388 
677.626 
670.444 
1.18168e-10 
1.43423e-10 
0.0237207 
0.00908643 
570.705 
598.964 
6.11941e-09 
3.61413e-09 
792.031 
790.971 
187.489 
200.165 
5.55985 
2.86906 
109.048 
113.808 
31.0494 
259.216 
70.06 
74.6806 
31.1016 
29.1284 
0.405579 
1.08045 
105.236 
97.1863 
64.3207 
59.7623 
3.27048e-06 
4.51518e-06 
1.46468e-05 
3.11483e-06 
255.275 
561.725 
90.9639 
84.3661 
658.491 
35.7003 
39.9015 
80.3403 
47.0287 
236.986 
28.3924 
711.978 
841.672 
4.82232e-05 
9.17437e-12 
4.46135e-08 
131.112 
139.918 
384.124 
419.837 
392.503 
377.951 
74.0978 
537.301 
199.108 
354.393 
375.679 
210.208 
214.931 
697.951 
697.535 
811.033 
808.203 
271.963 
276.145 
1.9372e-08 
1.512e-05 
112.913 
116.571 
1.18643e-07 
3.46933e-08 
209.838 
197.043 
206.305 
0.0798478 
0.0700008 
766.462 
734.876 
182.914 
27.1063 
29.7701 
222.628 
227.515 
684.037 
719.093 
1.17411e-05 
680.822 
680.183 
2.5424e-11 
2.70544e-11 
5.4054e-11 
150.879 
241.919 
0.000157935 
290.45 
295.038 
124.079 
1.84654e-06 
123.343 
37.756 
41.2849 
39.0724 
26.2137 
26.2908 
707.097 
713.534 
79.2082 
79.3439 
837.31 
0.000306254 
0.000264009 
5.65286 
13.556 
1.69197e-10 
6.43629e-10 
7.44989e-11 
723.451 
726.977 
2.63707e-08 
6.86197e-09 
5.67344e-08 
721.248 
723.555 
169.673 
33.6918 
36.902 
34.7918 
645.304 
301.363 
309.701 
30.3832 
593.966 
602.412 
459.421 
462.917 
309.241 
314.861 
254.685 
190.233 
196.259 
643.253 
649.079 
83.7502 
89.4849 
42.1632 
43.6104 
121.547 
175.802 
124.81 
118.052 
127.539 
122.027 
442.706 
470.364 
431.542 
221.376 
234.337 
258.215 
234.709 
240.774 
174.927 
184.721 
835.364 
33.7838 
35.4796 
34.8444 
182.518 
179.133 
318.082 
62.2589 
57.6899 
58.9346 
411.407 
566.841 
59.7216 
55.1318 
413.082 
3.48859e-10 
2.68845e-05 
3.92847e-10 
9.78556e-11 
529.163 
2.52834e-07 
4.74864e-07 
505.768 
465.542 
102.452 
109.026 
68.476 
70.1919 
0.00759103 
0.00288913 
658.157 
596.565 
622.943 
724.215 
9.87566 
243.357 
238.323 
204.558 
6.28468e-09 
171.796 
537.249 
0.0912428 
0.117065 
46.0781 
812.774 
50.8681 
582.49 
80.447 
453.082 
463.16 
794.392 
77.1818 
0.124537 
630.724 
629.09 
83.7537 
86.2923 
713.009 
2.40861e-05 
2.10883e-11 
544.974 
76.6947 
71.8001 
79.5194 
641.687 
638.237 
197.393 
119.302 
112.258 
121.619 
121.989 
95.756 
344.572 
325.806 
105.238 
0.108546 
0.0420402 
370.754 
393.584 
138.912 
128.687 
9.3005 
9.65972 
77.0163 
79.3 
2.96502e-10 
6.45696e-10 
327.934 
334.597 
0.0225465 
0.00718906 
0.030494 
703.121 
2.13e-07 
819.751 
807.464 
815.668 
476.344 
598.91 
511.294 
504.318 
435.868 
438.959 
2.10602e-08 
2.751e-05 
4.7848e-05 
31.2115 
192.779 
182.302 
189.967 
690.145 
735.418 
3.61386e-09 
2.88845 
1.35976 
4.18988e-06 
2.07018e-10 
0.000253715 
550.567 
545.868 
788.603 
45.9981 
26.8276 
0.219179 
0.195767 
701.565 
696.848 
411.639 
403.646 
133.135 
414.601 
422.154 
82.898 
31.0775 
124.739 
0.572136 
1.31263 
0.527407 
72.5489 
75.1128 
2.48561e-07 
5.17687e-07 
156.265 
114.085 
113.449 
307.427 
326.85 
49.3796 
51.9567 
3.71086e-10 
226.974 
222.127 
163.868 
160.591 
36.7735 
36.6684 
176.442 
175.145 
162.836 
93.0441 
96.7049 
736.186 
1.24278 
3.12086 
1.13565e-06 
7.24585e-07 
780.371 
9.6434 
384.206 
307.942 
431.864 
408.819 
426.837 
557.192 
644.513 
247.415 
0.000954661 
0.00244671 
0.000836832 
700.042 
243.423 
438.16 
405.915 
252.769 
269.367 
0.227593 
252.427 
189.423 
510.686 
506.102 
0.000119547 
8.68532e-05 
387.284 
382.695 
634.859 
593.74 
60.0645 
64.4964 
40.3714 
41.5052 
0.0646232 
0.0815006 
3.6447e-09 
1.20089e-09 
261.354 
788.613 
781.586 
114.822 
115.317 
192.325 
202.592 
109.965 
102.624 
389.227 
16.0513 
16.9377 
737.968 
709.531 
0.000828867 
588.724 
127.456 
117.534 
154.271 
162.687 
232.049 
182.315 
242.263 
733.116 
219.912 
1.44018e-09 
522.75 
87.473 
80.8713 
121.666 
148.65 
147.72 
91.7727 
534.499 
566.587 
3.73154e-08 
1.28056e-07 
2.12559e-08 
169.003 
181.686 
736.042 
699.716 
82.395 
467.886 
462.72 
35.933 
139.606 
437.179 
472.875 
449.418 
102.236 
1.06356e-09 
32.5897 
14.8091 
34.2674 
237.178 
676.635 
674.274 
629.671 
798.322 
791.385 
303.585 
493.189 
488.22 
15.6888 
16.0035 
131.117 
134.769 
632.803 
599.056 
360.967 
252.455 
255.831 
1.06253e-10 
6.70492e-09 
655.347 
650.549 
0.000138985 
326.41 
328.411 
361.656 
466.524 
40.9515 
39.0279 
49.2065 
741.557 
745.97 
5.68685e-06 
1.87106e-05 
3.79959e-06 
118.14 
0.000500163 
0.000381048 
2.7416e-06 
6.93405e-06 
210.631 
205.679 
203.951 
3.00429e-08 
346.232 
354.067 
10.1932 
5.13243 
100.287 
730.895 
678.95 
692.467 
349.308 
353.427 
217.357 
703.177 
708.209 
92.4193 
88.0195 
98.4113 
49.2007 
211.781 
218.468 
269.21 
273.584 
229.224 
149.784 
738.972 
741.929 
39.0241 
0.264896 
0.676105 
282.753 
290.208 
0.0012335 
0.00393008 
52.2573 
53.4987 
250.056 
171.992 
363.872 
408.812 
436.832 
486.393 
480.458 
760.783 
778.45 
759.813 
112.259 
70.153 
23.3427 
24.5298 
37.8851 
26.5483 
625.439 
700.846 
766.691 
53.7157 
72.4371 
67.2487 
9.83651e-10 
83.5048 
2.6929e-10 
5.92223e-08 
130.446 
94.2893 
87.9937 
0.0456966 
411.226 
380.663 
508.311 
499.452 
620.387 
9.30474e-10 
3.70581e-08 
217.554 
212.703 
355.889 
50.4589 
46.5918 
2.26549e-07 
1.23369e-07 
77.8255 
8.69596e-07 
124.244 
360.776 
387.753 
43.411 
153.426 
107.215 
106.592 
0.30362 
95.1419 
98.0312 
38.9909 
789.181 
782.324 
75.1128 
756.464 
606.544 
599.03 
106.214 
98.6632 
106.8 
100.457 
107.978 
143.177 
1.07308e-10 
342.468 
338.065 
3.69606e-09 
19.7864 
19.7956 
0.0347253 
0.0132238 
597.329 
0.195584 
28.4299 
64.4788 
711.792 
678.501 
88.7056 
90.4072 
3.40992e-09 
371.023 
376.789 
0.0166313 
0.0219794 
44.7359 
154.385 
756.169 
695.291 
753.733 
25.957 
27.7242 
466.823 
456.355 
150.806 
154.668 
632.803 
485.947 
480.533 
372.149 
476.016 
483.711 
2.65084e-05 
4.23044e-05 
380.31 
190.669 
186.912 
2.76293e-09 
171.818 
3.29145e-08 
7.13987e-09 
6.12931e-08 
209.11 
196.958 
203.939 
175.269 
285.943 
71.2907 
72.5907 
0.000207084 
0.000669044 
358.463 
382.232 
756.108 
0.346018 
119.915 
111.32 
3.43513e-05 
369.733 
360.717 
107.716 
2.34885e-10 
470.837 
474.743 
306.419 
168.781 
159.801 
165.489 
56.762 
104.336 
225.976 
3.40478e-07 
4.135e-06 
719.06 
242.601 
209.959 
195.869 
321.634 
31.0691 
33.687 
168.056 
156.239 
201.589 
196.895 
161.145 
145.899 
142.894 
40.398 
762.125 
39.4351 
40.2828 
214.707 
229.45 
41.5655 
42.7803 
113.845 
68.0945 
5.1741 
2.32894 
1.30258e-06 
7.71626e-07 
319.176 
248.145 
8.12058e-06 
0.00011213 
18.4587 
475.616 
399.106 
392.639 
731.973 
137.254 
141.322 
0.00165459 
0.00161584 
299.646 
546.437 
226.048 
735.81 
183.711 
258.844 
186.171 
154.403 
143.468 
263.79 
281.202 
123.462 
142.873 
468.529 
464.008 
0.000160021 
351.254 
6.1912e-09 
176.13 
596.413 
553.938 
63.6545 
67.9155 
1.88456e-08 
89.6845 
84.2029 
0.0566434 
0.151073 
515.558 
481.376 
356.48 
455.702 
367.528 
157.103 
0.531497 
0.459595 
171.891 
166.969 
626.383 
719.6 
231.944 
699.591 
545.714 
3.0265e-08 
3.24202e-09 
764.687 
8.45219 
51.5656 
115.143 
94.0958 
96.2294 
500.091 
46.764 
738.132 
0.000509222 
592.678 
586.885 
31.4623 
4.61899e-06 
78.5694 
357.147 
1.20955e-06 
422.144 
44.2787 
103.938 
41.5948 
63.1312 
81.5973 
310.573 
1.33666e-08 
599.745 
559.786 
278.574 
642.563 
46.2596 
44.5991 
68.9715 
188.012 
349.734 
702.123 
84.1438 
178.977 
44.1982 
0.173135 
0.0605706 
381.823 
48.0518 
753.601 
253.14 
768.216 
613.154 
605.274 
369.798 
0.000941585 
565.271 
413.982 
675.729 
641.154 
676.255 
3.50259 
3.35175e-09 
45.108 
737.038 
756.9 
9.14711 
55.1944 
51.6952 
60.2582 
679.639 
86.7414 
325.742 
750.41 
165.416 
153.19 
163.157 
422.091 
2.30917e-05 
0.936811 
0.849351 
103.758 
6.92235e-06 
0.000702994 
632.452 
323.98 
137.993 
185.228 
49.6656 
267.004 
269.938 
130.244 
752.739 
392.94 
294.204 
275.535 
288.959 
139.206 
135.876 
96.5123 
491.457 
413.049 
20.0474 
574.712 
536.821 
598.27 
130.816 
389.702 
251.812 
180.281 
0.00447798 
0.0106601 
0.00416502 
261.421 
257.726 
112.935 
332.469 
143.202 
243.239 
304.211 
139.532 
147.482 
736.397 
127.637 
136.097 
5.37183e-07 
0.740393 
1.85575 
0.00544111 
59.8299 
40.4289 
63.3784 
41.1904 
328.638 
650.8 
721.083 
588.454 
113.406 
122.651 
96.5253 
356.66 
172.703 
124.821 
473.476 
192.88 
188.33 
193.297 
1.17599e-09 
537.393 
80.863 
434.331 
450.66 
416.36 
501.885 
438.482 
83.7503 
89.2386 
522.543 
7.93847e-06 
63.8378 
104.931 
2.09571e-07 
74.0125 
452.303 
4.61246e-09 
97.9721 
491.81 
589.547 
6.85824e-09 
458.059 
485.043 
64.908 
131.591 
47.1202 
45.437 
110.873 
107.436 
120.685 
0.797095 
177.887 
68.9739 
152.321 
45.0233 
119.01 
680.592 
643.318 
449.785 
129.526 
562.163 
501.978 
509.695 
67.6811 
67.7153 
101.642 
100.805 
100.36 
0.0355813 
10.2795 
10.7148 
2.15424e-08 
7.13371e-08 
1.23361e-08 
180.768 
259.64 
284.836 
149.234 
99.0875 
101.536 
413.705 
0.0119394 
0.0158461 
88.839 
712.527 
767.852 
3.08685e-08 
1.3543e-06 
0.339742 
419.244 
171.998 
147.8 
519.668 
2.19664 
408.499 
54.523 
7.13955e-07 
716.527 
144.348 
128.185 
151.784 
169.985 
443.178 
0.00873747 
133.852 
2.97865e-08 
126.991 
733.631 
178.266 
587.214 
378.318 
9.14062 
1.49892 
1.32185 
97.8144 
153.684 
177.344 
4.39834e-06 
233.451 
50.8425 
47.528 
1.12737e-07 
131.521 
15.0481 
14.0779 
8.70145 
160.882 
270.989 
147.791 
157.994 
0.00300762 
0.00216645 
261.131 
142.787 
249.543 
5.47896 
2.27422 
4.98611 
0.352825 
0.00294162 
64.8046 
65.9665 
280.342 
135.074 
333.734 
108.062 
124.517 
122.373 
0.138326 
515.647 
72.3021 
82.6373 
76.7881 
315.161 
75.4948 
516.694 
1.00605e-07 
239.295 
55.7688 
113.792 
485.524 
386.789 
1.62354e-07 
52.1867 
49.0751 
302.199 
0.0137098 
273.478 
146.886 
191.268 
554.527 
308.34 
60.2213 
534.294 
543.126 
116.743 
136.761 
188.22 
526.959 
63.5623 
65.6869 
0.0650509 
127.57 
142.619 
201.527 
699.009 
0.00398665 
691.2 
606.109 
683.247 
265.254 
91.0558 
119.939 
185.329 
94.6524 
162.146 
353.498 
0.7206 
165.261 
321.721 
292.352 
286.897 
169.637 
658.988 
649.4 
635.24 
3.88472 
399.395 
410.644 
114.03 
307.584 
223.948 
117.069 
363.813 
0.0444501 
71.2707 
87.0633 
1.65675 
250.145 
374.169 
562.674 
143.864 
357.653 
609.262 
437.678 
560.109 
131.993 
333.828 
180.053 
60.1114 
318.989 
520.873 
184.606 
67.8814 
78.0501 
347.674 
58.3064 
3.58962 
5.83272 
92.2182 
63.8651 
54.1293 
77.1806 
110.214 
604.006 
314.134 
2.26276 
94.8549 
55.0749 
593.592 
1.82236 
107.66 
2.70129 
0.0173415 
433.746 
353.33 
550.151 
0.010298 
115.64 
6.36781 
544.635 
85.7202 
57.4143 
83.4182 
53.992 
577.167 
87.2729 
54.8119 
62.3619 
607.037 
57.6904 
