-1.0375e-14 
-5.81224e-15 
9.1785e-15 
9.81822e-15 
3.73487e-14 
-1.44566e-11 
-3.30375e-09 
-7.45267e-07 
-0.000179806 
-0.0506477 
-4.30685 
34.5205 
24.3979 
213.263 
471.717 
887.263 
1300.48 
428.65 
-31.7748 
-105.307 
-119.713 
-120.169 
-116.681 
-112.14 
-107.5 
-103.086 
-98.9929 
-95.2374 
-91.8015 
-88.6591 
-85.7825 
-83.1481 
-80.734 
-78.5215 
-76.4943 
-74.638 
-72.9395 
-71.3865 
-69.9679 
-68.6736 
-67.4929 
-66.4165 
-65.4352 
-64.5411 
-63.726 
-62.982 
-62.3023 
-61.6795 
-61.1068 
-60.5782 
-60.0876 
-59.6291 
-59.1975 
-58.7875 
-58.3938 
-58.0104 
-57.6357 
-57.2692 
-56.9219 
-56.6181 
-56.3721 
-56.1639 
-55.9213 
-55.5036 
-54.2588 
-52.013 
-51.2569 
-50.2418 
-42.7202 
-21.8601 
-4.20509 
9.87668 
23.0382 
36.8535 
52.1169 
69.0979 
87.5025 
106.321 
123.622 
136.214 
139.353 
127.273 
95.6843 
45.5516 
16.8737 
33.0406 
6.04647 
10.2769 
8.48363 
9.91274 
10.8007 
11.7175 
12.622 
13.5253 
14.4568 
15.4026 
16.3257 
17.1824 
17.9238 
18.4946 
18.8383 
18.9033 
18.6443 
18.0343 
17.0666 
15.7638 
14.1792 
12.392 
10.5016 
8.61325 
6.82585 
5.21791 
3.84143 
2.7188 
1.84612 
1.19972 
0.743938 
0.438586 
0.244807 
0.128772 
0.0635056 
0.0291958 
0.0124324 
0.00486989 
0.00174284 
0.000565924 
0.000165125 
4.26213e-05 
9.53879e-06 
1.81927e-06 
2.935e-07 
4.02131e-08 
4.72696e-09 
4.80265e-10 
4.19981e-11 
3.17465e-12 
1.76311e-13 
-2.13563e-14 
1.04187e-14 
-4.7672e-14 
5.73185e-15 
2.08277e-14 
2.17786e-14 
1.41208e-14 
-4.62305e-15 
6.93894e-15 
3.46793e-14 
3.50888e-14 
4.98613e-14 
3.14422e-14 
-3.9443e-31 
2.97804e-15 
5.16945e-16 
4.08456e-14 
-4.7077e-14 
8.31722e-15 
2.70863e-14 
-9.37766e-15 
5.2089e-15 
-7.81284e-15 
6.77088e-15 
6.76975e-15 
3.12263e-15 
7.27804e-15 
9.86664e-15 
6.74856e-15 
-6.78608e-15 
-2.71135e-15 
-4.20055e-15 
-5.265e-16 
139.861 
9.18706e-15 
6.06829e-15 
-1.34246e-14 
-8.36139e-13 
-2.19769e-10 
-4.94884e-08 
-1.14151e-05 
-0.00295167 
-0.828931 
4.72106 
1.26163e-14 
53.4546 
-4.61791e-16 
333.999 
663.087 
1108.19 
1205.69 
91.2999 
-82.6141 
-115.536 
-120.775 
-118.663 
-114.46 
-109.804 
-105.256 
-100.997 
-97.0738 
-93.4809 
-90.1954 
-87.1892 
-84.4364 
-81.9147 
-79.6035 
-77.4858 
-75.5457 
-73.7698 
-72.1455 
-70.661 
-69.3059 
-68.0696 
-66.9422 
-65.9145 
-64.9777 
-64.1242 
-63.3456 
-62.6345 
-61.9843 
-61.3873 
-60.8373 
-60.3286 
-59.8547 
-59.4103 
-58.9901 
-58.5891 
-58.2006 
-57.8222 
-57.451 
-57.0916 
-56.7629 
-56.4877 
-56.2672 
-56.0522 
-55.7488 
-55.0545 
13.2267 
16.4472 
-35.1039 
-40.8653 
-26.7107 
-12.4031 
3.12074 
19.7882 
29.8022 
44.2755 
60.3962 
78.1665 
96.9557 
115.326 
130.767 
139.319 
135.561 
114.013 
72.6476 
21.8248 
11.2565 
21.5908 
36.4221 
20.9058 
9.28897 
10.3927 
22.7087 
12.1732 
13.0727 
13.9875 
14.9301 
15.869 
16.7655 
17.5709 
18.2339 
18.698 
18.9088 
18.8166 
18.3845 
17.5944 
16.4545 
15.0024 
13.3051 
11.4536 
9.55106 
7.7017 
5.99548 
4.49867 
3.24807 
2.25233 
1.49668 
0.950484 
0.574971 
0.330012 
0.178928 
0.0911938 
0.0434553 
0.0192432 
0.0078661 
0.00294761 
0.00100578 
0.000310061 
8.52926e-05 
2.05514e-05 
4.25313e-06 
7.46163e-07 
1.10816e-07 
1.40447e-08 
1.53427e-09 
1.4479e-10 
1.17657e-11 
8.62025e-13 
2.34387e-14 
-3.64636e-15 
8.59579e-15 
-2.00615e-14 
2.11007e-14 
1.97571e-14 
2.01323e-14 
9.71993e-15 
6.81083e-15 
-2.61274e-15 
6.62329e-14 
-1.55009e-15 
-8.66937e-16 
1.95065e-14 
-1.02568e-14 
-2.64075e-15 
-3.62835e-15 
4.66076e-15 
-1.8133e-14 
-7.08849e-14 
9.85412e-15 
1.82189e-14 
-3.59492e-14 
0 
-5.72958e-15 
6.77107e-15 
-6.77047e-15 
8.8512e-15 
7.80343e-15 
-9.3526e-15 
-3.63438e-15 
5.19656e-15 
-3.69868e-15 
1.69126e-14 
1.14613e-14 
1.40154e-15 
5.09979e-15 
8.64544e-14 
7.25095e-13 
1.08931e-10 
2.80743e-08 
7.46044e-06 
0.0019563 
0.45762 
20.8767 
67.4774 
699.346 
1201.6 
1495.4 
432.549 
28.3735 
-60.9089 
-87.2837 
-95.2806 
-96.7191 
-95.5666 
-93.3674 
-90.7787 
-88.0958 
-85.456 
-82.9215 
-80.5186 
-78.2574 
-76.1403 
-74.1647 
-72.3268 
-70.6209 
-69.0418 
-67.5834 
-66.2391 
-65.003 
-63.8683 
-62.8279 
-61.8755 
-61.0042 
-60.2084 
-59.4815 
-58.8175 
-58.2111 
-57.6552 
-57.1446 
-56.6738 
-56.2373 
-55.8296 
-55.4455 
-55.0799 
-54.7265 
-54.3805 
-54.0368 
-53.6962 
-53.3718 
-53.0903 
-52.8729 
-52.6943 
-52.4895 
-52.1025 
-0.389753 
-16.9045 
26.4534 
40.5963 
56.3263 
73.7837 
92.5152 
111.306 
127.947 
138.861 
138.931 
122.43 
86.0489 
20.1721 
17.2396 
23.6017 
25.391 
27.2123 
29.0922 
30.99 
32.83 
34.5262 
35.9798 
37.0811 
37.7178 
37.7875 
37.203 
35.9144 
33.914 
31.2525 
28.041 
24.4418 
20.655 
16.8905 
13.3432 
10.1658 
7.45708 
5.25727 
3.55467 
2.29932 
1.41848 
0.831502 
0.46118 
0.240871 
0.117851 
0.0537001 
0.0226389 
0.00876822 
0.00309857 
0.000991971 
0.000284693 
7.20152e-05 
1.57229e-05 
2.91296e-06 
4.55356e-07 
6.04208e-08 
6.88028e-09 
6.76495e-10 
5.71684e-11 
4.26377e-12 
2.91161e-13 
-2.2659e-14 
2.94346e-14 
-7.45119e-14 
1.79723e-14 
5.53509e-14 
4.4125e-14 
2.7898e-14 
2.0952e-15 
2.03542e-15 
-1.2209e-14 
-1.65881e-14 
1.81933e-14 
-4.06257e-14 
-1.56293e-15 
-1.0418e-15 
2.60427e-15 
-4.1664e-15 
2.60321e-15 
6.2425e-15 
-5.71446e-15 
7.26336e-15 
1.91965e-14 
7.3948e-15 
7.13881e-15 
-1.56359e-15 
1.05639e-14 
1.25721e-13 
7.11157e-12 
1.73933e-09 
4.56727e-07 
0.000121481 
0.0307931 
4.96576 
48.1691 
956.269 
1415.33 
149.51 
-30.1943 
-77.8062 
-92.5379 
-96.4834 
-96.3393 
-94.5444 
-92.0982 
-89.4378 
-86.7657 
-84.1733 
-81.7027 
-79.37 
-77.1809 
-75.135 
-73.2287 
-71.4576 
-69.816 
-68.298 
-66.8974 
-65.6079 
-64.4234 
-63.3367 
-62.3413 
-61.43 
-60.5974 
-59.8368 
-59.142 
-58.5075 
-57.9272 
-57.3946 
-56.9045 
-56.4517 
-56.0301 
-55.6349 
-55.2608 
-54.9023 
-54.5521 
-54.2088 
-53.8657 
-53.5302 
-53.2237 
-52.9722 
-52.7812 
-52.5991 
-52.3399 
-51.6879 
48.2422 
64.8516 
83.0465 
102.014 
120.081 
134.407 
140.622 
133.065 
106.716 
61.1228 
26.2973 
28.1475 
30.0442 
31.9214 
33.7024 
35.2901 
36.5811 
37.4638 
37.8296 
37.5814 
36.6489 
35.0014 
32.6603 
29.7066 
26.278 
22.5594 
18.7577 
15.0794 
11.7006 
8.749 
6.2932 
4.34623 
2.87529 
1.81709 
1.09327 
0.623727 
0.335913 
0.169925 
0.0802948 
0.0352224 
0.0142454 
0.00527463 
0.00177592 
0.000539213 
0.000145656 
3.43176e-05 
6.91265e-06 
1.17626e-06 
1.69189e-07 
2.07696e-08 
2.19758e-09 
2.00415e-10 
1.56803e-11 
1.09537e-12 
-1.04179e-15 
-5.20942e-15 
-4.45457e-14 
-5.47088e-14 
5.36196e-14 
5.83228e-14 
3.44242e-14 
1.77445e-14 
9.99659e-15 
-1.47169e-15 
5.20951e-16 
-9.37554e-15 
1.6667e-14 
-3.12442e-15 
-8.84685e-15 
1.55932e-15 
2.59483e-15 
-5.18247e-15 
-9.903e-15 
-1.73755e-14 
2.15931e-15 
3.16564e-14 
338.787 
490.922 
-8.10584 
6.58671 
33.3553 
19.1732 
21.0162 
24.4975 
-2.65706e-14 
6.55761e-14 
2.25902e-14 
5.70768e-15 
786.857 
9.50893e-14 
4.01019e-13 
-5.06098e-12 
2.3074e-09 
1.57265e-06 
0.000550918 
0.0957723 
21.1462 
256.945 
-1.17845e-14 
152.88 
-6.88052e-15 
-1.58156e-14 
560.104 
670.128 
-7.85227 
1254.73 
1401.3 
457.436 
804.279 
759.283 
140.84 
28.459 
-17.9662 
-39.5416 
-50.287 
-55.7734 
-58.4979 
-59.6855 
-59.9828 
-59.7483 
-59.1907 
-58.4381 
-57.571 
-56.6423 
-55.6878 
-54.7317 
-53.7915 
-52.8792 
-52.0031 
-51.1695 
-50.3817 
-49.6414 
-48.9492 
-48.3047 
-47.7074 
-47.1559 
-46.648 
-46.1825 
-45.7557 
-45.3645 
-45.0057 
-44.6761 
-44.3714 
-44.0876 
-43.82 
-43.5638 
-43.3119 
-43.0594 
-42.7968 
-42.5283 
-42.2715 
-42.0617 
-41.9313 
-41.7976 
-41.5835 
-40.9303 
-35.7911 
48.5331 
13.3959 
26.6431 
6.76186 
10.1747 
-16.915 
-12.1605 
19.9637 
23.3544 
38.0927 
65.2548 
83.604 
102.77 
121.077 
135.669 
142.136 
134.778 
108.581 
63.5223 
50.8925 
52.1352 
43.2919 
46.8658 
41.5747 
52.4672 
35.9316 
46.16 
45.0909 
54.6393 
56.8247 
-1.97993e-14 
55.7524 
59.4567 
63.1308 
66.6045 
69.6991 
72.214 
73.9364 
74.6581 
74.1939 
72.4075 
69.2369 
64.7174 
58.9971 
52.3318 
45.0693 
37.607 
30.346 
23.6378 
17.7434 
12.8118 
8.88138 
5.89733 
3.74074 
2.25913 
1.29387 
0.699632 
0.355402 
0.168675 
0.0743306 
0.0302049 
0.0112378 
0.00380208 
0.00116026 
0.000315116 
7.4665e-05 
1.51211e-05 
2.58503e-06 
3.73223e-07 
4.59565e-08 
4.87557e-09 
4.4621e-10 
3.50214e-11 
2.58946e-12 
1.19024e-13 
3.12551e-15 
3.56886e-14 
-4.11656e-14 
9.71417e-14 
1.3162e-13 
5.86392e-14 
5.25352e-14 
2.35954e-14 
1.59715e-15 
4.1318e-15 
-5.30288e-15 
-4.68836e-15 
4.25764e-14 
-4.04203e-14 
3.11469e-14 
1.01476e-14 
-5.43467e-14 
-4.08084e-14 
1.30251e-14 
-3.22695e-15 
2.92998e-14 
4.27872e-14 
-8.33538e-15 
-1.45903e-14 
-4.45547e-15 
6.92588e-14 
6.12316e-14 
-2.60426e-14 
3.38553e-14 
-4.06193e-14 
-9.88943e-15 
5.19865e-15 
5.18928e-15 
-7.25722e-15 
2.44251e-14 
-6.79842e-14 
2.31162e-14 
5.06704e-14 
2.54338e-14 
-3.81258e-14 
-7.59125e-15 
-1.79584e-14 
2.98156e-14 
3.57097e-14 
7.57604e-14 
1313.99 
1186.14 
40.8452 
44.7448 
50.3726 
63.317 
-9.88472e-15 
1.88037e-14 
-7.33597e-15 
263.726 
1199.15 
1389.41 
2.75453e-13 
-2.50322e-13 
2.53849e-11 
6.82055e-08 
3.11923e-05 
0.008499 
1.00674 
117.253 
470.695 
1045.8 
1204.84 
-3.89287 
-0.175721 
1082.59 
1.83177e-13 
256.802 
71.5655 
0.607407 
-30.6762 
-45.8133 
-53.4888 
-57.3858 
-59.234 
-59.9188 
-59.9164 
-59.5003 
-58.8329 
-58.015 
-57.1119 
-56.1664 
-55.2086 
-54.2588 
-53.3312 
-52.4362 
-51.5808 
-50.7697 
-50.0056 
-49.2893 
-48.621 
-48.0003 
-47.426 
-46.8966 
-46.4101 
-45.9645 
-45.5558 
-45.1812 
-44.8375 
-44.5209 
-44.2272 
-43.9521 
-43.691 
-43.4379 
-43.1858 
-42.9305 
-42.6626 
-42.3959 
-42.1561 
-41.9889 
-41.867 
-41.7013 
-41.3548 
-23.5189 
90.7767 
3.4041 
33.5702 
2.40282 
56.6694 
74.2593 
93.1662 
112.176 
129.073 
140.254 
140.555 
124.224 
88.0487 
40.1021 
36.8352 
2.00063e-14 
0.0111096 
4.28231e-05 
50.6585 
48.6241 
70.015 
57.6016 
1.58615e-07 
53.9273 
72.3023 
61.3125 
64.9035 
68.2107 
71.0429 
73.1881 
74.4346 
74.5844 
73.4713 
70.995 
67.1393 
61.9933 
55.7626 
48.7506 
41.3369 
33.9272 
26.9041 
20.5768 
15.1524 
10.723 
7.27734 
4.72471 
2.92562 
1.72152 
0.958586 
0.502722 
0.247022 
0.113064 
0.0478881 
0.0186362 
0.0066176 
0.00212901 
0.000614228 
0.000156242 
3.43029e-05 
6.38767e-06 
1.00271e-06 
1.33498e-07 
1.52445e-08 
1.50305e-09 
1.27408e-10 
9.47811e-12 
7.23997e-13 
-4.16698e-14 
4.29797e-14 
-5.86222e-14 
4.09049e-14 
1.25115e-13 
7.46934e-14 
4.26096e-14 
4.22289e-14 
1.43668e-14 
9.39345e-15 
1315.51 
-7.28457e-15 
1.44924e-14 
8.62064e-15 
5.92917e-10 
2.77129e-12 
464.783 
-4.67296e-15 
895.272 
-1.05304e-14 
16.7483 
5.9374e-14 
4.63536e-14 
-1.51052e-14 
3.64589e-15 
-1.09385e-14 
2.14757e-14 
-1.12833e-14 
-1.39045e-15 
-1.04136e-14 
-1.04043e-14 
-1.03891e-15 
7.26379e-15 
-3.11126e-15 
6.96526e-14 
-1.01493e-14 
1.08353e-14 
1252.78 
0.000694856 
382.472 
2.60709e-06 
2.29265e-14 
6.06783e-14 
7.76377e-14 
9.53807e-14 
1.59376e-13 
8.82843e-14 
1.43296e-14 
5.60087e-14 
-3.25566e-14 
5.38843e-13 
7.71317e-12 
1.0639e-10 
1.30144e-09 
1.36361e-08 
1.23238e-07 
9.55834e-07 
6.28756e-06 
3.47913e-05 
0.000162603 
0.000652766 
0.00230145 
0.0072585 
0.0207078 
0.0538333 
0.128419 
0.283158 
0.581008 
1.11603 
2.01754 
3.44901 
5.59949 
8.66567 
12.823 
18.1891 
24.7861 
32.5102 
41.1183 
50.2398 
59.4129 
68.1426 
75.9632 
82.4936 
87.4686 
90.7633 
92.3777 
92.4233 
58.9902 
77.4607 
118.37 
139.374 
142.519 
133.315 
117.254 
-35.8864 
-36.2397 
-36.359 
-36.4447 
-36.5527 
-36.747 
-36.9761 
-37.2051 
-37.4203 
-37.6253 
-37.8278 
-38.0348 
-38.2528 
-38.4859 
-38.7379 
-39.012 
-39.3113 
-39.6377 
-39.9929 
-40.3788 
-40.7961 
-41.2442 
-41.7227 
-42.2301 
-42.7637 
-43.32 
-43.8942 
-44.4795 
-45.0657 
-45.6396 
-46.1836 
-46.674 
-47.079 
-47.3545 
-47.4383 
-47.2398 
-46.624 
-45.3803 
-43.1695 
-39.419 
-33.1077 
-22.3191 
-3.16194 
238.475 
20.7038 
0.171891 
2.07397e-14 
-4.26739e-14 
5.46875e-14 
-1.60236e-14 
5.70325e-15 
1.35015e-14 
-1.61243e-14 
-2.34306e-14 
-4.71285e-14 
1.72392e-15 
3.22434e-14 
7.82161e-14 
6.90637e-14 
1.61989e-13 
1.30824e-13 
6.27921e-14 
5.49774e-14 
8.85637e-15 
2.10962e-14 
2.09681e-12 
2.87468e-11 
3.7962e-10 
4.292e-09 
4.17602e-08 
3.50085e-07 
2.50426e-06 
1.51149e-05 
7.67561e-05 
0.000331583 
0.00124409 
0.00414101 
0.0124084 
0.0337635 
0.0840033 
0.192491 
0.409112 
0.81164 
1.5115 
2.65564 
4.42196 
7.00625 
10.5988 
15.3509 
21.337 
28.5191 
36.7238 
45.6416 
54.8501 
63.8632 
72.1934 
79.4095 
85.1867 
89.3291 
91.7752 
92.5862 
91.915 
89.9792 
87.027 
83.3174 
79.0996 
74.5969 
100.276 
131.369 
142.871 
139.091 
125.85 
107.972 
88.6826 
69.9182 
30.1468 
-36.1399 
-36.3014 
-36.3992 
-36.4856 
-36.6414 
-36.8591 
-37.0918 
-37.3153 
-37.5228 
-37.7263 
-37.9303 
-38.1422 
-38.3672 
-38.6094 
-38.872 
-39.1584 
-39.471 
-39.8117 
-40.1819 
-40.5835 
-41.0163 
-41.4797 
-41.973 
-42.4937 
-43.0393 
-43.6053 
-44.1861 
-44.7732 
-45.3551 
-45.9166 
-46.4371 
-46.8895 
-47.2363 
-47.4252 
-47.3814 
9.67359e-09 
-46.9948 
-46.098 
-44.4245 
-41.5369 
-36.6741 
-28.4499 
-14.1631 
11.9206 
63.3415 
5.18275e-13 
3.72202e-11 
65.5099 
52.6797 
33.0341 
108.156 
285.803 
176.771 
98.3578 
79.1538 
37.25 
61.0756 
48.502 
91.0897 
88.6145 
85.2507 
61.1518 
81.258 
67.7403 
76.8743 
-8.50068e-15 
-1.5989e-15 
-1.08982e-14 
1.29435e-14 
-8.62817e-30 
-3.0733e-14 
1.03775e-14 
-1.24782e-14 
-5.72543e-15 
8.433e-12 
690.189 
89.5715 
6.66824e-13 
1.06289e-11 
-23.7133 
2.12127e-14 
4.59021e-15 
69.0626 
1.95474e-05 
2.809e-14 
0.0874837 
3.58197 
13.7742 
-1.60482e-14 
813.554 
-27.164 
594.978 
1.82307e-13 
-3.85087 
0.149223 
340.995 
61.4752 
99.1232 
484.213 
489.75 
2.628e-13 
7.95983e-13 
174.681 
91.4893 
46.1479 
19.5278 
2.95279 
-7.84709 
-15.1294 
-20.1682 
-22.0936 
-9.12105 
-11.5674 
3.11149e-09 
-26.2324 
-28.0234 
-29.2862 
-30.1592 
-30.7396 
-31.0995 
-31.2911 
-31.3553 
-31.3241 
-31.2218 
-31.068 
-30.8779 
-30.6637 
-30.4355 
-30.2012 
-29.9675 
-29.7399 
-29.5219 
-29.3164 
-29.1247 
-28.948 
-28.7867 
-28.6388 
-28.5032 
-28.3768 
-28.2563 
-28.135 
-28.001 
-27.8483 
-27.6766 
-27.5036 
-27.3811 
-27.3553 
-27.2588 
-27.2046 
-23.426 
-26.547 
126.428 
149.904 
891.864 
893.078 
707.015 
657.535 
-12.1889 
-8.11907 
23.5326 
1.15964 
8.76463 
124.311 
110.816 
67.1846 
77.4962 
37.4882 
79.7115 
89.3386 
94.5858 
118.274 
134.628 
144.121 
141.206 
120.369 
53.0154 
57.341 
52.0257 
4.38605e-14 
61.5662 
71.6173 
95.6388 
1.08557e-14 
104.888 
-2.45124e-14 
-5.72158e-15 
101.819 
116.087 
92.5816 
105.738 
107.897 
122.828 
83.7254 
116.237 
120.847 
122.742 
138.945 
80.8227 
92.5073 
126.302 
126.508 
124.671 
120.629 
114.349 
105.952 
95.7405 
84.1704 
71.8292 
59.3663 
47.4182 
36.529 
27.0864 
19.2932 
13.1719 
8.59837 
5.35087 
3.163 
1.76859 
0.930996 
0.458949 
0.210618 
0.0893712 
0.0348042 
0.0123502 
0.00396484 
0.00113942 
0.000287785 
6.24111e-05 
1.1412e-05 
1.75093e-06 
2.27325e-07 
2.5291e-08 
2.4252e-09 
1.98995e-10 
1.40009e-11 
9.46643e-13 
-1.32571e-13 
2.70926e-14 
1.12829e-13 
1.22468e-13 
2.25941e-13 
1.65868e-13 
1.47198e-13 
9.47541e-14 
5.03682e-14 
1.02358e-13 
4.96251e-14 
0.00558606 
0.0463257 
1143.86 
-1.45179e-14 
794.802 
638.039 
720.826 
4.37778e-14 
-4.24863e-14 
4.12119e-14 
1.53577e-14 
-9.37588e-15 
3.90611e-14 
-2.7084e-14 
9.53381e-15 
-2.291e-14 
-4.1088e-14 
5.60523e-14 
3.4284e-14 
-2.76055e-14 
-2.92786e-14 
3.00251e-14 
3.61819e-15 
3.69997e-15 
-4.19975e-15 
-2.88679e-14 
-2.23998e-14 
1.58706e-10 
2.69606e-09 
841.33 
1.0894e-06 
1.15156e-05 
3.25954e-14 
7.4891e-14 
388.839 
277.032 
457.81 
-2.21566e-14 
-5.81786e-14 
45.028 
49.0847 
-1.89608e-14 
7.92106e-14 
2.96216e-14 
16.915 
20.2787 
-1.56226e-15 
8.35209e-15 
86.6313 
95.7501 
99.0156 
-4.21731e-14 
6.72208e-14 
8.08334e-14 
10.3434 
13.7103 
4.89564e-14 
1.40563e-14 
962.534 
916.967 
7.34966e-15 
1.32199e-14 
-1.05335e-15 
0.000336596 
0.00296194 
-22.6622 
-26.9849 
-16.1888 
68.0001 
79.5183 
71.1799 
-13.6635 
-25.0796 
-23.4048 
79.2257 
71.8628 
41.3009 
822.364 
4.37492e-08 
5.90291e-08 
0.000185486 
18.4272 
-2.99635 
674.844 
37.1494 
10.3165 
198.202 
242.812 
7.10682 
65.6437 
31.187 
26.8166 
11.5479 
-11.8319 
-17.8733 
-15.4661 
-27.2046 
-28.7109 
-29.7647 
-30.4813 
-30.9438 
-31.2134 
-31.3368 
-31.3498 
-31.2805 
-31.1503 
-30.9767 
-30.773 
-30.5508 
-30.3185 
-30.0839 
-29.8525 
-29.6295 
-29.4175 
-29.2187 
-29.0344 
-28.8655 
-28.7112 
-28.5697 
-28.4389 
-28.3163 
-28.196 
-28.0691 
-27.9281 
-27.7627 
-27.5856 
-27.4272 
-27.3594 
-27.3202 
-23.4223 
66.2671 
95.302 
114.108 
0.697594 
140.579 
125.512 
141.793 
119.499 
659.755 
30.3492 
70.392 
84.7924 
123.374 
127.014 
108.859 
131.716 
104.452 
140.552 
144.595 
133.288 
66.0721 
3.29726e-14 
4.37908e-14 
8.33737e-15 
102.338 
77.8951 
89.2514 
495.619 
507.847 
-3.19781e-14 
-2.89366e-14 
102.338 
1.67088e-10 
98.7226 
60.0737 
-1.56186e-15 
113.608 
118.664 
136.936 
142.542 
126.645 
142.786 
125.858 
122.932 
117.765 
110.4 
101.049 
90.0908 
78.056 
65.5716 
53.2904 
41.8128 
31.6098 
22.9781 
16.0285 
10.7039 
6.82502 
4.14151 
2.38235 
1.29331 
0.659285 
0.313828 
0.13861 
0.0563982 
0.0209835 
0.00708936 
0.00215715 
0.000582786 
0.000136785 
2.72817e-05 
4.56782e-06 
6.43687e-07 
7.72516e-08 
7.97991e-09 
7.08827e-10 
5.36829e-11 
3.72778e-12 
6.12022e-14 
-7.6578e-14 
1.18819e-13 
1.32922e-13 
1.5049e-13 
2.51628e-13 
1.29391e-13 
1.20685e-13 
-1.96648e-14 
9.83939e-15 
1181.03 
1220.71 
-1.52704e-14 
113.373 
33.9511 
-4.12837e-14 
6.7726e-15 
1.87599e-14 
-7.10701e-15 
2.06432e-14 
109.171 
-1.19723e-14 
-2.75465e-14 
1.44579e-14 
-1.21985e-14 
-2.44231e-14 
4.09299e-14 
-3.84122e-14 
26.9749 
7.09561e-07 
6.41881e-15 
-2.96499e-14 
5.93346e-14 
2.68127e-14 
1.97073e-13 
1.41434e-13 
1.7073e-13 
2.30171e-13 
1.70285e-13 
1.25348e-13 
1.11275e-13 
-7.13764e-14 
-6.0947e-14 
2.78706e-12 
4.18352e-11 
5.76401e-10 
6.72289e-09 
6.7179e-08 
5.776e-07 
4.23173e-06 
2.60686e-05 
0.000134319 
0.000585027 
0.00220269 
0.00733917 
0.021981 
0.0596931 
0.148025 
0.337712 
0.714143 
1.4089 
2.60796 
4.55264 
7.52898 
11.8425 
17.7755 
25.5303 
35.1714 
46.5746 
59.4096 
73.1545 
-23.4655 
-23.4905 
-23.4955 
-23.6098 
-23.7585 
-23.8973 
-3.37855e-15 
-7.81188e-15 
-2.73119e-14 
-24.011 
-25.7166 
-24.1069 
-24.1929 
-24.2781 
-24.3695 
-24.4689 
-24.578 
-24.6977 
-24.8277 
-24.9664 
-25.1108 
-25.2572 
-25.5516 
-25.401 
-25.5353 
-25.6524 
-25.7419 
-25.7926 
-25.7898 
-3.63704e-14 
3.54156e-14 
1.51494e-13 
1.65216e-13 
2.23151e-13 
1.41145e-13 
1.32419e-13 
1.56353e-14 
-1.65665e-13 
6.38065e-13 
1.07138e-11 
1.58586e-10 
2.00872e-09 
2.16515e-08 
2.00788e-07 
1.59637e-06 
1.074e-05 
6.04918e-05 
0.000285925 
0.00115421 
0.00407773 
0.0128638 
0.0366547 
0.0950314 
0.225814 
0.495565 
1.01143 
1.93154 
3.47007 
5.8929 
9.49979 
14.5912 
21.4175 
30.1181 
40.6684 
126.043 
52.8415 
66.2077 
80.1643 
-17.0194 
94.0091 
107.028 
118.574 
128.137 
135.382 
140.159 
142.492 
357.788 
131.97 
2.67294e-14 
139.069 
145.829 
138.669 
-23.4924 
-23.4825 
-23.5436 
-23.6831 
-23.8293 
-23.9574 
-24.0617 
-24.1506 
-24.2351 
-24.3229 
-24.4182 
-24.5224 
-24.6365 
-24.7615 
-24.8962 
-25.0382 
-25.1841 
-25.3297 
-25.4698 
-25.5967 
-25.7012 
-25.7729 
-25.7988 
-25.7632 
-25.6473 
-25.4266 
-25.0726 
-24.5472 
-23.802 
-22.7755 
-25.2686 
-23.3288 
-22.1318 
-24.8342 
5.85505 
-20.5195 
-24.2057 
50.0231 
264.656 
87.0635 
-6.25519 
1.1064 
-2.88329 
-18.36 
-19.5181 
-21.385 
87.146 
205.109 
100.665 
113.021 
128.797 
75.2469 
114.151 
144.567 
143.609 
92.9571 
-1.09592e-14 
123.628 
132.062 
112.632 
134.596 
129.105 
138.081 
141.624 
1160.84 
6.23065e-15 
-4.21262e-14 
1.85749e-14 
-7.0116e-14 
111.878 
-5.81113 
1.47861e-14 
6.93124e-15 
157.488 
82.6193 
-17.1484 
601.167 
161.908 
1.90311e-08 
127.608 
4.49058e-14 
-1.04101e-14 
2.13374e-13 
-0.323906 
1.50493e-14 
-4.19983 
2.71203 
158.703 
172.415 
146.438 
47.4212 
1.75585e-13 
7.27746 
-7.61254e-14 
19.7474 
-4.69183e-14 
392.492 
70.4016 
831.394 
25.0966 
35.7667 
31.3487 
42.6326 
4.6642 
119.909 
137.666 
129.413 
-16.8671 
-14.2747 
-2.38113 
4.82906 
-11.5229 
-13.012 
-14.1807 
-8.50706 
104.518 
-10.6339 
-4.9186 
38.7036 
50.6522 
-12.3119 
-6.96595 
-9.63343 
-3.71208 
-13.632 
-8.60625 
-17.3992 
-17.1854 
-15.4663 
-4.3104e-14 
-2.96971e-14 
-16.0789 
-16.5393 
-16.876 
-17.1134 
-17.2722 
-17.3688 
-13.749 
-15.0913 
-10.4683 
-17.4307 
-17.4337 
-17.4171 
-17.3883 
-17.354 
-17.319 
-17.2861 
-17.2567 
-17.2309 
-17.2091 
-17.1978 
-14.0981 
-14.1 
-15.7937 
-11.3943 
-17.1686 
-14.0943 
-17.0891 
-17.0022 
-16.8963 
-16.8038 
-16.8403 
-16.7918 
244.016 
-8.84769 
74.9103 
5.19299 
195.211 
212.697 
143.732 
-4.12776e-14 
2.83104e-14 
115.152 
85.4238 
105.316 
110.774 
133.023 
95.2111 
84.9872 
145.23 
147.586 
148.63 
75.7799 
80.8363 
66.5199 
71.3169 
87.2749 
0.591116 
4.04442 
20.4296 
7.69168 
16.3533 
95.8921 
-5.93371e-14 
-6.33316e-14 
85.9707 
9.68048e-05 
139.675 
152.353 
127.388 
168.751 
2.25561e-14 
155.235 
168.789 
504.543 
509.844 
111.781 
171.102 
172.821 
1133.13 
172.133 
170.791 
185.805 
184.275 
135.571 
147.983 
162.514 
130.855 
147.85 
134.883 
145.468 
208.39 
326.944 
2.0101 
12.9183 
9.88817 
-16.85 
-13.9533 
95.2159 
78.4583 
151.553 
164.921 
62.4375 
47.8724 
35.2792 
24.932 
16.8551 
10.8721 
6.66974 
3.8767 
2.12533 
1.09354 
0.525066 
0.23375 
0.0957562 
0.0358128 
0.0121418 
0.00370193 
0.000999781 
0.000233442 
4.60004e-05 
7.55802e-06 
1.04088e-06 
1.21877e-07 
1.22653e-08 
1.05629e-09 
7.63437e-11 
4.70257e-12 
1.07824e-13 
-1.1254e-13 
4.37884e-14 
1.28814e-13 
1.28648e-13 
2.18228e-13 
2.28598e-13 
-2.6858e-14 
6.37518e-14 
0.393366 
2.13397 
169.449 
183.495 
123.376 
134.895 
57.8389 
84.639 
71.2694 
115.521 
125.208 
107.315 
6.07004e-11 
85.6959 
100.767 
153.419 
165.373 
-3.90201e-14 
-3.53911e-14 
3.85368e-14 
-3.43279e-14 
-4.84084e-14 
-2.44795e-14 
998.285 
708.693 
1036.12 
-1.56874e-14 
141.027 
137.841 
-4.82208e-14 
-4.16532e-14 
-7.07234e-14 
1.07775e-09 
1.05223e-08 
-1.06507e-13 
-7.8447e-14 
7.55254e-14 
131.463 
139.212 
143.588 
-7.81256e-15 
-1.60353e-14 
49.3963 
1.82223e-14 
1.81195e-15 
5.7071e-06 
4.13408e-05 
1.13184e-14 
3.2031e-14 
1.6038e-14 
-5.83443e-14 
-2.08312e-15 
2.1006e-14 
9.7832e-15 
-5.35569e-15 
0.0255062 
0.151282 
41.5574 
45.5219 
13.8614 
17.193 
2.24549e-13 
2.20179e-13 
2.52656e-13 
167.332 
181.343 
-2.60381e-15 
1.06737e-14 
172.242 
185.146 
186.25 
1021.68 
1107.87 
987.452 
-1.64624e-15 
6.22127e-15 
372.105 
57.7169 
53.6304 
62.2315 
34.1603 
37.885 
95.3265 
100.74 
124.522 
129.619 
92.6786 
100.96 
70.3068 
84.9014 
76.122 
-16.8066 
-13.955 
-14.0092 
127.95 
174.737 
144.609 
276.496 
100.033 
11.1575 
20.2613 
314.459 
100.064 
109.601 
101.66 
-13.5543 
-17.3272 
90.6938 
197.504 
-12.9112 
-17.0058 
-14.0994 
60.0855 
145.516 
-10.959 
-5.99866 
-1.18914e-14 
120.416 
307.955 
-2.36488 
15.1428 
24.7258 
-7.83209 
-2.82411e-14 
29.8514 
810.637 
650.748 
-7.2391 
-14.665 
10.6514 
-11.7798 
-16.3262 
-12.1203 
-16.7216 
-13.11 
-17.2016 
-13.6602 
-17.4191 
-17.4352 
-17.4275 
-17.4038 
-17.3715 
-17.3363 
-17.3025 
-17.2711 
-17.2434 
-17.2198 
-17.1222 
-17.0471 
-16.9504 
-16.8429 
-16.797 
323.446 
-13.8227 
322.865 
189.186 
-6.14613 
-8.69723 
-2.03434 
396.223 
230.062 
404.445 
261.088 
-2.08638e-15 
1.05341e-13 
0.825155 
3.30997e-07 
3.3642e-14 
-16.8809 
120.518 
2.544e-12 
3.40521e-12 
4.175e-11 
147.822 
140.137 
137.61 
6.46501e-14 
107.935 
118.327 
228.122 
2.63748e-14 
105.712 
6.65752e-10 
7.20754 
2.47458e-13 
-2.02848e-14 
48.7402 
147.705 
1.66132e-07 
164.802 
122.412 
115.596 
175.751 
172.799 
175.197 
158.317 
165.994 
182.007 
141.653 
313.547 
446.673 
102.919 
86.7959 
103.613 
93.8703 
120.802 
160.864 
67.6363 
54.9354 
59.5368 
41.3063 
29.8182 
20.6165 
13.6192 
8.57108 
5.12075 
2.89233 
1.53716 
0.764613 
0.353821 
0.151249 
0.0592597 
0.0211193 
0.00679874 
0.00195587 
0.0004928 
0.000105971 
1.90751e-05 
2.865e-06 
3.63139e-07 
3.93942e-08 
3.67411e-09 
2.90652e-10 
1.91726e-11 
1.10623e-12 
-1.57069e-13 
-6.15015e-14 
1.22038e-13 
1.4574e-13 
1.26408e-13 
2.20332e-13 
-1.23256e-14 
2.02156e-13 
-14.0844 
0.00160159 
27.1465 
-5.20922e-15 
-1.09939e-14 
1.20545e-14 
1.0234e-14 
22.6473 
-1.03218e-15 
186.756 
0.00048595 
-1.28769e-14 
-2.26419e-14 
0.00196618 
4.24469e-14 
-6.47262e-16 
2.62968e-14 
119.443 
126.495 
130.645 
2.21258e-13 
303.939 
1.29424e-13 
1.51087e-13 
1.28315e-13 
-1.90279e-14 
-1.39896e-13 
6.58364e-13 
1.4177e-11 
2.28043e-10 
3.00807e-09 
3.33744e-08 
3.17535e-07 
2.587e-06 
1.77925e-05 
0.000101896 
2.08856e-13 
1.16353e-13 
1.23904e-13 
7.77289e-14 
-6.41134e-14 
6.929e-14 
3.25865e-12 
5.83911e-11 
8.4778e-10 
1.02217e-08 
1.04902e-07 
9.24756e-07 
6.9364e-06 
4.35841e-05 
0.000227484 
0.000996156 
0.00375028 
0.0124619 
0.0371677 
0.100332 
0.246875 
0.0069349 
0.558202 
1.16885 
2.28174 
4.17683 
7.20576 
11.7694 
18.2693 
0.0218012 
27.0411 
38.2659 
51.9015 
-13.8922 
159.384 
-13.8602 
-13.9373 
1.5181e-14 
-13.9711 
-13.8541 
-13.8969 
-14.0912 
-14.0862 
-14.0829 
-14.0801 
-14.0753 
-14.0651 
-14.0434 
-14.0022 
-14.0133 
-13.2816 
-14.069 
-14.0948 
-14.0883 
-14.0846 
-14.0816 
-14.0781 
-14.0712 
-14.0561 
-14.0259 
-9.91698 
645.13 
-0.859208 
-9.29901 
-12.4199 
-13.9715 
-12.6824 
-13.4291 
-13.8831 
-13.9323 
0.000650483 
-14.043 
-13.9774 
0.0618076 
0.159137 
0.374978 
0.815171 
1.22092e-14 
1.23149e-13 
7.35073e-14 
1.64686 
2.61912e-06 
-13.9978 
3.11106 
143.905 
5.52529 
9.26987 
118.896 
156.662 
178.745 
170.655 
186.621 
178.983 
152.729 
111.935 
14.7536 
22.3552 
32.3438 
44.7952 
30.6681 
0.010068 
23.806 
1.98958e-15 
2.36615e-14 
13.4464 
110.005 
3.04615 
-7.02441 
-8.47927 
189.723 
176.171 
88.0173 
-5.30262 
-8.77075 
198.823 
-8.60291 
8.04168e-14 
4.57735 
193.975 
-7.63061 
-2.22873e-14 
97.7811 
0.00331522 
7.46209 
104.022 
83.561 
212.439 
74.1061 
-4.40623 
21.6434 
769.261 
0.759035 
93.3785 
-3.60464e-14 
85.016 
109.482 
96.1154 
4.37333 
9.19847 
9.25677 
14.6628 
1.84592 
6.34514 
522.784 
5.84021 
10.8455 
10.7844 
-7.50749 
-4.56731 
-3.87838 
-0.216818 
-6.31726 
-8.56341 
-7.36689 
-4.38901 
-6.81713 
-3.70676 
91.4078 
-1.11192 
0.000331915 
-4.87936 
-1.3884 
-8.58952 
-0.223227 
3.99279 
-7.83227 
-7.98634 
-8.10577 
-8.20168 
-8.28205 
-8.35225 
-8.41682 
0.0990576 
-6.01757 
-2.73909 
9.51807e-15 
-8.448 
-5.85217 
-8.55671 
187.763 
20.6211 
295.943 
201.367 
2.54417e-14 
909.644 
890.466 
121.643 
-3.29099 
0.466089 
-6.58263 
-3.42011 
149.6 
1.63199e-13 
7.993 
147.52 
139.077 
81.4387 
86.7039 
71.8217 
76.8319 
37.8935 
4.20109 
7.46159 
2.91774e-15 
5.00726e-16 
-1.87828e-14 
87.0105 
-8.59506 
-6.06221 
2.84507e-10 
171.371 
182.003 
1.82359e-14 
5.84673e-15 
-2.08067e-14 
-8.59978 
-6.07845 
-1.40611e-14 
1.14555e-14 
7.59281e-08 
119.88 
636.272 
759.116 
634.97 
2.17685e-13 
56.5971 
2.52516e-14 
206.581 
203.117 
214.306 
25.0281 
32.035 
209.222 
220.638 
23.9261 
137.703 
147.401 
156.479 
117.487 
-8.5452 
68.0381 
51.1151 
0.0355285 
30.6963 
25.3109 
33.0222 
27.235 
90.754 
176.021 
13.1832 
10.3357 
11.1099 
145.541 
148.944 
6.09378 
6.53824 
1.18011e-14 
3.34971e-14 
1.76396 
0.0114903 
0.580595 
0.250703 
0.15943 
0.166801 
36.7954 
39.5663 
0.0600714 
0.0622632 
0.856893 
0.90894 
0.020477 
0.0209922 
0.00626738 
0.00634251 
1.68091e-13 
2.13802e-13 
0.000394201 
7.67491e-05 
1.23676e-05 
1.66365e-06 
1.89986e-07 
1.8618e-08 
1.55185e-09 
1.07024e-10 
5.85867e-12 
2.48744e-13 
-5.10845e-14 
8.87168e-14 
1.42321e-13 
1.09427e-13 
1.16139 
127.69 
135.873 
207.192 
152.011 
-4.20636e-14 
-3.44697e-14 
2.4644 
2.63217 
152.103 
197.84 
209.26 
1.67723e-11 
1.53246e-10 
355.574 
367.875 
193.7 
204.56 
-3.77881e-14 
-8.68219 
-6.39164 
14.8646 
4.93653 
39.7903 
212.058 
223.683 
-8.32673e-15 
-6.81614e-15 
38.1063 
-1.294e-15 
1.07841e-14 
1.78438e-14 
2.02042e-05 
0.000122063 
2.20082e-14 
1.61261e-14 
177.944 
191.884 
-3.65804e-14 
2.29109e-14 
2.06814e-14 
-7.56548e-15 
-4.10047e-15 
0.0818685 
0.437019 
4.15855e-14 
1.98111e-14 
204.502 
216.055 
15.8922 
22.0139 
17.2967 
20.5943 
2.08253e-15 
4.82818e-16 
8.26497e-15 
-1.17992e-14 
185.443 
173.583 
130.908 
135.977 
115.13 
123.643 
166.512 
176.965 
2.08442e-14 
-2.23558e-14 
2.6338e-14 
0.000834558 
0.000821717 
189.826 
196.54 
201.046 
-8.50643 
-1.05413e-13 
150.537 
150.819 
9.72852e-14 
1.08584e-13 
1.4723e-13 
111.748 
117.326 
8.89027e-13 
9.69013e-12 
4.65544e-09 
3.54492e-08 
-8.48868 
-6.0748 
-2.63839 
1.22147 
2.08028e-13 
1.34467e-13 
114.198 
2.03332e-13 
124.543 
43.3361 
51.8602 
69.3509 
5.66961e-14 
145.504 
139.889 
-3.36366e-14 
28.8901 
8.58477 
-3.09936 
-8.87941e-15 
127.379 
135.63 
120.304 
212.861 
7.70299 
309.599 
248.077 
44.5734 
-5.58978e-15 
-7.20667 
11.2439 
49.5243 
66.0552 
58.5002 
-8.71007 
156.678 
166.145 
64.7219 
0.103176 
-5.80711 
53.3083 
12.6607 
14.0425 
-5.61215 
-8.31799 
-5.36077 
-8.156 
-5.68102 
-4.1882 
96.8699 
101.577 
3.50554e-14 
-0.83319 
5.1122 
-7.73823 
-7.91443 
-8.04949 
-5.43183 
-1.88828 
-8.24355 
-5.66432 
-8.38501 
0.00186225 
0.00533564 
-2.33671 
-8.58303 
-8.57621 
0.0284127 
-8.53694 
430.071 
209.861 
-6.01304 
49.6907 
-0.103905 
2.34917e-09 
50.3536 
-4.72519 
2.26781e-13 
2.34148e-13 
28.3337 
18.6121 
127.07 
161.636 
171.893 
151.61 
133.267 
129.211 
143.499 
113.93 
84.63 
147.323 
156.905 
45.9948 
33.0846 
224.04 
212.119 
-6.03995 
-3.27203e-14 
-6.07634 
0.00332912 
0.00169504 
1.29932e-13 
181.045 
-6.04331 
-3.9617 
-8.63056 
-6.29552 
-6.35349 
138.28 
74.6959 
205.303 
1028.72 
1.74088e-14 
217.896 
27.3711 
30.836 
25.0079 
125.168 
107.22 
28.8201 
40.7934 
36.1664 
62.8586 
-6.40293 
-5.49699 
186.974 
180.876 
252.144 
498.828 
77.3143 
59.2787 
43.6081 
14.1789 
16.594 
22.1899 
1.23414e-06 
3.38569 
0.0117072 
1.24072 
0.0366296 
0.385564 
0.263358 
5.71029e-14 
8.04161e-06 
0.000178061 
3.15418e-05 
4.63487e-06 
5.73256e-07 
6.06201e-08 
5.49341e-09 
4.18011e-10 
2.5824e-11 
1.32592e-12 
-1.04196e-13 
2.3722e-14 
1.40129e-13 
1.58659e-13 
-1.20169e-15 
-8.33173e-15 
4.68748e-15 
-9.88336e-16 
146.351 
-5.89657 
-8.50962 
218.787 
209.383 
112.83 
125.14 
34.4689 
165.578 
130.703 
-4.32083e-14 
-6.34884e-14 
-6.22081 
19.313 
128.445 
93.0472 
-1.91442 
-5.61569e-14 
-8.04863e-14 
-8.72799e-14 
-1.13226e-14 
-1.27706e-14 
2.72264e-14 
5.23783e-13 
3.74912e-14 
3.97389e-14 
41.9724 
45.8035 
0.00168678 
-1.60116e-14 
4.30655e-15 
844.666 
884.012 
1.5776e-13 
9.8933e-14 
-2.26808e-14 
1.34678e-13 
4.29509e-12 
8.06677e-11 
1.23363e-09 
1.54075e-08 
2.20658e-13 
2.10933e-13 
1.59409e-13 
1.62534e-07 
1.46972e-06 
1.1296e-05 
7.24671e-05 
0.614086 
1.8802 
211.023 
221.005 
222.654 
62.6508 
67.3747 
53.9774 
58.4019 
54.8903 
72.9243 
191.457 
97.0184 
114.374 
103.621 
211.059 
222.556 
1020.99 
999.291 
-6.26833e-14 
3.18501e-14 
209.416 
262.276 
223.642 
-8.5385 
-5.93875 
-5.97861 
5.3334e-07 
49.9362 
33.9876 
16.8716 
-5.71393 
107.154 
439.78 
-5.28253 
-5.09808 
-4.86497 
-4.98862 
-5.19533 
-6.07128 
-5.55684 
-5.76133 
-6.07602 
-6.08141 
2.97695 
-6.0592 
528.13 
1.25453e-13 
1.49477e-13 
5.22023e-14 
-7.76746e-14 
9.39415e-13 
1.89e-11 
198.415 
3.24292e-10 
4.46156e-09 
5.10272e-08 
4.98313e-07 
3.62254 
46.8639 
63.5999 
191.832 
82.7757 
17.8538 
0.000383354 
4.90487 
1.31947 
0.406487 
4.16283e-06 
2.92965e-05 
0.00017074 
2.05601 
9.93237e-14 
-0.335833 
-0.712484 
37.1137 
12.6047 
7.59176 
-1.37201 
229.968 
6.69036e-14 
-1.53712 
12.2957 
174.303 
30.9312 
0.0389013 
1.99675 
7.02456 
632.687 
8.67867 
936.104 
61.9316 
34.6379 
156.793 
46.023 
97.6763 
50.2438 
139.187 
165.435 
5.95144e-10 
-0.944083 
221.393 
4.05045 
0.164878 
22.8943 
16.8132 
1.15622e-13 
5.30287 
201.389 
30.4848 
-8.62016e-15 
2.22535e-07 
1.84016 
-1.40582 
2.58919 
13.5926 
0.540947 
6.02945 
9.29826 
0.189429 
2.70205 
0.747592 
3.34974 
0.355783 
3.11103 
2.89605 
-0.221675 
2.21874 
-0.627508 
1.73854 
-0.0974272 
2.36551 
-1.38522 
0.826901 
0.00079931 
82.2498 
-3.94917e-14 
71.7612 
76.6212 
235.541 
1.23529 
0.00141118 
147.541 
42.208 
38.4152 
46.2297 
3.1422e-15 
2.94513e-07 
3.02685 
5.94316 
142.751 
152.091 
4.64553 
7.75761 
15.1297 
19.3125 
133.801 
128.334 
-9.8052e-15 
77.4048 
1.03073e-09 
1.81244e-13 
175.255 
-1.29953 
14.0112 
-0.537353 
1.8456 
13.8357 
3.38617e-14 
2.12907e-14 
5.72684e-15 
9.08879e-14 
4.27499e-14 
-1.3909 
153.539 
147.403 
105.97 
166.837 
1023.89 
2.23839e-14 
104.753 
50.8599 
57.7586 
-1.25882 
1.00189 
244.01 
0.00560782 
-1.55711 
-1.2095 
1.05714 
-1.95562 
25.3255 
30.3895 
24.8434 
218.971 
93.2897 
111.331 
99.3087 
0.632132 
-0.869614 
1.45076 
15.7622 
16.913 
30.5713 
32.7961 
150.767 
153.677 
3.37948e-14 
0.0193644 
0.0595617 
7.46411e-06 
0.100375 
0.104068 
0.0344253 
0.0352975 
0.0105851 
0.0107139 
2.29891e-13 
7.15696 
10.9098 
0.946319 
1.0011 
0.000298606 
5.1989e-05 
2.01594e-05 
1.83295e-05 
9.00205e-07 
7.78217e-07 
2.80807e-08 
2.25998e-09 
1.77843e-09 
225.403 
235.253 
3.49453e-11 
1.72303e-12 
-2.91891e-14 
4.3334e-14 
1.14048e-13 
-2.2482e-14 
512.802 
3.91175 
1.17187e-13 
9.79377e-14 
9.80449e-14 
6.77105e-11 
5.13204e-10 
460.536 
0.978118 
3.61508 
230.929 
245.374 
240.779 
5.02555e-05 
0.000297857 
2.40596e-14 
-1.09197e-14 
-2.74801e-14 
61.971 
1.82193e-14 
3.09996e-14 
2.4538e-14 
253.028 
0.199503 
3.76029e-14 
4.62938e-14 
18.6577 
23.1589 
0.00286887 
0.00563177 
0.0028545 
37.7261 
183.715 
-1.90618 
0.0814836 
225.842 
234.805 
-3.21027e-14 
-1.35013e-14 
161.826 
243.969 
118.419 
124.11 
-1.04094e-15 
-7.03279e-15 
0.264169 
0.276489 
4.62732e-14 
-2.20588e-14 
-3.23298e-14 
140.93 
2.81969 
3.00493 
2.19479 
5.00304 
3.3598e-14 
4.0694e-14 
34.1635 
39.9125 
133.915 
141.297 
190.685 
184.7 
194.021 
118.675 
128.861 
152.873 
152.351 
239.243 
249.039 
4.08599e-12 
3.43726e-11 
142.758 
1.5116e-08 
1.04551e-07 
27.48 
31.0249 
-1.38603 
0.811623 
0.713682 
9.74236 
13.4046 
6.82933 
10.1865 
145.149 
149.339 
116.497 
123.602 
242.058 
253.697 
251.802 
-1.35126 
0.888407 
196.063 
204.472 
7.40992 
10.7219 
87.3866 
92.8648 
122.39 
3.30145e-06 
2.09413e-05 
154.514 
4.77745 
138.056 
174.607 
19.6044 
2.5257 
7.04829 
198.981 
-3.02466e-14 
2.18628e-14 
183.38 
163.342 
13.1873 
9.45249 
5.44903 
17.2434 
20.6317 
1.4784e-06 
230.278 
132.75 
137.729 
136.739 
539.956 
-1.15124 
1.12184 
76.5961 
0.301898 
194.438 
203.947 
43.7356 
21.1498 
-8.62061e-15 
8.29228e-14 
211.739 
108.097 
223.677 
150.272 
27.9964 
3.83752 
0.860696 
3.90985 
3.51201 
7.71019 
149.582 
156.768 
-1.61503e-14 
-1.59683e-14 
23.9966 
2.1953e-14 
-6.17468e-15 
154.816 
182.501 
179.916 
12.1895 
17.6312 
87.6925 
-0.792999 
0.00425673 
0.0129046 
4.17652 
8.49043 
237.054 
1.6377 
1.18591e-13 
1.38634e-13 
-1.41258 
1.52147 
13.7066 
-0.440776 
0.171795 
4.23744 
133.312 
161.42 
143.982 
228.787 
211.636 
2.60344e-15 
1.89569e-14 
185.29 
193.464 
7.09182 
6.48827 
143.781 
1.36264 
-1.01638 
7.36956e-09 
0.797343 
4.69259e-15 
169.392 
177.122 
545.272 
-1.04462e-14 
82.6378 
1.96009 
3.57301e-14 
-3.00058e-14 
-2.11348e-14 
-1.33922e-14 
-4.165e-15 
-4.68517e-15 
7.6712e-14 
54.5665 
58.7914 
20.6788 
25.3551 
103.332 
115.677 
94.8833 
14.6888 
66.2112 
52.849 
245.133 
254.755 
0.000664575 
56.2457 
63.4787 
921.084 
844.401 
33.2733 
12.2318 
9.19988e-14 
633.51 
26.6596 
19.9236 
575.747 
4.10388 
41.6635 
206.628 
1.54221 
0.0197333 
36.4374 
0.0614232 
239.007 
233.724 
0.413309 
1.38802 
2.17868e-13 
1.86508e-13 
6.43307 
10.1305 
54.5667 
149.878 
7.24906 
16.0943 
1.47246 
0.000127732 
4.81032e-05 
5.33453 
2.6459e-06 
9.27336e-08 
8.15394e-09 
2.53738e-11 
7.88345e-12 
1.48359e-10 
5.53064e-12 
4.56055e-10 
3.70378e-13 
-6.388e-14 
8.95937e-14 
67.8496 
72.7934 
170.04 
181.635 
-1.33323 
143.616 
2.92565e-14 
8.09619e-15 
4.78492e-14 
468.999 
393.785 
265.41 
220.575 
1.27082e-14 
6.27481e-14 
-1.04629e-13 
-6.71404e-14 
0.704085 
-1.73954 
4.7347 
-5.94576e-14 
2.32332e-13 
2.1344e-12 
5.76587e-14 
3.11352e-14 
203.44 
221.388 
213.09 
8.97817e-15 
1.20122e-12 
0.0573297 
692.465 
7.66271 
0.666623 
137.429 
253.377 
245.066 
113.831 
6.67049e-06 
215.248 
242.231 
251.565 
37.1438 
39.8249 
27.7583 
128.374 
135.97 
974.213 
963.101 
0.434321 
216.676 
220.452 
225.477 
2.0839 
291.739 
303.964 
144.46 
146.436 
151.677 
1.7277e-13 
1.59005e-13 
1.88325e-13 
133.811 
736.782 
833.25 
731.819 
2.28169 
1.44381 
161.754 
159.377 
172.124 
151.942 
84.9681 
69.0083 
0.240727 
0.00138862 
11.1616 
9.07059e-14 
-5.58512e-14 
-6.39282e-14 
0.788181 
4.60019 
52.6047 
0.952138 
0.000645459 
9.00977e-14 
21.3815 
9.86567e-14 
47.9491 
209.908 
0.000285732 
242.837 
2.12337 
10.7397 
6.56872e-09 
7.75823e-08 
2.32526e-06 
0.000120237 
5.70431 
2.50502e-07 
2.30803e-08 
1.10517e-10 
-1.01795e-14 
2.01219e-13 
0.919284 
142.449 
1.20171e-08 
3.0141 
1.62072e-13 
10.5134 
212.778 
254.678 
36.6769 
6.79901 
1.69127e-14 
9.48782e-14 
0.67987 
144.871 
4.67058 
85.1612 
93.9614 
19.3194 
6.73509e-15 
13.9146 
23.9221 
62.2612 
76.9757 
69.8512 
-1.08593 
1.19649 
-3.78138e-14 
3.61348e-14 
6.93432 
20.7219 
24.2671 
1.19751e-05 
245.47 
255.022 
0.0997488 
0.498705 
-5.16247e-14 
98.2703 
2.24018 
16.8606 
7.12956 
9.44083 
7.82824 
27.726 
8.75585 
17.1647 
9.36735e-15 
0.0326095 
6.43734 
71.8898 
241.07 
0.00152664 
7.34219 
9.67912 
0.000500382 
5.16622 
25.743 
29.6648 
246.241 
239.908 
6.17468 
5.06068 
2.56079e-15 
0.274036 
8.51623e-05 
0.000899564 
219.338 
144.093 
4.3683e-14 
3.16776e-14 
4.21068e-08 
3.43601e-08 
164.31 
171.861 
14.8078 
17.8745 
634.041 
29.8873 
34.1062 
2.15473e-12 
3.64588e-15 
-1.2344e-14 
6.59059 
8.83648 
0.00112017 
0.00108658 
83.2887 
4.54279e-07 
207.95 
140.239 
160.379 
148.28 
22.2525 
25.915 
104.243 
37.6045 
-5.15656e-15 
40.6566 
45.5922 
47.6333 
5.35001 
111.123 
117.87 
1.65269 
7.0358e-15 
4.3597e-14 
5.41628 
7.53542 
5.26262 
135.226 
140.751 
56.5664 
0.00238623 
0.00234699 
3.2 
3.40472 
718.54 
716.184 
6.16031 
8.37648e-10 
393.123 
192.272 
448.393 
23.7775 
44.5737 
44.6172 
47.7486 
5.5562 
155.704 
1.74749 
-3.64219e-15 
11.6843 
9.54839 
10.0075 
12.6331 
5.22229 
7.30766 
0.0578206 
0.0593119 
14.5396 
255.166 
8.35164 
8.93093 
8.54881e-05 
1.40709e-06 
1.20952e-06 
1.41115e-07 
1.17328e-07 
4.67712e-11 
260.084 
269.075 
1.01987e-11 
3.32913e-11 
7.14014e-12 
5.30228 
7.42028 
3.61955e-13 
2.03869e-13 
4.48547 
4.78187 
1.01272 
15.7868 
18.9358 
0.58264 
4.71361 
6.28466 
193.223 
205.208 
9.13205 
12.1269 
11.6682 
2.60198e-14 
8.20835e-15 
2.28454e-10 
7.57405 
9.93877 
-4.36434e-14 
-7.52797e-14 
-1.00129e-13 
-7.65201e-14 
1.64827 
3.26119e-09 
2.53707e-09 
1.13523e-14 
729.038 
3.27551e-05 
7.87727e-05 
2.96401e-05 
11.1086 
11.8909 
-2.17125e-14 
-2.777e-14 
3.93332 
5.91874 
6.44803 
4.99296e-07 
2.83396e-14 
3.32354e-14 
125.333 
131.129 
18.7342 
20.0762 
-3.64079e-15 
-5.06571e-14 
1.03362 
1.09085 
0.16752 
0.173794 
250.767 
257.524 
51.6217 
57.2239 
0.436924 
0.457657 
43.9884 
49.1333 
5.49052 
7.61773 
9.88727e-15 
1.32698e-14 
32.2425 
36.6233 
-2.73817e-14 
-1.32153e-14 
78.3191 
85.3313 
223.054 
232.491 
11.0703 
13.8005 
5.10421 
7.14304 
6.75545 
9.02183 
55.993 
61.8445 
904.891 
148.714 
-5.75036e-14 
-8.42423e-15 
60.7915 
66.9098 
6.95361e-14 
166.117 
154.671 
270.477 
1.59814e-11 
1.13638e-10 
156.85 
157.174 
3.90728e-08 
2.93102e-07 
31.1213 
338.115 
349.768 
18.0351 
21.3686 
151.211 
155.082 
12.3589 
15.2096 
151.18 
213.656 
219.891 
10.6186 
93.6386 
99.3372 
6.34748e-06 
4.05264e-06 
5.74564e-05 
546.836 
74.3143 
-1.81112e-14 
0.194335 
1.21459e-14 
-1.39759e-15 
47.7546 
911.705 
4.39591e-14 
13.1889 
14.4714 
0.714995 
1.06746e-13 
9.1458e-14 
169.636 
0.332033 
0.285746 
149.614 
577.994 
766.246 
5.58014 
7.70989 
104.126 
22.7545 
7.22823 
232.413 
241.842 
2.81295e-14 
5.61304e-14 
-7.14798e-14 
-8.42258e-14 
1.06471e-05 
4.19041e-06 
254.546 
149.053 
-3.11224e-14 
0.102919 
0.00948311 
6.5939 
164.587 
169.974 
0.854818 
0.886936 
247.657 
246.053 
2.91805e-14 
187.956 
-2.48287e-14 
166.749 
10.2227 
7.47041 
13.5994 
157.936 
8.10759 
10.5336 
9.1859e-15 
31.7921 
249.169 
205.76 
6.29455 
-7.09305e-15 
78.5855 
66.0698 
9.22241 
8.66476 
52.9973 
27.71 
225.641 
224.959 
184.577 
216.493 
194.969 
5.30176e-15 
1.04078e-14 
7.08855e-15 
112.114 
202.238 
208.333 
635.851 
555.982 
1.46233e-12 
1.27748 
185.396 
0.0366864 
2.9504e-14 
3.81923e-14 
1.41143e-14 
88.7545 
3.84121e-07 
262.023 
259.203 
1.63959e-13 
404.27 
63.4276 
6.79137e-14 
42.3455 
34.8088 
54.9097 
29.7389 
85.4431 
92.7853 
0.843273 
1.47372 
272.896 
915.73 
7.37077 
25.4843 
272.888 
280.757 
15.5754 
0.44896 
0.267774 
73.3323 
78.5078 
8.35229 
6.03222 
-5.09071e-14 
20.0979 
-6.63513e-14 
8.73137 
0.000212252 
252.721 
0.0178674 
-7.69065e-14 
3.66286e-06 
2.03383e-10 
1.42952e-13 
123.227 
132.053 
39.2806 
263.822 
248.253 
222.164 
201.664 
0.56893 
46.4831 
50.6963 
230.177 
241.176 
329.544 
232.843 
13.0996 
264.501 
273.321 
296.932 
335.171 
-5.80438e-14 
-7.33186e-14 
4.5666e-14 
16.903 
1.0141e-13 
6.33053e-10 
9.59409e-09 
9.67875e-13 
7.66102e-12 
3.17719e-14 
-1.2052e-14 
114.891 
278.918 
267.956 
24.0102 
0.00485537 
0.00483141 
268.637 
72.4682 
214.112 
1.53758 
85.9466 
104.431 
91.4936 
265.992 
273.214 
124.346 
131.638 
53.5644 
57.2649 
164.437 
173.028 
-2.9666e-14 
889.321 
778.505 
885.79 
154.273 
153.994 
176.132 
149.959 
3.01594e-09 
235.864 
242.376 
374.179 
384.512 
5.15113 
6.99418 
803.514 
796.638 
7.14458 
5.11779 
2.37788 
272.107 
280.949 
280.352 
-3.86308e-14 
7.59405e-14 
6.2064e-14 
20.4478 
110.088 
1.56186e-09 
0.0332448 
8.50406 
231.33 
230.48 
191.244 
190.931 
0.0170583 
3.01089e-14 
1.03349e-13 
1.564e-13 
31.8657 
39.3637 
8.20827 
5.91021 
0.000199158 
29.4731 
0.000477729 
0.0180928 
1.49181e-10 
1.49945e-13 
16.0172 
120.774 
27.4698 
1.6277 
2.13155e-08 
19.2957 
5.68264 
7.81939 
0.000837995 
22.1773 
175.105 
174.742 
24.0955 
0.104478 
0.00709352 
0.0641283 
-5.71987e-15 
3.60434 
40.1317 
1.75728e-08 
14.6312 
9.88578e-15 
0.166952 
0.00952656 
5.39752e-14 
9.69697 
1.36257e-14 
1.20161e-13 
7.98395e-14 
1.03529e-13 
89.4967 
196.553 
202.575 
2.77862e-12 
8.41547 
12.8535 
52.1178 
160.2 
7.94065e-09 
0.0301522 
2.73911e-10 
0.196835 
68.815 
5.05201e-16 
218.711 
27.4557 
13.0543 
15.213 
11.4421 
-7.15674e-14 
63.4875 
38.5982 
6.27567e-08 
5.08139e-08 
179.987 
185.72 
120.541 
102.212 
426.212 
435.495 
25.3337 
28.4735 
99.9236 
5.25865e-11 
290.856 
2.18881e-06 
12.9964 
13.8981 
42.7718 
46.9891 
13.4964 
0.00188812 
0.00182899 
10.8758 
486.611 
561.139 
494.22 
6.39443e-10 
4.49039e-09 
9.83029e-14 
2.56277e-14 
-1.16995e-14 
2.49676e-14 
4.13059e-14 
59.7605 
31.503 
0.135753 
5.79413 
7.94149 
876.552 
905.257 
866.122 
2.13486e-16 
3.20744e-14 
-9.03068e-14 
11.6186 
1.91385e-05 
11.8049 
5.1099 
5.43988 
111.111 
775.345 
1.11647 
11.2524 
6.60768e-06 
1.6927e-05 
5.74265e-06 
262.829 
269.918 
28.1534 
137.761 
113.182 
140.533 
64.0565 
0.215847 
35.4685 
4.5994 
41.0566 
259.08 
20.9651 
11.5439 
13.6747 
13.5751 
0.455058 
43.8226 
46.8721 
-1.43624e-13 
272.139 
279.829 
4.23872e-13 
33.4001 
37.0605 
13.2672 
15.4479 
230.516 
9.09261e-14 
17.1192 
18.3199 
6.85188e-14 
2.13618e-07 
1.76452e-07 
135.757 
159.582 
144.982 
11.6668 
13.7507 
26.6816 
29.9138 
7.10466 
7.57721 
14.0153 
20.332 
23.8026 
-2.37671e-14 
-7.80201e-14 
6.9724e-07 
5.86097e-07 
340.457 
291.287 
0.00403631 
0.00396813 
258.447 
302.439 
269.6 
7.93389e-14 
14.9811 
17.3225 
253.607 
258.148 
42.5083 
0.0548914 
0.0559934 
11.7258 
13.8047 
1.16299e-09 
8.65171e-10 
4.65656e-09 
3.57443e-09 
240.822 
257.522 
250.188 
142.333 
146.251 
13.1746 
9.98659 
16.7198 
5.21117e-14 
3.88224e-14 
2.37613e-14 
55.7799 
60.7129 
132.488 
138.37 
28.2697 
30.2641 
-3.94889e-14 
-4.36117e-14 
1.68656 
1.7814 
67.7922 
0.279389 
0.290058 
73.9671 
79.7898 
0.721748 
0.756695 
64.0925 
69.4454 
11.9021 
13.9809 
6.76014e-15 
7.43002e-15 
-1.58871e-14 
1.88694e-14 
108.083 
115.322 
261.089 
6.2459e-15 
1.25724e-14 
20.0945 
22.8579 
1.61513e-14 
5.74149e-15 
3.93408e-14 
13.745 
15.9709 
79.5991 
85.6741 
2.0627e-15 
2.90815e-14 
85.7603 
92.1054 
45.6341 
50.0158 
3.88849e-14 
4.20332e-14 
2.54701e-14 
159.409 
159.577 
164.844 
0.000300381 
0.00481424 
34.8007 
63.8685 
59.4522 
68.7296 
29.7587 
33.189 
157.228 
160.638 
21.9197 
24.8188 
159.403 
100.215 
106.127 
15.3627 
17.739 
79.2392 
35.4609 
39.2477 
102.255 
16.7387 
145.547 
190.546 
7.32212e-14 
6.34274e-15 
1.23148e-13 
853.227 
0.000798102 
0.00035217 
-3.45823e-14 
179.321 
0.102219 
1.97399e-10 
6.10678e-11 
34.8798 
12.0196 
14.0983 
0.0305448 
0.0160366 
180.338 
269.256 
278.338 
3.32207e-10 
-8.84821e-14 
-4.13237e-14 
10.0012 
-3.52315e-14 
1.26956e-06 
31.4797 
-1.72854e-14 
-5.3103e-15 
174.153 
177.905 
196.869 
1.94346e-12 
6.12509e-13 
11.1904 
74.3927 
23.7943 
6.83292 
37.9605 
15.7793 
18.1935 
0.110551 
35.0446 
-5.371e-14 
10.3574 
13.8807 
1.38871e-08 
0.0744478 
236.92 
212.838 
217.008 
1.17519 
64.8963 
4.45242e-13 
770.676 
707.163 
238.968 
59.8452 
2.13177e-14 
1.51404e-14 
190.022 
270.703 
224.611 
106.854 
92.5152 
266.17 
14.9927 
12.6646 
1.13266e-13 
1.87063e-06 
17.8966 
298.847 
287.081 
15.6988 
8.02953e-14 
2.12181e-13 
18.5656 
117.085 
124.645 
-6.63033e-15 
-6.49081e-14 
8.07195 
8.39265e-14 
7.20249e-14 
37.7006 
0.474911 
0.76347 
1.26036 
222.92 
0.211944 
-1.77904e-14 
294.295 
164.293 
0.0697498 
0.0403171 
117.131 
121.957 
79.1215 
84.545 
199.743 
176.101 
14.3098 
95.2031 
7.26324 
68.3626 
53.3604 
21.2078 
22.9603 
282.717 
22.4024 
263.708 
264.357 
57.0163 
0.0970615 
16.9396 
278.226 
21.9966 
234.814 
236.401 
93.3684 
101.055 
405.936 
264.223 
274.497 
44.1965 
1.30416e-11 
8.91366e-12 
210.95 
189.821 
293.613 
301.297 
16.2663 
50.9868 
55.4245 
-1.71344e-14 
-6.89262e-14 
-2.65431e-14 
0.0996098 
-7.06071e-14 
-1.6724e-14 
-1.0818e-13 
292.963 
303.301 
2.49186 
17.2899 
19.8323 
-7.10051e-14 
276.586 
215.264 
3.90666e-14 
5.77892e-14 
12.7296 
0.00821991 
0.00818083 
3.59924e-12 
1.60042e-12 
2.43807e-11 
154.337 
131.263 
5.30432e-05 
4.77563e-05 
296.334 
0.000140219 
0.000128627 
23.7401 
-1.00188e-13 
276.003 
150.921 
-1.37528e-13 
116.52 
123.491 
177.37 
198.943 
186.263 
161.264 
185.01 
169.799 
75.8496 
80.8297 
48.7422 
270.358 
251.783 
204.433 
213.824 
11.2936 
774.946 
775.953 
247.979 
252.445 
153.753 
454.522 
462.876 
11.7499 
159.279 
1.00293e-07 
832.896 
825.133 
0.000329256 
296.407 
303.176 
31.0277 
1.72472e-05 
1.44599e-05 
0.00024774 
108.589 
88.6375 
157.76 
161.502 
99.1418 
228.863 
249.081 
216.753 
194.037 
195.584 
147.9 
27.151 
41.6209 
173.209 
150.497 
13.4101 
127.975 
158.553 
16.5883 
0.172357 
288.039 
286.384 
25.9341 
269.09 
269.403 
3.82833 
56.8532 
2.63998 
240.669 
414.915 
-1.20381e-13 
155.844 
53.2945 
13.1967 
9.35315e-07 
6.36501e-08 
846.547 
865.495 
0.00140267 
0.0240559 
52.639 
38.6588 
71.0056 
0.0268153 
17.3105 
16.2369 
229.699 
40.2852 
184.6 
183.168 
188.54 
3.45385e-15 
6.87484e-15 
-1.48907e-14 
-2.78461e-14 
5.41599e-14 
4.51099e-14 
207.013 
211.147 
121.398 
13.3483 
11.4644 
91.9656 
292.229 
298.191 
162.545 
163.843 
265.746 
52.1896 
1.28761e-14 
-7.1601e-14 
-6.72191e-14 
-3.27242e-14 
44.6436 
81.9312 
98.8716 
15.1376 
28.5221 
64.6129 
69.2304 
1.8302 
80.6329 
8.12661 
12.3184 
129.28 
3.48679e-12 
242.232 
246.634 
110.261 
509.394 
516.282 
0.109222 
1.68865e-09 
130.53 
137.74 
36.5909 
0.00318329 
0.00307902 
20.0784 
21.4632 
4.02741 
21.1762 
-1.13124e-13 
20.4865 
59.1283 
157.959 
55.7558 
60.0434 
-7.6424e-14 
42.3787 
45.9869 
20.4419 
2.60047e-14 
14.0333 
118.27 
124.452 
0.755062 
2.54704e-08 
278.63 
283.777 
21.5955 
23.9058 
30.9376 
300.507 
0.279301 
17.6479 
19.5084 
289.573 
295.301 
12.4874 
14.5918 
96.049 
18.1511 
42.6993 
295.707 
201.256 
199.647 
205.353 
20.7942 
23.043 
223.711 
226.221 
29.7893 
149.627 
155.17 
63.583 
67.8318 
22.0518 
24.3974 
324.872 
3.21634e-07 
47.1005 
50.9575 
415.27 
363.212 
26.1564 
27.9698 
3.38859e-06 
0.0176366 
23.7698 
26.941 
9.29456e-08 
7.46262e-08 
38.3633 
41.7602 
18.6901 
11.1981 
11.9457 
3.89185e-07 
4.55596e-14 
1.06481e-06 
2.87876e-06 
8.89549e-07 
0.00683101 
0.00671276 
-8.23958e-14 
-6.84934e-14 
22.5486 
24.9327 
1.24826e-10 
8.66924e-10 
295.424 
302.795 
3.66022 
259.842 
262.622 
0.0217104 
0.00281306 
0.0134894 
16.7244 
0.092352 
1.58971e-09 
6.56652e-09 
1.98849e-08 
4.96275e-09 
-2.99901e-14 
303.398 
-1.7229e-13 
621.479 
438.781 
634.503 
33.4513 
9.36421e-14 
6.71068e-14 
-1.43577e-13 
-3.88397e-14 
-1.49059e-13 
274.176 
279.167 
75.6279 
80.8288 
139.853 
145.759 
-4.09885e-14 
-4.03064e-14 
2.74576 
2.90251 
12.1607 
14.2406 
-3.12052e-15 
8.84079e-15 
33.485 
35.8035 
0.465712 
0.483865 
98.3924 
104.501 
76.2901 
81.2703 
5.77989 
6.14293 
1.19076 
1.24962 
86.0607 
91.6996 
18.2663 
20.3609 
302.189 
1.40348e-14 
2.9777e-14 
140.544 
148.046 
29.6055 
32.4809 
2.50142e-08 
2.14373e-07 
105.399 
111.761 
4.71034e-14 
7.90209e-14 
113.044 
119.672 
18.021 
62.7803 
67.4003 
0.162865 
0.167229 
163.638 
163.066 
162.833 
165.726 
90.1997 
95.9231 
19.8199 
107.115 
113.229 
-2.02748e-14 
-1.17059e-14 
30.783 
33.7311 
23.0878 
25.5146 
19.2347 
49.7594 
53.7507 
-1.55039e-13 
-1.16428e-13 
309.403 
25.0073 
20.4404 
46.7906 
0.00133222 
0.000583371 
0.00955994 
18.4078 
20.5015 
1.12808e-13 
1.21872e-13 
-4.20375e-14 
4.27362e-11 
38.7238 
135.406 
0.0125593 
1.16212e-09 
3.6247e-10 
291.899 
56.7729 
16.3694 
0.0161175 
303.309 
66.7263 
233.235 
357.252 
366.747 
94.2976 
184.189 
-2.44325e-14 
756.261 
169.06 
172.699 
-6.79828e-14 
178.918 
181.317 
-1.90441e-15 
128.305 
798.285 
97.826 
14.7862 
3.0462e-05 
17.849 
19.8576 
268.617 
271.54 
314.041 
312.339 
48.3739 
23.6721 
26.1442 
479.462 
16.1689 
4.49591e-14 
1.34549e-08 
14.4077 
226.616 
197.121 
217.784 
220.273 
65.0612 
9.86466e-15 
-8.173e-15 
1.92833 
137.31 
706.041 
637.275 
150.229 
208.502 
240.747 
8.6549 
86.0458 
0.196939 
274.257 
187.199 
4.26977 
2.63917e-07 
295.367 
282.227 
63.5765 
316.697 
151.53 
159.346 
138.817 
0.788748 
74.3276 
570.577 
639.421 
575.415 
-1.12794e-13 
-1.40835e-13 
2.71517e-14 
1.35508e-14 
159.064 
138.147 
0.00114638 
18.66 
20.8937 
7.89003e-13 
23.4551 
43.7859 
0.664924 
1.04096 
0.0100329 
0.00569021 
31.3213 
27.5212 
34.4957 
2.25536e-14 
2.37854e-12 
189.001 
57.1134 
21.0106 
67.3035 
85.2477 
90.9379 
55.7395 
42.1536 
105.155 
111.613 
1.03709e-05 
8.96122e-06 
305.936 
310.284 
101.999 
0.00054323 
0.000229354 
292.946 
0.288505 
0.000128509 
17.9583 
20.1339 
20.0357 
334.537 
296.015 
20.1201 
127.059 
134.945 
232.232 
235.727 
179.735 
287.936 
291.368 
1.62697e-11 
1.10279e-11 
203.267 
212.841 
34.9586 
317.442 
323.857 
4.34704e-13 
55.7597 
60.4199 
-7.47672e-14 
-8.19017e-14 
0.0139219 
0.013859 
-6.61947e-14 
-1.03674e-14 
25.7685 
28.39 
325.757 
373.139 
335.998 
5.16631 
0.0942299 
0.0508625 
18.0777 
1.03276e-11 
6.08197e-11 
22.316 
276.291 
285.137 
8.56001e-05 
7.66705e-05 
316.363 
194.96 
0.0138726 
75.9958 
153.954 
162.36 
217.62 
227.13 
642.844 
645.658 
261.195 
241.384 
-1.83858e-14 
246.79 
256.625 
2.9146e-14 
5.16596e-15 
38.1601 
253.862 
256.568 
822.641 
814.5 
71.5297 
529.288 
535.459 
24.3099 
27.575 
26.8282 
856.422 
0.0271245 
21.9896 
19.5377 
32.0635 
314.679 
317.291 
319.971 
-1.23317e-13 
-8.29562e-14 
1.66808e-13 
1.02246e-13 
311.704 
297.041 
20.2656 
5.5938e-14 
7.35259e-14 
22.6646 
36.5657 
30.2548 
26.6041 
226.864 
236.122 
45.0532 
39.8877 
20.1907 
35.089 
6.57968e-06 
-1.94862e-13 
7.8268e-11 
5.3735e-11 
42.7202 
136.83 
46.7822 
0.0271219 
0.0272752 
-5.18906e-15 
-8.66731e-14 
-8.82764e-14 
-1.09005e-13 
211.932 
214.403 
791.878 
753.596 
17.1428 
117.347 
2.67891e-05 
167.576 
27.1858 
217.479 
191.972 
486.976 
434.24 
23.4507 
3.51268e-06 
18.9502 
47.0061 
1.83939e-06 
5.77712e-09 
0.00298283 
70.0591 
74.901 
4.51362e-13 
166.013 
301.453 
43.0594 
28.0976 
75.478 
-1.13372e-13 
18.796 
48.8662 
52.3811 
583.368 
587.726 
3.2281e-14 
24.5981 
30.734 
32.8252 
6.48775 
102.962 
124.085 
323.506 
314.978 
103.566 
8.51083e-13 
152.932 
56.1728 
26.3542 
44.8565 
48.1611 
170.673 
196.474 
179.556 
0.000691488 
0.00395947 
125.708 
132.029 
28.6179 
30.9717 
27.6227 
29.9126 
0.10293 
0.176645 
29.1887 
31.5773 
218.681 
243.079 
228.434 
0.00227036 
302 
306.082 
19.0292 
21.1347 
59.0284 
62.9991 
23.8669 
69.0242 
0.467097 
189.523 
297.652 
296.57 
301.492 
62.1059 
66.2153 
34.3206 
223.838 
120.955 
145.137 
128.123 
156.93 
90.4883 
96.2078 
29.8128 
32.242 
2.94329e-14 
-6.25629e-15 
1.25193 
12.8603 
39.5179 
42.1993 
2.47732e-13 
0.011571 
38.4426 
1.36723e-07 
77.0854 
51.1167 
54.7369 
282.672 
285.932 
17.5413 
18.7116 
4.01855e-12 
2.61187e-12 
260.685 
1.89616e-13 
1.25852e-14 
6.14822e-05 
30.4897 
32.9655 
5.3074e-13 
2.8073e-10 
2.52894e-09 
317.311 
322.012 
323.333 
51.3591 
4.81893e-07 
3.92746e-07 
197.426 
200.511 
2.99387 
-3.63978e-15 
191.984 
-1.48018e-13 
4.00689e-13 
6.3419e-13 
72.9001 
77.4623 
91.7509 
813.338 
752.093 
805.584 
229.97 
239.514 
97.443 
102.943 
147.332 
153.08 
5.23263e-14 
1.97337e-13 
4.45871 
4.71682 
18.5853 
20.8879 
20.6746 
8.30947e-15 
1.27437e-14 
49.8974 
53.2474 
0.775983 
0.80689 
125.149 
131.561 
106.767 
113.299 
9.23198 
9.81603 
1.96194 
2.06141 
110.181 
116.144 
24.7636 
81.6088 
86.5143 
1.55961e-14 
5.47986e-15 
175.845 
24.6571 
26.8668 
39.8732 
42.907 
0.00234694 
1.03407e-07 
4.40701e-08 
7.32129e-07 
133.629 
140.289 
3.21701e-13 
5.42682e-13 
142.863 
149.779 
-1.06829e-13 
2.80246 
206.695 
0.0141293 
53.5414 
57.281 
114.336 
120.635 
3.58432e-14 
5.97074e-14 
0.00536973 
0.0113676 
0.00518542 
41.4 
46.2726 
44.5307 
31.2256 
33.7491 
163.893 
171.366 
65.4308 
69.6823 
247.831 
250.476 
-1.3726e-13 
186.612 
3.49838e-05 
1.25832e-05 
0.00022482 
190.2 
184.968 
186.208 
179.734 
180.911 
24.923 
27.0887 
305.771 
289.483 
6.97832e-13 
2.56394e-10 
191.36 
195.459 
277.16 
421.103 
0.0515543 
0.00122505 
2.56857e-13 
91.7493 
97.7251 
7.27726e-15 
80.2536 
3.4299e-14 
0.832402 
173.669 
176.032 
25.0347 
4.32456e-14 
3.43873e-14 
-1.07409e-13 
123.532 
0.0261572 
332.895 
3.41888e-13 
20.2557 
131.394 
4.82726e-05 
24.2987 
26.2304 
29.4424 
26.7778 
274.521 
277.193 
-1.3457e-14 
3.60851e-14 
255.581 
32.0142 
34.5963 
318.371 
330.253 
0.00156644 
0.00335119 
-9.84497e-15 
-8.89553e-15 
70.5729 
0.00347414 
217.938 
219.021 
7.63856e-13 
5.39852e-13 
-1.25032e-13 
162.065 
165.057 
100.994 
30.4177 
2.80701e-12 
160.106 
19.275 
61.9095 
241.778 
29.2891 
280.305 
81.811 
784.522 
1.08656e-07 
3.65214e-08 
26.8228 
24.564 
0.00238334 
33.7973 
6.88226 
13.699 
290.797 
336.733 
1.61802e-06 
1.34371e-06 
188.891 
196.931 
109.295 
73.4215 
640.623 
642.673 
29.2791 
50.1949 
0.557815 
146.365 
0.482723 
0.273099 
21.4015 
0.00139075 
0.000780019 
4.72383e-14 
276.738 
285.836 
60.0215 
21.685 
3.1568 
38.522 
44.5285 
11.6023 
14.4241 
5.90666e-13 
9.08301e-14 
143.016 
244.376 
142.18 
150.202 
313.546 
316.39 
0.000209343 
23.884 
206.169 
202.964 
208.626 
297.277 
224.923 
229.821 
38.5572 
42.8558 
179.381 
163.655 
171.762 
1.30916 
6.80107e-12 
1.23096e-10 
238.288 
41.3929 
37.1215 
335.306 
340.333 
291.429 
293.351 
1.9762e-11 
1.29066e-11 
248.693 
109.139 
23.2062 
25.5883 
261.98 
266.941 
60.7998 
65.666 
3.45519e-14 
-1.27551e-13 
-1.12149e-13 
0.0235924 
0.023496 
1.0719e-14 
5.21904e-06 
4.40686e-06 
34.8072 
37.5619 
393.59 
402.696 
250.89 
5.08229e-14 
168.603 
316.347 
308.331 
480.779 
491.91 
0.000137647 
0.000122603 
636.076 
86.4869 
-1.06866e-13 
-8.15325e-14 
197.713 
207.384 
259.266 
269.003 
506.336 
508.927 
26.9436 
91.5811 
183.592 
289.321 
299.129 
0.00222236 
0.000964527 
2.65023e-14 
1.85606e-14 
3.80082 
254.431 
255.656 
773.644 
765.363 
305.713 
270.3 
593.99 
247.35 
279.915 
256.822 
80.3715 
2.13533e-09 
326.786 
330.606 
429.438 
386.194 
0.00175013 
66.0079 
0.280466 
0.155248 
258.9 
232.601 
6.09794e-14 
4.49e-14 
335.459 
342.353 
97.0447 
597.698 
546.338 
287.194 
263.595 
35.9112 
40.0013 
38.7257 
0.00182554 
0.451268 
-7.63728e-14 
-9.89877e-14 
145.114 
270.571 
280.137 
334.448 
333.121 
340.249 
329.055 
212.13 
213.211 
1.6208e-12 
35.9643 
749.932 
698.755 
4.21976e-05 
1.6198e-05 
200.659 
177.081 
96.8323 
0.000420728 
264.491 
236.381 
442.705 
321.511 
322.805 
0.000372705 
3.83564e-13 
75.8298 
80.9151 
89.1682 
164.354 
35.8162 
39.9496 
0.0458721 
0.0461628 
6.77651e-09 
28.2701 
65.1717 
642.97 
644.619 
776.809 
768.415 
46.4703 
49.5561 
58.8347 
62.6927 
36.4914 
32.8685 
10.4078 
-9.34251e-14 
1.50583e-14 
342.201 
2.07421 
160.753 
188.607 
169.421 
38.8969 
279.345 
57.3887 
215.535 
242.732 
225.494 
133.404 
166.111 
36.4963 
38.964 
0.0938564 
5.98438e-14 
2.442e-14 
37.248 
39.7511 
0.153815 
308.388 
310.961 
106.835 
113.327 
25.7074 
74.8608 
322.183 
337.292 
312.203 
242.009 
78.6312 
83.0229 
2.39505e-14 
2.29207e-14 
3.80828e-14 
47.1971 
7.61428e-05 
9.82466e-11 
6.60629e-11 
125.761 
133.125 
182.447 
31.5597 
38.0765 
40.6219 
24.4934 
26.7786 
26.6346 
5.91085e-14 
7.1967e-14 
4.54632e-14 
273.758 
0.0137806 
0.00346686 
0.0245017 
9.12506e-09 
51.6218 
1.39128e-05 
2.81051e-08 
1.2465e-08 
31.5824 
29.8288 
35.7817 
0.780817 
-1.18877e-13 
110.228 
285.441 
280.957 
287.196 
4.57431e-12 
20.2234 
273.169 
268.325 
274.658 
38.9776 
41.5756 
1.16101e-09 
0.000291613 
0.00015698 
213.91 
56.1688 
7.1861e-07 
59.8107 
63.4657 
299.388 
302.947 
187.098 
319.819 
87.0567 
633.121 
726.201 
128.746 
170.516 
4.82081e-12 
91.7719 
96.6265 
154.698 
8.00749e-13 
1.78568e-12 
3.25821e-13 
102.308 
107.512 
73.086 
77.7779 
1.29269 
1.34547 
154.329 
171.281 
161.052 
145.66 
153.851 
14.6717 
15.5999 
3.22827 
3.39595 
136.631 
142.917 
1.57569e-13 
3.99531e-13 
62.3926 
66.1751 
108.204 
113.6 
51.0964 
3.15894e-12 
6.15255e-12 
3.00435e-14 
7.37395e-15 
175.243 
182.396 
68.16 
72.18 
26.0417 
28.2144 
114.553 
120.152 
26.3966 
28.5964 
4.88511 
5.15589 
121.867 
128.329 
2.97992e-13 
7.68946e-13 
318.02 
0.000641816 
199.977 
207.611 
5.23969e-12 
82.6875 
87.2292 
248.199 
243.14 
249.37 
0.00037404 
0.000339678 
-1.10813e-13 
-1.05757e-13 
-2.56683e-14 
31.7177 
34.0108 
-1.05814e-14 
4.7028e-10 
196.535 
200.859 
467.099 
0.64716 
2.07925 
0.0857636 
98.6698 
104.916 
214.192 
0.129995 
174.538 
175.845 
-5.38032e-14 
21.5391 
280.649 
116.611 
151.629 
7.26684e-06 
289.983 
337.718 
3.48773e-12 
2.17105 
43.3049 
40.9941 
43.718 
30.8684 
185.474 
29.0037 
101.869 
0.000196789 
304.824 
719.406 
35.5045 
326.27 
481.706 
6.87725e-12 
-2.58577e-15 
1.7313e-15 
175.013 
86.5615 
94.735 
69.0645 
76.4331 
110.336 
0.0869847 
0.158473 
32.5484 
0.000376508 
6.79846e-15 
-5.96571e-14 
8.71784e-14 
1.00083e-13 
-3.69512e-14 
-2.96675e-14 
1.64058e-14 
235.878 
1.22232e-13 
350.355 
2.44832e-06 
2.022e-06 
229.022 
237.188 
227.36 
3.00504e-12 
1.06806e-12 
1.53101e-09 
177.31 
177.796 
691.083 
690.316 
33.9017 
31.4918 
42.6071 
34.6189 
321.496 
296.337 
698.063 
0.0827895 
305.276 
35.1951 
328.45 
337.132 
7.98355e-14 
0.000189381 
0.000105495 
79.1181 
71.3724 
60.9357 
55.1356 
25.3022 
7.99185 
2.72813 
9.66723 
2.90754e-14 
27.8592 
25.4005 
203.186 
211.479 
186.813 
196.293 
315.462 
316.914 
230.911 
206.428 
201.923 
207.503 
257.029 
459.458 
0.0001345 
6.61597e-05 
2.5169e-05 
43.1331 
47.3854 
3.26173e-10 
4.7027e-12 
7.4055e-12 
8.58352e-12 
182.626 
187.193 
236.982 
2.21485e-11 
1.24586e-11 
4.21208e-11 
4.3825e-10 
144.557 
91.7541 
346.776 
350.338 
53.0542 
56.3954 
0.00392615 
289.798 
290.396 
2.33598e-11 
1.51011e-11 
9.23623e-14 
1.01476e-13 
682.79 
298.531 
27.26 
29.0628 
3.87806e-13 
-1.96524e-14 
2.6426e-14 
-5.49861e-16 
66.0971 
71.222 
356.446 
0.0400212 
7.99757e-06 
6.71421e-06 
44.5989 
47.5332 
37.5879 
8.2973e-09 
2.29688e-08 
3.97623e-07 
1.33784e-07 
2.2408e-06 
221.815 
8.54358e-15 
3.40759e-14 
56.4545 
51.7458 
61.1136 
5.81428e-07 
1.99549e-07 
38.2462 
308.289 
194.472 
336.89 
343.219 
343.293 
354.176 
362.187 
0.000220449 
0.000195221 
506.456 
337.901 
0.807259 
0.457551 
551.708 
501.272 
246.262 
256.822 
300.075 
309.569 
121.396 
377.938 
379.376 
209.627 
7.215 
25.1365 
27.2849 
0.000221797 
0.000446327 
329.536 
54.3231 
49.2577 
0.000893968 
1.86712e-14 
7.22916e-14 
300.064 
309.27 
250.583 
250.59 
691.344 
332.774 
335.148 
319.778 
329.461 
5.1712e-08 
1.56698e-07 
3.91039e-08 
394.981 
354.547 
134.785 
0.00906994 
0.00874611 
38.3538 
519.973 
525.771 
214.132 
219.981 
11.0436 
33.8663 
31.4783 
75.5147 
28.6855 
65.6245 
2.148e-05 
139.847 
150.818 
681.569 
643.516 
361.962 
356.561 
318.313 
295.074 
338.807 
127.201 
7.63603 
683.189 
734.948 
257.1 
263.544 
0.353966 
231.864 
9.5586e-11 
31.5246 
342.598 
340.637 
345.728 
117.84 
309.409 
318.53 
3.86644e-05 
317.338 
326.049 
208.493 
208.46 
9.64929e-05 
38.5519 
218.954 
245.083 
227.455 
8.66665e-14 
6.43217e-14 
1.26295e-13 
313.426 
283.145 
614.588 
503.81 
608.371 
192.932 
488.518 
445.924 
82.0295 
87.3379 
3.88892e-05 
169.083 
0.144498 
9.07308e-09 
38.8304 
69.1339 
44.0851 
85.9513 
91.3129 
327.285 
323.225 
329.321 
5.36073e-13 
354.362 
353.221 
254.379 
163.55 
124.967 
46.9678 
42.1056 
46.1685 
44.9015 
297.109 
302.832 
1.20519e-10 
7.93642e-11 
36.9728 
34.0803 
225.864 
225.764 
734.724 
762.552 
731.348 
1.81891e-14 
4.00649e-14 
152.58 
3.83226e-14 
8.80207e-15 
156.229 
80.7421 
44.9454 
47.5604 
309.228 
303.809 
310.432 
147.294 
207.403 
237.681 
217.351 
96.8203 
507.946 
37.3114 
16.6017 
220.128 
169.964 
179.015 
7.97294e-12 
112.482 
1.67387e-10 
74.2176 
0.000608127 
0.00054925 
1.80135e-13 
1.05537e-13 
323.876 
336.868 
332.144 
1.85969e-12 
41.921 
44.6413 
43.3349 
0.0398957 
48.1417 
50.8809 
141.336 
147.907 
0.0775796 
0.14665 
0.0781417 
3.73985e-05 
118.502 
123.832 
223.617 
88.1747 
215.659 
225.969 
2.81213e-09 
4.66318e-05 
160.098 
49.4104 
52.2172 
0.0196317 
54.4323 
57.9591 
104.752 
111.064 
2.15375 
4.29068e-11 
23.1605 
24.6215 
5.30098 
165.457 
172.028 
1.15967e-12 
2.20934e-12 
77.3784 
81.4469 
131.953 
137.629 
3.43509 
3.60144 
364.987 
2.47567e-14 
8.57236e-15 
84.3256 
88.6748 
33.1033 
325.918 
363.597 
335.085 
0.0224309 
139.476 
145.342 
175.306 
182.11 
33.577 
35.8603 
0.000119501 
0.000103164 
7.94552 
8.3927 
129.681 
136.281 
3.60479e-12 
8.10196e-12 
238.411 
246.039 
2.28553e-05 
5.97974e-10 
4.0609e-10 
167.731 
0.0706802 
0.106937 
101.665 
106.513 
0.0680472 
170.812 
1.67e-08 
1.97667e-09 
0.019286 
162.012 
159.35 
168.337 
0.488383 
1.50038 
219.897 
46.0129 
49.0085 
0.260717 
93.3357 
2.72184e-11 
1.19049e-08 
3.62851e-09 
46.7831 
1.06758e-06 
339.44 
0.0130764 
201.877 
3.96883e-12 
5.58807e-05 
50.7632 
53.6528 
290.778 
124.381 
381.298 
41.383 
38.8126 
2.0044e-05 
1.62032e-13 
5.51149e-13 
535.539 
283.725 
283.17 
713.113 
176.803 
92.6336 
33.9048 
31.5019 
16.1955 
3.29684e-05 
1.22001e-05 
33.5228 
197.463 
5.35236 
6.31997 
5.90699e-13 
71.7494 
1.30091e-13 
1.16385e-13 
202.664 
0.00159152 
360.276 
319.218 
377.392 
3.69483e-06 
3.03983e-06 
357.284 
262.213 
172.109 
0.469946 
271.491 
279.589 
716.684 
1.19813e-12 
5.58247 
346.398 
369.772 
101.515 
92.3131 
53.7058 
84.9374 
5.12329e-12 
172.954 
172.614 
46.6582 
43.2947 
36.3976 
698.06 
9.07494e-14 
2.55869e-05 
1.415e-05 
172.053 
380.52 
4.59446e-09 
162.527 
147.557 
70.8757 
139.782 
45.9025 
263.932 
274.549 
58.589 
47.5617 
50.6267 
73.5362 
27.546 
279.022 
245.404 
253.793 
237.789 
248.408 
312.2 
312.388 
248.51 
145.892 
253.285 
202.878 
202.855 
560.345 
564.818 
586.158 
1.87041e-14 
-2.39313e-14 
17.6088 
11.6225 
49.6552 
0.0121083 
31.407 
6.10447e-06 
1.45152e-09 
78.1577 
71.2557 
106.889 
0.0014677 
283.232 
283.682 
351.732 
353.809 
65.9163 
0.00370392 
2.72614e-11 
1.72882e-11 
8.57615e-14 
7.36326e-14 
362.587 
355.473 
276.659 
276.988 
1.29402e-06 
6.23112e-14 
51.8264 
0.131242 
0.132441 
55.3156 
58.4715 
111.878 
52.3951 
117.651 
1.91013e-11 
130.474 
349.911 
1.09571e-13 
267.406 
267.605 
231.079 
209.996 
33.5389 
96.9032 
355.278 
2.47656e-05 
0.000351605 
0.000309454 
0.266195 
40.4506 
187.079 
192.107 
5.30058e-05 
1.58273e-14 
5.19943e-14 
3.89096e-14 
125.339 
370.454 
297.078 
307.966 
7.9832e-11 
6.7069e-11 
337.641 
231.768 
237.991 
31.9579 
34.2157 
726.342 
749.177 
0.000236356 
2.24294 
1.30472 
4.40896e-11 
185.929 
192.926 
332.888 
333.871 
5.67965e-14 
4.6262e-14 
373.2 
358.407 
354.146 
362.797 
243.162 
35.355 
32.6634 
0.00183561 
153.632 
7.207e-08 
5.33904e-08 
367.176 
0.0153597 
0.0200039 
571.085 
574.602 
244.232 
244.188 
106.012 
112.518 
38.946 
41.4383 
38.818 
200.96 
207.37 
713.69 
707.387 
217.305 
77.3214 
82.7764 
366.744 
370.207 
45.8228 
42.5571 
388.347 
354.917 
48.5493 
1.90187e-11 
12.3046 
155.472 
69.4741 
63.437 
132.575 
1.34322e-13 
8.74772e-14 
0.000458531 
242.192 
249.727 
0.0147855 
0.00656687 
340.749 
345.751 
486.527 
2.82556e-05 
5.75503e-05 
94.2685 
100.625 
122.589 
0.00337905 
344.225 
352.444 
349.359 
357.023 
1.96661e-11 
290.379 
297.933 
125.765 
378.554 
491.993 
453.475 
412.735 
540.384 
501.036 
8.97733e-11 
53.0294 
106.715 
18.063 
41.418 
204.606 
601.981 
45.9169 
41.7636 
5.78135e-06 
116.76 
3.69255e-14 
326.129 
319.642 
326.82 
357.705 
4.74975e-06 
2.5182e-06 
296.363 
1.39863e-05 
97.9871 
3.28451e-12 
1.0788e-12 
1.44839e-10 
9.3578e-11 
5.59346e-12 
1.17484e-13 
8.68501 
218.638 
740.773 
734.919 
4.93832e-14 
6.79188e-14 
5.81973e-14 
280.229 
196.859 
185.905 
0.436985 
8.83072e-11 
290.74 
212.943 
211.904 
259.099 
289.919 
269.89 
0.000985456 
0.000884992 
394.681 
0.243068 
0.44603 
0.246861 
68.512 
72.2167 
578.403 
655.237 
197.38 
192.007 
197.34 
263.377 
291.695 
271.855 
33.9119 
222.479 
232.923 
1.19517e-13 
1.99476e-13 
18.6064 
196.577 
203.301 
270.861 
644.473 
3.60576e-06 
247.351 
258.315 
0.00262037 
0.00240314 
2.83365e-13 
8.14812e-13 
2.18603e-13 
55.2573 
270.092 
263.688 
270.321 
353.089 
360.2 
0.0334214 
56.5825 
59.4334 
63.5318 
58.0726 
60.9582 
56.092 
32.278 
34.5176 
0.765715 
0.7863 
149.453 
305.373 
167.288 
161.441 
168.091 
142.1 
54.0846 
56.8775 
149.595 
155.377 
359.215 
339.506 
128.547 
52.1956 
55.1721 
61.3951 
261.949 
36.2168 
362.321 
359.786 
365.285 
135.119 
140.551 
175.498 
180.761 
374.425 
373.273 
59.7063 
62.6595 
1.03767e-13 
1.01156e-13 
2.88548e-07 
8.56515e-07 
2.23123e-07 
81.0013 
86.0371 
146.193 
154.295 
111.539 
116.483 
1.10763e-11 
2.37416e-11 
157.677 
163.593 
171.134 
180.095 
0.0328631 
7.14968e-08 
2.1502e-08 
3.60431e-07 
102.243 
106.912 
48.5689 
51.5994 
26.278 
27.8529 
166.433 
172.486 
207.788 
214.803 
41.1996 
0.000186386 
0.00324187 
66.3386 
12.8626 
13.5952 
137.723 
144.274 
3.71257e-11 
8.78645e-11 
278.442 
285.886 
0.0586072 
0.0109126 
7.43346e-10 
2.49448e-09 
4.93889e-10 
0.000243099 
390.607 
122.446 
127.578 
0.0679549 
373.064 
0.00180369 
271.522 
269.215 
604.853 
49.532 
0.116331 
0.000460949 
641.447 
57.0629 
60.2826 
206.387 
88.8297 
129.698 
100.739 
75.0944 
373.029 
379.976 
47.9728 
680.895 
3.49085 
4.26763e-11 
281.275 
41.4698 
38.9268 
61.4507 
64.4992 
132.395 
80.1021 
0.116642 
0.0572571 
121.793 
46.7192 
273.869 
272.33 
2.75274e-12 
6.26909e-12 
111.55 
217.577 
224.499 
55.7813 
52.0565 
1.23167e-11 
0.00616691 
3.1151e-06 
6.71039e-06 
192.987 
55.9331 
1.8992 
1.27233e-13 
1.3985e-13 
371.055 
155.867 
147.724 
1.01936e-05 
102.512 
93.9808 
303.771 
282.159 
313.156 
323.852 
315.474 
323.077 
106.822 
3.4444e-06 
1.88039e-06 
165.516 
56.7732 
67.4792 
5.8083e-12 
362.898 
331.239 
1.11167e-13 
331.175 
693.871 
741.49 
430.621 
206.587 
8.06104e-06 
9.16176 
5.68888 
235.737 
196.409 
195.568 
19.691 
327.249 
337.579 
305.098 
305.079 
59.0014 
62.273 
289.78 
298.088 
39.1213 
292.636 
303.918 
304.383 
166.285 
168.63 
-4.14579e-15 
2.41134e-14 
606.859 
641.472 
608.732 
58.0793 
1.34889 
382.138 
420.804 
390.609 
1.15623e-09 
2.36764e-09 
349.335 
2.18914e-08 
672.777 
9.94714e-09 
41.861 
61.1207 
66.8753 
3.40629e-13 
276.762 
276.086 
350.353 
263.112 
256.39 
255.514 
335.21 
3.11277e-11 
1.94138e-11 
45.0398 
347.426 
1.75239e-13 
2.04433e-13 
362.034 
269.894 
269.123 
1.37945e-13 
0.0173585 
34.9026 
0.222445 
0.225275 
67.1239 
179.654 
179.066 
3.07248e-05 
9.28168e-07 
133.828 
1.58065e-06 
38.4419 
269.357 
246.738 
78.0738 
2.17134e-10 
2.27488e-10 
83.3246 
87.2691 
0.000558218 
0.000488184 
64.4723 
346.938 
357.461 
1.39813e-13 
248.811 
237.915 
39.1894 
41.6134 
464.654 
232.962 
6.11047e-10 
5.57872e-10 
1.1406e-09 
219.769 
226.949 
327.538 
327.207 
1.24823e-13 
232.68 
254.074 
239.966 
236.757 
0.00175451 
0.00306071 
9.26261e-14 
1.70492e-13 
2.11543e-07 
407.8 
415.504 
0.000159666 
5.97248e-05 
393.548 
578.485 
175.861 
9.8564e-08 
7.13117e-08 
43.5876 
40.5777 
192.387 
66.7526 
72.4878 
0.0848016 
0.268223 
397.982 
385.737 
400.288 
608.325 
609.107 
262.282 
368.556 
471.505 
113.804 
120.519 
46.7778 
49.5328 
5.58353e-06 
4.58e-06 
715.169 
707.107 
394.372 
399.772 
4.03817 
10.1495 
672.02 
685.622 
0.0563851 
0.0260991 
400.764 
372.941 
377.102 
98.3597 
90.1973 
162.8 
167.683 
187.836 
186.352 
5.97393 
3.58946 
226.525 
224.757 
303.44 
312.097 
670.75 
44.2904 
2.98461e-13 
1.88392e-13 
350.987 
357.596 
1.80736e-13 
70.533 
65.1638 
6.03377e-05 
182.086 
458.517 
101.755 
108.466 
117.876 
50.2316 
184.068 
374.966 
381.245 
2.30496e-10 
279.895 
83.8694 
77.0169 
0.201064 
49.5662 
46.8189 
44.256 
89.7751 
506.892 
468.007 
205.963 
191.349 
198.156 
61.0767 
492.984 
143.143 
151.211 
169.891 
178.952 
342.852 
335.169 
343.139 
0.000244063 
319.827 
311.331 
319.266 
229.668 
5.69589e-07 
5.24773e-08 
159.598 
3.19823e-05 
50.9791 
163.452 
3.67738e-12 
1.27656e-12 
1.70171e-10 
1.07434e-10 
413.657 
1.77276e-13 
697.325 
646.214 
688.241 
133.986 
437.117 
403.967 
254.071 
122.002 
328.682 
89.7862 
96.3072 
312.87 
341.949 
323.894 
0.00159102 
0.00141945 
364.526 
358.613 
365.959 
14.1938 
246.265 
63.2777 
68.4573 
66.4397 
39.5554 
41.9348 
65.4027 
281.048 
292.295 
1.157e-12 
2.94754e-12 
1.52481e-08 
4.57298e-09 
86.6789 
90.7909 
68.8072 
306.227 
317.758 
7.67681e-13 
0.00430374 
0.00392449 
1.5143e-13 
1.22718e-13 
29.5131 
230.54 
229.486 
297.723 
66.9859 
70.0231 
1.045 
0.354416 
1.27824 
51.1323 
53.7576 
5.55482e-07 
0.00952043 
1.27776 
167.613 
173.471 
2.17949 
2.25219 
144.969 
176.092 
182.116 
444.261 
436.914 
487.337 
152.019 
157.512 
55.88 
84.2692 
9.85427e-10 
41.7476 
1.39437e-13 
301.327 
309.544 
339.384 
317.868 
127.191 
132.374 
1.85847e-05 
1.55157e-05 
1.64626e-13 
179.607 
185.58 
377.781 
375.041 
70.8727 
73.946 
6.77916e-11 
239.587 
237.896 
2.01896e-06 
231.257 
502.823 
4.12241e-07 
1.25434e-06 
3.12437e-07 
40.0241 
42.3855 
197.698 
207.543 
132.636 
137.976 
1.42988e-10 
3.08299e-10 
185.191 
191.309 
338.276 
226.011 
236.505 
580.845 
547.791 
217.525 
223.959 
375.63 
381.288 
73.6223 
77.9784 
41.1529 
43.5408 
195.127 
201.267 
242.272 
249.33 
20.6835 
21.8745 
3.98894e-10 
9.4691e-10 
319.037 
326.133 
411.132 
415.427 
3.69294e-08 
1.18531e-08 
1.49634e-07 
157.106 
1.33763e-13 
3.45167e-11 
1.53316e-10 
1.15122e-06 
151.262 
11.1585 
25.5225 
660.056 
5.11066e-10 
0.0250531 
0.0109794 
54.7488 
268.522 
95.688 
73.1194 
76.2846 
196.421 
203.423 
0.202963 
0.0989893 
55.3898 
260.842 
258.488 
93.0108 
3.39868e-11 
7.8388e-11 
212.157 
223.434 
6.1258e-05 
620.296 
182.351 
3.61917e-06 
7.44709e-06 
379.483 
382.502 
529.579 
532.875 
72.6993 
325.723 
649.727 
1.61498e-13 
1.6137e-13 
94.4692 
1.5725e-13 
1.39326e-13 
1.75361e-13 
80.1897 
236.362 
3.06672e-07 
7.14962e-07 
165.4 
171.522 
165.227 
7.90254e-06 
360.03 
370.167 
359.258 
365.723 
177.665 
175.56 
47.2408 
0.0102532 
418.585 
414.459 
5.27836e-13 
264.993 
2.07719e-14 
5.03649e-05 
3.7406 
214.243 
295.586 
2.80209e-08 
190.113 
345.02 
370.589 
380.163 
296.665 
2.08891e-11 
6.17121e-12 
71.5353 
335.41 
343.368 
106.49 
107.328 
0.408078 
0.415126 
360.083 
348.019 
359.438 
6.38917e-14 
7.63467e-14 
0.729519 
0.744175 
244.554 
252.961 
140.691 
636.119 
656.979 
635.048 
145.564 
190.934 
677.551 
678.498 
672.429 
266.692 
265.04 
68.4326 
64.0209 
3.72563e-13 
71.8463 
117.065 
1.73002e-13 
606.032 
340.312 
220.371 
218.55 
379.063 
15.0085 
9.43035 
31.1983 
288.926 
1.30954 
0.000463476 
0.000252784 
0.701156 
3.84753e-13 
5.87107e-13 
0.0144073 
0.0466209 
259.735 
251.224 
258.015 
255.434 
262.699 
0.00279169 
343.072 
115.035 
114.487 
59.185 
0.379432 
0.387228 
392.964 
397.654 
150.431 
138.544 
182.666 
269.202 
85.3539 
94.4448 
52.7796 
49.3616 
99.6619 
103.8 
0.000881295 
308.478 
284.813 
392.275 
9.03053e-10 
5.86658e-10 
380.11 
69.2105 
5.61551e-14 
2.18449e-13 
4.31351e-14 
506.772 
475.839 
46.9863 
49.6428 
2.3294e-06 
292.697 
2.66089e-09 
2.45175e-09 
8.42748e-09 
127.02 
393.794 
317.238 
315.706 
387.894 
1.3166e-07 
9.28685e-08 
0.00168119 
6.19998e-13 
1.33582e-12 
4.03062e-06 
42.942 
74.1482 
73.4152 
79.91 
627.25 
624.782 
464.58 
555.538 
122.054 
129.059 
55.4053 
58.4474 
8.48805e-06 
6.94621e-06 
659.747 
407.361 
410.994 
151.14 
155.122 
201.624 
208.849 
579.819 
568.128 
82.5976 
86.4202 
182.473 
181.169 
284.675 
282.697 
211.969 
220.762 
360.034 
368.371 
67.0394 
62.7888 
121.912 
112.361 
0.839276 
2.23206 
99.9947 
143.93 
124.689 
0.000765099 
0.000288498 
401.699 
380.02 
77.7104 
80.6562 
8.16843e-10 
46.1711 
185.702 
84.698 
162.19 
166.866 
2.68219e-09 
99.6042 
91.8646 
266.359 
76.4147 
324.453 
334.395 
474.723 
180.133 
187.134 
609.158 
644.864 
55.8073 
27.0033 
57.3319 
49.93 
8.59311e-07 
197.374 
207.528 
411.265 
227.832 
238.792 
264.124 
2.37621e-07 
4.31669e-06 
287.699 
0.00255591 
0.00226595 
4.64929e-07 
149.648 
1.9437e-10 
1.19652e-10 
1.08699e-12 
315.982 
214.489 
207.016 
212.651 
351.638 
351.236 
410.886 
379.07 
0.000470584 
61.6477 
56.8211 
68.0653 
378.309 
204.344 
365.007 
389.913 
375.642 
75.0539 
85.2578 
89.0835 
194.919 
200.796 
341.848 
353.201 
1.33038e-12 
1.46304e-11 
3.47552e-11 
3.07412e-09 
103.744 
108.088 
80.3441 
413.549 
420.081 
420.013 
1.87738e-13 
2.80673e-13 
1.82473e-13 
605.255 
385.194 
0.00704454 
0.00636744 
83.8827 
77.837 
3.13543e-05 
7.80072e-06 
6.56069e-05 
47.3603 
49.9414 
78.2279 
81.4742 
365.308 
376.351 
342.362 
0.00153589 
333.417 
3.63194 
9.09698e-13 
233.866 
92.0619 
97.5108 
47.9029 
50.4228 
0.0183494 
0.0170399 
109.839 
116.846 
2.84786e-05 
2.38907e-05 
227.378 
218.55 
225.096 
237.185 
184.651 
82.8444 
86.0174 
2.88067e-07 
8.42901e-08 
1.68438e-07 
290.751 
300.736 
55.6822 
58.572 
59.419 
5.7872e-07 
1.81675e-06 
4.2689e-07 
258.158 
269.566 
155.724 
161.468 
2.26716e-09 
4.89027e-09 
618.689 
546.525 
608.553 
214.203 
220.577 
269.517 
276.8 
551.43 
581.801 
517.168 
250.396 
256.408 
88.3581 
92.1307 
5.99086 
6.24341 
390.548 
394.587 
142.9 
109.098 
115.074 
63.4908 
66.9566 
225.05 
231.208 
0.194187 
0.246436 
278.226 
284.958 
60.4622 
169.239 
175.042 
107.961 
112.513 
418.406 
311.62 
5.19412e-08 
276.558 
3.77614e-12 
1.34129e-12 
176.838 
169.779 
175.539 
243.133 
330.498 
0.00137972 
89.4338 
117.088 
112.615 
253.599 
251.115 
6.19811e-12 
3.42926e-12 
396.298 
277.772 
483.572 
0.0975722 
0.0445016 
97.433 
4.94085e-10 
1.11738e-09 
274.529 
184.809 
192.022 
48.5786 
4.65577e-07 
9.58681e-07 
418.686 
407.389 
559.277 
172.82 
171.117 
167.969 
270.453 
1.97518e-09 
308.914 
307.186 
64.8927 
3.94252e-07 
0.0639091 
401.287 
415.637 
410.167 
0.0040858 
0.00359167 
399.949 
404.904 
166.173 
2.15378e-10 
155.165 
143.751 
644.048 
639.713 
400.25 
411.142 
85.7175 
88.9 
1.18569e-12 
3.83214e-13 
8.02314e-13 
558.209 
61.624 
83.5652 
269.907 
267.148 
1.90629e-08 
368.748 
376.458 
3.46112e-12 
205.739 
3.68584e-11 
1.29085e-10 
2.12176e-11 
6.3402e-14 
6.50049e-08 
51.8798 
210.584 
291.992 
381.079 
387.765 
0.353654 
65.5183 
65.5999 
0.684494 
0.699325 
75.4684 
81.3412 
78.7753 
387.045 
65.7596 
4.39032e-13 
8.25604e-13 
5.62867e-09 
1.21035 
1.23421 
292.385 
299.565 
654.324 
648.105 
1.06935e-09 
6.76396e-10 
655.443 
635.053 
647.367 
9.92352 
177.034 
95.6617 
2.53005 
6.24107 
3.49924e-08 
104.437 
208.117 
23.1522 
390.507 
138.96 
70.9366 
1.49858e-12 
3.15569e-12 
3.38938e-06 
175.663 
136.884 
4.01579e-13 
51.0799 
0.000452695 
0.00241042 
0.00790719 
321.024 
349.514 
3.73972 
2.11771 
0.657932 
0.680956 
402.814 
405.796 
253.293 
231.435 
240.247 
93.4114 
266.093 
361.088 
521.955 
117.538 
121.742 
9.14526e-05 
356.345 
364.339 
340.661 
245.28 
242.355 
191.373 
0.000262213 
144.141 
2.37244e-13 
0.0425299 
556.006 
0.460301 
194.375 
2.58229e-08 
55.5301 
58.513 
287.833 
302.585 
300.006 
522.355 
511.251 
131.031 
1.71403e-07 
1.17804e-07 
79.7105 
74.8887 
309.288 
7.91606e-12 
1.81151e-11 
0.134517 
0.165999 
81.4027 
88.1083 
63.207 
59.267 
32.9395 
480.318 
449.254 
623.803 
429.61 
182.75 
4.15896e-09 
420.77 
424.443 
359.091 
384.581 
327.597 
65.0047 
68.1895 
1.30356e-05 
1.05853e-05 
5.72323e-09 
411.488 
413.134 
151.527 
155.905 
470.702 
537.257 
385.41 
101.651 
94.7099 
5.20189e-07 
1.00163e-06 
559.486 
536.7 
64.4977 
149.076 
138.073 
433.94 
440.973 
163.636 
170.472 
3.85484e-13 
2.16202 
34.8713 
365.53 
0.000245063 
70.9579 
120.224 
318.908 
48.6889 
7.71349e-05 
191.689 
200.64 
299.397 
617.379 
613.415 
328.569 
339.962 
262.881 
125.585 
116.542 
107.876 
3.46205 
448.282 
355.237 
439.319 
378.629 
582.58 
7.91126e-07 
2.55407e-06 
5.66587e-07 
3.08515e-13 
2.3973e-08 
191.791 
1.095e-07 
294.681 
307.352 
212.849 
268.461 
579.892 
578.864 
1.97853e-13 
68.3748 
126.002 
0.00118531 
0.00044288 
0.076215 
174.119 
4.69866e-08 
338.261 
598.277 
608.891 
595.597 
9.90912e-09 
92.7203 
386.577 
70.7068 
8.1937e-12 
69.9306 
3.81521e-08 
9.71055e-09 
9.33823e-08 
2.30905e-13 
0.359605 
0.173002 
435.346 
100.267 
104.532 
348.123 
359.156 
223.461 
229.004 
293.67 
0.0349973 
0.0112304 
0.0456965 
400.306 
411.249 
283.281 
288.431 
122.459 
126.982 
261.681 
250.608 
259.057 
2.31739e-08 
0.0114532 
0.0102841 
24.5889 
15.6827 
391.378 
141.805 
3.69051e-09 
234.372 
240.318 
228.743 
239.413 
419.324 
429.063 
9.26138e-13 
1.15596e-12 
1.66505e-12 
57.1881 
0.000249242 
246.754 
237.695 
244.194 
5.99893 
6.12069 
298.823 
304.211 
100.452 
105.87 
187.748 
0.0305543 
0.0724459 
0.0280058 
118.502 
347.157 
323.173 
1.62109e-10 
4.17521e-10 
4.45003e-05 
3.78603e-05 
0.536725 
1.39198 
185.922 
95.4786 
98.8595 
323.271 
65.5987 
7.57381e-05 
324.646 
337.088 
353.029 
365.082 
384.221 
385.586 
1.12694e-08 
180.888 
186.925 
55.8604 
58.7083 
437.209 
421.786 
307.133 
314.328 
72.1544 
103.682 
111.755 
107.741 
9.99871 
10.3797 
397.571 
393.272 
399.979 
195.143 
201.351 
156.968 
164.83 
95.8797 
100.5 
314.497 
320.354 
0.000141031 
0.000374639 
0.000120442 
397.129 
203.336 
209.339 
127.528 
132.251 
415.802 
421.15 
298.871 
313.325 
310.294 
244.667 
251.513 
2.35055e-08 
274.836 
132.119 
130.59 
238.004 
234.85 
88.3792 
3.51081 
1.99366 
584.346 
5.3871e-12 
3.22743e-12 
76.3862 
274.859 
406.553 
98.6785 
91.8495 
5.31912e-07 
274.013 
255.525 
5.97503e-08 
1.21315e-07 
285.656 
537.741 
512.361 
200.362 
189.614 
197.081 
5.06587e-08 
390.355 
1.05222e-11 
33.6862 
34.2797 
218.454 
0.00647448 
113.996 
377.306 
194.002 
127.97 
293.916 
291.138 
455.633 
167.82 
174.825 
167.094 
165.826 
434.482 
439.391 
7.51257e-10 
96.1249 
90.3266 
627.896 
619.732 
445.744 
455.199 
98.9612 
102.071 
75.0496 
434.235 
259.991 
4.95581e-13 
179.85 
74.285 
51.8108 
411.799 
421.636 
253.021 
249.442 
4.24783e-05 
2.32315e-10 
5.02258e-09 
58.1629 
38.754 
38.787 
15.4234 
6.77659 
16.1528 
423.56 
427.834 
329.98 
116.812 
121.717 
444.459 
16.5463 
179.851 
167.446 
1.15434 
1.193 
88.7839 
95.4632 
92.1248 
73.535 
4.51441e-12 
1.01103e-11 
329.921 
336.332 
623.207 
613.891 
1.22651e-09 
606.983 
596.724 
0.170436 
120.018 
187.067 
431.979 
436.626 
4.24342e-08 
428.932 
427.495 
432.704 
113.007 
78.2131 
402.123 
378.058 
594.28 
135.644 
3.74718e-05 
1.04888e-05 
60.8094 
227.875 
0.000399375 
0.00131797 
7.42865e-05 
76.7765 
199.973 
435.212 
441.594 
1.1741 
202.42 
404.42 
405.492 
6.73934e-09 
160.649 
153.005 
159.171 
219.703 
132.677 
402.357 
409.931 
136.802 
140.814 
56.4053 
42.9598 
303.433 
198.15 
207.344 
93.8125 
213.789 
204.841 
211.002 
59.861 
174.051 
170.987 
320.416 
333.5 
22.3724 
22.6361 
284.283 
280.879 
162.014 
159.525 
61.9413 
9.03679e-12 
2.20331e-12 
65.1408 
68.4516 
418.231 
2.17197e-07 
1.45009e-07 
75.1636 
70.6096 
9.51771e-11 
2.08973e-10 
0.0908201 
188.781 
55.072 
37.8591 
381.353 
89.7234 
300.313 
153.907 
262.029 
416.563 
4.76229e-06 
75.3984 
78.4785 
2.00131e-05 
1.53687e-05 
406.36 
406.041 
579.181 
571.527 
316.583 
305.324 
2.63373e-11 
3.21803e-11 
0.00561411 
0.00212951 
460.464 
456.332 
1.34874e-09 
7.9749e-10 
586.114 
572.969 
224.679 
236.482 
1.23577 
0.636558 
137.68 
143.221 
59.1588 
290.485 
149.981 
147.375 
95.8207 
101.811 
0.109166 
0.293578 
134.282 
124.729 
92.0952 
86.9123 
8.47665e-07 
1.04964e-06 
3.46032e-06 
7.29161e-07 
298.386 
439.82 
118.65 
110.881 
473.926 
65.7028 
67.6171 
108.957 
9.66499 
272.65 
78.7181 
437.551 
578.312 
1.24978e-05 
2.0807e-12 
1.13603e-08 
177.231 
186.531 
424.534 
454.679 
431.392 
105.134 
103.189 
181.815 
240.229 
358.153 
368.948 
252.011 
256.883 
452.661 
463.065 
568.835 
555.438 
314.486 
318.23 
4.28278e-09 
3.98996e-06 
142.8 
147.302 
2.70981e-08 
7.77705e-09 
245.191 
233.602 
242.129 
0.0185123 
0.0164683 
583.417 
596.428 
222.656 
136.854 
142.804 
265.013 
269.865 
301.619 
366.954 
3.06416e-06 
463.853 
472.207 
5.73492e-12 
6.03851e-12 
1.18947e-11 
43.568 
77.0155 
4.08846e-05 
331.877 
335.666 
194.636 
4.72577e-07 
154.837 
66.4968 
70.4259 
69.4358 
122.263 
114.673 
337.419 
350.865 
16.5467 
16.9307 
566.54 
7.24035e-05 
6.31308e-05 
1.55239 
3.77918 
3.6167e-11 
1.39806e-10 
1.59951e-11 
392.535 
405.606 
6.63472e-09 
1.69706e-09 
1.43379e-08 
416.456 
427.961 
207.916 
65.2352 
68.7456 
68.5691 
430.224 
344.654 
351.821 
85.2524 
218.434 
229.187 
139.681 
144.276 
349.12 
353.456 
282.744 
230.661 
237.101 
257.058 
266.141 
151.091 
157.862 
69.0312 
71.771 
26.2145 
40.5691 
27.6481 
148.725 
159.912 
153.572 
417.382 
426.177 
449.01 
256.021 
267.233 
292.265 
277.533 
283.345 
216.555 
225.388 
524.3 
88.5037 
86.2847 
96.2994 
220.453 
216.884 
360.291 
90.757 
85.5602 
156.006 
407.28 
227.772 
88.9581 
83.7194 
388.632 
7.89255e-11 
6.44152e-06 
8.96835e-11 
2.20572e-11 
446.499 
6.4478e-08 
1.21033e-07 
514.072 
487.299 
172.028 
179.208 
19.7335 
19.8033 
0.00180056 
0.000678635 
480.508 
461.806 
453.554 
380.889 
2.03958 
275.387 
271.75 
245.976 
1.40541e-09 
209.461 
465.494 
0.0248355 
0.0315387 
73.4285 
491.998 
157.416 
240.754 
141.293 
464.683 
468.79 
517.473 
105.978 
0.0297089 
479.66 
485.98 
112.319 
115.839 
448.412 
6.25603e-06 
4.73609e-12 
190.057 
107.069 
101.512 
109.399 
450.205 
458.987 
234.283 
183.79 
176.292 
180.85 
165.443 
26.0942 
383.47 
366.767 
135.368 
0.0262807 
0.0100902 
368.45 
378.954 
172.99 
161.013 
1.98986 
2.10578 
103.053 
106.167 
6.87871e-11 
1.52154e-10 
365.846 
370.681 
0.00611363 
0.00192177 
0.00819537 
586.667 
4.9325e-08 
537.547 
480.859 
526.07 
185.428 
265.197 
440.258 
442.666 
457.899 
459.271 
4.73347e-09 
7.03279e-06 
1.21814e-05 
124.648 
231.41 
222.055 
228.125 
312.388 
565.149 
8.83962e-10 
0.651456 
0.305748 
1.07483e-06 
4.55747e-11 
6.53137e-05 
452.005 
456.1 
439.407 
9.6403 
5.53423 
0.0503536 
0.0456403 
344.478 
334.836 
397.419 
396.025 
166.346 
446.74 
451.582 
112.565 
109.111 
157.139 
0.130143 
0.299804 
0.12181 
137.85 
134.847 
6.247e-08 
1.2996e-07 
199.241 
158.83 
155.929 
330.892 
344.084 
12.999 
13.4181 
8.26652e-11 
263.162 
259.152 
201.678 
198.048 
76.1581 
79.2838 
215.468 
213.911 
200.251 
120.081 
124.726 
367.284 
0.333292 
0.844523 
2.6656e-07 
1.70883e-07 
425.229 
2.17854 
110.482 
80.8407 
397.093 
389.194 
397.904 
216.527 
281.952 
282.371 
0.00022521 
0.000581701 
0.000200077 
593.022 
286.59 
451.816 
430.162 
288.258 
302.304 
0.0604709 
295.096 
229.635 
456.769 
458.774 
2.88503e-05 
2.11394e-05 
392.786 
391.788 
568.018 
555.495 
146.082 
142.855 
10.9762 
11.0708 
0.017182 
0.0214415 
8.15539e-10 
2.64468e-10 
304.122 
497.651 
535.784 
169.279 
165.951 
229.554 
239.349 
141.196 
132.675 
379.065 
3.55625 
3.82873 
552.27 
564.716 
0.000216836 
249.871 
160.427 
148.915 
195.799 
203.966 
268.719 
221.828 
278.424 
377.829 
258.574 
3.29771e-10 
449.718 
114.921 
107.162 
163.344 
193.479 
190.805 
123.429 
468.43 
471.427 
8.50223e-09 
2.97411e-08 
4.84662e-09 
206.49 
219.196 
588.362 
487.089 
138.383 
171.072 
164.449 
110.435 
184.155 
465.576 
491.348 
473.032 
27.3722 
2.40556e-10 
9.16978 
4.06332 
9.46273 
278.822 
495.469 
503.896 
251.076 
493.776 
474.272 
341.759 
434.064 
435.983 
3.28955 
3.4233 
164.393 
168.708 
498.574 
259.917 
394.842 
293.649 
296.64 
2.40284e-11 
1.64101e-09 
497.424 
505.131 
3.52872e-05 
360.983 
362.179 
368.005 
427.661 
150.169 
141.032 
150.052 
415.715 
428.663 
1.35003e-06 
4.51602e-06 
9.07512e-07 
26.4484 
0.000121326 
9.33303e-05 
6.94545e-07 
1.76727e-06 
249.248 
244.658 
244.439 
7.50306e-09 
381.855 
387.213 
2.34671 
1.17511 
128.668 
456.89 
299.871 
318.824 
379.659 
381.873 
258.771 
326.265 
336.683 
154.912 
145.004 
161.621 
79.334 
252.762 
259.213 
309.618 
313.134 
263.347 
185.543 
440.538 
455.424 
119.723 
0.0694894 
0.178851 
322.631 
328.397 
0.00032043 
0.00103641 
81.5889 
84.2423 
78.1797 
49.8271 
127.625 
407.583 
420.502 
446.747 
447.763 
555.102 
524.072 
545.791 
143.526 
100.834 
6.05807 
6.25294 
101.598 
5.59011 
263.257 
333.116 
502.47 
142.932 
104.715 
98.7849 
2.27794e-10 
110.66 
6.18534e-11 
1.47965e-08 
172.965 
127.087 
119.889 
0.0118665 
432.834 
410.842 
488.21 
464.871 
460.283 
2.06704e-10 
8.56343e-09 
254.09 
249.93 
113.094 
82.1976 
77.8141 
5.33385e-08 
2.90591e-08 
128.792 
2.16407e-07 
157.513 
117.247 
415.289 
121.634 
190.94 
153.97 
150.54 
0.0727975 
126.583 
130.56 
90.701 
457.23 
441.677 
106.452 
401.865 
478.209 
484.797 
137.19 
128.417 
165.268 
158.373 
161.882 
178.331 
2.32364e-11 
355.357 
353.971 
8.44824e-10 
5.33315 
5.24019 
0.00844091 
0.00317912 
498.7 
0.0480276 
6.56189 
16.4767 
555.294 
561.725 
117.619 
120.05 
8.23983e-10 
396.821 
399.704 
0.00440992 
0.00577386 
131.605 
191.35 
399.259 
324.47 
392.537 
5.65734 
6.16448 
436.703 
435.653 
186.77 
191.057 
503.062 
187.969 
180.53 
402.257 
479.757 
482.59 
6.65587e-06 
1.05661e-05 
394.057 
227.845 
224.228 
6.24101e-10 
210.182 
8.11875e-09 
1.72378e-09 
1.50851e-08 
245.823 
234.197 
241.231 
214.077 
326.22 
125.26 
122.425 
5.22309e-05 
0.000171413 
367.568 
380.165 
508.27 
0.0817753 
151.884 
141.872 
8.40762e-06 
380.52 
376.675 
137.941 
5.1302e-11 
482.522 
483.39 
343.94 
208.676 
200.003 
204.635 
86.7498 
143.909 
267.598 
8.433e-08 
1.03978e-06 
471.937 
283.866 
250.333 
235.818 
341.918 
7.7806 
8.27189 
206.042 
192.827 
240.064 
235.601 
198.338 
182.47 
178.961 
87.5803 
419.827 
76.0531 
80.0454 
253.873 
268.047 
75.7823 
79.6532 
25.9497 
14.7054 
1.20409 
0.539534 
3.11462e-07 
1.85111e-07 
87.1959 
62.6192 
2.03952e-06 
2.78903e-05 
4.33794 
153.92 
389.765 
388.608 
470.71 
171.358 
176.101 
0.00040157 
0.000397344 
337.504 
191.311 
267.122 
383.627 
43.7059 
67.9144 
45.4408 
190.797 
178.399 
298.383 
312.722 
156.945 
183.282 
450.215 
450.484 
3.94985e-05 
374.295 
1.40308e-09 
213.631 
553.203 
535.984 
134.141 
132.174 
4.34536e-09 
122.639 
116.482 
0.0145602 
0.0391516 
487.889 
472.524 
110.376 
157.428 
123.24 
195.164 
0.129148 
0.113267 
209.342 
204.226 
251.301 
482.235 
273.343 
495.633 
194.494 
7.07228e-09 
7.60745e-10 
480.612 
2.2796 
133.18 
146.585 
123.49 
126.385 
467.407 
113.976 
370.797 
0.000127629 
473.663 
478.732 
7.43011 
1.14425e-06 
126.141 
382.082 
2.98385e-07 
436.678 
92.1673 
138.823 
100.422 
15.5238 
20.6646 
337.296 
3.11391e-09 
502.845 
494.246 
316.263 
523.292 
10.7847 
10.1568 
16.5686 
227.383 
374.225 
514.507 
117.845 
216.464 
76.8164 
0.0431827 
0.0149299 
395.922 
81.1673 
492.666 
292.98 
456.125 
517.661 
522.125 
126.928 
0.000239332 
474.882 
429.251 
521.959 
528.681 
527.461 
0.935117 
7.78802e-10 
79.6575 
520.189 
432.142 
2.42819 
125.531 
116.98 
126.745 
299.889 
122.355 
358.202 
411.8 
202.824 
189.901 
200.36 
432.316 
5.68811e-06 
0.219399 
0.201936 
141.761 
1.6765e-06 
0.000174639 
257.294 
354.206 
179.693 
224.159 
86.7845 
305.738 
308.068 
171.331 
402.683 
413.489 
323.86 
308.947 
320.642 
175.596 
171.601 
135.085 
166.072 
126.574 
4.805 
506.462 
499.909 
510.733 
165.208 
404.188 
291.089 
219.033 
0.00107921 
0.00259023 
0.0010163 
76.9189 
73.5212 
152.342 
363.722 
179.049 
282.418 
337.77 
178.748 
186.865 
507.542 
161.919 
176.394 
1.31988e-07 
0.193166 
0.488171 
0.00142304 
93.0153 
8.70489 
13.9291 
9.06607 
356.701 
276.765 
348.423 
226.667 
151.595 
162.005 
132.338 
381.222 
210.802 
163.483 
460.778 
231.123 
226.69 
232.762 
2.75503e-10 
476.314 
115.721 
421.144 
454.497 
134.837 
181.331 
444.45 
132.313 
141.776 
504.013 
1.95923e-06 
96.2521 
140.994 
5.0035e-08 
118.072 
454.376 
1.10006e-09 
133.032 
172.565 
237.796 
1.63177e-09 
430.454 
472.158 
98.9969 
165.794 
101.415 
89.2991 
146.563 
141.816 
158.069 
0.199017 
215.455 
102.195 
188.69 
105.271 
152.182 
554.295 
554.878 
429.622 
165.031 
490.635 
504.004 
505.648 
112.645 
109.831 
132.268 
150.216 
146.401 
0.00902947 
2.66475 
2.73206 
5.08646e-09 
1.71709e-08 
2.92094e-09 
47.4501 
297.376 
321.191 
185.514 
130.537 
133.87 
420.372 
0.00309359 
0.00406704 
122.946 
528.862 
457.511 
7.4915e-09 
3.29382e-07 
0.0860371 
421.545 
209.462 
185.569 
497.152 
0.517092 
410.82 
90.5588 
1.7377e-07 
514.972 
180.064 
165.996 
190.331 
207.346 
436.194 
0.00220985 
170.257 
7.16344e-09 
160.385 
367.929 
48.0413 
513.844 
379.695 
2.16171 
0.361364 
0.323389 
138.521 
189.998 
215.696 
1.07057e-06 
272.709 
90.7322 
87.4845 
2.74661e-08 
165.316 
3.68835 
3.51208 
2.09428 
38.7647 
82.2277 
183.377 
194.699 
0.000750205 
0.000545988 
69.3075 
178.023 
287.637 
1.4344 
0.591158 
1.28393 
0.0906913 
0.000758766 
122.384 
118.97 
88.1563 
169.511 
354.263 
140.503 
161.2 
156.338 
0.0353588 
515.034 
109.494 
119.483 
112.798 
90.8884 
117.665 
500.421 
2.39587e-08 
277.704 
89.7952 
146.613 
467.058 
401.649 
3.91705e-08 
108.674 
93.1367 
335.921 
0.00343629 
77.0467 
182.665 
49.2111 
534.747 
336.484 
94.8494 
521.94 
506.27 
150.404 
36.7395 
52.6342 
482.706 
102.369 
103.132 
0.0164182 
163.647 
34.5234 
241.473 
524.29 
0.00101912 
322.286 
246.494 
309.404 
303.287 
130.929 
30.3254 
52.9648 
147.614 
199.232 
370.196 
0.182399 
202.674 
349.384 
325.882 
321.182 
207.371 
542.691 
540.229 
551.453 
0.927987 
416.307 
412.729 
149.092 
338.722 
263.208 
28.6692 
374.989 
0.0110726 
110.023 
19.765 
0.425092 
66.9931 
115.23 
519.664 
182.262 
105.525 
245.808 
435.494 
522.165 
169.144 
355.13 
218.003 
119.106 
346.327 
479.257 
222.542 
15.4809 
116.323 
364.889 
94.8734 
0.871479 
1.46168 
134.606 
108.744 
102.065 
18.0462 
144.132 
534.738 
342.495 
0.561181 
143.745 
108.916 
543.973 
0.45833 
140.415 
0.687768 
0.00426597 
139.576 
367.401 
205.267 
0.0025501 
150.069 
1.57016 
479.571 
127.322 
99.1709 
128.317 
91.6714 
537.309 
131.905 
97.3785 
110.94 
538.932 
104.062 
