6.7327e-05 
6.63203e-05 
6.60464e-05 
6.55269e-05 
6.45008e-05 
6.30828e-05 
6.141e-05 
5.97113e-05 
5.81426e-05 
5.68558e-05 
5.59326e-05 
5.53972e-05 
5.51643e-05 
5.50898e-05 
5.50709e-05 
5.50668e-05 
5.50661e-05 
5.50659e-05 
5.50659e-05 
5.50659e-05 
5.50659e-05 
5.50659e-05 
5.50659e-05 
5.50659e-05 
5.50659e-05 
5.50659e-05 
5.50659e-05 
5.50659e-05 
5.50659e-05 
5.50659e-05 
5.50659e-05 
5.50659e-05 
0.000289625 
0.000296049 
0.000298908 
0.000301296 
0.00029935 
0.000294974 
0.000283617 
0.000268957 
0.00025329 
0.000247174 
0.000240538 
0.000238579 
0.000232593 
0.00021947 
0.000214488 
0.00020148 
0.000187494 
0.000181355 
0.000169099 
0.000155942 
0.000142514 
0.000131515 
0.000119631 
0.000107573 
9.72869e-05 
8.76118e-05 
7.89342e-05 
7.1574e-05 
5.50659e-05 
5.50659e-05 
5.50659e-05 
5.50659e-05 
5.50659e-05 
5.50661e-05 
5.50721e-05 
5.52264e-05 
5.74966e-05 
6.85249e-05 
0.000101831 
0.000181912 
5.50659e-05 
5.50659e-05 
5.50659e-05 
5.50659e-05 
5.50659e-05 
5.50659e-05 
5.50659e-05 
5.50659e-05 
5.50659e-05 
5.50659e-05 
5.50659e-05 
5.50659e-05 
5.50659e-05 
5.50659e-05 
5.50659e-05 
5.50659e-05 
5.50659e-05 
5.50659e-05 
6.79055e-05 
6.65544e-05 
6.61422e-05 
6.58304e-05 
6.50797e-05 
6.38455e-05 
6.22646e-05 
6.05638e-05 
5.88953e-05 
5.74568e-05 
5.63438e-05 
5.56194e-05 
5.52516e-05 
5.51155e-05 
5.5077e-05 
5.50681e-05 
5.50663e-05 
5.5066e-05 
5.50659e-05 
5.50659e-05 
5.50659e-05 
5.50659e-05 
5.50659e-05 
5.50659e-05 
5.50659e-05 
5.50659e-05 
5.50659e-05 
5.50659e-05 
5.50659e-05 
5.50659e-05 
5.50659e-05 
5.50659e-05 
6.69247e-05 
5.50659e-05 
0.000262406 
0.000291487 
0.000291354 
0.000264738 
0.000296553 
0.000268631 
0.000300847 
0.000300231 
0.000297363 
0.000289328 
0.000249006 
0.000276703 
0.000255908 
0.000249882 
0.000243909 
0.000221851 
0.000218495 
0.00022551 
0.00020304 
0.000208243 
0.000195037 
0.000175175 
0.000175631 
0.000152646 
0.000162553 
0.000148965 
0.000137108 
0.000119139 
0.000125645 
0.00011342 
9.80085e-05 
0.000102297 
9.22694e-05 
8.3151e-05 
7.26529e-05 
7.51087e-05 
6.79615e-05 
6.99761e-05 
5.50659e-05 
5.50659e-05 
5.50659e-05 
5.50659e-05 
5.50659e-05 
5.50659e-05 
5.5067e-05 
5.51422e-05 
5.50982e-05 
5.64189e-05 
5.57715e-05 
6.38739e-05 
6.14091e-05 
9.24775e-05 
8.23087e-05 
0.00015379 
0.000132574 
0.00025276 
0.000263045 
5.50659e-05 
5.50659e-05 
5.50659e-05 
5.50659e-05 
5.50659e-05 
5.50659e-05 
5.50659e-05 
5.50659e-05 
5.50659e-05 
5.50659e-05 
5.50659e-05 
5.50659e-05 
5.50659e-05 
5.50659e-05 
5.50659e-05 
5.50659e-05 
6.73848e-05 
6.66548e-05 
6.6223e-05 
6.54795e-05 
6.42636e-05 
6.27032e-05 
6.09843e-05 
5.92822e-05 
5.77764e-05 
5.65769e-05 
5.57559e-05 
5.5311e-05 
5.51347e-05 
5.50818e-05 
5.50692e-05 
5.50665e-05 
5.5066e-05 
5.50659e-05 
5.50659e-05 
5.50659e-05 
5.50659e-05 
5.50659e-05 
5.50659e-05 
5.50659e-05 
5.50659e-05 
5.50659e-05 
5.50659e-05 
5.50659e-05 
5.50659e-05 
5.50659e-05 
5.50659e-05 
0.000266985 
0.000270477 
0.000271134 
0.000269475 
0.000264386 
0.000255021 
0.000238538 
0.000230071 
0.000225772 
0.000213234 
0.000198036 
0.000186873 
0.000169948 
0.000158623 
0.000146463 
0.000134968 
0.000124495 
0.000113548 
0.000102741 
9.30632e-05 
8.42752e-05 
7.62954e-05 
5.50659e-05 
5.50659e-05 
5.50659e-05 
5.50664e-05 
5.5081e-05 
0.000211793 
5.50659e-05 
5.50659e-05 
5.50659e-05 
5.50659e-05 
5.50659e-05 
5.50659e-05 
5.50659e-05 
5.50659e-05 
5.50659e-05 
5.50659e-05 
5.50659e-05 
5.50659e-05 
5.50659e-05 
5.50659e-05 
5.50659e-05 
5.50659e-05 
6.64447e-05 
6.59052e-05 
6.49209e-05 
6.3519e-05 
6.18452e-05 
6.01238e-05 
5.84963e-05 
5.71343e-05 
5.61162e-05 
5.54916e-05 
5.51993e-05 
5.50998e-05 
5.50732e-05 
5.50673e-05 
5.50661e-05 
5.50659e-05 
5.50659e-05 
5.50659e-05 
5.50659e-05 
5.50659e-05 
5.50659e-05 
5.50659e-05 
5.50659e-05 
5.50659e-05 
5.50659e-05 
5.50659e-05 
5.50659e-05 
0.000270515 
0.0002675 
0.000260131 
0.000227179 
0.000223836 
0.000129705 
8.01057e-05 
5.50659e-05 
5.50659e-05 
5.50659e-05 
5.50659e-05 
5.50659e-05 
5.50659e-05 
5.50659e-05 
5.50659e-05 
5.50659e-05 
5.50659e-05 
5.50659e-05 
5.50659e-05 
5.50659e-05 
0.000271398 
0.000230844 
0.000180845 
0.000208037 
0.000192585 
0.000164332 
0.000140347 
0.000107902 
8.86037e-05 
5.50687e-05 
5.5066e-05 
5.50659e-05 
5.50659e-05 
5.50659e-05 
5.50659e-05 
5.50659e-05 
6.72654e-05 
0.000227117 
6.66815e-05 
6.57622e-05 
6.44004e-05 
6.27422e-05 
6.09754e-05 
5.92555e-05 
5.77486e-05 
5.65559e-05 
5.57407e-05 
5.53033e-05 
5.5132e-05 
5.50812e-05 
5.5069e-05 
5.50665e-05 
5.5066e-05 
5.50659e-05 
5.50659e-05 
5.50659e-05 
5.50659e-05 
5.50659e-05 
5.50659e-05 
5.50659e-05 
5.50659e-05 
5.50659e-05 
5.50659e-05 
0.000232534 
5.50659e-05 
5.50659e-05 
5.50659e-05 
0.000233352 
6.76808e-05 
6.80297e-05 
5.50659e-05 
0.00022131 
5.50659e-05 
0.000224441 
0.000205757 
0.000220001 
0.000233356 
0.000212765 
0.000203986 
0.000231798 
0.00022977 
0.000226482 
0.000222518 
0.000200312 
0.000197922 
0.000185762 
0.000182637 
0.000210907 
0.000167997 
0.000200505 
0.000193172 
0.000124705 
0.00017699 
0.000185157 
0.000154638 
0.000158866 
0.00018894 
0.000179296 
0.000175964 
0.000163349 
0.000157925 
0.000154062 
0.00013415 
0.000129072 
0.000127637 
0.000123242 
0.000139581 
0.000105638 
0.000120209 
7.96813e-05 
0.000110605 
8.76302e-05 
8.35793e-05 
8.48174e-05 
8.10347e-05 
9.1884e-05 
8.87526e-05 
5.50688e-05 
5.50659e-05 
5.50659e-05 
5.50659e-05 
5.50659e-05 
5.50659e-05 
5.50659e-05 
5.50659e-05 
5.50659e-05 
5.50659e-05 
5.50664e-05 
5.50672e-05 
5.50813e-05 
5.5066e-05 
5.50659e-05 
5.50661e-05 
5.64073e-05 
5.5417e-05 
6.35084e-05 
5.89955e-05 
9.30059e-05 
0.000149632 
0.000115853 
5.50659e-05 
5.50659e-05 
5.50659e-05 
5.50659e-05 
5.50659e-05 
5.50659e-05 
5.50659e-05 
5.50659e-05 
5.50659e-05 
5.50659e-05 
5.50659e-05 
5.50659e-05 
5.50659e-05 
5.50659e-05 
5.50659e-05 
5.50659e-05 
5.50659e-05 
5.50659e-05 
5.50659e-05 
5.50659e-05 
5.50659e-05 
5.50659e-05 
5.50659e-05 
5.50659e-05 
5.50659e-05 
5.50659e-05 
5.50659e-05 
5.50659e-05 
5.50659e-05 
6.69766e-05 
6.75888e-05 
6.72173e-05 
5.50659e-05 
0.000196739 
0.000182399 
0.000181225 
0.000172494 
0.00016536 
0.00016165 
7.15568e-05 
0.000199676 
6.98958e-05 
5.89208e-05 
5.73869e-05 
6.07734e-05 
0.00011494 
0.000102152 
0.000127829 
5.50659e-05 
5.50659e-05 
5.50659e-05 
0.000231907 
0.000211651 
0.00021732 
0.000202047 
0.000199261 
0.000144837 
0.000115554 
0.000114996 
0.00011059 
9.62168e-05 
7.23498e-05 
5.51429e-05 
5.50659e-05 
6.62808e-05 
6.5132e-05 
6.36064e-05 
6.18605e-05 
6.01039e-05 
5.84669e-05 
5.71097e-05 
5.60981e-05 
5.54798e-05 
5.51942e-05 
5.50984e-05 
5.50728e-05 
5.50672e-05 
5.50661e-05 
5.50659e-05 
5.50659e-05 
5.50659e-05 
5.50659e-05 
5.50659e-05 
5.50659e-05 
5.50659e-05 
5.50659e-05 
5.50659e-05 
5.50659e-05 
5.5066e-05 
5.50659e-05 
5.50659e-05 
5.50659e-05 
5.50659e-05 
0.000202773 
0.000210745 
0.000229902 
0.000185973 
0.000183713 
5.50662e-05 
0.000232223 
0.000208077 
0.000208785 
0.000205917 
0.000132359 
5.50679e-05 
0.000186938 
0.000201121 
0.000172628 
0.000137318 
0.000169179 
0.000199004 
5.50758e-05 
5.51108e-05 
0.000150271 
5.52364e-05 
9.28638e-05 
5.55872e-05 
5.62969e-05 
0.000119196 
0.000100833 
5.50729e-05 
5.73962e-05 
5.88361e-05 
7.59034e-05 
6.05305e-05 
6.23292e-05 
6.68007e-05 
6.4097e-05 
6.56432e-05 
5.50659e-05 
5.51016e-05 
5.50659e-05 
0.000167337 
0.00021221 
5.54182e-05 
6.63637e-05 
6.32262e-05 
7.75661e-05 
6.49018e-05 
5.50659e-05 
5.50659e-05 
5.50659e-05 
5.50659e-05 
5.50659e-05 
5.50659e-05 
5.50659e-05 
5.50659e-05 
5.50659e-05 
5.50659e-05 
5.50659e-05 
5.96605e-05 
5.50659e-05 
6.14225e-05 
6.8264e-05 
6.96622e-05 
0.000186398 
0.000149895 
0.000146265 
0.000141935 
5.50659e-05 
5.50659e-05 
5.50659e-05 
5.50659e-05 
5.50659e-05 
5.50659e-05 
5.50659e-05 
5.50659e-05 
5.5066e-05 
5.50667e-05 
5.50704e-05 
5.50874e-05 
5.51556e-05 
5.53749e-05 
5.58928e-05 
5.68008e-05 
5.80793e-05 
0.000184884 
5.50659e-05 
5.50659e-05 
5.50659e-05 
5.50659e-05 
5.50659e-05 
0.000105973 
0.00010277 
7.74138e-05 
0.000101437 
5.52364e-05 
0.000185805 
0.000212251 
5.50659e-05 
7.06949e-05 
7.39736e-05 
5.50659e-05 
5.50659e-05 
5.50659e-05 
5.50659e-05 
5.50659e-05 
5.50659e-05 
5.50659e-05 
5.50659e-05 
5.50659e-05 
5.50659e-05 
5.50659e-05 
7.92592e-05 
8.49721e-05 
6.94315e-05 
6.9603e-05 
6.62776e-05 
5.50659e-05 
7.41691e-05 
5.50659e-05 
5.50659e-05 
5.50659e-05 
0.000210596 
0.000211636 
9.7052e-05 
5.50659e-05 
5.50659e-05 
5.50659e-05 
5.50659e-05 
5.50659e-05 
5.50659e-05 
5.50659e-05 
5.57754e-05 
5.50659e-05 
5.50659e-05 
5.50659e-05 
5.50659e-05 
5.50659e-05 
5.50659e-05 
5.50659e-05 
5.50659e-05 
5.50659e-05 
5.50659e-05 
6.86836e-05 
5.50659e-05 
5.50659e-05 
5.50659e-05 
6.59858e-05 
6.73937e-05 
6.23625e-05 
5.50659e-05 
9.87883e-05 
0.000164616 
5.87985e-05 
0.000113929 
5.67626e-05 
5.5867e-05 
9.09738e-05 
5.53605e-05 
0.000139401 
5.51502e-05 
5.50859e-05 
0.000155904 
5.507e-05 
5.50659e-05 
5.50667e-05 
5.50659e-05 
5.50659e-05 
5.5066e-05 
5.50659e-05 
5.50659e-05 
5.50659e-05 
5.50659e-05 
5.50659e-05 
5.50659e-05 
5.50659e-05 
0.000181333 
5.50659e-05 
5.50659e-05 
5.50659e-05 
5.50659e-05 
0.000179028 
5.50659e-05 
5.50659e-05 
5.50659e-05 
5.50659e-05 
5.50659e-05 
5.50662e-05 
5.50664e-05 
5.50661e-05 
5.50659e-05 
5.50659e-05 
0.000181128 
9.47784e-05 
9.17003e-05 
0.000176468 
0.000163719 
5.50659e-05 
0.000165377 
0.000181415 
5.50659e-05 
5.50751e-05 
5.50718e-05 
5.50677e-05 
5.50685e-05 
5.5067e-05 
5.5235e-05 
7.69157e-05 
5.55678e-05 
5.56922e-05 
5.54432e-05 
5.5073e-05 
7.41638e-05 
5.73559e-05 
5.70214e-05 
5.50659e-05 
5.50659e-05 
6.05076e-05 
5.50659e-05 
5.50659e-05 
5.50673e-05 
5.50692e-05 
0.000154885 
0.000170152 
5.50659e-05 
6.5974e-05 
6.97333e-05 
6.42401e-05 
0.000179982 
5.50659e-05 
5.50659e-05 
5.50659e-05 
5.50659e-05 
5.50659e-05 
5.50659e-05 
5.50659e-05 
5.50659e-05 
5.50659e-05 
5.50659e-05 
5.50659e-05 
5.50659e-05 
5.50659e-05 
5.57714e-05 
5.50659e-05 
5.50659e-05 
5.50659e-05 
5.50659e-05 
5.50659e-05 
5.50659e-05 
5.50659e-05 
5.50659e-05 
5.50659e-05 
5.50659e-05 
5.50659e-05 
5.50659e-05 
5.96239e-05 
6.00441e-05 
5.91852e-05 
5.50659e-05 
5.50659e-05 
6.14219e-05 
6.09565e-05 
6.33113e-05 
6.3849e-05 
6.28695e-05 
0.000162871 
0.000165559 
0.000155232 
0.00015503 
0.000180686 
5.50659e-05 
5.50659e-05 
5.50659e-05 
5.51014e-05 
5.50822e-05 
5.51446e-05 
8.72958e-05 
5.52277e-05 
5.51791e-05 
0.000129243 
6.51383e-05 
6.48015e-05 
0.000153297 
0.000125165 
0.000172434 
0.000157808 
0.000160517 
6.89402e-05 
6.67317e-05 
6.65995e-05 
0.00016354 
0.000180048 
0.000165486 
0.000165842 
5.50659e-05 
5.50659e-05 
5.50659e-05 
5.50659e-05 
0.000150618 
0.000154121 
5.50659e-05 
9.90944e-05 
0.000112663 
5.80368e-05 
5.62653e-05 
5.5108e-05 
5.50659e-05 
5.50659e-05 
5.50659e-05 
5.5066e-05 
5.50659e-05 
5.50659e-05 
5.50659e-05 
5.50659e-05 
5.50659e-05 
5.50659e-05 
5.50659e-05 
5.50659e-05 
5.50659e-05 
5.50659e-05 
5.50659e-05 
5.50659e-05 
5.50659e-05 
0.000166867 
0.000175435 
5.50659e-05 
0.000166825 
5.63832e-05 
5.73471e-05 
0.000166431 
0.000159778 
0.000181141 
0.000162598 
9.53639e-05 
0.000154004 
5.50789e-05 
0.000145165 
0.000160735 
0.000117323 
0.000120572 
0.000118844 
0.000115257 
5.5419e-05 
7.94279e-05 
8.57768e-05 
5.50659e-05 
0.00014636 
5.76604e-05 
8.81813e-05 
5.50659e-05 
5.51233e-05 
0.000132533 
5.5279e-05 
5.50659e-05 
5.50659e-05 
6.92007e-05 
6.83987e-05 
5.50659e-05 
8.47072e-05 
8.36767e-05 
5.64801e-05 
0.000152506 
0.000109583 
0.000110369 
5.8386e-05 
6.96419e-05 
0.00016665 
5.50659e-05 
5.50659e-05 
5.50659e-05 
5.50659e-05 
0.000147898 
5.50659e-05 
5.50659e-05 
5.50659e-05 
5.50659e-05 
6.18981e-05 
6.73756e-05 
6.57378e-05 
5.50659e-05 
5.50659e-05 
5.50659e-05 
5.50659e-05 
5.50659e-05 
0.000158537 
0.000133003 
0.000126613 
0.000150497 
6.06213e-05 
5.50659e-05 
5.50659e-05 
5.50659e-05 
6.79393e-05 
6.86238e-05 
6.80514e-05 
0.00012249 
0.000133047 
8.02425e-05 
8.14177e-05 
7.82535e-05 
0.000158311 
0.00014844 
0.000123083 
0.000144118 
0.000142228 
0.000137459 
0.00013505 
0.00013631 
0.000170307 
0.00017847 
0.000106642 
0.000106235 
0.000102702 
7.37434e-05 
0.000165874 
7.51601e-05 
5.50659e-05 
5.50659e-05 
0.000164313 
7.09421e-05 
5.50938e-05 
5.60346e-05 
5.50659e-05 
5.50659e-05 
5.50659e-05 
5.50659e-05 
0.000167043 
6.99271e-05 
0.000139794 
5.50659e-05 
5.50659e-05 
5.50659e-05 
6.29955e-05 
5.50659e-05 
5.50659e-05 
5.50659e-05 
5.50659e-05 
5.50659e-05 
5.50659e-05 
0.000133627 
0.000138094 
5.50659e-05 
8.63392e-05 
0.000107257 
5.50659e-05 
5.50915e-05 
0.000137049 
5.50659e-05 
5.50659e-05 
0.000123216 
0.000128461 
0.00012974 
5.59994e-05 
5.50659e-05 
0.000116047 
5.50659e-05 
5.50659e-05 
6.19038e-05 
0.000143942 
5.50659e-05 
0.000144411 
5.50659e-05 
5.50659e-05 
5.50659e-05 
5.50659e-05 
5.50659e-05 
0.000145135 
5.50659e-05 
5.50659e-05 
5.50659e-05 
0.000159478 
5.50659e-05 
5.50659e-05 
5.50659e-05 
5.50659e-05 
5.50659e-05 
0.000144092 
0.000161888 
5.5066e-05 
7.48073e-05 
5.50659e-05 
5.50659e-05 
5.50659e-05 
9.28651e-05 
5.50659e-05 
0.000141499 
0.000150535 
0.000143525 
0.000133472 
5.50659e-05 
5.54222e-05 
9.20242e-05 
0.000133009 
5.64371e-05 
5.61822e-05 
6.0933e-05 
6.28737e-05 
5.50659e-05 
5.76098e-05 
5.52665e-05 
5.50691e-05 
5.50659e-05 
5.50666e-05 
5.50659e-05 
7.21872e-05 
5.50666e-05 
5.50674e-05 
5.50659e-05 
5.50659e-05 
5.50659e-05 
5.50659e-05 
7.96187e-05 
5.50659e-05 
5.50659e-05 
5.50659e-05 
5.50659e-05 
5.50659e-05 
5.50659e-05 
5.50659e-05 
5.50659e-05 
5.50659e-05 
5.50659e-05 
0.000141845 
9.60512e-05 
9.29966e-05 
6.79556e-05 
5.50659e-05 
5.87252e-05 
0.000101497 
5.50659e-05 
5.50659e-05 
5.51191e-05 
5.51011e-05 
5.50662e-05 
5.5172e-05 
5.51382e-05 
6.4996e-05 
5.50659e-05 
5.50659e-05 
5.50659e-05 
5.50659e-05 
5.50659e-05 
0.000131321 
6.604e-05 
6.56486e-05 
5.50659e-05 
5.83358e-05 
5.79317e-05 
0.00014495 
6.96361e-05 
6.59703e-05 
7.4329e-05 
5.69729e-05 
5.66657e-05 
5.50713e-05 
0.000142523 
8.95157e-05 
0.000144114 
0.000141691 
5.50659e-05 
5.50659e-05 
5.50659e-05 
0.000109263 
9.30853e-05 
8.68593e-05 
0.000103232 
7.22384e-05 
7.3384e-05 
7.10122e-05 
0.000129898 
5.50659e-05 
5.50659e-05 
0.000123508 
6.14063e-05 
0.00013089 
5.50659e-05 
8.69006e-05 
5.50659e-05 
5.50659e-05 
5.50659e-05 
5.50659e-05 
0.000124504 
0.000105522 
5.50659e-05 
5.50659e-05 
5.50826e-05 
5.50777e-05 
8.33183e-05 
0.000130068 
0.000123465 
0.000121127 
5.58017e-05 
5.56654e-05 
0.000113783 
5.50659e-05 
0.000125795 
0.000133893 
0.000134496 
0.00011122 
8.98992e-05 
5.50659e-05 
0.000122327 
0.000132418 
0.000142466 
0.000117778 
5.50659e-05 
5.50663e-05 
6.39563e-05 
0.000145325 
5.50659e-05 
5.50659e-05 
5.50659e-05 
5.50661e-05 
5.5066e-05 
5.50659e-05 
5.50659e-05 
5.50659e-05 
5.50659e-05 
5.50659e-05 
5.63695e-05 
5.50669e-05 
5.50665e-05 
5.52375e-05 
0.000109174 
0.000118743 
0.000127013 
5.50734e-05 
6.04531e-05 
6.00082e-05 
0.000129132 
0.000135769 
5.50659e-05 
5.50659e-05 
5.50659e-05 
5.50659e-05 
0.000122965 
0.000131817 
5.50659e-05 
5.52068e-05 
7.11278e-05 
7.01617e-05 
5.50659e-05 
5.50659e-05 
5.50659e-05 
0.000134403 
5.50659e-05 
5.50659e-05 
5.50659e-05 
5.50659e-05 
5.50659e-05 
5.50659e-05 
0.000137263 
0.000145261 
0.000135104 
0.000135283 
5.50659e-05 
5.50659e-05 
5.50659e-05 
0.000128227 
5.72517e-05 
5.50659e-05 
5.50659e-05 
5.50659e-05 
5.50726e-05 
5.50814e-05 
5.91369e-05 
5.9539e-05 
5.87002e-05 
0.000103468 
0.000104755 
0.000126341 
8.39965e-05 
5.50659e-05 
5.50659e-05 
5.50659e-05 
5.50659e-05 
5.50659e-05 
5.50659e-05 
5.50659e-05 
0.00012647 
0.000126407 
0.000143277 
6.77553e-05 
6.70248e-05 
5.50659e-05 
6.29223e-05 
6.34789e-05 
6.24203e-05 
0.000138744 
0.000138686 
0.000130511 
0.000131169 
6.88073e-05 
6.87363e-05 
0.000142995 
0.00013311 
0.000137496 
0.000124879 
0.000129871 
5.5066e-05 
7.74966e-05 
7.5934e-05 
0.000112467 
6.45536e-05 
0.000125012 
0.000119451 
5.51431e-05 
5.50659e-05 
5.50659e-05 
5.50659e-05 
9.90957e-05 
9.58623e-05 
6.67281e-05 
5.50659e-05 
5.57799e-05 
0.000135179 
5.86537e-05 
5.73057e-05 
6.05188e-05 
0.000134632 
5.50693e-05 
5.50683e-05 
5.54244e-05 
5.55199e-05 
5.53261e-05 
0.000127853 
0.000128003 
0.00011599 
0.000126812 
5.50659e-05 
6.13863e-05 
0.000118339 
0.000113275 
0.000100242 
0.000117944 
8.48054e-05 
0.000115924 
8.03464e-05 
8.12078e-05 
7.85228e-05 
0.00010722 
5.50659e-05 
0.000115291 
7.31989e-05 
7.21147e-05 
6.82471e-05 
0.000114484 
6.46793e-05 
8.76817e-05 
5.50659e-05 
5.50662e-05 
5.51962e-05 
5.50659e-05 
0.000120884 
5.50659e-05 
5.50659e-05 
5.50659e-05 
5.50659e-05 
5.5783e-05 
5.5081e-05 
0.000119779 
0.000117031 
5.50659e-05 
5.50659e-05 
5.5249e-05 
5.54629e-05 
5.50659e-05 
5.50659e-05 
0.000116106 
0.0001105 
0.00011953 
5.50659e-05 
5.50659e-05 
5.50659e-05 
0.00011451 
5.50661e-05 
5.50659e-05 
5.50659e-05 
0.000111342 
5.50672e-05 
5.50659e-05 
5.50659e-05 
0.000108771 
5.50659e-05 
5.50659e-05 
5.50659e-05 
0.00012805 
5.50659e-05 
0.000115129 
8.23393e-05 
5.50659e-05 
0.000114023 
5.71928e-05 
5.50659e-05 
5.50659e-05 
5.50659e-05 
9.02925e-05 
5.78718e-05 
5.74872e-05 
5.50659e-05 
5.50659e-05 
5.50659e-05 
5.50659e-05 
5.50659e-05 
5.50981e-05 
5.50868e-05 
5.5066e-05 
5.51322e-05 
5.50659e-05 
5.61371e-05 
6.58697e-05 
5.50663e-05 
5.50659e-05 
5.50659e-05 
5.50659e-05 
0.000102014 
0.000101122 
9.85672e-05 
5.5066e-05 
6.95239e-05 
7.02847e-05 
6.95809e-05 
5.50659e-05 
0.000110116 
5.50659e-05 
5.50659e-05 
5.50659e-05 
0.000118641 
0.000112688 
0.000109125 
5.50659e-05 
5.5066e-05 
5.50659e-05 
0.000109442 
8.70949e-05 
9.86036e-05 
0.000112557 
6.04073e-05 
0.000103272 
0.000105179 
8.51122e-05 
0.000108505 
0.00013279 
5.50994e-05 
5.50659e-05 
0.000111061 
0.000112881 
5.50659e-05 
5.50659e-05 
5.50659e-05 
6.78554e-05 
6.70711e-05 
0.000109836 
6.53478e-05 
5.50659e-05 
5.50659e-05 
5.50659e-05 
8.77834e-05 
0.000104729 
5.50958e-05 
5.50661e-05 
5.5066e-05 
6.08707e-05 
5.50659e-05 
5.50659e-05 
0.000115788 
5.51546e-05 
5.50659e-05 
5.50659e-05 
0.000112241 
5.50659e-05 
0.000107011 
0.000112877 
0.000113903 
5.63717e-05 
5.72616e-05 
5.50659e-05 
9.72587e-05 
9.86788e-05 
5.50659e-05 
0.000107846 
5.50659e-05 
0.000112625 
5.5066e-05 
5.68591e-05 
5.66136e-05 
0.000109506 
5.5072e-05 
0.000110832 
5.50674e-05 
0.000106834 
5.50659e-05 
5.50659e-05 
5.50659e-05 
5.50727e-05 
5.50661e-05 
5.50659e-05 
5.50659e-05 
5.511e-05 
5.50659e-05 
5.50659e-05 
5.50659e-05 
6.66069e-05 
0.000105902 
5.50659e-05 
5.50659e-05 
5.50683e-05 
0.000108418 
0.000111769 
0.000119459 
5.50659e-05 
5.50659e-05 
5.50659e-05 
9.27132e-05 
9.00894e-05 
0.000119672 
5.50659e-05 
5.50659e-05 
5.50659e-05 
6.93994e-05 
6.91202e-05 
5.63365e-05 
5.50663e-05 
5.50659e-05 
5.50659e-05 
5.50659e-05 
5.50659e-05 
0.00010459 
0.000103434 
0.000104392 
5.86347e-05 
5.82092e-05 
5.50659e-05 
0.000116829 
8.03874e-05 
5.50659e-05 
5.50659e-05 
5.50659e-05 
5.50659e-05 
5.50659e-05 
5.50659e-05 
5.50659e-05 
5.50664e-05 
5.50662e-05 
5.5066e-05 
6.24316e-05 
6.18973e-05 
6.3535e-05 
6.41421e-05 
6.29977e-05 
0.00010999 
7.42541e-05 
0.000118426 
5.50755e-05 
5.50659e-05 
5.50659e-05 
5.50659e-05 
5.50659e-05 
0.000116598 
5.50659e-05 
5.50659e-05 
5.50659e-05 
0.000115032 
0.000109486 
7.52285e-05 
7.40183e-05 
5.50659e-05 
5.50659e-05 
5.50659e-05 
5.59164e-05 
5.57664e-05 
0.000111304 
0.000107759 
0.000106941 
0.000115591 
0.000117716 
8.02674e-05 
0.000117808 
7.99056e-05 
6.04091e-05 
6.58308e-05 
6.27562e-05 
6.96143e-05 
5.50659e-05 
5.50659e-05 
5.50659e-05 
0.000111246 
0.000112204 
0.00011744 
0.000101076 
5.53091e-05 
5.52377e-05 
0.000105026 
5.50659e-05 
5.50659e-05 
5.50659e-05 
5.50661e-05 
5.50662e-05 
5.50702e-05 
5.50689e-05 
5.50659e-05 
5.50659e-05 
5.50659e-05 
5.50661e-05 
5.50662e-05 
0.000101621 
6.08168e-05 
9.38966e-05 
9.76629e-05 
0.000102872 
5.99077e-05 
5.94862e-05 
5.50659e-05 
9.77061e-05 
0.000116275 
0.000109156 
0.000109163 
0.000102503 
5.50659e-05 
7.7487e-05 
7.8101e-05 
7.59675e-05 
7.88669e-05 
0.00010179 
5.50662e-05 
5.54934e-05 
5.56007e-05 
5.53793e-05 
6.82512e-05 
9.93062e-05 
5.51138e-05 
5.5066e-05 
5.51469e-05 
5.50775e-05 
5.50659e-05 
5.50659e-05 
5.50659e-05 
5.50659e-05 
5.50659e-05 
5.50659e-05 
5.50659e-05 
0.000101377 
0.000101703 
5.50668e-05 
5.50667e-05 
5.50679e-05 
9.74891e-05 
9.93896e-05 
9.67167e-05 
5.50672e-05 
5.50678e-05 
5.50667e-05 
5.51714e-05 
0.000101905 
0.000107779 
9.82782e-05 
0.000105795 
5.50659e-05 
5.50659e-05 
5.50659e-05 
5.50659e-05 
0.000103308 
0.000101679 
5.5066e-05 
5.50659e-05 
8.5416e-05 
5.74167e-05 
5.50659e-05 
9.88172e-05 
5.50659e-05 
5.50659e-05 
0.000111692 
5.85701e-05 
5.50659e-05 
5.50659e-05 
5.54815e-05 
0.000102664 
9.82221e-05 
9.2503e-05 
9.33161e-05 
0.00011233 
5.50659e-05 
0.000112492 
0.000101615 
9.77326e-05 
9.76719e-05 
5.62809e-05 
5.50848e-05 
5.50659e-05 
5.50659e-05 
5.50659e-05 
0.000101377 
5.51943e-05 
5.5302e-05 
5.50659e-05 
5.51037e-05 
5.5066e-05 
5.50661e-05 
5.50661e-05 
5.50758e-05 
5.50701e-05 
5.50857e-05 
5.50659e-05 
5.50659e-05 
9.91973e-05 
5.50659e-05 
9.96566e-05 
8.03328e-05 
7.20966e-05 
7.13752e-05 
6.54775e-05 
8.25938e-05 
5.50659e-05 
9.49871e-05 
0.000102821 
9.84462e-05 
8.31198e-05 
9.49768e-05 
8.07176e-05 
9.2205e-05 
9.84614e-05 
0.00010288 
5.9845e-05 
5.50659e-05 
5.50659e-05 
5.50659e-05 
9.56028e-05 
9.72997e-05 
9.66794e-05 
0.000100831 
9.64421e-05 
6.02911e-05 
9.62943e-05 
9.44975e-05 
0.000100359 
5.50659e-05 
0.000100978 
9.54307e-05 
9.60073e-05 
7.89598e-05 
9.79525e-05 
5.5066e-05 
5.51197e-05 
5.51056e-05 
9.73574e-05 
9.68687e-05 
9.19611e-05 
5.50667e-05 
8.70477e-05 
5.50659e-05 
5.51438e-05 
9.78804e-05 
5.50659e-05 
8.33531e-05 
5.50659e-05 
9.56593e-05 
9.68059e-05 
5.50659e-05 
8.73044e-05 
5.50659e-05 
5.50671e-05 
6.62323e-05 
6.94612e-05 
0.000102551 
9.80707e-05 
9.83487e-05 
5.60379e-05 
5.5873e-05 
5.50659e-05 
5.50659e-05 
5.50659e-05 
5.50659e-05 
5.50659e-05 
5.50659e-05 
6.68315e-05 
5.5066e-05 
5.50697e-05 
5.50659e-05 
5.50659e-05 
5.70535e-05 
5.67959e-05 
5.50659e-05 
5.50659e-05 
5.50659e-05 
5.81352e-05 
5.77241e-05 
5.50664e-05 
5.50659e-05 
5.50659e-05 
5.50659e-05 
5.50659e-05 
6.96271e-05 
6.91223e-05 
5.50659e-05 
5.50659e-05 
5.50659e-05 
5.50659e-05 
0.000102797 
5.51742e-05 
9.51547e-05 
9.38117e-05 
5.50659e-05 
5.90135e-05 
5.50662e-05 
5.50661e-05 
5.50659e-05 
5.50659e-05 
9.8383e-05 
5.50659e-05 
5.50659e-05 
9.7629e-05 
5.50659e-05 
5.57997e-05 
5.63248e-05 
9.48406e-05 
9.21067e-05 
6.18733e-05 
6.13079e-05 
9.79215e-05 
8.82824e-05 
9.45286e-05 
5.50779e-05 
5.50745e-05 
5.50659e-05 
5.50659e-05 
5.50918e-05 
9.20931e-05 
7.33938e-05 
5.50659e-05 
5.50659e-05 
6.76827e-05 
0.000100329 
9.73557e-05 
9.68718e-05 
0.000100928 
9.7422e-05 
5.50659e-05 
7.41131e-05 
0.000101309 
5.50659e-05 
5.50659e-05 
7.7206e-05 
7.69048e-05 
5.50659e-05 
5.50659e-05 
6.48713e-05 
6.42e-05 
5.50659e-05 
5.50659e-05 
5.5066e-05 
5.50659e-05 
7.04754e-05 
7.1351e-05 
7.03554e-05 
9.31952e-05 
6.25715e-05 
6.54785e-05 
5.84607e-05 
5.7148e-05 
6.01554e-05 
5.52238e-05 
5.50659e-05 
5.50659e-05 
5.50659e-05 
5.50659e-05 
5.50659e-05 
5.50659e-05 
9.32698e-05 
9.13781e-05 
9.28568e-05 
9.67069e-05 
5.50659e-05 
5.50659e-05 
5.50659e-05 
5.5066e-05 
8.51391e-05 
8.91453e-05 
5.50659e-05 
5.50659e-05 
5.50659e-05 
5.50713e-05 
5.64918e-05 
5.50659e-05 
9.66581e-05 
9.19506e-05 
5.50659e-05 
8.33956e-05 
5.93483e-05 
5.89429e-05 
5.50659e-05 
9.23081e-05 
8.83102e-05 
5.50659e-05 
9.06724e-05 
5.50659e-05 
6.78893e-05 
8.80904e-05 
5.50659e-05 
5.50659e-05 
5.50659e-05 
5.50659e-05 
5.50659e-05 
5.50659e-05 
5.50683e-05 
5.50676e-05 
5.50669e-05 
8.36419e-05 
5.51141e-05 
7.3506e-05 
9.13564e-05 
5.51533e-05 
8.51669e-05 
5.50706e-05 
5.50659e-05 
5.50659e-05 
5.50659e-05 
8.35886e-05 
5.50659e-05 
5.50659e-05 
5.50659e-05 
9.06887e-05 
5.50692e-05 
6.63501e-05 
5.50659e-05 
9.45449e-05 
8.97727e-05 
5.50659e-05 
5.50889e-05 
5.69784e-05 
5.50659e-05 
9.63099e-05 
5.50662e-05 
5.50659e-05 
6.02146e-05 
5.50659e-05 
8.90872e-05 
5.50659e-05 
8.95607e-05 
8.9183e-05 
9.84648e-05 
5.50659e-05 
5.51638e-05 
5.51311e-05 
5.50659e-05 
5.50659e-05 
5.50659e-05 
8.0446e-05 
8.26619e-05 
5.50659e-05 
5.50659e-05 
9.19121e-05 
5.50659e-05 
5.53831e-05 
5.50659e-05 
8.16262e-05 
6.29971e-05 
6.35948e-05 
6.2411e-05 
8.99818e-05 
8.81488e-05 
8.74587e-05 
7.72373e-05 
5.5066e-05 
5.50659e-05 
5.50659e-05 
5.50659e-05 
5.50659e-05 
5.50659e-05 
8.75153e-05 
8.43075e-05 
8.31761e-05 
8.66587e-05 
7.38492e-05 
7.82992e-05 
7.71655e-05 
9.18203e-05 
8.89408e-05 
8.8264e-05 
6.5249e-05 
6.8715e-05 
7.49042e-05 
5.50765e-05 
5.50806e-05 
5.50725e-05 
8.12193e-05 
9.15511e-05 
9.12411e-05 
7.96424e-05 
5.50659e-05 
5.50659e-05 
5.50659e-05 
5.50659e-05 
5.50659e-05 
7.80215e-05 
5.50659e-05 
5.92638e-05 
5.50659e-05 
5.50659e-05 
5.50659e-05 
5.50659e-05 
8.38095e-05 
8.19912e-05 
5.50659e-05 
5.50659e-05 
8.39883e-05 
5.50659e-05 
5.52724e-05 
8.74494e-05 
5.53568e-05 
8.62069e-05 
5.5068e-05 
8.76269e-05 
5.50678e-05 
7.98167e-05 
5.50659e-05 
7.10519e-05 
7.06522e-05 
7.95918e-05 
8.8165e-05 
7.59244e-05 
8.75676e-05 
5.51162e-05 
5.50659e-05 
5.50659e-05 
8.88832e-05 
9.06833e-05 
8.75661e-05 
9.07427e-05 
5.50659e-05 
5.50659e-05 
9.39263e-05 
5.56871e-05 
5.55678e-05 
5.50659e-05 
5.50659e-05 
5.50665e-05 
5.50659e-05 
8.91022e-05 
5.50659e-05 
8.72955e-05 
6.56478e-05 
6.49159e-05 
5.50659e-05 
5.96804e-05 
5.50659e-05 
5.50659e-05 
5.50659e-05 
5.52541e-05 
5.51957e-05 
8.59967e-05 
5.50688e-05 
8.3658e-05 
7.58341e-05 
7.95282e-05 
5.50659e-05 
5.50659e-05 
5.50666e-05 
5.50669e-05 
5.50663e-05 
9.04749e-05 
8.71991e-05 
8.73487e-05 
5.50659e-05 
5.50659e-05 
5.57094e-05 
5.50973e-05 
8.0362e-05 
5.50659e-05 
5.84872e-05 
5.50659e-05 
7.71901e-05 
8.42798e-05 
9.17827e-05 
5.50664e-05 
8.37988e-05 
8.66869e-05 
5.50659e-05 
5.50659e-05 
5.50659e-05 
5.50659e-05 
5.76415e-05 
5.72546e-05 
5.50659e-05 
5.50659e-05 
5.50659e-05 
5.50659e-05 
8.73888e-05 
8.583e-05 
6.96054e-05 
6.89001e-05 
6.71712e-05 
5.50659e-05 
8.81034e-05 
5.50659e-05 
5.50659e-05 
5.50661e-05 
5.50659e-05 
9.13511e-05 
5.50659e-05 
5.5066e-05 
8.9104e-05 
8.12373e-05 
5.52782e-05 
8.08768e-05 
6.12462e-05 
6.06755e-05 
9.08967e-05 
8.74181e-05 
8.77152e-05 
5.50659e-05 
5.5066e-05 
5.50659e-05 
5.64264e-05 
9.1409e-05 
8.772e-05 
8.8563e-05 
5.66507e-05 
5.50659e-05 
5.50659e-05 
5.50659e-05 
5.50659e-05 
8.51455e-05 
9.1567e-05 
5.50659e-05 
5.50659e-05 
5.50659e-05 
5.5066e-05 
5.50659e-05 
8.89098e-05 
5.50659e-05 
5.50663e-05 
5.50659e-05 
5.5066e-05 
5.5066e-05 
7.95108e-05 
5.61595e-05 
5.59845e-05 
8.18784e-05 
5.50659e-05 
7.52455e-05 
5.50659e-05 
5.50659e-05 
7.80445e-05 
5.50659e-05 
5.50659e-05 
5.50659e-05 
5.50659e-05 
5.50659e-05 
5.50659e-05 
7.25013e-05 
6.21304e-05 
5.9956e-05 
9.02001e-05 
9.14661e-05 
5.50659e-05 
8.03518e-05 
5.50659e-05 
5.50659e-05 
5.50672e-05 
5.50668e-05 
8.86219e-05 
8.52064e-05 
6.73004e-05 
5.50659e-05 
5.50659e-05 
5.50659e-05 
5.50659e-05 
8.38816e-05 
5.50659e-05 
5.50659e-05 
5.50659e-05 
5.54361e-05 
8.28098e-05 
8.70389e-05 
8.3486e-05 
7.36779e-05 
5.50659e-05 
5.50659e-05 
5.50659e-05 
8.2815e-05 
5.51185e-05 
5.50659e-05 
5.50659e-05 
5.5066e-05 
5.50659e-05 
5.5066e-05 
7.40507e-05 
5.50659e-05 
8.14682e-05 
5.50709e-05 
5.50659e-05 
5.9581e-05 
5.50861e-05 
5.70254e-05 
5.65746e-05 
5.50659e-05 
8.43506e-05 
5.50659e-05 
5.87759e-05 
5.84055e-05 
5.50666e-05 
5.50659e-05 
7.26073e-05 
5.50659e-05 
8.90685e-05 
5.50671e-05 
5.50687e-05 
5.50659e-05 
8.31397e-05 
8.46113e-05 
5.51237e-05 
8.26701e-05 
5.50659e-05 
5.50659e-05 
5.50659e-05 
5.50659e-05 
5.50663e-05 
8.25506e-05 
8.45512e-05 
5.50659e-05 
5.52963e-05 
8.3405e-05 
8.29841e-05 
5.50659e-05 
7.79298e-05 
5.50659e-05 
7.76915e-05 
5.50659e-05 
5.50659e-05 
5.50659e-05 
5.50659e-05 
5.50659e-05 
5.50659e-05 
5.61017e-05 
7.23278e-05 
7.41881e-05 
7.45721e-05 
7.28987e-05 
5.50659e-05 
7.53727e-05 
7.86707e-05 
8.41144e-05 
5.50659e-05 
5.50695e-05 
5.50659e-05 
5.50659e-05 
8.46225e-05 
8.23966e-05 
8.24706e-05 
5.50659e-05 
5.50659e-05 
5.50659e-05 
7.36305e-05 
5.50659e-05 
5.50684e-05 
6.18048e-05 
5.81274e-05 
7.36917e-05 
7.4836e-05 
7.16332e-05 
7.58333e-05 
7.65151e-05 
5.50659e-05 
5.50659e-05 
8.44496e-05 
5.50659e-05 
5.50678e-05 
9.01391e-05 
8.78371e-05 
5.50659e-05 
5.50659e-05 
5.50659e-05 
5.50659e-05 
7.95544e-05 
7.80616e-05 
5.5182e-05 
8.28283e-05 
6.64725e-05 
8.64486e-05 
6.80951e-05 
7.91033e-05 
5.50659e-05 
7.09058e-05 
5.51811e-05 
8.14013e-05 
7.11437e-05 
8.02338e-05 
5.50659e-05 
6.23668e-05 
6.17624e-05 
7.32985e-05 
8.02332e-05 
5.50787e-05 
6.56661e-05 
5.50659e-05 
5.50659e-05 
8.18875e-05 
7.11207e-05 
7.04861e-05 
8.24123e-05 
8.0374e-05 
7.6633e-05 
7.02279e-05 
5.50659e-05 
7.88999e-05 
5.50659e-05 
5.68118e-05 
5.50659e-05 
5.50663e-05 
5.50664e-05 
5.50661e-05 
7.50319e-05 
5.50682e-05 
5.50659e-05 
8.21754e-05 
5.50659e-05 
5.79656e-05 
8.0702e-05 
6.95784e-05 
5.50659e-05 
5.50659e-05 
5.90574e-05 
5.50659e-05 
8.89845e-05 
7.87996e-05 
5.50659e-05 
5.86765e-05 
5.71661e-05 
5.50659e-05 
5.51433e-05 
5.50659e-05 
7.72535e-05 
7.98501e-05 
8.10069e-05 
6.90189e-05 
5.50659e-05 
5.50659e-05 
5.50659e-05 
5.6282e-05 
5.60943e-05 
5.50659e-05 
8.12171e-05 
5.50659e-05 
5.5066e-05 
5.55405e-05 
5.60038e-05 
5.57757e-05 
5.5646e-05 
7.8919e-05 
8.3586e-05 
6.05837e-05 
6.0016e-05 
7.51501e-05 
7.76877e-05 
8.21599e-05 
5.50659e-05 
7.72015e-05 
7.76449e-05 
6.35882e-05 
6.42379e-05 
6.29442e-05 
5.50777e-05 
7.46557e-05 
7.24914e-05 
5.54077e-05 
5.5309e-05 
5.50659e-05 
5.50659e-05 
5.50659e-05 
5.50659e-05 
5.50674e-05 
5.50659e-05 
5.50659e-05 
5.50659e-05 
5.50659e-05 
5.5067e-05 
5.50661e-05 
5.50662e-05 
8.18735e-05 
6.86404e-05 
7.34912e-05 
7.66802e-05 
7.35009e-05 
5.50661e-05 
5.50935e-05 
7.86282e-05 
8.1229e-05 
5.50659e-05 
5.50659e-05 
8.14917e-05 
5.50659e-05 
5.50659e-05 
5.50659e-05 
7.50943e-05 
5.51034e-05 
8.36789e-05 
8.16873e-05 
6.46412e-05 
5.94242e-05 
5.79353e-05 
7.10344e-05 
5.50663e-05 
5.5066e-05 
7.45375e-05 
7.61674e-05 
5.50659e-05 
5.50717e-05 
5.50739e-05 
5.50695e-05 
8.23731e-05 
8.41485e-05 
7.43648e-05 
8.12675e-05 
7.92124e-05 
7.89657e-05 
8.46769e-05 
5.50659e-05 
5.50659e-05 
5.50659e-05 
5.50789e-05 
5.50928e-05 
5.5066e-05 
7.45236e-05 
5.50659e-05 
5.50659e-05 
5.50659e-05 
5.50661e-05 
5.5066e-05 
7.41981e-05 
5.50729e-05 
5.50659e-05 
5.50835e-05 
5.50722e-05 
7.32549e-05 
7.26887e-05 
5.50666e-05 
5.50664e-05 
5.50659e-05 
5.50659e-05 
6.64678e-05 
8.4033e-05 
8.52159e-05 
6.82849e-05 
6.74791e-05 
5.67228e-05 
5.50659e-05 
5.50659e-05 
5.50659e-05 
6.68628e-05 
7.23663e-05 
7.59447e-05 
6.4912e-05 
6.42138e-05 
5.5066e-05 
7.97648e-05 
8.0138e-05 
7.86974e-05 
6.39613e-05 
6.63625e-05 
7.80224e-05 
5.50672e-05 
5.50659e-05 
6.74802e-05 
7.41233e-05 
8.32673e-05 
7.45071e-05 
7.43606e-05 
5.50659e-05 
5.50659e-05 
7.00752e-05 
5.50659e-05 
7.82565e-05 
7.79673e-05 
7.84387e-05 
5.50659e-05 
5.78693e-05 
5.82045e-05 
5.74531e-05 
6.63566e-05 
5.50668e-05 
7.48204e-05 
7.48359e-05 
6.8292e-05 
5.51816e-05 
5.50659e-05 
5.50659e-05 
5.50659e-05 
5.50659e-05 
8.24992e-05 
5.5134e-05 
7.55361e-05 
7.7739e-05 
5.50714e-05 
5.50659e-05 
5.50779e-05 
5.50775e-05 
5.50928e-05 
7.89513e-05 
7.19029e-05 
7.52909e-05 
7.40603e-05 
5.50659e-05 
5.50811e-05 
5.5066e-05 
5.50659e-05 
7.81647e-05 
7.65704e-05 
7.25124e-05 
7.15331e-05 
5.50659e-05 
7.03193e-05 
5.50661e-05 
8.00693e-05 
5.50659e-05 
5.50659e-05 
5.50659e-05 
5.50659e-05 
6.96142e-05 
5.50659e-05 
5.50674e-05 
5.50676e-05 
7.89884e-05 
5.50659e-05 
5.50659e-05 
5.50659e-05 
5.50659e-05 
5.50659e-05 
5.50659e-05 
7.21984e-05 
5.52181e-05 
5.50659e-05 
5.89429e-05 
6.78392e-05 
6.56352e-05 
5.9122e-05 
6.07744e-05 
5.67081e-05 
5.50666e-05 
5.50675e-05 
7.10827e-05 
6.80101e-05 
7.15013e-05 
7.7517e-05 
5.50659e-05 
5.50659e-05 
7.35867e-05 
5.50659e-05 
5.50986e-05 
5.51101e-05 
5.50866e-05 
6.56267e-05 
6.48513e-05 
5.50659e-05 
5.65913e-05 
5.74978e-05 
5.50659e-05 
5.50659e-05 
5.50659e-05 
5.69735e-05 
8.0919e-05 
5.64068e-05 
5.62063e-05 
5.54962e-05 
5.50659e-05 
5.50659e-05 
5.50659e-05 
6.93733e-05 
5.50662e-05 
5.50659e-05 
5.50659e-05 
5.50659e-05 
7.58995e-05 
5.5066e-05 
5.50662e-05 
6.47509e-05 
7.12295e-05 
5.50659e-05 
6.73306e-05 
7.3828e-05 
8.21178e-05 
6.1678e-05 
6.10672e-05 
5.50662e-05 
5.50662e-05 
7.55625e-05 
5.50659e-05 
6.90085e-05 
7.08951e-05 
7.73196e-05 
6.47832e-05 
5.50659e-05 
7.24869e-05 
5.50659e-05 
6.78314e-05 
5.5066e-05 
7.24235e-05 
5.50659e-05 
7.88846e-05 
7.62191e-05 
7.60193e-05 
5.50659e-05 
7.40905e-05 
7.5932e-05 
7.46844e-05 
5.50659e-05 
6.8383e-05 
7.03716e-05 
5.52861e-05 
7.89506e-05 
5.50659e-05 
5.50659e-05 
5.50659e-05 
7.67625e-05 
7.87243e-05 
6.52267e-05 
6.68527e-05 
5.50692e-05 
5.50693e-05 
5.5072e-05 
5.80926e-05 
7.53357e-05 
6.99148e-05 
6.67487e-05 
5.51209e-05 
5.50659e-05 
5.5066e-05 
8.08836e-05 
5.58664e-05 
5.57261e-05 
5.50659e-05 
7.33037e-05 
7.22647e-05 
5.84419e-05 
7.68902e-05 
5.50659e-05 
5.50754e-05 
5.50728e-05 
5.50659e-05 
5.50659e-05 
5.50659e-05 
5.50659e-05 
5.50659e-05 
5.50659e-05 
5.50659e-05 
7.42048e-05 
6.42291e-05 
5.50659e-05 
7.43069e-05 
5.50659e-05 
5.50659e-05 
5.50659e-05 
5.50659e-05 
5.50659e-05 
5.50659e-05 
5.5066e-05 
5.50659e-05 
5.50659e-05 
5.50689e-05 
5.50702e-05 
5.50677e-05 
5.50659e-05 
6.81888e-05 
7.41075e-05 
5.50665e-05 
7.72301e-05 
5.55209e-05 
5.52926e-05 
5.58847e-05 
5.98993e-05 
5.93421e-05 
5.50659e-05 
5.50659e-05 
5.50659e-05 
5.50659e-05 
7.47556e-05 
5.50659e-05 
5.50659e-05 
5.50659e-05 
7.13503e-05 
8.27217e-05 
5.50659e-05 
5.50659e-05 
5.73511e-05 
5.51566e-05 
5.52007e-05 
5.50659e-05 
5.50659e-05 
6.91184e-05 
6.68754e-05 
5.50659e-05 
5.50659e-05 
5.50659e-05 
5.50659e-05 
5.50659e-05 
5.50659e-05 
5.50659e-05 
7.3676e-05 
5.50659e-05 
5.50659e-05 
7.85078e-05 
7.6888e-05 
5.50659e-05 
7.98826e-05 
5.50659e-05 
5.50659e-05 
6.72748e-05 
6.50966e-05 
6.6138e-05 
5.50659e-05 
5.50659e-05 
7.45533e-05 
5.50667e-05 
7.46422e-05 
8.03216e-05 
5.50659e-05 
5.50665e-05 
7.90229e-05 
5.50659e-05 
6.88636e-05 
5.68709e-05 
7.39903e-05 
6.74128e-05 
7.0012e-05 
6.7836e-05 
5.50659e-05 
5.50666e-05 
5.5066e-05 
5.50661e-05 
5.50661e-05 
5.50662e-05 
5.5066e-05 
5.50659e-05 
6.40912e-05 
6.22585e-05 
6.2922e-05 
7.04475e-05 
5.50659e-05 
5.50659e-05 
6.34993e-05 
6.28837e-05 
7.63442e-05 
5.50659e-05 
6.9906e-05 
7.25562e-05 
5.76498e-05 
6.45441e-05 
7.32508e-05 
5.50659e-05 
7.70168e-05 
5.53485e-05 
5.75341e-05 
7.21235e-05 
5.50659e-05 
7.72128e-05 
7.64817e-05 
5.50659e-05 
5.50662e-05 
5.50659e-05 
7.87502e-05 
7.72651e-05 
7.71114e-05 
5.50659e-05 
5.50659e-05 
7.63544e-05 
7.53675e-05 
7.51502e-05 
5.50659e-05 
7.08873e-05 
5.50911e-05 
5.51193e-05 
6.35667e-05 
7.43965e-05 
5.50659e-05 
5.50661e-05 
5.54608e-05 
6.47963e-05 
5.50659e-05 
5.50659e-05 
5.50659e-05 
5.5066e-05 
5.50659e-05 
6.87926e-05 
6.72767e-05 
7.17775e-05 
5.50659e-05 
5.50659e-05 
5.50659e-05 
5.50659e-05 
5.50659e-05 
5.50659e-05 
5.50659e-05 
5.50659e-05 
5.50659e-05 
7.3288e-05 
5.50659e-05 
5.50659e-05 
7.27368e-05 
7.42667e-05 
5.51446e-05 
7.57798e-05 
7.17058e-05 
7.16327e-05 
5.50659e-05 
5.50659e-05 
5.50659e-05 
6.2983e-05 
6.20139e-05 
6.16991e-05 
6.01778e-05 
6.08579e-05 
5.50659e-05 
7.07947e-05 
5.50691e-05 
5.50659e-05 
5.50659e-05 
5.50659e-05 
7.58612e-05 
7.37458e-05 
7.47368e-05 
5.50659e-05 
5.50659e-05 
5.50659e-05 
5.50659e-05 
5.50659e-05 
5.50659e-05 
5.50659e-05 
5.50659e-05 
5.50659e-05 
5.50659e-05 
5.50659e-05 
5.50659e-05 
5.83158e-05 
5.78477e-05 
5.50659e-05 
5.50666e-05 
5.50659e-05 
5.50659e-05 
5.50659e-05 
5.50659e-05 
5.71313e-05 
5.50663e-05 
7.28971e-05 
7.91494e-05 
5.59571e-05 
5.58062e-05 
6.81467e-05 
6.83561e-05 
7.41851e-05 
5.50662e-05 
5.50659e-05 
5.50662e-05 
5.50662e-05 
6.28889e-05 
6.24435e-05 
5.50659e-05 
6.10418e-05 
6.87535e-05 
5.50659e-05 
6.05969e-05 
5.50659e-05 
6.0954e-05 
6.03491e-05 
5.50667e-05 
5.5067e-05 
6.34102e-05 
5.50659e-05 
5.50659e-05 
7.08919e-05 
5.50659e-05 
5.50659e-05 
5.50659e-05 
5.50659e-05 
5.50659e-05 
5.50659e-05 
5.50659e-05 
7.65238e-05 
5.50663e-05 
6.40595e-05 
5.50659e-05 
5.50659e-05 
5.50659e-05 
5.50659e-05 
5.50659e-05 
7.07233e-05 
7.37342e-05 
6.89669e-05 
7.13613e-05 
6.32313e-05 
5.50659e-05 
7.40491e-05 
5.532e-05 
5.52413e-05 
5.50659e-05 
7.37325e-05 
5.50659e-05 
5.50836e-05 
7.07338e-05 
5.50659e-05 
6.84272e-05 
6.73431e-05 
5.50659e-05 
5.50659e-05 
5.50659e-05 
5.50659e-05 
5.50785e-05 
5.50908e-05 
5.50659e-05 
5.50726e-05 
5.50726e-05 
5.50789e-05 
5.51705e-05 
5.5281e-05 
6.99816e-05 
5.55586e-05 
6.93451e-05 
5.50659e-05 
7.44036e-05 
5.50659e-05 
7.2901e-05 
6.22182e-05 
7.30395e-05 
5.50663e-05 
5.51039e-05 
5.51171e-05 
5.50901e-05 
5.50666e-05 
5.50665e-05 
5.50659e-05 
5.50659e-05 
5.50659e-05 
7.19837e-05 
6.26096e-05 
6.11835e-05 
6.34311e-05 
6.49413e-05 
5.50675e-05 
5.50668e-05 
5.50659e-05 
6.91304e-05 
6.34044e-05 
6.56018e-05 
5.50659e-05 
5.5066e-05 
5.50661e-05 
5.5066e-05 
5.50659e-05 
5.52204e-05 
5.51698e-05 
5.5066e-05 
5.50661e-05 
7.23985e-05 
6.62732e-05 
6.55329e-05 
5.86786e-05 
7.26629e-05 
5.50659e-05 
5.50659e-05 
5.50659e-05 
5.50659e-05 
5.50659e-05 
7.34031e-05 
5.50659e-05 
5.50659e-05 
5.50659e-05 
6.76202e-05 
5.5077e-05 
5.5074e-05 
5.50659e-05 
6.74683e-05 
7.25147e-05 
5.50659e-05 
5.50659e-05 
5.50659e-05 
5.50659e-05 
5.92074e-05 
5.50659e-05 
5.50659e-05 
5.50659e-05 
5.50659e-05 
5.50659e-05 
5.50659e-05 
5.50659e-05 
6.38326e-05 
6.22802e-05 
6.14722e-05 
5.50659e-05 
5.50659e-05 
7.273e-05 
5.50672e-05 
6.94823e-05 
5.50659e-05 
5.50659e-05 
7.09781e-05 
5.50659e-05 
5.50659e-05 
5.50659e-05 
5.50659e-05 
5.50673e-05 
6.93701e-05 
5.5069e-05 
5.50742e-05 
5.50659e-05 
6.30088e-05 
6.15342e-05 
6.19847e-05 
6.85654e-05 
6.61065e-05 
6.90594e-05 
5.50659e-05 
7.14204e-05 
6.96809e-05 
7.03058e-05 
6.82089e-05 
5.50659e-05 
7.23087e-05 
5.65327e-05 
5.63217e-05 
5.72634e-05 
7.89036e-05 
5.50659e-05 
6.90481e-05 
5.50659e-05 
5.50659e-05 
5.50659e-05 
5.50659e-05 
5.82368e-05 
5.50659e-05 
5.50659e-05 
7.06347e-05 
6.87454e-05 
5.50659e-05 
5.50659e-05 
5.50659e-05 
5.50659e-05 
5.50659e-05 
6.4917e-05 
5.50659e-05 
5.50659e-05 
6.06004e-05 
5.50659e-05 
5.98097e-05 
5.50695e-05 
5.50709e-05 
5.50681e-05 
6.60882e-05 
5.50659e-05 
6.47386e-05 
6.37674e-05 
5.50659e-05 
5.50659e-05 
5.50659e-05 
6.8373e-05 
5.50659e-05 
5.50659e-05 
6.94066e-05 
7.23929e-05 
6.73508e-05 
5.50669e-05 
5.50659e-05 
5.50659e-05 
5.5066e-05 
5.53891e-05 
5.63067e-05 
5.50659e-05 
5.50659e-05 
5.50659e-05 
7.21656e-05 
5.50659e-05 
7.28393e-05 
5.50668e-05 
5.50672e-05 
6.02479e-05 
7.18272e-05 
7.43264e-05 
7.30552e-05 
7.30188e-05 
5.50659e-05 
5.50662e-05 
5.50659e-05 
5.50659e-05 
5.50659e-05 
5.50659e-05 
5.50659e-05 
5.50659e-05 
6.98698e-05 
5.50659e-05 
5.50659e-05 
5.70148e-05 
5.50659e-05 
5.50659e-05 
6.21112e-05 
6.26795e-05 
6.14511e-05 
6.44784e-05 
6.34876e-05 
5.50659e-05 
7.22552e-05 
5.94066e-05 
5.50659e-05 
6.67388e-05 
5.55156e-05 
5.50659e-05 
7.06262e-05 
5.90919e-05 
5.50666e-05 
5.50659e-05 
5.58272e-05 
7.04907e-05 
5.50659e-05 
7.5377e-05 
7.14659e-05 
5.50659e-05 
5.50659e-05 
5.50659e-05 
5.85343e-05 
7.02763e-05 
6.92091e-05 
5.50659e-05 
5.50659e-05 
5.50659e-05 
5.50659e-05 
5.78482e-05 
5.88446e-05 
5.50659e-05 
5.50659e-05 
5.50659e-05 
5.50659e-05 
5.50659e-05 
5.50688e-05 
6.55716e-05 
6.47218e-05 
5.50659e-05 
5.968e-05 
5.50659e-05 
6.99258e-05 
6.90479e-05 
6.95364e-05 
6.44989e-05 
6.29455e-05 
5.50659e-05 
6.64877e-05 
6.5151e-05 
6.54492e-05 
5.50659e-05 
5.50659e-05 
5.77193e-05 
5.80433e-05 
5.72876e-05 
5.50659e-05 
5.5066e-05 
5.5066e-05 
7.04789e-05 
7.62582e-05 
7.51433e-05 
5.50659e-05 
5.50659e-05 
5.50659e-05 
6.99454e-05 
5.50659e-05 
5.50659e-05 
5.50659e-05 
5.50659e-05 
5.50659e-05 
7.02211e-05 
7.31674e-05 
5.50659e-05 
6.87233e-05 
6.85234e-05 
6.7855e-05 
5.50659e-05 
7.32167e-05 
6.90007e-05 
5.50659e-05 
5.50659e-05 
5.50659e-05 
5.50659e-05 
5.50659e-05 
5.50659e-05 
5.50659e-05 
5.50659e-05 
5.50659e-05 
5.90889e-05 
5.56222e-05 
6.95994e-05 
7.05766e-05 
5.50671e-05 
6.48461e-05 
5.50753e-05 
5.50659e-05 
5.50659e-05 
5.50659e-05 
5.94758e-05 
5.50659e-05 
5.50659e-05 
5.85318e-05 
5.50835e-05 
6.02075e-05 
5.96201e-05 
5.50659e-05 
5.50684e-05 
5.50659e-05 
5.50659e-05 
5.50659e-05 
5.50659e-05 
5.50659e-05 
5.50659e-05 
6.68867e-05 
5.50677e-05 
5.50675e-05 
6.08602e-05 
7.22686e-05 
7.3194e-05 
5.61566e-05 
5.67074e-05 
5.53549e-05 
6.5158e-05 
5.50659e-05 
5.50659e-05 
5.50659e-05 
5.50659e-05 
5.50659e-05 
5.50659e-05 
5.97553e-05 
7.21419e-05 
5.50671e-05 
5.50659e-05 
6.41659e-05 
6.31642e-05 
5.50659e-05 
6.42096e-05 
5.50659e-05 
5.51146e-05 
5.51652e-05 
5.50659e-05 
5.50659e-05 
5.50659e-05 
5.50659e-05 
5.50659e-05 
5.50659e-05 
5.50659e-05 
5.50659e-05 
6.95705e-05 
6.33826e-05 
5.50659e-05 
5.50659e-05 
5.81922e-05 
5.50659e-05 
5.94627e-05 
5.89043e-05 
5.50659e-05 
5.50659e-05 
5.50659e-05 
5.50659e-05 
5.50659e-05 
5.99531e-05 
5.52666e-05 
6.39068e-05 
5.50659e-05 
7.03854e-05 
6.95555e-05 
5.50659e-05 
5.50659e-05 
5.50798e-05 
7.31244e-05 
6.93922e-05 
5.86984e-05 
5.50659e-05 
6.85345e-05 
5.50659e-05 
5.50659e-05 
5.50659e-05 
7.06728e-05 
6.96048e-05 
5.50661e-05 
5.50664e-05 
6.68662e-05 
6.60821e-05 
6.35265e-05 
6.02122e-05 
6.1772e-05 
5.50659e-05 
5.50659e-05 
5.50659e-05 
5.50659e-05 
5.50659e-05 
5.66586e-05 
5.50864e-05 
5.50787e-05 
6.25472e-05 
6.74633e-05 
5.84227e-05 
5.50667e-05 
5.50659e-05 
5.50659e-05 
5.50659e-05 
5.50659e-05 
5.50659e-05 
6.94157e-05 
5.51097e-05 
5.50938e-05 
5.50659e-05 
5.50659e-05 
5.50659e-05 
6.10293e-05 
5.50659e-05 
5.5066e-05 
5.6435e-05 
5.50659e-05 
5.50659e-05 
5.98128e-05 
5.50659e-05 
6.80462e-05 
5.51557e-05 
5.51246e-05 
6.39484e-05 
5.50664e-05 
5.50667e-05 
5.50659e-05 
5.50659e-05 
5.50659e-05 
6.46093e-05 
6.89156e-05 
5.50659e-05 
5.50659e-05 
5.50659e-05 
5.50659e-05 
5.50659e-05 
5.50659e-05 
5.50659e-05 
6.95353e-05 
7.0664e-05 
6.56449e-05 
6.69491e-05 
5.50659e-05 
5.86484e-05 
5.50659e-05 
5.50659e-05 
5.50659e-05 
6.31353e-05 
5.50659e-05 
5.9464e-05 
6.57926e-05 
6.71406e-05 
5.50659e-05 
5.50659e-05 
5.50659e-05 
5.50659e-05 
5.5066e-05 
5.50722e-05 
5.50718e-05 
5.50659e-05 
5.50659e-05 
5.50659e-05 
6.02088e-05 
5.91839e-05 
5.54594e-05 
5.60488e-05 
5.58887e-05 
6.76597e-05 
6.67717e-05 
5.50659e-05 
5.50659e-05 
6.94833e-05 
7.03742e-05 
5.50659e-05 
5.50659e-05 
5.50659e-05 
5.50794e-05 
6.40617e-05 
6.22635e-05 
6.48767e-05 
5.77134e-05 
5.55716e-05 
5.56881e-05 
5.54318e-05 
5.50717e-05 
5.50701e-05 
5.50659e-05 
6.77881e-05 
5.50659e-05 
5.50659e-05 
5.50659e-05 
5.79783e-05 
5.50659e-05 
5.50659e-05 
5.50659e-05 
5.7203e-05 
5.50659e-05 
5.50659e-05 
5.50659e-05 
5.50659e-05 
5.50659e-05 
5.50659e-05 
5.50659e-05 
5.50702e-05 
6.14147e-05 
5.50659e-05 
5.50659e-05 
5.52421e-05 
5.51845e-05 
5.50659e-05 
5.50659e-05 
5.50659e-05 
5.50685e-05 
5.50659e-05 
5.5069e-05 
6.36503e-05 
5.50684e-05 
5.50703e-05 
5.50659e-05 
6.29818e-05 
6.23259e-05 
5.50659e-05 
5.5066e-05 
6.06376e-05 
5.96054e-05 
6.77982e-05 
7.22737e-05 
7.21608e-05 
5.50659e-05 
5.50659e-05 
5.50659e-05 
5.50663e-05 
5.50661e-05 
6.65452e-05 
5.81754e-05 
6.44568e-05 
6.51264e-05 
6.3587e-05 
6.73816e-05 
6.70391e-05 
6.65949e-05 
5.50659e-05 
6.80137e-05 
5.50659e-05 
6.18338e-05 
6.1319e-05 
5.50659e-05 
6.5457e-05 
6.74087e-05 
5.50659e-05 
6.77406e-05 
5.50659e-05 
6.69328e-05 
6.00942e-05 
6.10657e-05 
6.60719e-05 
5.61454e-05 
6.20163e-05 
6.72189e-05 
5.50659e-05 
5.50659e-05 
5.50659e-05 
5.50659e-05 
5.50659e-05 
5.50659e-05 
5.50659e-05 
7.03425e-05 
5.50659e-05 
5.50659e-05 
5.50659e-05 
6.06723e-05 
6.09346e-05 
6.00677e-05 
5.9915e-05 
5.73037e-05 
5.50659e-05 
5.50659e-05 
5.50659e-05 
5.50659e-05 
5.87361e-05 
5.50659e-05 
5.50659e-05 
5.50659e-05 
5.50777e-05 
5.50917e-05 
5.50927e-05 
5.51143e-05 
6.27075e-05 
5.50659e-05 
5.5066e-05 
5.50659e-05 
5.50659e-05 
5.50659e-05 
5.50659e-05 
5.54249e-05 
5.52478e-05 
5.56655e-05 
5.50775e-05 
5.75346e-05 
5.6936e-05 
5.50659e-05 
5.50659e-05 
5.65483e-05 
5.50659e-05 
5.50659e-05 
5.50659e-05 
5.5066e-05 
5.5066e-05 
5.50659e-05 
5.50659e-05 
5.5066e-05 
5.5066e-05 
5.77265e-05 
5.50659e-05 
5.5066e-05 
5.50662e-05 
5.50665e-05 
5.50659e-05 
5.71498e-05 
5.50659e-05 
5.73097e-05 
5.50659e-05 
5.50659e-05 
5.50659e-05 
5.50659e-05 
5.50794e-05 
5.5066e-05 
5.50659e-05 
5.50659e-05 
5.50659e-05 
5.50659e-05 
5.50661e-05 
5.50663e-05 
5.50659e-05 
5.50659e-05 
5.50659e-05 
5.50659e-05 
5.50659e-05 
5.50659e-05 
5.53926e-05 
5.5293e-05 
6.69687e-05 
6.77971e-05 
5.50659e-05 
5.50659e-05 
5.50662e-05 
6.69154e-05 
6.61542e-05 
5.50659e-05 
5.50659e-05 
6.60778e-05 
5.50659e-05 
5.7456e-05 
5.50659e-05 
5.50659e-05 
5.50659e-05 
5.87428e-05 
5.50659e-05 
5.50659e-05 
5.50659e-05 
5.50659e-05 
5.50659e-05 
5.50659e-05 
5.50659e-05 
5.50659e-05 
5.50659e-05 
6.07705e-05 
6.17297e-05 
5.50759e-05 
5.50659e-05 
5.50659e-05 
5.50659e-05 
5.50659e-05 
5.50659e-05 
5.50659e-05 
5.69143e-05 
5.50689e-05 
5.50659e-05 
5.68878e-05 
6.47549e-05 
5.65066e-05 
6.80693e-05 
6.74014e-05 
5.50659e-05 
5.50659e-05 
6.96228e-05 
5.62416e-05 
5.50659e-05 
6.09901e-05 
6.04255e-05 
6.27819e-05 
5.50659e-05 
5.50659e-05 
6.31696e-05 
5.50659e-05 
5.50659e-05 
6.13171e-05 
5.6665e-05 
5.50659e-05 
5.50659e-05 
5.50909e-05 
5.50928e-05 
6.20177e-05 
6.30737e-05 
6.53062e-05 
5.50659e-05 
6.34071e-05 
6.23461e-05 
6.26107e-05 
5.50659e-05 
5.50659e-05 
5.50659e-05 
5.50659e-05 
5.50659e-05 
5.50659e-05 
5.50659e-05 
5.76189e-05 
5.83408e-05 
6.57276e-05 
5.50677e-05 
5.50684e-05 
5.5067e-05 
6.76529e-05 
6.68248e-05 
5.50659e-05 
5.50659e-05 
5.5066e-05 
5.50659e-05 
6.63196e-05 
6.73272e-05 
5.72636e-05 
6.94732e-05 
7.03637e-05 
5.5066e-05 
5.50659e-05 
5.50766e-05 
6.64938e-05 
6.95901e-05 
6.16574e-05 
5.50659e-05 
5.50659e-05 
5.50659e-05 
5.50659e-05 
5.59704e-05 
5.50698e-05 
5.67116e-05 
5.50659e-05 
5.50659e-05 
5.50894e-05 
5.50805e-05 
5.50677e-05 
5.5069e-05 
6.41287e-05 
5.84416e-05 
5.50659e-05 
5.50659e-05 
5.60578e-05 
5.51158e-05 
5.50976e-05 
6.10488e-05 
5.50705e-05 
5.50659e-05 
5.5066e-05 
5.50659e-05 
5.50659e-05 
5.50659e-05 
5.50659e-05 
5.50659e-05 
5.5066e-05 
5.82264e-05 
5.78958e-05 
5.50659e-05 
5.50659e-05 
6.47887e-05 
6.38044e-05 
5.51238e-05 
5.5124e-05 
5.50659e-05 
5.50659e-05 
5.77514e-05 
5.50668e-05 
6.75035e-05 
5.50725e-05 
5.50707e-05 
5.50659e-05 
5.50659e-05 
5.50659e-05 
6.05159e-05 
5.50664e-05 
5.50659e-05 
5.50659e-05 
5.50659e-05 
5.50659e-05 
5.50659e-05 
5.50659e-05 
5.50659e-05 
5.50659e-05 
5.50659e-05 
5.50659e-05 
5.98854e-05 
5.50659e-05 
5.78453e-05 
5.72099e-05 
5.50659e-05 
5.50659e-05 
5.50661e-05 
5.50661e-05 
5.5066e-05 
5.50659e-05 
5.80062e-05 
5.91302e-05 
5.50659e-05 
5.50659e-05 
5.716e-05 
5.74441e-05 
5.67798e-05 
6.94352e-05 
6.78014e-05 
5.5066e-05 
5.50659e-05 
5.50659e-05 
5.50659e-05 
5.56284e-05 
5.54765e-05 
5.50659e-05 
5.50659e-05 
5.50659e-05 
5.50659e-05 
5.5066e-05 
5.50758e-05 
5.50659e-05 
5.50659e-05 
5.50659e-05 
5.5066e-05 
5.50659e-05 
5.50659e-05 
5.66215e-05 
5.50659e-05 
5.92712e-05 
5.5078e-05 
5.57514e-05 
5.50659e-05 
5.50659e-05 
6.12149e-05 
5.50659e-05 
5.50659e-05 
5.50659e-05 
5.51677e-05 
5.6506e-05 
5.62045e-05 
5.50664e-05 
5.50659e-05 
5.64052e-05 
6.31642e-05 
5.50659e-05 
5.50661e-05 
5.50662e-05 
5.50745e-05 
5.58218e-05 
5.50659e-05 
5.50659e-05 
5.6145e-05 
6.39814e-05 
5.50659e-05 
5.50662e-05 
5.50662e-05 
5.50664e-05 
5.50659e-05 
6.46578e-05 
5.50659e-05 
5.50659e-05 
6.41049e-05 
5.50659e-05 
5.50659e-05 
5.50659e-05 
5.50659e-05 
5.50659e-05 
5.50659e-05 
5.50659e-05 
6.16759e-05 
5.50659e-05 
6.53943e-05 
6.7568e-05 
6.66009e-05 
6.67123e-05 
5.50659e-05 
5.50659e-05 
6.61449e-05 
5.6071e-05 
5.50731e-05 
5.59774e-05 
5.50659e-05 
5.50659e-05 
5.50659e-05 
6.21978e-05 
5.50659e-05 
5.50659e-05 
5.50659e-05 
5.50659e-05 
5.50659e-05 
5.50659e-05 
6.20384e-05 
5.50659e-05 
5.78118e-05 
5.84151e-05 
5.50659e-05 
5.5068e-05 
5.50688e-05 
5.50671e-05 
6.25667e-05 
6.21104e-05 
5.98571e-05 
5.50663e-05 
6.08761e-05 
5.94739e-05 
6.13242e-05 
6.0157e-05 
5.50659e-05 
6.44226e-05 
6.34417e-05 
6.37238e-05 
5.5066e-05 
5.50659e-05 
5.50659e-05 
5.50659e-05 
5.50659e-05 
5.50659e-05 
5.5066e-05 
5.50659e-05 
5.51148e-05 
5.50659e-05 
5.50659e-05 
5.50659e-05 
5.50659e-05 
5.50659e-05 
5.50659e-05 
5.50659e-05 
5.50659e-05 
5.50659e-05 
5.51528e-05 
5.51643e-05 
5.52329e-05 
5.50659e-05 
5.62148e-05 
5.50724e-05 
5.50659e-05 
5.50659e-05 
5.62441e-05 
5.5916e-05 
5.81103e-05 
5.74558e-05 
5.50667e-05 
5.5066e-05 
5.5066e-05 
5.5066e-05 
5.64024e-05 
5.60515e-05 
5.61208e-05 
5.50659e-05 
6.33085e-05 
5.50659e-05 
6.28382e-05 
5.50661e-05 
5.50659e-05 
6.36771e-05 
6.09895e-05 
5.50659e-05 
5.50672e-05 
5.50674e-05 
5.50681e-05 
5.50659e-05 
5.50659e-05 
5.97147e-05 
5.91269e-05 
5.50659e-05 
5.50659e-05 
5.50659e-05 
5.50659e-05 
5.50659e-05 
5.50659e-05 
6.08032e-05 
6.12976e-05 
6.0154e-05 
5.50659e-05 
5.50835e-05 
5.50815e-05 
5.50659e-05 
5.50659e-05 
5.8064e-05 
5.50661e-05 
5.50661e-05 
5.50659e-05 
5.50659e-05 
5.50832e-05 
5.50659e-05 
5.50659e-05 
5.50659e-05 
5.56863e-05 
5.50733e-05 
5.50713e-05 
6.05347e-05 
5.50659e-05 
5.50659e-05 
5.51994e-05 
5.50669e-05 
5.50659e-05 
5.65826e-05 
5.73043e-05 
5.50659e-05 
5.50659e-05 
6.61384e-05 
5.51325e-05 
5.50659e-05 
5.50659e-05 
5.59118e-05 
5.89077e-05 
5.85184e-05 
5.50659e-05 
5.50659e-05 
5.57486e-05 
5.50659e-05 
5.95674e-05 
5.50659e-05 
6.26296e-05 
5.50659e-05 
5.50659e-05 
5.50659e-05 
6.10197e-05 
6.04078e-05 
5.50661e-05 
6.34119e-05 
6.25833e-05 
5.50659e-05 
5.50659e-05 
5.50659e-05 
5.50659e-05 
5.50659e-05 
5.5084e-05 
6.49394e-05 
6.56249e-05 
6.40208e-05 
6.47308e-05 
6.54827e-05 
6.39204e-05 
6.48014e-05 
5.5066e-05 
5.50659e-05 
5.67693e-05 
6.55926e-05 
6.30785e-05 
5.50659e-05 
5.50659e-05 
5.52638e-05 
5.50659e-05 
5.50659e-05 
6.45988e-05 
6.48866e-05 
5.57846e-05 
5.88271e-05 
5.58821e-05 
5.50659e-05 
5.50659e-05 
5.57095e-05 
5.50659e-05 
5.50659e-05 
6.0132e-05 
6.00473e-05 
5.50669e-05 
5.50665e-05 
5.50728e-05 
5.50776e-05 
5.93599e-05 
6.14986e-05 
5.50659e-05 
5.50924e-05 
5.50824e-05 
5.50659e-05 
5.50659e-05 
5.58924e-05 
5.50659e-05 
5.50659e-05 
6.70035e-05 
5.50659e-05 
5.50659e-05 
5.50659e-05 
5.50659e-05 
5.50659e-05 
5.50659e-05 
5.82951e-05 
5.77624e-05 
5.76448e-05 
5.50659e-05 
5.50659e-05 
5.50659e-05 
5.50659e-05 
5.96509e-05 
5.51587e-05 
5.51683e-05 
5.51089e-05 
5.50659e-05 
5.50659e-05 
5.50659e-05 
5.50659e-05 
5.50659e-05 
5.50659e-05 
5.50661e-05 
5.50828e-05 
5.50659e-05 
5.50659e-05 
5.90901e-05 
5.50659e-05 
5.84007e-05 
5.50659e-05 
5.50659e-05 
5.50659e-05 
5.55743e-05 
6.52389e-05 
6.404e-05 
5.50659e-05 
5.50659e-05 
5.50659e-05 
6.78157e-05 
6.04726e-05 
5.50662e-05 
5.66603e-05 
5.63374e-05 
5.50659e-05 
5.50659e-05 
7.04114e-05 
5.64171e-05 
5.6059e-05 
5.50659e-05 
5.50659e-05 
5.50659e-05 
5.50659e-05 
5.50659e-05 
5.50662e-05 
5.50663e-05 
5.50664e-05 
5.50665e-05 
5.67363e-05 
5.50659e-05 
5.89492e-05 
5.50659e-05 
5.50659e-05 
5.6308e-05 
6.79871e-05 
6.73454e-05 
5.63852e-05 
6.6972e-05 
5.50659e-05 
5.8214e-05 
5.50659e-05 
5.50662e-05 
5.50659e-05 
5.5066e-05 
5.8245e-05 
5.50659e-05 
5.7988e-05 
5.50659e-05 
6.12788e-05 
6.07672e-05 
5.99358e-05 
6.01998e-05 
5.50659e-05 
5.5066e-05 
5.55211e-05 
5.54298e-05 
5.50659e-05 
5.57709e-05 
5.51801e-05 
5.5068e-05 
5.50659e-05 
5.50659e-05 
6.17438e-05 
5.51221e-05 
5.50664e-05 
5.56581e-05 
5.55681e-05 
5.54691e-05 
5.50659e-05 
6.59874e-05 
6.13269e-05 
5.56603e-05 
5.55337e-05 
5.56772e-05 
5.50659e-05 
6.50246e-05 
6.4186e-05 
6.43731e-05 
5.53382e-05 
5.50659e-05 
5.63865e-05 
5.67231e-05 
5.50659e-05 
5.50659e-05 
6.55676e-05 
5.50659e-05 
6.08356e-05 
6.04513e-05 
6.95504e-05 
6.45645e-05 
5.50659e-05 
5.50659e-05 
5.50659e-05 
5.50659e-05 
5.53207e-05 
6.32764e-05 
5.50659e-05 
5.5066e-05 
5.54824e-05 
5.50659e-05 
6.55861e-05 
5.50659e-05 
5.50659e-05 
5.50659e-05 
5.50659e-05 
5.50659e-05 
6.02624e-05 
5.9977e-05 
5.50659e-05 
5.50683e-05 
5.50692e-05 
5.50673e-05 
5.50671e-05 
5.50671e-05 
5.50682e-05 
6.25391e-05 
5.50659e-05 
5.50659e-05 
5.50659e-05 
5.50659e-05 
5.85218e-05 
5.75343e-05 
5.87806e-05 
5.92812e-05 
5.50659e-05 
5.5095e-05 
5.55538e-05 
5.54036e-05 
5.50775e-05 
5.50659e-05 
5.50659e-05 
5.50659e-05 
5.58107e-05 
5.65599e-05 
5.61875e-05 
5.77455e-05 
5.74406e-05 
6.18043e-05 
5.50659e-05 
5.50659e-05 
5.5075e-05 
6.26478e-05 
5.50659e-05 
5.50664e-05 
5.50667e-05 
5.51375e-05 
5.50659e-05 
5.73015e-05 
5.75905e-05 
5.68996e-05 
5.57768e-05 
5.50661e-05 
5.5066e-05 
5.9333e-05 
5.50659e-05 
5.50783e-05 
5.50659e-05 
5.5373e-05 
6.53276e-05 
5.50659e-05 
5.50659e-05 
6.78763e-05 
6.70857e-05 
6.72067e-05 
5.50659e-05 
5.50659e-05 
5.50918e-05 
5.50904e-05 
5.50659e-05 
5.50659e-05 
5.50659e-05 
5.51011e-05 
5.50659e-05 
5.52881e-05 
5.52155e-05 
5.50659e-05 
5.76562e-05 
5.74916e-05 
5.72314e-05 
5.52898e-05 
5.5066e-05 
5.5066e-05 
6.08879e-05 
6.04724e-05 
5.87861e-05 
5.57523e-05 
5.61571e-05 
5.5066e-05 
5.5072e-05 
5.50659e-05 
6.44953e-05 
6.38779e-05 
5.50659e-05 
6.12559e-05 
5.51408e-05 
5.50659e-05 
6.54561e-05 
5.51219e-05 
5.50659e-05 
5.50659e-05 
5.54908e-05 
5.50659e-05 
5.50659e-05 
5.51018e-05 
5.50659e-05 
5.50659e-05 
5.50692e-05 
5.50659e-05 
5.50659e-05 
5.50664e-05 
5.50659e-05 
5.50659e-05 
5.9176e-05 
5.87107e-05 
5.5066e-05 
5.50659e-05 
5.50659e-05 
5.50659e-05 
5.50659e-05 
5.50659e-05 
5.56259e-05 
5.50659e-05 
6.48303e-05 
6.36019e-05 
5.50697e-05 
5.50659e-05 
5.50659e-05 
5.5066e-05 
5.5066e-05 
6.59734e-05 
6.48938e-05 
6.56037e-05 
5.53544e-05 
5.54144e-05 
5.50955e-05 
5.50659e-05 
5.50659e-05 
6.23589e-05 
6.2767e-05 
6.34616e-05 
5.50659e-05 
5.50659e-05 
5.50659e-05 
5.5066e-05 
5.5066e-05 
5.9946e-05 
5.51036e-05 
5.50659e-05 
5.50659e-05 
5.50659e-05 
5.50659e-05 
5.94381e-05 
6.45249e-05 
5.50659e-05 
5.50795e-05 
5.50742e-05 
5.84613e-05 
5.81348e-05 
5.50664e-05 
5.50662e-05 
5.50909e-05 
5.51066e-05 
5.56188e-05 
5.58276e-05 
5.50659e-05 
5.50659e-05 
6.25323e-05 
5.50659e-05 
5.50659e-05 
5.50659e-05 
5.78927e-05 
5.85017e-05 
5.50659e-05 
5.50659e-05 
5.50659e-05 
6.30321e-05 
5.56552e-05 
5.54872e-05 
6.1101e-05 
6.03915e-05 
6.20953e-05 
5.50659e-05 
5.50659e-05 
5.50659e-05 
5.50659e-05 
5.50659e-05 
5.50659e-05 
5.56343e-05 
5.52517e-05 
5.50659e-05 
5.50659e-05 
5.62279e-05 
5.59625e-05 
5.66554e-05 
5.63429e-05 
5.62874e-05 
5.54615e-05 
5.92093e-05 
5.50659e-05 
5.50662e-05 
5.50663e-05 
5.5066e-05 
5.50659e-05 
6.06607e-05 
6.43365e-05 
6.39245e-05 
5.50659e-05 
5.50659e-05 
5.50659e-05 
5.50659e-05 
6.16535e-05 
5.50661e-05 
6.48895e-05 
6.17796e-05 
5.50659e-05 
6.41276e-05 
6.41009e-05 
5.56375e-05 
5.58083e-05 
5.50659e-05 
5.50659e-05 
5.81178e-05 
6.24573e-05 
5.50659e-05 
5.52883e-05 
6.55858e-05 
5.50659e-05 
5.52135e-05 
5.56165e-05 
5.53608e-05 
5.50661e-05 
5.95425e-05 
5.50659e-05 
5.50659e-05 
5.50659e-05 
5.5066e-05 
5.50661e-05 
6.19188e-05 
5.77178e-05 
5.74266e-05 
5.50659e-05 
6.1969e-05 
6.26917e-05 
5.50665e-05 
5.50659e-05 
5.87418e-05 
5.50659e-05 
5.50659e-05 
5.50659e-05 
5.50659e-05 
5.50709e-05 
5.50718e-05 
5.50743e-05 
5.91244e-05 
5.85525e-05 
5.50659e-05 
5.50659e-05 
5.55107e-05 
5.52731e-05 
5.50659e-05 
5.50659e-05 
6.01636e-05 
5.70612e-05 
5.5351e-05 
5.50659e-05 
5.5066e-05 
5.68679e-05 
5.664e-05 
5.98097e-05 
5.50659e-05 
5.7834e-05 
5.89738e-05 
5.83394e-05 
5.85416e-05 
5.50659e-05 
5.50667e-05 
6.08015e-05 
5.51289e-05 
5.50659e-05 
5.50662e-05 
5.52292e-05 
5.51276e-05 
5.50659e-05 
6.57107e-05 
6.49866e-05 
6.5204e-05 
5.50659e-05 
5.50659e-05 
5.50659e-05 
5.50659e-05 
6.14206e-05 
5.50664e-05 
5.50659e-05 
5.50659e-05 
5.50659e-05 
6.37064e-05 
5.50659e-05 
5.50659e-05 
5.50659e-05 
5.50659e-05 
5.50671e-05 
5.50659e-05 
5.50659e-05 
5.50659e-05 
5.94085e-05 
6.06508e-05 
5.50659e-05 
5.50659e-05 
5.50659e-05 
5.50659e-05 
5.50659e-05 
5.50659e-05 
5.50659e-05 
5.50659e-05 
5.50659e-05 
5.84955e-05 
5.89518e-05 
5.8294e-05 
5.87017e-05 
5.5066e-05 
5.50696e-05 
5.50685e-05 
6.14097e-05 
5.52423e-05 
5.50659e-05 
5.50659e-05 
5.50677e-05 
5.50659e-05 
5.50659e-05 
5.50659e-05 
5.50659e-05 
5.50659e-05 
5.50659e-05 
5.50739e-05 
5.50659e-05 
5.50659e-05 
5.53749e-05 
5.50956e-05 
5.50844e-05 
5.5066e-05 
5.5066e-05 
5.50659e-05 
5.50675e-05 
5.50679e-05 
5.50683e-05 
6.01811e-05 
6.06148e-05 
5.95075e-05 
5.50659e-05 
5.72566e-05 
5.53014e-05 
5.50659e-05 
5.5714e-05 
5.55279e-05 
5.53809e-05 
5.53135e-05 
5.52706e-05 
5.50659e-05 
5.66762e-05 
5.64694e-05 
5.67653e-05 
5.64248e-05 
5.50659e-05 
5.50659e-05 
5.50659e-05 
5.50659e-05 
5.55504e-05 
5.50669e-05 
5.50675e-05 
5.50659e-05 
5.50662e-05 
5.50659e-05 
5.50659e-05 
5.5066e-05 
5.50659e-05 
6.21775e-05 
5.50659e-05 
5.50659e-05 
5.50659e-05 
5.90993e-05 
5.51304e-05 
5.50659e-05 
5.50659e-05 
5.50659e-05 
5.50659e-05 
5.50661e-05 
5.70118e-05 
5.94534e-05 
5.64955e-05 
5.63134e-05 
5.62889e-05 
5.68849e-05 
5.50661e-05 
5.50662e-05 
5.74906e-05 
6.31343e-05 
5.55288e-05 
6.15553e-05 
5.5071e-05 
5.5106e-05 
5.7919e-05 
6.03092e-05 
6.08406e-05 
6.30194e-05 
6.31309e-05 
5.50659e-05 
5.53381e-05 
5.50664e-05 
6.36962e-05 
5.50659e-05 
5.50659e-05 
5.50659e-05 
5.50666e-05 
6.39392e-05 
6.35917e-05 
5.50659e-05 
5.5066e-05 
5.50659e-05 
6.31123e-05 
5.50659e-05 
5.50659e-05 
5.50659e-05 
6.2976e-05 
5.77611e-05 
5.74234e-05 
5.50659e-05 
5.50751e-05 
6.35815e-05 
5.50659e-05 
6.30548e-05 
6.01881e-05 
6.29275e-05 
5.50659e-05 
5.50659e-05 
5.50661e-05 
5.50662e-05 
5.50659e-05 
5.50659e-05 
5.52974e-05 
5.53366e-05 
5.50659e-05 
5.5194e-05 
5.52333e-05 
5.51499e-05 
5.50659e-05 
5.50659e-05 
5.50659e-05 
5.50661e-05 
5.50661e-05 
5.50662e-05 
5.78792e-05 
5.83426e-05 
5.50659e-05 
5.50659e-05 
5.50659e-05 
5.50659e-05 
5.56087e-05 
5.57712e-05 
5.50688e-05 
5.50659e-05 
5.50726e-05 
5.507e-05 
5.7113e-05 
5.69505e-05 
5.50661e-05 
5.5066e-05 
5.50659e-05 
5.50659e-05 
6.10324e-05 
6.16479e-05 
5.5203e-05 
5.50659e-05 
5.50659e-05 
5.50659e-05 
5.50788e-05 
5.50659e-05 
6.27336e-05 
6.31524e-05 
6.18842e-05 
6.04366e-05 
5.97554e-05 
5.99995e-05 
5.50659e-05 
5.50659e-05 
6.27602e-05 
5.50659e-05 
5.54098e-05 
5.50659e-05 
5.5067e-05 
5.50659e-05 
5.78303e-05 
5.75375e-05 
5.50659e-05 
5.50659e-05 
5.50659e-05 
5.50805e-05 
5.50659e-05 
5.50659e-05 
5.54861e-05 
5.50659e-05 
5.50659e-05 
5.50659e-05 
5.6981e-05 
5.74391e-05 
5.50659e-05 
5.68126e-05 
5.50659e-05 
5.50659e-05 
5.50659e-05 
5.50659e-05 
5.50659e-05 
5.50659e-05 
5.58682e-05 
5.56605e-05 
5.50659e-05 
5.50659e-05 
5.53105e-05 
5.5229e-05 
5.57559e-05 
5.55931e-05 
5.55766e-05 
5.50668e-05 
5.50673e-05 
5.50661e-05 
5.51867e-05 
5.52226e-05 
5.50659e-05 
6.0762e-05 
5.50659e-05 
5.50659e-05 
5.50659e-05 
5.50659e-05 
5.50659e-05 
5.50659e-05 
5.50659e-05 
5.50659e-05 
5.50659e-05 
5.50659e-05 
6.10557e-05 
5.50668e-05 
5.50659e-05 
5.50659e-05 
5.50659e-05 
5.50659e-05 
5.50666e-05 
5.50663e-05 
5.50659e-05 
5.50659e-05 
5.50659e-05 
5.50659e-05 
5.50659e-05 
5.50659e-05 
5.50659e-05 
5.50848e-05 
5.50886e-05 
5.50964e-05 
5.50686e-05 
5.5069e-05 
5.50715e-05 
5.50659e-05 
5.50659e-05 
5.50659e-05 
5.50659e-05 
5.87912e-05 
5.50659e-05 
5.80286e-05 
5.50663e-05 
5.55903e-05 
5.59294e-05 
5.78293e-05 
6.23761e-05 
5.50659e-05 
6.31157e-05 
5.50992e-05 
5.50659e-05 
5.52511e-05 
5.52081e-05 
5.50659e-05 
5.5195e-05 
5.50669e-05 
5.50659e-05 
5.52993e-05 
5.92552e-05 
5.50659e-05 
5.53665e-05 
5.75121e-05 
5.50659e-05 
5.50659e-05 
5.76195e-05 
5.71496e-05 
5.73117e-05 
5.50659e-05 
5.52841e-05 
5.50665e-05 
5.50659e-05 
5.50659e-05 
5.50659e-05 
6.20126e-05 
5.51771e-05 
5.50659e-05 
5.69636e-05 
5.50675e-05 
5.50659e-05 
5.51299e-05 
5.50955e-05 
5.86744e-05 
5.5066e-05 
5.86877e-05 
5.50659e-05 
5.50659e-05 
5.50853e-05 
5.50676e-05 
5.50672e-05 
5.51479e-05 
5.50659e-05 
5.50659e-05 
5.50659e-05 
5.50659e-05 
5.50659e-05 
5.52729e-05 
5.71017e-05 
5.50661e-05 
5.50659e-05 
5.50692e-05 
5.6231e-05 
5.59608e-05 
6.19852e-05 
6.15499e-05 
5.50661e-05 
5.50659e-05 
5.52757e-05 
5.51674e-05 
5.53393e-05 
5.50659e-05 
5.50811e-05 
5.50752e-05 
5.50659e-05 
5.50671e-05 
5.98158e-05 
5.50673e-05 
5.51353e-05 
5.60968e-05 
5.63048e-05 
5.60242e-05 
5.50659e-05 
5.50659e-05 
5.6859e-05 
5.71038e-05 
5.65064e-05 
5.68338e-05 
5.50659e-05 
5.85943e-05 
5.82641e-05 
6.18518e-05 
6.12434e-05 
6.14327e-05 
6.20862e-05 
5.50659e-05 
5.53606e-05 
5.5066e-05 
5.50659e-05 
5.50659e-05 
5.50659e-05 
5.50659e-05 
5.50664e-05 
5.50662e-05 
5.72048e-05 
5.50659e-05 
5.51982e-05 
5.51894e-05 
5.50659e-05 
5.50659e-05 
5.50659e-05 
5.50659e-05 
5.50659e-05 
5.50659e-05 
5.50659e-05 
5.50659e-05 
5.5066e-05 
5.50659e-05 
5.50659e-05 
5.50665e-05 
5.50663e-05 
5.54229e-05 
5.58355e-05 
5.57206e-05 
5.50662e-05 
5.50665e-05 
5.50666e-05 
6.25245e-05 
5.6763e-05 
5.50666e-05 
5.50659e-05 
6.20757e-05 
6.18134e-05 
5.50866e-05 
5.50659e-05 
5.50659e-05 
5.52215e-05 
5.50659e-05 
5.50659e-05 
5.50659e-05 
5.50659e-05 
5.50659e-05 
5.50659e-05 
5.66062e-05 
5.50659e-05 
5.50659e-05 
5.60666e-05 
5.50659e-05 
5.6744e-05 
5.65162e-05 
5.88679e-05 
5.50659e-05 
5.50659e-05 
5.50659e-05 
5.50723e-05 
5.50659e-05 
6.15471e-05 
5.9284e-05 
5.50662e-05 
5.50659e-05 
5.50666e-05 
5.50671e-05 
5.51151e-05 
5.5071e-05 
5.50736e-05 
5.50659e-05 
5.50659e-05 
5.52317e-05 
5.52625e-05 
5.51362e-05 
5.51589e-05 
5.51106e-05 
5.50659e-05 
5.50659e-05 
5.51229e-05 
5.76294e-05 
5.78809e-05 
5.76836e-05 
5.50997e-05 
5.50659e-05 
5.50659e-05 
5.84606e-05 
5.79265e-05 
5.52663e-05 
5.50673e-05 
5.75101e-05 
5.70298e-05 
5.73338e-05 
5.50659e-05 
5.50689e-05 
5.63395e-05 
5.62014e-05 
5.5066e-05 
5.50659e-05 
6.16376e-05 
6.20485e-05 
5.50659e-05 
5.50659e-05 
5.5132e-05 
5.50683e-05 
5.50659e-05 
5.50659e-05 
5.50659e-05 
5.58307e-05 
5.50659e-05 
5.50659e-05 
5.50699e-05 
5.50711e-05 
5.50724e-05 
5.65174e-05 
5.59986e-05 
5.6558e-05 
5.59478e-05 
5.52845e-05 
5.50659e-05 
5.50659e-05 
5.50659e-05 
5.51461e-05 
6.17024e-05 
5.50659e-05 
5.55869e-05 
5.80219e-05 
5.83088e-05 
5.50659e-05 
5.50659e-05 
5.50659e-05 
5.50659e-05 
5.50659e-05 
5.50659e-05 
5.50659e-05 
5.50659e-05 
5.50659e-05 
5.63735e-05 
5.50659e-05 
5.51171e-05 
5.50705e-05 
6.12639e-05 
6.12001e-05 
5.50659e-05 
5.50659e-05 
5.50679e-05 
5.50659e-05 
5.50659e-05 
5.50659e-05 
5.50659e-05 
5.50659e-05 
5.54366e-05 
5.51764e-05 
5.52002e-05 
5.88783e-05 
5.50684e-05 
5.50699e-05 
5.95331e-05 
6.00657e-05 
5.50659e-05 
5.50691e-05 
5.50678e-05 
5.50659e-05 
5.50659e-05 
5.50659e-05 
5.50659e-05 
5.50659e-05 
6.03811e-05 
5.50659e-05 
5.50659e-05 
5.50659e-05 
5.50659e-05 
5.92768e-05 
5.50659e-05 
5.50659e-05 
5.50659e-05 
5.90799e-05 
5.50692e-05 
5.93652e-05 
5.94871e-05 
5.87278e-05 
5.50827e-05 
5.50659e-05 
5.50659e-05 
5.53202e-05 
5.54461e-05 
5.5665e-05 
5.5066e-05 
6.0359e-05 
6.09404e-05 
5.50659e-05 
5.51675e-05 
5.51432e-05 
5.56085e-05 
5.81041e-05 
5.85367e-05 
5.50676e-05 
5.50659e-05 
5.50659e-05 
5.51517e-05 
5.61696e-05 
5.5076e-05 
5.50665e-05 
5.50659e-05 
5.50693e-05 
5.50659e-05 
5.50786e-05 
5.50659e-05 
6.06901e-05 
5.50659e-05 
5.5066e-05 
5.52511e-05 
5.50661e-05 
5.78105e-05 
5.50874e-05 
5.50815e-05 
5.5109e-05 
5.5066e-05 
5.5066e-05 
5.50661e-05 
5.50659e-05 
5.71849e-05 
5.69407e-05 
5.52339e-05 
5.50664e-05 
5.50668e-05 
5.50665e-05 
5.50668e-05 
5.50667e-05 
5.50659e-05 
5.50659e-05 
5.50659e-05 
5.50659e-05 
5.50659e-05 
5.51327e-05 
5.50661e-05 
5.50659e-05 
5.51502e-05 
5.50659e-05 
5.50659e-05 
5.50662e-05 
5.55272e-05 
5.54529e-05 
5.50659e-05 
5.50659e-05 
5.50659e-05 
5.50659e-05 
5.51269e-05 
5.50743e-05 
5.50795e-05 
5.50659e-05 
5.50659e-05 
5.50659e-05 
5.50664e-05 
5.50667e-05 
5.51075e-05 
5.50867e-05 
5.51233e-05 
5.50664e-05 
5.50667e-05 
5.73604e-05 
5.50659e-05 
5.53476e-05 
5.50711e-05 
5.59207e-05 
5.57025e-05 
5.50734e-05 
5.50761e-05 
5.50704e-05 
5.50661e-05 
5.5066e-05 
5.50659e-05 
5.5066e-05 
6.06831e-05 
5.50659e-05 
5.52661e-05 
5.76072e-05 
5.73673e-05 
5.50663e-05 
5.96744e-05 
5.53825e-05 
5.52814e-05 
5.51721e-05 
5.50659e-05 
5.85055e-05 
5.79669e-05 
5.75361e-05 
5.76804e-05 
5.63068e-05 
5.6188e-05 
5.65048e-05 
5.50659e-05 
5.50659e-05 
5.50659e-05 
5.50659e-05 
5.50659e-05 
5.50659e-05 
5.50659e-05 
5.50731e-05 
5.50773e-05 
5.52646e-05 
5.50662e-05 
5.50662e-05 
5.50664e-05 
5.51681e-05 
5.94545e-05 
5.50659e-05 
5.52941e-05 
5.50666e-05 
6.07931e-05 
5.50672e-05 
5.50659e-05 
5.50659e-05 
5.80575e-05 
5.55204e-05 
5.56949e-05 
6.0303e-05 
5.60236e-05 
5.50659e-05 
5.50659e-05 
5.50659e-05 
5.50659e-05 
5.50659e-05 
5.50659e-05 
5.50662e-05 
5.50802e-05 
5.50659e-05 
5.50659e-05 
5.89853e-05 
5.50659e-05 
5.50659e-05 
5.66386e-05 
5.64241e-05 
5.50659e-05 
5.50719e-05 
5.50659e-05 
5.5445e-05 
5.53864e-05 
5.60608e-05 
5.59193e-05 
5.50659e-05 
5.50748e-05 
5.50659e-05 
6.02552e-05 
5.50659e-05 
5.70763e-05 
5.69222e-05 
5.50684e-05 
5.507e-05 
5.61602e-05 
5.50659e-05 
5.70082e-05 
5.52101e-05 
5.51027e-05 
5.51151e-05 
5.50888e-05 
5.51757e-05 
5.50671e-05 
5.50659e-05 
5.50659e-05 
5.51495e-05 
5.83232e-05 
5.50659e-05 
5.50756e-05 
5.50659e-05 
5.50659e-05 
5.50659e-05 
5.64819e-05 
6.05672e-05 
5.57492e-05 
5.56235e-05 
5.77128e-05 
5.72458e-05 
6.03835e-05 
6.0341e-05 
5.87201e-05 
5.50659e-05 
5.50659e-05 
5.50659e-05 
5.50659e-05 
5.50659e-05 
5.50659e-05 
5.50659e-05 
5.50784e-05 
5.50659e-05 
6.04948e-05 
6.01734e-05 
5.59822e-05 
5.56761e-05 
5.59856e-05 
5.50659e-05 
5.50659e-05 
5.56187e-05 
5.54609e-05 
5.50659e-05 
5.71608e-05 
5.50659e-05 
5.50659e-05 
5.50659e-05 
5.50665e-05 
5.50659e-05 
6.1112e-05 
5.50887e-05 
5.98973e-05 
5.50659e-05 
6.07158e-05 
5.50659e-05 
5.88358e-05 
5.50659e-05 
5.50659e-05 
5.89806e-05 
5.50674e-05 
5.50668e-05 
5.50659e-05 
5.63714e-05 
5.65716e-05 
5.60768e-05 
5.50659e-05 
5.50659e-05 
5.50659e-05 
5.50666e-05 
5.50659e-05 
5.50659e-05 
5.50659e-05 
6.0287e-05 
5.97534e-05 
5.9964e-05 
5.50659e-05 
5.50659e-05 
5.50659e-05 
5.50659e-05 
5.50659e-05 
5.55923e-05 
5.50659e-05 
5.50659e-05 
5.82065e-05 
5.7812e-05 
5.79172e-05 
5.57815e-05 
5.50659e-05 
5.50855e-05 
5.52845e-05 
5.5417e-05 
5.82686e-05 
5.50675e-05 
5.53257e-05 
5.50659e-05 
5.57161e-05 
5.50659e-05 
5.50674e-05 
5.50681e-05 
5.50659e-05 
5.5119e-05 
5.51058e-05 
5.50659e-05 
5.51555e-05 
5.50659e-05 
5.50659e-05 
5.50659e-05 
5.50659e-05 
5.50659e-05 
5.58168e-05 
5.66228e-05 
5.64231e-05 
5.50678e-05 
5.5069e-05 
5.50659e-05 
5.50659e-05 
5.95669e-05 
5.98862e-05 
5.50676e-05 
5.50673e-05 
5.50678e-05 
5.67072e-05 
5.65898e-05 
5.50659e-05 
5.50659e-05 
5.50659e-05 
5.5066e-05 
5.50659e-05 
5.50908e-05 
5.50659e-05 
5.50659e-05 
5.50659e-05 
5.52855e-05 
5.52453e-05 
5.56668e-05 
5.50793e-05 
6.04319e-05 
5.50659e-05 
5.51508e-05 
5.50662e-05 
5.6631e-05 
5.50659e-05 
5.50659e-05 
5.50659e-05 
5.50659e-05 
5.50659e-05 
5.50659e-05 
5.74582e-05 
5.50659e-05 
5.50659e-05 
5.50659e-05 
5.5066e-05 
5.50659e-05 
5.50778e-05 
5.50883e-05 
5.50661e-05 
5.68036e-05 
5.50659e-05 
5.50659e-05 
5.50659e-05 
5.85637e-05 
5.50659e-05 
5.50659e-05 
5.52439e-05 
5.51827e-05 
5.50659e-05 
5.50659e-05 
5.50659e-05 
5.50659e-05 
5.50659e-05 
5.6306e-05 
5.50659e-05 
5.50659e-05 
5.63205e-05 
5.50672e-05 
5.5066e-05 
5.51573e-05 
5.50659e-05 
5.97401e-05 
5.50659e-05 
5.50665e-05 
5.50684e-05 
5.84751e-05 
5.89327e-05 
5.79804e-05 
5.50659e-05 
5.5066e-05 
5.5066e-05 
5.50659e-05 
5.50659e-05 
5.50659e-05 
5.50659e-05 
5.50659e-05 
5.54245e-05 
5.50659e-05 
5.50659e-05 
5.50659e-05 
5.55451e-05 
5.50659e-05 
5.58756e-05 
5.50659e-05 
5.50659e-05 
5.64641e-05 
5.50665e-05 
5.50659e-05 
5.50659e-05 
5.50659e-05 
5.73283e-05 
5.56314e-05 
5.59683e-05 
5.57501e-05 
5.58298e-05 
5.57083e-05 
5.52474e-05 
5.52163e-05 
5.64693e-05 
5.94756e-05 
5.64381e-05 
5.63063e-05 
5.5074e-05 
5.50793e-05 
5.50659e-05 
5.50662e-05 
5.50681e-05 
5.51485e-05 
5.5069e-05 
5.50686e-05 
5.93543e-05 
5.50741e-05 
5.50676e-05 
5.70501e-05 
5.66695e-05 
5.50659e-05 
5.50659e-05 
5.50659e-05 
5.50659e-05 
5.50659e-05 
5.50659e-05 
5.50659e-05 
5.56212e-05 
5.50659e-05 
5.51145e-05 
5.50659e-05 
5.50659e-05 
5.50659e-05 
5.50659e-05 
5.50659e-05 
5.50659e-05 
5.93549e-05 
5.91491e-05 
5.72064e-05 
5.69879e-05 
5.50659e-05 
5.5066e-05 
5.5374e-05 
5.56377e-05 
5.5427e-05 
5.50781e-05 
5.50659e-05 
5.50659e-05 
5.5066e-05 
5.50659e-05 
5.50922e-05 
5.53997e-05 
5.52925e-05 
5.50659e-05 
5.50659e-05 
5.50659e-05 
5.50819e-05 
5.51137e-05 
5.50662e-05 
5.59635e-05 
5.5734e-05 
5.50659e-05 
5.50695e-05 
5.50708e-05 
5.5068e-05 
5.50666e-05 
5.50663e-05 
5.59264e-05 
5.72543e-05 
5.76231e-05 
5.50659e-05 
5.50659e-05 
5.50659e-05 
5.71092e-05 
5.88289e-05 
5.50659e-05 
5.52792e-05 
5.53169e-05 
5.50659e-05 
5.50659e-05 
5.50659e-05 
5.50659e-05 
5.50704e-05 
5.50696e-05 
5.50669e-05 
5.50659e-05 
5.50659e-05 
5.51022e-05 
5.50659e-05 
5.66041e-05 
5.50659e-05 
5.50659e-05 
5.50659e-05 
5.50659e-05 
5.70758e-05 
5.68598e-05 
5.69417e-05 
5.50678e-05 
5.50696e-05 
5.50659e-05 
5.50659e-05 
5.50659e-05 
5.51226e-05 
5.50659e-05 
5.50659e-05 
5.50659e-05 
5.51086e-05 
5.50709e-05 
5.91816e-05 
5.5066e-05 
5.51817e-05 
5.50659e-05 
5.50659e-05 
5.53615e-05 
5.54857e-05 
5.53681e-05 
5.50659e-05 
5.50659e-05 
5.5066e-05 
5.5067e-05 
5.50659e-05 
5.84659e-05 
5.54775e-05 
5.62185e-05 
5.5161e-05 
5.5322e-05 
5.96293e-05 
5.50727e-05 
5.50763e-05 
5.50659e-05 
5.92089e-05 
5.53694e-05 
5.50662e-05 
5.50906e-05 
5.50843e-05 
5.97415e-05 
5.95043e-05 
5.51352e-05 
5.50771e-05 
5.5066e-05 
5.5066e-05 
5.5066e-05 
5.90935e-05 
5.91606e-05 
5.86175e-05 
5.84655e-05 
5.50747e-05 
5.8762e-05 
5.51086e-05 
5.50659e-05 
5.50692e-05 
5.50992e-05 
5.50659e-05 
5.54207e-05 
5.51148e-05 
5.50659e-05 
5.91389e-05 
5.86758e-05 
5.88938e-05 
5.50659e-05 
5.65268e-05 
5.50659e-05 
5.50659e-05 
5.50659e-05 
5.50701e-05 
5.50711e-05 
5.50732e-05 
5.50923e-05 
5.50856e-05 
5.50659e-05 
5.50659e-05 
5.5066e-05 
5.50659e-05 
5.77341e-05 
5.79702e-05 
5.72776e-05 
5.50659e-05 
5.507e-05 
5.50713e-05 
5.50721e-05 
5.66274e-05 
5.50659e-05 
5.52036e-05 
5.60682e-05 
5.50659e-05 
5.50659e-05 
5.5111e-05 
5.50659e-05 
5.50659e-05 
5.51601e-05 
5.51252e-05 
5.85366e-05 
5.83959e-05 
5.50931e-05 
5.50659e-05 
5.50659e-05 
5.67304e-05 
5.61223e-05 
5.50659e-05 
5.52058e-05 
5.5095e-05 
5.52682e-05 
5.86536e-05 
5.51831e-05 
5.50659e-05 
5.50659e-05 
5.50659e-05 
5.50659e-05 
5.81759e-05 
5.50659e-05 
5.50679e-05 
5.5317e-05 
5.50779e-05 
5.50659e-05 
5.50659e-05 
5.50659e-05 
5.50659e-05 
5.59385e-05 
5.58324e-05 
5.50659e-05 
5.50659e-05 
5.6359e-05 
5.50672e-05 
5.50659e-05 
5.50659e-05 
5.84594e-05 
5.55548e-05 
5.50662e-05 
5.51459e-05 
5.51299e-05 
5.51841e-05 
5.61559e-05 
5.50712e-05 
5.50698e-05 
5.52756e-05 
5.50659e-05 
5.6158e-05 
5.50659e-05 
5.5066e-05 
5.5066e-05 
5.50661e-05 
5.50659e-05 
5.50659e-05 
5.50659e-05 
5.50726e-05 
5.51591e-05 
5.51327e-05 
5.5066e-05 
5.50659e-05 
5.50659e-05 
5.50659e-05 
5.50659e-05 
5.50659e-05 
5.50659e-05 
5.50659e-05 
5.53582e-05 
5.54673e-05 
5.50659e-05 
5.50659e-05 
5.50757e-05 
5.50659e-05 
5.50659e-05 
5.50659e-05 
5.59981e-05 
5.59389e-05 
5.61804e-05 
5.52527e-05 
5.5188e-05 
5.5181e-05 
5.60354e-05 
5.57739e-05 
5.56463e-05 
5.548e-05 
5.50659e-05 
5.50659e-05 
5.50675e-05 
5.50682e-05 
5.50668e-05 
5.50659e-05 
5.50659e-05 
5.50659e-05 
5.74214e-05 
5.78019e-05 
5.5066e-05 
5.5066e-05 
5.5067e-05 
5.51419e-05 
5.53145e-05 
5.50659e-05 
5.5066e-05 
5.50659e-05 
5.50659e-05 
5.50702e-05 
5.5066e-05 
5.50936e-05 
5.50659e-05 
5.64092e-05 
5.6256e-05 
5.65058e-05 
5.62014e-05 
5.64616e-05 
5.67498e-05 
5.50659e-05 
5.62625e-05 
5.60154e-05 
5.61192e-05 
5.52318e-05 
5.50659e-05 
5.50659e-05 
5.50659e-05 
5.50659e-05 
5.51765e-05 
5.50659e-05 
5.5066e-05 
5.5066e-05 
5.50738e-05 
5.50659e-05 
5.50659e-05 
5.50659e-05 
5.50774e-05 
5.50659e-05 
5.50661e-05 
5.50678e-05 
5.53995e-05 
5.55085e-05 
5.50659e-05 
5.50868e-05 
5.50659e-05 
5.50659e-05 
5.50659e-05 
5.81264e-05 
5.80843e-05 
5.5283e-05 
5.76499e-05 
5.54154e-05 
5.52618e-05 
5.52229e-05 
5.50785e-05 
5.50696e-05 
5.52377e-05 
5.50685e-05 
5.50701e-05 
5.50693e-05 
5.51125e-05 
5.56572e-05 
5.50664e-05 
5.51876e-05 
5.51729e-05 
5.50659e-05 
5.50873e-05 
5.50659e-05 
5.50895e-05 
5.50659e-05 
5.50659e-05 
5.50659e-05 
5.50662e-05 
5.50659e-05 
5.50659e-05 
5.51073e-05 
5.50709e-05 
5.52301e-05 
5.51868e-05 
5.51992e-05 
5.50659e-05 
5.50659e-05 
5.54256e-05 
5.50805e-05 
5.50962e-05 
5.50763e-05 
5.50659e-05 
5.50659e-05 
5.50659e-05 
5.50668e-05 
5.50659e-05 
5.5066e-05 
5.5066e-05 
5.50661e-05 
5.50661e-05 
5.50659e-05 
5.50659e-05 
5.50659e-05 
5.50659e-05 
5.52029e-05 
5.50661e-05 
5.57659e-05 
5.50659e-05 
5.57963e-05 
5.56712e-05 
5.60044e-05 
5.5066e-05 
5.50659e-05 
5.50659e-05 
5.50659e-05 
5.50659e-05 
5.50672e-05 
5.50659e-05 
5.50661e-05 
5.5066e-05 
5.50661e-05 
5.50661e-05 
5.50753e-05 
5.50742e-05 
5.50811e-05 
5.50875e-05 
5.50659e-05 
5.50659e-05 
5.50659e-05 
5.50664e-05 
5.50669e-05 
5.80395e-05 
5.51128e-05 
5.50945e-05 
5.78343e-05 
5.77013e-05 
5.50659e-05 
5.50659e-05 
5.51052e-05 
5.5076e-05 
5.52752e-05 
5.50716e-05 
5.50719e-05 
5.50753e-05 
5.50659e-05 
5.74568e-05 
5.50659e-05 
5.50661e-05 
5.50659e-05 
5.52302e-05 
5.52918e-05 
5.50659e-05 
5.50756e-05 
5.50659e-05 
5.55758e-05 
5.55035e-05 
5.57167e-05 
5.50659e-05 
5.50683e-05 
5.50659e-05 
5.50659e-05 
5.55658e-05 
5.51054e-05 
5.68925e-05 
5.58183e-05 
5.77367e-05 
5.51276e-05 
5.50659e-05 
5.5885e-05 
5.51329e-05 
5.50663e-05 
5.50659e-05 
5.51444e-05 
5.50957e-05 
5.50659e-05 
5.5066e-05 
5.5066e-05 
5.50659e-05 
5.50666e-05 
5.50659e-05 
5.51639e-05 
5.50659e-05 
5.50659e-05 
5.50659e-05 
5.50659e-05 
5.50659e-05 
5.51613e-05 
5.50786e-05 
5.50659e-05 
5.50659e-05 
5.50895e-05 
5.50659e-05 
5.50659e-05 
5.81932e-05 
5.79808e-05 
5.75987e-05 
5.77885e-05 
5.50659e-05 
5.54138e-05 
5.54975e-05 
5.53038e-05 
5.51477e-05 
5.50659e-05 
5.50715e-05 
5.507e-05 
5.51632e-05 
5.51272e-05 
5.51495e-05 
5.50659e-05 
5.50659e-05 
5.50788e-05 
5.57129e-05 
5.50875e-05 
5.6587e-05 
5.50659e-05 
5.50659e-05 
5.50662e-05 
5.50661e-05 
5.50659e-05 
5.5066e-05 
5.50659e-05 
5.51215e-05 
5.58104e-05 
5.57066e-05 
5.58823e-05 
5.60891e-05 
5.70755e-05 
5.67097e-05 
5.50659e-05 
5.50659e-05 
5.50662e-05 
5.50659e-05 
5.50659e-05 
5.51106e-05 
5.74531e-05 
5.72935e-05 
5.50659e-05 
5.59222e-05 
5.60893e-05 
5.58468e-05 
5.50659e-05 
5.50663e-05 
5.51151e-05 
5.50659e-05 
5.50659e-05 
5.50661e-05 
5.50662e-05 
5.50659e-05 
5.54927e-05 
5.50661e-05 
5.5066e-05 
5.5066e-05 
5.67292e-05 
5.70454e-05 
5.54861e-05 
5.54335e-05 
5.50659e-05 
5.50972e-05 
5.56717e-05 
5.50744e-05 
5.55735e-05 
5.50659e-05 
5.50659e-05 
5.50659e-05 
5.50659e-05 
5.51071e-05 
5.53683e-05 
5.52655e-05 
5.53521e-05 
5.70151e-05 
5.5066e-05 
5.50757e-05 
5.50659e-05 
5.50696e-05 
5.50904e-05 
5.51049e-05 
5.50894e-05 
5.51298e-05 
5.50664e-05 
5.55247e-05 
5.6192e-05 
5.50675e-05 
5.50659e-05 
5.50659e-05 
5.50716e-05 
5.50702e-05 
5.50774e-05 
5.50756e-05 
5.50659e-05 
5.50676e-05 
5.50669e-05 
5.50659e-05 
5.50659e-05 
5.50659e-05 
5.5066e-05 
5.50659e-05 
5.50659e-05 
5.50659e-05 
5.50665e-05 
5.58113e-05 
5.5381e-05 
5.50833e-05 
5.50878e-05 
5.50789e-05 
5.50659e-05 
5.5732e-05 
5.73399e-05 
5.72655e-05 
5.69076e-05 
5.70891e-05 
5.50659e-05 
5.5079e-05 
5.50798e-05 
5.50659e-05 
5.50659e-05 
5.50659e-05 
5.50659e-05 
5.50659e-05 
5.50659e-05 
5.5066e-05 
5.508e-05 
5.50663e-05 
5.5066e-05 
5.50662e-05 
5.51628e-05 
5.53391e-05 
5.52954e-05 
5.5066e-05 
5.5082e-05 
5.50917e-05 
5.50659e-05 
5.50659e-05 
5.50659e-05 
5.53275e-05 
5.50659e-05 
5.50785e-05 
5.5076e-05 
5.5066e-05 
5.5066e-05 
5.54912e-05 
5.56233e-05 
5.54501e-05 
5.50659e-05 
5.59676e-05 
5.50659e-05 
5.50659e-05 
5.50659e-05 
5.50661e-05 
5.63127e-05 
5.50661e-05 
5.50659e-05 
5.50659e-05 
5.50659e-05 
5.50659e-05 
5.50659e-05 
5.50663e-05 
5.50665e-05 
5.50659e-05 
5.51411e-05 
5.50689e-05 
5.50661e-05 
5.50915e-05 
5.50663e-05 
5.50659e-05 
5.51323e-05 
5.5067e-05 
5.72246e-05 
5.6881e-05 
5.70719e-05 
5.50661e-05 
5.51358e-05 
5.51307e-05 
5.52602e-05 
5.51912e-05 
5.54318e-05 
5.50659e-05 
5.5066e-05 
5.51133e-05 
5.50945e-05 
5.54628e-05 
5.50659e-05 
5.50659e-05 
5.50659e-05 
5.5067e-05 
5.50659e-05 
5.50659e-05 
5.5516e-05 
5.65642e-05 
5.67352e-05 
5.62624e-05 
5.50702e-05 
5.50659e-05 
5.50667e-05 
5.50659e-05 
5.50659e-05 
5.50659e-05 
5.50659e-05 
5.50664e-05 
5.50666e-05 
5.50665e-05 
5.60705e-05 
5.50683e-05 
5.55908e-05 
5.5066e-05 
5.67852e-05 
5.57697e-05 
5.55809e-05 
5.50659e-05 
5.50659e-05 
5.50659e-05 
5.5403e-05 
5.50717e-05 
5.50665e-05 
5.50669e-05 
5.50659e-05 
5.50659e-05 
5.50663e-05 
5.6678e-05 
5.50659e-05 
5.50659e-05 
5.631e-05 
5.50659e-05 
5.51506e-05 
5.51952e-05 
5.50661e-05 
5.52924e-05 
5.52586e-05 
5.50663e-05 
5.50701e-05 
5.50659e-05 
5.50659e-05 
5.53133e-05 
5.50659e-05 
5.53134e-05 
5.6187e-05 
5.64448e-05 
5.50919e-05 
5.50659e-05 
5.50677e-05 
5.50684e-05 
5.50669e-05 
5.50659e-05 
5.50659e-05 
5.50659e-05 
5.50659e-05 
5.57803e-05 
5.5071e-05 
5.50662e-05 
5.50664e-05 
5.56885e-05 
5.50662e-05 
5.50661e-05 
5.50677e-05 
5.50659e-05 
5.50666e-05 
5.50666e-05 
5.50663e-05 
5.50663e-05 
5.50665e-05 
5.50659e-05 
5.53283e-05 
5.5066e-05 
5.50659e-05 
5.52247e-05 
5.50659e-05 
5.50659e-05 
5.50659e-05 
5.56164e-05 
5.5066e-05 
5.50963e-05 
5.50758e-05 
5.50659e-05 
5.50661e-05 
5.50662e-05 
5.50663e-05 
5.50726e-05 
5.50756e-05 
5.50715e-05 
5.51124e-05 
5.50659e-05 
5.50659e-05 
5.50659e-05 
5.50684e-05 
5.50678e-05 
5.64787e-05 
5.50845e-05 
5.50825e-05 
5.50659e-05 
5.55408e-05 
5.50666e-05 
5.50659e-05 
5.52676e-05 
5.53397e-05 
5.50659e-05 
5.50659e-05 
5.50666e-05 
5.50659e-05 
5.50659e-05 
5.50659e-05 
5.50659e-05 
5.52668e-05 
5.5067e-05 
5.52416e-05 
5.518e-05 
5.52211e-05 
5.50661e-05 
5.5698e-05 
5.50667e-05 
5.50663e-05 
5.50659e-05 
5.50659e-05 
5.50659e-05 
5.50659e-05 
5.50659e-05 
5.5609e-05 
5.50659e-05 
5.50677e-05 
5.50712e-05 
5.52027e-05 
5.5179e-05 
5.53982e-05 
5.65339e-05 
5.62525e-05 
5.64734e-05 
5.51116e-05 
5.50759e-05 
5.5075e-05 
5.50833e-05 
5.50659e-05 
5.50659e-05 
5.50659e-05 
5.50678e-05 
5.50671e-05 
5.65999e-05 
5.52456e-05 
5.50659e-05 
5.50672e-05 
5.60222e-05 
5.51643e-05 
5.51268e-05 
5.51168e-05 
5.50659e-05 
5.528e-05 
5.5069e-05 
5.50873e-05 
5.50785e-05 
5.52977e-05 
5.50659e-05 
5.50659e-05 
5.59656e-05 
5.51967e-05 
5.50683e-05 
5.50659e-05 
5.50969e-05 
5.50659e-05 
5.50659e-05 
5.50659e-05 
5.5066e-05 
5.50659e-05 
5.55127e-05 
5.53826e-05 
5.50661e-05 
5.50659e-05 
5.50675e-05 
5.54421e-05 
5.51006e-05 
5.609e-05 
5.50659e-05 
5.53445e-05 
5.50659e-05 
5.50659e-05 
5.50678e-05 
5.50691e-05 
5.50659e-05 
5.50659e-05 
5.50659e-05 
5.50659e-05 
5.50659e-05 
5.58813e-05 
5.50693e-05 
5.52474e-05 
5.50672e-05 
5.50664e-05 
5.50659e-05 
5.50659e-05 
5.50659e-05 
5.50659e-05 
5.50659e-05 
5.50672e-05 
5.57853e-05 
5.50893e-05 
5.54995e-05 
5.63146e-05 
5.50659e-05 
5.50659e-05 
5.50659e-05 
5.50659e-05 
5.50768e-05 
5.50669e-05 
5.51763e-05 
5.52174e-05 
5.51035e-05 
5.57808e-05 
5.5067e-05 
5.5067e-05 
5.50677e-05 
5.5111e-05 
5.50927e-05 
5.51359e-05 
5.5071e-05 
5.52228e-05 
5.50659e-05 
5.50932e-05 
5.59823e-05 
5.51596e-05 
5.50659e-05 
5.61981e-05 
5.50677e-05 
5.54297e-05 
5.53638e-05 
5.52834e-05 
5.53218e-05 
5.5066e-05 
5.50671e-05 
5.50674e-05 
5.50674e-05 
5.50668e-05 
5.50673e-05 
5.507e-05 
5.50682e-05 
5.51443e-05 
5.51921e-05 
5.50681e-05 
5.5068e-05 
5.50695e-05 
5.50659e-05 
5.50659e-05 
5.50659e-05 
5.50659e-05 
5.5067e-05 
5.51783e-05 
5.51597e-05 
5.50661e-05 
5.5066e-05 
5.50659e-05 
5.50659e-05 
5.50659e-05 
5.50659e-05 
5.50667e-05 
5.51112e-05 
5.5093e-05 
5.50804e-05 
5.50819e-05 
5.50902e-05 
5.50679e-05 
5.50662e-05 
5.50661e-05 
5.59587e-05 
5.51566e-05 
5.5126e-05 
5.51424e-05 
5.5074e-05 
5.54429e-05 
5.55667e-05 
5.51433e-05 
5.50678e-05 
5.50659e-05 
5.58697e-05 
5.50659e-05 
5.5131e-05 
5.51194e-05 
5.50766e-05 
5.50659e-05 
5.50659e-05 
5.5066e-05 
5.50661e-05 
5.50659e-05 
5.5071e-05 
5.5069e-05 
5.50712e-05 
5.50694e-05 
5.50749e-05 
5.52172e-05 
5.5384e-05 
5.50659e-05 
5.50659e-05 
5.55744e-05 
5.50665e-05 
5.50659e-05 
5.50669e-05 
5.50666e-05 
5.50659e-05 
5.50659e-05 
5.50663e-05 
5.5757e-05 
5.5069e-05 
5.50701e-05 
5.50659e-05 
5.50666e-05 
5.50669e-05 
5.50664e-05 
5.50665e-05 
5.50667e-05 
5.51305e-05 
5.50659e-05 
5.50659e-05 
5.50659e-05 
5.50718e-05 
5.50747e-05 
5.50659e-05 
5.5155e-05 
5.51897e-05 
5.50659e-05 
5.50694e-05 
5.50663e-05 
5.50793e-05 
5.50659e-05 
5.51124e-05 
5.50659e-05 
5.50659e-05 
5.50659e-05 
5.50659e-05 
5.50659e-05 
5.50659e-05 
5.50659e-05 
5.50659e-05 
5.50697e-05 
5.50683e-05 
5.50696e-05 
5.50659e-05 
5.52756e-05 
5.50659e-05 
5.50665e-05 
5.50692e-05 
5.5069e-05 
5.50715e-05 
5.50659e-05 
5.53538e-05 
5.50659e-05 
5.52623e-05 
5.50659e-05 
5.50659e-05 
5.51738e-05 
5.52698e-05 
5.50659e-05 
5.56268e-05 
5.51047e-05 
5.50676e-05 
5.50659e-05 
5.50659e-05 
5.51575e-05 
5.50671e-05 
5.50661e-05 
5.51194e-05 
5.51097e-05 
5.55217e-05 
5.50659e-05 
5.51719e-05 
5.54953e-05 
5.51214e-05 
5.51981e-05 
5.51688e-05 
5.50722e-05 
5.51033e-05 
5.51186e-05 
5.50659e-05 
5.50662e-05 
5.50659e-05 
5.5085e-05 
5.50774e-05 
5.5066e-05 
5.5066e-05 
5.50858e-05 
5.50979e-05 
5.53129e-05 
5.50659e-05 
5.50659e-05 
5.50659e-05 
5.50952e-05 
5.53627e-05 
5.50659e-05 
5.52437e-05 
5.50664e-05 
5.5072e-05 
5.50681e-05 
5.50812e-05 
5.50659e-05 
5.50659e-05 
5.50671e-05 
5.50707e-05 
5.50668e-05 
5.50666e-05 
5.53506e-05 
5.52777e-05 
5.53025e-05 
5.52088e-05 
5.51422e-05 
5.5136e-05 
5.54457e-05 
5.50677e-05 
5.50685e-05 
5.50663e-05 
5.50659e-05 
5.50659e-05 
5.50737e-05 
5.50756e-05 
5.50907e-05 
5.51973e-05 
5.50688e-05 
5.51144e-05 
5.50698e-05 
5.52268e-05 
5.5066e-05 
5.55948e-05 
5.50675e-05 
5.54596e-05 
5.50674e-05 
5.50671e-05 
5.5071e-05 
5.50709e-05 
5.51628e-05 
5.50851e-05 
5.50739e-05 
5.52996e-05 
5.5066e-05 
5.5066e-05 
5.50999e-05 
5.53279e-05 
5.51072e-05 
5.50758e-05 
5.50661e-05 
5.50805e-05 
5.51522e-05 
5.50659e-05 
5.51043e-05 
5.50724e-05 
5.5066e-05 
5.50693e-05 
5.50893e-05 
5.52165e-05 
5.51828e-05 
5.51227e-05 
5.50659e-05 
5.5066e-05 
5.5082e-05 
5.50659e-05 
5.50659e-05 
5.50659e-05 
5.51111e-05 
5.50666e-05 
5.50661e-05 
5.50864e-05 
5.50674e-05 
5.5068e-05 
5.50659e-05 
5.50659e-05 
5.50689e-05 
5.50662e-05 
5.50661e-05 
5.50664e-05 
5.5066e-05 
5.5066e-05 
5.50676e-05 
5.50659e-05 
5.50949e-05 
5.51414e-05 
5.51761e-05 
5.51026e-05 
5.50701e-05 
5.50822e-05 
5.50661e-05 
5.5066e-05 
5.50855e-05 
5.50766e-05 
5.50909e-05 
5.507e-05 
5.50703e-05 
5.50725e-05 
5.50659e-05 
5.50662e-05 
5.50663e-05 
5.50661e-05 
5.50659e-05 
5.51079e-05 
5.50666e-05 
5.52159e-05 
5.51884e-05 
5.51715e-05 
5.50672e-05 
5.50676e-05 
5.51217e-05 
5.5097e-05 
5.51031e-05 
5.50855e-05 
5.50659e-05 
5.5066e-05 
5.51073e-05 
5.5165e-05 
5.50676e-05 
5.5198e-05 
5.51608e-05 
5.51786e-05 
5.50691e-05 
5.51335e-05 
5.50727e-05 
5.51239e-05 
5.5068e-05 
5.5066e-05 
5.50661e-05 
5.5131e-05 
5.50736e-05 
5.50669e-05 
5.50754e-05 
5.50659e-05 
5.50661e-05 
5.5066e-05 
5.50687e-05 
5.51228e-05 
5.50734e-05 
5.51212e-05 
5.51389e-05 
5.50745e-05 
5.5066e-05 
5.511e-05 
5.50705e-05 
5.51011e-05 
5.50676e-05 
5.50743e-05 
5.51112e-05 
5.50664e-05 
5.50698e-05 
5.50711e-05 
5.50754e-05 
5.50659e-05 
5.50698e-05 
5.50741e-05 
5.50983e-05 
5.50948e-05 
5.50673e-05 
5.50675e-05 
5.50668e-05 
5.5066e-05 
5.5066e-05 
5.5066e-05 
5.50773e-05 
5.5069e-05 
5.5066e-05 
5.50694e-05 
5.50704e-05 
5.50746e-05 
5.51016e-05 
5.50767e-05 
5.50663e-05 
5.50746e-05 
5.50692e-05 
5.5066e-05 
5.50661e-05 
5.50926e-05 
5.5083e-05 
5.50665e-05 
5.50663e-05 
5.50671e-05 
5.50825e-05 
5.50687e-05 
5.5066e-05 
5.50744e-05 
5.51051e-05 
5.51225e-05 
5.50902e-05 
5.5066e-05 
5.50878e-05 
5.5066e-05 
5.50664e-05 
5.50722e-05 
5.5066e-05 
5.50662e-05 
5.50674e-05 
5.50752e-05 
5.50685e-05 
5.50661e-05 
5.50943e-05 
5.507e-05 
5.50767e-05 
5.508e-05 
5.50662e-05 
5.50791e-05 
5.50662e-05 
5.51444e-05 
5.50904e-05 
5.50661e-05 
5.50941e-05 
5.50661e-05 
5.50828e-05 
5.50848e-05 
5.51336e-05 
5.51252e-05 
5.51278e-05 
5.50727e-05 
5.50664e-05 
5.51033e-05 
5.50852e-05 
5.50817e-05 
5.50668e-05 
5.5073e-05 
5.50902e-05 
5.50887e-05 
5.50668e-05 
5.50836e-05 
5.50758e-05 
5.50934e-05 
