1.14777e+07 6.59593e+07 -9.17792e+07 
1.2121e+07 1.10521e+08 -1.52882e+08 
1.33529e+07 4.73242e+07 -6.45913e+07 
1.38677e+07 1.59272e+08 -2.16758e+08 
1.47044e+07 2.95423e+07 -4.01374e+07 
1.54681e+07 1.76661e+08 -2.4327e+08 
1.6209e+07 1.52402e+07 -2.12335e+07 
1.70976e+07 1.78816e+08 -2.4865e+08 
1.72785e+07 4.23532e+06 -5.29447e+06 
1.66753e+07 9.53313e+07 -1.25005e+08 
1.55512e+07 3.41839e+06 -4.44682e+06 
1.4246e+07 3.04458e+06 -4.23136e+06 
1.28445e+07 2.60221e+06 -3.85401e+06 
1.16489e+07 1.76544e+06 -3.36539e+06 
1.26651e+07 1.29975e+06 -4.4267e+06 
1.4676e+07 1.61398e+06 -4.83539e+06 
1.40424e+07 1.57625e+06 -3.41409e+06 
2.16127e+07 142551 -5.18374e+06 
2.79559e+07 4.43716e+06 -7.92564e+06 
2.89932e+07 6.8867e+06 -8.89114e+06 
2.75406e+07 6.92135e+06 -7.73686e+06 
2.74683e+07 6.5543e+06 -8.31886e+06 
2.7837e+07 6.90616e+06 -9.02919e+06 
2.84372e+07 7.12711e+06 -9.32659e+06 
2.95707e+07 6.88204e+06 -9.29626e+06 
3.08686e+07 6.62916e+06 -8.84753e+06 
3.13355e+07 6.28012e+06 -8.04846e+06 
3.1109e+07 5.71035e+06 -7.29823e+06 
3.10118e+07 5.07601e+06 -6.72365e+06 
3.11978e+07 4.58104e+06 -6.299e+06 
3.14905e+07 4.23583e+06 -5.9757e+06 
3.17619e+07 3.97722e+06 -5.69825e+06 
3.19288e+07 3.77817e+06 -5.39769e+06 
3.20447e+07 3.52309e+06 -5.01274e+06 
3.19622e+07 3.21758e+06 -4.5149e+06 
3.16343e+07 2.78708e+06 -3.9581e+06 
3.12281e+07 2.21743e+06 -3.42871e+06 
3.09732e+07 1.57707e+06 -3.02793e+06 
3.10832e+07 956251 -2.80718e+06 
3.16249e+07 457831 -2.72681e+06 
3.24248e+07 184615 -2.66924e+06 
3.30053e+07 210421 -2.52165e+06 
3.31033e+07 315601 -2.25305e+06 
3.26416e+07 738377 -1.90948e+06 
3.26053e+07 904161 -1.33425e+06 
3.3704e+07 597318 -910100 
3.41672e+07 494519 -721569 
3.3905e+07 727408 -584618 
3.32364e+07 930686 -417881 
1.97926e+07 560927 -717636 
1.82688e+07 -341890 1.38566e+06 
1.64924e+07 -841003 1.55772e+06 
1.50619e+07 -1.66301e+06 3.28279e+06 
1.36219e+07 -1.79162e+06 2.64089e+06 
1.27067e+07 -2.49187e+06 4.3444e+06 
1.14689e+07 -2.99767e+06 4.47045e+06 
1.07243e+07 -3.41125e+06 5.57435e+06 
1.01907e+07 -7.02103e+06 1.07475e+07 
9.3e+06 -6.94088e+06 1.17905e+07 
8.21833e+06 -6.33724e+06 9.85005e+06 
7.38332e+06 -5.31431e+06 7.91087e+06 
6.94524e+06 -4.38399e+06 6.75063e+06 
6.35654e+06 -3.54545e+06 5.65066e+06 
5.61023e+06 -2.37131e+06 3.95355e+06 
5.69396e+06 -2.26225e+06 2.96589e+06 
6.81942e+06 -2.805e+06 3.86035e+06 
8.48874e+06 -2.93992e+06 2.47463e+06 
9.41417e+06 -1.36164e+06 2.34007e+06 
1.57759e+07 -6.53359e+06 4.82925e+06 
2.71878e+07 -6.97374e+06 5.36592e+06 
2.77573e+07 -3.65066e+06 6.27506e+06 
2.55689e+07 -4.21094e+06 6.02426e+06 
2.60445e+07 -4.49199e+06 6.06089e+06 
2.64348e+07 -4.30256e+06 6.26677e+06 
2.6025e+07 -4.01083e+06 6.53264e+06 
2.52855e+07 -4.09913e+06 6.42988e+06 
2.48554e+07 -3.92016e+06 5.94554e+06 
2.45241e+07 -3.52132e+06 5.3516e+06 
2.44091e+07 -3.25568e+06 4.66857e+06 
2.47992e+07 -2.98325e+06 4.08573e+06 
2.54019e+07 -2.68213e+06 3.71337e+06 
2.59432e+07 -2.46316e+06 3.47692e+06 
2.64e+07 -2.28825e+06 3.30789e+06 
2.67644e+07 -2.16221e+06 3.0727e+06 
2.71041e+07 -1.97003e+06 2.75685e+06 
2.73187e+07 -1.6601e+06 2.32355e+06 
2.73907e+07 -1.27187e+06 1.82534e+06 
2.736e+07 -909047 1.38046e+06 
2.73895e+07 -681573 1.04211e+06 
2.76684e+07 -600057 832006 
2.82589e+07 -626149 761022 
2.90594e+07 -705888 752201 
2.98738e+07 -677723 643223 
3.09789e+07 -764835 261206 
3.21364e+07 -523151 -140735 
3.31737e+07 -364301 -81532 
3.37126e+07 -291506 29744.7 
3.36819e+07 -137789 206327 
3.40107e+07 -120171 -221295 
1.29935e+07 -1.42907e+06 2.70512e+06 
1.19727e+07 -908192 1.66971e+06 
1.12997e+07 -512578 1.05846e+06 
1.10897e+07 -33833.1 -108987 
1.17443e+07 266784 -793726 
1.30889e+07 866114 -2.31999e+06 
1.67937e+07 1.36086e+06 -4.79224e+06 
2.12322e+07 4.23829e+06 -7.23244e+06 
1.90733e+07 6.5354e+06 -6.26763e+06 
1.63645e+07 6.15491e+06 -6.92697e+06 
1.5496e+07 6.21834e+06 -7.95905e+06 
1.58269e+07 7.94682e+06 -1.18154e+07 
1.70854e+07 8.08062e+06 -1.19806e+07 
1.73783e+07 9.5762e+06 -1.25675e+07 
1.64616e+07 1.15887e+07 -1.35464e+07 
1.50535e+07 1.16282e+07 -1.28529e+07 
1.37619e+07 6.80416e+06 -7.49835e+06 
1.30488e+07 3.76908e+06 -4.74156e+06 
1.43534e+07 1.79294e+06 -2.73213e+06 
1.4915e+07 1.21827e+06 -2.51986e+06 
2.11055e+07 -1.26963e+06 -3.93253e+06 
2.92986e+07 1.04989e+06 -3.25728e+06 
2.75556e+07 1.81595e+06 -3.63414e+06 
2.78163e+07 2.32857e+06 -3.79368e+06 
2.94142e+07 1.98504e+06 -4.25301e+06 
3.07835e+07 2.68628e+06 -4.15487e+06 
2.98726e+07 2.93679e+06 -3.52705e+06 
2.88298e+07 2.25985e+06 -2.99791e+06 
2.85971e+07 1.89886e+06 -2.70596e+06 
2.86644e+07 1.66654e+06 -2.6776e+06 
2.91774e+07 1.42818e+06 -2.56684e+06 
2.96777e+07 1.24963e+06 -2.26698e+06 
2.98943e+07 1.08216e+06 -1.9875e+06 
3.01379e+07 893246 -1.85271e+06 
3.04401e+07 817975 -1.83031e+06 
3.07824e+07 811877 -1.76206e+06 
3.09373e+07 770935 -1.60537e+06 
3.10257e+07 636755 -1.48673e+06 
3.10362e+07 586086 -1.36223e+06 
3.08039e+07 550286 -1.23271e+06 
3.05184e+07 430649 -1.09977e+06 
3.03401e+07 279860 -936887 
3.03299e+07 100651 -770851 
3.06172e+07 -81473.6 -668876 
3.14437e+07 -269899 -838266 
3.32434e+07 -530299 -803183 
3.44996e+07 -34130.6 -488825 
3.37999e+07 418551 84847.9 
3.26493e+07 194322 510418 
3.27397e+07 -466248 219207 
1.13014e+07 91093.4 -559873 
1.16739e+07 263819 -521876 
1.18073e+07 319296 -575602 
1.20568e+07 210301 -447519 
1.26458e+07 -8401.73 -373842 
1.37701e+07 -390577 47943.7 
1.55481e+07 -1.25997e+06 722533 
2.06728e+07 -3.4849e+06 2.43775e+06 
2.34342e+07 -2.92788e+06 3.76397e+06 
2.20961e+07 -2.13034e+06 2.92799e+06 
2.14015e+07 -1.91986e+06 2.60518e+06 
2.05491e+07 -1.63788e+06 2.46349e+06 
1.99685e+07 -1.99913e+06 3.01469e+06 
1.94318e+07 -2.29148e+06 3.47755e+06 
1.8533e+07 -2.22775e+06 3.51493e+06 
1.68217e+07 -1.76019e+06 3.37578e+06 
1.48571e+07 -1.57291e+06 2.98159e+06 
1.36841e+07 -1.57178e+06 2.49389e+06 
1.27016e+07 -1.04782e+06 1.92006e+06 
1.19847e+07 -836084 1.52771e+06 
1.16844e+07 -735950 1.58361e+06 
1.34455e+07 -2.67896e+06 3.9351e+06 
1.61776e+07 -4.15884e+06 4.88321e+06 
1.99144e+07 -4.55544e+06 4.90504e+06 
2.29771e+07 -4.21799e+06 4.10142e+06 
2.76064e+07 -4.05415e+06 3.16438e+06 
3.0736e+07 -2.17484e+06 2.07755e+06 
3.01319e+07 -603290 1.43454e+06 
2.89233e+07 -587338 1.09844e+06 
2.87274e+07 -615592 852852 
2.89474e+07 -514437 790731 
2.90453e+07 -415556 880475 
2.89157e+07 -421731 910252 
2.89202e+07 -508688 776960 
2.93832e+07 -554947 573939 
3.00351e+07 -450982 432143 
3.04364e+07 -210452 430553 
3.06078e+07 -218676 301882 
3.10193e+07 -200693 123256 
3.14993e+07 -34329.9 -78764.4 
3.18202e+07 157787 -308004 
3.20508e+07 330980 -531891 
3.21993e+07 493802 -717950 
3.24393e+07 504342 -841291 
3.3096e+07 387160 -983449 
3.39982e+07 458425 -754071 
3.48928e+07 71188.5 -284409 
3.52471e+07 241545 -353971 
3.41663e+07 773849 -168469 
3.18655e+07 320606 449287 
1.17139e+07 7974.36 -246656 
1.22085e+07 -16832.8 -156794 
1.2563e+07 -16343.4 -124336 
1.28587e+07 -7636.92 -161118 
1.32684e+07 -50820 -212917 
1.39811e+07 -99679.2 -334605 
1.48339e+07 8917.01 -459252 
1.55713e+07 46728.4 -492592 
1.72136e+07 -385999 -224530 
1.79215e+07 152795 -186202 
1.73102e+07 491343 -345271 
1.6993e+07 342425 -338737 
1.71408e+07 331295 -612220 
1.78286e+07 435599 -1.16078e+06 
1.91037e+07 706842 -1.86731e+06 
2.04708e+07 1.28153e+06 -2.56044e+06 
2.03062e+07 2.37218e+06 -2.84765e+06 
1.97352e+07 2.30393e+06 -3.10936e+06 
2.02651e+07 2.06705e+06 -3.36642e+06 
2.03277e+07 2.59098e+06 -3.47017e+06 
2.02035e+07 2.44059e+06 -3.43852e+06 
2.01795e+07 2.36995e+06 -3.42985e+06 
2.03124e+07 2.22907e+06 -3.37884e+06 
2.0078e+07 2.19271e+06 -2.96184e+06 
1.99934e+07 1.7334e+06 -2.25121e+06 
2.08255e+07 652099 -1.16217e+06 
2.39255e+07 -1.33154e+06 -310878 
2.81449e+07 -1.06291e+06 -216240 
2.98772e+07 -51319.1 -786380 
3.09006e+07 454326 -1.2619e+06 
3.14951e+07 725606 -1.27166e+06 
3.13099e+07 863142 -1.0432e+06 
3.06419e+07 781945 -892990 
3.02096e+07 592701 -822198 
3.02052e+07 380156 -669286 
3.05818e+07 85584.6 -545700 
3.11153e+07 62972.5 -310158 
3.129e+07 40685.3 -315493 
3.15399e+07 -74540.8 -262300 
3.19354e+07 -208360 -127777 
3.2456e+07 -321453 -102518 
3.32017e+07 -366248 -218207 
3.39028e+07 -257428 -203945 
3.42553e+07 -109391 -171469 
3.49224e+07 -213659 -352053 
3.54567e+07 -4747.17 -143374 
3.47583e+07 75043.9 207746 
3.50577e+07 -399725 -47618.4 
3.52307e+07 -86957.6 234508 
3.41341e+07 1.55753e+06 182323 
1.25331e+07 53142.9 -344156 
1.2993e+07 81867.5 -338103 
1.33462e+07 120926 -345664 
1.3648e+07 142454 -364677 
1.40037e+07 137372 -415582 
1.45782e+07 68181.8 -454938 
1.54859e+07 -49071 -450586 
1.65274e+07 -75477.5 -406861 
1.72143e+07 1730.93 -309929 
1.78555e+07 -185771 2668.89 
1.84387e+07 -217336 88851 
1.88368e+07 -88190.5 -245643 
1.91594e+07 130062 -471417 
1.9953e+07 43721.2 -679579 
2.17981e+07 -183327 -953782 
2.41904e+07 -181976 -990251 
2.57266e+07 96244.1 -556181 
2.46698e+07 684487 -79665.8 
2.37053e+07 43077 21096.2 
2.40377e+07 -318411 192701 
2.41954e+07 -126503 88469.7 
2.36921e+07 131733 282413 
2.31259e+07 -58369.7 370326 
2.24766e+07 19303.2 559716 
2.14487e+07 -107374 444642 
2.03716e+07 225596 688021 
1.93322e+07 -321238 1.15111e+06 
2.02069e+07 -1.53887e+06 1.68831e+06 
2.20733e+07 -2.23787e+06 2.81905e+06 
2.43161e+07 -3.0424e+06 2.84899e+06 
2.65674e+07 -2.55567e+06 2.81548e+06 
2.76566e+07 -2.14421e+06 2.58209e+06 
2.79222e+07 -1.69636e+06 2.19964e+06 
2.79196e+07 -1.40699e+06 1.84268e+06 
2.8144e+07 -1.3194e+06 1.53589e+06 
2.85773e+07 -1.21804e+06 1.17743e+06 
2.90954e+07 -727511 1.16444e+06 
2.93182e+07 -823457 949845 
2.97816e+07 -722005 796980 
3.02492e+07 -590623 621003 
3.09083e+07 -554963 340142 
3.15955e+07 -332357 367101 
3.17929e+07 -288816 776738 
3.16651e+07 -630844 936010 
3.21866e+07 -898441 785961 
3.34013e+07 -947586 805465 
3.41453e+07 -516141 245912 
3.43255e+07 -97813.5 361493 
3.44564e+07 -379697 42478.5 
3.70958e+07 -1.07806e+06 -1.73682e+06 
1.28476e+07 -181830 -125784 
1.37019e+07 -153778 -309216 
1.4618e+07 4439.97 -507242 
1.53188e+07 208146 -615128 
1.57203e+07 325138 -587777 
1.60549e+07 263406 -528754 
1.67728e+07 78965.2 -593710 
1.80702e+07 -14469.1 -792211 
1.96358e+07 113986 -1.05168e+06 
2.07191e+07 525503 -1.26853e+06 
2.08409e+07 920938 -1.22597e+06 
2.11045e+07 695122 -1.26424e+06 
2.22421e+07 518217 -1.39558e+06 
2.30519e+07 676094 -1.3517e+06 
2.42076e+07 402666 -1.26639e+06 
2.60187e+07 34155.2 -935362 
2.70644e+07 75592.5 -232867 
2.67232e+07 177063 222841 
2.55983e+07 395761 -106947 
2.66387e+07 -358764 -812486 
2.77854e+07 423331 -607967 
2.83413e+07 -143237 -708812 
2.83736e+07 354341 -848557 
2.78632e+07 621531 -898924 
2.60428e+07 924923 -660856 
2.49529e+07 459148 -1.11713e+06 
2.34058e+07 1.80616e+06 -1.3265e+06 
2.16807e+07 1.57672e+06 -2.17876e+06 
2.11802e+07 1.15501e+06 -2.22653e+06 
2.34934e+07 1.4291e+06 -3.26501e+06 
2.58212e+07 1.95027e+06 -3.13921e+06 
2.70635e+07 1.81384e+06 -3.1089e+06 
2.77056e+07 2.20184e+06 -2.75219e+06 
2.76618e+07 2.21061e+06 -2.41259e+06 
2.76564e+07 1.93585e+06 -2.31343e+06 
2.87511e+07 1.58523e+06 -2.48126e+06 
3.04334e+07 1.77579e+06 -2.37938e+06 
3.06276e+07 1.64324e+06 -2.55647e+06 
3.1093e+07 1.70146e+06 -2.46974e+06 
3.16382e+07 1.60663e+06 -2.29618e+06 
3.1933e+07 1.68358e+06 -1.8115e+06 
3.10239e+07 1.27799e+06 -238867 
2.95379e+07 191808 330587 
2.87873e+07 -8191.39 211260 
2.88212e+07 -157648 143333 
2.89558e+07 -399607 446905 
3.03076e+07 -1.02019e+06 -83701.9 
3.36622e+07 -434145 -831099 
3.41062e+07 879010 -431827 
3.50954e+07 -1.79614e+06 -1.91803e+06 
1.36348e+07 184382 -621750 
1.45401e+07 126465 -639504 
1.55466e+07 32236 -487550 
1.63288e+07 -53940.2 -234279 
1.66997e+07 -74609 -41460.3 
1.68179e+07 -46012.7 -32471 
1.74052e+07 -155457 -325027 
1.92679e+07 -306870 -878693 
2.20653e+07 -151551 -1.36682e+06 
2.4728e+07 209498 -1.53376e+06 
2.6256e+07 646378 -1.39193e+06 
2.62281e+07 973929 -1.17907e+06 
2.63202e+07 504119 -967662 
2.72397e+07 154433 -759412 
2.74203e+07 444128 -580529 
2.71084e+07 250691 -217361 
2.81703e+07 -168438 -558573 
2.82394e+07 647721 -677285 
2.57997e+07 1.38644e+06 -58975 
2.23624e+07 508849 804596 
2.50396e+07 -1.99762e+06 -874259 
2.76096e+07 891315 -1.46963e+06 
3.01882e+07 732981 -2.62712e+06 
3.33261e+07 2.3769e+06 -3.61845e+06 
3.44663e+07 2.55807e+06 -3.7813e+06 
3.53868e+07 3.18507e+06 -4.52509e+06 
3.66767e+07 2.82243e+06 -4.26076e+06 
3.60145e+07 2.78177e+06 -3.7261e+06 
3.57753e+07 1.90979e+06 -2.57469e+06 
3.46725e+07 2.59734e+06 -445133 
3.39353e+07 -599313 2.60818e+06 
3.38032e+07 -2.05152e+06 4.25443e+06 
3.33782e+07 -4.90391e+06 5.37394e+06 
3.28357e+07 -5.44517e+06 5.59709e+06 
3.21599e+07 -5.28919e+06 5.38658e+06 
3.12783e+07 -5.16487e+06 5.83499e+06 
3.01749e+07 -6.70421e+06 6.94197e+06 
3.06202e+07 -6.61164e+06 7.60738e+06 
3.21483e+07 -6.11397e+06 7.58864e+06 
3.29996e+07 -5.6349e+06 7.16198e+06 
3.31047e+07 -4.71318e+06 7.07789e+06 
3.23491e+07 -3.13968e+06 3.21285e+06 
3.146e+07 -996867 438842 
3.14427e+07 -103537 -253212 
3.16761e+07 215606 -498498 
3.20208e+07 505145 -717671 
3.18386e+07 831691 -340230 
3.09262e+07 -2.77836e+06 229938 
3.81157e+07 -1.2962e+06 5.74622e+06 
3.34098e+07 5.63076e+06 5.2264e+06 
1.45473e+07 4928.15 -212673 
1.51687e+07 -137063 -154134 
1.62167e+07 -248160 -326181 
1.7775e+07 -143969 -820542 
1.936e+07 305379 -1.34985e+06 
2.03562e+07 797480 -1.60366e+06 
2.0845e+07 938466 -1.58675e+06 
2.19215e+07 501747 -1.46953e+06 
2.39619e+07 30219.3 -1.02439e+06 
2.57184e+07 -239279 -249642 
2.65415e+07 -426983 390373 
2.69941e+07 -466306 320844 
2.75865e+07 -108764 -466399 
2.90245e+07 359470 -1.40993e+06 
3.19914e+07 599690 -2.57958e+06 
3.6449e+07 1.07753e+06 -4.78508e+06 
3.76428e+07 4.08907e+06 -4.56893e+06 
3.90606e+07 2.95162e+06 -4.23177e+06 
3.95063e+07 2.36126e+06 -3.60774e+06 
3.78609e+07 3.35891e+06 -3.68429e+06 
3.33071e+07 3.99383e+06 -3.79265e+06 
3.29914e+07 1.49229e+06 1.73581e+06 
3.11868e+07 -1.27355e+06 5.45972e+06 
2.90137e+07 -6.92759e+06 1.12944e+07 
2.61914e+07 -1.86603e+07 2.32985e+07 
2.15177e+07 -3.2018e+07 5.08472e+07 
1.98481e+07 -2.77543e+07 4.71016e+07 
1.84659e+07 -2.54208e+07 4.19252e+07 
1.59202e+07 -2.81076e+07 4.57023e+07 
1.38888e+07 -3.38385e+07 4.92129e+07 
1.17276e+07 -3.44407e+07 4.537e+07 
1.02502e+07 -2.61677e+07 3.05019e+07 
9.44137e+06 -2.0489e+07 2.36979e+07 
8.95418e+06 -1.60755e+07 1.76323e+07 
8.80599e+06 -1.48971e+07 1.50348e+07 
8.55381e+06 -1.338e+07 1.261e+07 
8.13839e+06 -8.642e+06 7.0295e+06 
8.07977e+06 -6.96229e+06 6.7596e+06 
8.14419e+06 -7.1912e+06 8.3882e+06 
8.15452e+06 -8.08576e+06 7.90398e+06 
8.23933e+06 -1.01526e+07 9.67034e+06 
8.85223e+06 -1.27492e+07 1.2004e+07 
1.06776e+07 -1.60652e+07 1.49401e+07 
1.24199e+07 -1.82645e+07 1.95292e+07 
1.33439e+07 -1.95154e+07 2.27981e+07 
1.37477e+07 -1.95977e+07 2.4514e+07 
1.36289e+07 -1.72224e+07 2.47705e+07 
1.21573e+07 -8.04536e+06 2.28776e+07 
9.40786e+06 -5.07119e+06 2.35714e+07 
1.04524e+07 -3.6661e+07 5.62284e+07 
1.53812e+07 40490.7 -298979 
1.59323e+07 7320.68 -470233 
1.7185e+07 -87183.3 -812754 
1.95516e+07 -196753 -1.21209e+06 
2.22776e+07 -75256.5 -1.17616e+06 
2.39388e+07 134718 -752159 
2.45321e+07 215932 -515554 
2.54023e+07 173634 -968491 
2.76254e+07 267291 -1.83963e+06 
3.13622e+07 617506 -3.20897e+06 
3.5347e+07 1.93667e+06 -4.62249e+06 
3.67924e+07 3.45664e+06 -4.63192e+06 
3.65301e+07 3.34134e+06 -3.59202e+06 
3.45056e+07 2.05605e+06 -1.30822e+06 
3.21293e+07 -186651 1.61666e+06 
3.05408e+07 -2.63656e+06 5.05479e+06 
2.81572e+07 -8.58324e+06 1.84027e+07 
2.1849e+07 -1.87272e+07 3.19947e+07 
1.96987e+07 -2.01255e+07 3.5636e+07 
1.80315e+07 -1.46555e+07 2.55492e+07 
1.55935e+07 -1.31525e+07 2.25447e+07 
1.32894e+07 -1.19338e+07 1.97005e+07 
1.0513e+07 -1.02145e+07 1.62233e+07 
8.38109e+06 -3.76253e+06 6.98997e+06 
7.59046e+06 -908647 3.08006e+06 
7.52052e+06 -1.31307e+06 2.69818e+06 
7.53312e+06 -1.5596e+06 2.27207e+06 
7.44168e+06 -1.46344e+06 1.74186e+06 
7.31636e+06 -534638 658505 
7.20589e+06 -391600 355737 
7.17322e+06 -226441 140503 
7.28513e+06 -90996.4 47514.4 
7.32937e+06 -29074.5 11518.2 
7.34086e+06 -7558.52 14157.3 
7.33102e+06 -11445.6 16268.9 
7.33299e+06 -14587 9018.23 
7.33604e+06 -2321.08 -4170.79 
7.34403e+06 -412.183 -1816.72 
7.35643e+06 -9540.67 1962.57 
7.35423e+06 -1736.24 -5043.13 
7.35261e+06 -3879.84 -9014.31 
7.34975e+06 8861.92 3438.55 
7.31749e+06 36567.6 82410.1 
7.2942e+06 -76411.9 155401 
7.29354e+06 -102301 210775 
7.27552e+06 -72623.5 236822 
7.22074e+06 -77006.4 228292 
7.22794e+06 -180688 137007 
7.32399e+06 -102104 21216.5 
7.42513e+06 -28379.1 -78343.7 
1.57949e+07 -407577 -170247 
1.72503e+07 -252310 -634975 
1.91184e+07 -38357.9 -1.07122e+06 
2.20293e+07 -58162.6 -1.60116e+06 
2.60696e+07 66081.9 -2.18744e+06 
2.98911e+07 751192 -2.90678e+06 
3.24324e+07 1.84164e+06 -3.6364e+06 
3.26575e+07 2.65147e+06 -3.35412e+06 
3.16005e+07 2.08369e+06 -1.73893e+06 
3.03532e+07 356369 1.16158e+06 
2.8491e+07 -2.32272e+06 5.41749e+06 
2.49636e+07 -4.68594e+06 9.55005e+06 
1.98527e+07 -1.78809e+07 3.37654e+07 
1.65212e+07 -1.80402e+07 2.93902e+07 
1.4611e+07 -9.56894e+06 1.82707e+07 
1.17589e+07 -4.86383e+06 1.06118e+07 
9.01157e+06 -635686 3.61466e+06 
8.01457e+06 -11612.5 925225 
7.81025e+06 -420190 906780 
7.73204e+06 -975859 748050 
7.65003e+06 -785412 365052 
7.37188e+06 -151098 -44852.3 
7.42656e+06 -79046.2 -5201.06 
7.40351e+06 -73651.4 -71609.1 
7.40206e+06 -21472.2 -65552.7 
7.42922e+06 -10384.7 -70986.4 
7.4338e+06 17071.8 -93435.5 
7.42258e+06 38991.4 -79696.8 
7.41788e+06 28006.3 -77862.1 
7.39872e+06 38888.6 -58303.9 
7.3755e+06 27218.9 -29109.5 
7.35543e+06 16203 -11649.4 
7.34909e+06 5476.62 25.6367 
7.34701e+06 441.46 244.127 
7.34726e+06 54.84 -880.873 
7.34764e+06 643.603 -1035.55 
7.34747e+06 1052.97 115.049 
7.34691e+06 573.283 857.255 
7.34643e+06 238.913 567.927 
7.34647e+06 86.3832 802.758 
7.34648e+06 -94.9388 544.951 
7.34667e+06 -105.765 706.766 
7.3475e+06 -2072.76 287.128 
7.34855e+06 -2891.62 -4862.91 
7.35117e+06 963.027 -11018.9 
7.35503e+06 5508.12 -11415.1 
7.35582e+06 7582.59 -11056.4 
7.35473e+06 11177.6 -8761.92 
7.35234e+06 8582.52 -1398.45 
7.34778e+06 2616.15 2818.35 
1.84825e+07 435840 -2.09679e+06 
2.18361e+07 753941 -2.9376e+06 
2.51379e+07 1.26046e+06 -3.27683e+06 
2.75903e+07 1.48139e+06 -2.99178e+06 
2.97247e+07 892034 -2.04651e+06 
3.10721e+07 203813 12540.7 
3.02947e+07 -1.02744e+06 3.13042e+06 
2.80187e+07 -2.99957e+06 6.1763e+06 
2.40527e+07 -3.89305e+06 7.98426e+06 
1.89354e+07 -1.34537e+07 2.49594e+07 
1.40427e+07 -7.85108e+06 1.66135e+07 
1.04157e+07 -710202 4.62142e+06 
8.45026e+06 1.10094e+06 524638 
7.69159e+06 1.45612e+06 -1.51897e+06 
7.57054e+06 371663 -399421 
7.48261e+06 -107026 16916.3 
7.32413e+06 -165419 -124121 
7.35665e+06 -54718.8 -10980.9 
7.3948e+06 10146.7 -781.53 
7.37741e+06 49575.1 -19316.1 
7.34834e+06 33989.2 -8743.42 
7.34256e+06 30082 -10559.5 
7.34068e+06 15191.4 -1943.71 
7.33733e+06 9348.59 4784.19 
7.33985e+06 2269.39 7038.3 
7.33786e+06 1699.59 6280.8 
7.3368e+06 691.009 9121.14 
7.33809e+06 -2005 9574.87 
7.3393e+06 -1922.98 8199.7 
7.3422e+06 -3031.93 6419.73 
7.3448e+06 -2678.4 3244.68 
7.34658e+06 -1588.9 1238.8 
7.34742e+06 -712.598 164.134 
7.34758e+06 -88.938 -142.108 
7.34761e+06 12.7538 -38.4505 
7.34758e+06 11.6435 16.083 
7.34755e+06 -32.1281 23.7609 
7.34756e+06 -56.4366 -38.4197 
7.34758e+06 -14.1762 -64.2438 
7.34759e+06 2.27918 -42.1941 
7.34758e+06 13.0607 -44.2031 
7.34758e+06 10.3104 -29.5228 
7.34756e+06 23.4544 -44.881 
7.34754e+06 87.4002 -19.4074 
7.34751e+06 106.199 154.998 
7.34745e+06 -68.7213 370.137 
7.34734e+06 -238.655 340.079 
7.34733e+06 -285.604 281.342 
7.34736e+06 -317.412 101.068 
7.34748e+06 -127.074 -69.8217 
2.53577e+07 1.02794e+06 -3.21376e+06 
2.92173e+07 804938 -2.99057e+06 
3.18981e+07 762183 -1.54185e+06 
3.07618e+07 539548 1.28217e+06 
2.68849e+07 -1.12407e+06 4.15619e+06 
2.21512e+07 -2.53299e+06 6.55213e+06 
1.70281e+07 -9.60834e+06 2.00637e+07 
1.24957e+07 -4.55616e+06 1.03702e+07 
8.95439e+06 435884 2.69869e+06 
7.46909e+06 39057 95263.2 
7.05609e+06 664667 930538 
7.20388e+06 -2.0336e+06 1.85847e+06 
7.30296e+06 -246833 201878 
7.35997e+06 -205459 146939 
7.36831e+06 -11296.3 77354.7 
7.35369e+06 22211.1 12010.9 
7.34242e+06 30112.2 4261.01 
7.33526e+06 8504.12 6981.81 
7.3326e+06 -6922.45 13326.7 
7.33602e+06 -12304.6 14581 
7.34305e+06 -9485.39 7622.47 
7.34742e+06 -4953.88 2775.56 
7.3484e+06 -1982.97 404.797 
7.34878e+06 -874.086 -569.785 
7.34854e+06 -141.352 -840.796 
7.3485e+06 -38.9948 -638.7 
7.34857e+06 -91.6006 -763.531 
7.3485e+06 55.5013 -882.725 
7.34829e+06 160.357 -773.275 
7.34799e+06 240.349 -566.243 
7.34776e+06 220.819 -320.54 
7.3476e+06 149.593 -122.968 
7.34754e+06 62.2789 -18.7842 
7.34752e+06 12.9088 9.27284 
7.34752e+06 -0.59656 6.71 
7.34752e+06 -1.18778 3.60788 
7.34752e+06 -2.0166 0.468578 
7.34752e+06 1.66064 -0.0740798 
7.34752e+06 2.19631 3.14649 
7.34752e+06 -0.629398 3.12219 
7.34752e+06 -0.830844 2.04708 
7.34752e+06 -0.994754 1.86625 
7.34752e+06 -0.730583 1.33128 
7.34752e+06 -1.17642 1.75509 
7.34752e+06 -2.61678 0.663353 
7.34752e+06 -2.25031 -3.85593 
7.34752e+06 2.52439 -8.26529 
7.34753e+06 5.91936 -7.39858 
7.34753e+06 7.87993 -5.09718 
7.34752e+06 5.66304 1.04209 
3.14139e+07 854400 -1.04857e+06 
2.99169e+07 46039.8 2.06474e+06 
2.5961e+07 -1.80404e+06 5.61029e+06 
1.99103e+07 -5.65079e+06 1.56845e+07 
1.42464e+07 -7.64578e+06 1.53238e+07 
1.02852e+07 145685 3.59576e+06 
8.16217e+06 625325 -54190.7 
7.28908e+06 1.95312e+06 -936173 
7.3197e+06 -2.50245e+06 3.17935e+06 
7.33031e+06 -177879 231862 
7.51546e+06 -30701 16216.7 
7.38242e+06 119801 -156783 
7.34536e+06 80745.8 -81298.6 
7.33067e+06 31801.2 -35245.2 
7.34015e+06 -7925.78 5429.69 
7.3465e+06 -11597.2 5357.16 
7.34998e+06 -5543.24 -202.489 
7.35105e+06 -826.481 -2696.51 
7.35115e+06 1871.48 -4018.32 
7.35022e+06 2462.22 -3925.78 
7.34875e+06 1957.91 -2336.18 
7.34769e+06 937.822 -673.402 
7.3474e+06 291.597 -38.1911 
7.34735e+06 67.8229 89.8234 
7.34738e+06 -0.535656 104.741 
7.34741e+06 -12.5539 76.266 
7.34743e+06 -2.08398 68.1554 
7.34743e+06 -2.95793 74.587 
7.34746e+06 -13.0767 68.7154 
7.34749e+06 -21.908 47.5804 
7.3475e+06 -17.4008 25.7054 
7.34752e+06 -12.0401 11.5683 
7.34752e+06 -5.34194 2.05898 
7.34752e+06 -1.15425 -0.316483 
7.34752e+06 -0.0572924 -0.328096 
7.34752e+06 -0.0390115 -0.16201 
7.34752e+06 0.135543 -0.135831 
7.34752e+06 0.0692514 0.0816046 
7.34752e+06 -0.166599 -0.0100847 
7.34752e+06 -0.0326844 -0.166542 
7.34752e+06 0.0691299 -0.0987126 
7.34752e+06 0.0413194 -0.089486 
7.34752e+06 0.0514882 -0.0700868 
7.34752e+06 0.0364627 -0.0550769 
7.34752e+06 0.0497395 -0.0652884 
7.34752e+06 0.069986 -0.0314349 
7.34752e+06 0.044294 0.0584047 
7.34752e+06 -0.0452587 0.133523 
7.34752e+06 -0.11346 0.118021 
7.34752e+06 -0.137572 0.0177316 
2.58893e+07 -1.91134e+06 6.20279e+06 
1.84095e+07 -5.60292e+06 1.65905e+07 
1.20954e+07 -4.14564e+06 1.0924e+07 
8.50616e+06 988652 1.88984e+06 
7.44871e+06 3.65223e+06 -4.12892e+06 
7.42685e+06 -1.06653e+06 2.05941e+06 
7.3743e+06 -460024 658290 
7.51919e+06 -208834 276676 
7.33213e+06 108046 -97143.7 
7.29122e+06 77550.7 -83106.7 
7.31009e+06 -1630.94 10088.2 
7.33741e+06 -36644.3 50499.3 
7.35012e+06 -21415.5 23571.1 
7.35287e+06 -3851.52 1879.13 
7.35096e+06 4258.19 -5178.11 
7.34804e+06 3607.34 -2914.8 
7.34678e+06 1083.39 95.2685 
7.34659e+06 -55.403 814.251 
7.34673e+06 -456.373 941.982 
7.34698e+06 -466.737 794.701 
7.34727e+06 -339.251 466.838 
7.34747e+06 -164.834 143.025 
7.34753e+06 -48.5906 7.50878 
7.34755e+06 -5.49068 -17.5597 
7.34754e+06 3.14698 -15.6063 
7.34754e+06 3.41331 -10.4885 
7.34753e+06 1.89082 -7.2257 
7.34753e+06 0.909912 -6.22304 
7.34753e+06 1.09573 -5.51593 
7.34753e+06 1.85683 -3.78266 
7.34752e+06 1.45589 -1.69186 
7.34752e+06 0.788483 -0.615069 
7.34752e+06 0.329669 -0.0447269 
7.34752e+06 0.034939 0.107499 
7.34752e+06 -0.0284568 0.0688826 
7.34752e+06 -0.0164071 0.0300709 
7.34752e+06 -0.0113081 0.014071 
7.34752e+06 -0.0127267 -0.006821 
7.34752e+06 0.00787568 -0.0193524 
7.34752e+06 0.0119753 -0.0105172 
7.34752e+06 0.00315601 -0.0110129 
7.34752e+06 0.00533872 -0.013902 
7.34752e+06 0.00601088 -0.0119014 
7.34752e+06 0.00561439 -0.0126269 
7.34752e+06 0.00657919 -0.0113811 
7.34752e+06 0.00612336 -0.0102249 
7.34752e+06 0.00412533 -0.0100919 
7.34752e+06 0.0026924 -0.00999904 
7.34752e+06 0.00579755 -0.0105322 
7.34752e+06 0.0120292 -0.0119346 
1.05359e+07 -3.18473e+06 8.28589e+06 
7.68594e+06 521399 1.6042e+06 
7.31316e+06 1.26096e+06 -2.52875e+06 
7.61859e+06 -342620 309324 
7.61965e+06 -353518 334555 
7.4075e+06 43437.6 19435.7 
7.2928e+06 151889 -193764 
7.31531e+06 53750.1 -81444.5 
7.35474e+06 -29957.2 32679.2 
7.36296e+06 -17983.7 17552.5 
7.35753e+06 2732.23 -6308.66 
7.35027e+06 10303.1 -14425.9 
7.34662e+06 5079.62 -5526.92 
7.34578e+06 152.243 928.342 
7.34637e+06 -1502.72 2139.29 
7.34722e+06 -1003.47 952.93 
7.34764e+06 -250.842 -26.3387 
7.34771e+06 47.9543 -231.114 
7.34767e+06 107.887 -211.548 
7.34762e+06 89.7182 -151.095 
7.34757e+06 57.2923 -82.3076 
7.34753e+06 27.2978 -27.3323 
7.34752e+06 8.45359 -3.08646 
7.34752e+06 1.01009 2.38043 
7.34752e+06 -0.596684 2.38849 
7.34752e+06 -0.632166 1.73549 
7.34752e+06 -0.456344 1.21719 
7.34752e+06 -0.302432 0.896685 
7.34752e+06 -0.22359 0.687656 
7.34752e+06 -0.23132 0.471384 
7.34752e+06 -0.183705 0.227856 
7.34752e+06 -0.0924807 0.0781429 
7.34752e+06 -0.0359583 0.0116031 
7.34752e+06 -0.00571526 -0.015384 
7.34752e+06 0.00503392 -0.0213531 
7.34752e+06 0.00754248 -0.0222673 
7.34752e+06 0.00839816 -0.0212627 
7.34752e+06 0.00901377 -0.0186518 
7.34752e+06 0.00778302 -0.0150427 
7.34752e+06 0.00623276 -0.0126682 
7.34752e+06 0.00581724 -0.0104991 
7.34752e+06 0.00498844 -0.00810485 
7.34752e+06 0.00392856 -0.00643501 
7.34752e+06 0.00319105 -0.00506781 
7.34752e+06 0.00263769 -0.00393062 
7.34752e+06 0.00255223 -0.00321805 
7.34752e+06 0.0023295 -0.00275591 
7.34752e+06 0.000981985 -0.00214907 
7.34752e+06 -0.000293386 -0.00131598 
7.34752e+06 0.000116045 -0.00126744 
7.488e+06 208422 -889344 
7.67722e+06 -194333 151864 
7.49894e+06 -110189 174875 
7.29982e+06 107014 -90319.7 
7.29032e+06 74868.5 -97937.2 
7.33914e+06 -14380.3 8868.42 
7.35861e+06 -37824.8 49068 
7.35286e+06 -11562.8 17689 
7.34561e+06 7766.84 -9387.62 
7.34361e+06 4222.65 -3721.98 
7.34477e+06 -1623.55 3078.58 
7.34663e+06 -2902.95 4018.82 
7.34769e+06 -1209.3 1220.96 
7.34796e+06 96.5155 -485.257 
7.34781e+06 434.179 -673.062 
7.34761e+06 268.748 -293.628 
7.3475e+06 70.9788 -15.7065 
7.34748e+06 -8.52188 49.0777 
7.34749e+06 -21.8023 41.6625 
7.34751e+06 -16.2021 25.7209 
7.34752e+06 -9.17079 12.6972 
7.34752e+06 -4.11237 4.33413 
7.34752e+06 -1.3183 0.847321 
7.34752e+06 -0.252104 0.0594979 
7.34752e+06 -0.0239744 0.032632 
7.34752e+06 -0.0177346 0.0549675 
7.34752e+06 -0.0230213 0.0393477 
7.34752e+06 -0.0168354 0.0103772 
7.34752e+06 -0.00715032 -0.0165195 
7.34752e+06 0.00583745 -0.0321332 
7.34752e+06 0.0133989 -0.0324274 
7.34752e+06 0.012338 -0.0279276 
7.34752e+06 0.0103963 -0.0245368 
7.34752e+06 0.00908659 -0.0207136 
7.34752e+06 0.00780797 -0.0166401 
7.34752e+06 0.00648977 -0.0125902 
7.34752e+06 0.00507583 -0.00896517 
7.34752e+06 0.00371708 -0.00604356 
7.34752e+06 0.00260033 -0.00386933 
7.34752e+06 0.00175492 -0.002255 
7.34752e+06 0.00105515 -0.00108724 
7.34752e+06 0.000539943 -0.000327871 
7.34752e+06 0.000208819 0.000172483 
7.34752e+06 -7.00908e-05 0.000506388 
7.34752e+06 -0.000332887 0.000714772 
7.34752e+06 -0.000417319 0.000832798 
7.34752e+06 -0.000214356 0.000824635 
7.34752e+06 -0.000205566 0.000750821 
7.34752e+06 -0.000844155 0.000928437 
7.34752e+06 -0.00154585 0.00134677 
7.36536e+06 -58249.9 155599 
7.28233e+06 44181.6 -35171.3 
7.31929e+06 21272.6 -41424.7 
7.35925e+06 -26164.4 29603.5 
7.35839e+06 -16808.3 22286.7 
7.34877e+06 5400.05 -5517.91 
7.34537e+06 9504.32 -12860.2 
7.34673e+06 2164.42 -3165.2 
7.34801e+06 -2001.05 2664.99 
7.3484e+06 -1005.33 828.513 
7.3482e+06 625.182 -1192.44 
7.34777e+06 831.581 -1156 
7.34748e+06 315.313 -301.012 
7.34741e+06 -31.6994 142.407 
7.34744e+06 -107.192 172.957 
7.34749e+06 -65.2175 76.2157 
7.34752e+06 -18.7397 7.77967 
7.34753e+06 0.901786 -10.3299 
7.34753e+06 4.39712 -8.69689 
7.34753e+06 3.09912 -4.54884 
7.34752e+06 1.52096 -1.71606 
7.34752e+06 0.540336 -0.273703 
7.34752e+06 0.078295 0.206184 
7.34752e+06 -0.0668277 0.228667 
7.34752e+06 -0.0718675 0.135154 
7.34752e+06 -0.042448 0.0549903 
7.34752e+06 -0.017338 0.00722463 
7.34752e+06 -0.00221482 -0.0164315 
7.34752e+06 0.00558057 -0.0247379 
7.34752e+06 0.00833193 -0.0243499 
7.34752e+06 0.00822799 -0.020356 
7.34752e+06 0.0071485 -0.015304 
7.34752e+06 0.00557844 -0.0102761 
7.34752e+06 0.00386788 -0.0061302 
7.34752e+06 0.00239745 -0.00310995 
7.34752e+06 0.00126999 -0.00108533 
7.34752e+06 0.000478912 0.000160614 
7.34752e+06 -3.56405e-05 0.000857996 
7.34752e+06 -0.000345538 0.00119379 
7.34752e+06 -0.000515178 0.00130614 
7.34752e+06 -0.000592326 0.00128736 
7.34752e+06 -0.000612137 0.00120279 
7.34752e+06 -0.00058991 0.0010909 
7.34752e+06 -0.000541328 0.000972582 
7.34752e+06 -0.000515667 0.000867352 
7.34752e+06 -0.00053342 0.000790287 
7.34752e+06 -0.000482096 0.000719893 
7.34752e+06 -0.000296145 0.000599174 
7.34752e+06 -0.000226372 0.000495244 
7.34752e+06 -0.000414467 0.00066033 
7.34476e+06 14341.9 -37143.3 
7.36113e+06 -10718.6 11464.2 
7.35215e+06 -5569.4 9847.4 
7.34467e+06 5188.45 -6474.08 
7.34537e+06 2977.32 -4238.67 
7.34742e+06 -1966.6 2506.46 
7.34792e+06 -2407.87 3354.55 
7.34758e+06 -439.873 579.423 
7.34736e+06 467.64 -667.92 
7.34729e+06 209.565 -164.954 
7.34734e+06 -194.764 373.316 
7.34744e+06 -228.821 323.213 
7.34751e+06 -86.0985 79.3544 
7.34754e+06 5.72504 -37.3122 
7.34754e+06 25.0475 -43.492 
7.34753e+06 15.6266 -20.0801 
7.34753e+06 5.16194 -3.65529 
7.34752e+06 0.367684 1.6659 
7.34752e+06 -0.775506 1.96264 
7.34752e+06 -0.673181 1.21734 
7.34752e+06 -0.388725 0.597966 
7.34752e+06 -0.184928 0.235866 
7.34752e+06 -0.0719496 0.0606423 
7.34752e+06 -0.0182338 -0.0105112 
7.34752e+06 0.00375345 -0.0337861 
7.34752e+06 0.01113 -0.0369667 
7.34752e+06 0.0122529 -0.0317259 
7.34752e+06 0.0106728 -0.0235168 
7.34752e+06 0.00805866 -0.0153611 
7.34752e+06 0.00538927 -0.00873826 
7.34752e+06 0.00316752 -0.00401126 
7.34752e+06 0.00151189 -0.000990073 
7.34752e+06 0.00041344 0.000694648 
7.34752e+06 -0.00022645 0.00147183 
7.34752e+06 -0.000547529 0.00169843 
7.34752e+06 -0.000663026 0.00162274 
7.34752e+06 -0.000659345 0.0014083 
7.34752e+06 -0.000594186 0.00115096 
7.34752e+06 -0.00050445 0.000902309 
7.34752e+06 -0.000409911 0.00068748 
7.34752e+06 -0.000322832 0.000512496 
7.34752e+06 -0.000251564 0.000375041 
7.34752e+06 -0.000195652 0.000270855 
7.34752e+06 -0.00014425 0.000193362 
7.34752e+06 -9.70312e-05 0.000133656 
7.34752e+06 -7.49265e-05 9.34329e-05 
7.34752e+06 -8.48284e-05 7.6894e-05 
7.34752e+06 -6.75427e-05 6.05758e-05 
7.34752e+06 9.87858e-06 8.41906e-06 
7.34752e+06 0.000108086 1.76192e-05 
7.34857e+06 -3477.49 8944.62 
7.34471e+06 2590.6 -3224.9 
7.34677e+06 1450.94 -2571.63 
7.34822e+06 -715.798 891.24 
7.34797e+06 -238.457 392.217 
7.34751e+06 708.53 -954.554 
7.34742e+06 614.095 -863.454 
7.34749e+06 106.622 -135.027 
7.34755e+06 -88.5725 126.815 
7.34756e+06 -26.1106 5.22791 
7.34756e+06 59.5614 -113.043 
7.34754e+06 61.6716 -91.3737 
7.34753e+06 24.9306 -26.1484 
7.34752e+06 1.0633 5.82161 
7.34752e+06 -4.76986 9.25423 
7.34752e+06 -3.32533 4.83238 
7.34752e+06 -1.31438 1.4975 
7.34752e+06 -0.321394 0.22473 
7.34752e+06 -0.0208676 -0.0542966 
7.34752e+06 0.0280818 -0.0714161 
7.34752e+06 0.0242219 -0.0586578 
7.34752e+06 0.0189348 -0.0506493 
7.34752e+06 0.0164821 -0.043673 
7.34752e+06 0.0143481 -0.0346819 
7.34752e+06 0.0114695 -0.0243344 
7.34752e+06 0.00812092 -0.0146445 
7.34752e+06 0.00495495 -0.00709479 
7.34752e+06 0.00245469 -0.00210294 
7.34752e+06 0.000763477 0.000685351 
7.34752e+06 -0.000210614 0.00191576 
7.34752e+06 -0.000666454 0.00219637 
7.34752e+06 -0.000791839 0.00198395 
7.34752e+06 -0.000738228 0.00158018 
7.34752e+06 -0.000606048 0.00115279 
7.34752e+06 -0.000457502 0.000779073 
7.34752e+06 -0.000321281 0.000486822 
7.34752e+06 -0.000208344 0.000275579 
7.34752e+06 -0.000123318 0.000131808 
7.34752e+06 -6.36648e-05 3.88485e-05 
7.34752e+06 -2.25224e-05 -1.71691e-05 
7.34752e+06 5.13832e-06 -4.90208e-05 
7.34752e+06 2.27203e-05 -6.58578e-05 
7.34752e+06 3.11422e-05 -7.2673e-05 
7.34752e+06 3.42353e-05 -7.1984e-05 
7.34752e+06 3.74063e-05 -6.98842e-05 
7.34752e+06 4.31106e-05 -6.91165e-05 
7.34752e+06 4.1678e-05 -6.55874e-05 
7.34752e+06 2.83287e-05 -5.45956e-05 
7.34752e+06 1.93614e-05 -5.23907e-05 
7.34752e+06 5.12596e-05 -5.44558e-05 
7.34699e+06 811.435 -2072.31 
7.34797e+06 -511.211 638.744 
7.34762e+06 -290.077 529.852 
7.34736e+06 43.2233 8.57618 
7.3474e+06 -105.815 159.731 
7.34749e+06 -253.825 349.12 
7.34752e+06 -162.315 220.135 
7.34751e+06 -28.4614 31.8073 
7.34751e+06 13.6663 -20.8805 
7.34751e+06 -0.784218 7.24994 
7.34752e+06 -16.5385 29.5304 
7.34752e+06 -14.9955 22.5196 
7.34752e+06 -6.33477 7.35734 
7.34752e+06 -0.805593 -0.218228 
7.34752e+06 0.67414 -1.33515 
7.34752e+06 0.497499 -0.63918 
7.34752e+06 0.161989 -0.131374 
7.34752e+06 0.0157671 0.00583103 
7.34752e+06 -0.00838355 -0.00468673 
7.34752e+06 0.00156955 -0.0283468 
7.34752e+06 0.00999015 -0.0336143 
7.34752e+06 0.0113333 -0.0261393 
7.34752e+06 0.00864628 -0.015335 
7.34752e+06 0.00504613 -0.00637795 
7.34752e+06 0.00210584 -0.000739582 
7.34752e+06 0.000246884 0.00199861 
7.34752e+06 -0.000673269 0.00281794 
7.34752e+06 -0.000965037 0.00261875 
7.34752e+06 -0.000913296 0.0020181 
7.34752e+06 -0.000720863 0.00136445 
7.34752e+06 -0.000499634 0.000815308 
7.34752e+06 -0.000308665 0.00041558 
7.34752e+06 -0.000164617 0.000155756 
7.34752e+06 -6.6873e-05 4.18957e-06 
7.34752e+06 -5.76745e-06 -7.27343e-05 
7.34752e+06 2.5711e-05 -0.000103191 
7.34752e+06 4.02497e-05 -0.000106395 
7.34752e+06 4.45057e-05 -9.71794e-05 
7.34752e+06 4.29682e-05 -8.3166e-05 
7.34752e+06 3.76954e-05 -6.80001e-05 
7.34752e+06 3.19421e-05 -5.42022e-05 
7.34752e+06 2.67578e-05 -4.28466e-05 
7.34752e+06 2.229e-05 -3.37957e-05 
7.34752e+06 1.80447e-05 -2.58566e-05 
7.34752e+06 1.38421e-05 -1.96638e-05 
7.34752e+06 1.08954e-05 -1.56305e-05 
7.34752e+06 1.05174e-05 -1.36617e-05 
7.34752e+06 1.09807e-05 -1.02655e-05 
7.34752e+06 3.05487e-06 -9.44192e-06 
7.34752e+06 -5.58244e-06 -7.82804e-06 
7.34767e+06 -184.059 425.298 
7.34749e+06 66.498 -66.7529 
7.34751e+06 11.0742 -20.0539 
7.34753e+06 -8.32996 -15.672 
7.34752e+06 62.9738 -112.384 
7.34752e+06 87.6055 -131.2 
7.34752e+06 48.2259 -67.4185 
7.34753e+06 11.0303 -14.1928 
7.34753e+06 0.52812 -1.14847 
7.34753e+06 2.8668 -5.55282 
7.34753e+06 4.78779 -7.7986 
7.34752e+06 3.48753 -4.91656 
7.34752e+06 1.33504 -1.37936 
7.34752e+06 0.110334 0.206489 
7.34752e+06 -0.188781 0.356569 
7.34752e+06 -0.123779 0.133923 
7.34752e+06 -0.0305393 -0.0125277 
7.34752e+06 0.0114234 -0.0499104 
7.34752e+06 0.0183162 -0.0393911 
7.34752e+06 0.0130112 -0.0206258 
7.34752e+06 0.00653822 -0.00682598 
7.34752e+06 0.00207028 0.000576145 
7.34752e+06 -0.000279937 0.00341395 
7.34752e+06 -0.00117234 0.00372352 
7.34752e+06 -0.00126198 0.0029594 
7.34752e+06 -0.00100827 0.00195401 
7.34752e+06 -0.000674519 0.00108984 
7.34752e+06 -0.000384303 0.000481929 
7.34752e+06 -0.000175944 0.000115344 
7.34752e+06 -4.67849e-05 -7.20437e-05 
7.34752e+06 2.20589e-05 -0.000143649 
7.34752e+06 5.04395e-05 -0.000152408 
7.34752e+06 5.67157e-05 -0.000130492 
7.34752e+06 4.9622e-05 -9.98702e-05 
7.34752e+06 3.98083e-05 -7.05526e-05 
7.34752e+06 2.97401e-05 -4.69781e-05 
7.34752e+06 2.04637e-05 -2.90042e-05 
7.34752e+06 1.29609e-05 -1.65479e-05 
7.34752e+06 7.75082e-06 -8.42136e-06 
7.34752e+06 4.4822e-06 -3.15705e-06 
7.34752e+06 1.68643e-06 2.89316e-07 
7.34752e+06 8.62094e-08 2.44608e-06 
7.34752e+06 -1.12349e-06 3.53322e-06 
7.34752e+06 -1.6839e-06 4.09099e-06 
7.34752e+06 -1.97677e-06 4.12283e-06 
7.34752e+06 -2.16073e-06 4.09666e-06 
7.34752e+06 -2.72386e-06 3.68268e-06 
7.34752e+06 -1.01961e-06 4.28745e-06 
7.34752e+06 -4.42389e-06 9.61676e-08 
7.34752e+06 -3.91362e-06 -1.73875e-08 
7.34747e+06 42.5276 -84.4234 
7.3475e+06 -2.62619 -1.19867 
7.34749e+06 19.5411 -38.7356 
7.34751e+06 15.4949 -21.4239 
7.34752e+06 -14.8925 28.7635 
7.34752e+06 -23.925 38.0908 
7.34752e+06 -13.1749 19.2522 
7.34752e+06 -3.73399 5.30993 
7.34752e+06 -1.17888 2.16766 
7.34752e+06 -1.47053 2.7011 
7.34752e+06 -1.50949 2.461 
7.34752e+06 -0.946618 1.3368 
7.34752e+06 -0.353658 0.358979 
7.34752e+06 -0.0361574 -0.0674861 
7.34752e+06 0.0525186 -0.128172 
7.34752e+06 0.0458766 -0.0771492 
7.34752e+06 0.0231875 -0.0295953 
7.34752e+06 0.00806591 -0.00527091 
7.34752e+06 0.00101714 0.00378121 
7.34752e+06 -0.0015087 0.0057024 
7.34752e+06 -0.00197167 0.00484741 
7.34752e+06 -0.00162949 0.00324858 
7.34752e+06 -0.00108322 0.00178766 
7.34752e+06 -0.000596434 0.000756061 
7.34752e+06 -0.000254284 0.000153867 
7.34752e+06 -5.33155e-05 -0.000129467 
7.34752e+06 4.2638e-05 -0.000217301 
7.34752e+06 7.42066e-05 -0.000206262 
7.34752e+06 7.2015e-05 -0.000157896 
7.34752e+06 5.65228e-05 -0.000105295 
7.34752e+06 3.83807e-05 -6.21425e-05 
7.34752e+06 2.40986e-05 -3.13041e-05 
7.34752e+06 1.21605e-05 -1.19082e-05 
7.34752e+06 6.03217e-06 -1.36106e-06 
7.34752e+06 6.66147e-07 3.47711e-06 
7.34752e+06 -1.05622e-06 5.58242e-06 
7.34752e+06 -2.20806e-06 5.44291e-06 
7.34752e+06 -1.92036e-06 4.89744e-06 
7.34752e+06 -2.09622e-06 4.2938e-06 
7.34752e+06 -2.01273e-06 3.72094e-06 
7.34752e+06 -1.66105e-06 2.75123e-06 
7.34752e+06 -1.25339e-06 2.03209e-06 
7.34752e+06 -9.36935e-07 1.35686e-06 
7.34752e+06 -7.36653e-07 8.9564e-07 
7.34752e+06 -5.19567e-07 4.78091e-07 
7.34752e+06 -2.92922e-07 2.83408e-07 
7.34752e+06 -1.99173e-07 1.37839e-08 
7.34752e+06 -4.15742e-07 1.69139e-07 
7.34752e+06 2.24493e-07 -6.14906e-07 
7.34752e+06 -1.53709e-06 -2.74196e-06 
7.34752e+06 -11.2048 15.2452 
7.34752e+06 1.16608 -4.69654 
7.34753e+06 -6.22744 11.8128 
7.34753e+06 -7.03144 11.5553 
7.34752e+06 1.65065 -3.92767 
7.34752e+06 5.09939 -8.67051 
7.34752e+06 3.03342 -4.70531 
7.34752e+06 0.967354 -1.44622 
7.34752e+06 0.394629 -0.696177 
7.34752e+06 0.423884 -0.765885 
7.34752e+06 0.387568 -0.651139 
7.34752e+06 0.241147 -0.370248 
7.34752e+06 0.10462 -0.138659 
7.34752e+06 0.0291361 -0.0249593 
7.34752e+06 0.00124304 0.00940854 
7.34752e+06 -0.00484682 0.0128232 
7.34752e+06 -0.00445595 0.00930862 
7.34752e+06 -0.00306182 0.00573223 
7.34752e+06 -0.0018653 0.00308739 
7.34752e+06 -0.000988329 0.00132187 
7.34752e+06 -0.0004091 0.000296382 
7.34752e+06 -8.00883e-05 -0.000179502 
7.34752e+06 6.85382e-05 -0.000316168 
7.34752e+06 0.000108732 -0.000286866 
7.34752e+06 9.69373e-05 -0.000202679 
7.34752e+06 6.86382e-05 -0.000119776 
7.34752e+06 4.09923e-05 -5.8573e-05 
7.34752e+06 2.05719e-05 -2.06088e-05 
7.34752e+06 7.65324e-06 -1.0964e-06 
7.34752e+06 9.11586e-07 7.09053e-06 
7.34752e+06 -2.14745e-06 9.05356e-06 
7.34752e+06 -3.24136e-06 8.36555e-06 
7.34752e+06 -2.78179e-06 6.08318e-06 
7.34752e+06 -2.43215e-06 4.10072e-06 
7.34752e+06 -1.3371e-06 2.235e-06 
7.34752e+06 -9.89117e-07 1.35402e-06 
7.34752e+06 -5.82358e-07 6.24018e-07 
7.34752e+06 -3.49075e-07 3.622e-07 
7.34752e+06 -1.14501e-07 -2.96646e-09 
7.34752e+06 1.92458e-08 -2.21508e-07 
7.34752e+06 1.03538e-07 -3.58093e-07 
7.34752e+06 1.32219e-07 -3.38664e-07 
7.34752e+06 1.77368e-07 -3.57536e-07 
7.34752e+06 2.35246e-07 -3.62115e-07 
7.34752e+06 2.1887e-07 -3.12774e-07 
7.34752e+06 1.87211e-07 -2.79653e-07 
7.34752e+06 2.36515e-07 -2.96022e-07 
7.34752e+06 2.71219e-08 -3.17779e-07 
7.34752e+06 1.40064e-06 3.91712e-07 
7.34752e+06 -8.16904e-06 -6.8638e-06 
7.34752e+06 3.35508 -8.04622 
7.34752e+06 -0.167837 0.83223 
7.34752e+06 1.00602 -1.61882 
7.34752e+06 1.55819 -3.15611 
7.34752e+06 0.0497975 -0.134484 
7.34752e+06 -0.736846 1.38031 
7.34752e+06 -0.500472 0.910551 
7.34752e+06 -0.179303 0.337569 
7.34752e+06 -0.0742166 0.165645 
7.34752e+06 -0.0662139 0.146164 
7.34752e+06 -0.0556752 0.110749 
7.34752e+06 -0.0342935 0.0612635 
7.34752e+06 -0.0162505 0.0257502 
7.34752e+06 -0.00642538 0.00887915 
7.34752e+06 -0.00235729 0.00288478 
7.34752e+06 -0.000864012 0.000932998 
7.34752e+06 -0.000259006 0.000113206 
7.34752e+06 2.68068e-05 -0.000285755 
7.34752e+06 0.000143033 -0.000401118 
7.34752e+06 0.000155784 -0.000343692 
7.34752e+06 0.000119888 -0.000226401 
7.34752e+06 7.42982e-05 -0.000119308 
7.34752e+06 3.76606e-05 -4.71817e-05 
7.34752e+06 1.43651e-05 -8.35234e-06 
7.34752e+06 2.4004e-06 7.80021e-06 
7.34752e+06 -2.54544e-06 1.15374e-05 
7.34752e+06 -3.69702e-06 9.81793e-06 
7.34752e+06 -3.107e-06 6.6787e-06 
7.34752e+06 -2.15041e-06 3.79457e-06 
7.34752e+06 -1.32226e-06 1.82883e-06 
7.34752e+06 -5.752e-07 6.29717e-07 
7.34752e+06 -1.36685e-07 -1.48045e-07 
7.34752e+06 9.60731e-08 -4.70003e-07 
7.34752e+06 2.66539e-07 -6.05513e-07 
7.34752e+06 2.21683e-07 -5.3045e-07 
7.34752e+06 2.06981e-07 -4.49446e-07 
7.34752e+06 1.81693e-07 -3.75795e-07 
7.34752e+06 1.75833e-07 -2.95182e-07 
7.34752e+06 1.97445e-07 -2.8784e-07 
7.34752e+06 2.02206e-07 -3.02846e-07 
7.34752e+06 2.0246e-07 -3.02831e-07 
7.34752e+06 1.79338e-07 -2.76292e-07 
7.34752e+06 1.93717e-07 -2.56429e-07 
7.34752e+06 1.82367e-07 -2.474e-07 
7.34752e+06 1.72492e-07 -2.618e-07 
7.34752e+06 1.5899e-07 -2.39645e-07 
7.34752e+06 1.74001e-07 -2.34059e-07 
7.34752e+06 1.5362e-07 -2.1732e-07 
7.34752e+06 5.18445e-08 -1.4696e-07 
7.34752e+06 -2.25613e-07 -1.73451e-06 
1.01494e+07 8.56224e+07 -1.2064e+08 
5.15257e+06 -2.36182e+06 -3.41155e+06 
7.44995e+06 -1.10919e+07 -1.13695e+07 
6.33879e+06 -2.74143e+06 -4.04683e+06 
9.3763e+06 -3.40241e+07 -3.12427e+07 
7.07485e+06 -7.18958e+06 -1.19106e+07 
9.93659e+06 -4.16841e+07 -3.90108e+07 
8.18376e+06 -2.97623e+06 -5.21823e+06 
1.05933e+07 -6.57e+07 -6.61656e+07 
9.69306e+06 -3.47598e+06 -5.07689e+06 
1.0512e+07 -6.58133e+07 -8.97827e+07 
9.75663e+06 -4.14351e+07 -6.20662e+07 
8.94358e+06 -5.30755e+07 -8.04568e+07 
7.7536e+06 -2.48513e+07 -3.86708e+07 
7.00843e+06 -1.4849e+07 -2.26618e+07 
6.55463e+06 -2.29765e+07 -4.09552e+07 
7.48398e+06 -2.33137e+07 -3.72651e+07 
8.63305e+06 -1.41082e+07 -2.10579e+07 
1.06975e+07 -4.00244e+06 -2.28591e+06 
1.655e+07 -4.02857e+06 -5.194e+06 
1.75449e+07 -4.41797e+06 -6.8979e+06 
1.79858e+07 -5.58111e+06 -7.18113e+06 
1.76761e+07 -7.34185e+06 -9.53253e+06 
1.71292e+07 -8.90469e+06 -1.22236e+07 
1.70616e+07 -1.05888e+07 -1.36807e+07 
1.76362e+07 -1.16882e+07 -1.40499e+07 
1.90439e+07 -1.18737e+07 -1.38442e+07 
2.04439e+07 -1.08484e+07 -1.28506e+07 
2.11606e+07 -9.11984e+06 -1.11959e+07 
2.16345e+07 -7.71251e+06 -9.52464e+06 
2.2243e+07 -6.64518e+06 -8.26549e+06 
2.29204e+07 -5.80615e+06 -7.35865e+06 
2.35633e+07 -5.15817e+06 -6.66586e+06 
2.41556e+07 -4.64646e+06 -6.08637e+06 
2.47274e+07 -4.2388e+06 -5.47516e+06 
2.53011e+07 -3.76505e+06 -4.86429e+06 
2.57493e+07 -3.21125e+06 -4.22081e+06 
2.60697e+07 -2.6465e+06 -3.59481e+06 
2.63715e+07 -2.11893e+06 -3.07442e+06 
2.68035e+07 -1.70516e+06 -2.71591e+06 
2.7499e+07 -1.44723e+06 -2.53404e+06 
2.84446e+07 -1.29919e+06 -2.46295e+06 
2.94078e+07 -1.14372e+06 -2.42071e+06 
3.00424e+07 -964040 -2.23064e+06 
3.0304e+07 -795914 -1.97511e+06 
3.05201e+07 -957708 -1.25053e+06 
3.16722e+07 -925401 -374730 
3.34855e+07 -671275 -400278 
3.32449e+07 -563198 -903679 
3.26862e+07 -414284 -870813 
3.17036e+07 -91760.2 -707083 
1.86864e+07 -1.23736e+06 -927466 
1.87881e+07 783462 679372 
1.83644e+07 499291 1.38518e+06 
1.80428e+07 2.45424e+06 2.55887e+06 
1.74746e+07 1.38726e+06 2.79991e+06 
1.76219e+07 3.42217e+06 3.98483e+06 
1.69918e+07 2.5789e+06 4.26441e+06 
1.7681e+07 3.9064e+06 5.37754e+06 
1.70478e+07 3.53067e+06 5.33176e+06 
1.64913e+07 4.61097e+06 5.87735e+06 
1.49245e+07 8.74313e+06 1.11619e+07 
1.37512e+07 8.24825e+06 1.09671e+07 
1.2585e+07 9.11083e+06 1.21764e+07 
1.14441e+07 8.00225e+06 1.15878e+07 
9.94068e+06 7.0509e+06 1.00489e+07 
1.14608e+07 4.04616e+06 8.23978e+06 
1.28044e+07 3.78447e+06 5.69991e+06 
1.27382e+07 2.15016e+06 2.80724e+06 
1.80751e+07 803013 7.08372e+06 
3.10122e+07 2.26664e+06 8.13166e+06 
3.72987e+07 4.05264e+06 5.56536e+06 
3.45055e+07 5.09841e+06 5.44971e+06 
3.4192e+07 4.66804e+06 6.13513e+06 
3.50016e+07 4.68284e+06 6.34571e+06 
3.52091e+07 4.94364e+06 6.57241e+06 
3.46809e+07 5.35654e+06 6.97416e+06 
3.40886e+07 5.68135e+06 7.08018e+06 
3.3199e+07 5.61559e+06 6.75221e+06 
3.21241e+07 5.24468e+06 6.28617e+06 
3.1528e+07 4.72085e+06 5.82459e+06 
3.14905e+07 4.28736e+06 5.43148e+06 
3.16614e+07 4.01177e+06 5.15191e+06 
3.18503e+07 3.82536e+06 4.93044e+06 
3.19476e+07 3.72155e+06 4.70189e+06 
3.19355e+07 3.59117e+06 4.38834e+06 
3.1711e+07 3.42164e+06 3.93423e+06 
3.11982e+07 3.14025e+06 3.38549e+06 
3.05291e+07 2.74827e+06 2.8564e+06 
2.99572e+07 2.31433e+06 2.47218e+06 
2.97608e+07 1.90892e+06 2.2769e+06 
3.00761e+07 1.59074e+06 2.24028e+06 
3.07765e+07 1.42645e+06 2.25294e+06 
3.15457e+07 1.38919e+06 2.12866e+06 
3.19788e+07 1.28894e+06 1.7866e+06 
3.26093e+07 1.01215e+06 1.14533e+06 
3.32418e+07 595195 645380 
3.38298e+07 584838 421652 
3.40016e+07 286017 230268 
3.37212e+07 261416 43708.6 
3.38181e+07 10016.4 -334507 
1.55559e+07 2.35212e+06 2.33661e+06 
1.34151e+07 1.52703e+06 1.34136e+06 
1.19083e+07 1.09596e+06 678677 
1.07316e+07 15741.9 -339508 
1.04969e+07 -450675 -1.13396e+06 
1.03417e+07 -1.71284e+06 -2.66504e+06 
1.16852e+07 -3.3688e+06 -5.19394e+06 
1.19405e+07 -4.20709e+06 -6.51156e+06 
1.01119e+07 -4.58129e+06 -7.0152e+06 
8.90231e+06 -7.32406e+06 -9.92361e+06 
8.47184e+06 -6.76191e+06 -9.39579e+06 
9.0809e+06 -7.25037e+06 -9.5446e+06 
9.83911e+06 -7.7446e+06 -1.05214e+07 
9.83312e+06 -7.75923e+06 -1.0727e+07 
9.25491e+06 -7.4173e+06 -1.01112e+07 
8.69602e+06 -7.14431e+06 -9.35334e+06 
8.06906e+06 -6.67925e+06 -9.1275e+06 
9.63872e+06 -7.31846e+06 -5.45821e+06 
1.12365e+07 -3.56675e+06 -4.24674e+06 
1.30492e+07 -4.7275e+06 -3.06498e+06 
2.23451e+07 -7.20682e+06 -2.95446e+06 
2.323e+07 -1.93716e+06 -4.85992e+06 
2.25631e+07 -2.31953e+06 -3.327e+06 
2.34295e+07 -2.5911e+06 -3.32939e+06 
2.48902e+07 -2.90078e+06 -3.87264e+06 
2.51957e+07 -2.66752e+06 -4.01155e+06 
2.45371e+07 -2.47006e+06 -3.36799e+06 
2.44579e+07 -2.25648e+06 -2.92504e+06 
2.45541e+07 -1.98018e+06 -2.70697e+06 
2.50183e+07 -1.99887e+06 -2.4991e+06 
2.59089e+07 -1.93037e+06 -2.29364e+06 
2.66328e+07 -1.6676e+06 -2.0784e+06 
2.70782e+07 -1.44278e+06 -1.87179e+06 
2.75044e+07 -1.29201e+06 -1.78905e+06 
2.79313e+07 -1.27679e+06 -1.73112e+06 
2.83102e+07 -1.19659e+06 -1.62266e+06 
2.85794e+07 -1.04592e+06 -1.44186e+06 
2.88566e+07 -906032 -1.31871e+06 
2.89398e+07 -742195 -1.21154e+06 
2.88637e+07 -622779 -1.04005e+06 
2.88825e+07 -539896 -838068 
2.90664e+07 -447588 -618555 
2.94382e+07 -362114 -414991 
3.00612e+07 -285651 -313976 
3.15103e+07 -659532 -172228 
3.33318e+07 -666378 -400263 
3.39926e+07 -279738 -384905 
3.32759e+07 244966 108966 
3.26438e+07 374668 472215 
3.36959e+07 -137566 246847 
1.07758e+07 -419146 -612700 
1.09527e+07 -376410 -609254 
1.11534e+07 -469623 -555404 
1.17953e+07 -414326 -279913 
1.30549e+07 -506666 77288.9 
1.52848e+07 -335449 865113 
2.05509e+07 -725925 2.8647e+06 
2.77914e+07 1.16841e+06 3.78337e+06 
2.69566e+07 3.10653e+06 2.4271e+06 
2.49494e+07 2.02177e+06 1.8784e+06 
2.38879e+07 1.61135e+06 1.6454e+06 
2.35822e+07 1.37763e+06 2.19061e+06 
2.40055e+07 1.98985e+06 2.94755e+06 
2.36758e+07 2.63555e+06 3.15492e+06 
2.22492e+07 2.93706e+06 2.88306e+06 
1.98538e+07 2.91734e+06 2.67889e+06 
1.76956e+07 2.60563e+06 2.49921e+06 
1.62883e+07 2.44147e+06 2.16569e+06 
1.48664e+07 1.88143e+06 1.96717e+06 
1.40747e+07 1.5818e+06 1.93799e+06 
1.68906e+07 814932 4.62152e+06 
2.26273e+07 3.49437e+06 7.06155e+06 
2.53866e+07 3.41669e+06 6.16623e+06 
2.7568e+07 3.02823e+06 4.91181e+06 
3.03128e+07 1.98512e+06 4.29891e+06 
3.32008e+07 1.76626e+06 2.68955e+06 
3.28013e+07 1.6856e+06 1.20175e+06 
3.09769e+07 1.34288e+06 1.03227e+06 
3.02714e+07 1.11348e+06 1.06467e+06 
3.02736e+07 909908 1.05021e+06 
3.0448e+07 845669 1.07551e+06 
3.0423e+07 925416 1.1001e+06 
3.02707e+07 946847 1.09603e+06 
3.03856e+07 827004 1.04109e+06 
3.08668e+07 689184 891518 
3.13291e+07 621545 742273 
3.13766e+07 652015 680407 
3.15036e+07 537443 580244 
3.1738e+07 411513 359881 
3.18008e+07 276559 77049.6 
3.17233e+07 92315.7 -183314 
3.16309e+07 -74199.9 -395962 
3.15723e+07 -239824 -506553 
3.18005e+07 -392719 -552329 
3.28209e+07 -665027 -489294 
3.39571e+07 -652914 -151464 
3.4944e+07 -103740 -180925 
3.44139e+07 125625 -502624 
3.24228e+07 114034 -357392 
3.15424e+07 365200 708608 
1.18417e+07 -238531 -12175.8 
1.22845e+07 -139801 -22400 
1.25817e+07 -109876 -53139.2 
1.28502e+07 -170763 -98812.7 
1.3343e+07 -259736 -112456 
1.40577e+07 -370624 -212554 
1.47123e+07 -460691 -283905 
1.63715e+07 -743497 287866 
1.78493e+07 -176347 59843.4 
1.73038e+07 83692.7 -249683 
1.67506e+07 -30050.4 -149431 
1.65738e+07 -34367.7 -238078 
1.63814e+07 -376170 -644587 
1.64979e+07 -893940 -1.2548e+06 
1.68967e+07 -1.41105e+06 -2.03543e+06 
1.67793e+07 -1.64138e+06 -3.0001e+06 
1.5685e+07 -1.86348e+06 -3.06764e+06 
1.54598e+07 -2.22945e+06 -2.97288e+06 
1.56816e+07 -2.20392e+06 -3.38583e+06 
1.54617e+07 -2.27342e+06 -3.22042e+06 
1.55489e+07 -2.21813e+06 -3.16602e+06 
1.55418e+07 -2.32148e+06 -3.15983e+06 
1.58362e+07 -2.27153e+06 -3.06911e+06 
1.65563e+07 -2.09797e+06 -2.22327e+06 
1.81355e+07 -1.84273e+06 -893822 
2.16518e+07 -1.39642e+06 834530 
2.67754e+07 -732190 892244 
2.8828e+07 -168482 -162611 
2.90239e+07 -600723 -771081 
2.95451e+07 -917572 -1.05198e+06 
2.98419e+07 -826376 -1.07878e+06 
2.95674e+07 -565283 -950887 
2.91288e+07 -475857 -767936 
2.90885e+07 -537002 -560741 
2.95336e+07 -536953 -318339 
3.02407e+07 -500199 -228591 
3.06108e+07 -220505 -226963 
3.08823e+07 -249303 -170041 
3.13732e+07 -263917 -60216.7 
3.19728e+07 -174807 21788.9 
3.25921e+07 -155803 -3808.32 
3.33144e+07 -237609 -135658 
3.38359e+07 -223938 -243916 
3.41387e+07 -275011 -206448 
3.49343e+07 -436905 -235482 
3.51519e+07 -25785.2 -170530 
3.48094e+07 76495 286462 
3.57344e+07 -96044.6 15145.8 
3.51986e+07 515000 -603641 
3.12873e+07 618688 -466535 
1.23957e+07 -307487 -231687 
1.27804e+07 -283537 -259401 
1.30735e+07 -274297 -279674 
1.33588e+07 -281840 -286748 
1.37845e+07 -346296 -266383 
1.45628e+07 -429222 -191537 
1.56412e+07 -450834 -150520 
1.65481e+07 -387799 -205375 
1.74619e+07 -393887 33037.4 
1.83704e+07 -121893 169138 
1.84774e+07 -47045.5 -77723.9 
1.84296e+07 -269712 -422834 
1.87482e+07 -467962 -454116 
1.99085e+07 -719142 -374690 
2.2065e+07 -940218 -401752 
2.44176e+07 -828011 -432718 
2.50347e+07 -3661.68 -665532 
2.39613e+07 182217 -51156.9 
2.4173e+07 97268.8 428296 
2.46037e+07 463643 304310 
2.44871e+07 482087 263888 
2.40055e+07 619693 516262 
2.37186e+07 718100 641448 
2.28279e+07 1.01833e+06 631919 
2.20196e+07 852149 550749 
2.08899e+07 679384 922301 
2.14374e+07 345703 1.85505e+06 
2.45872e+07 718605 2.78152e+06 
2.69878e+07 1.4625e+06 3.2813e+06 
2.95004e+07 1.42526e+06 2.85829e+06 
3.06625e+07 1.50063e+06 2.41697e+06 
3.08441e+07 1.52788e+06 1.91237e+06 
3.04152e+07 1.31451e+06 1.5565e+06 
3.00565e+07 1.02689e+06 1.3447e+06 
2.99991e+07 839865 1.10303e+06 
3.03557e+07 519514 891067 
3.04449e+07 619214 897390 
3.07564e+07 490949 761494 
3.09871e+07 366005 627050 
3.12503e+07 248064 510273 
3.18601e+07 42836.3 393846 
3.25129e+07 15397 535353 
3.27239e+07 350046 812150 
3.30001e+07 470598 898213 
3.39745e+07 204277 915162 
3.48621e+07 403874 541558 
3.4564e+07 172233 57545.4 
3.47033e+07 67753.4 329092 
3.51028e+07 -256119 7968.24 
3.7149e+07 -671539 -1.82046e+06 
1.3086e+07 -209983 -29321.6 
1.37565e+07 -319623 -213207 
1.43579e+07 -415822 -410375 
1.48127e+07 -465155 -503740 
1.51885e+07 -464810 -452453 
1.57078e+07 -490681 -358417 
1.66168e+07 -606564 -382609 
1.78373e+07 -751306 -584091 
1.88592e+07 -816175 -976093 
1.92439e+07 -825117 -1.26944e+06 
1.93405e+07 -810718 -1.05634e+06 
2.00812e+07 -949242 -897704 
2.10511e+07 -934067 -1.10299e+06 
2.20357e+07 -1.05756e+06 -944758 
2.39414e+07 -1.22677e+06 -590669 
2.61355e+07 -968650 -343854 
2.69673e+07 -313090 -175774 
2.5877e+07 214235 -540957 
2.49946e+07 -482853 -430863 
2.63011e+07 -1.06829e+06 -1.07638e+06 
2.66927e+07 -957084 -900512 
2.69595e+07 -862157 -1.52505e+06 
2.64057e+07 -1.03259e+06 -1.64873e+06 
2.54008e+07 -715629 -1.67492e+06 
2.36171e+07 -542308 -1.33991e+06 
2.26069e+07 -448330 -1.9765e+06 
1.98613e+07 -435533 -1.81866e+06 
1.90926e+07 -843495 -1.36837e+06 
1.93363e+07 -1.28394e+06 -1.63558e+06 
2.13342e+07 -2.06036e+06 -1.86436e+06 
2.31379e+07 -1.51112e+06 -1.61493e+06 
2.45764e+07 -1.3386e+06 -1.68226e+06 
2.51531e+07 -1.03646e+06 -1.43994e+06 
2.53336e+07 -822284 -1.1617e+06 
2.58059e+07 -972241 -988989 
2.71584e+07 -1.32812e+06 -1.21169e+06 
2.80284e+07 -735100 -1.30622e+06 
2.8492e+07 -951243 -1.28489e+06 
2.90773e+07 -983450 -1.19811e+06 
2.97845e+07 -957166 -1.11662e+06 
3.04547e+07 -880739 -633495 
3.01777e+07 87768.4 156818 
2.95971e+07 593036 380817 
2.91783e+07 404071 527431 
2.95355e+07 269703 765333 
3.01692e+07 368716 1.01357e+06 
3.26849e+07 -220150 538953 
3.36267e+07 74480.7 -367629 
3.33528e+07 73053.5 241446 
3.94623e+07 -3.22412e+06 -45097.5 
1.33764e+07 -530979 -378701 
1.4467e+07 -595016 -290477 
1.56269e+07 -487283 -163078 
1.6439e+07 -259235 -73475.4 
1.67383e+07 -77389.6 -50749.6 
1.68626e+07 -114363 -37348.3 
1.76581e+07 -453759 -116319 
1.9549e+07 -919692 -439355 
2.19596e+07 -1.23896e+06 -823890 
2.39372e+07 -1.2257e+06 -1.16297e+06 
2.45865e+07 -941433 -1.43906e+06 
2.46467e+07 -967137 -1.08439e+06 
2.56396e+07 -1.02322e+06 -703656 
2.64215e+07 -741629 -848341 
2.66277e+07 -562978 -445289 
2.71135e+07 -510413 -33292.6 
2.76212e+07 -312292 -642026 
2.65926e+07 94205.8 -842506 
2.43977e+07 781227 175135 
2.38327e+07 540667 1.65297e+06 
2.66826e+07 126394 -416748 
2.68757e+07 -722380 -431799 
2.87252e+07 -1.40613e+06 -1.80534e+06 
2.96262e+07 -1.70555e+06 -2.25335e+06 
2.97346e+07 -2.05746e+06 -3.45588e+06 
3.0241e+07 -2.95144e+06 -3.45024e+06 
3.09081e+07 -2.40286e+06 -4.04332e+06 
3.1312e+07 -2.94699e+06 -3.47052e+06 
3.12485e+07 -3.19187e+06 -3.36871e+06 
3.38366e+07 -2.14044e+06 -1.20971e+06 
3.56198e+07 -895123 -56329.7 
3.56374e+07 460473 1.77898e+06 
3.59017e+07 1.6064e+06 1.75879e+06 
3.53633e+07 2.01999e+06 1.61279e+06 
3.48797e+07 1.96678e+06 1.81967e+06 
3.48758e+07 2.32504e+06 2.84712e+06 
3.60598e+07 1.73541e+06 2.5688e+06 
3.66783e+07 1.26058e+06 2.42318e+06 
3.73326e+07 1.49419e+06 2.22092e+06 
3.78194e+07 1.50525e+06 2.03158e+06 
3.62588e+07 2.69112e+06 1.65254e+06 
3.31288e+07 2.00559e+06 -70852.2 
3.11142e+07 88099.7 -554554 
3.07447e+07 -481743 -762812 
3.0922e+07 -714845 -906878 
3.09167e+07 -903666 -1.04035e+06 
3.03943e+07 -258672 780607 
3.63299e+07 -2.51069e+06 2.19888e+06 
3.92504e+07 462903 -1.18938e+06 
3.03638e+07 3.36225e+06 5.38157e+06 
1.46768e+07 -281233 -34356.4 
1.54848e+07 -284629 21672.2 
1.64243e+07 -403379 -194872 
1.73892e+07 -669407 -735048 
1.81252e+07 -925140 -1.27335e+06 
1.85884e+07 -1.0637e+06 -1.47317e+06 
1.9401e+07 -1.23869e+06 -1.18733e+06 
2.15419e+07 -1.44767e+06 -694373 
2.43781e+07 -1.18757e+06 -177007 
2.65024e+07 -501214 315262 
2.73702e+07 135511 480708 
2.73052e+07 302421 49135.7 
2.73208e+07 -303692 -501153 
2.83521e+07 -1.04416e+06 -992491 
3.01119e+07 -1.62072e+06 -2.24099e+06 
3.19561e+07 -2.74986e+06 -4.5218e+06 
3.26662e+07 -3.16895e+06 -3.24634e+06 
3.4248e+07 -2.65488e+06 -3.47553e+06 
3.36556e+07 -2.12081e+06 -4.70972e+06 
2.94358e+07 -2.09638e+06 -5.56331e+06 
2.98732e+07 -4.43475e+06 -1.3268e+06 
3.37693e+07 -463740 241683 
3.50371e+07 1.4558e+06 4.83839e+06 
3.72352e+07 4.84121e+06 9.26717e+06 
3.55361e+07 8.38021e+06 1.14551e+07 
3.34062e+07 2.19936e+07 3.23078e+07 
3.17049e+07 5.00901e+07 7.07162e+07 
2.86298e+07 7.5278e+07 9.13692e+07 
2.41136e+07 1.12964e+08 1.16385e+08 
2.06945e+07 1.21289e+08 1.11712e+08 
1.7348e+07 1.12491e+08 9.93674e+07 
1.54062e+07 7.76159e+07 8.02916e+07 
1.41341e+07 5.82479e+07 7.27006e+07 
1.34296e+07 5.44009e+07 7.42031e+07 
1.31059e+07 6.06562e+07 8.40353e+07 
1.23186e+07 6.82678e+07 8.75645e+07 
1.12731e+07 3.78999e+07 6.14856e+07 
1.11718e+07 1.59312e+07 4.19654e+07 
1.13081e+07 1.98695e+07 4.64001e+07 
1.17311e+07 2.67538e+07 5.92407e+07 
1.24756e+07 3.03649e+07 7.33312e+07 
1.54152e+07 3.13845e+07 8.18725e+07 
1.93599e+07 3.29186e+07 7.45458e+07 
2.14465e+07 3.59075e+07 6.50316e+07 
2.24208e+07 3.82806e+07 6.09698e+07 
2.30466e+07 4.15754e+07 6.45671e+07 
2.25231e+07 4.65426e+07 7.79178e+07 
1.97481e+07 2.26297e+07 1.10545e+08 
1.51982e+07 -1.28012e+07 1.49067e+08 
2.24589e+07 7.169e+07 2.32842e+08 
1.5187e+07 -252775 -258832 
1.58044e+07 -456679 -339557 
1.72414e+07 -873848 -439884 
1.97402e+07 -1.27265e+06 -568827 
2.22049e+07 -1.14965e+06 -611420 
2.35179e+07 -715761 -563403 
2.39409e+07 -559632 -632549 
2.48029e+07 -1.00001e+06 -910213 
2.66548e+07 -1.57583e+06 -1.5292e+06 
2.89341e+07 -2.33189e+06 -2.9471e+06 
3.0555e+07 -2.9522e+06 -4.25244e+06 
3.13182e+07 -3.01221e+06 -3.93589e+06 
3.2086e+07 -2.28423e+06 -2.63067e+06 
3.31134e+07 -915850 -344052 
3.52501e+07 273377 2.51998e+06 
3.88246e+07 1.30919e+06 6.29424e+06 
3.7574e+07 7.47474e+06 8.33634e+06 
3.51257e+07 2.12393e+07 2.75588e+07 
3.1428e+07 5.56391e+07 6.75015e+07 
2.83328e+07 3.84568e+07 4.54072e+07 
2.46571e+07 4.32763e+07 4.87251e+07 
1.92606e+07 5.24056e+07 4.46338e+07 
1.4372e+07 4.00791e+07 2.9766e+07 
1.08146e+07 1.15366e+07 9.88703e+06 
9.01717e+06 1.19764e+06 2.15313e+06 
8.64179e+06 871751 1.49731e+06 
8.32384e+06 988930 1.04426e+06 
8.164e+06 801665 1.02137e+06 
7.85473e+06 838612 1.01627e+06 
7.73234e+06 1.1787e+06 1.05977e+06 
7.57479e+06 273634 315980 
7.44218e+06 101450 123281 
7.3904e+06 38321.6 57425.5 
7.3888e+06 42026.5 67627.7 
7.38195e+06 47059.5 66392.2 
7.36994e+06 43907.7 40811.6 
7.36272e+06 6169.14 48323.8 
7.35929e+06 -8657.49 38910.2 
7.35274e+06 8434.4 -4334.97 
7.34893e+06 12261 -5977.1 
7.34922e+06 1191.19 -19561.6 
7.42971e+06 16459.1 110300 
7.59279e+06 149968 458252 
7.81034e+06 507732 1.26536e+06 
7.88737e+06 757888 1.67991e+06 
7.78602e+06 577704 1.13107e+06 
7.65079e+06 400873 661591 
7.67406e+06 478118 602387 
7.35878e+06 -66651.1 -91001.3 
7.38035e+06 -470213 -617342 
1.61026e+07 -332780 -139456 
1.72098e+07 -719099 -498481 
1.90246e+07 -1.20891e+06 -675018 
2.20651e+07 -1.70259e+06 -899150 
2.53391e+07 -1.89394e+06 -1.58774e+06 
2.7466e+07 -2.00736e+06 -2.64426e+06 
2.83446e+07 -2.06639e+06 -3.25599e+06 
2.8965e+07 -1.87459e+06 -2.31025e+06 
3.07442e+07 -1.1003e+06 -77653.4 
3.36272e+07 217282 3.08218e+06 
3.63028e+07 3.02151e+06 6.4672e+06 
3.50291e+07 6.51945e+06 8.42161e+06 
3.11435e+07 1.8322e+07 2.20415e+07 
2.63211e+07 4.48606e+07 4.79932e+07 
2.04679e+07 2.91591e+07 2.65284e+07 
1.49317e+07 1.48325e+07 1.15327e+07 
9.37062e+06 3.63035e+06 1.70943e+06 
8.16653e+06 243115 540895 
7.89749e+06 310275 437241 
7.96016e+06 401633 449438 
7.5665e+06 757277 -65495.9 
7.42357e+06 -97891.7 -164048 
7.34818e+06 2650.95 -70452.5 
7.2892e+06 -56643.5 -159906 
7.29315e+06 -81027.2 -159666 
7.27294e+06 -112479 -219282 
7.25623e+06 -150944 -247109 
7.26262e+06 -119682 -195934 
7.27343e+06 -121959 -196761 
7.28366e+06 -104511 -138597 
7.30843e+06 -55699.4 -71297.6 
7.33451e+06 -27112.1 -18028.3 
7.34443e+06 -4839.79 -1098.7 
7.34577e+06 -112.962 -1754.32 
7.3453e+06 -1560.28 -3735.32 
7.34641e+06 -2744.19 -2322.44 
7.34773e+06 -1116.61 1152.49 
7.34783e+06 862.998 2427.61 
7.34791e+06 484.286 2883.68 
7.34807e+06 1468.6 3197.33 
7.34812e+06 877.677 2994.9 
7.34753e+06 1831.22 2178.01 
7.34268e+06 5879.87 -10922.6 
7.33343e+06 -6149.82 -32594.3 
7.32783e+06 -21074.8 -47598.2 
7.32675e+06 -22770.9 -51720.9 
7.32644e+06 -29220.8 -49737.1 
7.32815e+06 -35198.7 -31591.1 
7.33976e+06 -15517.6 -5354.14 
7.34629e+06 7944.52 12660.9 
1.72415e+07 -1.71845e+06 -1.63608e+06 
1.99817e+07 -2.22744e+06 -2.22769e+06 
2.2797e+07 -2.34745e+06 -2.4098e+06 
2.58961e+07 -2.2002e+06 -1.66669e+06 
2.97314e+07 -1.67146e+06 -373071 
3.30886e+07 -300680 1.60004e+06 
3.50357e+07 1.59322e+06 4.04905e+06 
3.44939e+07 3.63845e+06 5.25325e+06 
3.06899e+07 5.15557e+06 5.74991e+06 
2.40531e+07 1.29659e+07 1.08196e+07 
1.64211e+07 1.41798e+07 8.79746e+06 
1.02295e+07 4.20897e+06 986474 
7.58427e+06 400349 -588865 
7.2921e+06 -891723 -389655 
7.42957e+06 -168522 -24454.1 
7.27397e+06 720025 -258415 
7.2027e+06 -5317.58 -218888 
7.41854e+06 36711.1 -10205.4 
7.37707e+06 15692.5 -44655.8 
7.35599e+06 -10236.4 -12835.4 
7.35775e+06 -16376 6747.09 
7.33211e+06 -27408.4 -4003.31 
7.34364e+06 -8084.17 4392.12 
7.35512e+06 -606.286 23159.9 
7.35294e+06 6959.34 18989.5 
7.35497e+06 7652.46 23796.7 
7.35797e+06 11955.3 29799.1 
7.358e+06 13967.8 26264.2 
7.35739e+06 11955.6 24348.8 
7.35455e+06 10775.7 16020.9 
7.35156e+06 6335.04 7751.23 
7.34922e+06 3069.33 2556.29 
7.34778e+06 867.509 -112.492 
7.3475e+06 -92.1663 -256.776 
7.34757e+06 -83.2022 -59.8909 
7.34759e+06 19.5856 59.8577 
7.34751e+06 99.7685 -59.7914 
7.34747e+06 15.0269 -226.696 
7.34749e+06 -80.3531 -223.672 
7.34748e+06 -72.5785 -225.201 
7.34748e+06 -92.5539 -183.528 
7.34748e+06 -63.2344 -174.211 
7.34749e+06 -172.265 -127.033 
7.34765e+06 -293.847 319.51 
7.348e+06 47.7542 1156.11 
7.34823e+06 757.936 1550.35 
7.34823e+06 934.642 1431.13 
7.34816e+06 1089.01 1154.28 
7.34787e+06 718.343 303.809 
7.34757e+06 62.1166 -308.747 
2.38387e+07 -2.61796e+06 -2.00727e+06 
2.83556e+07 -2.48393e+06 -1.50364e+06 
3.15507e+07 -1.26614e+06 -408314 
3.19332e+07 697812 1.74994e+06 
3.0711e+07 2.36176e+06 3.71447e+06 
2.73037e+07 4.34216e+06 4.86154e+06 
2.10742e+07 1.18258e+07 9.09808e+06 
1.39908e+07 8.86636e+06 4.57636e+06 
8.88149e+06 2.77958e+06 1.42265e+06 
7.69804e+06 804804 562767 
7.43085e+06 469171 1.12803e+06 
7.51035e+06 1.73171e+06 1.08328e+06 
7.566e+06 6.51527e+06 4.99723e+06 
7.60635e+06 223055 127943 
7.43998e+06 103492 57102.1 
7.38034e+06 17394.9 17295.7 
7.36331e+06 -13544.1 33665.9 
7.34779e+06 -3444.24 23998.8 
7.35525e+06 12016 26414.3 
7.35785e+06 17986.5 20299.7 
7.35289e+06 10394.5 7738.64 
7.35052e+06 5361.54 2210.11 
7.34843e+06 1667.41 -408.267 
7.3468e+06 -25.6503 -2596.28 
7.34685e+06 -892.457 -2265.84 
7.34688e+06 -789.855 -2145.05 
7.34656e+06 -926.633 -2736.27 
7.34647e+06 -1165.02 -2713.83 
7.34658e+06 -1066.37 -2284.09 
7.34683e+06 -904.643 -1509.77 
7.34714e+06 -596.189 -747.142 
7.34736e+06 -294.621 -237.526 
7.34749e+06 -91.835 -13.8982 
7.34753e+06 -1.30459 30.4097 
7.34753e+06 9.37205 19.232 
7.34752e+06 7.25706 9.15415 
7.34752e+06 1.30438 1.80688 
7.34753e+06 -3.60972 7.99582 
7.34753e+06 2.29088 13.6032 
7.34753e+06 5.28826 11.3435 
7.34753e+06 4.47456 10.02 
7.34752e+06 4.26239 7.70979 
7.34752e+06 3.60574 7.59384 
7.34752e+06 6.90457 5.59991 
7.34752e+06 8.74158 -7.1285 
7.34751e+06 -2.77123 -27.8187 
7.3475e+06 -20.0396 -34.1502 
7.34751e+06 -24.0996 -30.9526 
7.34751e+06 -25.2596 -15.0522 
7.34752e+06 -6.57772 6.9575 
3.1471e+07 -1.07392e+06 60421.7 
3.25642e+07 873564 2.72922e+06 
3.06696e+07 3.56689e+06 4.55851e+06 
2.40249e+07 5.55477e+06 4.47564e+06 
1.59906e+07 1.13653e+07 5.50105e+06 
9.74626e+06 3.96968e+06 900162 
7.39766e+06 733440 -382170 
7.45774e+06 -7425.68 857418 
7.51035e+06 3.58897e+06 1.47035e+06 
7.54134e+06 4.59806e+06 3.66265e+06 
7.25007e+06 66533.1 -210682 
7.19988e+06 -141988 -144461 
7.25143e+06 -90149.9 -65129.4 
7.31769e+06 -56343.2 -4377.37 
7.3428e+06 -1405.59 2890.11 
7.35076e+06 7189.33 2116.02 
7.34639e+06 2908.27 -5453.4 
7.34572e+06 -1086.79 -6876.58 
7.34375e+06 -4183.54 -7721.47 
7.34367e+06 -4831.08 -6306.5 
7.34541e+06 -3204.27 -2933.18 
7.3469e+06 -1143.64 -567.739 
7.34741e+06 -215.667 119.686 
7.3476e+06 47.7052 310.712 
7.34761e+06 123.92 283.464 
7.34759e+06 103.834 218.327 
7.34761e+06 88.0431 232.767 
7.34762e+06 95.5825 242.902 
7.34761e+06 93.2246 200.074 
7.34758e+06 75.3216 123.114 
7.34756e+06 47.2542 63.9946 
7.34754e+06 26.013 21.2673 
7.34753e+06 8.06289 2.095 
7.34752e+06 0.856829 -1.74029 
7.34752e+06 -0.470819 -1.35224 
7.34752e+06 -0.345894 -1.03847 
7.34752e+06 -0.448585 -0.363306 
7.34752e+06 0.0742866 -0.0677732 
7.34752e+06 0.159108 -0.519345 
7.34752e+06 -0.253762 -0.595271 
7.34752e+06 -0.229501 -0.441383 
7.34752e+06 -0.204637 -0.373157 
7.34752e+06 -0.173136 -0.281036 
7.34752e+06 -0.147636 -0.272916 
7.34752e+06 -0.218631 -0.194793 
7.34752e+06 -0.210071 0.0964881 
7.34752e+06 0.0643962 0.480765 
7.34752e+06 0.382527 0.59784 
7.34752e+06 0.524053 0.442427 
7.34752e+06 0.369423 -0.0565194 
2.96022e+07 4.35898e+06 4.26246e+06 
2.1369e+07 1.17564e+07 8.13296e+06 
1.28246e+07 1.06491e+07 4.27757e+06 
7.56875e+06 2.71148e+06 -25531.1 
7.50099e+06 -446756 395412 
8.05336e+06 2.04577e+06 2.1752e+06 
8.0909e+06 3.41309e+06 3.25874e+06 
7.48224e+06 324497 -17777.2 
7.1782e+06 -70794.2 -101700 
7.23989e+06 -94014.2 -32315.2 
7.37983e+06 -193.786 55788.1 
7.40404e+06 50465.4 52972.1 
7.37099e+06 28507.1 14938.4 
7.35017e+06 6130.64 -3406.6 
7.34329e+06 -4571.02 -6273.31 
7.34527e+06 -3760.9 -1826.83 
7.34764e+06 -488.548 1211.46 
7.34818e+06 617.902 1732.39 
7.34845e+06 1051.47 1713.16 
7.34836e+06 1000.44 1331.52 
7.34799e+06 649.612 671.037 
7.34765e+06 234.942 144.945 
7.34753e+06 37.1039 -22.1026 
7.34751e+06 -14.3378 -44.2037 
7.34751e+06 -19.6989 -37.1801 
7.34752e+06 -14.9872 -26.0098 
7.34752e+06 -10.385 -21.3559 
7.34752e+06 -8.51579 -20.3237 
7.34752e+06 -7.70969 -16.8514 
7.34752e+06 -6.24735 -9.77441 
7.34752e+06 -3.47398 -4.47258 
7.34752e+06 -1.6969 -1.52189 
7.34752e+06 -0.504431 -0.0808736 
7.34752e+06 0.0245916 0.172588 
7.34752e+06 0.0853033 0.124034 
7.34752e+06 0.0473888 0.082752 
7.34752e+06 0.0405884 0.0480789 
7.34752e+06 0.0158323 -0.00439421 
7.34752e+06 -0.0214713 -0.000471118 
7.34752e+06 -0.00645013 0.0156645 
7.34752e+06 0.00201225 0.00550965 
7.34752e+06 -0.00568619 0.00109779 
7.34752e+06 -0.00358448 -0.0018933 
7.34752e+06 -0.00581178 -0.00486788 
7.34752e+06 -0.00528243 -0.00478693 
7.34752e+06 -0.00405307 -0.00550787 
7.34752e+06 -0.0054503 -0.00867042 
7.34752e+06 -0.00806141 -0.0155088 
7.34752e+06 -0.0107347 -0.021448 
7.34752e+06 -0.014468 -0.0191263 
1.14202e+07 8.07232e+06 3.37197e+06 
7.35533e+06 2.04131e+06 353859 
7.60619e+06 -231067 635470 
7.93163e+06 2.74142e+06 1.99619e+06 
7.80041e+06 391596 120376 
7.19259e+06 62543.8 -125852 
7.08698e+06 -191565 -156744 
7.30713e+06 -99643.6 -11523.2 
7.394e+06 29111.1 26895.3 
7.36799e+06 21846.6 2381.71 
7.33677e+06 -3083.75 -16560.6 
7.33156e+06 -15205.8 -14857.5 
7.3423e+06 -7081.76 -3039.02 
7.34855e+06 116.606 2606.98 
7.34939e+06 2220.93 2509.11 
7.34824e+06 1239.79 729.781 
7.34744e+06 98.5286 -288.394 
7.3473e+06 -213.916 -419.551 
7.34731e+06 -245.216 -352.652 
7.34736e+06 -193.252 -244.575 
7.34744e+06 -114.504 -121.447 
7.3475e+06 -43.3236 -30.9117 
7.34752e+06 -8.1885 1.54554 
7.34753e+06 1.8604 6.25786 
7.34753e+06 2.97899 5.10013 
7.34753e+06 2.32654 3.54302 
7.34752e+06 1.62429 2.51319 
7.34752e+06 1.16406 1.99147 
7.34752e+06 0.891027 1.56753 
7.34752e+06 0.68499 0.931505 
7.34752e+06 0.392083 0.389257 
7.34752e+06 0.168056 0.12525 
7.34752e+06 0.0526353 0.0102501 
7.34752e+06 -0.00202336 -0.0198663 
7.34752e+06 -0.0160605 -0.0226221 
7.34752e+06 -0.018344 -0.0222444 
7.34752e+06 -0.0186631 -0.0209892 
7.34752e+06 -0.0176435 -0.016719 
7.34752e+06 -0.0134777 -0.0136367 
7.34752e+06 -0.0112741 -0.0128024 
7.34752e+06 -0.0102891 -0.0106944 
7.34752e+06 -0.00799896 -0.0084592 
7.34752e+06 -0.00639566 -0.00698593 
7.34752e+06 -0.00519531 -0.00566663 
7.34752e+06 -0.00385885 -0.00495045 
7.34752e+06 -0.00307783 -0.00440486 
7.34752e+06 -0.00314895 -0.00305002 
7.34752e+06 -0.00305472 -0.00147874 
7.34752e+06 -0.00168273 -0.00160843 
7.34752e+06 -0.000461489 -0.00385057 
7.34665e+06 -5.13825e+06 -3.72606e+06 
7.66939e+06 127817 -35260.6 
7.4614e+06 220688 15380.3 
7.17756e+06 -65802.1 -71442.7 
7.27421e+06 -110257 -16921 
7.38459e+06 -3598.38 28773.9 
7.40582e+06 50929.4 37123.6 
7.35738e+06 23818.9 5230.19 
7.3346e+06 -8865.8 -7836.78 
7.34419e+06 -4890.7 964.666 
7.35145e+06 2278.3 5312.68 
7.35163e+06 4328.44 3923.4 
7.3485e+06 1641.3 513.626 
7.34691e+06 -340.248 -959.801 
7.34687e+06 -732.931 -800.244 
7.34728e+06 -373.451 -248.226 
7.34753e+06 -44.9876 48.4015 
7.34757e+06 48.3394 90.9645 
7.34757e+06 50.0604 68.153 
7.34755e+06 34.002 41.5252 
7.34754e+06 18.1016 19.3425 
7.34753e+06 6.84012 5.38625 
7.34752e+06 1.59883 0.287268 
7.34752e+06 0.102249 -0.525788 
7.34752e+06 -0.0811978 -0.3857 
7.34752e+06 -0.0401707 -0.235042 
7.34752e+06 -0.016363 -0.154344 
7.34752e+06 -0.0182225 -0.120461 
7.34752e+06 -0.0297635 -0.106213 
7.34752e+06 -0.0415108 -0.0786087 
7.34752e+06 -0.0389017 -0.0454252 
7.34752e+06 -0.0291732 -0.0281664 
7.34752e+06 -0.0231829 -0.0209605 
7.34752e+06 -0.018944 -0.0170226 
7.34752e+06 -0.0154877 -0.0138945 
7.34752e+06 -0.0121987 -0.0106846 
7.34752e+06 -0.0090548 -0.00776551 
7.34752e+06 -0.00634278 -0.00547357 
7.34752e+06 -0.00432905 -0.00372658 
7.34752e+06 -0.00281141 -0.00228254 
7.34752e+06 -0.00159443 -0.00125128 
7.34752e+06 -0.00078959 -0.000582838 
7.34752e+06 -0.00028165 -6.71215e-05 
7.34752e+06 6.35235e-05 0.000334242 
7.34752e+06 0.000321002 0.000537093 
7.34752e+06 0.000589995 0.00046704 
7.34752e+06 0.000636203 0.000444959 
7.34752e+06 0.000260006 0.000983763 
7.34752e+06 0.00014131 0.00171956 
7.34752e+06 0.00059128 0.0018081 
7.42935e+06 165990 92449.6 
7.27537e+06 -17627.8 701.434 
7.33676e+06 -49584.4 2726.24 
7.39157e+06 26296.7 22513 
7.36487e+06 26539.3 6616.7 
7.33469e+06 -2247.83 -9665.79 
7.33412e+06 -13643.2 -9085.93 
7.3464e+06 -4746.51 -653.989 
7.35095e+06 2604.33 2195.53 
7.34791e+06 1212.08 -543.667 
7.34607e+06 -1024.56 -1732.62 
7.34639e+06 -1259.46 -1079.49 
7.3473e+06 -406.868 -101.978 
7.3477e+06 117.109 269.055 
7.34769e+06 193.369 214.177 
7.34759e+06 97.2146 72.3805 
7.34752e+06 15.49 -4.57834 
7.34751e+06 -9.97358 -18.4753 
7.34752e+06 -10.4173 -13.1586 
7.34752e+06 -6.14571 -6.92054 
7.34752e+06 -2.68504 -2.71929 
7.34752e+06 -0.713521 -0.525436 
7.34752e+06 0.065783 0.187296 
7.34752e+06 0.212197 0.233531 
7.34752e+06 0.152843 0.137174 
7.34752e+06 0.0751947 0.06059 
7.34752e+06 0.0231128 0.0162874 
7.34752e+06 -0.00511297 -0.00628314 
7.34752e+06 -0.0173842 -0.0148354 
7.34752e+06 -0.0198734 -0.016471 
7.34752e+06 -0.0179259 -0.0153446 
7.34752e+06 -0.0145421 -0.012206 
7.34752e+06 -0.0105332 -0.00838193 
7.34752e+06 -0.00682282 -0.00509402 
7.34752e+06 -0.00392229 -0.0026313 
7.34752e+06 -0.0018592 -0.000960446 
7.34752e+06 -0.000514246 9.15811e-05 
7.34752e+06 0.000295791 0.000708471 
7.34752e+06 0.000741415 0.00103518 
7.34752e+06 0.000951126 0.00116916 
7.34752e+06 0.00100664 0.00118824 
7.34752e+06 0.000981825 0.00114212 
7.34752e+06 0.000920519 0.00105907 
7.34752e+06 0.000826874 0.00098612 
7.34752e+06 0.000719569 0.000950311 
7.34752e+06 0.000666939 0.000875139 
7.34752e+06 0.000681509 0.00068278 
7.34752e+06 0.000576388 0.000562368 
7.34752e+06 0.000321829 0.000766409 
7.34752e+06 0.000322168 0.00120871 
7.32806e+06 -41263.2 -22881.6 
7.36549e+06 7542.86 2924.83 
7.35096e+06 11602.3 1200.75 
7.33728e+06 -6468.91 -5702.94 
7.34502e+06 -5760.47 -862.762 
7.35171e+06 1685.03 3133.38 
7.35076e+06 3638.48 2344.28 
7.3475e+06 924.441 -0.127478 
7.34664e+06 -688.152 -563.771 
7.34748e+06 -289.106 182.857 
7.34796e+06 338.199 520.127 
7.34782e+06 356.164 302.896 
7.34757e+06 107.074 28.7983 
7.34747e+06 -31.6932 -67.3311 
7.34748e+06 -48.4594 -53.2934 
7.34751e+06 -25.0132 -19.8946 
7.34752e+06 -5.63861 -1.18319 
7.34753e+06 1.39854 3.35956 
7.34753e+06 2.20059 2.74655 
7.34752e+06 1.46338 1.50899 
7.34752e+06 0.745144 0.65687 
7.34752e+06 0.304474 0.206854 
7.34752e+06 0.0881125 0.0235433 
7.34752e+06 0.000316292 -0.0306141 
7.34752e+06 -0.0286305 -0.0395235 
7.34752e+06 -0.0340744 -0.0357263 
7.34752e+06 -0.0303653 -0.0281853 
7.34752e+06 -0.0233611 -0.0198807 
7.34752e+06 -0.0159791 -0.0125604 
7.34752e+06 -0.0097255 -0.00693892 
7.34752e+06 -0.00507897 -0.00300055 
7.34752e+06 -0.00193921 -0.000549523 
7.34752e+06 -5.87207e-05 0.000775782 
7.34752e+06 0.000913548 0.0013795 
7.34752e+06 0.00131169 0.00154979 
7.34752e+06 0.00137315 0.0014825 
7.34752e+06 0.00126042 0.0013037 
7.34752e+06 0.00107368 0.00108811 
7.34752e+06 0.000871388 0.00087668 
7.34752e+06 0.000685074 0.000689577 
7.34752e+06 0.00052537 0.000535482 
7.34752e+06 0.000394363 0.000413396 
7.34752e+06 0.000295079 0.000313236 
7.34752e+06 0.000222194 0.00023044 
7.34752e+06 0.000157871 0.000178081 
7.34752e+06 0.000102515 0.000162428 
7.34752e+06 8.95279e-05 0.000134452 
7.34752e+06 0.000106464 4.97219e-05 
7.34752e+06 5.92056e-05 -1.65991e-05 
7.34752e+06 6.07021e-05 4.13653e-05 
7.35227e+06 10041.6 5239.5 
7.34253e+06 -2495.19 -1770.47 
7.3462e+06 -2962.8 -927.439 
7.34911e+06 1053.62 763.081 
7.34744e+06 864.129 -231.985 
7.34617e+06 -756.957 -999.705 
7.34668e+06 -941.816 -610.998 
7.34751e+06 -202.232 -2.40411 
7.34768e+06 144.306 106.82 
7.34748e+06 42.1226 -68.2475 
7.34738e+06 -104.322 -147.495 
7.34744e+06 -100.284 -86.5365 
7.34751e+06 -33.1742 -13.0592 
7.34753e+06 4.39254 13.6555 
7.34753e+06 10.2769 11.9505 
7.34753e+06 5.85872 5.09225 
7.34752e+06 1.92253 1.06747 
7.34752e+06 0.289754 -0.169398 
7.34752e+06 -0.0937039 -0.281821 
7.34752e+06 -0.110116 -0.1788 
7.34752e+06 -0.0768975 -0.0985202 
7.34752e+06 -0.0550964 -0.0577181 
7.34752e+06 -0.0428428 -0.0385633 
7.34752e+06 -0.0332568 -0.0272717 
7.34752e+06 -0.023839 -0.0181058 
7.34752e+06 -0.0150638 -0.0103286 
7.34752e+06 -0.00797461 -0.00451525 
7.34752e+06 -0.00305036 -0.000811306 
7.34752e+06 -0.000113741 0.00116315 
7.34752e+06 0.00133919 0.00195975 
7.34752e+06 0.00183685 0.00205476 
7.34752e+06 0.00179632 0.00180282 
7.34752e+06 0.00151319 0.00142639 
7.34752e+06 0.00116085 0.00104664 
7.34752e+06 0.000826677 0.000719093 
7.34752e+06 0.000551223 0.00046104 
7.34752e+06 0.000341909 0.000272 
7.34752e+06 0.00019227 0.000140771 
7.34752e+06 9.04623e-05 5.32848e-05 
7.34752e+06 2.59582e-05 -3.15205e-06 
7.34752e+06 -1.34776e-05 -3.79785e-05 
7.34752e+06 -3.76242e-05 -5.66309e-05 
7.34752e+06 -5.08639e-05 -6.4384e-05 
7.34752e+06 -5.31105e-05 -6.91485e-05 
7.34752e+06 -5.17775e-05 -7.44072e-05 
7.34752e+06 -5.45809e-05 -7.30529e-05 
7.34752e+06 -5.82657e-05 -5.96143e-05 
7.34752e+06 -4.78584e-05 -5.17163e-05 
7.34752e+06 -3.56091e-05 -7.21609e-05 
7.34752e+06 -1.86037e-06 -0.000130246 
7.34611e+06 -2265.47 -1216.2 
7.34855e+06 586.155 497.924 
7.34797e+06 637.07 381.678 
7.34749e+06 -61.3331 94.4993 
7.34778e+06 25.413 258.049 
7.34791e+06 303.36 319.973 
7.34771e+06 239.065 156.98 
7.34752e+06 43.8432 5.86916 
7.3475e+06 -27.4404 -13.8124 
7.34754e+06 -1.75405 23.2683 
7.34756e+06 27.841 37.7987 
7.34755e+06 24.8937 22.4223 
7.34753e+06 9.13131 4.82846 
7.34752e+06 0.159701 -1.94939 
7.34752e+06 -1.55046 -2.04126 
7.34752e+06 -0.865558 -0.835849 
7.34752e+06 -0.2302 -0.15536 
7.34752e+06 -0.0116961 0.0204497 
7.34752e+06 0.00417754 0.0124131 
7.34752e+06 -0.0180173 -0.0142179 
7.34752e+06 -0.0278452 -0.0227576 
7.34752e+06 -0.0242385 -0.0184528 
7.34752e+06 -0.0154942 -0.0104073 
7.34752e+06 -0.00727401 -0.0035961 
7.34752e+06 -0.00167511 0.000549038 
7.34752e+06 0.00129634 0.0023814 
7.34752e+06 0.00239516 0.00274846 
7.34752e+06 0.00242721 0.00238876 
7.34752e+06 0.00198185 0.00178379 
7.34752e+06 0.00141694 0.00118412 
7.34752e+06 0.000905007 0.000699497 
7.34752e+06 0.000510964 0.000352453 
7.34752e+06 0.000239939 0.00012747 
7.34752e+06 7.13744e-05 -5.26401e-06 
7.34752e+06 -2.42923e-05 -7.24665e-05 
7.34752e+06 -7.05666e-05 -9.95891e-05 
7.34752e+06 -8.55338e-05 -0.000104289 
7.34752e+06 -8.46596e-05 -9.7237e-05 
7.34752e+06 -7.6762e-05 -8.43828e-05 
7.34752e+06 -6.52517e-05 -7.07546e-05 
7.34752e+06 -5.32975e-05 -5.86715e-05 
7.34752e+06 -4.30081e-05 -4.83379e-05 
7.34752e+06 -3.50061e-05 -3.89645e-05 
7.34752e+06 -2.75704e-05 -3.07558e-05 
7.34752e+06 -2.106e-05 -2.50932e-05 
7.34752e+06 -1.61911e-05 -2.24203e-05 
7.34752e+06 -1.44349e-05 -1.99456e-05 
7.34752e+06 -1.30447e-05 -1.32454e-05 
7.34752e+06 -1.33891e-05 -6.34891e-06 
7.34752e+06 -4.49081e-06 -1.90336e-05 
7.34791e+06 433.937 276.093 
7.34743e+06 -100.187 -55.6673 
7.34746e+06 -61.3032 -65.9352 
7.34742e+06 1.93706 -88.093 
7.34735e+06 -77.642 -134.609 
7.34738e+06 -120.149 -111.916 
7.34746e+06 -70.6367 -47.7424 
7.34752e+06 -15.4157 -7.431 
7.34752e+06 1.1339 -2.31634 
7.34752e+06 -3.51962 -8.29653 
7.34751e+06 -7.59543 -9.22337 
7.34752e+06 -5.56823 -4.97719 
7.34752e+06 -1.85087 -1.01212 
7.34752e+06 0.0789466 0.447588 
7.34752e+06 0.384115 0.430984 
7.34752e+06 0.178458 0.140978 
7.34752e+06 0.0109928 -0.014688 
7.34752e+06 -0.042743 -0.0473615 
7.34752e+06 -0.0390576 -0.0339803 
7.34752e+06 -0.0220636 -0.015626 
7.34752e+06 -0.00825365 -0.00358789 
7.34752e+06 -0.000418934 0.00212414 
7.34752e+06 0.00285116 0.00384413 
7.34752e+06 0.00348731 0.00359782 
7.34752e+06 0.00293175 0.00265599 
7.34752e+06 0.00203559 0.0016647 
7.34752e+06 0.00121021 0.000880845 
7.34752e+06 0.000598755 0.000355143 
7.34752e+06 0.00020903 4.87407e-05 
7.34752e+06 -7.1443e-06 -0.000100736 
7.34752e+06 -0.000104042 -0.000153635 
7.34752e+06 -0.000132456 -0.000153868 
7.34752e+06 -0.000123566 -0.000129761 
7.34752e+06 -0.000100978 -9.95671e-05 
7.34752e+06 -7.47705e-05 -7.20525e-05 
7.34752e+06 -5.30345e-05 -4.84528e-05 
7.34752e+06 -3.49013e-05 -3.07606e-05 
7.34752e+06 -2.17503e-05 -1.84779e-05 
7.34752e+06 -1.25828e-05 -1.03453e-05 
7.34752e+06 -6.6581e-06 -4.44335e-06 
7.34752e+06 -2.55434e-06 -6.45618e-07 
7.34752e+06 1.66013e-07 1.73003e-06 
7.34752e+06 1.76646e-06 3.00618e-06 
7.34752e+06 2.76848e-06 3.68981e-06 
7.34752e+06 3.04054e-06 4.17807e-06 
7.34752e+06 3.13033e-06 4.55399e-06 
7.34752e+06 2.96066e-06 4.0205e-06 
7.34752e+06 4.6616e-06 3.44506e-06 
7.34752e+06 -9.41635e-07 3.27948e-06 
7.34752e+06 -3.47387e-06 6.54409e-06 
7.34741e+06 -78.3185 -57.8541 
7.34747e+06 18.754 -13.8925 
7.34747e+06 -21.7877 -17.9453 
7.34753e+06 -22.2547 15.4795 
7.34758e+06 22.4323 42.8725 
7.34757e+06 36.3836 34.8015 
7.34754e+06 19.909 14.6806 
7.34753e+06 5.24708 3.98603 
7.34753e+06 1.47247 2.52636 
7.34753e+06 2.24123 3.15162 
7.34753e+06 2.43921 2.57859 
7.34752e+06 1.48666 1.23903 
7.34752e+06 0.466529 0.234643 
7.34752e+06 -0.0331047 -0.132357 
7.34752e+06 -0.128276 -0.141385 
7.34752e+06 -0.0834083 -0.0696735 
7.34752e+06 -0.0335063 -0.0200669 
7.34752e+06 -0.00686592 0.000754169 
7.34752e+06 0.0032542 0.00644494 
7.34752e+06 0.00558383 0.00638141 
7.34752e+06 0.00490275 0.0046578 
7.34752e+06 0.00338362 0.00282511 
7.34752e+06 0.00194321 0.00140801 
7.34752e+06 0.000892947 0.000497851 
7.34752e+06 0.000253506 6.51877e-06 
7.34752e+06 -6.92559e-05 -0.000200952 
7.34752e+06 -0.000188798 -0.000245985 
7.34752e+06 -0.000199252 -0.000214286 
7.34752e+06 -0.000162798 -0.000157919 
7.34752e+06 -0.000115545 -0.000102984 
7.34752e+06 -7.27059e-05 -6.03216e-05 
7.34752e+06 -4.08828e-05 -2.97008e-05 
7.34752e+06 -1.87296e-05 -1.16553e-05 
7.34752e+06 -6.53812e-06 -6.71028e-07 
7.34752e+06 5.42902e-07 4.16254e-06 
7.34752e+06 3.82047e-06 5.9549e-06 
7.34752e+06 4.72465e-06 5.97436e-06 
7.34752e+06 4.52818e-06 5.73358e-06 
7.34752e+06 4.10296e-06 5.16714e-06 
7.34752e+06 3.82991e-06 4.22619e-06 
7.34752e+06 3.04123e-06 3.37732e-06 
7.34752e+06 2.44313e-06 2.6465e-06 
7.34752e+06 1.75611e-06 2.00043e-06 
7.34752e+06 1.28715e-06 1.36308e-06 
7.34752e+06 8.11087e-07 8.4355e-07 
7.34752e+06 6.13151e-07 4.94383e-07 
7.34752e+06 9.61668e-08 6.14988e-07 
7.34752e+06 1.43593e-06 -3.48918e-07 
7.34752e+06 -3.98583e-06 1.7157e-06 
7.34752e+06 -3.32966e-06 2.57007e-07 
7.34753e+06 14.4365 9.26713 
7.34753e+06 -9.78339 3.0432 
7.34755e+06 7.05834 11.1669 
7.34753e+06 10.912 1.68195 
7.34751e+06 -3.30452 -9.41607 
7.34751e+06 -8.75648 -8.91182 
7.34752e+06 -4.9656 -3.94797 
7.34752e+06 -1.42061 -1.27889 
7.34752e+06 -0.543523 -0.880731 
7.34752e+06 -0.687432 -0.925281 
7.34752e+06 -0.661428 -0.698882 
7.34752e+06 -0.405445 -0.350884 
7.34752e+06 -0.160582 -0.10425 
7.34752e+06 -0.0314686 -0.000519411 
7.34752e+06 0.00957031 0.0210182 
7.34752e+06 0.0140788 0.0166095 
7.34752e+06 0.0101072 0.0097492 
7.34752e+06 0.00612288 0.00514348 
7.34752e+06 0.00330157 0.00238284 
7.34752e+06 0.00145999 0.000782924 
7.34752e+06 0.000380753 -4.06472e-05 
7.34752e+06 -0.0001407 -0.000359982 
7.34752e+06 -0.000310453 -0.000398096 
7.34752e+06 -0.000299804 -0.000315828 
7.34752e+06 -0.000222314 -0.000207451 
7.34752e+06 -0.000138634 -0.000115657 
7.34752e+06 -7.33843e-05 -5.23674e-05 
7.34752e+06 -3.06028e-05 -1.52083e-05 
7.34752e+06 -6.76286e-06 3.09439e-06 
7.34752e+06 4.4152e-06 1.02201e-05 
7.34752e+06 8.01657e-06 1.17163e-05 
7.34752e+06 8.64771e-06 9.65705e-06 
7.34752e+06 6.60201e-06 7.3698e-06 
7.34752e+06 5.04395e-06 4.55781e-06 
7.34752e+06 2.8763e-06 3.12136e-06 
7.34752e+06 1.87079e-06 1.73313e-06 
7.34752e+06 9.5266e-07 9.51371e-07 
7.34752e+06 7.90784e-07 3.63888e-07 
7.34752e+06 2.73792e-07 -4.69861e-08 
7.34752e+06 5.84829e-09 -3.041e-07 
7.34752e+06 -1.76577e-07 -3.49971e-07 
7.34752e+06 -1.79084e-07 -3.55907e-07 
7.34752e+06 -2.27446e-07 -3.34272e-07 
7.34752e+06 -2.82119e-07 -2.67067e-07 
7.34752e+06 -2.58379e-07 -2.01404e-07 
7.34752e+06 -1.91369e-07 -2.13714e-07 
7.34752e+06 -2.58939e-07 -1.30739e-07 
7.34752e+06 -3.86767e-07 -2.76273e-07 
7.34752e+06 3.43829e-07 7.61683e-07 
7.34752e+06 -4.16569e-06 -2.13205e-06 
7.34752e+06 -8.70964 -3.76953 
7.34752e+06 1.66249 -0.0436553 
7.34752e+06 -0.837667 -2.71463 
7.34752e+06 -3.20209 -1.66854 
7.34752e+06 -0.15785 1.26766 
7.34753e+06 1.57268 1.77386 
7.34752e+06 1.05055 0.90001 
7.34752e+06 0.360948 0.322651 
7.34752e+06 0.15469 0.197177 
7.34752e+06 0.150794 0.182838 
7.34752e+06 0.126935 0.133365 
7.34752e+06 0.075033 0.0703615 
7.34752e+06 0.0326705 0.02736 
7.34752e+06 0.0111324 0.00789413 
7.34752e+06 0.00329189 0.00158742 
7.34752e+06 0.000904452 -7.8881e-05 
7.34752e+06 4.16775e-05 -0.000579642 
7.34752e+06 -0.000356837 -0.000720358 
7.34752e+06 -0.00047469 -0.000642802 
7.34752e+06 -0.000411324 -0.000456225 
7.34752e+06 -0.000278586 -0.000264197 
7.34752e+06 -0.000153113 -0.000120907 
7.34752e+06 -6.52942e-05 -3.53651e-05 
7.34752e+06 -1.57368e-05 5.45501e-06 
7.34752e+06 6.49936e-06 1.9302e-05 
7.34752e+06 1.31043e-05 1.96134e-05 
7.34752e+06 1.22359e-05 1.49338e-05 
7.34752e+06 9.00231e-06 9.61142e-06 
7.34752e+06 5.56292e-06 5.47243e-06 
7.34752e+06 2.99876e-06 2.46469e-06 
7.34752e+06 1.41709e-06 6.79933e-07 
7.34752e+06 4.20021e-07 -1.98256e-07 
7.34752e+06 -9.22198e-08 -6.07909e-07 
7.34752e+06 -3.59642e-07 -5.77847e-07 
7.34752e+06 -2.81356e-07 -5.15468e-07 
7.34752e+06 -2.99544e-07 -3.80425e-07 
7.34752e+06 -2.65187e-07 -3.17977e-07 
7.34752e+06 -1.88774e-07 -2.77443e-07 
7.34752e+06 -1.79042e-07 -2.76555e-07 
7.34752e+06 -2.01683e-07 -2.45315e-07 
7.34752e+06 -2.04084e-07 -2.29036e-07 
7.34752e+06 -1.76916e-07 -2.18821e-07 
7.34752e+06 -1.75409e-07 -2.01735e-07 
7.34752e+06 -1.47669e-07 -2.03552e-07 
7.34752e+06 -1.56714e-07 -1.92421e-07 
7.34752e+06 -1.48787e-07 -1.72568e-07 
7.34752e+06 -1.60023e-07 -1.65139e-07 
7.34752e+06 -1.67659e-07 -9.86809e-08 
7.34752e+06 4.41078e-07 -5.84311e-07 
7.34752e+06 -9.64456e-06 5.35255e-06 
