-5.4853 0.990202 4.69698 
-15.8671 0.183131 6.5274 
-26.0541 -1.23127 7.81153 
-33.9066 -2.7736 8.64672 
-39.0664 -3.99252 9.09793 
-41.7775 -4.8751 9.04243 
-41.8876 -5.47794 8.28491 
-38.8474 -5.78028 6.6069 
-31.8821 -5.69839 3.77382 
-20.1134 -5.11231 -0.442344 
-2.66374 -3.8797 -6.24269 
21.2423 -1.85476 -13.7703 
52.165 1.09899 -23.0771 
90.333 5.08741 -34.0961 
135.536 10.1654 -46.6122 
-0.935695 2.52624 4.2878 
-16.1394 2.03859 5.66374 
-32.1425 1.45833 6.48489 
-46.7651 0.299516 6.50518 
-57.3649 -1.02305 5.93133 
-63.3745 -1.99936 4.96832 
-64.9526 -2.66338 3.44827 
-61.5791 -3.1316 1.13898 
-52.1626 -3.42012 -2.13314 
-35.3812 -3.48526 -6.47298 
-9.91462 -3.2653 -11.907 
25.3675 -2.69649 -18.3624 
71.2174 -1.72196 -25.6471 
127.821 -0.312392 -33.4412 
194.635 1.53209 -41.2986 
270.268 3.7699 -48.6756 
-3.97008 3.89849 5.11519 
-25.0359 3.24796 5.78172 
-44.6893 2.48234 6.0301 
-61.105 1.20754 5.33927 
-71.6375 -0.152788 3.89659 
-75.5663 -1.15779 1.95758 
-72.8019 -1.87139 -0.658394 
-62.5115 -2.41764 -4.16727 
-43.3312 -2.81874 -8.6535 
-13.8342 -3.046 -14.0761 
27.1467 -3.05758 -20.2705 
80.2573 -2.81496 -26.932 
145.388 -2.30069 -33.616 
221.478 -1.52581 -39.756 
306.411 -0.543738 -44.7059 
397.015 0.545837 -47.8032 
-5.03372 4.90967 5.54327 
-30.5114 4.19243 5.52208 
-52.521 3.26247 5.13919 
-69.2171 1.80081 3.77633 
-77.905 0.263715 1.60627 
-77.7381 -0.939756 -1.13166 
-68.4082 -1.87957 -4.5908 
-48.9447 -2.66899 -8.90418 
-18.0527 -3.32217 -14.0253 
25.3266 -3.80601 -19.7432 
81.6197 -4.07784 -25.6885 
150.316 -4.10879 -31.3387 
229.749 -3.90071 -36.0458 
316.978 -3.49921 -39.0882 
407.856 -3.01302 -39.762 
497.274 -2.59385 -37.4826 
-4.43007 5.4478 5.63169 
-32.543 4.74441 5.03209 
-55.5477 3.72423 4.06667 
-71.327 2.09354 2.14005 
-76.9604 0.300179 -0.596358 
-71.3637 -1.22408 -3.91656 
-54.1007 -2.50383 -7.9035 
-24.3397 -3.61702 -12.5648 
18.7255 -4.55321 -17.6953 
75.2478 -5.25907 -22.898 
144.288 -5.68114 -27.6052 
223.522 -5.79351 -31.1126 
309.136 -5.62861 -32.6525 
395.936 -5.29115 -31.5029 
477.754 -4.96227 -27.1305 
548.092 -4.88903 -19.3255 
-2.81808 5.54798 5.40583 
-31.7513 4.8799 4.39168 
-54.3312 3.81096 2.97716 
-68.0942 2.05764 0.651244 
-69.8012 0.000406795 -2.46478 
-58.0048 -1.89252 -6.12488 
-32.2449 -3.55063 -10.2933 
7.82985 -4.97845 -14.82 
62.0283 -6.12189 -19.3277 
128.985 -6.89491 -23.2382 
205.744 -7.23367 -25.8285 
287.616 -7.13657 -26.3184 
368.374 -6.70129 -24.012 
440.836 -6.13354 -18.4721 
497.826 -5.73633 -9.70183 
533.385 -5.83958 1.71963 
-0.798866 5.29722 4.92517 
-28.9513 4.64578 3.66576 
-49.7881 3.53115 1.96721 
-60.5297 1.69583 -0.569271 
-57.6676 -0.577595 -3.85189 
-39.3852 -2.8037 -7.58737 
-5.35244 -4.78497 -11.5824 
43.905 -6.41643 -15.5099 
106.627 -7.57779 -18.8285 
179.301 -8.15213 -20.833 
256.447 -8.09116 -20.7686 
330.88 -7.46969 -17.9947 
394.512 -6.51611 -12.1997 
439.678 -5.59924 -3.60077 
460.737 -5.12786 6.9334 
455.485 -5.40099 17.9662 
1.19916 4.79525 4.27475 
-24.9203 4.13002 2.91334 
-42.933 2.9551 1.08754 
-49.8225 1.06779 -1.47997 
-41.973 -1.33861 -4.71033 
-17.3747 -3.78319 -8.25346 
23.9129 -5.935 -11.7449 
80.0459 -7.55809 -14.6876 
147.145 -8.45956 -16.4289 
219.105 -8.52045 -16.2613 
287.905 -7.77297 -13.6104 
344.631 -6.45435 -8.267 
381.185 -4.99868 -0.602292 
392.29 -3.91388 8.34791 
377.085 -3.57954 17.0566 
339.547 -4.06108 23.9196 
2.91506 4.13962 3.54452 
-20.2937 3.43683 2.1875 
-34.7112 2.19341 0.362857 
-37.1793 0.28384 -2.08654 
-24.2111 -2.14908 -5.06872 
6.05634 -4.63707 -8.17967 
52.7971 -6.73202 -10.9077 
112.416 -8.07238 -12.6341 
178.56 -8.4252 -12.7029 
242.581 -7.73615 -10.5866 
294.779 -6.21537 -6.12627 
326.472 -4.34415 0.250174 
332.446 -2.73166 7.47924 
312.742 -1.87155 14.0911 
272.81 -1.8834 18.6949 
221.626 -2.47167 20.5073 
4.21573 3.41621 2.81315 
-15.5492 2.66839 1.53167 
-25.924 1.36697 -0.197232 
-23.7231 -0.522668 -2.41859 
-5.86236 -2.86224 -5.00368 
28.9314 -5.1906 -7.50703 
78.6274 -6.97486 -9.32702 
137.583 -7.77995 -9.81944 
197.046 -7.39793 -8.46296 
246.655 -5.94166 -5.08345 
276.894 -3.87843 -0.0618521 
282.018 -1.89829 5.61546 
262.203 -0.619562 10.6184 
223.586 -0.271344 13.7707 
175.835 -0.612402 14.5559 
128.463 -1.15868 13.2773 
5.05193 2.69614 2.13947 
-11.03 1.91232 0.975859 
-17.2192 0.584128 -0.593726 
-10.4428 -1.22894 -2.5171 
11.6922 -3.35462 -4.6163 
49.4098 -5.33352 -6.42758 
99.1009 -6.59933 -7.33939 
153.075 -6.72448 -6.79506 
200.879 -5.62651 -4.53265 
232.068 -3.65762 -0.802002 
239.699 -1.51492 3.57528 
223.102 0.0701367 7.43559 
188.212 0.717964 9.76498 
144.876 0.568282 10.1695 
102.651 0.0731415 8.99337 
67.6794 -0.358546 7.00186 
5.42536 2.03352 1.55979 
-6.97835 1.23428 0.53571 
-9.11145 -0.075919 -0.837804 
1.82303 -1.74806 -2.42984 
27.2515 -3.55831 -4.01677 
65.9659 -5.05271 -5.15034 
112.615 -5.69486 -5.28723 
157.895 -5.1634 -4.0552 
190.947 -3.57773 -1.50335 
203.263 -1.51667 1.77851 
192.348 0.242481 4.82052 
162.905 1.15877 6.71624 
124.406 1.21235 7.08352 
86.527 0.786324 6.19795 
55.4973 0.306521 4.70388 
33.284 -0.00789432 3.19367 
5.36563 1.46407 1.09087 
-3.57011 0.675527 0.213252 
-2.01255 -0.568651 -0.949285 
12.3894 -2.04274 -2.20857 
39.8647 -3.47201 -3.31283 
77.5602 -4.42811 -3.86138 
118.525 -4.4739 -3.4461 
152.717 -3.46437 -1.91991 
170.46 -1.73098 0.405523 
166.848 0.0307238 2.79712 
144.277 1.16532 4.44856 
111.073 1.45441 4.92695 
76.9307 1.15391 4.37539 
48.5967 0.678587 3.29981 
28.4362 0.299895 2.19435 
15.6554 0.0850518 1.32554 
4.9188 1.00569 0.733274 
-0.937172 0.254657 -0.000224684 
3.7448 -0.882602 -0.953714 
20.7201 -2.12159 -1.90491 
48.8826 -3.15414 -2.59655 
83.74 -3.60604 -2.7037 
117.21 -3.18949 -1.98264 
139.626 -1.95733 -0.490911 
143.905 -0.388817 1.31433 
129.389 0.861923 2.76666 
102.234 1.3956 3.38565 
71.7097 1.28189 3.15094 
45.2781 0.873341 2.4197 
26.1684 0.4765 1.60575 
14.0855 0.214126 0.953114 
7.17551 0.0774182 0.520432 
4.14997 0.659574 0.476039 
0.831416 -0.0299973 -0.121097 
7.90324 -1.03194 -0.880518 
26.4347 -2.02494 -1.56675 
53.9802 -2.69292 -1.93831 
84.6414 -2.74361 -1.7626 
109.886 -2.05151 -0.948101 
121.488 -0.836874 0.304937 
115.716 0.382322 1.52595 
95.6477 1.11445 2.24131 
69.2221 1.22701 2.28149 
44.4437 0.945142 1.83927 
25.7489 0.575466 1.24714 
13.7164 0.292891 0.741078 
6.8419 0.128724 0.39819 
3.24667 0.0490108 0.19849 
3.14493 0.409412 0.299855 
1.70677 -0.201515 -0.169479 
10.3187 -1.05275 -0.75687 
29.3726 -1.81189 -1.23393 
55.2469 -2.18096 -1.39152 
81.0517 -1.95722 -1.08313 
98.5039 -1.16275 -0.331231 
101.484 -0.116198 0.603904 
89.5393 0.719052 1.33278 
68.2104 1.05217 1.59102 
45.381 0.938869 1.40562 
26.7944 0.634167 1.00613 
14.3111 0.350267 0.614364 
7.05376 0.16511 0.332591 
3.27118 0.0679003 0.164262 
1.45446 0.0249284 0.075269 
2.16576 0.254425 0.152744 
1.68642 -0.295703 -0.166336 
10.767 -1.02401 -0.577023 
29.3872 -1.60387 -0.893065 
53.2157 -1.76183 -0.954593 
74.9416 -1.36413 -0.683381 
86.9056 -0.521897 -0.151705 
84.8564 0.406996 0.41765 
70.4959 1.01786 0.776624 
50.3079 1.14169 0.825863 
31.2568 0.914522 0.654673 
17.2087 0.584889 0.421797 
8.56091 0.316657 0.232544 
3.91968 0.151016 0.114046 
1.67639 0.0651027 0.0512065 
0.673845 0.0259687 0.0217378 
187.022 16.3233 -60.2482 
-0.0192157 -0.00178057 0.00135567 
-0.0819377 -0.00797101 0.0067677 
-0.352435 -0.0351439 0.0332645 
-1.50162 -0.149394 0.163401 
-6.22025 -0.589676 0.766854 
-24.2663 -2.05871 3.27832 
-83.0816 -5.74398 11.2079 
-221.837 -10.4482 24.6535 
-420.521 -9.03599 28.8766 
-572.871 0.568927 14.9845 
-613.787 10.326 -3.94596 
-564.226 15.2399 -17.706 
-463.608 15.4875 -26.2749 
-336.069 12.1135 -31.6856 
-196.297 5.86711 -34.0075 
-62.1967 -2.84067 -32.0028 
-0.0235124 -0.00267451 0.00131576 
-0.0802339 -0.0090998 0.00578939 
-0.307216 -0.0356635 0.0254162 
-1.19808 -0.140539 0.112272 
-4.62082 -0.529663 0.487784 
-17.1209 -1.82167 1.98714 
-57.7168 -5.23187 6.92244 
-160.505 -10.6085 17.2267 
-331.821 -11.8528 25.0464 
-495.871 -3.5789 18.1442 
-569.339 7.96596 1.72283 
-547.533 15.404 -12.5017 
-467.32 17.684 -21.3255 
-358.486 16.2167 -26.3633 
-237.586 12.2009 -28.6943 
-117.679 6.62744 -27.6749 
-17.9102 1.31592 -20.052 
-0.121084 -0.0141467 0.00681884 
-0.365861 -0.0441624 0.0255524 
-1.22876 -0.152929 0.0985108 
-4.21402 -0.524499 0.37809 
-14.2272 -1.69398 1.40048 
-45.0552 -4.75237 4.64419 
-123.388 -10.0446 11.9474 
-264.639 -12.9666 19.7612 
-421.931 -6.82817 17.852 
-514.895 5.14773 5.3878 
-517.23 14.6236 -8.13034 
-455.65 18.7227 -17.2383 
-362.041 18.6261 -22.276 
-255.575 15.8719 -24.6539 
-147.836 11.5601 -24.5882 
-50.6812 6.777 -21.1825 
17.0688 4.24989 -9.94593 
-0.60475 -0.0683899 0.032886 
-1.6249 -0.192305 0.107585 
-4.75792 -0.579651 0.355265 
-14.1011 -1.69205 1.15454 
-40.2883 -4.4326 3.47102 
-103.5 -9.20511 8.5857 
-218.974 -12.6521 14.8637 
-358.817 -8.45676 15.3253 
-456.921 2.72394 6.76009 
-476.491 13.3125 -4.89471 
-431.515 18.936 -13.7639 
-351.531 20.0138 -18.8343 
-257.424 18.1644 -21.238 
-160.763 14.6275 -21.687 
-70.2534 10.3578 -19.8812 
3.40796 6.43889 -14.976 
42.9093 6.10356 -1.83795 
-2.67943 -0.277196 0.134044 
-6.42393 -0.694985 0.384564 
-16.3434 -1.79021 1.08208 
-41.0022 -4.24012 2.86138 
-95.3322 -8.26608 6.47281 
-190.691 -11.3372 10.9532 
-309.082 -8.3489 11.9215 
-400.641 1.35982 6.24511 
-428.681 11.9359 -2.99771 
-396.937 18.5114 -10.9524 
-329.402 20.5631 -15.8308 
-246.653 19.4858 -18.2024 
-160.519 16.5686 -18.8736 
-78.2165 12.7208 -17.9792 
-6.78365 8.77769 -15.0343 
44.4198 5.75069 -9.39455 
60.3236 7.05455 4.28873 
-9.91077 -0.887462 0.436563 
-21.0857 -1.92758 1.084 
-45.9343 -4.0462 2.49836 
-94.8287 -7.17902 5.02503 
-174.326 -9.34096 7.91913 
-270.867 -6.83547 8.51323 
-348.474 1.2503 4.61781 
-376.766 10.8624 -2.29894 
-353.888 17.6142 -8.86469 
-297.359 20.3183 -13.2256 
-225.41 19.908 -15.4508 
-149.528 17.5735 -16.1853 
-76.1798 14.1813 -15.7531 
-10.3726 10.4161 -13.9886 
41.9951 7.00422 -10.4228 
73.0837 4.84751 -4.65543 
70.3728 7.2911 8.57932 
-29.0519 -2.06959 1.04811 
-53.9389 -3.68552 2.16859 
-98.4134 -5.82332 3.84873 
-164.184 -6.89218 5.47842 
-239.774 -4.4607 5.48582 
-299.979 2.10945 2.61802 
-322.677 10.178 -2.38068 
-304.437 16.3714 -7.41435 
-257.165 19.2982 -11.0046 
-195.511 19.4034 -12.9464 
-129.744 17.6346 -13.6479 
-65.6782 14.7595 -13.4438 
-7.15891 11.3512 -12.3395 
41.9148 7.95712 -10.0841 
76.638 5.20292 -6.31968 
90.7592 3.85057 -0.856104 
74.2968 6.9944 11.2608 
-64.2863 -3.13852 1.66894 
-102.254 -4.18041 2.72715 
-154.687 -4.25724 3.44378 
-210.694 -1.84328 2.99093 
-253.088 3.35256 0.779286 
-267.366 9.66896 -2.74803 
-250.741 14.808 -6.3751 
-211.029 17.5439 -9.10434 
-159.068 17.9668 -10.6683 
-103.231 16.7176 -11.2743 
-48.5207 14.4047 -11.1814 
1.99099 11.4884 -10.4592 
45.5974 8.38678 -8.9868 
79.0927 5.55233 -6.53881 
98.5339 3.5069 -2.88767 
99.1811 2.8587 2.00338 
73.3566 6.32452 12.6074 
-104.037 -2.53632 1.50145 
-141.16 -1.81874 1.76588 
-179.394 0.428388 1.11119 
-205.808 4.36264 -0.583124 
-211.593 8.98499 -3.00734 
-195.228 12.8702 -5.48141 
-161.818 15.1274 -7.4114 
-118.846 15.6664 -8.5774 
-72.574 14.8499 -9.06218 
-27.0095 13.1004 -9.02728 
15.3845 10.7581 -8.54682 
52.6406 8.12648 -7.5671 
82.5819 5.53634 -5.9459 
102.578 3.36145 -3.52723 
109.599 2.01084 -0.193317 
100.212 1.93729 4.0001 
68.7211 5.4025 12.9004 
-122.886 -0.0572633 0.335345 
-144.026 1.92041 -0.131336 
-157.673 4.72282 -1.34124 
-156.843 7.86559 -2.94104 
-140.872 10.5467 -4.5437 
-113.089 12.197 -5.82323 
-78.3711 12.6841 -6.63486 
-41.0468 12.178 -7.0019 
-4.09519 10.9296 -7.00896 
30.5614 9.16556 -6.7038 
61.4329 7.09006 -6.06072 
86.9622 4.93201 -4.98942 
105.312 2.95997 -3.37603 
114.386 1.46323 -1.13251 
111.945 0.734078 1.78321 
95.6033 1.0865 5.26307 
61.3736 4.30159 12.3939 
-107.412 2.42443 -0.943943 
-110.437 4.33 -1.54918 
-105.731 6.29327 -2.52328 
-91.2122 7.96065 -3.5015 
-68.8639 9.01146 -4.29596 
-41.7054 9.33515 -4.8253 
-12.5206 8.99131 -5.09125 
16.6264 8.11168 -5.13075 
44.295 6.83116 -4.966 
69.3246 5.27841 -4.57632 
90.5262 3.60362 -3.89898 
106.527 1.99125 -2.84765 
115.769 0.647448 -1.34399 
116.608 -0.228667 0.650798 
107.434 -0.449928 3.1258 
86.7166 0.204698 5.92941 
52.0735 3.06996 11.2907 
-68.8513 3.33634 -1.49964 
-61.6641 4.47282 -1.88448 
-49.7828 5.38011 -2.42191 
-32.8758 5.92805 -2.87518 
-12.6254 6.0424 -3.18974 
9.28194 5.7313 -3.3634 
31.5108 5.05149 -3.41236 
53.039 4.07396 -3.34517 
72.9691 2.87812 -3.14345 
90.3536 1.56547 -2.75985 
104.096 0.267611 -2.12385 
112.945 -0.859601 -1.16186 
115.569 -1.66072 0.177529 
110.677 -2.00157 1.89709 
97.2007 -1.75673 3.92886 
74.4295 -0.765209 6.06749 
41.54 1.86852 9.7293 
-28.5615 2.70339 -1.28249 
-19.3042 3.11115 -1.44062 
-7.66396 3.29871 -1.66031 
6.34967 3.22499 -1.81686 
21.811 2.87637 -1.9016 
37.9026 2.26445 -1.92365 
53.943 1.41531 -1.88856 
69.2798 0.37272 -1.78755 
83.1862 -0.793181 -1.5914 
94.7959 -1.97542 -1.24981 
103.095 -3.03233 -0.699431 
106.966 -3.80411 0.120136 
105.294 -4.14237 1.23884 
97.1361 -3.9366 2.62235 
81.9479 -3.12104 4.15529 
59.7225 -1.64158 5.63611 
30.8415 0.980268 7.84283 
-1.34343 1.39578 -0.701181 
5.93843 1.35436 -0.744887 
14.6324 1.1659 -0.795589 
24.5734 0.79297 -0.80906 
35.293 0.22143 -0.78747 
46.3555 -0.551981 -0.736074 
57.3232 -1.51491 -0.65532 
67.6941 -2.62793 -0.535843 
76.8602 -3.81189 -0.355603 
84.091 -4.94243 -0.0780177 
88.5515 -5.85489 0.342206 
89.359 -6.36921 0.946204 
85.6911 -6.32741 1.74577 
76.9555 -5.63829 2.69738 
62.9704 -4.29583 3.70158 
44.0855 -2.31727 4.61596 
21.4087 0.491913 5.77272 
9.13039 0.222039 -0.153989 
13.6935 -0.0303923 -0.164029 
19.3086 -0.377445 -0.134536 
25.6366 -0.870992 -0.0798031 
32.4095 -1.53232 -0.00363893 
39.3452 -2.37089 0.0907255 
46.1304 -3.3758 0.200567 
52.3967 -4.50512 0.32686 
57.7096 -5.67651 0.476999 
61.567 -6.76419 0.667004 
63.4202 -7.60708 0.920444 
62.7177 -8.02866 1.25962 
58.984 -7.86966 1.69029 
51.9421 -7.01972 2.18534 
41.6575 -5.42822 2.68042 
28.6852 -3.08778 3.08282 
14.1915 -0.00175679 3.63189 
7.44035 -0.369258 0.13514 
9.86677 -0.671775 0.143768 
12.9683 -1.04741 0.216496 
16.3481 -1.5545 0.312575 
19.8333 -2.21906 0.430606 
23.2421 -3.0509 0.566019 
26.3818 -4.03884 0.711058 
29.0434 -5.14296 0.856977 
31.0007 -6.29017 0.996887 
32.0203 -7.37059 1.12798 
31.8826 -8.24208 1.25151 
30.4214 -8.7409 1.36818 
27.5907 -8.69934 1.46648 
23.5501 -7.97301 1.51226 
18.7303 -6.47762 1.45613 
13.7404 -4.22399 1.29986 
8.64414 -1.17744 1.59932 
-1.08863e-05 8.72249e-07 1.46373e-07 
243.445 23.4636 -74.463 
302.838 31.4077 -88.5695 
362.644 39.8831 -101.767 
419.815 48.5401 -113.183 
470.943 56.9717 -121.962 
512.482 64.7488 -127.312 
540.958 71.4187 -128.579 
553.21 76.5701 -125.337 
546.711 79.8168 -117.389 
519.706 80.8515 -104.852 
471.511 79.4033 -88.1452 
402.656 75.2677 -67.9473 
314.982 68.2931 -45.2232 
211.746 58.413 -21.0991 
97.5537 45.6947 3.22256 
352.433 6.31047 -54.9702 
437.992 9.03396 -59.587 
523.088 11.7862 -61.9953 
603.376 14.4054 -61.8082 
674.322 16.7488 -58.8403 
731.53 18.7082 -53.1419 
771.105 20.223 -45.0085 
789.926 21.3164 -34.9907 
785.884 22.0747 -23.8018 
758.008 22.6204 -12.2682 
706.466 23.1205 -1.23703 
632.482 23.7178 8.50486 
538.238 24.5102 16.3293 
426.62 25.5366 21.8353 
301.074 26.7333 24.9417 
165.43 27.9305 25.9117 
489.191 1.61402 -48.4552 
578.187 2.49591 -46.2181 
658.964 3.02989 -40.8785 
726.664 3.07349 -32.5176 
777.063 2.53598 -21.5326 
807.01 1.40575 -8.63175 
814.704 -0.23139 5.23143 
799.841 -2.19804 18.9553 
763.563 -4.23732 31.4087 
708.215 -6.03214 41.5534 
636.977 -7.24547 48.587 
553.381 -7.53614 52.0261 
460.829 -6.60457 51.7722 
362.2 -4.23841 48.1338 
259.58 -0.353884 41.7448 
154.172 4.96752 33.4835 
579.585 -2.44276 -31.8965 
649.178 -2.76522 -22.9726 
701.144 -3.74986 -11.0782 
731.886 -5.50076 3.01809 
739.599 -8.01767 18.206 
724.493 -11.1652 33.1627 
688.737 -14.681 46.534 
636.077 -18.1996 57.1301 
571.214 -21.2917 64.1117 
499.084 -23.5439 67.1068 
424.177 -24.6066 66.2256 
350.027 -24.2621 61.977 
278.945 -22.4234 55.1349 
211.988 -19.1556 46.5374 
149.094 -14.5728 36.9476 
89.2665 -8.84098 26.9715 
600.985 -5.33542 -8.33355 
631.903 -6.52018 5.09479 
638.517 -8.54246 19.7445 
621.13 -11.3326 34.1049 
582.631 -14.6291 46.6175 
527.928 -18.0279 55.9966 
463.084 -21.0306 61.4271 
394.182 -23.1878 62.7409 
326.435 -24.2101 60.386 
263.599 -24.013 55.2335 
207.846 -22.7002 48.3224 
159.921 -20.5036 40.61 
119.528 -17.6802 32.8307 
85.6775 -14.4524 25.4452 
57.0231 -10.979 18.668 
32.0338 -7.31906 12.5094 
543.946 -6.69198 14.6379 
529.147 -8.36186 27.4732 
491.961 -10.6799 38.5435 
438.087 -13.2378 46.4352 
374.665 -15.5022 50.3462 
308.773 -17.0078 50.2715 
246.185 -17.4943 46.8925 
190.695 -16.9558 41.2967 
144.093 -15.5916 34.6461 
106.579 -13.7062 27.9018 
77.3071 -11.5908 21.7019 
54.9397 -9.47078 16.3611 
38.011 -7.48176 11.9524 
25.1656 -5.68736 8.39601 
15.2309 -4.07904 5.54085 
7.23014 -2.61778 3.21233 
425.831 -6.47027 27.7956 
377.394 -8.06921 34.8863 
318.027 -9.69918 38.3229 
255.831 -10.8497 38.0519 
197.403 -11.2034 34.7882 
146.913 -10.7252 29.6798 
106.066 -9.61039 23.8996 
74.6997 -8.14806 18.3522 
51.569 -6.60995 13.5602 
35.0076 -5.17549 9.71079 
23.3891 -3.94336 6.7746 
15.3247 -2.9363 4.60537 
9.73534 -2.13575 3.03505 
5.8202 -1.50739 1.90096 
3.00741 -1.0092 1.07357 
0.887137 -0.59967 0.450741 
287.341 -5.04768 27.7709 
229.495 -6.02769 28.2786 
173.939 -6.55909 25.9635 
125.918 -6.46044 21.886 
87.6889 -5.81673 17.1853 
59.1752 -4.86205 12.7345 
38.9602 -3.83066 9.01005 
25.1704 -2.88527 6.14979 
16.0219 -2.10445 4.08129 
10.0639 -1.49967 2.64655 
6.22445 -1.05263 1.67863 
3.75546 -0.727922 1.03466 
2.16201 -0.496218 0.609574 
1.11629 -0.328949 0.326156 
0.410483 -0.205788 0.135055 
-0.0930158 -0.112562 -0.000263963 
168.634 -3.13444 19.6215 
121.048 -3.47493 16.8358 
82.6542 -3.36914 13.2112 
54.1633 -2.92096 9.63911 
34.3591 -2.32042 6.63715 
21.2661 -1.72633 4.37026 
12.9246 -1.22612 2.78151 
7.74877 -0.843746 1.72478 
4.59051 -0.568199 1.04692 
2.6828 -0.377858 0.621721 
1.53607 -0.249623 0.359178 
0.84424 -0.162825 0.198584 
0.424234 -0.106417 0.0989043 
0.164884 -0.0658332 0.0383408 
-0.00039931 -0.0394143 -0.000487069 
-0.111649 -0.0195724 -0.0258003 
87.981 -1.51869 10.7767 
57.0649 -1.5637 7.96036 
35.422 -1.36536 5.45399 
21.2531 -1.0635 3.52461 
12.4342 -0.765362 2.1794 
7.14354 -0.522602 1.30354 
4.04909 -0.343329 0.76058 
2.26989 -0.221854 0.433913 
1.25754 -0.141747 0.242601 
0.683067 -0.0893873 0.131265 
0.35784 -0.0557542 0.0677184 
0.173967 -0.0350598 0.0319454 
0.0679751 -0.0217072 0.0106749 
0.00742136 -0.0131193 -0.000743701 
-0.029622 -0.00677157 -0.00791591 
-0.0526797 -0.0027516 -0.0116566 
42.027 -0.559125 4.92654 
24.8803 -0.558464 3.20217 
14.2017 -0.456348 1.95957 
7.89133 -0.330606 1.14601 
4.30156 -0.223165 0.647909 
2.31255 -0.143272 0.356913 
1.23017 -0.0902337 0.192385 
0.646218 -0.0543273 0.100807 
0.334161 -0.0337392 0.051788 
0.167382 -0.0202739 0.0249444 
0.0783608 -0.0124803 0.0107967 
0.0308558 -0.00815513 0.00302742 
0.00546798 -0.00452387 -0.00073026 
-0.00851432 -0.00219764 -0.00271894 
-0.0156456 -0.00179493 -0.00366324 
-0.0201523 -0.000421107 -0.00414787 
18.9267 -0.139625 1.98962 
10.3344 -0.157745 1.16156 
5.47722 -0.129251 0.646339 
2.84204 -0.0916362 0.3467 
1.45252 -0.0596604 0.180768 
0.733967 -0.0368689 0.0921368 
0.36689 -0.022698 0.0457935 
0.180338 -0.0129004 0.0219511 
0.0870201 -0.00852464 0.00995644 
0.0389199 -0.00422305 0.00400044 
0.0154608 -0.00339216 0.000859228 
0.00359449 -0.00146778 -0.00045473 
-0.00212596 -0.00112328 -0.00104182 
-0.0051932 -0.000391624 -0.00140847 
-0.00643588 0.000123417 -0.00108735 
-0.00714271 -0.000263901 -0.00141964 
8.22642 -0.0061833 0.744661 
4.17619 -0.031666 0.396462 
2.06874 -0.0312107 0.202732 
1.00706 -0.0225149 0.100217 
0.484264 -0.0149247 0.0484246 
0.230356 -0.00919714 0.0228185 
0.108392 -0.00570609 0.0102575 
0.0497518 -0.00371071 0.004203 
0.0217215 -0.00189916 0.00150068 
0.00884314 -0.00157543 0.000444952 
0.00218775 -0.000247972 -0.000399089 
-0.000563123 -0.000218885 -0.000278215 
-0.00179293 -5.51683e-05 -0.000381071 
-0.00217928 6.82218e-05 -0.000378363 
-0.00215237 7.10014e-06 -0.000141157 
-0.00258486 9.78161e-05 -0.000599745 
3.50798 0.0192106 0.266804 
1.66485 -0.00122452 0.130513 
0.773839 -0.00533333 0.0614183 
0.354377 -0.00499686 0.0281186 
0.160617 -0.0032143 0.0125157 
0.0721476 -0.00196523 0.00528599 
0.0315529 -0.00132296 0.00207458 
0.0133886 -0.000597356 0.000827513 
0.00530738 -0.00015412 0.000232079 
0.00179619 -0.000541044 -9.17725e-05 
-7.55247e-05 0.000358372 -0.00010325 
-0.000350892 -0.000369291 -0.000104392 
-0.000761879 -0.000123609 -0.000302661 
-0.00099811 0.000413624 -7.30525e-05 
-0.000605038 -0.00022231 4.43704e-05 
-0.000917416 -9.18667e-05 -0.000299582 
1.4846 0.0157463 0.0934029 
0.661104 0.00367926 0.0421095 
0.289298 -0.000222632 0.0183496 
0.125072 -0.0009737 0.00780613 
0.0536317 -0.000938985 0.00316883 
0.0225501 -0.000616291 0.00118106 
0.00949779 -0.000240916 0.000438237 
0.00380765 -0.000383215 9.69504e-05 
0.00120028 -0.00047605 -0.000139793 
0.000354623 -4.00873e-05 -0.000113286 
-4.84742e-05 3.43053e-05 1.05255e-05 
-0.000359894 -9.27349e-05 -0.000153829 
-0.000303479 -1.58138e-05 -5.74755e-05 
-6.80558e-05 -9.91234e-05 0.000103312 
-0.000359162 -6.0185e-05 -0.000181702 
-0.000226866 -3.78595e-05 -4.07969e-05 
0.62846 0.00897374 0.0323721 
0.264331 0.00262424 0.0135372 
0.109472 0.000626458 0.00536585 
0.0450877 -0.000115666 0.00206932 
0.0183866 -0.00012738 0.000687679 
0.00746938 -8.62658e-05 0.000255794 
0.00293624 -8.41014e-05 1.88918e-06 
0.00116229 -6.26121e-05 -4.07158e-05 
0.000421331 -2.03011e-05 7.25162e-06 
-2.95207e-05 -9.88119e-05 -0.000116784 
4.32503e-05 1.38659e-05 5.59396e-05 
-6.84885e-05 -4.6519e-05 -4.39605e-05 
-8.50271e-05 -3.73429e-06 -2.75515e-05 
-6.94028e-05 -4.05715e-05 -2.12116e-05 
-8.25945e-05 -7.21818e-06 -2.7385e-05 
-6.07258e-05 2.89162e-06 -4.3388e-06 
0.248085 0.000669908 0.0131368 
0.0992912 -0.000509341 0.00531107 
0.0392105 -0.000222524 0.00199687 
0.0154343 -4.66447e-06 0.000756376 
0.00609814 -1.39454e-05 0.000299855 
0.0024667 -6.86837e-05 0.000127936 
0.000927106 -6.68787e-05 -1.06666e-05 
0.000334172 0.000309478 3.58853e-05 
0.000182866 2.2601e-05 4.64309e-05 
4.50015e-05 -2.77352e-06 -1.7567e-05 
9.47112e-07 -6.91998e-06 -1.63972e-05 
-3.23119e-06 2.66352e-06 -3.16536e-06 
-8.67081e-06 2.15029e-06 -3.31318e-06 
-1.03917e-05 1.60161e-06 -3.17895e-06 
-1.07638e-05 9.50493e-07 -2.43317e-06 
-1.08004e-05 3.21654e-07 -1.59933e-06 
-5.65085e-05 3.14262e-06 4.00125e-06 
-0.000234267 4.75084e-05 2.04383e-05 
-0.00074182 0.00012139 4.6573e-05 
-0.00220131 -0.000393966 0.000383938 
-0.00728644 0.000951296 0.000644557 
-0.0231436 0.00498165 0.0020303 
-0.0689616 0.0149709 0.00696191 
-0.195337 0.0462459 0.0193959 
-0.484975 0.120341 0.024909 
-0.843116 0.168628 -0.158192 
0.341137 -0.621909 -1.54144 
9.0983 -5.14121 -6.01478 
30.8102 -15.9764 -10.0929 
46.4147 -30.0453 -3.6072 
23.8615 -39.7544 8.94836 
-21.8319 -41.872 9.50955 
-1.11724e-05 2.81786e-07 -7.32519e-07 
-5.36269e-05 3.10924e-06 3.88266e-06 
-0.000205615 1.24068e-05 1.20626e-05 
-0.000699145 0.000132836 7.67899e-05 
-0.00242808 0.000219054 0.000207481 
-0.0079623 0.00141986 0.00068884 
-0.025724 0.00441905 0.00287969 
-0.0833737 0.0160845 0.0103757 
-0.267321 0.0548718 0.0369688 
-0.831361 0.171409 0.120815 
-2.41744 0.430692 0.313978 
-6.17654 0.461432 0.410481 
-13.4913 -1.92702 -0.214698 
-28.4939 -10.1794 0.396314 
-63.6782 -24.5137 6.21132 
-119.131 -38.5156 9.68769 
-139.936 -54.9252 -14.2014 
-1.17265e-05 -3.07108e-07 -1.57658e-06 
-5.2389e-05 3.12522e-06 3.87819e-06 
-0.000203829 9.25175e-06 8.4721e-06 
-0.000669156 -0.000377886 0.000249224 
-0.00223697 0.000260103 -6.23489e-05 
-0.00817533 0.000952256 0.000864533 
-0.0287642 0.00492144 0.00340386 
-0.0982519 0.0166803 0.0134419 
-0.340736 0.0622529 0.0543136 
-1.18637 0.219121 0.216776 
-4.05405 0.673157 0.799154 
-13.0643 1.44033 2.45448 
-37.6052 0.904583 5.87708 
-91.1087 -5.33345 11.0758 
-175.982 -19.8667 15.4152 
-258.595 -36.6312 9.41966 
-250.228 -65.0087 -37.5096 
-1.25923e-05 -8.80147e-07 -2.37361e-06 
-5.29156e-05 3.17689e-06 3.9782e-06 
-0.000208548 9.85686e-06 1.42353e-05 
-0.000671415 -0.000392988 0.000147203 
-0.00278646 0.000640393 0.000191686 
-0.00907555 0.00117718 0.000856989 
-0.0318397 0.00445728 0.0038411 
-0.116424 0.0182722 0.0169386 
-0.42889 0.0716751 0.0741317 
-1.60555 0.268953 0.327456 
-5.98746 0.920324 1.36036 
-21.1736 2.39514 4.78528 
-65.3691 3.41376 12.4846 
-159.472 -1.61681 21.5342 
-289.586 -16.3401 22.9393 
-389.227 -34.4571 7.45985 
-346.813 -72.1027 -59.4058 
-1.38287e-05 -1.4244e-06 -3.11143e-06 
-5.54699e-05 3.30093e-06 4.20411e-06 
-0.000220729 9.8114e-06 1.47907e-05 
-0.000717564 -0.000378188 0.000119466 
-0.00280238 0.000460424 7.73833e-05 
-0.0102983 0.00106427 0.0012911 
-0.0376604 0.00479342 0.00479281 
-0.140933 0.0200333 0.0211265 
-0.546245 0.0828184 0.100488 
-2.1609 0.329362 0.470494 
-8.52564 1.20196 2.07608 
-31.606 3.38215 7.63883 
-99.2504 5.57435 19.767 
-235.49 0.816608 31.1291 
-402.219 -13.9002 27.7725 
-505.621 -32.1293 3.44964 
-424.952 -76.2671 -78.9016 
-1.55383e-05 -1.92679e-06 -3.77621e-06 
-6.05341e-05 3.5114e-06 4.5845e-06 
-0.000242655 1.01646e-05 1.6071e-05 
-0.000803624 -0.000374907 8.81794e-05 
-0.00345897 0.000497445 0.000350724 
-0.0117916 0.00100443 0.00113955 
-0.0449995 0.00506932 0.00567614 
-0.177126 0.0227861 0.0278731 
-0.715577 0.0972577 0.13724 
-2.95715 0.405943 0.671685 
-12.1266 1.54063 3.06367 
-45.8907 4.42646 11.29 
-142.034 7.23525 27.6903 
-319.872 1.85845 38.9375 
-509.992 -12.2695 29.2045 
-602.645 -29.6317 -2.55589 
-481.37 -77.5948 -95.099 
-1.79026e-05 -2.37137e-06 -4.34866e-06 
-6.89837e-05 3.83182e-06 5.16313e-06 
-0.000278018 1.16437e-05 1.87964e-05 
-0.000987711 0.000102389 5.03489e-05 
-0.00377129 0.00011628 0.000292007 
-0.0145335 0.00138271 0.00152594 
-0.0570977 0.00563381 0.00751088 
-0.232354 0.0265957 0.0376731 
-0.975079 0.117639 0.193213 
-4.17312 0.509751 0.974832 
-17.5233 1.96246 4.4902 
-66.1956 5.4843 16.0315 
-196.536 8.11424 35.8723 
-411.319 1.61527 43.8605 
-607.588 -11.0338 26.959 
-675.935 -26.8707 -10.1347 
-514.385 -76.2276 -107.264 
-2.12418e-05 -2.73899e-06 -4.80146e-06 
-8.23757e-05 4.29232e-06 6.02542e-06 
-0.000332783 1.0657e-05 1.01301e-05 
-0.00121484 0.000135156 0.00013342 
-0.00483999 0.000405804 0.000433552 
-0.0188125 0.0015419 0.00199589 
-0.0761485 0.00665623 0.0101391 
-0.320839 0.0318513 0.0535733 
-1.39175 0.145869 0.282432 
-6.11587 0.648096 1.45155 
-25.9227 2.47381 6.61007 
-95.5164 6.39378 22.0764 
-264.883 7.86768 43.4109 
-505.833 0.473185 44.8783 
-688.938 -9.74614 21.3118 
-722.317 -23.7499 -18.602 
-523.912 -72.4078 -114.894 
-2.61317e-05 -3.00449e-06 -5.09125e-06 
-0.0001035 4.91848e-06 7.32576e-06 
-0.000415628 1.60195e-05 7.44868e-06 
-0.00153762 0.000163089 0.000119881 
-0.00613745 6.82445e-05 0.000592531 
-0.0255802 0.00158104 0.00278263 
-0.107725 0.0083603 0.0149179 
-0.469078 0.0391453 0.0802016 
-2.09325 0.183905 0.432097 
-9.35137 0.82961 2.22718 
-39.3146 3.03387 9.77026 
-137.652 6.81433 29.3611 
-347.205 6.31178 48.8596 
-596.582 -0.865019 41.4571 
-748.167 -8.04226 13.0378 
-740.218 -20.2255 -27.1306 
-511.385 -66.4776 -117.779 
-3.36358e-05 -3.13358e-06 -5.14181e-06 
-0.000137603 5.74548e-06 9.35523e-06 
-0.000575613 4.02999e-05 2.23136e-05 
-0.00229563 0.000265478 0.000247608 
-0.00901238 0.000268609 0.000666625 
-0.0376511 0.00199315 0.00422251 
-0.163159 0.00973237 0.0230346 
-0.730831 0.0477112 0.127411 
-3.32945 0.23293 0.692989 
-14.9261 1.04722 3.51881 
-60.8875 3.48848 14.3775 
-196.568 6.2467 37.2066 
-439.973 3.72879 50.5042 
-674.701 -1.5863 33.878 
-780.643 -5.73377 3.2377 
-729.862 -16.3442 -34.8859 
-479.55 -58.8881 -116.023 
-4.58405e-05 -3.08167e-06 -4.81057e-06 
-0.000193882 7.61763e-06 1.09276e-05 
-0.000807978 1.69243e-05 4.94522e-05 
-0.00320878 -0.00020033 0.000152045 
-0.0136966 0.000721892 0.00139664 
-0.0594106 0.00193736 0.00670251 
-0.265826 0.0112551 0.0385468 
-1.21801 0.0559845 0.214507 
-5.60409 0.284858 1.16573 
-24.7798 1.2371 5.68043 
-95.3542 3.46948 20.7107 
-274.639 4.28264 44.0057 
-534.841 1.03748 47.0461 
-731.087 -1.08617 23.2358 
-783.806 -2.837 -6.8791 
-693.326 -12.2379 -41.1344 
-432.137 -50.1755 -110.039 
-6.71323e-05 -2.66903e-06 -3.72973e-06 
-0.000306963 -1.4136e-06 8.39137e-06 
-0.00122092 8.21725e-05 0.00014046 
-0.00533112 3.90805e-05 0.000301496 
-0.0227301 0.000468378 0.00234593 
-0.102123 0.00190371 0.0121427 
-0.468254 0.010056 0.0691753 
-2.1754 0.0562619 0.385499 
-9.96118 0.300867 2.04397 
-42.4104 1.20142 9.22672 
-148.604 2.38494 28.4548 
-369.595 1.15556 47.3208 
-619.274 -0.492128 38.3797 
-758.535 0.794054 11.1273 
-757.635 0.446387 -16.1996 
-634.357 -8.10819 -45.3379 
-373.542 -40.9189 -100.513 
-0.000107654 -2.05766e-06 -4.41187e-07 
-0.000509433 -4.38269e-06 1.54379e-05 
-0.00211711 4.39137e-05 0.000185161 
-0.00947515 -0.000116138 0.000614926 
-0.0419863 -6.35684e-05 0.0042782 
-0.19259 -0.000453416 0.0237192 
-0.896671 -0.000641109 0.133643 
-4.15821 0.0167359 0.733597 
-18.5611 0.156343 3.68995 
-73.6344 0.471292 14.6815 
-225.433 -0.235874 36.0197 
-471.483 -1.82293 44.8448 
-679.585 0.0972552 25.9161 
-753.336 3.79328 -0.748952 
-704.651 3.80519 -23.8656 
-558.025 -4.18451 -47.2016 
-308.379 -31.6623 -88.3181 
-0.000196899 -4.67092e-06 9.27489e-06 
-0.000939263 -1.02694e-06 3.12762e-05 
-0.00417485 -8.53723e-05 0.000350084 
-0.0188088 -0.000384915 0.00156627 
-0.086302 -0.00226673 0.00879548 
-0.401061 -0.0110033 0.0500443 
-1.86286 -0.044807 0.278618 
-8.45393 -0.156433 1.46353 
-35.7227 -0.484678 6.7008 
-126.453 -1.65291 21.9845 
-324.385 -3.83437 40.3007 
-562.792 -2.73361 35.9741 
-705.232 2.87485 12.0815 
-715.918 7.34721 -11.0177 
-629.544 6.89773 -29.3266 
-470.189 -0.686942 -46.7038 
-241.096 -22.9036 -74.4346 
-0.00042527 -1.71894e-05 1.55737e-05 
-0.00203665 -3.48539e-05 0.000136454 
-0.00946757 -0.000424934 0.000655033 
-0.0431384 -0.00207895 0.00382846 
-0.199544 -0.0104143 0.0211956 
-0.921048 -0.0474746 0.116749 
-4.17404 -0.198026 0.617879 
-18.0233 -0.726163 2.99829 
-69.182 -2.29956 11.7424 
-207.502 -5.39247 29.3563 
-431.923 -6.21824 38.0472 
-623.998 -0.448311 22.6287 
-692.009 7.04849 -0.732071 
-650.43 10.8109 -18.8335 
-538.497 9.42993 -32.3681 
-376.929 2.2113 -44.0544 
-175.649 -15.0257 -59.8458 
-0.00117231 -6.18059e-05 4.06946e-05 
-0.00562044 -0.000399018 0.000324448 
-0.0252744 -0.00179075 0.00176627 
-0.114969 -0.00876703 0.0104903 
-0.520007 -0.0402016 0.0563327 
-2.31465 -0.174133 0.292768 
-9.92565 -0.68295 1.42682 
-39.211 -2.30466 6.05159 
-129.411 -5.9546 18.6282 
-313.02 -9.03112 32.8523 
-523.106 -4.87485 28.5957 
-641.766 4.47778 8.2921 
-642.475 11.4963 -10.8792 
-563.639 13.6414 -23.8859 
-438.401 11.1981 -33.0562 
-283.985 4.4077 -39.6507 
-115.243 -8.29283 -45.4525 
2.74553 1.4536 2.44072 
1.06811 1.67535 0.407946 
-5.79223 3.75439 2.54945 
-13.6904 5.44284 5.08867 
-20.5058 6.48687 7.40171 
-25.3302 7.09626 9.03393 
-28.3816 7.3678 9.98278 
-29.8269 7.1897 10.2709 
-29.477 6.40169 9.79012 
-26.9145 4.83492 8.3424 
-21.5989 2.31071 5.6868 
-12.9381 -1.34001 1.56876 
-0.355389 -6.26139 -4.24937 
16.6538 -12.5496 -11.9574 
38.4408 -20.2272 -21.6634 
65.1369 -29.2251 -33.3602 
96.5792 -39.36 -46.8968 
-4.74386 4.94693 0.856428 
-18.8026 6.3711 2.21015 
-33.3362 7.09273 3.47221 
-45.7275 6.71948 4.33297 
-54.3242 5.74224 4.56344 
-59.1501 4.48851 4.22722 
-60.185 2.77268 3.34225 
-56.7616 0.3473 1.82334 
-47.8033 -2.95966 -0.436813 
-32.0663 -7.24024 -3.51691 
-8.31006 -12.5032 -7.44429 
24.5445 -18.6599 -12.1755 
67.2409 -25.5064 -17.5785 
120.026 -32.7208 -23.4283 
182.486 -39.8653 -29.4081 
253.43 -46.4166 -35.1261 
-10.7833 6.92166 0.315662 
-30.0734 7.55472 1.61683 
-48.0115 7.56772 2.56828 
-62.1989 6.32428 2.91543 
-70.7707 4.31481 2.59242 
-73.5201 1.91904 1.67243 
-70.1612 -1.09474 0.14921 
-59.6684 -4.98846 -2.02953 
-40.6354 -9.862 -4.88808 
-11.6452 -15.6701 -8.38893 
28.4681 -22.2352 -12.414 
80.3824 -29.2379 -16.7506 
144.07 -36.2173 -21.0914 
218.607 -42.5993 -25.0455 
302.071 -47.7326 -28.1695 
391.527 -50.9578 -30.0156 
-14.3981 8.2057 -0.272411 
-37.7064 8.06473 0.802812 
-57.664 7.27914 1.45475 
-71.8452 5.1598 1.44023 
-78.2866 2.18937 0.735068 
-76.5912 -1.29034 -0.587013 
-66.2346 -5.4989 -2.51447 
-46.0378 -10.6192 -5.03899 
-14.6423 -16.6102 -8.09132 
29.0274 -23.2381 -11.5145 
85.4258 -30.0942 -15.0493 
154.109 -36.6077 -18.3358 
233.528 -42.0806 -20.9292 
320.918 -45.7491 -22.3352 
412.361 -46.8777 -22.0742 
502.987 -44.868 -19.7496 
-15.4953 8.79115 -0.711622 
-41.2941 7.99426 0.0302363 
-61.9534 6.45447 0.393231 
-74.797 3.52027 0.140626 
-77.6333 -0.336898 -0.779413 
-69.8586 -4.79507 -2.30889 
-50.8599 -9.99658 -4.39995 
-19.6201 -15.9762 -6.96814 
24.7172 -22.4956 -9.84077 
82.3128 -29.0833 -12.7358 
152.252 -35.0698 -15.2601 
232.285 -39.6393 -16.9263 
318.737 -41.9135 -17.2016 
406.619 -41.0835 -15.5856 
490.002 -36.5669 -11.7045 
562.622 -28.1572 -5.42348 
-14.6586 8.72088 -0.937941 
-41.2745 7.40938 -0.546228 
-61.2851 5.24192 -0.459861 
-71.6989 1.63458 -0.889196 
-69.9452 -2.97578 -1.91202 
-55.1543 -8.22442 -3.48986 
-26.8219 -14.0952 -5.53566 
15.5007 -20.4077 -7.87968 
71.6239 -26.6761 -10.2376 
140.15 -32.1578 -12.2019 
218.125 -35.9333 -13.2651 
300.937 -37.0246 -12.8743 
382.527 -34.5767 -10.5313 
455.954 -28.0699 -5.9191 
514.298 -17.5386 0.954092 
551.781 -3.71744 9.64986 
-12.6032 8.11487 -0.968473 
-38.4712 6.42121 -0.878284 
-56.5465 3.78058 -1.03264 
-63.5818 -0.304356 -1.59948 
-56.6097 -5.44874 -2.65026 
-34.5005 -11.1898 -4.1519 
2.89913 -17.272 -5.97569 
54.996 -23.2373 -7.86525 
119.934 -28.3221 -9.42717 
194.108 -31.5379 -10.1554 
272.035 -31.8371 -9.49692 
346.652 -28.3466 -6.97209 
410.137 -20.6576 -2.3311 
455.17 -9.09609 4.27552 
476.422 5.13831 12.197 
471.813 20.086 20.3251 
-9.95196 7.139 -0.860076 
-33.7867 5.18026 -0.991339 
-48.8357 2.22359 -1.32839 
-51.7143 -2.11928 -1.99079 
-39.2102 -7.5019 -3.01439 
-10.0897 -13.331 -4.34504 
35.1314 -19.0548 -5.80619 
94.3073 -23.9075 -7.06306 
163.328 -26.8821 -7.64374 
235.967 -26.8929 -7.01365 
304.275 -23.0691 -4.71192 
359.654 -15.1084 -0.533208 
394.516 -3.59512 5.28638 
404.132 9.89306 11.9777 
388.005 23.0466 18.3535 
350.125 33.4624 23.1396 
-7.16419 5.96354 -0.676291 
-28.0279 3.84601 -0.946098 
-39.2493 0.726018 -1.39718 
-37.446 -3.64863 -2.10407 
-19.4441 -8.92946 -3.05107 
15.7643 -14.3778 -4.13971 
66.6016 -19.1431 -5.14194 
128.901 -22.1913 -5.66781 
195.974 -22.4217 -5.23183 
259.136 -18.9565 -3.38872 
309.032 -11.5422 0.062514 
337.701 -0.912517 4.87822 
340.788 11.1523 10.2863 
319.012 22.2051 15.1374 
278.018 29.9577 18.3128 
226.506 33.1397 19.195 
-4.54221 4.73794 -0.470436 
-21.844 2.56019 -0.807564 
-28.7675 -0.57554 -1.307 
-22.089 -4.76329 -2.00308 
0.969341 -9.60355 -2.82703 
40.7375 -14.219 -3.62628 
94.1592 -17.5244 -4.12734 
154.805 -18.365 -3.9323 
213.605 -15.8117 -2.62928 
260.469 -9.56896 0.00710476 
286.744 -0.354391 3.79873 
287.887 10.0313 8.06208 
265.122 19.1759 11.7632 
225.018 24.9735 13.9404 
176.962 26.5102 14.156 
129.835 24.3184 12.6676 
-2.26821 3.57718 -0.278629 
-15.7281 1.42934 -0.628964 
-18.2157 -1.58367 -1.12221 
-6.84055 -5.38941 -1.75766 
20.3974 -9.50188 -2.42041 
62.6758 -12.9432 -2.91104 
115.165 -14.5304 -2.93505 
169.323 -13.2173 -2.14324 
214.627 -8.54506 -0.290264 
241.451 -1.05087 2.55049 
244.311 7.6334 5.84974 
224.001 15.2373 8.73075 
187.211 19.8133 10.3578 
143.584 20.6249 10.3726 
101.909 18.3321 9.04716 
67.6059 14.3982 7.03792 
-0.443668 2.55782 -0.120533 
-10.0491 0.51971 -0.446688 
-8.26937 -2.25019 -0.894297 
7.26067 -5.52168 -1.43203 
37.4125 -8.71642 -1.91291 
79.84 -10.8343 -2.11011 
127.911 -10.7714 -1.74438 
171.645 -7.82737 -0.573543 
200.609 -2.20033 1.42947 
207.763 4.81729 3.91734 
192.436 11.1981 6.19729 
160.535 15.1023 7.54084 
121.569 15.791 7.5968 
84.3954 13.8529 6.5687 
54.3356 10.6123 5.0079 
32.8528 7.3058 3.44881 
0.879234 1.72219 -0.00281352 
-5.0876 -0.141504 -0.281647 
0.526011 -2.57783 -0.658654 
19.3666 -5.22293 -1.07933 
50.9132 -7.44063 -1.37878 
91.1276 -8.29964 -1.33069 
131.918 -6.95217 -0.710538 
162.991 -3.19065 0.583618 
175.737 2.17846 2.3763 
167.19 7.49709 4.17195 
141.446 11.0351 5.35473 
107.322 11.9328 5.551 
73.8204 10.5558 4.85008 
46.6348 8.02198 3.68222 
27.4425 5.41463 2.49569 
15.2552 3.33543 1.54836 
1.67741 1.08399 0.0751845 
-1.06313 -0.559863 -0.143487 
7.73305 -2.6092 -0.437539 
28.8354 -4.60708 -0.737716 
60.1987 -5.91385 -0.878545 
96.1976 -5.76219 -0.659339 
127.957 -3.66602 0.0644539 
146.166 0.0964237 1.25901 
145.378 4.36683 2.62078 
126.949 7.61822 3.66682 
98.1447 8.84353 4.01205 
67.9182 8.09446 3.62074 
42.6552 6.22487 2.78838 
24.6932 4.18455 1.88827 
13.3851 2.5362 1.1562 
6.89316 1.42189 0.655644 
1.95584 0.635651 0.11716 
1.85818 -0.763203 -0.036928 
13.0164 -2.41263 -0.24525 
35.2402 -3.81123 -0.434183 
64.997 -4.37131 -0.453177 
95.4334 -3.55483 -0.146318 
117.738 -1.24645 0.549883 
124.679 1.93763 1.50206 
114.469 4.8148 2.38042 
91.8491 6.32367 2.82753 
65.0713 6.18402 2.70134 
41.2671 4.92965 2.15686 
23.8146 3.36256 1.48626 
12.7234 2.03398 0.910748 
6.39746 1.12354 0.510221 
3.07093 0.58043 0.26714 
1.75832 0.356708 0.126625 
3.59459 -0.793646 0.0334801 
16.1898 -2.06855 -0.0942572 
38.4325 -2.96911 -0.190179 
65.5294 -3.00671 -0.133328 
89.9094 -1.88069 0.182947 
103.601 0.234512 0.756027 
102.008 2.58886 1.41556 
86.6198 4.22576 1.88477 
64.0257 4.6096 1.9627 
41.7207 3.92521 1.66897 
24.3597 2.78104 1.19857 
12.9801 1.70953 0.750601 
6.4305 0.942789 0.4224 
3.01561 0.479468 0.219236 
1.3594 0.230122 0.106717 
1.17662 0.234268 0.0976112 
4.08122 -0.675987 0.0645699 
17.1335 -1.63686 0.0158632 
38.5762 -2.19906 -0.0086288 
62.8182 -1.99417 0.0650733 
82.0918 -0.905062 0.291733 
89.5483 0.751935 0.644697 
82.8697 2.29427 0.99379 
65.6881 3.08247 1.17441 
45.0891 2.9581 1.1098 
27.2029 2.25854 0.864956 
14.6878 1.44968 0.573666 
7.23263 0.813946 0.334441 
3.30524 0.413133 0.177 
1.42213 0.19518 0.0877977 
0.579826 0.0889886 0.0435827 
132.245 -50.3283 -61.9541 
171.215 -61.703 -78.0427 
212.136 -72.9493 -94.5049 
253.256 -83.4491 -110.54 
292.45 -92.5256 -125.251 
327.312 -99.5156 -137.697 
355.288 -103.789 -146.952 
373.813 -104.79 -152.184 
380.512 -102.143 -152.7 
373.396 -95.5725 -148.032 
351.032 -85.0514 -137.947 
312.839 -70.7594 -122.495 
259.226 -53.0845 -102.006 
191.813 -32.7207 -77.1003 
113.551 -10.6337 -48.6774 
28.6867 11.9104 -17.9234 
330.833 -51.8011 -40.1555 
411.843 -55.4591 -44.071 
492.891 -56.9018 -46.5048 
569.864 -55.7837 -47.2025 
638.371 -51.9483 -46.0593 
694.048 -45.4738 -43.1438 
732.864 -36.6523 -38.724 
751.418 -26.021 -33.2377 
747.203 -14.259 -27.239 
718.787 -2.12896 -21.3547 
665.866 9.60339 -16.2019 
589.342 20.2301 -12.2998 
491.258 29.1929 -10.0094 
374.725 36.0816 -9.41523 
243.799 40.6891 -10.2697 
103.323 43.0002 -11.9444 
483.118 -51.6927 -30.1828 
572.316 -49.5038 -28.3868 
654.24 -44.1929 -24.5055 
724.076 -35.8434 -18.629 
777.506 -24.8412 -11.0796 
811.097 -11.8591 -2.40969 
822.607 2.20664 6.64917 
811.167 16.3381 15.2537 
777.264 29.5109 22.5219 
722.624 40.7975 27.6502 
649.907 49.4891 30.0015 
562.305 55.1478 29.2014 
463.146 57.6383 25.2164 
355.465 57.1463 18.3603 
241.722 54.1044 9.25838 
123.691 49.142 -1.20906 
587.375 -39.3698 -15.1315 
660.068 -30.3741 -8.21643 
716.172 -18.2697 0.703762 
751.925 -3.84183 11.0483 
765.153 11.7999 21.9736 
755.537 27.3487 32.4761 
724.611 41.4927 41.517 
675.494 53.0954 48.1786 
612.379 61.3627 51.8179 
539.899 65.9387 52.1587 
462.45 66.9175 49.311 
383.665 64.7534 43.6965 
306.04 60.1411 35.9221 
230.829 53.8468 26.5941 
158.091 46.5923 16.2375 
86.8865 38.9828 5.2251 
618.659 -16.1549 3.0651 
653.564 -1.40468 13.1878 
664.766 14.7527 24.0206 
652.113 30.6773 34.4043 
617.902 44.7036 43.1543 
566.455 55.4499 49.2798 
503.342 62.0915 52.2011 
434.429 64.4669 51.8674 
364.985 63.0457 48.7062 
299.059 58.7119 43.4667 
239.19 52.5188 36.9774 
186.494 45.4357 29.9567 
140.931 38.2263 22.9111 
101.647 31.3854 16.1128 
67.2896 25.1921 9.61335 
36.1813 19.72 3.28953 
564.832 11.972 19.2826 
552.84 27.6118 28.6331 
518.331 41.1753 36.3965 
466.447 50.9962 41.4988 
403.869 56.1619 43.397 
337.47 56.6914 42.1949 
273.104 53.3949 38.5254 
214.879 47.5233 33.3119 
165.007 40.3928 27.4864 
124.062 33.0919 21.7676 
91.48 26.3436 16.6019 
66.0633 20.5154 12.1705 
46.3956 15.7108 8.47916 
31.0892 11.8679 5.4125 
18.8826 8.84396 2.81199 
8.68202 6.47532 0.492624 
443.108 33.4433 27.3234 
395.542 43.1725 32.006 
336.519 48.0901 33.7233 
273.834 48.1553 32.5349 
214.045 44.3193 29.108 
161.529 38.0745 24.4199 
118.332 30.9235 19.411 
84.6019 24.0156 14.761 
59.3077 18.0208 10.8218 
40.8936 13.1829 7.69594 
27.7496 9.47998 5.3141 
18.4613 6.73959 3.54288 
11.8907 4.75893 2.23329 
7.18027 3.34118 1.25163 
3.69814 2.32872 0.486492 
0.973093 1.60096 -0.152476 
297.851 39.4309 25.4418 
239.788 40.4799 25.0595 
183.584 37.3858 22.4945 
134.458 31.694 18.6619 
94.8348 25.0532 14.4995 
64.8619 18.724 10.6815 
43.3019 13.3982 7.54696 
28.3747 9.28588 5.16365 
18.3228 6.29653 3.44438 
11.6753 4.21239 2.2477 
7.32302 2.79988 1.42975 
4.47833 1.85532 0.877169 
2.60687 1.23059 0.499899 
1.35253 0.814443 0.237659 
0.479797 0.537597 0.0463275 
-0.164698 0.350031 -0.105498 
173.416 31.9021 17.8952 
125.583 27.5349 15.1166 
86.6789 21.7512 11.7607 
57.4898 15.9969 8.55701 
36.9422 11.1235 5.90729 
23.1714 7.41672 3.91914 
14.275 4.80087 2.52499 
8.67583 3.04916 1.59157 
5.21062 1.91598 0.986289 
3.08811 1.19838 0.601152 
1.79217 0.749908 0.357052 
0.996793 0.471615 0.20343 
0.507333 0.296879 0.104069 
0.196063 0.187494 0.040138 
-0.00685922 0.117879 -0.00486118 
-0.150258 0.0734479 -0.0389852 
89.6044 19.8813 10.2003 
58.7128 14.8153 7.53091 
36.8787 10.2561 5.18869 
22.4125 6.70945 3.39046 
13.2882 4.21179 2.13048 
7.73883 2.56992 1.3015 
4.44662 1.54077 0.780451 
2.52821 0.915125 0.461336 
1.42032 0.542784 0.268788 
0.783223 0.321821 0.154627 
0.41721 0.191316 0.0872159 
0.205516 0.115713 0.0460531 
0.0826458 0.0691677 0.0214816 
0.0092254 0.0423569 0.00561091 
-0.0364201 0.0248693 -0.00418368 
-0.0669977 0.0150116 -0.0114719 
42.3807 10.2477 4.98915 
25.3833 6.75146 3.2877 
14.6775 4.19658 2.04977 
8.26746 2.50098 1.2281 
4.57065 1.44851 0.715218 
2.4929 0.824027 0.409262 
1.34588 0.465152 0.230545 
0.718025 0.260866 0.129952 
0.377781 0.147387 0.0718686 
0.19251 0.0837128 0.0395448 
0.0919639 0.0484467 0.0210151 
0.0380015 0.0280099 0.0100619 
0.00774248 0.0161858 0.00408405 
-0.00946094 0.00924642 0.000974587 
-0.0182213 0.00565446 -0.00198372 
-0.0250475 0.00348196 -0.0033196 
18.8891 4.62958 2.19419 
10.4479 2.75684 1.31551 
5.6153 1.57006 0.755178 
2.95699 0.867632 0.420832 
1.53481 0.470051 0.230052 
0.787983 0.252393 0.124579 
0.400809 0.135192 0.0665963 
0.201 0.0724566 0.0363707 
0.098834 0.0395343 0.0184455 
0.0453251 0.0216115 0.0103933 
0.0192429 0.01202 0.00474359 
0.00497282 0.00650466 0.00242612 
-0.00188425 0.00386855 0.00067864 
-0.00546067 0.00169656 6.89735e-05 
-0.00772945 0.00115614 -0.000291857 
-0.00815454 0.000262929 -0.000900396 
8.11609 1.91882 0.899197 
4.17913 1.05057 0.497861 
2.10229 0.556079 0.266165 
1.04041 0.287681 0.13975 
0.50918 0.14725 0.0722894 
0.246815 0.0752021 0.0373031 
0.118152 0.0387994 0.0189444 
0.0558217 0.0201228 0.00954054 
0.0251928 0.0102548 0.00510367 
0.0107129 0.00583034 0.00210039 
0.0030171 0.0025412 0.00143181 
-0.000131786 0.00149657 0.000683825 
-0.00161722 0.000636025 0.000331121 
-0.00225932 0.000119085 0.000140741 
-0.00270787 0.000573774 -0.000232596 
-0.0024725 -0.00068971 -9.51804e-05 
3.41601 0.753164 0.351848 
1.64671 0.383451 0.181288 
0.778445 0.190035 0.091276 
0.363592 0.0927264 0.0453449 
0.168063 0.044823 0.0224059 
0.0768266 0.0219839 0.0109886 
0.0348804 0.0105915 0.0054831 
0.0153334 0.00503082 0.00275002 
0.00616471 0.00260708 0.00150315 
0.00245237 0.0013284 0.000346368 
0.000130813 0.000494231 0.00074828 
-0.000343755 0.000651425 -0.000112286 
-0.00066791 8.34646e-05 -0.000111237 
-0.00107073 -0.000233419 0.000355031 
-0.000904174 0.000504421 -0.000247522 
-0.000899667 3.46365e-05 -9.52338e-05 
1.42479 0.285846 0.133592 
0.645339 0.136123 0.0648009 
0.28799 0.0637336 0.0308353 
0.127089 0.0295115 0.0144244 
0.0557233 0.0138739 0.00673043 
0.024415 0.00629182 0.00331674 
0.0102852 0.00301598 0.00150358 
0.00409811 0.00183591 0.000562475 
0.00178251 0.000808297 0.000205634 
0.000520784 0.000216028 0.000115734 
-0.000166069 0.000393016 9.94988e-05 
-0.000241019 8.35211e-05 2.91632e-05 
-0.000136116 -0.000136361 5.7131e-05 
-0.000294454 0.000354274 -0.000161666 
-0.000306835 -9.48054e-06 -1.97017e-05 
-0.000262486 4.09491e-05 -4.52369e-05 
0.59448 0.10626 0.0499372 
0.254414 0.0477292 0.0227904 
0.107514 0.0209841 0.0102953 
0.0451708 0.00932189 0.00444606 
0.0189211 0.00402818 0.00202031 
0.00777185 0.0018546 0.000862432 
0.00326224 0.000837137 0.000458563 
0.00133336 0.000342574 0.000177592 
0.000296174 0.000324904 6.29552e-06 
0.000224669 -2.61342e-05 6.90112e-05 
-1.03441e-05 0.000118893 1.31109e-05 
-6.77896e-05 4.10354e-05 -3.74614e-05 
-0.000107454 1.97622e-05 -9.03551e-06 
-7.34095e-05 4.95353e-05 -2.61907e-05 
-7.4414e-05 -4.23168e-06 -9.99434e-07 
-7.16105e-05 -2.08354e-06 -2.52576e-06 
0.243244 0.039545 0.0192335 
0.0996521 0.0169643 0.00810777 
0.0403397 0.00698866 0.00360641 
0.0162918 0.00283311 0.0016619 
0.00664942 0.00118402 0.000750933 
0.0027043 0.000625964 0.000283583 
0.00122635 9.36074e-05 0.000107651 
0.000374418 -0.00010469 0.000275219 
0.000179428 6.85841e-05 3.89326e-05 
3.40048e-05 2.03391e-05 -1.11406e-05 
2.06812e-05 6.61313e-06 9.33992e-06 
-2.06785e-06 1.99923e-06 3.79666e-06 
-9.66191e-06 1.18352e-06 2.57403e-06 
-1.42045e-05 -1.68987e-06 -5.06669e-07 
-1.44898e-05 -1.35751e-06 -5.21436e-07 
-1.41849e-05 -1.14295e-06 -4.60267e-07 
-0.00496278 -0.000475539 0.000240903 
-0.0109754 -0.00149914 0.000108449 
-0.0431466 -0.00704305 0.001189 
-0.180726 -0.0341019 0.0072375 
-0.75992 -0.163885 0.0387975 
-3.146 -0.755378 0.193647 
-12.4905 -3.21443 0.868892 
-45.2965 -11.501 3.25682 
-136.77 -28.9622 8.84576 
-307.789 -41.9269 15.074 
-492.51 -29.3367 15.5316 
-590.549 -1.71079 10.537 
-582.212 20.1316 4.93731 
-504.72 31.7604 0.437642 
-391.551 36.4427 -3.80475 
-261.025 36.2145 -8.56798 
-127.14 30.7038 -13.7175 
-10.0221 20.3384 -17.703 
-0.0526873 -0.00679934 -0.000469419 
-0.181587 -0.0284689 0.00155024 
-0.677087 -0.123026 0.0150927 
-2.55223 -0.523264 0.0878857 
-9.42954 -2.11343 0.425608 
-32.7249 -7.52893 1.70317 
-98.9117 -20.4747 5.1268 
-234.879 -35.0591 10.2739 
-408.677 -31.8438 12.9989 
-529.511 -9.31009 11.0665 
-551.192 13.7159 7.09021 
-496.262 27.4876 3.41472 
-400.922 33.4506 0.174805 
-287.76 34.4817 -3.18529 
-169.992 31.538 -6.66457 
-60.8893 24.1986 -9.6737 
15.3665 11.1027 -6.92419 
-0.265514 -0.0325096 -0.00500184 
-0.802365 -0.118204 -0.00326726 
-2.6119 -0.440204 0.0225383 
-8.58697 -1.61001 0.176899 
-27.2868 -5.39592 0.832156 
-78.4898 -14.7154 2.79819 
-186.466 -27.4914 6.42394 
-338.679 -29.6932 9.71691 
-465.027 -13.6795 10.1552 
-508.477 7.98164 8.17193 
-474.066 23.0977 5.53328 
-394.519 30.29 2.98619 
-295.289 32.2464 0.39707 
-190.442 30.6935 -2.32931 
-90.1593 25.9462 -4.70636 
-6.72885 17.7614 -6.01455 
34.2619 3.56961 1.49135 
-1.25759 -0.140938 -0.0286555 
-3.35192 -0.446012 -0.0349668 
-9.46365 -1.42326 0.00669391 
-26.537 -4.29248 0.299408 
-69.5993 -11.0505 1.35803 
-157.617 -20.9446 3.70886 
-285.989 -24.886 6.69482 
-404.369 -14.4887 8.49829 
-458.547 3.85794 8.33998 
-440.56 18.9003 6.93164 
-375.446 26.9478 5.07777 
-288.635 29.6482 3.0201 
-195.253 28.9889 0.773529 
-104.17 25.7566 -1.42326 
-23.7824 20.0211 -2.86326 
34.978 11.8019 -2.88947 
47.1076 -2.23869 7.6434 
-5.1684 -0.514237 -0.1124 
-12.1708 -1.40669 -0.138607 
-29.5018 -3.71715 -0.0578901 
-68.5757 -8.6648 0.475741 
-142.715 -15.7295 1.97364 
-248.844 -19.2117 4.43505 
-351.234 -12.5395 6.80096 
-405.553 1.78117 7.93852 
-398.118 15.3253 7.69784 
-345.544 23.5147 6.57925 
-270.371 26.7375 4.98677 
-187.793 26.7107 3.10275 
-106.238 24.4656 1.10665 
-31.8461 20.2967 -0.596211 
28.2454 14.2533 -1.25742 
64.7656 6.60064 -0.377471 
54.616 -6.41953 11.752 
-17.3738 -1.45472 -0.301817 
-35.7714 -3.33785 -0.295745 
-72.8522 -6.89691 -0.00922711 
-136.512 -11.5372 1.02695 
-222.606 -13.7026 3.0505 
-305.401 -9.1032 5.49951 
-352.085 1.48468 7.32941 
-349.124 12.6101 7.956 
-306.514 20.145 7.51324 
-242.248 23.5548 6.37215 
-170.206 23.989 4.80932 
-98.3516 22.4521 3.02859 
-31.6278 19.3634 1.30292 
25.2304 14.8389 0.0778744 
66.1941 9.01256 0.0402286 
83.8115 2.30718 1.50903 
57.6427 -9.1491 14.1105 
-45.2342 -2.91012 -0.471267 
-79.8072 -5.30992 -0.162832 
-133.919 -8.00999 0.703343 
-201.551 -8.83747 2.42754 
-264.015 -5.3473 4.70763 
-298.856 2.2185 6.72746 
-295.684 10.6647 7.82074 
-260.357 16.9499 7.8797 
-206.091 20.1715 7.14552 
-144.381 20.8996 5.89855 
-82.32 19.9143 4.35633 
-24.0571 17.6407 2.73658 
27.0495 14.229 1.33315 
67.118 9.78655 0.564249 
91.2239 4.53405 1.00535 
93.6896 -1.03657 2.81285 
57.0798 -10.6567 15.0417 
-87.0773 -3.68705 -0.148215 
-129.914 -4.99562 0.800759 
-180.124 -4.87058 2.31305 
-223.459 -2.0996 4.28318 
-245.527 3.16014 6.14458 
-239.678 9.15232 7.3432 
-209.555 13.9402 7.67716 
-164.282 16.6771 7.26167 
-112.561 17.5282 6.31589 
-60.2112 16.9797 5.03987 
-10.6795 15.3699 3.61205 
33.5313 12.8416 2.24218 
69.8011 9.4707 1.2067 
94.9313 5.41099 0.859649 
105.081 0.932404 1.65256 
96.1416 -3.48319 3.61426 
53.7691 -11.1827 14.8639 
-121.552 -2.48654 0.94946 
-154.356 -1.96015 2.37198 
-181.176 0.1753 3.96382 
-192.039 3.71079 5.47193 
-183.217 7.70811 6.52048 
-157.198 11.0701 6.92081 
-119.992 13.1787 6.70731 
-77.6914 14.0026 6.0223 
-34.6845 13.782 5.01944 
6.29222 12.7261 3.84066 
43.3224 10.9348 2.63688 
74.5498 8.45124 1.59512 
97.7954 5.36205 0.951546 
110.501 1.85678 0.983584 
109.805 -1.79242 2.02248 
92.8741 -5.1543 4.00763 
48.4414 -10.9566 13.8534 
-124.31 -0.0562634 2.20997 
-136.982 1.37276 3.51158 
-139.657 3.62682 4.60595 
-129.098 6.13587 5.3741 
-106.98 8.31901 5.69294 
-77.11 9.79963 5.55899 
-43.4671 10.492 5.0559 
-9.11263 10.4803 4.28993 
23.9034 9.86378 3.36531 
54.1012 8.6867 2.39145 
80.0941 6.95589 1.49486 
100.31 4.70156 0.83061 
112.931 2.0281 0.581312 
115.977 -0.87145 0.944074 
107.396 -3.74714 2.1406 
85.3502 -6.20884 4.05591 
41.6783 -10.1746 12.2143 
-94.2496 1.75014 2.7538 
-91.1649 2.99391 3.54644 
-80.7324 4.45884 4.01934 
-62.8614 5.76633 4.18243 
-39.7912 6.70994 4.03314 
-13.9645 7.21398 3.61608 
12.6317 7.29051 2.99995 
38.551 6.97026 2.26228 
62.6648 6.25656 1.48572 
83.887 5.13011 0.762473 
100.999 3.57944 0.198914 
112.604 1.63882 -0.0869382 
117.189 -0.588754 0.0281061 
113.243 -2.92539 0.662997 
99.3727 -5.11978 1.94315 
74.6114 -6.76949 3.73027 
33.9389 -8.96445 10.0883 
-50.8431 2.14301 2.35793 
-41.5144 2.85162 2.638 
-28.2535 3.56213 2.65077 
-11.5079 4.09427 2.44209 
7.34124 4.39367 2.03615 
27.0804 4.45024 1.47324 
46.7526 4.2639 0.808411 
65.5345 3.82044 0.108073 
82.5792 3.09364 -0.54804 
96.91 2.0567 -1.07034 
107.389 0.707077 -1.36541 
112.764 -0.915782 -1.34406 
111.77 -2.70945 -0.929042 
103.296 -4.48791 -0.0621774 
86.5758 -5.97492 1.3005 
61.4848 -6.78061 2.99517 
25.7988 -7.40434 7.68721 
-14.2656 1.54589 1.39382 
-5.21681 1.83701 1.33009 
5.84139 2.0875 1.08193 
18.5715 2.21168 0.674342 
32.2836 2.19198 0.126161 
46.3767 2.01644 -0.532991 
60.291 1.66802 -1.25729 
73.4141 1.12442 -1.98084 
85.0116 0.367184 -2.61836 
94.1999 -0.606503 -3.07069 
99.9682 -1.7716 -3.237 
101.253 -3.06201 -3.0275 
97.0697 -4.35705 -2.3795 
86.7085 -5.469 -1.27592 
69.9384 -6.15903 0.238833 
47.1889 -6.13262 1.95154 
18.2241 -5.59239 5.39061 
5.83441 0.674956 0.36081 
12.311 0.740588 0.12455 
20.0054 0.750376 -0.239487 
28.633 0.662404 -0.733757 
37.8354 0.461567 -1.34853 
47.2508 0.130181 -2.06309 
56.4774 -0.349329 -2.83828 
65.0307 -0.987102 -3.61056 
72.3217 -1.77692 -4.29099 
77.6569 -2.68735 -4.7711 
80.2737 -3.6569 -4.93453 
79.4074 -4.59101 -4.67701 
74.4096 -5.36235 -3.93382 
64.9074 -5.81384 -2.71105 
50.9561 -5.75478 -1.09915 
33.2026 -4.95082 0.711409 
12.3646 -3.75499 3.5583 
10.136 0.0210267 -0.36233 
14.0873 -0.0138052 -0.644121 
18.8178 -0.126122 -1.02723 
24.0501 -0.333365 -1.52665 
29.5649 -0.652475 -2.1385 
35.1132 -1.09921 -2.84905 
40.4126 -1.68263 -3.62679 
45.1324 -2.39728 -4.41731 
48.8928 -3.21584 -5.14156 
51.2725 -4.08318 -5.69909 
51.8376 -4.91397 -5.97786 
50.1934 -5.59401 -5.86958 
46.0683 -5.97971 -5.29228 
39.4293 -5.89701 -4.21382 
30.5965 -5.14772 -2.66082 
20.2807 -3.61006 -0.719611 
8.59593 -2.23797 2.17875 
5.57868 -0.205824 -0.564057 
7.61125 -0.266155 -0.799345 
9.92962 -0.42803 -1.13049 
12.3148 -0.69569 -1.57188 
14.6279 -1.08474 -2.12606 
16.7257 -1.60658 -2.78661 
18.463 -2.26197 -3.5316 
19.6896 -3.03423 -4.31982 
20.2581 -3.88062 -5.08916 
20.0425 -4.72789 -5.75653 
18.9718 -5.46788 -6.22246 
17.0793 -5.95757 -6.37924 
14.5682 -6.0282 -6.12493 
11.859 -5.5072 -5.38358 
9.53966 -4.27413 -4.12094 
8.01255 -2.41858 -2.33931 
5.58773 -1.20392 0.695261 
-1.3845e-05 1.0214e-07 9.18014e-07 
-6.89475e-05 -2.7058e-06 3.63679e-06 
-0.000254364 -4.20923e-06 1.7674e-05 
-0.000867156 -0.000134632 2.56155e-05 
-0.00314395 0.000121559 8.06203e-05 
-0.00932207 -0.00137064 0.000170473 
-0.0285875 -0.00595324 0.00111071 
-0.0892422 -0.0227544 0.00242221 
-0.26351 -0.0896223 0.0011708 
-0.692206 -0.349904 -0.0446457 
-1.35227 -1.27488 -0.427892 
-0.502173 -4.04718 -2.58165 
6.45382 -10.5571 -9.66759 
15.5198 -21.9087 -20.5048 
2.63036 -33.4927 -26.2327 
-41.273 -35.1069 -25.6738 
-57.5963 -3.01435 -32.0002 
-1.37177e-05 5.88919e-08 7.55294e-07 
-6.78805e-05 -4.08863e-06 4.50233e-06 
-0.00024632 -4.75027e-06 8.50138e-06 
-0.000614794 6.76262e-05 0.000334372 
-0.00298665 -5.30848e-05 0.000260274 
-0.00974831 -0.00144159 0.000835423 
-0.0335158 -0.00650201 0.00216061 
-0.11022 -0.02609 0.00904507 
-0.366416 -0.108263 0.0312184 
-1.18572 -0.440917 0.0940234 
-3.58404 -1.69029 0.181631 
-9.61865 -5.6612 -0.263649 
-23.9739 -15.1986 -3.18225 
-58.1246 -29.8774 -9.39051 
-120.364 -40.1341 -16.228 
-184.173 -34.7484 -24.4036 
-139.884 18.2959 -62.0103 
-1.39389e-05 -2.30306e-08 6.09014e-07 
-6.87479e-05 -5.34484e-06 5.5506e-06 
-0.000268007 -3.64799e-05 2.92509e-05 
-0.000941821 0.000445867 0.00030028 
-0.00307928 -0.00084273 -6.4842e-05 
-0.0107672 -0.00166539 0.000779296 
-0.037659 -0.00722202 0.00391231 
-0.134061 -0.0312823 0.014606 
-0.478712 -0.134823 0.0585416 
-1.7184 -0.567448 0.227447 
-6.02299 -2.25747 0.783445 
-19.6929 -7.77758 2.05578 
-57.3997 -20.738 3.24817 
-136.196 -37.8888 1.15039 
-243.708 -44.8298 -7.25834 
-319.409 -31.7937 -23.2227 
-213.236 38.9977 -88.5615 
-1.46194e-05 -1.53556e-07 4.85427e-07 
-7.18318e-05 -6.73423e-06 6.59734e-06 
-0.000286 -4.61633e-05 3.88076e-05 
-0.0009863 0.000392578 0.000282927 
-0.00338772 -0.000559956 0.000278286 
-0.012031 -0.00209645 0.00112233 
-0.0436861 -0.00907297 0.00474878 
-0.163001 -0.0388948 0.0208479 
-0.617847 -0.17364 0.0890302 
-2.37867 -0.751594 0.374661 
-9.03179 -3.06676 1.4526 
-31.9588 -10.6495 4.59081 
-96.3845 -27.3565 9.80802 
-220.348 -45.3618 10.6676 
-364.817 -46.735 -0.170985 
-441.129 -26.0724 -22.7231 
-273.718 58.0231 -110.569 
-1.58965e-05 -3.48194e-07 3.91786e-07 
-7.77309e-05 -8.34566e-06 7.79496e-06 
-0.000313743 -5.70755e-05 4.75982e-05 
-0.00107553 0.000324542 0.000276087 
-0.00375027 -0.000933062 0.000162222 
-0.0142061 -0.00208401 0.00164126 
-0.0528646 -0.0108013 0.00658322 
-0.203453 -0.0510488 0.0282586 
-0.809951 -0.231214 0.127355 
-3.28235 -1.02843 0.560478 
-13.1042 -4.26264 2.2836 
-48.0398 -14.5933 7.56589 
-143.659 -35.0258 16.5402 
-311.06 -51.366 18.5755 
-479.781 -45.2381 4.45766 
-543.981 -17.8431 -23.1571 
-318.63 74.3861 -127.283 
-1.79854e-05 -6.32556e-07 3.38978e-07 
-8.72978e-05 -1.02851e-05 9.11422e-06 
-0.000355864 -6.96744e-05 5.66539e-05 
-0.00142456 6.06601e-05 4.77031e-05 
-0.00448481 -0.000557956 0.000598742 
-0.0169549 -0.00321768 0.00179132 
-0.0655603 -0.0147522 0.00854575 
-0.2643 -0.0691674 0.03887 
-1.09487 -0.321976 0.180133 
-4.61466 -1.46183 0.816185 
-19.005 -6.06413 3.3983 
-70.1275 -19.9653 11.2051 
-201.812 -43.336 23.2384 
-406.985 -54.7334 24.1839 
-583.532 -40.1179 6.44375 
-623.521 -7.70778 -24.4717 
-346.562 87.2634 -138.262 
-2.12414e-05 -1.04892e-06 3.4456e-07 
-0.000102087 -1.27834e-05 1.06277e-05 
-0.000363852 -1.78188e-05 1.81042e-06 
-0.00147053 -0.000276706 0.000139878 
-0.00555766 -0.000929947 0.000452337 
-0.0214382 -0.00445757 0.00251988 
-0.0862062 -0.0203608 0.0116023 
-0.359016 -0.0986875 0.0546557 
-1.5411 -0.468848 0.259525 
-6.68867 -2.15558 1.19626 
-27.9408 -8.80903 4.9683 
-101.12 -27.048 15.6664 
-272.602 -51.2819 29.334 
-504.336 -54.2969 26.8849 
-670.409 -31.6595 6.00574 
-676.564 3.51095 -26.3806 
-357.335 96.088 -143.373 
-2.62801e-05 -1.67156e-06 4.37925e-07 
-0.000124909 -1.6164e-05 1.26325e-05 
-0.000449634 -2.81221e-05 1.54344e-06 
-0.00181752 -0.000302833 0.000160261 
-0.00702212 -0.00113404 0.000991018 
-0.0286234 -0.00619294 0.00360282 
-0.119444 -0.0302185 0.016346 
-0.514346 -0.148066 0.079769 
-2.27328 -0.71643 0.385293 
-10.0585 -3.29688 1.78281 
-41.8555 -12.9645 7.22074 
-144.526 -35.8066 20.9118 
-355.858 -57.2065 33.8881 
-596.91 -49.3361 26.4309 
-734.99 -20.6065 3.70168 
-701.487 14.8664 -28.4728 
-351.908 100.57 -142.797 
-3.42009e-05 -2.63494e-06 6.69993e-07 
-0.00016051 -2.11253e-05 1.49495e-05 
-0.000593856 -7.45281e-05 -9.82166e-06 
-0.0024566 -0.000601866 0.000133327 
-0.00986044 -0.00183327 0.00106047 
-0.0407522 -0.00940678 0.00488528 
-0.175685 -0.0469884 0.02463 
-0.781082 -0.234925 0.122015 
-3.53184 -1.14798 0.592824 
-15.7251 -5.20506 2.71368 
-63.7663 -19.0861 10.4066 
-203.833 -45.4655 26.4933 
-448.164 -59.0654 35.8057 
-676.767 -39.9309 23.1568 
-772.988 -8.04408 0.287953 
-698.416 25.4269 -30.2941 
-332.212 100.73 -137.024 
-4.70778e-05 -4.19958e-06 1.13505e-06 
-0.000218504 -2.74258e-05 1.86408e-05 
-0.000840384 -9.88459e-05 4.76346e-05 
-0.00348287 -0.000524079 0.000587572 
-0.0146661 -0.00314589 0.00145182 
-0.0623953 -0.0151328 0.00786346 
-0.277472 -0.0779009 0.0389169 
-1.2637 -0.393946 0.195516 
-5.78538 -1.92418 0.947554 
-25.4966 -8.39679 4.20534 
-98.0105 -27.5644 14.682 
-280.961 -54.1068 31.3606 
-542.009 -55.171 34.3303 
-735.696 -27.0693 17.9528 
-781.962 4.79221 -3.45955 
-669.246 34.3583 -31.4419 
-300.887 96.905 -126.815 
-6.90566e-05 -7.00422e-06 1.96828e-06 
-0.000315776 -4.37092e-05 2.43744e-05 
-0.00138613 -0.000284601 0.000158611 
-0.00533501 -0.000894033 0.000349229 
-0.0233753 -0.00526847 0.0027231 
-0.10318 -0.0264013 0.0127064 
-0.471287 -0.137542 0.0657828 
-2.18073 -0.699509 0.328492 
-9.9762 -3.35248 1.56811 
-42.55 -13.6117 6.54795 
-149.885 -38.0301 19.8156 
-373.787 -58.7218 33.9613 
-626.28 -45.0951 29.5644 
-766.971 -12.3924 11.9899 
-761.758 16.7119 -6.88086 
-617.472 41.0363 -31.6262 
-261.058 89.6672 -113.143 
-0.000115995 -1.86788e-05 1.26248e-05 
-0.000469509 -3.33184e-05 -1.19077e-05 
-0.00217576 -0.000392944 0.000238847 
-0.00908359 -0.00171374 0.000750118 
-0.0407418 -0.00942052 0.00442698 
-0.185717 -0.0495476 0.0226221 
-0.86371 -0.259415 0.116901 
-4.01279 -1.30814 0.579657 
-17.9966 -5.99273 2.65641 
-72.0617 -21.5947 10.0092 
-223.751 -48.4728 24.7993 
-473.729 -56.2823 32.9209 
-688.622 -30.16 22.6364 
-766.817 2.24713 6.34282 
-714.564 26.7351 -9.52049 
-547.88 45.0773 -30.7009 
-216.03 79.7873 -97.1193 
-0.000196506 -2.94714e-05 1.65647e-05 
-0.00086242 -9.94637e-05 2.3925e-05 
-0.0039283 -0.0007507 0.000407018 
-0.0171799 -0.00350301 0.00148492 
-0.0786329 -0.0187578 0.0082335 
-0.365974 -0.100493 0.0433684 
-1.71002 -0.52259 0.2202 
-7.83366 -2.55246 1.06106 
-33.5402 -10.7468 4.51386 
-121.173 -32.295 14.4787 
-318.933 -54.8693 27.7798 
-565.586 -45.6094 28.0853 
-718.935 -13.0253 15.2489 
-735.091 15.2338 1.76362 
-644.633 34.1781 -11.1439 
-466.057 46.4003 -28.6779 
-169.003 68.1424 -79.8716 
-0.000382551 -4.60156e-05 2.49629e-05 
-0.00173031 -0.000280907 9.04051e-05 
-0.00799168 -0.00138829 0.000599436 
-0.0364435 -0.00778624 0.00327196 
-0.169337 -0.0419179 0.0170938 
-0.790217 -0.220718 0.0874735 
-3.64073 -1.11426 0.434679 
-16.0395 -5.09935 1.97526 
-63.185 -18.617 7.4162 
-196.433 -43.3665 18.9009 
-424.786 -52.7082 26.9873 
-631.502 -28.6153 20.9442 
-712.283 3.3952 8.8937 
-675.107 25.4538 -1.42182 
-557.745 38.7136 -11.7106 
-377.86 45.1729 -25.7038 
-122.847 55.6167 -62.4782 
-0.000858606 -9.82063e-05 2.02675e-05 
-0.00414293 -0.000698949 0.000295819 
-0.0190246 -0.00350945 0.00133212 
-0.0879983 -0.0192329 0.0071361 
-0.407106 -0.101787 0.0369395 
-1.86245 -0.519812 0.186444 
-8.23767 -2.4696 0.879068 
-33.713 -10.0649 3.61159 
-116.349 -29.4622 11.1507 
-296.859 -49.3999 21.1958 
-519.954 -40.4172 22.3761 
-657.711 -9.47901 13.7643 
-669.8 16.9045 4.3425 
-592.816 32.3655 -3.23844 
-460.488 40.3408 -11.3304 
-288.886 41.7836 -22.0214 
-79.9141 43.0362 -45.869 
-0.00269484 -0.000449904 0.000120512 
-0.0120582 -0.00204134 0.00063554 
-0.0539307 -0.0105881 0.00317222 
-0.243588 -0.0536308 0.0165085 
-1.08674 -0.270012 0.0841586 
-4.72103 -1.2865 0.406224 
-19.3571 -5.49396 1.757 
-70.1309 -18.4843 6.11175 
-200.304 -39.6443 14.3613 
-405.758 -44.7929 19.7804 
-580.212 -21.3775 16.0473 
-639.652 7.60676 8.25781 
-597.612 26.4056 1.65235 
-495.677 35.9215 -3.92566 
-359.541 39.3482 -10.2028 
-204.027 36.7622 -17.9243 
-41.942 31.0994 -30.7754 
