101.876 -0.234944 -5.8578 
114.426 0.0293314 -6.22646 
127.036 0.177037 -6.47088 
139.703 0.297942 -6.66829 
152.429 0.403909 -6.86581 
165.265 0.499053 -7.08531 
178.288 0.58407 -7.33103 
191.577 0.657404 -7.59882 
205.197 0.720443 -7.8844 
219.197 0.776348 -8.18123 
233.62 0.821031 -8.48457 
248.497 0.856775 -8.78806 
263.849 0.881881 -9.08592 
279.682 0.89791 -9.3735 
295.998 0.903548 -9.64715 
312.793 0.898539 -9.90147 
330.051 0.883959 -10.1332 
347.76 0.854712 -10.3395 
365.894 0.816358 -10.5129 
384.413 0.769974 -10.6547 
403.282 0.712718 -10.764 
422.471 0.643804 -10.8319 
441.916 0.569774 -10.8593 
461.572 0.486863 -10.8487 
481.376 0.402034 -10.793 
501.27 0.308425 -10.6972 
521.184 0.218932 -10.5583 
541.055 0.124603 -10.3773 
560.799 0.0377029 -10.1501 
580.329 -0.0438104 -9.88734 
599.576 -0.11803 -9.58417 
618.455 -0.184474 -9.24215 
636.863 -0.230532 -8.86453 
654.716 -0.264082 -8.45753 
671.927 -0.277749 -8.01738 
688.399 -0.271471 -7.55251 
704.049 -0.242301 -7.06372 
718.78 -0.187211 -6.55434 
732.508 -0.106774 -6.03281 
745.153 0.00295648 -5.49782 
756.641 0.137246 -4.95951 
766.91 0.297847 -4.42147 
775.903 0.487145 -3.88477 
783.574 0.698977 -3.36316 
789.907 0.93187 -2.86019 
794.893 1.18224 -2.38112 
798.551 1.43965 -1.9464 
801.098 1.60308 -1.6973 
803.106 1.9725 -0.775466 
100.667 -0.247479 -7.51082 
115.335 0.120558 -7.2967 
129.075 0.359891 -7.43584 
142.565 0.51664 -7.62316 
155.989 0.641488 -7.82141 
169.445 0.746047 -8.0377 
183.019 0.835866 -8.2765 
196.792 0.913013 -8.53416 
210.831 0.9768 -8.80617 
225.189 1.0299 -9.08333 
239.904 1.0692 -9.35782 
255 1.09501 -9.62493 
270.498 1.10503 -9.87806 
286.404 1.10122 -10.1108 
302.716 1.08032 -10.3197 
319.425 1.04445 -10.4995 
336.516 0.990757 -10.6478 
353.97 0.920901 -10.761 
371.76 0.834397 -10.8372 
389.86 0.730938 -10.8713 
408.23 0.611758 -10.8646 
426.834 0.477655 -10.8163 
445.633 0.328371 -10.7259 
464.578 0.169884 -10.5921 
483.617 0.00136259 -10.4153 
502.697 -0.176515 -10.1944 
521.762 -0.361687 -9.93669 
540.76 -0.549713 -9.63662 
559.623 -0.739647 -9.30036 
578.286 -0.926504 -8.92639 
596.677 -1.10828 -8.52001 
614.732 -1.2856 -8.08331 
632.376 -1.44948 -7.61662 
649.53 -1.60167 -7.12247 
666.119 -1.73835 -6.60922 
682.069 -1.85554 -6.07514 
697.298 -1.951 -5.52597 
711.735 -2.02529 -4.96523 
725.303 -2.07136 -4.39522 
737.926 -2.0918 -3.82276 
749.539 -2.08275 -3.24988 
760.08 -2.04545 -2.68496 
769.498 -1.9782 -2.12937 
777.743 -1.88114 -1.58945 
784.783 -1.75614 -1.07257 
790.601 -1.60563 -0.582723 
795.194 -1.43111 -0.125799 
798.585 -1.24677 0.278329 
800.962 -1.12285 0.513966 
802.479 -0.538209 1.41679 
117.163 0.390946 -8.31766 
132.221 0.527067 -8.18783 
146.746 0.694448 -8.25379 
161.024 0.837444 -8.40323 
175.213 0.960975 -8.58489 
189.42 1.06513 -8.78897 
203.737 1.15112 -9.00916 
218.237 1.22146 -9.23717 
232.972 1.27643 -9.46562 
247.98 1.31542 -9.68557 
263.283 1.33956 -9.89101 
278.895 1.34544 -10.0786 
294.821 1.33675 -10.2413 
311.057 1.30929 -10.3759 
327.595 1.26497 -10.4813 
344.421 1.20512 -10.5525 
361.512 1.12798 -10.5907 
378.851 1.03467 -10.594 
396.41 0.927676 -10.5618 
414.158 0.80706 -10.4939 
432.061 0.674906 -10.3907 
450.088 0.530396 -10.2541 
468.199 0.379171 -10.0818 
486.356 0.216469 -9.87665 
504.515 0.0510616 -9.63951 
522.626 -0.117418 -9.37219 
540.645 -0.288807 -9.07781 
558.526 -0.459763 -8.75492 
576.213 -0.627241 -8.40678 
593.652 -0.789482 -8.03286 
610.782 -0.946051 -7.6382 
627.548 -1.09204 -7.2239 
643.887 -1.22743 -6.78937 
659.734 -1.34798 -6.33969 
675.023 -1.45297 -5.87613 
689.693 -1.5423 -5.40082 
703.676 -1.61052 -4.9156 
716.906 -1.65897 -4.42455 
729.322 -1.68606 -3.92888 
740.86 -1.68871 -3.43328 
751.464 -1.66838 -2.94016 
761.082 -1.62405 -2.45435 
769.67 -1.55589 -1.97775 
777.188 -1.46395 -1.51584 
783.61 -1.35006 -1.0728 
788.922 -1.21606 -0.65329 
793.124 -1.06454 -0.260676 
796.239 -0.909332 0.0862414 
798.465 -0.815795 0.254578 
799.875 -0.122887 1.24473 
135.982 0.629525 -8.6741 
151.263 0.721248 -8.67629 
166.328 0.831096 -8.74592 
181.241 0.9392 -8.85676 
196.07 1.0342 -8.98865 
210.897 1.11065 -9.13438 
225.795 1.16804 -9.28459 
240.826 1.20512 -9.43181 
256.027 1.22613 -9.5675 
271.424 1.22859 -9.68679 
287.03 1.21386 -9.78594 
302.851 1.18383 -9.8621 
318.886 1.13688 -9.91117 
335.129 1.0742 -9.93484 
351.569 0.997722 -9.93054 
368.193 0.907485 -9.8973 
384.982 0.804395 -9.83805 
401.919 0.6909 -9.75097 
418.981 0.566036 -9.63758 
436.143 0.434987 -9.49727 
453.375 0.295064 -9.33237 
470.653 0.149497 -9.14472 
487.944 0.000494255 -8.93309 
505.212 -0.149597 -8.70027 
522.424 -0.302252 -8.44483 
539.54 -0.454502 -8.171 
556.522 -0.602692 -7.87857 
573.326 -0.748278 -7.56775 
589.909 -0.888681 -7.24028 
606.223 -1.02039 -6.89604 
622.217 -1.14463 -6.53911 
637.842 -1.25762 -6.16701 
653.042 -1.35933 -5.78286 
667.763 -1.44726 -5.38759 
681.948 -1.52074 -4.98321 
695.539 -1.57711 -4.57063 
708.48 -1.61765 -4.1511 
720.713 -1.63914 -3.72797 
732.182 -1.64129 -3.30203 
742.833 -1.62396 -2.87545 
752.617 -1.58668 -2.45184 
761.487 -1.52951 -2.03336 
769.405 -1.45284 -1.62286 
776.338 -1.35716 -1.22369 
782.262 -1.24408 -0.839753 
787.167 -1.11556 -0.474441 
791.051 -0.973211 -0.129844 
793.939 -0.83328 0.171875 
796.056 -0.763926 0.285796 
797.365 0.00152027 1.36872 
155.837 0.703931 -8.86363 
171.346 0.770218 -8.90351 
186.778 0.83828 -8.95247 
202.104 0.904805 -9.00565 
217.336 0.961217 -9.06417 
232.527 0.999329 -9.12648 
247.734 1.01871 -9.18686 
263.003 1.01985 -9.24041 
278.367 1.00491 -9.27967 
293.842 0.974255 -9.30355 
309.441 0.928984 -9.30919 
325.169 0.869908 -9.29534 
341.026 0.798628 -9.26236 
357.006 0.716775 -9.20978 
373.104 0.624443 -9.13681 
389.308 0.522296 -9.04567 
405.606 0.414062 -8.93573 
421.983 0.298185 -8.80689 
438.42 0.177203 -8.66045 
454.901 0.0500355 -8.49706 
471.401 -0.0773003 -8.31724 
487.895 -0.208143 -8.12114 
504.359 -0.340068 -7.90778 
520.764 -0.473288 -7.68059 
537.079 -0.602087 -7.43769 
553.271 -0.731003 -7.1817 
569.306 -0.854735 -6.91013 
585.145 -0.975351 -6.62682 
600.752 -1.08854 -6.33024 
616.083 -1.19506 -6.02108 
631.093 -1.29228 -5.70113 
645.74 -1.38126 -5.37035 
659.973 -1.45731 -5.02985 
673.743 -1.5221 -4.68053 
687.001 -1.57302 -4.32321 
699.693 -1.61021 -3.95922 
711.77 -1.63145 -3.59052 
723.179 -1.63662 -3.21738 
733.87 -1.62558 -2.8421 
743.795 -1.59688 -2.46635 
752.908 -1.55117 -2.09241 
761.169 -1.48869 -1.72239 
768.542 -1.40964 -1.35879 
774.999 -1.31492 -1.00444 
780.519 -1.2058 -0.66248 
785.092 -1.08383 -0.335357 
788.716 -0.951141 -0.024929 
791.418 -0.825705 0.241315 
793.449 -0.775399 0.320001 
794.637 0.0502365 1.46565 
175.967 0.678708 -8.86826 
191.602 0.713154 -8.90009 
207.201 0.74616 -8.90057 
222.687 0.775523 -8.88757 
238.056 0.794365 -8.87305 
253.342 0.799575 -8.86013 
268.591 0.789576 -8.84598 
283.841 0.765321 -8.82723 
299.122 0.728748 -8.7994 
314.45 0.680294 -8.76246 
329.838 0.622202 -8.71447 
345.294 0.554774 -8.65515 
360.82 0.479535 -8.58384 
376.415 0.397187 -8.50007 
392.073 0.308486 -8.40447 
407.788 0.214868 -8.29674 
423.552 0.116469 -8.17524 
439.35 0.0134095 -8.04227 
455.168 -0.0912544 -7.89587 
470.988 -0.199022 -7.73676 
486.794 -0.309072 -7.56286 
502.561 -0.420568 -7.37734 
518.268 -0.531508 -7.17842 
533.889 -0.642214 -6.96737 
549.399 -0.751524 -6.74172 
564.763 -0.858373 -6.50488 
579.956 -0.963022 -6.25507 
594.941 -1.06292 -5.99489 
609.686 -1.15692 -5.72149 
624.15 -1.24598 -5.43807 
638.296 -1.32655 -5.14377 
652.083 -1.39967 -4.84107 
665.469 -1.46215 -4.52814 
678.407 -1.51439 -4.20798 
690.854 -1.55489 -3.8808 
702.762 -1.58206 -3.54786 
714.086 -1.59581 -3.20979 
724.778 -1.59568 -2.86853 
734.793 -1.57998 -2.52526 
744.087 -1.54934 -2.18137 
752.619 -1.50335 -1.83915 
760.351 -1.44225 -1.50046 
767.252 -1.36654 -1.16743 
773.296 -1.2771 -0.842621 
778.465 -1.17504 -0.528617 
782.748 -1.06151 -0.227392 
786.143 -0.938525 0.0587988 
788.682 -0.827175 0.298648 
790.632 -0.79215 0.35469 
791.694 0.0817 1.53598 
195.723 0.574257 -8.69857 
211.338 0.585171 -8.70462 
226.908 0.592371 -8.65624 
242.343 0.595973 -8.59253 
257.638 0.591034 -8.52986 
272.828 0.576358 -8.47226 
287.948 0.553115 -8.41797 
303.033 0.519907 -8.3652 
318.111 0.479142 -8.3108 
333.198 0.431826 -8.25346 
348.308 0.377892 -8.19131 
363.449 0.318869 -8.1232 
378.624 0.254257 -8.04837 
393.833 0.185619 -7.9658 
409.073 0.113134 -7.87463 
424.335 0.0373256 -7.77315 
439.61 -0.0422009 -7.66088 
454.886 -0.124904 -7.53791 
470.149 -0.210283 -7.40176 
485.384 -0.298939 -7.25477 
500.572 -0.387946 -7.0945 
515.691 -0.478666 -6.92127 
530.722 -0.57146 -6.73453 
545.64 -0.664296 -6.53493 
560.421 -0.756979 -6.32168 
575.038 -0.848837 -6.09634 
589.464 -0.938839 -5.85886 
603.67 -1.02649 -5.60957 
617.623 -1.1101 -5.34811 
631.291 -1.18887 -5.07689 
644.639 -1.26232 -4.7953 
657.631 -1.32844 -4.50539 
670.23 -1.3863 -4.20594 
682.395 -1.43541 -3.90013 
694.087 -1.47379 -3.58774 
705.265 -1.50115 -3.26999 
715.886 -1.51608 -2.9483 
725.908 -1.51815 -2.62417 
735.292 -1.50645 -2.29819 
743.996 -1.48086 -1.97251 
751.983 -1.44115 -1.64876 
759.22 -1.38749 -1.32861 
765.678 -1.32036 -1.01428 
771.332 -1.24041 -0.707978 
776.168 -1.14875 -0.412036 
780.175 -1.04626 -0.128155 
783.351 -0.935075 0.140718 
785.734 -0.838098 0.360791 
787.598 -0.816475 0.401328 
788.534 0.0923785 1.59766 
214.622 0.423293 -8.41453 
230.109 0.423946 -8.39918 
245.524 0.420581 -8.3243 
260.791 0.413032 -8.2417 
275.918 0.401053 -8.16651 
290.935 0.384357 -8.10052 
305.878 0.362122 -8.0426 
320.773 0.335858 -7.99089 
335.646 0.30515 -7.94181 
350.512 0.270938 -7.89293 
365.381 0.232999 -7.84247 
380.259 0.191864 -7.78791 
395.147 0.147212 -7.72805 
410.043 0.0989002 -7.66094 
424.94 0.0485385 -7.58365 
439.828 -0.00698301 -7.4963 
454.698 -0.06557 -7.39841 
469.535 -0.126119 -7.2873 
484.324 -0.191469 -7.16288 
499.048 -0.259895 -7.02534 
513.69 -0.331117 -6.87173 
528.229 -0.406338 -6.70455 
542.645 -0.483412 -6.52344 
556.917 -0.561919 -6.32697 
571.022 -0.643548 -6.11722 
584.936 -0.724528 -5.89378 
598.635 -0.805901 -5.65686 
612.093 -0.887186 -5.40783 
625.284 -0.966519 -5.14698 
638.178 -1.04222 -4.87516 
650.747 -1.11518 -4.59434 
662.959 -1.18169 -4.30408 
674.783 -1.2427 -4.00602 
686.184 -1.29568 -3.70208 
697.128 -1.3397 -3.39226 
707.578 -1.37376 -3.07836 
717.499 -1.397 -2.76172 
726.854 -1.40789 -2.44336 
735.605 -1.40635 -2.12447 
743.718 -1.39167 -1.80699 
751.159 -1.36346 -1.49211 
757.897 -1.32217 -1.18176 
763.907 -1.26787 -0.877893 
769.167 -1.20129 -0.58263 
773.663 -1.12322 -0.298163 
777.386 -1.03453 -0.026372 
780.336 -0.936923 0.229672 
782.555 -0.855635 0.434447 
784.319 -0.84771 0.462512 
785.133 0.0859116 1.65986 
232.454 0.260135 -8.1079 
247.786 0.269008 -8.08824 
263.023 0.26913 -8.01706 
278.118 0.266032 -7.94785 
293.093 0.260755 -7.89041 
307.974 0.254177 -7.84509 
322.79 0.246062 -7.81014 
337.565 0.236321 -7.78198 
352.314 0.224674 -7.7576 
367.049 0.211595 -7.73317 
381.773 0.195816 -7.70666 
396.489 0.177768 -7.67495 
411.191 0.156764 -7.63618 
425.874 0.132674 -7.58766 
440.526 0.104737 -7.52708 
455.133 0.073227 -7.45453 
469.684 0.0367008 -7.36777 
484.162 -0.00383472 -7.2646 
498.548 -0.0494936 -7.14645 
512.825 -0.0995851 -7.0111 
526.975 -0.155287 -6.85832 
540.977 -0.215753 -6.68968 
554.814 -0.28068 -6.50363 
568.467 -0.350796 -6.30176 
581.912 -0.422426 -6.08381 
595.133 -0.499728 -5.85083 
608.107 -0.577707 -5.60362 
620.812 -0.657892 -5.34415 
633.229 -0.737797 -5.07215 
645.333 -0.817196 -4.7891 
657.099 -0.894603 -4.49738 
668.506 -0.968661 -4.19659 
679.524 -1.03799 -3.88963 
690.129 -1.10109 -3.57702 
700.291 -1.15695 -3.26024 
709.98 -1.20366 -2.94061 
719.165 -1.24065 -2.61965 
727.816 -1.26664 -2.2984 
735.901 -1.28065 -1.97869 
743.39 -1.28179 -1.66166 
750.251 -1.27008 -1.34874 
756.459 -1.24525 -1.04177 
761.991 -1.20772 -0.742417 
766.827 -1.15805 -0.452869 
770.955 -1.09689 -0.175387 
774.37 -1.02473 0.0879892 
777.073 -0.943684 0.333683 
779.11 -0.878805 0.525928 
780.758 -0.88649 0.54211 
781.449 0.0642969 1.73202 
249.292 0.118566 -7.8695 
264.538 0.14782 -7.86311 
279.673 0.164555 -7.82128 
294.687 0.176912 -7.78884 
309.61 0.188708 -7.77029 
324.466 0.201424 -7.76391 
339.276 0.214706 -7.76696 
354.054 0.228716 -7.77507 
368.807 0.241923 -7.78502 
383.54 0.254361 -7.79286 
398.248 0.265731 -7.79565 
412.925 0.274332 -7.79033 
427.56 0.280434 -7.77411 
442.141 0.282583 -7.74455 
456.65 0.280601 -7.6995 
471.071 0.273091 -7.63795 
485.385 0.259975 -7.55842 
499.573 0.240748 -7.45869 
513.613 0.215063 -7.33871 
527.489 0.180468 -7.19891 
541.18 0.140004 -7.03886 
554.667 0.0917192 -6.85912 
567.933 0.0369759 -6.65853 
580.96 -0.0262446 -6.4398 
593.733 -0.0956758 -6.20224 
606.233 -0.170732 -5.94942 
618.446 -0.250574 -5.67997 
630.355 -0.335052 -5.39755 
641.946 -0.422222 -5.10236 
653.201 -0.510566 -4.79647 
664.104 -0.599801 -4.48248 
674.637 -0.686439 -4.16022 
684.782 -0.771224 -3.83284 
694.519 -0.85151 -3.5018 
703.827 -0.924907 -3.1682 
712.683 -0.990989 -2.83362 
721.063 -1.04816 -2.50026 
728.943 -1.09454 -2.16902 
736.297 -1.1294 -1.84143 
743.099 -1.15176 -1.51871 
749.323 -1.16099 -1.20232 
754.946 -1.15696 -0.893536 
759.947 -1.14007 -0.594102 
764.31 -1.11083 -0.306047 
768.026 -1.07008 -0.0319084 
771.093 -1.01821 0.225537 
773.515 -0.956391 0.462526 
775.343 -0.910692 0.643535 
776.851 -0.935251 0.647342 
777.42 0.0252566 1.82413 
265.445 0.015724 -7.76615 
280.748 0.078718 -7.7863 
295.929 0.118974 -7.79091 
311.018 0.155445 -7.81062 
326.048 0.192037 -7.84426 
341.042 0.230936 -7.88848 
356.008 0.27227 -7.9395 
370.953 0.315462 -7.99276 
385.872 0.359735 -8.04467 
400.76 0.403893 -8.09087 
415.603 0.447203 -8.12764 
430.386 0.488153 -8.15233 
445.089 0.526605 -8.16041 
459.691 0.559275 -8.1509 
474.17 0.58737 -8.12039 
488.499 0.608215 -8.06792 
502.656 0.621879 -7.99042 
516.618 0.624866 -7.88847 
530.36 0.619901 -7.76057 
543.861 0.604158 -7.60753 
557.103 0.576409 -7.42879 
570.068 0.538961 -7.22479 
582.739 0.488793 -6.99746 
595.102 0.429866 -6.74799 
607.144 0.359023 -6.47772 
618.856 0.279713 -6.18834 
630.228 0.190778 -5.88225 
641.251 0.0954934 -5.56198 
651.917 -0.00602166 -5.22897 
662.22 -0.11211 -4.88636 
672.149 -0.219523 -4.53568 
681.697 -0.32875 -4.17865 
690.854 -0.43654 -3.81905 
699.609 -0.541239 -3.45782 
707.951 -0.64112 -3.09667 
715.864 -0.733902 -2.73802 
723.333 -0.81813 -2.38354 
730.34 -0.892225 -2.03443 
736.867 -0.954483 -1.69228 
742.893 -1.00378 -1.35814 
748.396 -1.03938 -1.03302 
753.355 -1.06099 -0.717992 
757.753 -1.0689 -0.41438 
761.576 -1.06407 -0.124058 
764.816 -1.04768 0.149819 
767.478 -1.02 0.403464 
769.573 -0.981759 0.632396 
771.156 -0.957405 0.802906 
772.498 -1.00215 0.794156 
772.937 -0.0386307 1.9536 
281.37 -0.0358228 -7.8428 
296.932 0.0679427 -7.89868 
312.36 0.140715 -7.96323 
327.727 0.207946 -8.04719 
343.073 0.276553 -8.14552 
358.411 0.349852 -8.25265 
373.743 0.427156 -8.36424 
389.061 0.508873 -8.47477 
404.351 0.59275 -8.58021 
419.593 0.678189 -8.67572 
434.764 0.763685 -8.75645 
449.834 0.847042 -8.81868 
464.772 0.926882 -8.8573 
479.545 0.999855 -8.87165 
494.123 1.06618 -8.85594 
508.468 1.12265 -8.80894 
522.552 1.16655 -8.72911 
536.344 1.19803 -8.61651 
549.818 1.21532 -8.46803 
562.95 1.21597 -8.28698 
575.72 1.20131 -8.07292 
588.114 1.16913 -7.82698 
600.117 1.12098 -7.55233 
611.722 1.05627 -7.24972 
622.921 0.976248 -6.92356 
633.714 0.881314 -6.57601 
644.099 0.774369 -6.21054 
654.08 0.655326 -5.8301 
663.657 0.527361 -5.43822 
672.835 0.392667 -5.03732 
681.617 0.251833 -4.63077 
690.005 0.109348 -4.22182 
698.001 -0.0339882 -3.81328 
705.605 -0.174797 -3.40677 
712.814 -0.311619 -3.00493 
719.626 -0.442078 -2.61011 
726.032 -0.563481 -2.22409 
732.025 -0.67413 -1.84827 
737.593 -0.772348 -1.48402 
742.72 -0.856349 -1.13225 
747.391 -0.925042 -0.793671 
751.586 -0.977901 -0.468662 
755.288 -1.01516 -0.157458 
758.483 -1.03867 0.138481 
761.167 -1.05052 0.415726 
763.351 -1.05243 0.667937 
765.057 -1.04291 0.888672 
766.346 -1.04311 1.04969 
767.483 -1.11095 1.03176 
767.776 -0.155713 2.17206 
297.628 -0.0313967 -8.13707 
313.703 0.124524 -8.23921 
329.634 0.237365 -8.37969 
345.543 0.344799 -8.5476 
361.475 0.45776 -8.7311 
377.435 0.577398 -8.92371 
393.413 0.705747 -9.11926 
409.39 0.841125 -9.31102 
425.334 0.982425 -9.49331 
441.209 1.12697 -9.65924 
456.973 1.27254 -9.80234 
472.58 1.41581 -9.9173 
487.98 1.55432 -9.9976 
503.121 1.68449 -10.0388 
517.959 1.80024 -10.0367 
532.446 1.90243 -9.98817 
546.537 1.98529 -9.89207 
560.198 2.04687 -9.74672 
573.395 2.08517 -9.55204 
586.104 2.09845 -9.31121 
598.308 2.08571 -9.02507 
609.994 2.04728 -8.69765 
621.157 1.98344 -8.33201 
631.8 1.89384 -7.9341 
641.928 1.78255 -7.50813 
651.553 1.65032 -7.05894 
660.688 1.49933 -6.59126 
669.35 1.33265 -6.11092 
677.559 1.1537 -5.62127 
685.331 0.964233 -5.1276 
692.687 0.768926 -4.63425 
699.642 0.570118 -4.14381 
706.213 0.370642 -3.66066 
712.413 0.17383 -3.18685 
718.251 -0.0173026 -2.72531 
723.735 -0.200875 -2.27851 
728.87 -0.373685 -1.84774 
733.656 -0.533683 -1.4347 
738.088 -0.678666 -1.04051 
742.159 -0.806725 -0.665569 
745.856 -0.91636 -0.310012 
749.163 -1.00644 0.0271072 
752.059 -1.07755 0.346932 
754.525 -1.13154 0.6502 
756.553 -1.17395 0.934212 
758.163 -1.20999 1.18912 
759.4 -1.23722 1.40246 
760.332 -1.26422 1.55883 
761.193 -1.35559 1.55322 
761.276 -0.438571 2.68217 
314.895 0.0378209 -8.70548 
331.817 0.262699 -8.87269 
348.593 0.429328 -9.12243 
365.412 0.59489 -9.41228 
382.318 0.772048 -9.72351 
399.31 0.963744 -10.0474 
416.361 1.17022 -10.3738 
433.432 1.39011 -10.6938 
450.466 1.62135 -10.996 
467.399 1.85829 -11.2707 
484.158 2.09776 -11.5051 
500.662 2.33188 -11.6899 
516.834 2.55474 -11.8147 
532.593 2.75962 -11.8727 
547.863 2.94181 -11.8566 
562.58 3.09069 -11.7627 
576.683 3.20628 -11.5896 
590.126 3.28078 -11.338 
602.875 3.31292 -11.011 
614.909 3.30143 -10.6141 
626.22 3.24608 -10.1533 
636.809 3.14841 -9.63584 
646.691 3.0099 -9.07093 
655.889 2.83452 -8.46853 
664.435 2.626 -7.83635 
672.362 2.39011 -7.18334 
679.711 2.12978 -6.51904 
686.524 1.85206 -5.85047 
692.843 1.56116 -5.18413 
698.708 1.26177 -4.52743 
704.16 0.959211 -3.88455 
709.234 0.657514 -3.26018 
713.961 0.360846 -2.65827 
718.372 0.0725881 -2.08125 
722.489 -0.203912 -1.5316 
726.33 -0.465545 -1.01108 
729.91 -0.710243 -0.520263 
733.238 -0.935763 -0.0602335 
736.316 -1.13992 0.368934 
739.143 -1.32095 0.76763 
741.709 -1.47717 1.13708 
743.997 -1.60727 1.4799 
745.98 -1.71091 1.80032 
747.625 -1.79141 2.10329 
748.906 -1.85642 2.39187 
749.833 -1.92222 2.65852 
750.481 -1.99706 2.88052 
750.939 -2.0607 3.06709 
751.342 -2.17411 3.1605 
750.973 -1.3675 4.32094 
334.071 0.197084 -9.667 
352.325 0.521393 -9.94065 
370.465 0.767941 -10.3702 
388.773 1.02626 -10.863 
407.291 1.3106 -11.391 
425.997 1.62407 -11.9378 
444.837 1.96541 -12.4852 
463.724 2.33066 -13.0118 
482.551 2.71071 -13.4952 
501.19 3.09652 -13.9123 
519.505 3.47376 -14.2391 
537.348 3.82979 -14.4554 
554.578 4.14778 -14.544 
571.059 4.41694 -14.4891 
586.672 4.61928 -14.2847 
601.319 4.74757 -13.9311 
614.932 4.79463 -13.4284 
627.462 4.75421 -12.7898 
638.894 4.62855 -12.0267 
649.236 4.41789 -11.1577 
658.519 4.13071 -10.2003 
666.792 3.77271 -9.17547 
674.118 3.35537 -8.10344 
680.573 2.88797 -7.0033 
686.242 2.38161 -5.89288 
691.208 1.8479 -4.78834 
695.559 1.29781 -3.70483 
699.379 0.74085 -2.65303 
702.746 0.186556 -1.64332 
705.734 -0.356913 -0.68312 
708.407 -0.883341 0.222251 
710.824 -1.38618 1.06908 
713.033 -1.86121 1.85536 
715.074 -2.30497 2.58055 
716.979 -2.71492 3.2451 
718.772 -3.08957 3.85038 
720.471 -3.42738 4.39834 
722.085 -3.7287 4.89079 
723.617 -3.99156 5.33221 
725.063 -4.21894 5.72411 
726.411 -4.40743 6.07173 
727.641 -4.55922 6.37853 
728.713 -4.67037 6.65365 
729.566 -4.74294 6.91028 
730.125 -4.7868 7.16653 
730.331 -4.83047 7.43683 
730.217 -4.91885 7.71694 
729.857 -5.02855 8.09115 
729.103 -5.24329 8.65711 
727.455 -4.77664 10.0268 
356.62 0.527643 -11.2951 
377.007 1.00407 -11.7778 
397.43 1.38771 -12.548 
418.282 1.81893 -13.4171 
439.56 2.3067 -14.3296 
461.179 2.84343 -15.244 
482.991 3.41923 -16.1122 
504.791 4.01565 -16.8796 
526.324 4.60595 -17.4916 
547.307 5.16038 -17.8906 
567.437 5.64279 -18.0264 
586.422 6.01759 -17.8581 
603.993 6.25072 -17.3613 
619.942 6.31198 -16.5295 
634.109 6.19055 -15.3742 
646.409 5.87367 -13.9214 
656.825 5.36588 -12.2105 
665.397 4.68177 -10.2909 
672.221 3.83923 -8.21371 
677.431 2.86528 -6.03315 
681.193 1.7873 -3.79961 
683.686 0.63543 -1.56178 
685.102 -0.561617 0.640709 
685.63 -1.77807 2.77055 
685.454 -2.987 4.80055 
684.746 -4.16973 6.70931 
683.659 -5.30713 8.48231 
682.33 -6.38733 10.1108 
680.881 -7.40032 11.5865 
679.412 -8.33313 12.9145 
677.997 -9.18731 14.0949 
676.705 -9.95954 15.1331 
675.577 -10.6443 16.0411 
674.644 -11.2526 16.8229 
673.927 -11.7781 17.4914 
673.428 -12.2296 18.0554 
673.147 -12.6091 18.5262 
673.072 -12.9223 18.9122 
673.187 -13.1735 19.2234 
673.463 -13.3644 19.4689 
673.872 -13.5035 19.6576 
674.375 -13.5897 19.7958 
674.921 -13.6252 19.893 
675.422 -13.6 19.9666 
675.731 -13.5138 20.0451 
675.634 -13.3753 20.1871 
674.901 -13.252 20.4657 
673.205 -13.0826 21.1692 
668.817 -12.9514 23.4103 
662.449 -14.6751 25.6657 
385.506 1.29369 -14.2393 
409.458 1.98605 -15.1597 
433.908 2.62385 -16.561 
459.251 3.37636 -18.0552 
485.273 4.22215 -19.5133 
511.603 5.12221 -20.8013 
537.72 6.01514 -21.7606 
562.983 6.81763 -22.2255 
586.701 7.42877 -22.0517 
608.21 7.75186 -21.1344 
626.944 7.70235 -19.4355 
642.493 7.23399 -16.9794 
654.617 6.33653 -13.8478 
663.256 5.02989 -10.1651 
668.516 3.36505 -6.0763 
670.63 1.4102 -1.73941 
669.931 -0.756977 2.69777 
666.816 -3.05675 7.09962 
661.709 -5.41075 11.3539 
655.041 -7.75403 15.3699 
647.225 -10.024 19.0837 
638.646 -12.1811 22.4514 
629.645 -14.1894 25.4528 
620.511 -16.027 28.0806 
611.496 -17.686 30.3483 
602.794 -19.1616 32.2714 
594.562 -20.4581 33.8806 
586.912 -21.5848 35.2024 
579.925 -22.5508 36.2704 
573.652 -23.3737 37.1243 
568.115 -24.0729 37.7823 
563.322 -24.6484 38.2848 
559.254 -25.1279 38.6595 
555.884 -25.5224 38.9157 
553.186 -25.8332 39.088 
551.108 -26.0817 39.1828 
549.599 -26.2619 39.2267 
548.606 -26.4032 39.2168 
548.083 -26.487 39.1739 
547.96 -26.5336 39.1043 
548.185 -26.545 39.0066 
548.702 -26.5151 38.8911 
549.446 -26.452 38.7549 
550.347 -26.3421 38.6018 
551.255 -26.1541 38.4409 
551.9 -25.8547 38.3054 
551.813 -25.4177 38.2578 
550.333 -24.7667 38.3773 
543.628 -22.2015 41.127 
523.065 -21.8439 41.2991 
427.426 3.08623 -19.7851 
457.619 4.09283 -21.6532 
489.146 5.23494 -23.9534 
521.444 6.53877 -25.8377 
553.22 7.76378 -26.8579 
583.042 8.65893 -26.6124 
609.459 8.99206 -24.8246 
631.206 8.58529 -21.4102 
647.366 7.36256 -16.4918 
657.467 5.35237 -10.3622 
661.484 2.6756 -3.41336 
659.769 -0.49385 3.9403 
652.956 -3.95924 11.3056 
641.859 -7.51914 18.3504 
627.372 -11.0111 24.82 
610.402 -14.2954 30.5398 
591.804 -17.2716 35.4025 
572.353 -19.8664 39.3726 
552.712 -22.0537 42.4674 
533.408 -23.8202 44.7487 
514.854 -25.1964 46.309 
497.347 -26.2181 47.2456 
481.094 -26.9288 47.6758 
466.2 -27.3803 47.7063 
452.715 -27.6309 47.4359 
440.637 -27.7259 46.9521 
429.93 -27.7075 46.3298 
420.53 -27.6145 45.6235 
412.366 -27.4729 44.8845 
405.353 -27.309 44.1441 
399.398 -27.1335 43.4279 
394.424 -26.9711 42.7594 
390.342 -26.822 42.139 
387.064 -26.6853 41.5816 
384.519 -26.581 41.093 
382.627 -26.5 40.6651 
381.327 -26.4432 40.3052 
380.532 -26.4045 40.0008 
380.2 -26.3945 39.7592 
380.264 -26.4004 39.5646 
380.669 -26.4179 39.4149 
381.375 -26.4524 39.304 
382.335 -26.4897 39.2194 
383.519 -26.5292 39.1517 
384.888 -26.5519 39.081 
386.335 -26.4995 38.9796 
387.568 -26.2781 38.8335 
388.262 -25.9547 38.4863 
388.731 -24.9183 36.7013 
396.497 -22.6777 21.7744 
494.642 6.97128 -29.2935 
532.774 8.14607 -31.1525 
570.027 9.29937 -31.2881 
603.133 9.70191 -28.6607 
629.302 8.9276 -23.1467 
646.65 6.85543 -15.1192 
654.296 3.63452 -5.34273 
652.347 -0.412752 5.24896 
641.711 -4.87901 15.7563 
623.827 -9.38827 25.456 
600.398 -13.6255 33.8333 
573.19 -17.3527 40.5791 
543.854 -20.4042 45.5727 
513.84 -22.7103 48.8514 
484.318 -24.2671 50.5594 
456.158 -25.123 50.9408 
429.945 -25.3873 50.2625 
406.022 -25.1777 48.8185 
384.519 -24.6289 46.867 
365.431 -23.8557 44.6326 
348.641 -22.9523 42.283 
333.983 -21.9931 39.9475 
321.265 -21.0402 37.7142 
310.282 -20.1244 35.634 
300.834 -19.2716 33.7328 
292.74 -18.4947 32.0241 
285.831 -17.8014 30.5066 
279.962 -17.1936 29.1709 
275.008 -16.6683 28.008 
270.853 -16.2207 27.0043 
267.401 -15.8484 26.1472 
264.57 -15.5455 25.4183 
262.29 -15.3044 24.8086 
260.498 -15.1209 24.3082 
259.132 -14.9883 23.8991 
258.148 -14.9016 23.5748 
257.501 -14.8567 23.327 
257.15 -14.8476 23.1447 
257.058 -14.8696 23.0186 
257.198 -14.9196 22.9423 
257.539 -14.991 22.9116 
258.057 -15.0848 22.9144 
258.744 -15.1963 22.947 
259.596 -15.3252 22.9966 
260.638 -15.4716 23.0478 
261.925 -15.6291 23.0723 
263.459 -15.7334 23.0453 
265.045 -15.7084 22.907 
267.255 -16.067 22.951 
271.214 -17.4069 24.7583 
586.532 10.6739 -32.6742 
618.901 9.35108 -26.8508 
640.73 6.88636 -16.2351 
648.752 2.86295 -2.98442 
642.904 -2.10208 10.9652 
624.856 -7.31737 24.0064 
597.218 -12.2056 35.0228 
562.962 -16.3572 43.4039 
524.982 -19.5261 48.9591 
485.846 -21.6219 51.7999 
447.624 -22.6636 52.2726 
411.827 -22.7923 50.8598 
379.397 -22.1909 48.1253 
350.755 -21.0956 44.6024 
325.947 -19.7121 40.7371 
304.763 -18.2112 36.8665 
286.827 -16.7068 33.2035 
271.719 -15.2838 29.8708 
259.017 -13.9851 26.9111 
248.346 -12.8307 24.3261 
239.371 -11.818 22.0957 
231.806 -10.9442 20.1845 
225.414 -10.1938 18.5538 
220.001 -9.55542 17.1678 
215.41 -9.01349 15.9909 
211.509 -8.55456 14.9962 
208.19 -8.16851 14.1559 
205.365 -7.84445 13.4499 
202.965 -7.57554 12.861 
200.928 -7.3543 12.3737 
199.203 -7.17453 11.9756 
197.751 -7.03233 11.6561 
196.539 -6.9248 11.4074 
195.536 -6.84557 11.2233 
194.718 -6.79485 11.0938 
194.065 -6.76572 11.0164 
193.559 -6.759 10.9848 
193.185 -6.77115 10.9931 
192.932 -6.80023 11.0359 
192.789 -6.84238 11.1098 
192.753 -6.90093 11.2068 
192.819 -6.97004 11.319 
192.997 -7.05337 11.4389 
193.308 -7.15553 11.55 
193.805 -7.28362 11.6306 
194.595 -7.45525 11.644 
195.881 -7.69659 11.5251 
197.906 -7.94067 11.159 
200.371 -7.75115 10.7145 
208.845 -7.58488 5.31868 
645.092 4.16777 -4.34792 
638.755 -1.42871 10.7004 
617.768 -7.09695 26.3738 
583.977 -12.1563 38.8123 
541.831 -16.1159 47.3028 
495.638 -18.782 51.8507 
449.093 -20.1409 52.881 
405.044 -20.3212 51.0856 
365.356 -19.5454 47.3129 
330.931 -18.1226 42.4361 
301.9 -16.3577 37.2019 
277.876 -14.5025 32.1407 
258.231 -12.7329 27.5629 
242.258 -11.1411 23.5873 
229.302 -9.76447 20.222 
218.795 -8.60083 17.4128 
210.261 -7.62461 15.0805 
203.305 -6.80474 13.1409 
197.613 -6.11395 11.5199 
192.943 -5.52804 10.1553 
189.108 -5.02798 8.9961 
185.958 -4.59416 7.99947 
183.378 -4.21135 7.13016 
181.277 -3.86512 6.35949 
179.578 -3.543 5.66707 
178.216 -3.23884 5.03894 
177.132 -2.94852 4.46664 
176.275 -2.67244 3.94731 
175.597 -2.41339 3.47902 
175.062 -2.17285 3.06076 
174.639 -1.9523 2.69023 
174.304 -1.75129 2.36453 
174.038 -1.57019 2.0805 
173.828 -1.40828 1.835 
173.659 -1.26374 1.62293 
173.525 -1.13618 1.44238 
173.418 -1.02398 1.28836 
173.333 -0.925615 1.15861 
173.265 -0.84079 1.05115 
173.213 -0.768999 0.964345 
173.173 -0.709434 0.896293 
173.146 -0.663527 0.849341 
173.13 -0.633313 0.82534 
173.127 -0.623268 0.831588 
173.144 -0.644317 0.884171 
173.199 -0.7187 1.01238 
173.343 -0.888855 1.27169 
173.79 -1.30491 1.70532 
175.167 -1.96532 2.19448 
181.935 -4.88258 0.86863 
591.721 -10.0495 39.5874 
542.669 -13.8726 47.2001 
490.371 -16.6004 51.926 
437.622 -17.7467 52.3902 
388.043 -17.6261 49.5221 
344.105 -16.5234 44.45 
306.948 -14.8099 38.3449 
276.606 -12.8606 32.1689 
252.43 -10.9629 26.5382 
233.471 -9.27277 21.7165 
218.739 -7.83654 17.7328 
207.332 -6.63742 14.4967 
198.49 -5.64073 11.8761 
191.631 -4.81114 9.73911 
186.326 -4.11253 7.97216 
182.266 -3.51142 6.47924 
179.233 -2.97093 5.18318 
177.049 -2.45774 4.03448 
175.537 -1.96065 3.01867 
174.528 -1.49344 2.14434 
173.876 -1.07616 1.42064 
173.473 -0.723485 0.847916 
173.236 -0.441902 0.416403 
173.107 -0.230118 0.109144 
173.041 -0.0811369 -0.0958173 
173.011 0.0162229 -0.222608 
173 0.0746032 -0.293437 
172.998 0.105881 -0.326879 
173 0.119958 -0.336932 
173.006 0.12398 -0.33303 
173.013 0.122475 -0.321311 
173.021 0.118237 -0.305529 
173.03 0.112903 -0.288032 
173.038 0.107286 -0.270149 
173.047 0.101827 -0.252669 
173.056 0.0966887 -0.236016 
173.064 0.0919865 -0.220486 
173.072 0.0877006 -0.206101 
173.079 0.0838582 -0.193043 
173.085 0.0804794 -0.181365 
173.091 0.0776384 -0.171222 
173.095 0.0754672 -0.162867 
173.099 0.0742725 -0.156812 
173.1 0.0745823 -0.153963 
173.099 0.0773247 -0.155947 
173.093 0.0839982 -0.165402 
173.08 0.0959545 -0.185364 
173.052 0.116713 -0.213353 
173.069 0.0535286 -0.191767 
173.099 -0.124293 0.395874 
450.895 -16.81 54.0523 
394.486 -15.7158 49.9404 
344.689 -14.6325 44.3079 
302.787 -12.9145 37.5106 
269.071 -10.9667 30.5922 
242.904 -9.08912 24.3269 
223.089 -7.43052 19.0599 
208.273 -6.02546 14.8159 
197.235 -4.86555 11.4646 
189.046 -3.92831 8.82156 
183.071 -3.17275 6.70072 
178.891 -2.52968 4.93483 
176.164 -1.91978 3.41641 
174.529 -1.32404 2.13491 
173.632 -0.790361 1.12835 
173.195 -0.369156 0.416595 
173.02 -0.0840062 -0.0172436 
172.972 0.0730575 -0.228606 
172.977 0.134377 -0.293855 
173.002 0.139397 -0.281025 
173.033 0.118932 -0.234641 
173.066 0.0905953 -0.178565 
173.095 0.0628009 -0.124572 
173.12 0.0391574 -0.0783234 
173.139 0.0209566 -0.0422396 
173.153 0.0082204 -0.0165281 
173.162 0.000163523 0.000188687 
173.169 -0.00437868 0.0100664 
173.173 -0.00656853 0.0152992 
173.176 -0.00734412 0.0176582 
173.178 -0.00733203 0.0183558 
173.179 -0.00693324 0.0181607 
173.18 -0.00637279 0.017508 
173.18 -0.0057727 0.0166543 
173.18 -0.00519822 0.0157345 
173.18 -0.00467879 0.0148166 
173.18 -0.00422105 0.0139342 
173.18 -0.00383071 0.0131122 
173.18 -0.0035034 0.0123526 
173.179 -0.00323305 0.0116668 
173.179 -0.00301644 0.0110551 
173.179 -0.00285125 0.0105403 
173.179 -0.00273853 0.0101417 
173.179 -0.00268582 0.00990615 
173.179 -0.00270325 0.00990874 
173.179 -0.00278578 0.010238 
173.18 -0.00285273 0.0108918 
173.181 -0.0026055 0.0111846 
173.178 0.00434132 0.00622876 
173.167 0.0173699 -0.0564122 
307.922 -14.4934 39.2338 
272.972 -11.5364 32.7204 
244.131 -8.9852 25.3328 
222.16 -6.90115 19.1105 
205.826 -5.24865 14.2245 
193.88 -4.00857 10.4844 
185.361 -3.09137 7.61711 
179.596 -2.38065 5.33452 
176.052 -1.72437 3.4212 
174.141 -1.06024 1.84841 
173.257 -0.476997 0.705217 
172.94 -0.0775925 0.034503 
172.887 0.112508 -0.237825 
172.93 0.152298 -0.273866 
172.996 0.122597 -0.212754 
173.059 0.0752839 -0.129247 
173.107 0.0335598 -0.0568423 
173.14 0.00578988 -0.00882679 
173.159 -0.00799464 0.0148103 
173.169 -0.0122299 0.0218504 
173.174 -0.0117235 0.0207072 
173.177 -0.00950671 0.0166631 
173.177 -0.00700235 0.0121782 
173.177 -0.00476822 0.00820242 
173.176 -0.00298658 0.00504519 
173.176 -0.0016838 0.00274796 
173.175 -0.000812679 0.00122115 
173.174 -0.000283432 0.000301317 
173.173 5.11497e-06 -0.000194291 
173.173 0.000139091 -0.000422505 
173.173 0.00018356 -0.000498723 
173.172 0.000179953 -0.000496942 
173.172 0.00015351 -0.000459973 
173.172 0.000117228 -0.000410231 
173.172 7.98196e-05 -0.000359529 
173.172 4.45539e-05 -0.000312462 
173.172 1.31381e-05 -0.000270877 
173.172 -1.34124e-05 -0.000234598 
173.172 -3.53971e-05 -0.000203883 
173.172 -5.31453e-05 -0.000177492 
173.172 -6.70914e-05 -0.000155334 
173.172 -7.84883e-05 -0.000136367 
173.172 -8.85537e-05 -0.000120143 
173.171 -9.94226e-05 -0.000106059 
173.171 -0.000114457 -9.24724e-05 
173.171 -0.000140685 -7.47022e-05 
173.171 -0.000189855 -3.68655e-05 
173.171 -0.000293678 7.24817e-05 
173.172 -0.000634164 0.000460497 
173.173 -0.000364658 0.00405068 
210.367 -10.8378 21.5294 
198.944 -8.46475 16.8383 
189.867 -5.82725 11.7532 
183.3 -3.89006 7.94087 
178.554 -2.45716 5.12157 
175.368 -1.4276 2.94032 
173.633 -0.655789 1.27222 
172.947 -0.131018 0.230723 
172.827 0.100013 -0.19497 
172.919 0.13143 -0.247144 
173.039 0.0876502 -0.164283 
173.126 0.0349729 -0.0670072 
173.171 0.000685187 -0.00411973 
173.186 -0.0119763 0.019023 
173.187 -0.0121586 0.0194368 
173.184 -0.00828762 0.0126427 
173.181 -0.00425632 0.00577371 
173.177 -0.00133873 0.00105953 
173.175 0.00028964 -0.00132615 
173.173 0.000928405 -0.00204374 
173.173 0.00100473 -0.0018998 
173.172 0.000847545 -0.00146328 
173.172 0.000635867 -0.00101603 
173.172 0.000442402 -0.000654797 
173.171 0.000289298 -0.00039418 
173.171 0.000177758 -0.000220366 
173.171 0.00010193 -0.000112986 
173.171 5.3656e-05 -5.22833e-05 
173.171 2.49214e-05 -2.17952e-05 
173.172 9.05184e-06 -9.24335e-06 
173.172 1.10656e-06 -6.34643e-06 
173.172 -2.22671e-06 -8.04973e-06 
173.172 -3.05191e-06 -1.14776e-05 
173.172 -2.48002e-06 -1.52504e-05 
173.172 -1.31766e-06 -1.85571e-05 
173.172 9.10518e-08 -2.12269e-05 
173.172 1.56738e-06 -2.32482e-05 
173.172 2.92999e-06 -2.46129e-05 
173.172 4.17531e-06 -2.54866e-05 
173.172 5.2732e-06 -2.5956e-05 
173.172 6.22002e-06 -2.61246e-05 
173.172 7.09087e-06 -2.61455e-05 
173.172 7.97137e-06 -2.61984e-05 
173.172 9.0471e-06 -2.6565e-05 
173.172 1.05486e-05 -2.76461e-05 
173.172 1.28932e-05 -3.0222e-05 
173.172 1.63618e-05 -3.55413e-05 
173.172 2.15327e-05 -4.61686e-05 
173.172 2.78459e-05 -6.18017e-05 
173.172 -7.25472e-05 -0.000205075 
88.8956 -0.719891 -5.61289 
90.3065 -5.46758 -2.39528 
102.256 -5.86364 -3.00959 
114.394 -6.19142 -3.34488 
126.738 -6.40793 -3.58637 
139.173 -6.58628 -3.80201 
151.685 -6.77244 -4.01521 
164.325 -6.98771 -4.23421 
177.171 -7.23709 -4.459 
190.301 -7.51513 -4.68824 
203.777 -7.81738 -4.92175 
217.647 -8.13968 -5.15587 
231.957 -8.47678 -5.38913 
246.736 -8.82374 -5.61843 
262.005 -9.17406 -5.84206 
277.768 -9.52445 -6.05846 
294.032 -9.8719 -6.26541 
310.79 -10.2106 -6.46157 
328.028 -10.5402 -6.64401 
345.74 -10.8562 -6.81219 
363.889 -11.1488 -6.96616 
382.436 -11.4222 -7.10555 
401.356 -11.6776 -7.22742 
420.61 -11.9001 -7.33149 
440.131 -12.0935 -7.4201 
459.878 -12.258 -7.49289 
479.78 -12.3879 -7.54798 
499.783 -12.4827 -7.5902 
519.808 -12.5438 -7.61708 
539.797 -12.5653 -7.62943 
559.646 -12.542 -7.63135 
579.279 -12.4864 -7.62389 
598.622 -12.3904 -7.60397 
617.578 -12.2477 -7.57845 
636.038 -12.0653 -7.54734 
653.924 -11.8465 -7.51142 
671.138 -11.5837 -7.47096 
687.581 -11.2836 -7.43045 
703.167 -10.9444 -7.38749 
717.791 -10.5655 -7.34685 
731.371 -10.155 -7.30787 
743.823 -9.71059 -7.2723 
755.077 -9.23945 -7.24032 
765.069 -8.74167 -7.21148 
773.738 -8.22043 -7.1884 
781.046 -7.68779 -7.17333 
786.985 -7.14873 -7.16269 
791.545 -6.60581 -7.15752 
794.779 -6.09872 -7.15127 
797.189 -5.84614 -7.09472 
798.278 -4.35513 -7.27426 
101.009 -7.15082 -3.38331 
114.914 -6.93528 -3.68276 
128.216 -7.05264 -3.94199 
141.399 -7.1914 -4.13896 
154.573 -7.33681 -4.31839 
167.811 -7.50568 -4.49448 
181.194 -7.70311 -4.6714 
194.798 -7.92575 -4.84793 
208.694 -8.16911 -5.02175 
222.931 -8.42553 -5.18702 
237.55 -8.68646 -5.34183 
252.578 -8.94916 -5.48125 
268.037 -9.20626 -5.60343 
283.931 -9.45251 -5.70388 
300.261 -9.68417 -5.78195 
317.019 -9.89697 -5.83402 
334.192 -10.0882 -5.85961 
351.759 -10.2545 -5.85747 
369.698 -10.395 -5.82404 
387.976 -10.5025 -5.76067 
406.555 -10.579 -5.6683 
425.398 -10.624 -5.54568 
444.464 -10.6341 -5.3954 
463.698 -10.6085 -5.21811 
483.048 -10.5483 -5.0126 
502.456 -10.4485 -4.78372 
521.869 -10.3182 -4.53211 
541.218 -10.1483 -4.26097 
560.442 -9.94504 -3.97163 
579.462 -9.70308 -3.66922 
598.205 -9.4302 -3.35404 
616.603 -9.1236 -3.03142 
634.573 -8.78388 -2.70136 
652.028 -8.40982 -2.37082 
668.893 -8.01057 -2.04177 
685.083 -7.58061 -1.71762 
700.515 -7.12602 -1.40048 
715.113 -6.6465 -1.09574 
728.789 -6.14408 -0.805252 
741.471 -5.62411 -0.53298 
753.086 -5.08653 -0.281647 
763.575 -4.53988 -0.0542887 
772.882 -3.98401 0.147239 
780.956 -3.42367 0.319276 
787.771 -2.86919 0.461051 
793.312 -2.32343 0.571624 
797.582 -1.79412 0.649365 
800.631 -1.31451 0.695283 
802.794 -0.99062 0.727172 
803.113 0.568807 0.96731 
116.378 -7.9444 -4.37759 
131.074 -7.7407 -4.4942 
145.259 -7.76353 -4.6826 
159.247 -7.86154 -4.86906 
173.184 -7.99403 -5.05064 
187.177 -8.1565 -5.22777 
201.314 -8.34319 -5.39973 
215.665 -8.54584 -5.56364 
230.282 -8.75824 -5.71454 
245.202 -8.97045 -5.84998 
260.449 -9.17761 -5.96566 
276.037 -9.37584 -6.06053 
291.972 -9.55955 -6.12933 
308.252 -9.72363 -6.1726 
324.867 -9.86814 -6.18867 
341.8 -9.98705 -6.17633 
359.033 -10.082 -6.13543 
376.543 -10.1497 -6.06709 
394.302 -10.1893 -5.97074 
412.276 -10.1997 -5.84797 
430.43 -10.1813 -5.69907 
448.73 -10.1345 -5.52682 
467.134 -10.0578 -5.32852 
485.601 -9.95042 -5.11109 
504.078 -9.81346 -4.87477 
522.516 -9.6481 -4.62135 
540.871 -9.45709 -4.35232 
559.086 -9.23626 -4.07122 
577.105 -8.98914 -3.77874 
594.866 -8.71318 -3.4778 
612.308 -8.41261 -3.17261 
629.37 -8.08832 -2.86277 
645.985 -7.73649 -2.553 
662.08 -7.36258 -2.24557 
677.591 -6.96746 -1.94107 
692.451 -6.55034 -1.64464 
706.585 -6.11321 -1.35712 
719.93 -5.6596 -1.08056 
732.416 -5.1879 -0.819654 
743.979 -4.70422 -0.574768 
754.561 -4.20895 -0.349317 
764.111 -3.70766 -0.144782 
772.581 -3.20109 0.0367762 
779.934 -2.69505 0.193258 
786.147 -2.19502 0.323599 
791.21 -1.70613 0.427225 
795.127 -1.2343 0.503718 
797.948 -0.811719 0.553958 
799.989 -0.526443 0.573746 
799.929 1.3423 0.704771 
134.64 -8.31705 -4.86459 
149.722 -8.24707 -4.94566 
164.557 -8.27447 -5.0825 
179.244 -8.34699 -5.22486 
193.877 -8.4479 -5.36402 
208.546 -8.57246 -5.49415 
223.326 -8.71165 -5.61022 
238.277 -8.85684 -5.71084 
253.433 -9.0001 -5.79124 
268.819 -9.13591 -5.85025 
284.449 -9.25963 -5.88745 
300.327 -9.36989 -5.89921 
316.45 -9.46018 -5.88677 
332.811 -9.53271 -5.85023 
349.4 -9.58464 -5.78871 
366.197 -9.61327 -5.70417 
383.184 -9.62181 -5.59752 
400.342 -9.60789 -5.46854 
417.645 -9.57143 -5.32057 
435.062 -9.51197 -5.15273 
452.566 -9.43037 -4.96842 
470.127 -9.32881 -4.7685 
487.708 -9.20315 -4.55578 
505.272 -9.05878 -4.32875 
522.783 -8.89062 -4.09137 
540.198 -8.70274 -3.84644 
557.474 -8.49557 -3.59282 
574.567 -8.26751 -3.33315 
591.43 -8.01919 -3.06988 
608.009 -7.74984 -2.80398 
624.254 -7.4636 -2.53749 
640.109 -7.15646 -2.27128 
655.519 -6.83068 -2.0078 
670.423 -6.4866 -1.74878 
684.763 -6.12527 -1.49655 
698.479 -5.74787 -1.2507 
711.511 -5.35338 -1.01533 
723.799 -4.9456 -0.791359 
735.287 -4.5248 -0.579777 
745.917 -4.09223 -0.382985 
755.64 -3.65169 -0.202445 
764.41 -3.20531 -0.0392145 
772.189 -2.75554 0.105095 
778.945 -2.30654 0.229383 
784.657 -1.86285 0.332888 
789.318 -1.42898 0.415188 
792.933 -1.00933 0.476832 
795.551 -0.640793 0.516978 
797.519 -0.403596 0.537079 
797.158 1.73828 0.622249 
154.31 -8.51613 -5.06343 
169.703 -8.51816 -5.12539 
184.996 -8.54124 -5.20795 
200.182 -8.57351 -5.28751 
215.298 -8.62092 -5.35902 
230.41 -8.68208 -5.41783 
245.576 -8.75008 -5.46099 
260.842 -8.82014 -5.48585 
276.233 -8.88307 -5.49157 
291.768 -8.93809 -5.47733 
307.457 -8.98171 -5.44281 
323.301 -9.01148 -5.38912 
339.297 -9.02736 -5.31722 
355.439 -9.029 -5.22665 
371.718 -9.01433 -5.1189 
388.122 -8.98469 -4.99658 
404.634 -8.94011 -4.85843 
421.238 -8.87878 -4.70686 
437.915 -8.80273 -4.54155 
454.643 -8.70986 -4.36717 
471.395 -8.60239 -4.18139 
488.148 -8.47974 -3.98548 
504.872 -8.33963 -3.7809 
521.539 -8.18444 -3.57095 
538.111 -8.01312 -3.35363 
554.558 -7.82737 -3.13162 
570.839 -7.62372 -2.90502 
586.919 -7.40554 -2.67646 
602.753 -7.17118 -2.44545 
618.298 -6.91963 -2.2148 
633.507 -6.65358 -1.98387 
648.333 -6.37065 -1.75631 
662.723 -6.07253 -1.53145 
676.628 -5.75897 -1.31167 
689.993 -5.43064 -1.09742 
702.766 -5.08751 -0.891281 
714.893 -4.7318 -0.693645 
726.321 -4.3632 -0.505641 
736.998 -3.98316 -0.329426 
746.875 -3.59354 -0.165595 
755.906 -3.19661 -0.0153229 
764.051 -2.79432 0.12025 
771.275 -2.38934 0.240242 
777.552 -1.98502 0.343648 
782.863 -1.58516 0.43002 
787.202 -1.19342 0.499456 
790.57 -0.813658 0.551843 
793.028 -0.49088 0.586009 
794.937 -0.2806 0.615289 
794.311 2.07269 0.669006 
174.485 -8.57329 -5.06941 
190.077 -8.58884 -5.08763 
205.614 -8.57853 -5.11178 
221.039 -8.56159 -5.12609 
236.368 -8.55064 -5.13277 
251.642 -8.54951 -5.12853 
266.91 -8.55397 -5.11171 
282.209 -8.56022 -5.08104 
297.562 -8.56236 -5.03658 
312.986 -8.56014 -4.97894 
328.49 -8.55111 -4.90813 
344.08 -8.53443 -4.825 
359.756 -8.50912 -4.72985 
375.514 -8.47407 -4.62357 
391.348 -8.42947 -4.50722 
407.25 -8.37554 -4.38013 
423.209 -8.30922 -4.2435 
439.21 -8.23284 -4.09875 
455.237 -8.14436 -3.94506 
471.273 -8.04502 -3.78214 
487.297 -7.93068 -3.61201 
503.285 -7.80521 -3.43536 
519.213 -7.66601 -3.25256 
535.056 -7.51518 -3.06319 
550.783 -7.34774 -2.86958 
566.362 -7.16892 -2.67076 
581.762 -6.97443 -2.46972 
596.949 -6.76804 -2.26591 
611.883 -6.54538 -2.05995 
626.526 -6.30933 -1.85418 
640.835 -6.05843 -1.64886 
654.77 -5.79487 -1.44545 
668.284 -5.51559 -1.24499 
681.33 -5.22367 -1.04874 
693.861 -4.91809 -0.858475 
705.828 -4.60031 -0.674506 
717.184 -4.27018 -0.498173 
727.88 -3.92895 -0.331374 
737.87 -3.57805 -0.17426 
747.108 -3.21819 -0.0284833 
755.554 -2.85192 0.105064 
763.17 -2.48115 0.225713 
769.926 -2.10814 0.33256 
775.797 -1.73598 0.425081 
780.768 -1.3679 0.502654 
784.831 -1.00652 0.565479 
787.988 -0.656996 0.613208 
790.309 -0.370361 0.645373 
792.156 -0.171566 0.686361 
791.297 2.33928 0.706888 
194.451 -8.48254 -4.91475 
210.077 -8.4836 -4.88805 
225.64 -8.43296 -4.86479 
241.067 -8.37486 -4.83309 
256.371 -8.32319 -4.79712 
271.587 -8.28152 -4.7568 
286.753 -8.24769 -4.70989 
301.904 -8.21908 -4.65641 
317.062 -8.19161 -4.59638 
332.244 -8.16435 -4.52885 
347.462 -8.13454 -4.45441 
362.722 -8.10123 -4.37239 
378.026 -8.06306 -4.2835 
393.373 -8.01896 -4.18753 
408.758 -7.96813 -4.08404 
424.173 -7.90878 -3.97251 
439.607 -7.84003 -3.85342 
455.051 -7.76255 -3.72593 
470.486 -7.67277 -3.59067 
485.898 -7.57316 -3.44865 
501.265 -7.46114 -3.29894 
516.568 -7.33755 -3.14097 
531.785 -7.20053 -2.97648 
546.891 -7.05115 -2.80518 
561.859 -6.8876 -2.62826 
576.66 -6.71149 -2.44639 
591.268 -6.52234 -2.26004 
605.65 -6.3201 -2.07016 
619.772 -6.103 -1.87838 
633.598 -5.87416 -1.68483 
647.094 -5.63129 -1.49183 
660.22 -5.37689 -1.29943 
672.937 -5.1081 -1.10942 
685.201 -4.82823 -0.923209 
696.972 -4.5363 -0.741575 
708.206 -4.23292 -0.566132 
718.859 -3.91896 -0.398087 
728.888 -3.59586 -0.238353 
738.251 -3.26356 -0.0881133 
746.907 -2.92419 0.0516057 
754.818 -2.57929 0.179894 
761.951 -2.2307 0.29599 
768.278 -1.88079 0.399172 
773.777 -1.5322 0.488824 
778.434 -1.18783 0.564665 
782.241 -0.849737 0.626372 
785.199 -0.524314 0.673593 
787.39 -0.267194 0.706725 
789.166 -0.0732733 0.761118 
788.111 2.55125 0.751249 
213.655 -8.28328 -4.65967 
229.174 -8.26513 -4.60749 
244.604 -8.18948 -4.56134 
259.885 -8.11385 -4.51331 
275.034 -8.04877 -4.46643 
290.083 -7.99599 -4.41988 
305.067 -7.95294 -4.3738 
320.015 -7.91843 -4.32608 
334.949 -7.88807 -4.27616 
349.884 -7.85946 -4.22301 
364.83 -7.8309 -4.16582 
379.792 -7.79971 -4.10377 
394.771 -7.76507 -4.03583 
409.765 -7.72469 -3.9617 
424.767 -7.6763 -3.87914 
439.769 -7.61922 -3.78945 
454.758 -7.55325 -3.69213 
469.722 -7.47637 -3.58495 
484.644 -7.38763 -3.46926 
499.51 -7.28822 -3.34376 
514.298 -7.17402 -3.20869 
528.99 -7.04755 -3.06546 
543.564 -6.90864 -2.91356 
557.997 -6.75561 -2.75269 
572.267 -6.58954 -2.5854 
586.346 -6.41042 -2.41088 
600.211 -6.21781 -2.2301 
613.833 -6.01263 -2.04446 
627.184 -5.79411 -1.85557 
640.232 -5.56323 -1.66362 
652.946 -5.32088 -1.47108 
665.294 -5.06645 -1.27796 
677.239 -4.80016 -1.08702 
688.746 -4.52412 -0.898908 
699.778 -4.23719 -0.715188 
710.297 -3.94081 -0.537127 
720.264 -3.63563 -0.366431 
729.641 -3.32253 -0.20369 
738.39 -3.00204 -0.0504055 
746.474 -2.67604 0.0923482 
753.86 -2.34572 0.223988 
760.516 -2.01294 0.343423 
766.419 -1.68002 0.450086 
771.547 -1.34927 0.543304 
775.889 -1.02338 0.62269 
779.437 -0.704482 0.68764 
782.195 -0.399501 0.737911 
784.252 -0.167494 0.774582 
785.943 0.0230272 0.843338 
784.722 2.72821 0.806949 
231.807 -8.04854 -4.3846 
247.157 -8.02204 -4.3336 
262.401 -7.94545 -4.29307 
277.502 -7.87873 -4.25558 
292.484 -7.82495 -4.22327 
307.376 -7.78427 -4.19571 
322.207 -7.75494 -4.17112 
337 -7.7332 -4.14775 
351.773 -7.71611 -4.12404 
366.536 -7.69998 -4.098 
381.295 -7.68301 -4.06839 
396.05 -7.66218 -4.03375 
410.798 -7.63601 -3.99263 
425.534 -7.60227 -3.94326 
440.247 -7.55776 -3.88587 
454.924 -7.50421 -3.81829 
469.554 -7.43903 -3.74006 
484.12 -7.35935 -3.65103 
498.604 -7.26768 -3.55059 
512.989 -7.16183 -3.43765 
527.256 -7.04057 -3.31354 
541.385 -6.9065 -3.17769 
555.359 -6.75748 -3.03021 
569.155 -6.59397 -2.87362 
582.752 -6.41735 -2.70527 
596.129 -6.2264 -2.52914 
609.263 -6.02226 -2.34501 
622.131 -5.80651 -2.15445 
634.71 -5.57817 -1.95825 
646.974 -5.33766 -1.75863 
658.896 -5.08771 -1.55626 
670.45 -4.82602 -1.35352 
681.607 -4.55553 -1.15174 
692.337 -4.276 -0.952297 
702.609 -3.98784 -0.757228 
712.389 -3.69203 -0.567639 
721.647 -3.38957 -0.385039 
730.348 -3.08063 -0.211049 
738.459 -2.76678 -0.0469468 
745.948 -2.44904 0.106494 
752.785 -2.12854 0.248064 
758.942 -1.8073 0.377123 
764.398 -1.48718 0.492959 
769.134 -1.17066 0.594816 
773.14 -0.860192 0.682093 
776.411 -0.558127 0.75418 
778.951 -0.271742 0.810004 
780.858 -0.0625255 0.852371 
782.451 0.122491 0.936245 
781.084 2.88523 0.877772 
248.916 -7.85821 -4.16063 
264.138 -7.83601 -4.13653 
279.246 -7.7808 -4.12344 
294.235 -7.74174 -4.11652 
309.132 -7.71655 -4.11656 
323.96 -7.70341 -4.12262 
338.743 -7.69965 -4.13274 
353.493 -7.7012 -4.14416 
368.222 -7.70504 -4.15492 
382.933 -7.70717 -4.16328 
397.623 -7.70567 -4.16643 
412.289 -7.69734 -4.16313 
426.919 -7.68017 -4.15106 
441.504 -7.65186 -4.12899 
456.026 -7.61066 -4.09535 
470.471 -7.55598 -4.04929 
484.822 -7.48686 -3.98931 
499.059 -7.40078 -3.91505 
513.162 -7.29883 -3.82483 
527.116 -7.18032 -3.72065 
540.898 -7.04563 -3.60123 
554.492 -6.89527 -3.46693 
567.877 -6.72796 -3.31746 
581.038 -6.54643 -3.15409 
593.956 -6.3484 -2.97889 
606.612 -6.13868 -2.79169 
618.99 -5.91422 -2.5943 
631.071 -5.67888 -2.38814 
642.839 -5.43147 -2.17524 
654.272 -5.17379 -1.95699 
665.353 -4.90757 -1.7358 
676.059 -4.63191 -1.51253 
686.371 -4.34915 -1.28985 
696.266 -4.05963 -1.06997 
705.718 -3.76406 -0.853886 
714.701 -3.46291 -0.643904 
723.191 -3.1578 -0.441835 
731.16 -2.84899 -0.248981 
738.579 -2.53757 -0.0667213 
745.421 -2.22423 0.103611 
751.659 -1.9104 0.261175 
757.271 -1.59747 0.405272 
762.235 -1.28739 0.535227 
766.536 -0.982614 0.650356 
770.168 -0.685732 0.749785 
773.128 -0.399409 0.832244 
775.424 -0.131402 0.896708 
777.157 0.0560881 0.945893 
778.634 0.231336 1.04601 
777.136 3.03405 0.968556 
265.253 -7.77276 -4.03925 
280.466 -7.76646 -4.05852 
295.571 -7.74681 -4.08842 
310.587 -7.7474 -4.12539 
325.543 -7.76098 -4.16952 
340.457 -7.78407 -4.21973 
355.341 -7.81324 -4.27345 
370.201 -7.8439 -4.32839 
385.036 -7.87341 -4.38144 
399.841 -7.8976 -4.43021 
414.605 -7.91329 -4.47224 
429.316 -7.91867 -4.50515 
443.954 -7.90983 -4.52601 
458.502 -7.88617 -4.53401 
472.938 -7.84496 -4.52665 
487.241 -7.78607 -4.50243 
501.387 -7.70721 -4.45896 
515.356 -7.6084 -4.39748 
529.125 -7.48896 -4.31621 
542.673 -7.351 -4.21383 
555.985 -7.19254 -4.09219 
569.04 -7.01522 -3.94987 
581.822 -6.81932 -3.79027 
594.315 -6.60766 -3.61158 
606.508 -6.3798 -3.41704 
618.388 -6.13786 -3.20683 
629.942 -5.88252 -2.98452 
641.16 -5.61666 -2.75075 
652.032 -5.34032 -2.50817 
662.546 -5.0555 -2.25984 
672.69 -4.76392 -2.00607 
682.453 -4.4649 -1.7511 
691.821 -4.16231 -1.4965 
700.781 -3.85588 -1.2443 
709.316 -3.54586 -0.997372 
717.407 -3.23415 -0.757556 
725.037 -2.92168 -0.526603 
732.184 -2.60853 -0.306612 
738.828 -2.29583 -0.0989812 
744.944 -1.98412 0.0951035 
750.511 -1.67425 0.274741 
755.508 -1.36732 0.439213 
759.916 -1.06516 0.588188 
763.723 -0.770166 0.721076 
766.926 -0.485792 0.836715 
769.526 -0.21535 0.93344 
771.539 0.0336958 1.00907 
773.066 0.19871 1.06734 
774.406 0.359985 1.18406 
772.784 3.18718 1.09103 
281.253 -7.83577 -4.04958 
296.642 -7.85106 -4.12702 
311.93 -7.87841 -4.21117 
327.163 -7.92693 -4.30337 
342.369 -7.98772 -4.40351 
357.561 -8.05521 -4.5096 
372.739 -8.12516 -4.61946 
387.898 -8.1927 -4.72951 
403.026 -8.25436 -4.837 
418.107 -8.30618 -4.93845 
433.119 -8.3442 -5.03041 
448.036 -8.366 -5.10938 
462.831 -8.36688 -5.17256 
477.477 -8.34798 -5.21727 
491.943 -8.30391 -5.24046 
506.199 -8.2351 -5.23931 
520.216 -8.1397 -5.21392 
533.969 -8.01993 -5.16128 
547.433 -7.87207 -5.0811 
560.585 -7.70018 -4.97399 
573.407 -7.50459 -4.8387 
585.883 -7.28517 -4.67778 
598.001 -7.04631 -4.49092 
609.749 -6.78698 -4.2811 
621.121 -6.5122 -4.04944 
632.112 -6.22224 -3.79966 
642.719 -5.9208 -3.53293 
652.94 -5.609 -3.25321 
662.775 -5.28953 -2.96317 
672.222 -4.96421 -2.66471 
681.28 -4.63406 -2.3627 
689.947 -4.30197 -2.05899 
698.221 -3.96937 -1.75679 
706.097 -3.63675 -1.45837 
713.57 -3.30545 -1.16663 
720.63 -2.97665 -0.884442 
727.267 -2.65125 -0.61373 
733.468 -2.32968 -0.356415 
739.219 -2.0124 -0.114394 
744.503 -1.69973 0.111037 
749.299 -1.39198 0.318985 
753.59 -1.08971 0.509211 
757.357 -0.793917 0.681939 
760.591 -0.507266 0.837068 
763.291 -0.23426 0.973774 
765.469 0.0198192 1.08895 
767.146 0.247541 1.17913 
768.427 0.389938 1.24888 
769.601 0.533305 1.38438 
767.855 3.36879 1.27962 
297.464 -8.0799 -4.21739 
313.263 -8.12484 -4.36663 
328.972 -8.21024 -4.52072 
344.664 -8.3202 -4.68604 
360.368 -8.44217 -4.86083 
376.088 -8.56876 -5.04426 
391.813 -8.6949 -5.23216 
407.525 -8.81406 -5.42119 
423.196 -8.92235 -5.60617 
438.797 -9.01402 -5.78249 
454.288 -9.08405 -5.94522 
469.631 -9.12904 -6.08944 
484.78 -9.14393 -6.21038 
499.693 -9.12756 -6.30147 
514.331 -9.07544 -6.36179 
528.648 -8.98709 -6.38634 
542.609 -8.86293 -6.37265 
556.183 -8.70209 -6.31902 
569.338 -8.50469 -6.22544 
582.053 -8.27548 -6.09127 
594.312 -8.01434 -5.91845 
606.101 -7.72562 -5.70836 
617.415 -7.41171 -5.46337 
628.253 -7.07711 -5.18828 
638.616 -6.72545 -4.88573 
648.513 -6.3604 -4.55939 
657.953 -5.98468 -4.21418 
666.947 -5.60305 -3.85404 
675.509 -5.21714 -3.4827 
683.651 -4.83001 -3.10562 
691.385 -4.4452 -2.72563 
698.724 -4.06312 -2.34689 
705.677 -3.68701 -1.9728 
712.252 -3.317 -1.60697 
718.453 -2.95504 -1.252 
724.285 -2.60222 -0.910878 
729.746 -2.25855 -0.585981 
734.831 -1.92465 -0.279561 
739.534 -1.60069 0.00663835 
743.843 -1.28625 0.2713 
747.742 -0.980887 0.513636 
751.214 -0.683818 0.73401 
754.239 -0.394733 0.933379 
756.804 -0.115655 1.11383 
758.909 0.147549 1.2755 
760.58 0.38442 1.41452 
761.855 0.58721 1.52353 
762.833 0.709727 1.60981 
763.782 0.842561 1.77456 
761.889 3.6633 1.66857 
314.537 -8.55136 -4.57953 
331.048 -8.63903 -4.82621 
347.489 -8.80724 -5.07947 
363.971 -9.00586 -5.35066 
380.519 -9.21799 -5.63914 
397.126 -9.43563 -5.94099 
413.769 -9.64919 -6.25155 
430.409 -9.85132 -6.56448 
446.998 -10.0334 -6.87133 
463.481 -10.1881 -7.16417 
479.794 -10.3065 -7.43281 
495.871 -10.3824 -7.66816 
511.643 -10.4087 -7.86199 
527.044 -10.3817 -8.00709 
542.009 -10.299 -8.09359 
556.483 -10.1571 -8.12037 
570.413 -9.95833 -8.0815 
583.761 -9.70404 -7.97698 
596.495 -9.39775 -7.80796 
608.595 -9.04535 -7.57649 
620.051 -8.65174 -7.28668 
630.863 -8.22305 -6.94351 
641.038 -7.76616 -6.55424 
650.594 -7.28969 -6.1249 
659.554 -6.79784 -5.66367 
667.944 -6.29742 -5.17695 
675.795 -5.79486 -4.6731 
683.14 -5.29481 -4.15804 
690.011 -4.80053 -3.63863 
696.441 -4.31738 -3.12068 
702.461 -3.84681 -2.60929 
708.1 -3.39133 -2.10934 
713.382 -2.95319 -1.62452 
718.33 -2.53284 -1.15847 
722.962 -2.13114 -0.714417 
727.29 -1.7489 -0.294256 
731.326 -1.38529 0.0997619 
735.072 -1.04048 0.465782 
738.529 -0.713573 0.802534 
741.691 -0.403386 1.10907 
744.546 -0.108086 1.38528 
747.074 0.175395 1.63203 
749.25 0.449851 1.85264 
751.047 0.716842 2.05165 
752.456 0.970618 2.23549 
753.511 1.19431 2.40479 
754.288 1.37254 2.54677 
754.866 1.49363 2.6705 
755.431 1.66344 2.90225 
753.26 4.43961 2.82955 
333.312 -9.34066 -5.22008 
350.958 -9.50305 -5.61566 
368.592 -9.80785 -6.028 
386.369 -10.1539 -6.47608 
404.307 -10.5212 -6.95729 
422.384 -10.8949 -7.46343 
440.549 -11.2596 -7.98311 
458.729 -11.599 -8.50034 
476.832 -11.8957 -8.99862 
494.756 -12.1345 -9.45672 
512.384 -12.2975 -9.85613 
529.599 -12.373 -10.1761 
546.284 -12.3503 -10.4007 
562.328 -12.2212 -10.5126 
577.632 -11.9828 -10.5054 
592.117 -11.6408 -10.3724 
605.718 -11.1958 -10.1138 
618.395 -10.6616 -9.73504 
630.128 -10.0481 -9.24394 
640.917 -9.37019 -8.65389 
650.779 -8.64171 -7.97803 
659.749 -7.87792 -7.23357 
667.87 -7.09368 -6.43568 
675.202 -6.30238 -5.60051 
681.807 -5.51555 -4.74371 
687.751 -4.74307 -3.8801 
693.103 -3.99523 -3.02156 
697.929 -3.27718 -2.17958 
702.294 -2.59474 -1.36358 
706.257 -1.95178 -0.580631 
709.873 -1.34994 0.163078 
713.189 -0.790487 0.8632 
716.248 -0.273264 1.51702 
719.085 0.202573 2.1227 
721.726 0.638693 2.67948 
724.194 1.03681 3.18727 
726.503 1.39959 3.64662 
728.663 1.72863 4.05799 
730.675 2.02823 4.42387 
732.536 2.30034 4.74397 
734.231 2.55006 5.02124 
735.74 2.78203 5.25644 
737.02 3.00527 5.45541 
738.02 3.22914 5.62973 
738.688 3.46077 5.79748 
739.019 3.68782 5.98294 
739.117 3.88944 6.19777 
739.001 4.12782 6.48451 
738.643 4.51665 6.97881 
735.682 7.2107 6.99852 
355.067 -10.6544 -6.34862 
374.535 -10.9763 -7.00888 
394.149 -11.5427 -7.71834 
414.108 -12.1659 -8.49742 
434.402 -12.8138 -9.32642 
454.961 -13.4521 -10.1789 
475.666 -14.0439 -11.0192 
496.349 -14.5474 -11.8046 
516.812 -14.9228 -12.4871 
536.829 -15.1287 -13.0162 
556.164 -15.1319 -13.3439 
574.585 -14.9065 -13.4297 
591.882 -14.4423 -13.244 
607.879 -13.739 -12.779 
622.438 -12.8143 -12.0328 
635.48 -11.6922 -11.023 
646.967 -10.4045 -9.78005 
656.912 -8.99225 -8.33866 
665.368 -7.49184 -6.7421 
672.422 -5.9443 -5.03303 
678.186 -4.38299 -3.25547 
682.79 -2.84158 -1.44947 
686.376 -1.34524 0.349085 
689.088 0.0822674 2.10734 
691.068 1.42541 3.80055 
692.456 2.67215 5.40769 
693.378 3.81591 6.9146 
693.95 4.85303 8.31014 
694.278 5.78039 9.58595 
694.444 6.60526 10.7423 
694.526 7.32777 11.7792 
694.585 7.95518 12.6964 
694.661 8.49653 13.5045 
694.795 8.95577 14.2037 
695.005 9.34322 14.8045 
695.305 9.66509 15.3127 
695.699 9.93049 15.7369 
696.186 10.1442 16.0844 
696.754 10.3169 16.3604 
697.384 10.4516 16.5758 
698.053 10.5594 16.7326 
698.725 10.644 16.8385 
699.347 10.7207 16.8938 
699.82 10.8098 16.9113 
700.01 10.9394 16.9156 
699.758 11.1442 16.9699 
698.984 11.4738 17.1758 
697.373 12.2768 17.7608 
693.788 13.8313 19.487 
688.221 16.3643 20.1509 
382.225 -12.9829 -8.5059 
404.775 -13.6715 -9.66382 
427.869 -14.7437 -10.9229 
451.677 -15.8548 -12.2729 
476.042 -16.9232 -13.6319 
500.688 -17.8395 -14.8864 
525.232 -18.4792 -15.8995 
549.202 -18.7207 -16.5245 
572.09 -18.4682 -16.6288 
593.39 -17.6568 -16.1162 
612.647 -16.2756 -14.9456 
629.496 -14.3569 -13.1295 
643.681 -11.9728 -10.726 
655.078 -9.22405 -7.82942 
663.682 -6.21766 -4.55666 
669.595 -3.07076 -1.0315 
673.011 0.112007 2.6249 
674.186 3.23834 6.30114 
673.42 6.23416 9.90312 
671.033 9.0391 13.3517 
667.347 11.6135 16.5915 
662.678 13.9316 19.5787 
657.314 15.9858 22.2884 
651.517 17.7697 24.7151 
645.522 19.3003 26.856 
639.523 20.5877 28.7232 
633.68 21.6568 30.3335 
628.124 22.5256 31.7043 
622.959 23.2154 32.8634 
618.252 23.7628 33.8304 
614.055 24.172 34.6225 
610.392 24.4715 35.2714 
607.268 24.6863 35.7888 
604.686 24.814 36.1924 
602.622 24.8864 36.5005 
601.052 24.9042 36.7222 
599.931 24.888 36.8791 
599.235 24.8349 36.9677 
598.908 24.7609 37.0078 
598.903 24.6724 37.0015 
599.172 24.5673 36.9515 
599.655 24.456 36.8648 
600.293 24.3393 36.7374 
600.981 24.2363 36.5574 
601.523 24.1758 36.3247 
601.591 24.2192 36.0467 
600.723 24.4277 35.7993 
597.983 25.3635 35.4691 
587.327 29.563 37.0585 
572.393 34.1974 41.3015 
420.215 -17.4291 -12.936 
448.266 -18.9427 -14.9908 
477.483 -20.7294 -17.0241 
507.451 -22.1061 -18.7305 
537.349 -22.7744 -19.7261 
566.18 -22.4487 -19.6752 
592.85 -20.9492 -18.3531 
616.294 -18.2388 -15.6973 
635.618 -14.4305 -11.8058 
650.198 -9.75174 -6.9098 
659.739 -4.49862 -1.31054 
664.259 1.02572 4.66799 
664.047 6.53705 10.7198 
659.59 11.7967 16.5786 
651.516 16.6202 22.0389 
640.517 20.8886 26.9541 
627.301 24.5263 31.232 
612.551 27.5112 34.8377 
596.89 29.8611 37.7688 
580.856 31.6176 40.0719 
564.904 32.8521 41.803 
549.402 33.629 43.0367 
534.628 34.0349 43.8539 
520.775 34.1441 44.3355 
507.979 34.0252 44.5549 
496.317 33.7408 44.5795 
485.816 33.3461 44.4662 
476.481 32.8788 44.2616 
468.281 32.3778 44.0039 
461.168 31.8682 43.7175 
455.09 31.362 43.435 
449.982 30.8881 43.1602 
445.768 30.4412 42.9025 
442.378 30.0292 42.6826 
439.744 29.6665 42.4911 
437.795 29.3393 42.335 
436.452 29.0638 42.205 
435.65 28.8167 42.114 
435.331 28.6187 42.0458 
435.422 28.4512 41.998 
435.871 28.3114 41.9724 
436.627 28.2004 41.9538 
437.634 28.1035 41.9391 
438.845 28.0191 41.9093 
440.159 27.9491 41.8205 
441.338 27.9092 41.612 
441.92 27.9198 41.2149 
441.509 27.6413 40.4466 
436.11 29.7286 36.1136 
432.463 18699.8 27235.7 
479.686 -25.1799 -20.7705 
515.805 -26.6848 -22.4236 
551.967 -26.7432 -22.3719 
585.826 -24.6149 -20.1623 
615.044 -20.274 -15.701 
637.653 -14.0134 -9.3016 
652.316 -6.40657 -1.5596 
658.481 1.8454 6.82005 
656.354 10.0605 15.1575 
646.749 17.677 22.9033 
630.882 24.2943 29.6636 
610.173 29.6729 35.193 
586.075 33.712 39.397 
559.964 36.4418 42.2859 
533.052 37.9637 43.9634 
506.325 38.4594 44.6021 
480.562 38.1249 44.4021 
456.305 37.18 43.5749 
433.903 35.8186 42.3227 
413.535 34.2197 40.8112 
395.246 32.5112 39.1771 
378.999 30.7937 37.5275 
364.695 29.1416 35.93 
352.187 27.5955 34.4292 
341.32 26.1749 33.0532 
331.933 24.8927 31.8157 
323.872 23.7498 30.7192 
316.997 22.7375 29.7625 
311.176 21.8521 28.9383 
306.29 21.0817 28.2412 
302.233 20.42 27.6589 
298.915 19.8513 27.1819 
296.259 19.3691 26.8041 
294.183 18.9711 26.5104 
292.62 18.6392 26.2944 
291.517 18.3704 26.1488 
290.819 18.1608 26.0636 
290.472 18.0018 26.0294 
290.435 17.8851 26.0413 
290.671 17.8069 26.092 
291.142 17.7644 26.1751 
291.822 17.7454 26.285 
292.696 17.7479 26.4148 
293.757 17.7577 26.5563 
295.023 17.7593 26.6932 
296.501 17.7434 26.7749 
298.028 17.7399 26.7488 
299.49 17.7347 26.6264 
302.874 16.599 27.3039 
314.454 18.2753 34.0707 
567.859 -28.5708 -22.7019 
604.562 -24.0582 -17.1659 
633.086 -15.7036 -8.67481 
649.899 -5.14077 1.55872 
653.795 6.11524 12.1817 
645.297 16.7709 22.0406 
626.144 25.8911 30.3426 
598.753 32.9444 36.6562 
565.755 37.7417 40.8562 
529.684 40.348 43.0291 
492.751 41.0209 43.436 
456.75 40.1344 42.43 
422.958 38.1386 40.4179 
392.179 35.4608 37.797 
364.802 32.4722 34.9043 
340.88 29.4625 31.9841 
320.236 26.6037 29.2069 
302.574 24.0023 26.6616 
287.542 21.6909 24.3885 
274.791 19.6721 22.3915 
263.985 17.9282 20.6602 
254.827 16.4326 19.1698 
247.063 15.1522 17.8958 
240.478 14.061 16.811 
234.891 13.1305 15.8908 
230.149 12.34 15.1146 
226.128 11.6683 14.4636 
222.723 11.0983 13.923 
219.851 10.6175 13.4794 
217.438 10.2143 13.1204 
215.424 9.87766 12.8367 
213.76 9.59812 12.6219 
212.408 9.37081 12.4669 
211.325 9.18994 12.3658 
210.485 9.04725 12.312 
209.859 8.94046 12.3018 
209.423 8.86519 12.3288 
209.157 8.81712 12.3884 
209.046 8.79213 12.4756 
209.071 8.78813 12.588 
209.224 8.80297 12.7168 
209.496 8.82818 12.8609 
209.893 8.862 13.0149 
210.437 8.89287 13.1738 
211.184 8.90557 13.3332 
212.246 8.87064 13.4832 
213.788 8.75255 13.5383 
215.767 8.49961 13.4665 
218.052 8.6686 12.9696 
224.992 2297.19 5681.15 
644.169 -7.13704 -0.281287 
649.597 5.60213 12.6708 
638.73 18.9262 23.9362 
613.245 29.7135 32.6861 
577.089 37.2756 38.5161 
534.479 41.5263 41.4861 
489.277 42.7734 41.9368 
444.658 41.5801 40.3744 
402.934 38.6629 37.4075 
365.533 34.7604 33.6776 
333.084 30.53 29.7235 
305.606 26.428 25.9354 
282.721 22.726 22.5203 
263.855 19.5172 19.56 
248.39 16.8041 17.0527 
235.74 14.5397 14.9509 
225.377 12.6604 13.1908 
216.856 11.0976 11.7125 
209.821 9.7905 10.465 
203.993 8.68919 9.40599 
199.147 7.7556 8.496 
195.104 6.95229 7.70557 
191.725 6.2553 7.00962 
188.897 5.64292 6.38937 
186.528 5.10076 5.83135 
184.544 4.61773 5.32252 
182.88 4.18442 4.85706 
181.484 3.79624 4.43041 
180.312 3.44742 4.03991 
179.327 3.13401 3.68379 
178.497 2.85226 3.35987 
177.798 2.59847 3.0673 
177.209 2.36977 2.80533 
176.711 2.16563 2.57032 
176.29 1.98026 2.36277 
175.934 1.816 2.17928 
175.633 1.66772 2.01813 
175.38 1.53512 1.87895 
175.17 1.41731 1.76135 
174.998 1.31511 1.66377 
174.865 1.22483 1.59003 
174.773 1.15117 1.54402 
174.732 1.09445 1.53492 
174.763 1.05826 1.58302 
174.913 1.05312 1.7244 
175.274 1.09393 2.02159 
176.035 1.20006 2.57666 
177.724 1.31671 3.4248 
180.601 1.4884 4.48005 
192.739 -6.33989 152.219 
616.107 30.3876 30.4177 
574.08 38.0314 37.282 
524.96 42.7706 39.9529 
472.798 43.6449 39.6549 
421.822 41.5221 37.1066 
375.09 37.395 33.1277 
334.383 32.3079 28.5561 
300.325 27.1275 24.0617 
272.671 22.4077 20.0388 
250.654 18.3787 16.6271 
233.309 15.0643 13.8107 
219.682 12.3823 11.5053 
208.956 10.2143 9.61515 
200.488 8.44714 8.05028 
193.793 6.98405 6.73383 
188.513 5.74767 5.60012 
184.378 4.68344 4.59575 
181.169 3.75535 3.68407 
178.702 2.94345 2.85211 
176.829 2.2367 2.10378 
175.43 1.62868 1.45139 
174.411 1.11829 0.907029 
173.692 0.704961 0.478252 
173.207 0.386879 0.164183 
172.898 0.157436 -0.046948 
172.714 0.00271223 -0.174784 
172.617 -0.0941608 -0.242371 
172.577 -0.150129 -0.271211 
172.571 -0.179607 -0.277387 
172.586 -0.192537 -0.27144 
172.613 -0.195717 -0.25967 
172.645 -0.193154 -0.245729 
172.68 -0.187614 -0.231407 
172.714 -0.18046 -0.217598 
172.747 -0.172689 -0.204766 
172.778 -0.164639 -0.193003 
172.806 -0.156819 -0.182365 
172.832 -0.149081 -0.172832 
172.854 -0.141678 -0.164445 
172.874 -0.134538 -0.157205 
172.89 -0.127826 -0.151347 
172.903 -0.121472 -0.147109 
172.91 -0.115786 -0.145183 
172.911 -0.111045 -0.146714 
172.902 -0.107911 -0.153534 
172.877 -0.108181 -0.167598 
172.834 -0.114531 -0.189376 
172.806 -0.15493 -0.166788 
173.146 -0.295868 0.0538904 
175.477 -0.770009 2.80135 
482.562 45.595 38.4298 
424.344 42.7556 35.7003 
371.654 38.1559 31.3618 
326.118 32.3576 26.3647 
288.664 26.3883 21.4692 
259.055 20.9888 17.1555 
236.242 16.4839 13.5796 
218.883 12.8871 10.7094 
205.731 10.0602 8.43687 
195.806 7.82566 6.6319 
188.395 6.02096 5.15606 
182.964 4.52442 3.88538 
179.074 3.26341 2.7457 
176.369 2.20294 1.73549 
174.575 1.33361 0.90092 
173.478 0.665263 0.296625 
172.897 0.211666 -0.0560185 
172.663 -0.0424322 -0.19853 
172.63 -0.151365 -0.215078 
172.693 -0.178178 -0.179165 
172.792 -0.166278 -0.130286 
172.896 -0.138294 -0.08398 
172.989 -0.105422 -0.0452517 
173.065 -0.0737205 -0.0155116 
173.121 -0.0468777 0.00519751 
173.159 -0.0266922 0.0178281 
173.183 -0.0130833 0.0240921 
173.197 -0.00479488 0.0259806 
173.204 -0.000174224 0.02523 
173.206 0.00224322 0.0231314 
173.207 0.00342954 0.0205047 
173.206 0.00401169 0.0178288 
173.205 0.00428764 0.0153234 
173.203 0.00443324 0.0131222 
173.201 0.00451644 0.0112411 
173.199 0.00456502 0.00966002 
173.198 0.00457755 0.00836678 
173.196 0.00457174 0.00731386 
173.195 0.00453271 0.00646502 
173.194 0.00447416 0.00579088 
173.193 0.00437779 0.005257 
173.192 0.00426583 0.00484516 
173.191 0.00414077 0.0045408 
173.191 0.0040128 0.00433639 
173.191 0.003919 0.00421601 
173.192 0.00393197 0.00410764 
173.194 0.0041642 0.00376416 
173.193 0.00595013 -0.000155397 
173.173 0.015771 -0.00623305 
173.08 -0.0176201 -0.11993 
333.798 34.3718 28.572 
292.813 28.5038 22.1609 
259.394 22.1007 16.9382 
233.778 16.7902 12.7498 
214.616 12.6178 9.55318 
200.537 9.41248 7.15695 
190.397 6.92946 5.31918 
183.302 4.94613 3.79709 
178.515 3.31996 2.43709 
175.442 1.9884 1.25352 
173.658 0.953838 0.380119 
172.827 0.268574 -0.0816165 
172.603 -0.0631475 -0.202896 
172.669 -0.159295 -0.166404 
172.827 -0.150118 -0.0948701 
172.983 -0.10414 -0.0313197 
173.1 -0.0530721 0.0118943 
173.17 -0.0147059 0.0328048 
173.201 0.00518815 0.0365334 
173.208 0.011211 0.0310858 
173.205 0.0106575 0.0226605 
173.199 0.00816281 0.0144756 
173.191 0.0056313 0.00777069 
173.185 0.00359289 0.0028307 
173.18 0.00210361 -0.000465195 
173.176 0.00110351 -0.00240382 
173.174 0.000509997 -0.00333358 
173.172 0.000217572 -0.00359033 
173.171 0.000116987 -0.00344784 
173.171 0.000117783 -0.00310275 
173.171 0.000157964 -0.00267754 
173.171 0.000201209 -0.00224544 
173.171 0.000231713 -0.00184098 
173.171 0.000244155 -0.00148382 
173.171 0.000240596 -0.0011768 
173.171 0.000224242 -0.000918699 
173.171 0.000198516 -0.000705311 
173.171 0.000169088 -0.000530117 
173.171 0.000137115 -0.000386807 
173.171 0.000105679 -0.000270492 
173.171 7.56386e-05 -0.000174693 
173.171 4.79977e-05 -9.4999e-05 
173.171 2.27179e-05 -2.54729e-05 
173.171 -2.41478e-06 3.85159e-05 
173.171 -3.04849e-05 0.000105545 
173.171 -6.92246e-05 0.000186308 
173.171 -0.00013439 0.000298446 
173.171 -0.000283044 0.000525418 
173.173 -0.0010758 0.000346477 
173.177 0.00131463 0.00266904 
229.323 18.0168 17.1116 
212.357 14.1663 11.8567 
198.948 10.0749 8.13259 
189.147 7.06574 5.40394 
182.041 4.79203 3.39557 
177.185 2.96807 1.82942 
174.272 1.50156 0.63663 
172.921 0.472253 -0.024121 
172.603 -0.0317713 -0.193853 
172.732 -0.15974 -0.147442 
172.951 -0.132725 -0.06449 
173.118 -0.0644681 -0.00226107 
173.2 -0.0108534 0.0248256 
173.219 0.0103118 0.0255474 
173.209 0.0111545 0.0157092 
173.194 0.0061341 0.00514078 
173.181 0.00139802 -0.00238006 
173.173 -0.00150931 -0.00612011 
173.169 -0.00261528 -0.00687304 
173.168 -0.00252064 -0.00596895 
173.168 -0.00191222 -0.00449589 
173.169 -0.0012472 -0.00304883 
173.17 -0.000720828 -0.00186264 
173.17 -0.000367119 -0.000986818 
173.171 -0.00015687 -0.000391996 
173.171 -4.7052e-05 -2.15244e-05 
173.171 2.22322e-07 0.000185691 
173.172 1.27923e-05 0.000283899 
173.172 8.79877e-06 0.000315275 
173.172 -1.37179e-06 0.000309039 
173.172 -1.21962e-05 0.000283843 
173.172 -2.12775e-05 0.000250716 
173.172 -2.77986e-05 0.000215678 
173.172 -3.18757e-05 0.000182024 
173.172 -3.3519e-05 0.000151537 
173.172 -3.34155e-05 0.000124602 
173.172 -3.20031e-05 0.000101418 
173.172 -2.9532e-05 8.17638e-05 
173.172 -2.65059e-05 6.52295e-05 
173.172 -2.30772e-05 5.14874e-05 
173.172 -1.94128e-05 4.01144e-05 
173.172 -1.56346e-05 3.06505e-05 
173.172 -1.17292e-05 2.27267e-05 
173.172 -7.65011e-06 1.59777e-05 
173.172 -3.08592e-06 1.00173e-05 
173.172 2.3411e-06 4.82085e-06 
173.172 9.65171e-06 7.48971e-07 
173.172 1.81453e-05 3.7768e-06 
173.172 6.03081e-05 4.19914e-05 
173.171 -0.000244538 0.000214702 
