106.63 1.77281 -7.61326 
116.589 2.1801 -8.15109 
126.619 2.47073 -8.6978 
136.933 2.72819 -9.27052 
147.627 2.97481 -9.87193 
158.775 3.21397 -10.508 
170.452 3.44592 -11.1709 
182.718 3.6663 -11.851 
195.618 3.87413 -12.5439 
209.181 4.07303 -13.2404 
223.435 4.25234 -13.9352 
238.4 4.41415 -14.6208 
254.091 4.5523 -15.2886 
270.508 4.667 -15.9331 
287.653 4.75316 -16.5466 
305.519 4.80849 -17.1209 
324.089 4.8323 -17.6501 
343.352 4.81522 -18.126 
363.277 4.76406 -18.5397 
383.816 4.67772 -18.8912 
404.937 4.55146 -19.1749 
426.602 4.38412 -19.3757 
448.73 4.18557 -19.499 
471.268 3.94719 -19.5413 
494.141 3.68345 -19.4965 
517.275 3.38256 -19.3669 
540.581 3.06677 -19.1525 
563.979 2.72314 -18.8478 
587.352 2.37382 -18.4562 
610.597 2.01494 -17.9898 
633.625 1.655 -17.4387 
656.309 1.2985 -16.8078 
678.519 0.963282 -16.1081 
700.146 0.642362 -15.342 
721.071 0.35185 -14.5051 
741.147 0.0966476 -13.609 
760.245 -0.116971 -12.6496 
778.202 -0.275957 -11.6333 
794.862 -0.380897 -10.5661 
810.074 -0.418366 -9.4453 
823.651 -0.381899 -8.27709 
835.413 -0.27038 -7.0723 
845.214 -0.0833066 -5.84893 
852.947 0.169621 -4.64364 
858.643 0.449777 -3.49346 
862.553 0.677458 -2.49273 
865.541 0.635417 -1.78338 
869.094 0.0789157 -1.235 
873.594 0.483549 1.96131 
115.146 1.02515 -8.0215 
127.289 1.37201 -8.04632 
138.862 1.608 -8.30967 
150.382 1.77694 -8.64256 
162.104 1.90269 -9.00115 
174.161 1.99885 -9.36769 
186.636 2.07093 -9.7341 
199.585 2.11978 -10.0894 
213.043 2.14302 -10.427 
227.033 2.14242 -10.7366 
241.566 2.11227 -11.0098 
256.644 2.05215 -11.2433 
272.27 1.9579 -11.4301 
288.435 1.83114 -11.5638 
305.126 1.66699 -11.6413 
322.325 1.46738 -11.6568 
340.012 1.22862 -11.608 
358.161 0.952328 -11.4912 
376.74 0.638182 -11.3042 
395.717 0.28605 -11.0426 
415.048 -0.102662 -10.709 
434.697 -0.526139 -10.3026 
454.619 -0.982413 -9.82336 
474.76 -1.46514 -9.2726 
495.065 -1.97311 -8.65254 
515.477 -2.50355 -7.96466 
535.938 -3.05017 -7.21674 
556.385 -3.60906 -6.40719 
576.751 -4.17379 -5.54313 
596.957 -4.73633 -4.62813 
616.929 -5.29413 -3.67126 
636.594 -5.83949 -2.67288 
655.862 -6.36559 -1.63927 
674.64 -6.86553 -0.578794 
692.843 -7.33438 0.502737 
710.377 -7.76623 1.60361 
727.14 -8.15429 2.71613 
743.014 -8.48823 3.83753 
757.885 -8.76808 4.96041 
771.625 -8.98075 6.07541 
784.108 -9.12511 7.17376 
795.204 -9.18759 8.25266 
804.773 -9.17403 9.28598 
812.706 -9.07165 10.2503 
818.967 -8.90528 11.1172 
823.577 -8.68134 11.848 
826.734 -8.46973 12.3903 
829 -8.41843 12.6671 
831.254 -8.59986 12.7857 
833.177 -7.84127 14.4909 
135.357 1.28842 -8.33301 
148.016 1.35509 -8.33557 
160.477 1.47422 -8.47726 
172.935 1.58193 -8.70755 
185.564 1.66887 -8.97297 
198.473 1.73606 -9.25066 
211.732 1.78464 -9.52668 
225.381 1.81657 -9.78967 
239.434 1.8311 -10.0322 
253.898 1.82649 -10.2464 
268.766 1.80326 -10.4278 
284.028 1.75694 -10.5744 
299.672 1.69092 -10.6796 
315.677 1.59981 -10.7405 
332.022 1.48493 -10.7563 
348.682 1.3468 -10.7212 
365.624 1.18261 -10.6361 
382.824 0.992642 -10.4982 
400.244 0.77858 -10.3061 
417.85 0.539468 -10.0593 
435.602 0.27656 -9.75781 
453.466 -0.0115473 -9.40262 
471.399 -0.320087 -8.99121 
489.362 -0.653176 -8.52741 
507.31 -1.00314 -8.01201 
525.196 -1.37068 -7.4478 
542.979 -1.75436 -6.83758 
560.613 -2.15033 -6.18304 
578.047 -2.55483 -5.48745 
595.229 -2.96551 -4.75375 
612.105 -3.37966 -3.98903 
628.623 -3.79095 -3.19356 
644.719 -4.19704 -2.37358 
660.332 -4.59249 -1.53425 
675.397 -4.97268 -0.679446 
689.842 -5.3331 0.18662 
703.593 -5.66927 1.05921 
716.57 -5.97442 1.9343 
728.675 -6.2404 2.80431 
739.822 -6.46692 3.66399 
749.914 -6.6432 4.50432 
758.856 -6.76544 5.32129 
766.549 -6.82856 6.09503 
772.936 -6.83513 6.81337 
777.984 -6.78636 7.45754 
781.711 -6.69272 8.03124 
784.205 -6.60324 8.52258 
785.783 -6.61458 8.90042 
787.079 -6.77387 9.1437 
787.841 -6.01363 10.6846 
156.22 1.30941 -8.42556 
169.14 1.35469 -8.52582 
182.143 1.41269 -8.67905 
195.289 1.4814 -8.88309 
208.639 1.54933 -9.11496 
222.254 1.60945 -9.3591 
236.174 1.66045 -9.59999 
250.416 1.69915 -9.82782 
264.978 1.72815 -10.0337 
279.85 1.74275 -10.2132 
295.016 1.74298 -10.3631 
310.455 1.72952 -10.4802 
326.145 1.69908 -10.5594 
342.057 1.65147 -10.6018 
358.164 1.58751 -10.6034 
374.434 1.50551 -10.5616 
390.833 1.40487 -10.4783 
407.329 1.28691 -10.3501 
423.887 1.14934 -10.1775 
440.469 0.996001 -9.95884 
457.039 0.822694 -9.69621 
473.562 0.632272 -9.39074 
490.003 0.42561 -9.04127 
506.322 0.204845 -8.65059 
522.485 -0.0324229 -8.21829 
538.456 -0.283288 -7.74924 
554.201 -0.544289 -7.24394 
569.682 -0.816482 -6.70435 
584.866 -1.09684 -6.13369 
599.713 -1.38164 -5.53423 
614.186 -1.67064 -4.9111 
628.25 -1.95936 -4.26435 
641.859 -2.24549 -3.59979 
654.973 -2.52535 -2.92034 
667.547 -2.79586 -2.22958 
679.53 -3.05255 -1.53128 
690.871 -3.29163 -0.82972 
701.511 -3.50819 -0.128305 
711.387 -3.69836 0.567338 
720.435 -3.85653 1.25032 
728.588 -3.97886 1.91622 
735.779 -4.06171 2.55718 
741.947 -4.10124 3.1635 
747.05 -4.10212 3.72442 
751.061 -4.06056 4.24465 
753.943 -3.98832 4.74566 
755.653 -3.91061 5.24916 
756.322 -3.92658 5.7055 
756.555 -4.10466 5.96855 
756.266 -3.40276 7.3933 
177.432 1.30207 -8.6143 
190.721 1.36518 -8.74075 
204.197 1.40132 -8.92281 
217.927 1.44696 -9.12769 
231.911 1.50114 -9.34469 
246.16 1.55385 -9.56414 
260.681 1.60247 -9.77426 
275.465 1.64422 -9.96728 
290.494 1.67805 -10.1342 
305.74 1.70116 -10.2735 
321.18 1.71229 -10.3811 
336.786 1.71005 -10.4544 
352.525 1.69432 -10.4926 
368.367 1.66527 -10.4936 
384.277 1.62104 -10.4552 
400.223 1.56086 -10.3789 
416.168 1.48786 -10.2631 
432.078 1.39868 -10.1073 
447.917 1.29518 -9.9125 
463.655 1.17539 -9.68006 
479.253 1.04506 -9.41096 
494.679 0.899928 -9.10562 
509.903 0.742104 -8.76452 
524.894 0.570896 -8.39226 
539.621 0.392417 -7.98866 
554.056 0.20165 -7.55783 
568.172 0.00434323 -7.09884 
581.943 -0.20173 -6.61772 
595.344 -0.411289 -6.11473 
608.347 -0.625001 -5.59259 
620.927 -0.839721 -5.0551 
633.061 -1.055 -4.50412 
644.719 -1.26579 -3.94273 
655.874 -1.47198 -3.37379 
666.496 -1.66973 -2.79985 
676.553 -1.85698 -2.22418 
686.01 -2.02965 -1.64998 
694.828 -2.18499 -1.08023 
702.966 -2.31909 -0.519151 
710.38 -2.42931 0.0288961 
717.027 -2.51198 0.55938 
722.863 -2.56426 1.06704 
727.847 -2.58516 1.54627 
731.943 -2.57292 1.99552 
735.107 -2.52719 2.43361 
737.222 -2.44231 2.90446 
738.112 -2.34693 3.44426 
737.779 -2.34009 3.96025 
736.906 -2.53257 4.21234 
735.65 -1.89777 5.51691 
199.152 1.32473 -8.86466 
212.87 1.39146 -9.0027 
226.822 1.41945 -9.20231 
241.089 1.45306 -9.40943 
255.643 1.49551 -9.61359 
270.457 1.54186 -9.80842 
285.505 1.587 -9.98474 
300.754 1.62754 -10.1362 
316.167 1.66128 -10.2567 
331.706 1.68467 -10.3456 
347.337 1.69746 -10.3997 
363.024 1.69735 -10.418 
378.732 1.68424 -10.3988 
394.425 1.65728 -10.341 
410.069 1.61576 -10.2455 
425.626 1.56083 -10.1121 
441.064 1.49124 -9.93923 
456.349 1.40649 -9.73112 
471.448 1.31013 -9.4863 
486.33 1.19961 -9.20733 
500.966 1.07579 -8.89383 
515.328 0.939522 -8.55129 
529.392 0.793369 -8.18016 
543.133 0.637296 -7.78372 
556.531 0.472387 -7.36172 
569.561 0.299994 -6.92041 
582.21 0.120697 -6.4601 
594.458 -0.0623663 -5.98588 
606.29 -0.247957 -5.49711 
617.69 -0.435946 -4.99931 
628.644 -0.622234 -4.49378 
639.135 -0.807179 -3.98456 
649.152 -0.986695 -3.47222 
658.674 -1.16001 -2.96098 
667.686 -1.32444 -2.45258 
676.169 -1.47746 -1.94982 
684.1 -1.61704 -1.4548 
691.456 -1.74048 -0.970354 
698.212 -1.8454 -0.499559 
704.34 -1.929 -0.0456413 
709.812 -1.9892 0.388588 
714.599 -2.02428 0.79979 
718.672 -2.03226 1.18614 
721.994 -2.01067 1.55424 
724.483 -1.95046 1.93477 
725.934 -1.83841 2.3946 
726.02 -1.69899 2.97309 
724.656 -1.65656 3.5394 
722.647 -1.86853 3.77535 
720.422 -1.29694 4.98587 
221.553 1.37153 -9.16415 
235.729 1.43955 -9.30926 
250.166 1.46302 -9.51786 
264.945 1.49122 -9.72247 
280.015 1.52796 -9.91114 
295.325 1.56898 -10.0779 
310.817 1.61202 -10.2151 
326.434 1.64996 -10.3193 
342.126 1.68119 -10.3868 
357.842 1.70298 -10.4167 
373.54 1.71206 -10.4071 
389.177 1.70827 -10.3573 
404.716 1.68883 -10.2674 
420.119 1.65509 -10.1371 
435.349 1.60608 -9.96719 
450.371 1.54207 -9.75693 
465.153 1.46217 -9.50814 
479.663 1.36659 -9.2236 
493.877 1.25657 -8.90238 
507.767 1.13106 -8.55066 
521.312 0.994321 -8.16827 
534.489 0.844839 -7.7587 
547.283 0.68309 -7.32399 
559.679 0.511645 -6.86796 
571.665 0.331492 -6.39321 
583.229 0.144445 -5.90403 
594.365 -0.0483451 -5.40331 
605.066 -0.244805 -4.89388 
615.328 -0.442853 -4.37838 
625.144 -0.640688 -3.86142 
634.513 -0.836809 -3.34467 
643.43 -1.02844 -2.83212 
651.891 -1.21384 -2.32488 
659.89 -1.39098 -1.82711 
667.422 -1.55716 -1.34002 
674.478 -1.71129 -0.86688 
681.049 -1.84958 -0.409159 
687.121 -1.97131 0.0306629 
692.682 -2.07394 0.44993 
697.717 -2.15542 0.846598 
702.208 -2.21381 1.21845 
706.136 -2.24738 1.56388 
709.48 -2.25475 1.88247 
712.197 -2.22751 2.18711 
714.164 -2.15017 2.52054 
715.077 -1.9984 2.96488 
714.463 -1.79357 3.56111 
712.143 -1.6848 4.14825 
709.02 -1.88454 4.35811 
705.793 -1.3612 5.49164 
244.803 1.44517 -9.50259 
259.446 1.50816 -9.65204 
274.368 1.52912 -9.8609 
289.633 1.55382 -10.0542 
305.167 1.58798 -10.2184 
320.89 1.62677 -10.3462 
336.723 1.66443 -10.4327 
352.587 1.69818 -10.4765 
368.418 1.72262 -10.4752 
384.156 1.73561 -10.4284 
399.748 1.73395 -10.3364 
415.148 1.71663 -10.1983 
430.314 1.68184 -10.0156 
445.21 1.62871 -9.78845 
459.798 1.55919 -9.51615 
474.045 1.46887 -9.20206 
487.924 1.36076 -8.84922 
501.41 1.23647 -8.45832 
514.481 1.09334 -8.03238 
527.119 0.934146 -7.57574 
539.312 0.759529 -7.08891 
551.049 0.569817 -6.57833 
562.323 0.367997 -6.04716 
573.131 0.155532 -5.498 
583.472 -0.0676646 -4.93615 
593.349 -0.297303 -4.36479 
602.765 -0.532737 -3.78766 
611.727 -0.772172 -3.20877 
620.244 -1.01265 -2.63159 
628.323 -1.25174 -2.06 
635.972 -1.48772 -1.49741 
643.201 -1.71775 -0.946795 
650.018 -1.93959 -0.411265 
656.43 -2.15051 0.106123 
662.442 -2.3486 0.602994 
668.056 -2.53028 1.07686 
673.273 -2.69517 1.52609 
678.092 -2.83961 1.94779 
682.51 -2.96236 2.33995 
686.519 -3.06075 2.70192 
690.114 -3.13552 3.02988 
693.283 -3.18086 3.32468 
696.012 -3.19777 3.58493 
698.255 -3.17271 3.82793 
699.855 -3.08035 4.10278 
700.426 -2.88437 4.49809 
699.361 -2.59406 5.05649 
696.363 -2.37867 5.60245 
692.337 -2.49761 5.75856 
688.152 -1.96674 6.82678 
269.034 1.53855 -9.85715 
284.124 1.5919 -10.0078 
299.506 1.60714 -10.2032 
315.204 1.62852 -10.3674 
331.117 1.65757 -10.4859 
347.135 1.68908 -10.5526 
363.156 1.71769 -10.5648 
379.086 1.73817 -10.5208 
394.846 1.74581 -10.4216 
410.366 1.73823 -10.2662 
425.588 1.71109 -10.057 
440.462 1.66389 -9.7936 
454.944 1.59448 -9.47837 
468.996 1.50271 -9.11178 
482.585 1.38727 -8.69569 
495.683 1.24939 -8.23492 
508.269 1.08803 -7.73111 
520.327 0.904631 -7.18703 
531.842 0.699726 -6.60868 
542.81 0.475066 -5.99877 
553.228 0.231057 -5.36191 
563.099 -0.0299267 -4.70387 
572.432 -0.306087 -4.02801 
581.236 -0.595828 -3.33978 
589.525 -0.895293 -2.64402 
597.317 -1.20444 -1.94496 
604.632 -1.51899 -1.24805 
611.491 -1.83658 -0.557819 
617.918 -2.15471 0.121523 
623.936 -2.46967 0.786021 
629.568 -2.77992 1.431 
634.839 -3.08133 2.05249 
639.77 -3.37053 2.64813 
644.382 -3.64645 3.21367 
648.693 -3.90398 3.74705 
652.718 -4.14264 4.245 
656.469 -4.35768 4.70499 
659.954 -4.54704 5.12649 
663.179 -4.71027 5.50638 
666.149 -4.8448 5.84291 
668.864 -4.94746 6.13372 
671.324 -5.01753 6.38082 
673.516 -5.05222 6.58107 
675.405 -5.03885 6.75146 
676.823 -4.9407 6.94141 
677.338 -4.70774 7.23475 
676.267 -4.33431 7.66217 
673.181 -3.96784 8.05722 
668.823 -3.90301 8.09507 
663.966 -3.2443 9.10599 
294.293 1.64417 -10.1864 
309.762 1.67444 -10.3293 
325.528 1.67971 -10.4869 
341.543 1.69163 -10.5905 
357.672 1.70795 -10.6279 
373.777 1.72207 -10.5945 
389.733 1.72753 -10.4891 
405.431 1.71944 -10.3111 
420.777 1.69106 -10.063 
435.697 1.63978 -9.74576 
450.125 1.56329 -9.36179 
464.01 1.45785 -8.91298 
477.308 1.32375 -8.40191 
489.985 1.15916 -7.83142 
502.013 0.964406 -7.20553 
513.374 0.7393 -6.52876 
524.055 0.484802 -5.80588 
534.053 0.2021 -5.04112 
543.368 -0.107422 -4.24084 
552.01 -0.443008 -3.41074 
559.993 -0.801127 -2.55694 
567.338 -1.17997 -1.68536 
574.07 -1.57697 -0.80209 
580.218 -1.98912 0.0865366 
585.816 -2.41355 0.974159 
590.901 -2.84561 1.85476 
595.512 -3.28383 2.72174 
599.692 -3.72275 3.56996 
603.483 -4.15927 4.39358 
606.928 -4.59032 5.18692 
610.067 -5.00915 5.94648 
612.943 -5.41669 6.66653 
615.595 -5.80592 7.3444 
618.055 -6.17288 7.97734 
620.359 -6.51934 8.56067 
622.536 -6.83633 9.09181 
624.607 -7.12231 9.57241 
626.593 -7.37885 9.99743 
628.51 -7.59905 10.3649 
630.369 -7.78186 10.6754 
632.176 -7.92561 10.9307 
633.938 -8.03455 11.1253 
635.658 -8.09939 11.2578 
637.306 -8.10596 11.3463 
638.729 -8.02304 11.4328 
639.524 -7.79168 11.5748 
639.043 -7.37633 11.7725 
636.813 -6.87449 11.8699 
633.215 -6.51158 11.6833 
628.452 -5.54638 12.6225 
320.465 1.73701 -10.4172 
336.158 1.73361 -10.5326 
352.132 1.71512 -10.6102 
368.232 1.70603 -10.6017 
384.278 1.69386 -10.5001 
400.104 1.67081 -10.3032 
415.564 1.62988 -10.0112 
430.533 1.5645 -9.62604 
444.908 1.46951 -9.15175 
458.609 1.34041 -8.59095 
471.569 1.17485 -7.94736 
483.737 0.970434 -7.22608 
495.075 0.727013 -6.43048 
505.556 0.44254 -5.56753 
515.165 0.119119 -4.64252 
523.897 -0.243237 -3.66269 
531.756 -0.642737 -2.63458 
538.757 -1.07775 -1.56617 
544.923 -1.5453 -0.465897 
550.283 -2.04263 0.657425 
554.878 -2.56559 1.79628 
558.753 -3.11151 2.94111 
561.957 -3.67444 4.08341 
564.55 -4.2519 5.21337 
566.591 -4.83608 6.32312 
568.145 -5.42477 7.40388 
569.277 -6.00908 8.44848 
570.054 -6.58848 9.45037 
570.543 -7.15544 10.4027 
570.806 -7.70478 11.3024 
570.908 -8.23721 12.1436 
570.907 -8.74314 12.9213 
570.859 -9.22108 13.6379 
570.809 -9.67044 14.2897 
570.796 -10.0843 14.8767 
570.869 -10.4704 15.3967 
571.06 -10.8155 15.8525 
571.391 -11.1242 16.2393 
571.885 -11.3908 16.5644 
572.559 -11.6207 16.8249 
573.431 -11.8105 17.0176 
574.502 -11.9511 17.1451 
575.783 -12.053 17.2102 
577.256 -12.1012 17.2264 
578.796 -12.066 17.2206 
580.091 -11.896 17.2236 
580.685 -11.5622 17.1756 
580.276 -11.067 16.9057 
578.901 -10.4499 16.4167 
575.618 -9.03012 17.2505 
347.148 1.78605 -10.4316 
362.779 1.72593 -10.4812 
378.619 1.66914 -10.411 
394.376 1.6168 -10.2095 
409.816 1.54898 -9.88143 
424.747 1.45763 -9.42708 
439.005 1.33351 -8.85024 
452.455 1.17126 -8.15541 
464.987 0.964275 -7.34953 
476.522 0.709801 -6.43888 
486.997 0.405549 -5.43041 
496.37 0.0500422 -4.33248 
504.617 -0.356362 -3.15342 
511.73 -0.813271 -1.90401 
517.717 -1.31816 -0.594061 
522.598 -1.86807 0.764489 
526.406 -2.45914 2.15968 
529.189 -3.08741 3.5783 
531.006 -3.74668 5.00591 
531.924 -4.42988 6.43035 
532.023 -5.13266 7.83675 
531.386 -5.84435 9.21146 
530.107 -6.55978 10.5426 
528.281 -7.27041 11.8169 
526.007 -7.96996 13.0258 
523.381 -8.64912 14.1612 
520.499 -9.30658 15.217 
517.449 -9.93227 16.1891 
514.317 -10.5275 17.0762 
511.187 -11.0895 17.8753 
508.126 -11.6089 18.5905 
505.201 -12.0959 19.2239 
502.468 -12.5426 19.7823 
499.971 -12.9555 20.265 
497.759 -13.3321 20.6779 
495.857 -13.6694 21.0268 
494.3 -13.9797 21.3196 
493.113 -14.2598 21.5527 
492.314 -14.5042 21.7395 
491.912 -14.7245 21.8717 
491.923 -14.91 21.9604 
492.361 -15.0755 22.003 
493.22 -15.2013 22.0061 
494.484 -15.2999 21.9775 
496.058 -15.3366 21.9457 
497.723 -15.2964 21.9157 
499.28 -15.1801 21.7752 
500.861 -14.9727 21.3075 
502.571 -14.4521 20.6132 
502.282 -12.728 21.3574 
373.503 1.73604 -10.0492 
388.57 1.59549 -9.96922 
403.685 1.47412 -9.64828 
418.378 1.34688 -9.1429 
432.367 1.18718 -8.47037 
445.442 0.983562 -7.63839 
457.429 0.730318 -6.65591 
468.19 0.42085 -5.53333 
477.627 0.0518243 -4.28334 
485.669 -0.378928 -2.91856 
492.277 -0.871287 -1.45356 
497.437 -1.42344 0.0956911 
501.16 -2.03232 1.71175 
503.478 -2.69259 3.3752 
504.447 -3.39731 5.06669 
504.141 -4.13982 6.76334 
502.653 -4.90798 8.44376 
500.091 -5.69268 10.0849 
496.578 -6.48194 11.6654 
492.246 -7.26461 13.1659 
487.233 -8.02738 14.5678 
481.68 -8.76186 15.8588 
475.727 -9.45871 17.0258 
469.506 -10.1067 18.0668 
463.143 -10.7073 18.9778 
456.757 -11.2546 19.7612 
450.446 -11.7456 20.421 
444.302 -12.1834 20.9678 
438.399 -12.5712 21.4067 
432.802 -12.909 21.7526 
427.564 -13.2076 22.0187 
422.723 -13.4684 22.2103 
418.312 -13.6948 22.347 
414.349 -13.8972 22.4318 
410.86 -14.0791 22.4771 
407.853 -14.2408 22.4959 
405.327 -14.3914 22.4896 
403.294 -14.5344 22.4662 
401.762 -14.6719 22.4364 
400.725 -14.8074 22.3935 
400.202 -14.9435 22.346 
400.185 -15.0722 22.2946 
400.68 -15.206 22.2459 
401.652 -15.3244 22.2069 
403.021 -15.4257 22.2033 
404.607 -15.4947 22.2355 
406.367 -15.5953 22.1929 
408.845 -15.8011 21.8246 
412.76 -15.8094 21.1843 
415.842 -14.3366 21.8546 
398.045 1.51439 -9.02512 
411.757 1.26611 -8.72121 
425.214 1.0499 -8.01923 
437.748 0.810447 -7.07546 
449.051 0.513481 -5.92881 
458.913 0.152814 -4.59924 
467.174 -0.275799 -3.10557 
473.725 -0.773943 -1.47025 
478.501 -1.34125 0.282163 
481.479 -1.97407 2.12526 
482.679 -2.66714 4.02889 
482.159 -3.41047 5.96181 
480.008 -4.19292 7.88987 
476.351 -5.0008 9.7785 
471.339 -5.8188 11.5916 
465.145 -6.62669 13.2972 
457.961 -7.41234 14.8656 
449.985 -8.15499 16.2719 
441.42 -8.84207 17.4994 
432.459 -9.46248 18.5385 
423.287 -10.0082 19.3875 
414.071 -10.4768 20.0485 
404.959 -10.8643 20.5342 
396.072 -11.1765 20.8623 
387.506 -11.417 21.0478 
379.346 -11.5969 21.1109 
371.649 -11.7184 21.0768 
364.453 -11.7975 20.9618 
357.788 -11.8401 20.7832 
351.667 -11.8527 20.5638 
346.087 -11.8475 20.3138 
341.049 -11.8303 20.0473 
336.547 -11.8085 19.7765 
332.564 -11.7851 19.5062 
329.089 -11.7656 19.2487 
326.109 -11.7583 19.0082 
323.605 -11.7595 18.7863 
321.57 -11.7768 18.5861 
319.995 -11.8102 18.4104 
318.873 -11.8596 18.2583 
318.205 -11.9293 18.1328 
317.992 -12.019 18.0355 
318.226 -12.1243 17.9641 
318.895 -12.2436 17.9259 
319.919 -12.3522 17.9335 
321.136 -12.4402 18.0026 
322.469 -12.5817 18.0616 
324.524 -12.965 17.8958 
328.613 -13.4846 17.4541 
333.797 -12.8195 17.8432 
418.491 1.03765 -7.07955 
429.719 0.661462 -6.43798 
440.207 0.322861 -5.22093 
449.111 -0.0634995 -3.72375 
456.146 -0.530963 -2.01728 
461.154 -1.07635 -0.140521 
464.043 -1.6955 1.86731 
464.784 -2.38184 3.96222 
463.411 -3.12419 6.09686 
460.02 -3.90902 8.22097 
454.758 -4.71708 10.282 
447.824 -5.5291 12.2291 
439.452 -6.32 14.0146 
429.909 -7.07076 15.5945 
419.475 -7.75497 16.9389 
408.429 -8.35773 18.0305 
397.038 -8.86761 18.858 
385.549 -9.27438 19.4325 
374.172 -9.58041 19.7682 
363.084 -9.78628 19.8926 
352.422 -9.90509 19.8339 
342.291 -9.94378 19.6258 
332.762 -9.91906 19.302 
323.877 -9.84173 18.8921 
315.652 -9.7246 18.4235 
308.086 -9.58095 17.9193 
301.172 -9.42157 17.402 
294.88 -9.25321 16.8839 
289.186 -9.08724 16.3779 
284.058 -8.92527 15.897 
279.461 -8.77609 15.4414 
275.364 -8.63885 15.0194 
271.734 -8.51931 14.633 
268.544 -8.41812 14.2837 
265.768 -8.33689 13.9722 
263.382 -8.27509 13.6963 
261.367 -8.23402 13.4577 
259.709 -8.21478 13.252 
258.397 -8.21489 13.0815 
257.426 -8.23915 12.9417 
256.795 -8.28268 12.8325 
256.507 -8.35 12.7498 
256.567 -8.43523 12.6933 
256.969 -8.53344 12.6635 
257.673 -8.6312 12.6691 
258.555 -8.70339 12.7166 
259.465 -8.76669 12.7902 
260.686 -9.02167 12.7787 
263.464 -9.63636 12.599 
268.583 -9.92976 12.6045 
431.782 0.23871 -3.98667 
439.119 -0.26406 -2.91147 
445.062 -0.732601 -1.11048 
448.684 -1.27208 0.949044 
449.826 -1.9027 3.15488 
448.476 -2.60388 5.43784 
444.701 -3.35641 7.72786 
438.652 -4.1383 9.951 
430.555 -4.92309 12.0357 
420.704 -5.68412 13.9133 
409.441 -6.3924 15.5266 
397.136 -7.02194 16.8324 
384.169 -7.5516 17.808 
370.889 -7.96356 18.4522 
357.622 -8.25989 18.7819 
344.636 -8.43648 18.8292 
332.14 -8.50374 18.6366 
320.292 -8.4787 18.2537 
309.19 -8.37445 17.7278 
298.891 -8.21216 17.1042 
289.412 -8.00705 16.4189 
280.747 -7.77431 15.7069 
272.861 -7.52527 14.9946 
265.715 -7.27655 14.2979 
259.26 -7.02979 13.6325 
253.44 -6.7941 13.0058 
248.204 -6.57298 12.4246 
243.498 -6.36968 11.8908 
239.276 -6.18671 11.403 
235.496 -6.02217 10.9647 
232.113 -5.87847 10.5704 
229.097 -5.75605 10.2199 
226.416 -5.65099 9.91112 
224.042 -5.56721 9.64011 
221.954 -5.50051 9.4055 
220.134 -5.45237 9.20421 
218.567 -5.42122 9.0342 
217.242 -5.40705 8.89284 
216.156 -5.41042 8.77907 
215.302 -5.42942 8.68954 
214.685 -5.46671 8.62388 
214.312 -5.5207 8.57843 
214.196 -5.59346 8.55235 
214.349 -5.67963 8.54373 
214.76 -5.76998 8.55309 
215.37 -5.84072 8.58765 
216.03 -5.86993 8.66049 
216.656 -5.93682 8.76169 
217.805 -6.29391 8.86479 
220.761 -7.05037 8.90661 
434.482 -0.886127 0.260631 
436.514 -1.47437 1.77327 
436.448 -2.0341 4.05416 
433.476 -2.67203 6.46162 
427.714 -3.3817 8.8402 
419.427 -4.11891 11.0892 
408.955 -4.8435 13.1169 
396.707 -5.52045 14.8425 
383.146 -6.11717 16.2065 
368.752 -6.60822 17.1718 
353.991 -6.97274 17.7364 
339.279 -7.20565 17.9244 
324.965 -7.31228 17.7821 
311.316 -7.3028 17.3726 
298.513 -7.19748 16.7579 
286.665 -7.01557 16.0078 
275.816 -6.78162 15.1764 
265.964 -6.514 14.309 
257.071 -6.22742 13.4438 
249.079 -5.93708 12.6038 
241.915 -5.65086 11.8078 
235.507 -5.37822 11.0651 
229.778 -5.12131 10.3805 
224.655 -4.88222 9.75302 
220.075 -4.66354 9.18397 
215.977 -4.46417 8.66863 
212.307 -4.28338 8.20389 
209.018 -4.12057 7.78468 
206.069 -3.97403 7.40719 
203.425 -3.8433 7.06918 
201.053 -3.72737 6.76377 
198.93 -3.62352 6.48999 
197.03 -3.53305 6.24499 
195.336 -3.45408 6.02377 
193.833 -3.38549 5.82729 
192.506 -3.32826 5.65186 
191.345 -3.28067 5.4982 
190.342 -3.24513 5.36391 
189.491 -3.21979 5.24998 
188.789 -3.207 5.15674 
188.237 -3.20831 5.0834 
187.839 -3.2242 5.03185 
187.603 -3.25783 5.00249 
187.543 -3.3109 4.99676 
187.667 -3.37963 5.01634 
187.96 -3.45332 5.06485 
188.337 -3.50281 5.15003 
188.615 -3.51177 5.28001 
188.772 -3.60037 5.43031 
189.346 -3.97699 5.58806 
423.749 -2.2233 5.24553 
419.588 -2.80061 7.01875 
412.84 -3.3467 9.40942 
403.09 -3.95101 11.6638 
390.879 -4.57275 13.6135 
376.827 -5.14641 15.1703 
361.552 -5.62893 16.2795 
345.656 -5.99069 16.9216 
329.692 -6.21884 17.1156 
314.125 -6.31164 16.9151 
299.317 -6.283 16.3978 
285.508 -6.15116 15.6491 
272.839 -5.94414 14.7492 
261.366 -5.68295 13.7729 
251.071 -5.39134 12.7748 
241.898 -5.08698 11.7981 
233.762 -4.783 10.8665 
226.569 -4.48805 9.99692 
220.219 -4.20883 9.19622 
214.616 -3.94604 8.46513 
209.671 -3.70252 7.8015 
205.304 -3.4777 7.1988 
201.447 -3.26987 6.65198 
198.037 -3.07734 6.15455 
195.022 -2.89895 5.70013 
192.357 -2.73273 5.28288 
190.003 -2.57669 4.89795 
187.926 -2.42972 4.54027 
186.098 -2.29028 4.20658 
184.494 -2.15701 3.89389 
183.09 -2.02895 3.60032 
181.868 -1.90691 3.32542 
180.807 -1.79017 3.06751 
179.892 -1.67861 2.82758 
179.106 -1.57397 2.60652 
178.436 -1.47641 2.40403 
177.869 -1.38715 2.22152 
177.392 -1.30653 2.05881 
176.997 -1.23638 1.9172 
176.674 -1.17669 1.79637 
176.417 -1.12866 1.69677 
176.222 -1.09415 1.61943 
176.086 -1.07375 1.56495 
176.012 -1.0698 1.5349 
176.003 -1.08414 1.53147 
176.059 -1.11543 1.55446 
176.168 -1.15314 1.60018 
176.262 -1.17031 1.65403 
176.28 -1.17704 1.66016 
176.332 -1.1939 1.62174 
398.759 -3.51723 10.0271 
388.719 -3.94489 11.6792 
376.12 -4.32069 13.5899 
361.163 -4.71621 15.0552 
344.809 -5.06851 15.98 
327.907 -5.31705 16.3722 
311.147 -5.4407 16.2808 
295.064 -5.43715 15.7911 
280.03 -5.3251 15.0039 
266.274 -5.12717 14.0253 
253.892 -4.87085 12.9473 
242.888 -4.58095 11.8427 
233.197 -4.27512 10.763 
224.719 -3.97025 9.74243 
217.333 -3.6753 8.79583 
210.917 -3.39408 7.93066 
205.351 -3.13072 7.14469 
200.531 -2.88449 6.43374 
196.36 -2.65549 5.78969 
192.757 -2.44177 5.20459 
189.651 -2.24081 4.66967 
186.98 -2.0505 4.17812 
184.694 -1.87021 3.72411 
182.748 -1.69751 3.30331 
181.1 -1.53183 2.91298 
179.715 -1.37343 2.55186 
178.558 -1.22265 2.21988 
177.599 -1.08041 1.91756 
176.809 -0.948519 1.6454 
176.163 -0.827868 1.40354 
175.637 -0.718801 1.19171 
175.21 -0.622008 1.00826 
174.865 -0.537418 0.85137 
174.587 -0.464435 0.718887 
174.362 -0.402006 0.607892 
174.182 -0.349145 0.515748 
174.037 -0.304908 0.440078 
173.92 -0.268298 0.378372 
173.827 -0.238329 0.328428 
173.753 -0.214359 0.288313 
173.695 -0.195129 0.256471 
173.651 -0.18024 0.23209 
173.618 -0.170013 0.214383 
173.597 -0.164212 0.202434 
173.588 -0.162577 0.196723 
173.59 -0.166104 0.197376 
173.606 -0.174511 0.204929 
173.627 -0.182073 0.218965 
173.639 -0.190169 0.221416 
173.692 -0.205009 0.212689 
361.966 -4.43204 13.3625 
347.909 -4.57883 14.4566 
331.926 -4.65401 15.3775 
314.805 -4.7302 15.6844 
297.665 -4.74702 15.4365 
281.28 -4.67262 14.764 
266.124 -4.51081 13.8013 
252.447 -4.28151 12.6738 
240.327 -4.00758 11.4825 
229.735 -3.71328 10.3016 
220.57 -3.41326 9.17834 
212.697 -3.12106 8.13691 
205.971 -2.84104 7.18849 
200.247 -2.57729 6.33137 
195.395 -2.33021 5.55904 
191.301 -2.09891 4.86321 
187.862 -1.88117 4.23388 
184.993 -1.67553 3.66314 
182.616 -1.48035 3.14431 
180.664 -1.29574 2.67332 
179.08 -1.12166 2.24823 
177.807 -0.958978 1.86872 
176.794 -0.809452 1.53511 
175.997 -0.675764 1.24721 
175.375 -0.558076 1.00339 
174.892 -0.456708 0.800966 
174.518 -0.371868 0.635649 
174.231 -0.301449 0.502743 
174.009 -0.243905 0.397056 
173.838 -0.197621 0.313798 
173.707 -0.160436 0.249039 
173.605 -0.130663 0.198863 
173.525 -0.107252 0.159927 
173.463 -0.0888028 0.129751 
173.414 -0.0741468 0.106442 
173.377 -0.0626104 0.0882528 
173.347 -0.0531643 0.0742405 
173.322 -0.0457871 0.0633124 
173.303 -0.0399079 0.0548339 
173.287 -0.0355549 0.0480453 
173.276 -0.032378 0.042551 
173.268 -0.0294888 0.0385367 
173.261 -0.027226 0.0355472 
173.256 -0.0261107 0.0331574 
173.254 -0.025503 0.0318387 
173.254 -0.0256043 0.0312209 
173.256 -0.0267454 0.0315063 
173.26 -0.0279553 0.0337251 
173.263 -0.0298529 0.0342121 
173.281 -0.0383394 0.0335641 
319.043 -4.71048 14.3521 
303.873 -4.54241 14.6841 
287.691 -4.30711 14.5462 
271.58 -4.10145 13.8732 
256.483 -3.87856 12.8458 
242.881 -3.6231 11.6374 
230.937 -3.34264 10.3751 
220.634 -3.05269 9.14206 
211.862 -2.76467 7.98604 
204.463 -2.48663 6.92825 
198.274 -2.22308 5.9745 
193.134 -1.97473 5.1197 
188.901 -1.74166 4.35617 
185.443 -1.5223 3.67373 
182.651 -1.31614 3.06422 
180.424 -1.12251 2.5227 
178.672 -0.942275 2.04681 
177.313 -0.778292 1.63502 
176.276 -0.632126 1.28591 
175.491 -0.50449 0.997616 
174.903 -0.397735 0.765492 
174.467 -0.311227 0.58226 
174.145 -0.241315 0.440859 
173.906 -0.186396 0.333538 
173.729 -0.144598 0.252919 
173.599 -0.112447 0.192628 
173.5 -0.0874726 0.147772 
173.427 -0.0688242 0.114414 
173.371 -0.0545197 0.0895027 
173.33 -0.0438672 0.0705511 
173.298 -0.0353943 0.0563219 
173.274 -0.0286935 0.0455984 
173.255 -0.0235452 0.0372146 
173.24 -0.019697 0.0305291 
173.228 -0.0164281 0.025441 
173.219 -0.014073 0.0214476 
173.212 -0.0122075 0.0182858 
173.207 -0.0104509 0.0157651 
173.202 -0.00904943 0.0137448 
173.197 -0.00799717 0.0120088 
173.195 -0.00742728 0.0105042 
173.193 -0.00691494 0.00972686 
173.192 -0.00641181 0.00912898 
173.191 -0.00611213 0.00846786 
173.19 -0.00598757 0.00817339 
173.19 -0.00600131 0.00803465 
173.19 -0.0062194 0.00804796 
173.191 -0.00645313 0.00853813 
173.192 -0.00677319 0.00856559 
173.196 -0.00909351 0.0080802 
276.937 -4.32222 13.0338 
263.328 -3.9433 12.7808 
249.433 -3.52269 11.9755 
236.315 -3.18229 10.8413 
224.612 -2.87227 9.57768 
214.526 -2.57756 8.31894 
206.022 -2.29586 7.13562 
198.963 -2.02876 6.05698 
193.18 -1.77711 5.09074 
188.501 -1.54102 4.23282 
184.764 -1.31998 3.47536 
181.825 -1.11371 2.81091 
179.554 -0.922853 2.23421 
177.83 -0.74891 1.7425 
176.543 -0.594675 1.33343 
175.6 -0.462874 1.00298 
174.917 -0.354069 0.743955 
174.426 -0.266997 0.546295 
174.075 -0.200179 0.399116 
173.826 -0.149986 0.291498 
173.648 -0.111605 0.213734 
173.52 -0.0839949 0.157329 
173.429 -0.0639115 0.116858 
173.363 -0.0484207 0.0879219 
173.315 -0.0371902 0.0664294 
173.28 -0.0289395 0.0504935 
173.254 -0.0224684 0.038982 
173.235 -0.0177121 0.0300591 
173.221 -0.0137771 0.0233426 
173.21 -0.0107967 0.0184055 
173.202 -0.00906135 0.0146218 
173.196 -0.00722868 0.011827 
173.191 -0.00580071 0.00962816 
173.187 -0.00489068 0.00771277 
173.184 -0.0041439 0.00630083 
173.182 -0.00328961 0.00527579 
173.18 -0.00299051 0.00435553 
173.179 -0.00254162 0.00374748 
173.178 -0.00216895 0.00320488 
173.177 -0.00180651 0.00266666 
173.177 -0.00162153 0.00218306 
173.177 -0.00144983 0.00210418 
173.176 -0.0014093 0.00200441 
173.176 -0.00135032 0.00186571 
173.176 -0.00132936 0.00179268 
173.176 -0.00133319 0.00175624 
173.176 -0.00137976 0.00175994 
173.176 -0.00146658 0.00184464 
173.176 -0.00143086 0.00191538 
173.176 -0.00196192 0.00182383 
240.692 -3.65128 10.5881 
230.092 -3.20615 10.0344 
219.614 -2.73635 8.99676 
210.111 -2.36559 7.80251 
201.963 -2.0473 6.61099 
195.218 -1.7626 5.50364 
189.769 -1.50308 4.5105 
185.456 -1.26576 3.63654 
182.114 -1.04866 2.87822 
179.581 -0.850864 2.2308 
177.703 -0.673832 1.69071 
176.341 -0.520428 1.25339 
175.373 -0.392765 0.911119 
174.695 -0.290694 0.652472 
174.225 -0.212338 0.46291 
173.902 -0.15424 0.32698 
173.68 -0.111604 0.231301 
173.527 -0.0812575 0.164336 
173.422 -0.0592449 0.117277 
173.349 -0.0435115 0.0842292 
173.298 -0.0321376 0.0612044 
173.262 -0.0235372 0.0445887 
173.237 -0.0179038 0.0325362 
173.219 -0.0132827 0.0242952 
173.206 -0.00999023 0.01803 
173.197 -0.00782697 0.0132613 
173.191 -0.00581003 0.0101327 
173.186 -0.00443417 0.00776358 
173.183 -0.0037917 0.0058894 
173.18 -0.00268724 0.0046403 
173.178 -0.00206234 0.00355989 
173.177 -0.00187433 0.00282686 
173.176 -0.00136651 0.00228824 
173.174 -0.00110251 0.00170058 
173.174 -0.00094057 0.00134813 
173.174 -0.0007539 0.00119358 
173.173 -0.000622467 0.000944337 
173.173 -0.000611697 0.000846838 
173.173 -0.000519895 0.000784758 
173.173 -0.000496518 0.000660242 
173.173 -0.000430926 0.000576646 
173.173 -0.000374185 0.000601369 
173.172 -0.000361637 0.000532182 
173.172 -0.000329586 0.000489036 
173.172 -0.000322696 0.000454529 
173.172 -0.000322902 0.000434747 
173.172 -0.000321951 0.000431648 
173.172 -0.000358781 0.000431469 
173.172 -0.000348438 0.000464502 
173.172 -0.0003502 0.000445336 
212.796 -2.56153 7.50365 
205.385 -2.26074 6.99693 
198.274 -1.90471 6.08312 
192.108 -1.61935 5.08283 
187.08 -1.36209 4.11942 
183.147 -1.12649 3.25167 
180.174 -0.910966 2.4998 
177.993 -0.716605 1.87015 
176.439 -0.547558 1.36237 
175.359 -0.40705 0.969342 
174.625 -0.295727 0.676985 
174.133 -0.211238 0.466889 
173.807 -0.149465 0.319905 
173.592 -0.105558 0.218908 
173.451 -0.0743414 0.15013 
173.358 -0.05246 0.103342 
173.296 -0.0373528 0.0715319 
173.255 -0.0264166 0.0496973 
173.228 -0.0189392 0.034669 
173.21 -0.0136339 0.0243648 
173.198 -0.00986803 0.0172993 
173.19 -0.00708022 0.0123067 
173.184 -0.00508996 0.00861819 
173.181 -0.00383831 0.00625123 
173.178 -0.00263803 0.00445317 
173.176 -0.00194369 0.00311423 
173.175 -0.00155881 0.00240885 
173.174 -0.00105281 0.00179579 
173.173 -0.000801167 0.00124995 
173.173 -0.000729253 0.00106129 
173.173 -0.000476199 0.00077536 
173.172 -0.00036187 0.000509873 
173.172 -0.00030269 0.000437183 
173.172 -0.000210033 0.000296212 
173.172 -0.000183114 0.00023165 
173.172 -0.00014325 0.000230018 
173.172 -0.000103385 0.000171858 
173.172 -9.02206e-05 0.000136958 
173.172 -8.27148e-05 0.000135457 
173.172 -7.54391e-05 0.000102398 
173.172 -7.92823e-05 0.000109124 
173.172 -6.73409e-05 0.000115375 
173.172 -5.82517e-05 7.58906e-05 
173.172 -4.50997e-05 5.89729e-05 
173.172 -3.36955e-05 4.1544e-05 
173.172 -3.08899e-05 3.24445e-05 
173.172 -3.00046e-05 3.22557e-05 
173.172 -3.23941e-05 3.12128e-05 
173.172 -4.84285e-05 4.53612e-05 
173.172 -3.4089e-05 5.44179e-05 
187.731 -4.30686 7.97669 
184.045 -3.55911 6.6443 
180.924 -2.79623 5.20976 
178.497 -2.11631 3.91044 
176.72 -1.54954 2.8288 
175.474 -1.0999 1.9807 
174.634 -0.759081 1.34726 
174.086 -0.511492 0.894756 
173.736 -0.338246 0.583531 
173.517 -0.220867 0.375909 
173.383 -0.143155 0.240494 
173.3 -0.092484 0.153425 
173.25 -0.0596858 0.09781 
173.22 -0.0385255 0.0624021 
173.201 -0.0249898 0.0399568 
173.19 -0.0162061 0.0256281 
173.183 -0.0105152 0.0164321 
173.179 -0.00687959 0.010609 
173.176 -0.00447132 0.00682754 
173.174 -0.00293898 0.0044346 
173.173 -0.00195207 0.00291505 
173.173 -0.00130327 0.0019057 
173.172 -0.000848427 0.00123035 
173.172 -0.000582503 0.00082903 
173.172 -0.00042604 0.000593629 
173.172 -0.000276972 0.000384418 
173.172 -0.000197786 0.00027828 
173.172 -0.000154322 0.000205097 
173.172 -8.3026e-05 0.00010603 
173.172 -5.40511e-05 6.99104e-05 
173.172 -4.61904e-05 5.32764e-05 
173.172 -2.29545e-05 2.30224e-05 
173.172 -2.08764e-05 2.27989e-05 
173.172 -1.48367e-05 1.49885e-05 
173.172 -1.05527e-05 1.32764e-05 
173.172 -1.39907e-05 1.75299e-05 
173.172 -6.07359e-06 2.45847e-06 
173.172 3.55053e-06 -1.01853e-05 
173.172 7.73534e-06 -1.72783e-05 
173.172 1.34706e-05 -2.45544e-05 
173.172 1.43913e-05 -2.42228e-05 
173.172 1.23431e-05 -2.27891e-05 
173.172 1.63644e-05 -2.92416e-05 
173.172 1.70583e-05 -2.88886e-05 
173.172 1.69715e-05 -2.8757e-05 
173.172 1.71759e-05 -2.88083e-05 
173.172 1.65039e-05 -2.7677e-05 
173.172 1.62541e-05 -2.73364e-05 
173.172 1.5269e-05 -2.50934e-05 
173.172 1.17041e-05 -2.06387e-05 
96.5089 1.46921 -7.03326 
93.4319 -6.46846 -5.20565 
102.657 -6.95476 -5.80033 
111.864 -7.38173 -6.3966 
121.285 -7.88235 -6.95613 
131.026 -8.41201 -7.51944 
141.15 -8.9821 -8.10324 
151.733 -9.60008 -8.70683 
162.849 -10.2594 -9.32501 
174.561 -10.9491 -9.95419 
186.912 -11.6653 -10.5929 
199.934 -12.4048 -11.2337 
213.663 -13.1608 -11.8745 
228.122 -13.9301 -12.5085 
243.329 -14.7027 -13.1327 
259.288 -15.4777 -13.7415 
276.01 -16.248 -14.3301 
293.488 -17.0063 -14.8945 
311.715 -17.7516 -15.4276 
330.686 -18.4722 -15.928 
350.36 -19.158 -16.3924 
370.699 -19.8139 -16.8179 
391.682 -20.4367 -17.1991 
413.261 -20.9999 -17.5354 
435.353 -21.5188 -17.8265 
457.916 -21.9801 -18.073 
480.859 -22.3851 -18.2705 
504.119 -22.7217 -18.4254 
527.591 -23.0025 -18.5344 
551.204 -23.2017 -18.5994 
574.813 -23.33 -18.6258 
598.33 -23.3974 -18.6153 
621.653 -23.3856 -18.5661 
644.643 -23.2876 -18.4849 
667.157 -23.1252 -18.3751 
689.096 -22.889 -18.236 
710.318 -22.5686 -18.0704 
730.671 -22.1722 -17.8819 
750.02 -21.6866 -17.6678 
768.18 -21.1117 -17.4329 
785.009 -20.4482 -17.1719 
800.322 -19.6882 -16.8928 
813.939 -18.8191 -16.5884 
825.686 -17.8447 -16.2524 
835.404 -16.7822 -15.8951 
843.035 -15.6614 -15.5019 
848.686 -14.5339 -15.0551 
852.819 -13.5628 -14.5018 
856.807 -13.0418 -13.6901 
862.607 -12.9182 -12.4244 
866.264 -7.8618 -11.9581 
112.725 -7.32208 -4.88668 
124.183 -7.32546 -5.26232 
135.269 -7.55517 -5.62055 
146.434 -7.86258 -5.93525 
157.883 -8.20057 -6.22943 
169.72 -8.559 -6.5077 
182.023 -8.9306 -6.76808 
194.845 -9.30434 -7.00582 
208.226 -9.67418 -7.21673 
222.191 -10.0325 -7.39223 
236.755 -10.3697 -7.5303 
251.926 -10.6858 -7.62423 
267.711 -10.9727 -7.67153 
284.103 -11.226 -7.66643 
301.095 -11.4423 -7.60759 
318.671 -11.6173 -7.49038 
336.811 -11.7483 -7.31389 
355.491 -11.8318 -7.07646 
374.683 -11.8672 -6.77462 
394.349 -11.8473 -6.41046 
414.447 -11.7763 -5.98548 
434.937 -11.6529 -5.49929 
455.769 -11.4733 -4.9562 
476.88 -11.2404 -4.35962 
498.214 -10.9559 -3.71 
519.703 -10.6172 -3.01603 
541.285 -10.2328 -2.27969 
562.883 -9.7979 -1.50829 
584.421 -9.31686 -0.707155 
605.803 -8.79041 0.114713 
626.953 -8.22873 0.953347 
647.779 -7.6243 1.80251 
668.178 -6.98146 2.65181 
688.043 -6.30632 3.49523 
707.282 -5.60093 4.32862 
725.781 -4.86112 5.14388 
743.425 -4.08983 5.93201 
760.082 -3.28385 6.69132 
775.619 -2.44371 7.40657 
789.895 -1.57277 8.07475 
802.772 -0.673123 8.68657 
814.092 0.265334 9.23321 
823.709 1.2226 9.69579 
831.513 2.17446 10.0753 
837.48 3.0984 10.3529 
841.678 3.93513 10.5432 
844.455 4.57561 10.6787 
846.705 4.8434 10.8762 
849.418 4.93052 11.3022 
849.323 8.0885 11.8261 
132.724 -7.67614 -5.18777 
145.146 -7.63651 -5.31965 
157.336 -7.74353 -5.52322 
169.566 -7.94424 -5.73601 
182.014 -8.18411 -5.9391 
194.786 -8.44275 -6.12813 
207.947 -8.70703 -6.29942 
221.533 -8.96566 -6.44854 
235.562 -9.21292 -6.56971 
250.041 -9.43984 -6.66065 
264.964 -9.64372 -6.71684 
280.328 -9.82215 -6.73732 
296.119 -9.97056 -6.71601 
312.32 -10.0844 -6.65322 
328.912 -10.1645 -6.54631 
345.867 -10.2047 -6.39317 
363.16 -10.2067 -6.19251 
380.762 -10.1668 -5.94441 
398.637 -10.0843 -5.64743 
416.748 -9.95795 -5.30234 
435.057 -9.7886 -4.90858 
453.528 -9.57614 -4.46805 
472.116 -9.31871 -3.97882 
490.779 -9.01746 -3.44743 
509.464 -8.67363 -2.87441 
528.125 -8.28973 -2.2621 
546.716 -7.86709 -1.61415 
565.182 -7.40583 -0.934764 
583.466 -6.90824 -0.227255 
601.509 -6.37529 0.502709 
619.251 -5.81351 1.24974 
636.629 -5.21945 2.00939 
653.57 -4.59819 2.77436 
670.003 -3.95268 3.539 
685.854 -3.28443 4.29767 
701.041 -2.59437 5.04372 
715.48 -1.88511 5.77037 
729.071 -1.15422 6.46808 
741.711 -0.40974 7.13186 
753.3 0.349916 7.75036 
763.73 1.11641 8.31814 
772.889 1.89374 8.81985 
780.677 2.65785 9.24938 
787.033 3.40001 9.59409 
791.945 4.08962 9.85318 
795.462 4.71621 10.0426 
797.789 5.2218 10.199 
799.454 5.51752 10.4006 
801.108 5.72931 10.6777 
800.178 8.45708 10.9775 
153.494 -7.82618 -5.32425 
166.311 -7.87386 -5.40887 
179.174 -7.99883 -5.55475 
192.164 -8.17506 -5.72166 
205.37 -8.382 -5.89362 
218.863 -8.60562 -6.06012 
232.684 -8.83129 -6.21298 
246.851 -9.04882 -6.34903 
261.364 -9.25089 -6.4621 
276.215 -9.43332 -6.55019 
291.389 -9.5924 -6.6121 
306.869 -9.72746 -6.64258 
322.632 -9.83154 -6.64176 
338.653 -9.90702 -6.60815 
354.904 -9.95035 -6.53893 
371.354 -9.95783 -6.43437 
387.972 -9.93226 -6.29372 
404.724 -9.87042 -6.11508 
421.577 -9.77155 -5.90027 
438.489 -9.63497 -5.64695 
455.427 -9.46144 -5.3577 
472.355 -9.25274 -5.03215 
489.234 -9.00504 -4.67301 
506.025 -8.72387 -4.27806 
522.691 -8.40543 -3.85169 
539.193 -8.05437 -3.39666 
555.492 -7.67128 -2.91269 
571.552 -7.25642 -2.40343 
587.33 -6.8114 -1.87274 
602.782 -6.33779 -1.32326 
617.87 -5.84008 -0.758389 
632.547 -5.31543 -0.182403 
646.764 -4.76908 0.400395 
660.474 -4.20219 0.985497 
673.622 -3.61611 1.56784 
686.151 -3.01286 2.14268 
697.999 -2.39494 2.70431 
709.099 -1.76279 3.2468 
719.377 -1.11956 3.76254 
728.758 -0.471591 4.24562 
737.169 0.179685 4.68913 
744.532 0.827809 5.08442 
750.78 1.4611 5.42636 
755.88 2.06604 5.70909 
759.811 2.63922 5.94289 
762.557 3.19177 6.14406 
764.153 3.70695 6.35962 
764.905 4.09158 6.62666 
765.47 4.34767 6.93033 
763.576 6.90683 7.16726 
174.688 -7.9875 -5.41815 
187.878 -8.09394 -5.52455 
201.27 -8.25817 -5.65495 
214.892 -8.43882 -5.80098 
228.761 -8.63407 -5.95323 
242.903 -8.83492 -6.10172 
257.328 -9.02948 -6.23926 
272.034 -9.21191 -6.35974 
287.002 -9.37283 -6.45968 
302.211 -9.51244 -6.53582 
317.639 -9.62703 -6.58559 
333.259 -9.71368 -6.60826 
349.041 -9.77184 -6.60281 
364.953 -9.80066 -6.56652 
380.964 -9.79694 -6.49941 
397.04 -9.76184 -6.40292 
413.146 -9.69514 -6.27401 
429.246 -9.59476 -6.11438 
445.306 -9.46282 -5.92306 
461.292 -9.29786 -5.70457 
477.165 -9.10309 -5.45574 
492.895 -8.87793 -5.17814 
508.449 -8.62181 -4.87318 
523.793 -8.33785 -4.54522 
538.893 -8.02692 -4.19226 
553.723 -7.69189 -3.81795 
568.251 -7.33064 -3.42324 
582.449 -6.94837 -3.01215 
596.286 -6.54499 -2.58522 
609.734 -6.12136 -2.14658 
622.764 -5.68142 -1.69743 
635.345 -5.22447 -1.24286 
647.445 -4.75348 -0.784414 
659.032 -4.26968 -0.326299 
670.069 -3.77446 0.128388 
680.518 -3.26928 0.574895 
690.337 -2.75611 1.00963 
699.481 -2.23614 1.42745 
707.901 -1.71224 1.82354 
715.546 -1.1875 2.19285 
722.365 -0.665047 2.52983 
728.31 -0.149876 2.82973 
733.336 0.352226 3.0877 
737.412 0.835241 3.30736 
740.491 1.3187 3.49746 
742.463 1.83594 3.68829 
743.207 2.39734 3.91531 
742.914 2.85321 4.19709 
742.389 3.10869 4.50819 
739.606 5.57874 4.69868 
196.358 -8.20967 -5.56024 
209.973 -8.34234 -5.67734 
223.867 -8.53202 -5.80434 
238.057 -8.72071 -5.93678 
252.519 -8.90613 -6.07256 
267.241 -9.0844 -6.20224 
282.203 -9.2467 -6.31893 
297.377 -9.3885 -6.417 
312.731 -9.50385 -6.49308 
328.233 -9.59356 -6.54501 
343.85 -9.6549 -6.57031 
359.548 -9.68712 -6.56797 
375.295 -9.689 -6.53659 
391.053 -9.65918 -6.47599 
406.789 -9.59852 -6.38675 
422.469 -9.50776 -6.26708 
438.056 -9.38399 -6.11848 
453.517 -9.23147 -5.94275 
468.818 -9.04884 -5.73905 
483.929 -8.83914 -5.50771 
498.819 -8.59963 -5.25179 
513.458 -8.33623 -4.97332 
527.819 -8.04841 -4.67366 
541.877 -7.74018 -4.35327 
555.607 -7.40832 -4.01596 
568.986 -7.06061 -3.66226 
581.995 -6.69433 -3.29668 
594.612 -6.3157 -2.91966 
606.819 -5.92184 -2.53375 
618.597 -5.51768 -2.14259 
629.927 -5.10362 -1.74766 
640.792 -4.68272 -1.3522 
651.171 -4.25397 -0.958714 
661.045 -3.82108 -0.570069 
670.39 -3.38408 -0.189463 
679.183 -2.94508 0.180584 
687.397 -2.50467 0.536578 
695.004 -2.06455 0.875042 
701.973 -1.62657 1.19214 
708.269 -1.19327 1.48441 
713.862 -0.766605 1.74836 
718.718 -0.34944 1.98061 
722.807 0.055889 2.18008 
726.087 0.456535 2.3503 
728.467 0.885362 2.50621 
729.722 1.4076 2.67954 
729.586 2.03063 2.90684 
728.202 2.54845 3.19596 
726.577 2.7807 3.52507 
722.918 5.19948 3.69739 
218.664 -8.47599 -5.7458 
232.736 -8.62338 -5.86882 
247.127 -8.82642 -5.99428 
261.844 -9.01615 -6.11734 
276.839 -9.18912 -6.2371 
292.068 -9.34099 -6.34738 
307.481 -9.46596 -6.44013 
323.031 -9.5621 -6.51161 
338.671 -9.62643 -6.55886 
354.356 -9.66004 -6.57823 
370.049 -9.66089 -6.56896 
385.708 -9.62932 -6.52892 
401.297 -9.56504 -6.45884 
416.779 -9.46815 -6.35825 
432.118 -9.33979 -6.22683 
447.279 -9.179 -6.06468 
462.229 -8.98726 -5.87322 
476.939 -8.76799 -5.65277 
491.378 -8.5186 -5.4054 
505.521 -8.24523 -5.1341 
519.342 -7.94733 -4.83925 
532.82 -7.62855 -4.5221 
545.936 -7.28922 -4.18616 
558.673 -6.93296 -3.83335 
571.014 -6.56091 -3.4669 
582.947 -6.17718 -3.08891 
594.462 -5.78342 -2.70216 
605.549 -5.38171 -2.30921 
616.199 -4.97285 -1.91345 
626.403 -4.56147 -1.51684 
636.154 -4.14725 -1.12305 
645.446 -3.73389 -0.733846 
654.269 -3.32047 -0.352494 
662.614 -2.91065 0.0182991 
670.471 -2.50422 0.376282 
677.827 -2.10329 0.718085 
684.668 -1.70825 1.0417 
690.978 -1.32049 1.34403 
696.737 -0.941753 1.62235 
701.929 -0.573161 1.87388 
706.53 -0.216047 2.09607 
710.52 0.128248 2.28718 
713.873 0.461028 2.44565 
716.534 0.79863 2.57695 
718.355 1.19271 2.69717 
718.993 1.73044 2.83772 
718.031 2.41569 3.03516 
715.577 2.98524 3.30228 
712.834 3.19287 3.64403 
708.256 5.57974 3.80801 
241.767 -8.77514 -5.97052 
256.314 -8.93231 -6.09563 
271.197 -9.13842 -6.21639 
286.41 -9.31931 -6.32914 
301.878 -9.47044 -6.43137 
317.531 -9.58697 -6.51571 
333.297 -9.66441 -6.57851 
349.107 -9.70482 -6.61402 
364.902 -9.70644 -6.61997 
380.629 -9.67004 -6.59392 
396.239 -9.59693 -6.5345 
411.689 -9.48651 -6.44093 
426.939 -9.34125 -6.31246 
441.954 -9.16063 -6.15006 
456.694 -8.94507 -5.95196 
471.13 -8.69662 -5.72184 
485.232 -8.41846 -5.46107 
498.973 -8.11184 -5.16899 
512.332 -7.77818 -4.84969 
525.29 -7.42277 -4.50374 
537.831 -7.04396 -4.13436 
549.941 -6.6479 -3.74524 
561.611 -6.23722 -3.33853 
572.835 -5.81358 -2.9166 
583.609 -5.38083 -2.48403 
593.931 -4.94166 -2.0429 
603.802 -4.49859 -1.59632 
613.225 -4.05441 -1.14795 
622.204 -3.61107 -0.701275 
630.74 -3.17148 -0.259074 
638.841 -2.7378 0.175321 
646.51 -2.31159 0.598962 
653.75 -1.89444 1.00853 
660.564 -1.48849 1.40147 
666.951 -1.09406 1.77425 
672.911 -0.713501 2.12575 
678.44 -0.34609 2.4518 
683.532 0.00582503 2.75066 
688.18 0.341254 3.01989 
692.373 0.660285 3.25794 
696.103 0.960761 3.4608 
699.353 1.24391 3.62839 
702.104 1.51098 3.75858 
704.289 1.78815 3.85432 
705.704 2.14076 3.92895 
705.899 2.67153 4.00761 
704.311 3.38412 4.12736 
700.979 3.97733 4.31326 
697.211 4.16699 4.62403 
691.68 6.53682 4.76637 
265.813 -9.08835 -6.22218 
280.825 -9.25285 -6.33979 
296.18 -9.44791 -6.44796 
311.838 -9.6045 -6.53957 
327.699 -9.71536 -6.61148 
343.666 -9.7769 -6.65754 
359.644 -9.78897 -6.67229 
375.55 -9.75195 -6.65214 
391.312 -9.66835 -6.59464 
406.866 -9.53859 -6.49738 
422.16 -9.3658 -6.35976 
437.145 -9.15032 -6.18109 
451.782 -8.89506 -5.96137 
466.032 -8.60099 -5.70035 
479.863 -8.26846 -5.40121 
493.246 -7.90407 -5.06399 
506.161 -7.50856 -4.69083 
518.587 -7.08329 -4.28495 
530.51 -6.6348 -3.84898 
541.922 -6.16497 -3.38522 
552.818 -5.67673 -2.8982 
563.198 -5.17591 -2.39075 
573.066 -4.66435 -1.86652 
582.428 -4.14584 -1.33046 
591.292 -3.62511 -0.78464 
599.675 -3.10411 -0.234425 
607.588 -2.58707 0.316338 
615.05 -2.07736 0.864032 
622.078 -1.57722 1.40442 
628.691 -1.08926 1.93415 
634.907 -0.616546 2.44866 
640.744 -0.161199 2.94467 
646.218 0.27568 3.41925 
651.346 0.691754 3.86815 
656.139 1.0861 4.28953 
660.607 1.45784 4.67876 
664.758 1.80508 5.03411 
668.595 2.12867 5.35381 
672.121 2.42648 5.63509 
675.336 2.69899 5.87424 
678.237 2.94271 6.07183 
680.817 3.16316 6.22417 
683.063 3.35859 6.3307 
684.907 3.55986 6.38839 
686.111 3.84072 6.40295 
686.153 4.30917 6.38736 
684.358 4.97031 6.36109 
680.637 5.52006 6.37267 
676.215 5.69109 6.55996 
669.821 8.07913 6.62793 
290.868 -9.38432 -6.46919 
306.302 -9.54787 -6.56449 
322.064 -9.71084 -6.64163 
338.064 -9.81568 -6.69122 
354.174 -9.85684 -6.70841 
370.268 -9.8325 -6.68686 
386.234 -9.74423 -6.62193 
401.971 -9.59418 -6.50942 
417.398 -9.38656 -6.3476 
432.443 -9.12302 -6.13573 
447.047 -8.80797 -5.8718 
461.163 -8.44315 -5.55709 
474.748 -8.03213 -5.19148 
487.769 -7.57741 -4.77703 
500.198 -7.08302 -4.31576 
512.015 -6.55316 -3.81056 
523.207 -5.99225 -3.26434 
533.767 -5.4034 -2.68092 
543.692 -4.79261 -2.06374 
552.989 -4.16396 -1.41821 
561.668 -3.52265 -0.748376 
569.744 -2.87326 -0.058798 
577.237 -2.22038 0.645432 
584.172 -1.56867 1.35928 
590.577 -0.92234 2.07699 
596.481 -0.286126 2.79426 
601.918 0.335495 3.50525 
606.924 0.939601 4.20492 
611.534 1.52192 4.88885 
615.784 2.07984 5.55053 
619.708 2.61026 6.18822 
623.343 3.11032 6.79568 
626.719 3.57968 7.36866 
629.865 4.01541 7.90656 
632.809 4.41679 8.40175 
635.575 4.78137 8.85364 
638.178 5.11194 9.26103 
640.634 5.40635 9.6179 
642.955 5.66244 9.92371 
645.149 5.88166 10.1778 
647.218 6.06602 10.3804 
649.168 6.21316 10.5242 
650.992 6.32392 10.6081 
652.63 6.42825 10.6318 
653.851 6.59908 10.5868 
654.133 6.92976 10.4582 
652.783 7.4153 10.2374 
649.576 7.79819 9.95911 
645.349 7.91793 9.88249 
638.523 10.3688 9.75024 
316.865 -9.6037 -6.6594 
332.598 -9.75152 -6.70195 
348.617 -9.8451 -6.71674 
364.755 -9.85526 -6.68682 
380.849 -9.7793 -6.60604 
396.749 -9.61808 -6.46828 
412.322 -9.37525 -6.26882 
427.453 -9.05466 -6.00548 
442.051 -8.66307 -5.67596 
456.041 -8.20389 -5.28006 
469.36 -7.68168 -4.81828 
481.961 -7.10235 -4.29193 
493.807 -6.46923 -3.70275 
504.871 -5.78896 -3.05473 
515.136 -5.06626 -2.35116 
524.595 -4.30789 -1.59648 
533.249 -3.51903 -0.795504 
541.107 -2.70622 0.0457623 
548.186 -1.87647 0.921233 
554.512 -1.0366 1.82444 
560.117 -0.192237 2.74943 
565.039 0.649846 3.68807 
569.319 1.48282 4.63437 
573.009 2.30057 5.57907 
576.158 3.09685 6.51686 
578.824 3.86718 7.43817 
581.06 4.60486 8.33969 
582.928 5.30735 9.21268 
584.484 5.96987 10.0521 
585.785 6.5898 10.8555 
586.887 7.1663 11.6134 
587.841 7.69293 12.3257 
588.696 8.17423 12.9893 
589.493 8.60896 13.5994 
590.269 8.99379 14.1598 
591.07 9.33088 14.6618 
591.914 9.62373 15.1059 
592.827 9.86574 15.4911 
593.829 10.0646 15.8194 
594.934 10.219 16.0864 
596.151 10.3283 16.2862 
597.485 10.3896 16.4274 
598.947 10.4099 16.5056 
600.485 10.4157 16.5145 
601.905 10.459 16.4406 
602.78 10.6019 16.2522 
602.574 10.8061 15.8805 
601.058 10.8692 15.3079 
598.452 10.8681 14.8464 
592.238 13.3879 14.3524 
343.48 -9.65361 -6.70001 
359.271 -9.75041 -6.64654 
375.246 -9.71771 -6.54558 
391.142 -9.56559 -6.37547 
406.756 -9.3007 -6.12945 
421.914 -8.92668 -5.80127 
436.464 -8.45016 -5.38844 
450.283 -7.87819 -4.88903 
463.272 -7.21921 -4.30369 
475.355 -6.48047 -3.63366 
486.472 -5.66917 -2.88161 
496.585 -4.79369 -2.05138 
505.666 -3.86126 -1.14823 
513.705 -2.88192 -0.178361 
520.705 -1.86329 0.850998 
526.678 -0.815228 1.93163 
531.651 0.252625 3.05489 
535.662 1.33049 4.21004 
538.759 2.40722 5.38691 
540.998 3.4738 6.57565 
542.445 4.52062 7.76281 
543.173 5.53673 8.93948 
543.259 6.51534 10.0932 
542.788 7.4455 11.2156 
541.847 8.32389 12.2957 
540.52 9.14316 13.3294 
538.893 9.90198 14.3068 
537.047 10.5956 15.2274 
535.064 11.2243 16.0867 
533.02 11.788 16.8788 
530.978 12.2863 17.6111 
529.009 12.7232 18.2795 
527.162 13.1045 18.8876 
525.487 13.4277 19.4349 
524.025 13.6997 19.921 
522.81 13.9184 20.3576 
521.88 14.0963 20.7395 
521.258 14.2258 21.0684 
520.955 14.3208 21.3483 
520.993 14.3709 21.5757 
521.383 14.3837 21.76 
522.139 14.3629 21.8889 
523.247 14.3089 21.9755 
524.685 14.242 22.0092 
526.297 14.2046 21.9865 
527.796 14.2173 21.8681 
528.957 14.1676 21.5661 
529.864 13.8785 20.9596 
530.304 13.6715 20.2385 
526.351 16.1808 19.3749 
369.988 -9.38448 -6.4544 
385.399 -9.37374 -6.2347 
400.796 -9.12482 -5.94173 
415.8 -8.71697 -5.54713 
430.171 -8.16538 -5.04329 
443.714 -7.47903 -4.42902 
456.269 -6.66983 -3.70366 
467.707 -5.74912 -2.87013 
477.934 -4.73048 -1.93232 
486.883 -3.62579 -0.896479 
494.511 -2.44837 0.229108 
500.8 -1.21212 1.4347 
505.753 0.0687267 2.70812 
509.391 1.37839 4.0359 
511.754 2.70164 5.40362 
512.904 4.02133 6.79315 
512.911 5.32175 8.18767 
511.866 6.58538 9.56912 
509.872 7.79664 10.9203 
507.039 8.94328 12.2226 
503.487 10.0103 13.4635 
499.341 10.9911 14.6289 
494.724 11.876 15.7083 
489.758 12.6639 16.6991 
484.565 13.3525 17.5961 
479.254 13.9456 18.3971 
473.924 14.4439 19.1075 
468.668 14.8581 19.7301 
463.565 15.1896 20.2701 
458.686 15.4483 20.7403 
454.091 15.6481 21.1426 
449.827 15.7875 21.4878 
445.93 15.8849 21.784 
442.434 15.9379 22.0386 
439.371 15.9573 22.2576 
436.748 15.9543 22.4479 
434.58 15.9257 22.6152 
432.888 15.8765 22.7663 
431.673 15.8201 22.9001 
430.946 15.743 23.0224 
430.717 15.6591 23.1279 
430.984 15.5606 23.2289 
431.748 15.4651 23.314 
432.963 15.3771 23.3959 
434.512 15.3414 23.4641 
436.196 15.3468 23.5113 
438.069 15.2302 23.4866 
440.745 14.748 23.2414 
444.312 14.3042 22.6888 
444.004 16.5238 21.7596 
395.065 -8.59031 -5.73154 
409.375 -8.38263 -5.25609 
423.332 -7.80241 -4.67519 
436.433 -7.0233 -3.95375 
448.413 -6.07291 -3.09212 
459.076 -4.9713 -2.09506 
468.268 -3.73699 -0.970813 
475.878 -2.39151 0.26967 
481.838 -0.957022 1.61237 
486.118 0.543676 3.04048 
488.722 2.08547 4.5332 
489.687 3.64341 6.06752 
489.081 5.19008 7.61813 
487 6.69883 9.15756 
483.567 8.14294 10.6558 
478.924 9.49665 12.0895 
473.234 10.7401 13.43 
466.668 11.8538 14.658 
459.405 12.8264 15.7577 
451.624 13.6511 16.7193 
443.498 14.3282 17.5386 
435.19 14.8594 18.2153 
426.848 15.2538 18.7589 
418.597 15.5284 19.1767 
410.547 15.6908 19.4845 
402.797 15.758 19.6943 
395.412 15.7492 19.825 
388.451 15.6768 19.8881 
381.956 15.5518 19.8992 
375.951 15.3939 19.8726 
370.454 15.2084 19.8192 
365.476 15.0055 19.7508 
361.015 14.7976 19.6725 
357.071 14.5836 19.5948 
353.639 14.3739 19.5263 
350.711 14.1752 19.4657 
348.274 13.9842 19.4204 
346.327 13.8042 19.3924 
344.863 13.6386 19.3815 
343.879 13.4833 19.3926 
343.382 13.3414 19.4268 
343.368 13.2177 19.4804 
343.828 13.1087 19.5569 
344.73 13.0351 19.6472 
345.957 13.0186 19.7531 
347.333 13.0671 19.8827 
348.96 13.0175 20.0542 
351.778 12.5534 20.2207 
356.713 11.9105 20.1244 
360.039 13.2623 19.4543 
416.605 -7.02425 -4.31589 
428.744 -6.50665 -3.4891 
440.011 -5.47154 -2.52729 
449.8 -4.21492 -1.39684 
457.867 -2.78496 -0.112768 
464.047 -1.21528 1.30428 
468.237 0.459227 2.83 
470.391 2.20059 4.43516 
470.52 3.96841 6.08736 
468.686 5.72211 7.74846 
465.002 7.41776 9.38034 
459.628 9.01589 10.941 
452.756 10.4785 12.3934 
444.616 11.7717 13.7 
435.451 12.8718 14.837 
425.514 13.7683 15.7849 
415.057 14.4509 16.5359 
404.317 14.931 17.093 
393.509 15.2204 17.4656 
382.817 15.3411 17.6734 
372.4 15.3162 17.7354 
362.381 15.1709 17.6794 
352.854 14.9337 17.5273 
343.882 14.6275 17.3027 
335.502 14.2733 17.0273 
327.739 13.8872 16.7214 
320.595 13.4904 16.3976 
314.06 13.0886 16.0716 
308.124 12.6927 15.7528 
302.759 12.3146 15.4489 
297.942 11.9523 15.1641 
293.646 11.6125 14.9051 
289.845 11.2972 14.6738 
286.513 11.0072 14.4724 
283.626 10.7443 14.3003 
281.163 10.505 14.1596 
279.104 10.2921 14.0492 
277.44 10.1007 13.9692 
276.159 9.93289 13.9209 
275.258 9.78597 13.9011 
274.732 9.65855 13.911 
274.589 9.54888 13.947 
274.824 9.45863 14.0068 
275.42 9.39401 14.0882 
276.298 9.37978 14.179 
277.289 9.42906 14.2733 
278.354 9.44979 14.4253 
280.246 9.15276 14.734 
284.389 8.52677 15.0362 
289.81 8.59742 14.8224 
431.679 -4.46797 -2.03719 
440.244 -3.53353 -0.800241 
447.247 -1.96745 0.575272 
452.064 -0.209839 2.1092 
454.545 1.66546 3.75926 
454.64 3.60203 5.47794 
452.378 5.54052 7.21401 
447.861 7.41829 8.91321 
441.268 9.17598 10.5208 
432.841 10.7564 11.9841 
422.873 12.1136 13.257 
411.696 13.2121 14.3051 
399.654 14.0363 15.1062 
387.084 14.5829 15.6618 
374.31 14.8709 15.9773 
361.607 14.9267 16.0761 
349.209 14.7844 15.992 
337.3 14.4879 15.7572 
326.009 14.074 15.4102 
315.422 13.5821 14.982 
305.589 13.0388 14.5033 
296.524 12.4741 13.9987 
288.217 11.9073 13.4907 
280.648 11.3526 12.9909 
273.775 10.8215 12.5119 
267.557 10.3194 12.0613 
261.947 9.85188 11.6443 
256.897 9.42058 11.2628 
252.367 9.02316 10.9184 
248.309 8.66433 10.6105 
244.686 8.337 10.3402 
241.466 8.04359 10.1039 
238.612 7.78062 9.90247 
236.102 7.54588 9.73247 
233.91 7.3376 9.59347 
232.018 7.15366 9.48344 
230.411 6.99254 9.40066 
229.079 6.85068 9.34528 
228.015 6.72931 9.31384 
227.217 6.62267 9.30822 
226.688 6.53297 9.32513 
226.435 6.45453 9.36574 
226.472 6.3896 9.42607 
226.797 6.33996 9.50121 
227.376 6.31511 9.57974 
228.098 6.33317 9.64787 
228.812 6.38957 9.72578 
229.734 6.3285 9.9627 
231.922 6.02814 10.4416 
236.736 5.29575 10.8733 
436.828 -0.867727 1.09888 
440.295 0.516796 2.69578 
441.458 2.54669 4.3746 
439.83 4.64147 6.12685 
435.492 6.70046 7.87414 
428.628 8.64363 9.53739 
419.508 10.3932 11.0457 
408.481 11.8802 12.3373 
395.955 13.0557 13.3649 
382.376 13.8888 14.1001 
368.188 14.3792 14.54 
353.807 14.5489 14.7019 
339.603 14.4388 14.619 
325.866 14.1056 14.3349 
312.818 13.6 13.8988 
300.604 12.9832 13.3591 
289.307 12.3008 12.7561 
278.957 11.5899 12.124 
269.541 10.8828 11.4899 
261.022 10.1974 10.8725 
253.345 9.54813 10.2868 
246.446 8.9434 9.73914 
240.254 8.38743 9.23194 
234.701 7.87629 8.76953 
229.726 7.41372 8.34931 
225.266 6.99437 7.96997 
221.267 6.61625 7.62871 
217.681 6.27494 7.32266 
214.464 5.96632 7.05053 
211.58 5.69054 6.80796 
208.995 5.44042 6.59235 
206.681 5.21478 6.40341 
204.615 5.01301 6.23673 
202.776 4.82878 6.09191 
201.148 4.66405 5.96752 
199.718 4.51472 5.86244 
198.474 4.38133 5.77687 
197.41 4.26155 5.70955 
196.522 4.15527 5.66191 
195.809 4.06261 5.63416 
195.274 3.98154 5.62713 
194.926 3.91316 5.64265 
194.777 3.85634 5.68263 
194.843 3.81351 5.74572 
195.121 3.789 5.82725 
195.563 3.79572 5.91118 
196.026 3.85482 5.98143 
196.356 3.94246 6.09043 
196.842 3.95559 6.38147 
198.824 3.40921 7.10139 
428.907 3.47963 4.75383 
426.129 5.18323 6.47845 
420.51 7.37068 8.14573 
411.934 9.3785 9.71422 
400.854 11.1037 11.0857 
387.788 12.4778 12.185 
373.291 13.4563 12.9649 
357.929 14.024 13.41 
342.245 14.2003 13.5331 
326.721 14.0326 13.3755 
311.75 13.5931 12.9908 
297.614 12.9565 12.4417 
284.502 12.1932 11.7864 
272.506 11.3689 11.076 
261.649 10.5291 10.3517 
251.9 9.71181 9.64071 
243.195 8.93518 8.96218 
235.452 8.21266 8.32811 
228.582 7.55086 7.74146 
222.489 6.94841 7.20493 
217.086 6.40427 6.71539 
212.295 5.91184 6.26979 
208.042 5.46748 5.86368 
204.263 5.06528 5.4929 
200.903 4.70007 5.15307 
197.913 4.36679 4.8399 
195.252 4.0616 4.54974 
192.885 3.77963 4.27944 
190.779 3.51819 4.026 
188.908 3.27489 3.7871 
187.249 3.04659 3.56274 
185.782 2.8337 3.3507 
184.488 2.63332 3.15072 
183.352 2.44553 2.96425 
182.361 2.27161 2.79076 
181.5 2.1099 2.63195 
180.76 1.96244 2.48784 
180.13 1.82769 2.36091 
179.603 1.70816 2.25136 
179.171 1.60311 2.16078 
178.831 1.51242 2.09154 
178.582 1.43763 2.04485 
178.425 1.37838 2.02371 
178.366 1.33572 2.03131 
178.41 1.31261 2.06794 
178.55 1.31244 2.12616 
178.731 1.345 2.18027 
178.824 1.4085 2.19798 
178.815 1.42531 2.18974 
179.106 1.20796 2.38339 
406.493 7.80332 8.19584 
397.409 9.48477 9.63689 
385.492 11.3025 10.8336 
371.183 12.6488 11.7452 
355.337 13.4917 12.3133 
338.73 13.8517 12.5253 
322.033 13.7785 12.4087 
305.797 13.3519 12.0221 
290.437 12.6645 11.4366 
276.225 11.813 10.7251 
263.306 10.8796 9.95073 
251.722 9.92951 9.16095 
241.439 9.00499 8.39277 
232.377 8.13702 7.66572 
224.429 7.33665 6.99006 
217.479 6.60958 6.36988 
211.412 5.95297 5.80392 
206.12 5.36264 5.28847 
201.507 4.83115 4.81823 
197.488 4.35214 4.38646 
193.987 3.91739 3.98759 
190.942 3.52024 3.61751 
188.298 3.15581 3.27138 
186.009 2.81991 2.94616 
184.032 2.50895 2.64039 
182.334 2.22096 2.35335 
180.881 1.9553 2.08509 
179.645 1.71117 1.83702 
178.6 1.48867 1.61001 
177.722 1.2882 1.40469 
176.989 1.10992 1.22146 
176.378 0.952743 1.0603 
175.874 0.815822 0.920477 
175.46 0.698439 0.800235 
175.12 0.598429 0.698019 
174.843 0.514018 0.612049 
174.618 0.443599 0.540517 
174.435 0.385274 0.481481 
174.289 0.337194 0.433572 
174.173 0.298038 0.395011 
174.082 0.266476 0.364881 
174.014 0.241543 0.343065 
173.967 0.222545 0.329021 
173.94 0.208651 0.322695 
173.935 0.20005 0.325051 
173.952 0.196704 0.336381 
173.988 0.201415 0.352743 
174.015 0.218626 0.362479 
174.036 0.217619 0.365205 
174.144 0.183214 0.389342 
371.324 11.0006 10.4944 
357.486 12.2236 11.2361 
341.511 13.1769 11.6178 
324.366 13.4965 11.6525 
307.083 13.2913 11.3697 
290.406 12.6976 10.8326 
274.827 11.8432 10.1224 
260.633 10.8464 9.31603 
247.944 9.79832 8.47934 
236.765 8.76639 7.65667 
227.015 7.79145 6.87727 
218.579 6.89364 6.15477 
211.316 6.08197 5.49409 
205.086 5.35357 4.8932 
199.759 4.7016 4.34748 
195.217 4.1189 3.8497 
191.356 3.59511 3.39395 
188.085 3.12348 2.97423 
185.328 2.69666 2.58705 
183.019 2.30995 2.22996 
181.1 1.96052 1.90235 
179.518 1.6473 1.60498 
178.226 1.369 1.33994 
177.181 1.12611 1.1075 
176.344 0.917577 0.907635 
175.679 0.741598 0.7395 
175.155 0.595698 0.600079 
174.744 0.476734 0.486039 
174.423 0.380612 0.394079 
174.174 0.303843 0.320482 
173.98 0.243472 0.261809 
173.829 0.195994 0.215394 
173.71 0.15858 0.178698 
173.618 0.129292 0.149586 
173.546 0.106366 0.126474 
173.49 0.08836 0.10796 
173.445 0.0743986 0.093264 
173.409 0.063393 0.0815996 
173.38 0.0547612 0.0724053 
173.358 0.047626 0.0652517 
173.341 0.0419446 0.0593958 
173.329 0.0379184 0.0548147 
173.319 0.0347132 0.051749 
173.313 0.0320074 0.0499307 
173.31 0.0304629 0.0492723 
173.311 0.0293925 0.0501238 
173.317 0.0291876 0.0524811 
173.322 0.03229 0.0545016 
173.33 0.0302603 0.058559 
173.374 0.0223113 0.0714175 
328.636 12.1798 11.0285 
312.919 12.6966 10.9278 
296.144 12.6771 10.526 
279.504 12.1031 9.88958 
263.872 11.1887 9.10077 
249.706 10.1093 8.23787 
237.181 8.98521 7.36569 
226.3 7.89361 6.52683 
216.965 6.87751 5.7448 
209.031 5.95413 5.0297 
202.335 5.12822 4.38114 
196.719 4.39292 3.79547 
192.038 3.74144 3.26536 
188.16 3.16271 2.78484 
184.974 2.64823 2.34902 
182.381 2.19246 1.95561 
180.294 1.7914 1.60473 
178.635 1.44248 1.29675 
177.334 1.1446 1.032 
176.325 0.895915 0.811328 
175.554 0.692857 0.63219 
174.971 0.53082 0.489141 
174.533 0.404668 0.377275 
174.205 0.307603 0.291726 
173.961 0.234013 0.226404 
173.779 0.178902 0.176374 
173.642 0.137426 0.138783 
173.539 0.106528 0.110165 
173.462 0.0832435 0.0883222 
173.404 0.0654949 0.0713845 
173.359 0.0523287 0.0582094 
173.324 0.0424342 0.0479056 
173.296 0.0345808 0.0398638 
173.275 0.0283485 0.0334382 
173.259 0.0236403 0.0284297 
173.246 0.0197976 0.024511 
173.235 0.0170067 0.0211275 
173.227 0.0147013 0.0184383 
173.219 0.0129338 0.0162526 
173.213 0.0111761 0.0146514 
173.21 0.00958261 0.0135075 
173.208 0.00886132 0.0125689 
173.205 0.0083321 0.0117613 
173.204 0.00755027 0.0113394 
173.203 0.00719108 0.0111828 
173.203 0.00691705 0.0112794 
173.204 0.00670524 0.0117495 
173.206 0.00740093 0.0121363 
173.207 0.00674363 0.0130592 
173.219 0.00368243 0.0176693 
285.485 11.2696 9.89837 
270.851 11.1967 9.1968 
256.064 10.5378 8.36903 
242.225 9.53614 7.47166 
229.886 8.4053 6.57444 
219.212 7.28081 5.72062 
210.159 6.22943 4.93249 
202.587 5.27738 4.21775 
196.323 4.43083 3.57514 
191.195 3.68444 2.99954 
187.041 3.02936 2.48505 
183.718 2.45716 2.02741 
181.096 1.9614 1.62462 
179.059 1.53797 1.27688 
177.504 1.18366 0.985147 
176.336 0.895246 0.747846 
175.471 0.667364 0.560434 
174.84 0.491864 0.417128 
174.384 0.359836 0.310178 
174.057 0.263353 0.230449 
173.82 0.193137 0.172259 
173.65 0.141641 0.13011 
173.529 0.105197 0.0987967 
173.44 0.0791244 0.0756578 
173.374 0.0596109 0.0585154 
173.327 0.0452918 0.0455894 
173.291 0.0350558 0.0356601 
173.264 0.0271014 0.0279701 
173.244 0.02125 0.0221 
173.228 0.0166104 0.0180213 
173.218 0.0132821 0.0145868 
173.209 0.0109267 0.0118589 
173.201 0.00893037 0.00979043 
173.196 0.00710207 0.00817722 
173.192 0.00593637 0.00674139 
173.188 0.00492345 0.00581317 
173.186 0.00405536 0.00502738 
173.184 0.00354799 0.00429883 
173.182 0.00311472 0.00364517 
173.181 0.00258008 0.00312744 
173.18 0.00202776 0.00285616 
173.179 0.00194702 0.00274007 
173.179 0.00187023 0.0025902 
173.179 0.00169046 0.00248596 
173.178 0.00160412 0.0024497 
173.178 0.0015346 0.00247004 
173.179 0.00147066 0.00258144 
173.179 0.00161194 0.00263657 
173.179 0.0015564 0.00283227 
173.182 0.000697144 0.00414296 
247.715 9.17075 7.99102 
235.976 8.79707 7.06058 
224.562 7.91611 6.14061 
214.325 6.86856 5.25392 
205.561 5.81483 4.43609 
198.274 4.83739 3.69959 
192.337 3.96413 3.04515 
187.584 3.19859 2.46816 
183.845 2.5366 1.9635 
180.956 1.97205 1.52868 
178.769 1.50025 1.16323 
177.148 1.11634 0.866095 
175.971 0.813959 0.633284 
175.132 0.584102 0.457371 
174.542 0.414528 0.328365 
174.131 0.292619 0.235459 
173.846 0.206643 0.169696 
173.648 0.146464 0.122871 
173.511 0.104244 0.0894849 
173.415 0.0746214 0.0658892 
173.347 0.0544701 0.048431 
173.298 0.0394404 0.0361451 
173.265 0.028798 0.0271054 
173.24 0.0217662 0.0203684 
173.222 0.016035 0.0155175 
173.21 0.0118249 0.0117581 
173.2 0.00923813 0.00903695 
173.193 0.00690516 0.00727383 
173.189 0.00536244 0.00552623 
173.185 0.00435689 0.00425248 
173.182 0.00319659 0.00362771 
173.18 0.00265594 0.00285028 
173.178 0.00220857 0.00223571 
173.176 0.00158518 0.00184315 
173.176 0.00125994 0.00155942 
173.175 0.00117104 0.00126155 
173.174 0.000841387 0.00115545 
173.174 0.000779687 0.00102196 
173.174 0.000717937 0.000912073 
173.174 0.00058743 0.00077503 
173.174 0.000480547 0.000715748 
173.173 0.000539779 0.000673286 
173.173 0.000475934 0.00062672 
173.173 0.000431066 0.000595728 
173.173 0.000393215 0.000584385 
173.173 0.000369523 0.000579431 
173.173 0.000353024 0.000601457 
173.173 0.000340629 0.00062528 
173.173 0.000410065 0.000594898 
173.173 0.000242665 0.000866877 
217.819 6.62235 5.70767 
209.485 6.20059 4.89278 
201.649 5.38985 4.12363 
194.898 4.49822 3.39626 
189.368 3.64147 2.73764 
184.992 2.87348 2.15713 
181.626 2.21077 1.65676 
179.105 1.65637 1.23852 
177.268 1.20835 0.902298 
175.963 0.860323 0.643245 
175.056 0.600587 0.451463 
174.438 0.413507 0.314178 
174.022 0.282473 0.218316 
173.744 0.192659 0.151934 
173.558 0.13179 0.106108 
173.434 0.0903587 0.0747553 
173.351 0.0625076 0.0526871 
173.294 0.0433507 0.0373982 
173.256 0.0301887 0.0267385 
173.231 0.0212166 0.0192172 
173.213 0.0151443 0.0138749 
173.2 0.0108586 0.00988972 
173.192 0.0074912 0.00734437 
173.186 0.0056183 0.00524087 
173.182 0.00400595 0.00377609 
173.179 0.00270906 0.00297041 
173.177 0.00222643 0.00218229 
173.176 0.00167197 0.00158874 
173.175 0.00107489 0.00138838 
173.174 0.00102624 0.00100979 
173.173 0.000750143 0.000706341 
173.173 0.000470814 0.00060655 
173.173 0.000450036 0.000439561 
173.172 0.000274898 0.000344525 
173.172 0.000214121 0.000299697 
173.172 0.000240376 0.000241636 
173.172 0.000173362 0.000196797 
173.172 0.000136593 0.000195776 
173.172 0.000146812 0.000169537 
173.172 9.37151e-05 0.000169585 
173.172 0.000105728 0.000163391 
173.172 0.000134533 0.000137218 
173.172 9.04597e-05 0.000113062 
173.172 7.79368e-05 9.11018e-05 
173.172 5.82024e-05 8.04486e-05 
173.172 4.66357e-05 7.82739e-05 
173.172 4.62522e-05 7.80256e-05 
173.172 3.3231e-05 9.62282e-05 
173.172 5.4587e-05 9.73407e-05 
173.172 7.14906e-05 9.83675e-05 
194.959 5.95448 6.15569 
189.804 5.09161 4.92334 
185.337 4.06864 3.78635 
181.77 3.10411 2.80755 
179.075 2.27994 2.01531 
177.122 1.61888 1.40386 
175.758 1.11455 0.952814 
174.836 0.747646 0.633553 
174.23 0.491464 0.415387 
173.84 0.318605 0.270209 
173.592 0.20492 0.17527 
173.436 0.131382 0.113683 
173.339 0.0841668 0.0738217 
173.277 0.0539352 0.0481399 
173.239 0.0347446 0.0314832 
173.214 0.0224214 0.0205675 
173.199 0.0144489 0.0135462 
173.189 0.00941579 0.00890458 
173.183 0.00608815 0.00589363 
173.179 0.00399143 0.00396622 
173.176 0.00266216 0.00267494 
173.175 0.00176994 0.00178527 
173.174 0.00113808 0.00121368 
173.173 0.000774165 0.000895472 
173.173 0.00057226 0.00060281 
173.172 0.000360032 0.000425286 
173.172 0.000270909 0.000335147 
173.172 0.000220541 0.000201966 
173.172 0.000110048 0.000127523 
173.172 7.96426e-05 0.000109952 
173.172 6.70722e-05 6.44422e-05 
173.172 2.61797e-05 4.80966e-05 
173.172 3.10892e-05 3.94151e-05 
173.172 1.6838e-05 2.91585e-05 
173.172 1.33315e-05 3.34927e-05 
173.172 2.6675e-05 1.93974e-05 
173.172 1.24817e-05 4.81273e-07 
173.172 1.16488e-07 -9.80072e-06 
173.172 -5.22085e-06 -1.83608e-05 
173.172 -1.62783e-05 -2.17462e-05 
173.172 -1.5544e-05 -1.882e-05 
173.172 -1.006e-05 -2.54784e-05 
173.172 -1.94938e-05 -2.88383e-05 
173.172 -1.9087e-05 -2.85127e-05 
173.172 -1.95476e-05 -2.95722e-05 
173.172 -2.03237e-05 -2.87694e-05 
173.172 -1.91841e-05 -2.80336e-05 
173.172 -1.98849e-05 -2.65716e-05 
173.172 -1.89289e-05 -2.0232e-05 
173.172 -7.08014e-06 -2.67119e-05 
