0.00188364 0.000318534 -0.0012659 
0.0028608 0.000577528 -0.00167256 
0.00394259 0.000802758 -0.00212862 
0.00520434 0.00105621 -0.00263478 
0.00664727 0.00134541 -0.00319179 
0.00826633 0.00167134 -0.00380092 
0.0100598 0.00203302 -0.0044611 
0.0120261 0.00242788 -0.00517063 
0.0141637 0.00285477 -0.0059295 
0.0164689 0.00331637 -0.00673424 
0.0189373 0.0038071 -0.00758216 
0.0215605 0.00432854 -0.00846949 
0.0243283 0.00487678 -0.00938994 
0.0272227 0.00545068 -0.0103392 
0.030228 0.00604585 -0.011309 
0.0333209 0.00665896 -0.0122917 
0.0364744 0.00728587 -0.0132793 
0.0396663 0.00791764 -0.0142612 
0.0428621 0.00855349 -0.0152281 
0.0460253 0.00918628 -0.0161704 
0.0491251 0.00980782 -0.0170768 
0.0521265 0.0104108 -0.0179312 
0.0549765 0.010992 -0.018729 
0.0576518 0.0115354 -0.0194548 
0.0601006 0.0120474 -0.0200977 
0.062293 0.0125019 -0.0206476 
0.0641816 0.0129129 -0.0210943 
0.0657398 0.0132509 -0.0214241 
0.0669187 0.0135289 -0.0216329 
0.0676926 0.0137276 -0.0217114 
0.0680363 0.0138464 -0.0216485 
0.0679249 0.0138712 -0.0214457 
0.0673332 0.013817 -0.0210956 
0.0662505 0.0136604 -0.0205948 
0.0646632 0.0134113 -0.0199409 
0.0625687 0.0130572 -0.0191424 
0.0599802 0.0126073 -0.0181936 
0.0568989 0.0120564 -0.0171102 
0.0533614 0.011408 -0.0158965 
0.0493829 0.0106765 -0.0145605 
0.0450072 0.00984827 -0.0131194 
0.0402914 0.0089406 -0.0115909 
0.0352791 0.00797263 -0.00998761 
0.0300385 0.0069355 -0.00833683 
0.0246486 0.00585633 -0.00665288 
0.0191801 0.00473979 -0.0049677 
0.0137379 0.00360311 -0.00330956 
0.00842285 0.00247027 -0.00165965 
0.00315817 0.00125659 -0.000173125 
0.00353651 0.000170148 -0.00175853 
0.00633874 0.000418175 -0.00190734 
0.00881133 0.000656534 -0.00224106 
0.0114131 0.000857446 -0.00264416 
0.0142811 0.0010524 -0.00307448 
0.0174483 0.00125544 -0.00351955 
0.0209118 0.00146928 -0.00397787 
0.0246634 0.00169367 -0.00444681 
0.028693 0.00192661 -0.00492509 
0.0329887 0.0021686 -0.00540871 
0.0375373 0.00241569 -0.0058927 
0.0423196 0.0026678 -0.0063746 
0.0473167 0.00292188 -0.00684925 
0.0525005 0.00317899 -0.0073116 
0.05784 0.00343476 -0.00775831 
0.0632996 0.00369063 -0.00818363 
0.068838 0.00394271 -0.00858413 
0.074412 0.00419072 -0.00895601 
0.0799716 0.00443452 -0.00929448 
0.0854651 0.00466999 -0.00959513 
0.0908368 0.00489759 -0.00985579 
0.0960298 0.00511576 -0.0100727 
0.100987 0.00532117 -0.0102442 
0.105644 0.00551831 -0.0103674 
0.109938 0.00570257 -0.0104401 
0.113808 0.00587141 -0.0104572 
0.117194 0.00602264 -0.010426 
0.120043 0.0061592 -0.0103358 
0.12229 0.00627813 -0.0101928 
0.123885 0.00637655 -0.00999281 
0.124777 0.0064561 -0.00973832 
0.124928 0.00650864 -0.00942982 
0.124295 0.00654321 -0.0090671 
0.12285 0.00654642 -0.00864836 
0.12057 0.00652201 -0.0081829 
0.117446 0.00647017 -0.00766758 
0.113467 0.00638892 -0.00710931 
0.108649 0.00626973 -0.00650898 
0.103008 0.00612158 -0.00587268 
0.0965802 0.00593277 -0.00520467 
0.0894154 0.00570832 -0.00450778 
0.0815706 0.0054442 -0.003797 
0.073129 0.00514338 -0.0030714 
0.0641805 0.00480014 -0.00233935 
0.0548246 0.00442268 -0.00161392 
0.0451828 0.00400645 -0.000895502 
0.0353765 0.00355526 -0.000197329 
0.0255489 0.00307058 0.000481555 
0.0157666 0.00258255 0.00121952 
0.00606408 0.00177114 0.00156346 
0.00799424 0.000147362 -0.00227263 
0.0118969 0.000347936 -0.00239015 
0.0155845 0.000529584 -0.00265107 
0.0193888 0.000669568 -0.00297011 
0.0234559 0.000793958 -0.00329952 
0.0278241 0.000911183 -0.00362502 
0.0324939 0.00102483 -0.00394144 
0.0374521 0.00113599 -0.00424569 
0.0426794 0.00124401 -0.00453547 
0.0481554 0.00134748 -0.00480706 
0.0538543 0.00144633 -0.00505794 
0.0597497 0.00153796 -0.00528614 
0.0658106 0.00162449 -0.0054877 
0.0720019 0.00170288 -0.00566015 
0.0782849 0.00177426 -0.00580305 
0.0846181 0.00183941 -0.00591261 
0.0909536 0.00189741 -0.00598962 
0.0972452 0.00194896 -0.00603271 
0.10344 0.00199587 -0.00604085 
0.109482 0.00203851 -0.00601509 
0.115315 0.00207784 -0.0059552 
0.120881 0.00211362 -0.00586268 
0.126119 0.00215013 -0.00573688 
0.130971 0.00218334 -0.00557927 
0.135373 0.00221884 -0.00539214 
0.139264 0.00225691 -0.00517683 
0.142583 0.00229637 -0.00493654 
0.145278 0.00233835 -0.00466925 
0.147288 0.00238422 -0.00437957 
0.14856 0.00243402 -0.0040686 
0.149045 0.0024863 -0.00373872 
0.148702 0.00254173 -0.00339335 
0.147493 0.00259945 -0.00303078 
0.145382 0.00265894 -0.00265789 
0.142352 0.00271742 -0.00227576 
0.138391 0.00277334 -0.00188573 
0.133494 0.0028269 -0.00149174 
0.127667 0.00287427 -0.00109785 
0.120936 0.00291214 -0.000705128 
0.113334 0.00293997 -0.000319648 
0.104913 0.00295296 5.70076e-05 
0.095738 0.0029492 0.000419492 
0.085891 0.00292492 0.000766818 
0.0754656 0.00287807 0.00109327 
0.0645741 0.00280519 0.00139772 
0.0533372 0.00270464 0.00167764 
0.0418853 0.0025745 0.00193233 
0.0303505 0.00241623 0.0021718 
0.0187727 0.00225798 0.00245951 
0.00733671 0.00168269 0.00222076 
0.0134223 0.000152185 -0.00264702 
0.01811 0.000280025 -0.00272594 
0.0226711 0.000405266 -0.0029106 
0.0273311 0.000496497 -0.00313453 
0.0322056 0.000567512 -0.00336069 
0.0373292 0.000625427 -0.00357297 
0.0426999 0.000673916 -0.00376449 
0.0483009 0.000713146 -0.00393255 
0.0541078 0.000744772 -0.00407477 
0.0600933 0.000767209 -0.00419004 
0.0662291 0.000780757 -0.00427736 
0.0724833 0.000786295 -0.00433599 
0.0788231 0.000783052 -0.00436423 
0.0852119 0.00077202 -0.00436348 
0.0916122 0.000754515 -0.00433295 
0.0979835 0.00073104 -0.00427268 
0.104282 0.00070288 -0.00418482 
0.110465 0.000671906 -0.00406933 
0.116485 0.000638731 -0.00392756 
0.122292 0.000606504 -0.00376085 
0.127836 0.000575054 -0.00357134 
0.133066 0.000546995 -0.00336083 
0.13793 0.000523764 -0.00313018 
0.142372 0.000507737 -0.00288249 
0.146339 0.000498652 -0.00261845 
0.149776 0.000498563 -0.00234106 
0.152632 0.000509392 -0.00205239 
0.154852 0.000530898 -0.00175352 
0.156387 0.000564187 -0.00144693 
0.157186 0.000610159 -0.00113455 
0.157207 0.000668074 -0.000819273 
0.156408 0.000738392 -0.000502254 
0.154754 0.000820288 -0.000185674 
0.152214 0.000913148 0.000127306 
0.148769 0.00101555 0.000434559 
0.144406 0.0011259 0.000734011 
0.139121 0.00124253 0.00102344 
0.13292 0.00136318 0.00129973 
0.125825 0.001485 0.00156036 
0.117868 0.001605 0.00180269 
0.109096 0.0017201 0.00202418 
0.0995709 0.00182657 0.00222247 
0.0893693 0.00192105 0.0023956 
0.0785821 0.00199959 0.00254112 
0.0673141 0.00205928 0.00265856 
0.0556801 0.00209662 0.00274792 
0.0438016 0.00210952 0.00281123 
0.0317956 0.00210046 0.0028592 
0.0196908 0.00209125 0.00294193 
0.00777889 0.00159513 0.00245757 
0.0194049 0.000128838 -0.00285245 
0.0246103 0.000202073 -0.00289705 
0.0297332 0.000284182 -0.00300954 
0.0349226 0.000334 -0.0031436 
0.0402614 0.000364374 -0.00327327 
0.0457755 0.000380077 -0.00338463 
0.0514598 0.000384512 -0.00347194 
0.0572952 0.000379097 -0.00353357 
0.0632575 0.000364864 -0.003568 
0.0693185 0.000342086 -0.0035762 
0.0754507 0.000311304 -0.00355826 
0.0816252 0.000273187 -0.00351469 
0.0878112 0.000228881 -0.00344667 
0.093977 0.000179656 -0.00335502 
0.10009 0.000126341 -0.00324047 
0.106114 7.015e-05 -0.00310487 
0.112015 1.33482e-05 -0.00294916 
0.117753 -4.34669e-05 -0.00277436 
0.123289 -9.83266e-05 -0.00258225 
0.128583 -0.000150378 -0.00237416 
0.13359 -0.000196663 -0.00215176 
0.138268 -0.000237066 -0.00191633 
0.14257 -0.000269696 -0.00166897 
0.14645 -0.000293439 -0.00141197 
0.149862 -0.000306225 -0.00114659 
0.152758 -0.000307946 -0.000874587 
0.155091 -0.000297045 -0.000597135 
0.156814 -0.000272808 -0.0003162 
0.157881 -0.000234629 -3.33628e-05 
0.15825 -0.000182041 0.000249516 
0.157879 -0.000114817 0.000530513 
0.156731 -3.3167e-05 0.000808133 
0.154773 6.24399e-05 0.00108007 
0.151977 0.000171463 0.00134428 
0.148324 0.000292569 0.00159858 
0.1438 0.000424751 0.00184099 
0.138401 0.000565929 0.00206949 
0.132134 0.000713986 0.0022814 
0.125013 0.000867076 0.00247489 
0.11707 0.00102115 0.00264726 
0.108346 0.00117379 0.00279655 
0.0988973 0.00132164 0.00292076 
0.0887941 0.00146077 0.00301791 
0.0781196 0.00158826 0.00308675 
0.0669705 0.00169982 0.0031269 
0.0554515 0.00179347 0.00313885 
0.0436738 0.00186629 0.00312475 
0.0317415 0.00192219 0.00309466 
0.0196741 0.00197719 0.00309157 
0.00783533 0.00149491 0.00250107 
0.0255351 7.99317e-05 -0.0029208 
0.0310403 0.000114386 -0.00292631 
0.0364642 0.000165256 -0.00297324 
0.0419078 0.000184598 -0.00303139 
0.047435 0.000186058 -0.00308261 
0.053064 0.000174962 -0.00311655 
0.0587882 0.00015398 -0.00312899 
0.0645901 0.000124816 -0.00311914 
0.0704481 8.87049e-05 -0.00308703 
0.0763383 4.62857e-05 -0.00303423 
0.0822374 -1.24319e-06 -0.00296162 
0.0881209 -5.31527e-05 -0.00287041 
0.0939635 -0.000108274 -0.00276158 
0.0997389 -0.000165592 -0.00263615 
0.10542 -0.000223943 -0.00249532 
0.110977 -0.000282129 -0.00234007 
0.11638 -0.000339035 -0.0021709 
0.121597 -0.000393584 -0.00198933 
0.126595 -0.000444145 -0.00179593 
0.131337 -0.000489957 -0.00159186 
0.135788 -0.000529843 -0.00137753 
0.139909 -0.000562535 -0.0011547 
0.143661 -0.000586811 -0.000923881 
0.147003 -0.000601886 -0.000686523 
0.149895 -0.000606587 -0.000443355 
0.152293 -0.00059987 -0.000195934 
0.154157 -0.000581208 5.48011e-05 
0.155444 -0.000549769 0.000307431 
0.156115 -0.000504925 0.000560459 
0.156128 -0.000446293 0.000812558 
0.155448 -0.00037408 0.00106191 
0.15404 -0.000287505 0.00130719 
0.151873 -0.000187804 0.00154616 
0.148923 -7.50321e-05 0.00177705 
0.145169 5.00882e-05 0.00199821 
0.1406 0.000185605 0.00220739 
0.135211 0.000330615 0.00240245 
0.129006 0.000483652 0.00258189 
0.121998 0.000641154 0.00274326 
0.114213 0.000801742 0.00288417 
0.105688 0.000961908 0.00300335 
0.0964752 0.00111824 0.00309856 
0.0866366 0.00126781 0.00316793 
0.0762495 0.00140713 0.00321037 
0.0654014 0.00153322 0.00322473 
0.0541893 0.00164386 0.00321209 
0.0427139 0.00173697 0.00317354 
0.0310699 0.00181661 0.00311939 
0.0192676 0.00189481 0.00308613 
0.0077238 0.00139752 0.00246133 
0.0315095 1.75197e-05 -0.00288433 
0.0371331 2.68103e-05 -0.00285352 
0.0426563 5.61951e-05 -0.00284879 
0.0481538 5.63116e-05 -0.00285239 
0.0536797 4.1646e-05 -0.00285075 
0.0592487 1.73114e-05 -0.00283593 
0.0648544 -1.36186e-05 -0.00280501 
0.0704826 -5.02119e-05 -0.002758 
0.0761162 -9.09944e-05 -0.00269544 
0.0817361 -0.000135045 -0.00261851 
0.0873235 -0.000181782 -0.00252806 
0.0928585 -0.000230152 -0.00242493 
0.0983203 -0.000279526 -0.00230989 
0.103687 -0.000328887 -0.00218355 
0.108935 -0.000377376 -0.00204639 
0.11404 -0.000424182 -0.00189877 
0.118974 -0.00046863 -0.00174117 
0.123711 -0.000509672 -0.00157415 
0.128221 -0.000546629 -0.00139794 
0.132472 -0.000578585 -0.00121342 
0.136432 -0.000604455 -0.00102081 
0.140067 -0.000623583 -0.000820772 
0.143342 -0.000635335 -0.000614007 
0.146221 -0.00063857 -0.000401422 
0.148666 -0.000632616 -0.00018355 
0.150642 -0.000616913 3.84231e-05 
0.152109 -0.000590314 0.000263674 
0.15303 -0.000552731 0.00049097 
0.153369 -0.000503392 0.000719121 
0.15309 -0.000441899 0.000946904 
0.152159 -0.000368256 0.00117268 
0.150546 -0.000282368 0.00139532 
0.148222 -0.000184515 0.00161238 
0.145164 -7.48812e-05 0.00182277 
0.141355 4.55241e-05 0.00202463 
0.136782 0.000175703 0.00221552 
0.131441 0.000314738 0.00239429 
0.125334 0.00046063 0.00255918 
0.118472 0.000611389 0.00270739 
0.110878 0.000764829 0.00283775 
0.102585 0.000918209 0.00294828 
0.0936374 0.00106851 0.00303695 
0.0840945 0.00121226 0.00310172 
0.0740262 0.00134725 0.0031415 
0.0635134 0.00147007 0.00315514 
0.0526462 0.0015788 0.00314288 
0.0415188 0.0016721 0.00310518 
0.0302173 0.00175489 0.00305223 
0.0187452 0.00183605 0.00301512 
0.00755746 0.00131224 0.00239451 
0.0371447 -4.54556e-05 -0.00278381 
0.0427552 -4.934e-05 -0.00272834 
0.0482464 -3.25235e-05 -0.00269194 
0.0536804 -4.15459e-05 -0.0026652 
0.0591057 -6.13005e-05 -0.0026367 
0.0645342 -8.72048e-05 -0.00259977 
0.0699615 -0.000117266 -0.00255239 
0.075376 -0.000149924 -0.00249466 
0.0807644 -0.000184545 -0.00242681 
0.0861116 -0.000220308 -0.00234939 
0.0914017 -0.00025669 -0.00226293 
0.0966178 -0.000293043 -0.00216762 
0.101742 -0.000328866 -0.0020637 
0.106754 -0.000363652 -0.00195127 
0.111633 -0.000396525 -0.00183001 
0.116356 -0.000427561 -0.0017004 
0.1209 -0.00045573 -0.00156254 
0.125239 -0.000480263 -0.00141608 
0.129345 -0.000501205 -0.00126147 
0.13319 -0.000517645 -0.00109897 
0.136745 -0.000528806 -0.000928451 
0.139977 -0.000534443 -0.00075072 
0.142857 -0.000533601 -0.00056623 
0.145349 -0.000525721 -0.000375274 
0.147422 -0.00051036 -0.000178698 
0.149042 -0.000486713 2.27397e-05 
0.150173 -0.000454344 0.000228321 
0.150784 -0.000412618 0.000436779 
0.150839 -0.00036112 0.000647235 
0.150308 -0.000299694 0.000858313 
0.14916 -0.000227668 0.00106877 
0.147367 -0.000145635 0.00127693 
0.144905 -5.30772e-05 0.00148123 
0.141752 4.93165e-05 0.00168029 
0.137893 0.000161 0.00187202 
0.133315 0.00028148 0.00205483 
0.128014 0.000409434 0.00222737 
0.121992 0.000543406 0.00238752 
0.115259 0.000681914 0.00253343 
0.107833 0.000822867 0.00266399 
0.0997442 0.000963022 0.00277663 
0.0910331 0.00110095 0.00287009 
0.0817522 0.00123233 0.00294185 
0.0719674 0.00135516 0.00299103 
0.0617536 0.0014666 0.0030159 
0.0511962 0.00156447 0.00301577 
0.040385 0.00164835 0.00299104 
0.029401 0.00172321 0.00295113 
0.0182431 0.00179703 0.00292318 
0.00739145 0.00124312 0.00232721 
0.0423863 -9.79502e-05 -0.00266383 
0.0479117 -0.000104124 -0.00259973 
0.0533106 -9.31174e-05 -0.00255203 
0.0586381 -0.000102792 -0.00251616 
0.0639377 -0.000119742 -0.00248142 
0.0692187 -0.000139909 -0.00244231 
0.0744769 -0.000161686 -0.00239713 
0.0797032 -0.000184203 -0.0023454 
0.084886 -0.000206922 -0.00228714 
0.0900121 -0.000229266 -0.00222218 
0.0950668 -0.000251066 -0.00215054 
0.100035 -0.000271877 -0.00207193 
0.104898 -0.000291378 -0.00198614 
0.109638 -0.000309287 -0.0018928 
0.114234 -0.000325267 -0.00179146 
0.118665 -0.000338985 -0.00168224 
0.122908 -0.000350375 -0.00156476 
0.126937 -0.000358615 -0.00143853 
0.130727 -0.000363731 -0.00130407 
0.134251 -0.00036517 -0.00116102 
0.137481 -0.000362643 -0.00100946 
0.140388 -0.000355624 -0.000849979 
0.142942 -0.000343715 -0.000682693 
0.145115 -0.000326436 -0.000508161 
0.146873 -0.000303083 -0.000326914 
0.148188 -0.000273519 -0.000139702 
0.149028 -0.000237024 5.26464e-05 
0.149363 -0.000193178 0.000249191 
0.149163 -0.000141641 0.000448864 
0.1484 -8.19971e-05 0.000650386 
0.147046 -1.4095e-05 0.000852555 
0.145078 6.2274e-05 0.00105363 
0.142473 0.000147035 0.00125239 
0.139213 0.000239938 0.00144702 
0.135283 0.000340813 0.00163591 
0.130674 0.000448737 0.00181738 
0.125382 0.000563294 0.00198989 
0.119407 0.000683289 0.00215174 
0.112758 0.000807177 0.00230164 
0.105452 0.00093281 0.00243787 
0.0975138 0.00105838 0.00255852 
0.0889804 0.00118089 0.00266257 
0.0798991 0.00129758 0.00274738 
0.0703309 0.00140535 0.00281173 
0.0603469 0.00150195 0.00285379 
0.0500284 0.0015852 0.00287221 
0.0394635 0.00165428 0.00286666 
0.0287309 0.00171539 0.00284548 
0.017829 0.00177592 0.00283316 
0.00725285 0.00119214 0.00227205 
0.0472918 -0.000131563 -0.00256303 
0.052717 -0.000133048 -0.00250494 
0.0580219 -0.000122282 -0.00246248 
0.0632565 -0.000126981 -0.0024329 
0.0684574 -0.000135884 -0.0024064 
0.073631 -0.000145692 -0.00237814 
0.0787727 -0.000155338 -0.00234645 
0.0838735 -0.000164175 -0.00231046 
0.0889221 -0.0001721 -0.0022698 
0.0939056 -0.00017876 -0.00222386 
0.098809 -0.00018392 -0.00217216 
0.103616 -0.000187633 -0.00211409 
0.108309 -0.000189628 -0.00204898 
0.112869 -0.000189936 -0.00197627 
0.117275 -0.000188287 -0.00189529 
0.121504 -0.000184848 -0.00180583 
0.125533 -0.000179216 -0.00170735 
0.129338 -0.000171429 -0.00159924 
0.132893 -0.000161182 -0.00148155 
0.136172 -0.000148725 -0.00135431 
0.139148 -0.000133245 -0.00121745 
0.141794 -0.000114765 -0.00107124 
0.144081 -9.28483e-05 -0.000915729 
0.145982 -6.7479e-05 -0.000751647 
0.147469 -3.79991e-05 -0.00057939 
0.148513 -4.04907e-06 -0.000399946 
0.149087 3.4788e-05 -0.000213921 
0.149163 7.88719e-05 -2.24554e-05 
0.148717 0.000128659 0.00017336 
0.147722 0.000184459 0.000372254 
0.146155 0.000246609 0.000572893 
0.143995 0.000315102 0.000773579 
0.141224 0.000390365 0.000972916 
0.137825 0.000472212 0.00116928 
0.133789 0.000560221 0.00136089 
0.129106 0.000654323 0.00154605 
0.123773 0.000754043 0.00172358 
0.117792 0.000858269 0.00189177 
0.111169 0.000966085 0.00204934 
0.10392 0.00107588 0.00219482 
0.0960663 0.00118554 0.00232719 
0.0876393 0.00129219 0.00244468 
0.0786826 0.00139328 0.0025455 
0.0692511 0.00148588 0.0026283 
0.0594118 0.00156679 0.00269127 
0.0492434 0.00163364 0.00273233 
0.0388333 0.00168558 0.00275 
0.0282631 0.00172863 0.00275075 
0.0175354 0.00177215 0.00275713 
0.0071545 0.00115996 0.00223489 
0.0519968 -0.00014413 -0.00250834 
0.0573515 -0.000134922 -0.00246743 
0.062603 -0.000120975 -0.00244189 
0.0677962 -0.000116696 -0.00242935 
0.0729597 -0.000114099 -0.00242076 
0.0780964 -0.000110622 -0.00241193 
0.0832 -0.000105503 -0.00240113 
0.0882605 -9.8484e-05 -0.00238724 
0.0932654 -8.94548e-05 -0.00236952 
0.0982005 -7.84201e-05 -0.00234695 
0.10305 -6.53473e-05 -0.00231859 
0.107794 -5.03737e-05 -0.00228366 
0.112416 -3.33785e-05 -0.00224088 
0.116892 -1.49606e-05 -0.0021898 
0.121201 5.33591e-06 -0.00212927 
0.125319 2.70227e-05 -0.00205885 
0.129222 5.02124e-05 -0.00197746 
0.132883 7.42716e-05 -0.00188511 
0.136278 9.99385e-05 -0.00178118 
0.139379 0.000126672 -0.00166571 
0.142161 0.000154368 -0.00153857 
0.144596 0.000183637 -0.00139988 
0.146659 0.000214035 -0.00125018 
0.148322 0.000246456 -0.00108994 
0.14956 0.000280532 -0.000919821 
0.150348 0.000317057 -0.000740672 
0.150662 0.000356078 -0.000553564 
0.150477 0.000398341 -0.000359646 
0.149771 0.000444088 -0.000160132 
0.148524 0.00049375 4.35088e-05 
0.146716 0.0005477 0.000249763 
0.144329 0.000606295 0.00045698 
0.14135 0.000669609 0.000663589 
0.137765 0.000737943 0.00086776 
0.133568 0.000811208 0.0010676 
0.128751 0.000889516 0.0012618 
0.123315 0.000972266 0.00144877 
0.117261 0.00105936 0.00162705 
0.110597 0.00114971 0.00179548 
0.103333 0.00124228 0.00195292 
0.0954907 0.00133522 0.0020983 
0.0870947 0.0014265 0.00223072 
0.0781826 0.00151264 0.00234916 
0.0688032 0.0015904 0.00245238 
0.0590178 0.00165644 0.00253857 
0.0489011 0.00170761 0.00260575 
0.0385407 0.00174129 0.00265085 
0.028026 0.00176292 0.0026765 
0.0173747 0.0017848 0.00270259 
0.0071 0.00114589 0.00221784 
0.0566811 -0.000134641 -0.00251741 
0.0620297 -0.0001115 -0.00250167 
0.0672987 -9.05047e-05 -0.00250202 
0.0725296 -7.43153e-05 -0.00251471 
0.0777422 -5.74094e-05 -0.00253198 
0.0829356 -3.77733e-05 -0.00254997 
0.0881011 -1.5224e-05 -0.00256701 
0.0932263 1.0588e-05 -0.00258156 
0.0982965 3.93048e-05 -0.00259257 
0.103295 7.09621e-05 -0.00259864 
0.108202 0.00010536 -0.00259829 
0.112996 0.000142065 -0.00259027 
0.117656 0.000180896 -0.00257287 
0.122155 0.000220992 -0.00254558 
0.12647 0.000262588 -0.00250637 
0.130572 0.000304855 -0.0024545 
0.134436 0.000347114 -0.00238917 
0.138034 0.000389455 -0.00230994 
0.141338 0.000431394 -0.00221566 
0.14432 0.000472286 -0.00210696 
0.146955 0.000512521 -0.00198345 
0.149215 0.000551468 -0.00184541 
0.151077 0.000589551 -0.00169363 
0.152515 0.000626669 -0.00152851 
0.153506 0.0006632 -0.00135135 
0.154029 0.000699249 -0.00116318 
0.154062 0.000735619 -0.000965362 
0.153586 0.000772422 -0.000759339 
0.152584 0.000810574 -0.000546691 
0.151038 0.000850485 -0.000328992 
0.148935 0.000892438 -0.000108205 
0.146261 0.000937258 0.000113942 
0.143008 0.000985179 0.000335497 
0.139166 0.00103657 0.000554577 
0.134733 0.00109182 0.000769333 
0.129707 0.00115092 0.000978167 
0.124088 0.00121416 0.00117929 
0.117881 0.00128129 0.00137149 
0.111094 0.00135203 0.00155336 
0.103738 0.00142581 0.00172423 
0.0958278 0.00150139 0.0018837 
0.0873855 0.00157654 0.00203158 
0.0784391 0.00164858 0.0021677 
0.0690284 0.0017133 0.00229151 
0.0592065 0.00176688 0.00240234 
0.0490402 0.00180478 0.00249878 
0.0386143 0.00182208 0.00257664 
0.0280305 0.0018194 0.00263193 
0.0173414 0.00181219 0.00267652 
0.00708378 0.00114717 0.00222129 
0.0615553 -0.000103393 -0.00260375 
0.0669886 -6.26199e-05 -0.00262075 
0.0723734 -3.12961e-05 -0.00265562 
0.0777482 3.93125e-07 -0.00270301 
0.0831239 3.57282e-05 -0.00275558 
0.0884955 7.53873e-05 -0.00281017 
0.093851 0.000120053 -0.00286479 
0.0991749 0.000169388 -0.00291753 
0.104448 0.000223265 -0.00296669 
0.10965 0.000281129 -0.00301016 
0.114755 0.000342542 -0.00304582 
0.119738 0.000406725 -0.00307175 
0.124569 0.000473125 -0.00308559 
0.129218 0.00054082 -0.00308549 
0.133656 0.000608064 -0.00306967 
0.13785 0.000675177 -0.00303648 
0.141768 0.000740369 -0.00298494 
0.145379 0.000803011 -0.0029139 
0.148654 0.000862366 -0.00282277 
0.151562 0.000917814 -0.00271188 
0.154078 0.000968771 -0.00258112 
0.156174 0.00101524 -0.00243143 
0.157829 0.00105712 -0.00226352 
0.15902 0.00109412 -0.0020792 
0.159728 0.00112739 -0.00187983 
0.159935 0.00115705 -0.00166718 
0.159627 0.00118358 -0.00144318 
0.158789 0.00120802 -0.00121008 
0.15741 0.00123117 -0.000969719 
0.155479 0.00125377 -0.00072457 
0.152988 0.00127697 -0.000476846 
0.149932 0.00130133 -0.000228463 
0.146305 0.00132748 1.80114e-05 
0.142106 0.00135651 0.00026087 
0.137336 0.00138841 0.00049796 
0.131998 0.001424 0.000727425 
0.126097 0.00146346 0.000947559 
0.11964 0.00150726 0.00115691 
0.112638 0.00155548 0.00135427 
0.105102 0.00160799 0.00153911 
0.0970446 0.00166449 0.00171138 
0.0884805 0.00172378 0.00187195 
0.0794283 0.00178318 0.00202216 
0.0699142 0.00183861 0.00216327 
0.0599766 0.00188465 0.00229632 
0.0496684 0.001916 0.00242233 
0.0390612 0.00192418 0.00253874 
0.0282647 0.00189853 0.00263163 
0.0174005 0.00184998 0.002691 
0.00708052 0.0011558 0.00224356 
0.0668641 -4.8196e-05 -0.00278441 
0.0725034 1.45638e-05 -0.00284479 
0.0781369 6.10383e-05 -0.00292736 
0.0837999 0.00011424 -0.00302361 
0.089495 0.000174278 -0.003127 
0.0952121 0.000241771 -0.00323472 
0.100935 0.000316748 -0.00334403 
0.106644 0.000398954 -0.00345244 
0.112312 0.000488049 -0.00355664 
0.11791 0.000582651 -0.00365361 
0.123405 0.000682165 -0.00373923 
0.128761 0.000784512 -0.00381017 
0.133938 0.000888171 -0.00386264 
0.138897 0.000991274 -0.00389367 
0.143596 0.00109245 -0.00389988 
0.147996 0.0011883 -0.00387915 
0.152056 0.00127872 -0.00382966 
0.155739 0.00136087 -0.00375044 
0.159013 0.00143392 -0.00364135 
0.161845 0.00149695 -0.00350302 
0.16421 0.00154931 -0.00333666 
0.166083 0.0015911 -0.00314383 
0.167446 0.001622 -0.00292722 
0.168284 0.0016431 -0.00268993 
0.168585 0.00165515 -0.00243456 
0.168339 0.00165981 -0.00216439 
0.16754 0.00165773 -0.00188331 
0.166184 0.00165141 -0.00159409 
0.164268 0.00164196 -0.00129985 
0.161792 0.00163074 -0.00100414 
0.158756 0.00161979 -0.000709543 
0.155163 0.00161036 -0.000418805 
0.151015 0.00160368 -0.000134446 
0.146319 0.00160061 0.000141564 
0.141079 0.00160218 0.000406857 
0.135306 0.00160895 0.000659787 
0.129008 0.0016215 0.000898651 
0.122198 0.0016405 0.00112242 
0.114887 0.00166585 0.00132967 
0.10709 0.00169855 0.0015202 
0.0988181 0.00173844 0.00169421 
0.0900809 0.00178601 0.00185357 
0.0808851 0.00183984 0.00200148 
0.071238 0.00189613 0.00214196 
0.0611545 0.00194874 0.00227933 
0.0506609 0.00199119 0.00242008 
0.039794 0.00201227 0.00257072 
0.0286466 0.00198224 0.00270775 
0.0174469 0.00187929 0.00277103 
0.00701645 0.00114798 0.00227541 
0.0729195 3.83459e-05 -0.00309041 
0.0789316 0.000130543 -0.00321452 
0.0850055 0.000200142 -0.00336865 
0.091171 0.000285627 -0.00354033 
0.0974206 0.000383105 -0.00372417 
0.103739 0.000492988 -0.00391652 
0.110102 0.000614955 -0.00411304 
0.11648 0.000748287 -0.0043082 
0.122832 0.00089094 -0.00449587 
0.129112 0.00104107 -0.00466916 
0.135269 0.00119518 -0.0048204 
0.141245 0.00135022 -0.00494243 
0.146981 0.00150153 -0.00502849 
0.152414 0.00164607 -0.00507145 
0.157486 0.00177791 -0.00506696 
0.16214 0.00189424 -0.00501231 
0.166326 0.00199185 -0.0049045 
0.169999 0.00206731 -0.00474503 
0.173124 0.00211986 -0.00453509 
0.175673 0.00214793 -0.00427873 
0.177626 0.00215292 -0.00398022 
0.17897 0.00213513 -0.00364553 
0.179701 0.00209725 -0.00328148 
0.17982 0.00204164 -0.00289468 
0.179334 0.0019716 -0.00249212 
0.178252 0.00189087 -0.00208055 
0.176585 0.00180326 -0.00166689 
0.17435 0.00171223 -0.0012565 
0.171558 0.00162198 -0.000854923 
0.168226 0.00153545 -0.000466899 
0.164367 0.00145573 -9.58362e-05 
0.159994 0.00138532 0.00025521 
0.155121 0.00132596 0.000583534 
0.149758 0.00127949 0.000887672 
0.143919 0.00124652 0.00116622 
0.137614 0.00122792 0.00141882 
0.130857 0.00122312 0.00164466 
0.12366 0.00123251 0.00184381 
0.116037 0.00125578 0.00201606 
0.108003 0.00129267 0.00216192 
0.0995678 0.00134377 0.00228219 
0.0907395 0.00140963 0.00237914 
0.0815147 0.0014917 0.00245752 
0.0718785 0.00158853 0.00252465 
0.0618115 0.00169425 0.00258948 
0.0512955 0.00180116 0.00266518 
0.0402982 0.00190072 0.00278078 
0.0288198 0.00193891 0.00292123 
0.0171939 0.00180512 0.00293791 
0.00672553 0.00103502 0.00226135 
0.0801826 0.000174522 -0.0035884 
0.086825 0.000312611 -0.00382025 
0.0936503 0.000421012 -0.00409577 
0.100675 0.000560888 -0.00439778 
0.107875 0.000722016 -0.00472009 
0.115223 0.000902852 -0.00505465 
0.122673 0.00110203 -0.00539003 
0.130167 0.00131597 -0.00571167 
0.137626 0.00153869 -0.00600378 
0.144961 0.00176333 -0.00624822 
0.152071 0.00198072 -0.00642747 
0.158848 0.00218113 -0.00652463 
0.165184 0.0023541 -0.006526 
0.170978 0.00248863 -0.00642195 
0.176138 0.00257877 -0.00620713 
0.180588 0.00261569 -0.00588106 
0.184273 0.00259576 -0.0054483 
0.187154 0.00251851 -0.00491851 
0.189215 0.00238435 -0.00430412 
0.190458 0.00219831 -0.00362099 
0.1909 0.00196626 -0.00288599 
0.190574 0.00169637 -0.00211807 
0.189522 0.00139777 -0.00133492 
0.187793 0.001081 -0.000554384 
0.185441 0.00075596 0.000207858 
0.182518 0.000432738 0.000937848 
0.179078 0.000120643 0.00162375 
0.175167 -0.000172127 0.0022565 
0.170831 -0.000438744 0.00282781 
0.166105 -0.00067197 0.00333418 
0.161019 -0.000868855 0.00377229 
0.1556 -0.00102574 0.00414082 
0.149862 -0.00113964 0.00444182 
0.143819 -0.00121263 0.00467596 
0.137479 -0.00124276 0.00484674 
0.130848 -0.00123292 0.00495751 
0.12393 -0.00118444 0.0050121 
0.116727 -0.00110041 0.00501502 
0.109243 -0.000984102 0.00496955 
0.101481 -0.000837415 0.00488003 
0.0934474 -0.000663891 0.00474948 
0.0851431 -0.000463444 0.00458099 
0.0765619 -0.000234976 0.00437884 
0.0676753 2.57818e-05 0.0041506 
0.0584302 0.000318361 0.00390688 
0.04876 0.000636875 0.00366084 
0.0385613 0.000987214 0.00344476 
0.0276181 0.00131246 0.00329859 
0.0161418 0.00142962 0.0030168 
0.00614442 0.000600106 0.00192873 
0.0894755 0.000407551 -0.00444078 
0.0972084 0.000626367 -0.00487674 
0.105351 0.000806607 -0.00537323 
0.113874 0.00104356 -0.00590157 
0.122707 0.00131363 -0.00644456 
0.131765 0.00160921 -0.00697325 
0.140927 0.00191898 -0.00744991 
0.150029 0.00222768 -0.00782997 
0.158871 0.00251434 -0.00806633 
0.167232 0.00275428 -0.00811196 
0.174883 0.00291919 -0.00792993 
0.181612 0.00298414 -0.00749469 
0.187237 0.00292876 -0.00679694 
0.191622 0.00273843 -0.00584498 
0.194684 0.00240939 -0.00466065 
0.196394 0.00194524 -0.00328124 
0.196776 0.00135938 -0.00175114 
0.195897 0.000670885 -0.000121078 
0.193862 -9.6034e-05 0.00155735 
0.190802 -0.000914638 0.00323359 
0.186861 -0.00175655 0.00486224 
0.182193 -0.00259619 0.00640291 
0.176951 -0.0034084 0.00782403 
0.171273 -0.00417219 0.00910096 
0.165292 -0.00487099 0.0102185 
0.159117 -0.00549156 0.0111665 
0.152842 -0.00602457 0.0119441 
0.146539 -0.00646581 0.0125523 
0.140263 -0.00681173 0.012998 
0.13405 -0.00706383 0.0132932 
0.127921 -0.007226 0.0134443 
0.121883 -0.00729718 0.0134674 
0.115931 -0.00728726 0.0133749 
0.110052 -0.00720072 0.0131745 
0.104228 -0.00704035 0.0128818 
0.098434 -0.00681566 0.0125042 
0.092643 -0.0065285 0.0120547 
0.0868298 -0.00619119 0.0115376 
0.0809714 -0.00580238 0.010963 
0.075044 -0.005372 0.0103376 
0.0690314 -0.00490458 0.00966475 
0.0629221 -0.00440234 0.00894963 
0.0567061 -0.00386828 0.00819291 
0.0503674 -0.0032965 0.00739522 
0.0438582 -0.00267455 0.00655788 
0.0370996 -0.00199655 0.00568144 
0.0300258 -0.00126489 0.00474894 
0.0225368 -0.000426569 0.00375131 
0.0145632 0.000459573 0.00211053 
0.00797416 0.000519751 0.000323216 
0.1025 0.000840893 -0.00602689 
0.112214 0.00121702 -0.00683629 
0.122685 0.00152817 -0.00768331 
0.133706 0.00192153 -0.0084887 
0.144993 0.00233438 -0.00917003 
0.156197 0.00272602 -0.00961085 
0.166881 0.00304208 -0.00968591 
0.176559 0.00321649 -0.00928643 
0.184758 0.00318661 -0.00834256 
0.191078 0.00290246 -0.00683667 
0.19523 0.00234073 -0.00480747 
0.197063 0.0015048 -0.00233883 
0.196566 0.000425093 0.000451136 
0.193853 -0.000848831 0.00342745 
0.189142 -0.00225441 0.00645094 
0.182725 -0.00372226 0.00939144 
0.174941 -0.0051854 0.0121345 
0.166145 -0.00658235 0.0145912 
0.156685 -0.00786382 0.0166989 
0.146877 -0.00898839 0.018424 
0.137 -0.00993527 0.0197582 
0.127282 -0.0106933 0.0207107 
0.117906 -0.0112612 0.0213132 
0.108997 -0.0116494 0.0216055 
0.100639 -0.0118759 0.0216321 
0.0928786 -0.0119596 0.0214402 
0.0857318 -0.0119221 0.0210751 
0.0791892 -0.0117852 0.0205743 
0.0732264 -0.0115662 0.0199739 
0.0678042 -0.0112831 0.0193008 
0.0628741 -0.0109468 0.0185768 
0.0583899 -0.010573 0.0178208 
0.0542968 -0.0101665 0.0170401 
0.0505405 -0.00973094 0.0162458 
0.0470717 -0.00927688 0.0154435 
0.0438405 -0.00880322 0.0146322 
0.0408031 -0.00831215 0.0138156 
0.0379117 -0.00780315 0.0129896 
0.0351347 -0.00728052 0.0121564 
0.0324364 -0.00674169 0.0113109 
0.0297902 -0.0061869 0.0104521 
0.0271784 -0.00561931 0.00957791 
0.0245906 -0.00503747 0.00868428 
0.02203 -0.00444243 0.00776594 
0.0195049 -0.00382537 0.0068118 
0.0169958 -0.00316123 0.00580928 
0.01446 -0.00244438 0.00474798 
0.0120498 -0.00175416 0.00354622 
0.0103682 -0.00119137 0.00205276 
0.00940959 -0.00200081 0.00136532 
0.122654 0.00174119 -0.0089727 
0.135604 0.00226343 -0.0101345 
0.149185 0.00270644 -0.0109453 
0.162451 0.00311557 -0.0111291 
0.174429 0.00330515 -0.0104712 
0.18421 0.00315003 -0.00882827 
0.191014 0.00256562 -0.00619578 
0.194314 0.00153135 -0.00271468 
0.193893 9.66072e-05 0.00136828 
0.189837 -0.0016391 0.00575181 
0.182496 -0.0035433 0.010125 
0.172411 -0.00548197 0.0142055 
0.160242 -0.00732203 0.0177637 
0.146694 -0.00895319 0.0206359 
0.132455 -0.0102916 0.0227291 
0.118139 -0.0112821 0.0240317 
0.104247 -0.0119146 0.0245887 
0.0911598 -0.0122026 0.0245012 
0.0791242 -0.0121894 0.0238923 
0.0682776 -0.0119327 0.0229012 
0.058658 -0.0114925 0.0216526 
0.0502372 -0.0109259 0.0202586 
0.0429433 -0.0102868 0.0188095 
0.0366754 -0.00961298 0.0173705 
0.0313201 -0.00893608 0.0159864 
0.0267656 -0.00827698 0.0146869 
0.0229039 -0.00764952 0.0134862 
0.019637 -0.00706162 0.0123891 
0.0168791 -0.00651592 0.0113953 
0.0145516 -0.00601253 0.0104992 
0.0125885 -0.00555083 0.0096932 
0.0109329 -0.00512743 0.00896647 
0.00953751 -0.00473849 0.00831092 
0.00836028 -0.00438052 0.00771768 
0.00736409 -0.00404845 0.00717482 
0.00652044 -0.0037387 0.00667523 
0.00580353 -0.00344776 0.00621106 
0.00519098 -0.00317118 0.0057742 
0.00466387 -0.00290585 0.0053578 
0.00420744 -0.00264921 0.00495658 
0.00380875 -0.0023986 0.00456629 
0.0034587 -0.00215292 0.00418161 
0.00315467 -0.00191195 0.00380058 
0.00290236 -0.00167757 0.00342014 
0.0027277 -0.00145493 0.00303684 
0.00268084 -0.00124249 0.00264127 
0.00275463 -0.000993187 0.00223867 
0.00283561 -0.000753607 0.00189844 
0.00308983 -0.000636676 0.00155762 
0.00285609 -0.000399983 0.00109697 
0.152747 0.00319638 -0.0123179 
0.167227 0.00322697 -0.011758 
0.179356 0.00304968 -0.00969216 
0.18748 0.00230058 -0.0060727 
0.190608 0.000941777 -0.00124675 
0.188399 -0.000904127 0.0042753 
0.181094 -0.00303169 0.0099142 
0.169398 -0.00522353 0.0151371 
0.154334 -0.00726793 0.0195152 
0.137092 -0.00898892 0.0227517 
0.118876 -0.0102523 0.0247058 
0.100776 -0.010992 0.0253819 
0.0836665 -0.0111997 0.0249312 
0.068146 -0.0109385 0.0235945 
0.0545443 -0.0103167 0.0216613 
0.0429602 -0.00945914 0.0194075 
0.0333145 -0.00847578 0.0170579 
0.0254303 -0.00746272 0.0147794 
0.0190783 -0.00648311 0.0126715 
0.0140221 -0.00557526 0.0107857 
0.0100349 -0.00475575 0.00913896 
0.00691405 -0.00403273 0.00772448 
0.00448703 -0.00340215 0.00652238 
0.0026111 -0.00285856 0.00550878 
0.00116959 -0.00239213 0.00465735 
6.87444e-05 -0.00199362 0.00394422 
-0.000765931 -0.00165411 0.00334683 
-0.00139257 -0.00136508 0.00284673 
-0.00185639 -0.00111962 0.00242785 
-0.00219283 -0.00091108 0.00207644 
-0.00242927 -0.000733821 0.00178101 
-0.00258668 -0.000583344 0.00153214 
-0.00268087 -0.000455953 0.00132208 
-0.00272446 -0.000348166 0.00114457 
-0.00272674 -0.000257054 0.00099365 
-0.00269479 -0.000180417 0.000865595 
-0.00263385 -0.000116233 0.0007563 
-0.00254773 -6.24857e-05 0.00066286 
-0.00243949 -1.77381e-05 0.000582844 
-0.00231137 1.92555e-05 0.000514651 
-0.00216494 4.99999e-05 0.00045631 
-0.00200189 7.5297e-05 0.000407589 
-0.00182301 9.55122e-05 0.000368491 
-0.00162826 0.000110199 0.000340413 
-0.00141387 0.000115759 0.000327659 
-0.00115663 9.90723e-05 0.000336851 
-0.000781756 5.22346e-05 0.000362169 
-0.000389637 0.000104886 0.000456337 
-0.000143172 -0.000100692 0.000574716 
0.000659782 -0.00158851 0.0016366 
0.180591 0.00264846 -0.00766931 
0.185759 0.00099259 -0.00195014 
0.183889 -0.000924509 0.00467374 
0.175281 -0.00318064 0.0112915 
0.160974 -0.00541365 0.0171012 
0.142524 -0.00736107 0.0215357 
0.121718 -0.00881911 0.0242688 
0.100333 -0.00965814 0.0252134 
0.0799035 -0.00983555 0.0245318 
0.0615486 -0.00941457 0.0225856 
0.045904 -0.00855134 0.0198519 
0.0331506 -0.0074336 0.0167885 
0.0231436 -0.00623465 0.0137612 
0.015535 -0.00507577 0.0109982 
0.00990298 -0.00402747 0.00860965 
0.00583124 -0.00312082 0.00662123 
0.00295188 -0.00236006 0.00500805 
0.000962306 -0.00173564 0.00372072 
-0.000371618 -0.00123169 0.0027044 
-0.00122657 -0.000829625 0.00190765 
-0.00173634 -0.000511839 0.00128591 
-0.00200175 -0.000261922 0.000801849 
-0.00209739 -6.70355e-05 0.000425904 
-0.00207851 8.38095e-05 0.000134974 
-0.00198559 0.000198937 -8.89509e-05 
-0.00184906 0.000285307 -0.000259075 
-0.00169096 0.000348307 -0.000385252 
-0.00152705 0.000391967 -0.0004752 
-0.00136756 0.000420062 -0.000535202 
-0.00121864 0.000435891 -0.000570889 
-0.00108309 0.000442636 -0.000587432 
-0.000961654 0.000442807 -0.00058922 
-0.00085385 0.000438647 -0.000580103 
-0.000758735 0.000431541 -0.00056345 
-0.00067484 0.000422493 -0.000541369 
-0.000600928 0.000412166 -0.000516327 
-0.00053553 0.000400913 -0.000489045 
-0.000477629 0.00038888 -0.000460744 
-0.000426143 0.000376218 -0.000432029 
-0.000380219 0.000362779 -0.000403279 
-0.000339078 0.000348901 -0.000374501 
-0.000302676 0.000334458 -0.000346428 
-0.000270982 0.000319984 -0.000319091 
-0.000245375 0.000306264 -0.000293144 
-0.000229237 0.000294525 -0.000269425 
-0.000231432 0.000286841 -0.00024605 
-0.000269509 0.000274553 -0.000206026 
-0.000351867 0.000243633 -0.000100899 
-0.00108479 0.000426868 0.000283396 
-0.00225617 -0.000984857 0.000217322 
0.173711 -0.00237166 0.00948026 
0.159693 -0.00454891 0.0162407 
0.13992 -0.00639526 0.0211621 
0.117028 -0.00775782 0.0239537 
0.0933707 -0.00843112 0.0245595 
0.0710304 -0.00839026 0.023218 
0.0515244 -0.00772326 0.020456 
0.0356298 -0.00663931 0.0169531 
0.023438 -0.00537525 0.0133323 
0.0145562 -0.00412991 0.010028 
0.00836747 -0.00302331 0.00725247 
0.00423282 -0.00210729 0.00505057 
0.00159982 -0.00138788 0.00337052 
3.39719e-05 -0.000843302 0.00212302 
-0.000796493 -0.000441399 0.00121615 
-0.00113996 -0.000151403 0.000569198 
-0.0011783 5.21858e-05 0.000117774 
-0.00104666 0.000188437 -0.000183618 
-0.00084335 0.000269185 -0.00036543 
-0.000631733 0.000303295 -0.000451575 
-0.000443408 0.000302848 -0.000466007 
-0.000288981 0.000281577 -0.000433606 
-0.000169076 0.000250599 -0.000376242 
-8.04354e-05 0.000216776 -0.000310314 
-1.80876e-05 0.000183669 -0.000246317 
2.35316e-05 0.000153141 -0.0001897 
4.97884e-05 0.000126094 -0.000142801 
6.53149e-05 0.000103002 -0.000105626 
7.3791e-05 8.39364e-05 -7.68247e-05 
7.77064e-05 6.86551e-05 -5.48383e-05 
7.87003e-05 5.66401e-05 -3.79236e-05 
7.78193e-05 4.72788e-05 -2.48262e-05 
7.57269e-05 3.99496e-05 -1.4415e-05 
7.28347e-05 3.41235e-05 -6.10712e-06 
6.94856e-05 2.94355e-05 6.42719e-07 
6.58916e-05 2.55791e-05 6.18674e-06 
6.22101e-05 2.2392e-05 1.07265e-05 
5.85106e-05 1.97138e-05 1.44065e-05 
5.48952e-05 1.74655e-05 1.74345e-05 
5.13645e-05 1.55762e-05 1.98438e-05 
4.79448e-05 1.40066e-05 2.17846e-05 
4.46263e-05 1.27168e-05 2.32857e-05 
4.142e-05 1.16963e-05 2.44736e-05 
3.83203e-05 1.0988e-05 2.53675e-05 
3.52813e-05 1.08219e-05 2.59638e-05 
3.20737e-05 1.20976e-05 2.5646e-05 
2.68895e-05 1.95853e-05 2.08479e-05 
9.7818e-06 4.75343e-05 2.61953e-06 
-2.29761e-05 0.000128658 -8.34757e-05 
-0.000375602 0.000703886 -0.000647534 
0.122549 -0.00658607 0.0227889 
0.0971914 -0.00715998 0.0238383 
0.0726296 -0.00721917 0.0227258 
0.0510825 -0.00666093 0.0198359 
0.0337499 -0.00560641 0.0159824 
0.02086 -0.00433899 0.0119917 
0.0119219 -0.00311298 0.00845203 
0.00611263 -0.00207673 0.00561869 
0.00259818 -0.00128002 0.00350515 
0.000672658 -0.000703403 0.00200383 
-0.000219845 -0.000301163 0.000978964 
-0.000496869 -2.9408e-05 0.000307974 
-0.000460889 0.000140722 -9.74792e-05 
-0.000316275 0.000222511 -0.000295787 
-0.000172781 0.000233797 -0.000341851 
-6.66846e-05 0.00020557 -0.000298733 
-1.08271e-07 0.000164618 -0.000222231 
3.63033e-05 0.000124102 -0.000148417 
5.41539e-05 8.86683e-05 -9.33379e-05 
6.13205e-05 6.02696e-05 -5.77371e-05 
6.117e-05 3.95842e-05 -3.54207e-05 
5.54911e-05 2.55021e-05 -2.05548e-05 
4.6314e-05 1.59452e-05 -1.00359e-05 
3.56753e-05 9.25148e-06 -2.61697e-06 
2.51916e-05 4.49771e-06 2.25953e-06 
1.58754e-05 1.15745e-06 5.08083e-06 
8.21789e-06 -1.13474e-06 6.37434e-06 
2.36071e-06 -2.67283e-06 6.70224e-06 
-1.80891e-06 -3.69446e-06 6.50058e-06 
-4.55036e-06 -4.36758e-06 6.0535e-06 
-6.17941e-06 -4.79769e-06 5.51717e-06 
-7.00761e-06 -5.05487e-06 4.95582e-06 
-7.28837e-06 -5.17986e-06 4.40031e-06 
-7.22653e-06 -5.20089e-06 3.86026e-06 
-6.95711e-06 -5.14929e-06 3.34527e-06 
-6.57058e-06 -5.03983e-06 2.85679e-06 
-6.12946e-06 -4.89171e-06 2.40237e-06 
-5.66819e-06 -4.71729e-06 1.97855e-06 
-5.20583e-06 -4.52701e-06 1.58935e-06 
-4.75409e-06 -4.32503e-06 1.22756e-06 
-4.31573e-06 -4.12063e-06 8.99735e-07 
-3.89491e-06 -3.912e-06 5.91286e-07 
-3.48342e-06 -3.70644e-06 3.03732e-07 
-3.07301e-06 -3.50705e-06 3.25605e-08 
-2.63791e-06 -3.33852e-06 -2.15893e-07 
-2.1208e-06 -3.27191e-06 -3.65005e-07 
-1.27851e-06 -3.71827e-06 5.57836e-08 
5.39564e-07 -5.34189e-06 2.60981e-06 
2.91025e-06 -9.09613e-06 9.63572e-06 
1.64265e-05 -2.74983e-05 6.15854e-05 
0.060634 -0.00582632 0.0201945 
0.0397166 -0.00485794 0.0166205 
0.0239243 -0.00381699 0.0124329 
0.0131392 -0.00271216 0.00855361 
0.00642236 -0.00175337 0.00543046 
0.00262757 -0.00101302 0.00315864 
0.000738303 -0.00049049 0.00162174 
-1.08144e-05 -0.00014345 0.000641682 
-0.000175115 7.30711e-05 7.27246e-05 
-0.000130143 0.000172141 -0.000181805 
-6.18565e-05 0.000176478 -0.000222347 
-1.47786e-05 0.000138685 -0.000166819 
1.46129e-05 9.684e-05 -0.000101099 
3.37927e-05 6.20362e-05 -5.85533e-05 
4.15342e-05 3.61055e-05 -3.47509e-05 
3.69917e-05 1.93496e-05 -1.90904e-05 
2.49623e-05 9.24976e-06 -7.94235e-06 
1.13228e-05 3.34514e-06 -9.76418e-07 
1.29929e-07 1.01901e-07 2.54522e-06 
-6.7919e-06 -1.61918e-06 4.04183e-06 
-9.62627e-06 -2.52124e-06 4.52562e-06 
-9.70525e-06 -2.89456e-06 4.35663e-06 
-8.417e-06 -2.87121e-06 3.72379e-06 
-6.67296e-06 -2.57689e-06 2.86563e-06 
-4.94181e-06 -2.14239e-06 1.9941e-06 
-3.42895e-06 -1.6694e-06 1.23735e-06 
-2.20468e-06 -1.21929e-06 6.41391e-07 
-1.27274e-06 -8.23866e-07 2.04702e-07 
-6.03064e-07 -4.93879e-07 -9.91864e-08 
-1.50478e-07 -2.29202e-07 -3.0122e-07 
1.35424e-07 -2.48656e-08 -4.28066e-07 
3.01404e-07 1.27475e-07 -5.00821e-07 
3.85919e-07 2.36767e-07 -5.35461e-07 
4.18351e-07 3.11839e-07 -5.43053e-07 
4.18782e-07 3.61143e-07 -5.33578e-07 
4.01056e-07 3.91024e-07 -5.12561e-07 
3.73439e-07 4.06499e-07 -4.84052e-07 
3.41124e-07 4.11674e-07 -4.52183e-07 
3.07158e-07 4.09014e-07 -4.17698e-07 
2.73391e-07 4.00552e-07 -3.82138e-07 
2.40354e-07 3.87656e-07 -3.46233e-07 
2.08545e-07 3.7139e-07 -3.10002e-07 
1.77781e-07 3.52274e-07 -2.73602e-07 
1.47697e-07 3.30749e-07 -2.36359e-07 
1.16639e-07 3.07948e-07 -1.99392e-07 
8.23971e-08 2.85256e-07 -1.67719e-07 
3.83047e-08 2.74876e-07 -1.74177e-07 
-3.61761e-08 3.01555e-07 -3.35928e-07 
-5.93873e-08 2.93755e-07 -7.8974e-07 
1.30458e-07 1.22678e-06 -4.00591e-06 
0.0172579 -0.00517232 0.0120914 
0.00934842 -0.00244895 0.00711539 
0.00465325 -0.00116265 0.00381809 
0.00204104 -0.000354394 0.00175389 
0.000743248 4.28375e-05 0.000593063 
0.000213715 0.000184548 2.98789e-05 
3.3224e-05 0.000200211 -0.000162609 
-3.90336e-05 0.000153861 -0.000158218 
-5.90394e-05 9.42802e-05 -9.91837e-05 
-4.34935e-05 5.19153e-05 -5.71043e-05 
-2.22711e-05 2.3758e-05 -3.15223e-05 
-1.07402e-05 6.67876e-06 -1.28718e-05 
-7.82005e-06 -1.39915e-06 -8.81308e-07 
-7.96115e-06 -4.05372e-06 4.72903e-06 
-7.14479e-06 -4.297e-06 6.36878e-06 
-4.97338e-06 -3.75776e-06 5.96704e-06 
-2.64568e-06 -2.95514e-06 4.47186e-06 
-8.52185e-07 -2.1041e-06 2.7463e-06 
2.71452e-07 -1.38273e-06 1.35627e-06 
8.10556e-07 -8.58466e-07 4.48899e-07 
9.40448e-07 -4.99646e-07 -6.14447e-08 
8.49371e-07 -2.54304e-07 -3.05167e-07 
6.77912e-07 -9.02163e-08 -3.84838e-07 
5.0208e-07 1.07427e-08 -3.71251e-07 
3.52646e-07 6.48546e-08 -3.12835e-07 
2.36978e-07 8.68452e-08 -2.39294e-07 
1.53006e-07 8.85133e-08 -1.67254e-07 
9.53383e-08 7.87267e-08 -1.04721e-07 
5.7807e-08 6.34617e-08 -5.44083e-08 
3.46897e-08 4.67266e-08 -1.63706e-08 
2.12144e-08 3.0895e-08 1.08315e-08 
1.38159e-08 1.71897e-08 2.91897e-08 
1.00031e-08 6.01784e-09 4.07807e-08 
8.22779e-09 -2.65302e-09 4.73937e-08 
7.4569e-09 -9.14879e-09 5.05328e-08 
7.25995e-09 -1.38421e-08 5.13599e-08 
7.26208e-09 -1.70514e-08 5.05901e-08 
7.32574e-09 -1.9114e-08 4.88286e-08 
7.40235e-09 -2.02512e-08 4.64356e-08 
7.43364e-09 -2.0641e-08 4.3609e-08 
7.40429e-09 -2.0421e-08 4.0504e-08 
7.35427e-09 -1.97067e-08 3.72169e-08 
7.24737e-09 -1.85628e-08 3.37744e-08 
7.1423e-09 -1.70451e-08 3.02087e-08 
7.10381e-09 -1.51819e-08 2.65668e-08 
7.28263e-09 -1.29929e-08 2.32104e-08 
7.90279e-09 -1.05082e-08 2.15926e-08 
1.24501e-08 -1.0878e-08 2.79835e-08 
1.22212e-08 4.12305e-09 5.28245e-08 
6.3683e-09 -8.41626e-08 2.01048e-07 
0.000455811 -2.69155e-05 -0.00120198 
0.000415099 -0.000748409 -0.000465372 
0.0009706 -0.000873671 -0.00093181 
0.00144819 -0.00115428 -0.0012975 
0.00203169 -0.00148928 -0.00171335 
0.00272566 -0.00186246 -0.00218623 
0.00352279 -0.00227356 -0.00271998 
0.00441917 -0.00272468 -0.0033131 
0.00541535 -0.00321587 -0.00396348 
0.00651173 -0.00374531 -0.00467071 
0.0077081 -0.00431323 -0.00543508 
0.009001 -0.00491798 -0.00625242 
0.0103907 -0.00555687 -0.00712277 
0.0118709 -0.00622803 -0.00804119 
0.0134359 -0.00692521 -0.00900485 
0.0150747 -0.00764676 -0.0100067 
0.0167787 -0.00838577 -0.0110411 
0.018533 -0.00913584 -0.0121001 
0.0203232 -0.00989335 -0.0131732 
0.0221372 -0.0106475 -0.0142546 
0.0239507 -0.0113913 -0.0153314 
0.0257443 -0.0121191 -0.0163916 
0.0275026 -0.0128235 -0.0174234 
0.0292001 -0.0134861 -0.0184172 
0.0308082 -0.0141105 -0.0193528 
0.0323159 -0.0146788 -0.020227 
0.0336863 -0.0151878 -0.0210149 
0.0349119 -0.0156238 -0.0217163 
0.0359553 -0.0159859 -0.0223044 
0.0368106 -0.0162543 -0.0227812 
0.0374398 -0.016432 -0.023123 
0.0378387 -0.0165116 -0.0233249 
0.0379868 -0.0164815 -0.0233762 
0.0378775 -0.0163408 -0.0232753 
0.0374854 -0.0160892 -0.0230042 
0.0368175 -0.0157201 -0.0225674 
0.0358568 -0.015231 -0.0219564 
0.0346149 -0.0146312 -0.0211751 
0.0330893 -0.013912 -0.0202246 
0.0312907 -0.0130891 -0.0191093 
0.0292397 -0.0121637 -0.0178418 
0.0269391 -0.011145 -0.0164228 
0.0244297 -0.0100439 -0.014876 
0.0217398 -0.00887398 -0.0132189 
0.0188872 -0.00764811 -0.0114622 
0.0159293 -0.00638819 -0.00963778 
0.0128993 -0.00510385 -0.00776706 
0.00984784 -0.00382212 -0.00587937 
0.00684563 -0.00257207 -0.00400464 
0.00396034 -0.00134148 -0.00213686 
0.00118658 -0.00047336 -0.000856416 
0.00317504 -0.00152832 -0.0010161 
0.00536493 -0.00150964 -0.00135388 
0.00736397 -0.00179779 -0.00172982 
0.00955971 -0.00212951 -0.00210678 
0.0120232 -0.00248489 -0.00250075 
0.0147637 -0.00285394 -0.00291534 
0.0177754 -0.00323565 -0.00334998 
0.0210512 -0.00362748 -0.00380258 
0.0245847 -0.00402881 -0.00427123 
0.0283676 -0.00443732 -0.0047508 
0.0323888 -0.00484717 -0.00523978 
0.036634 -0.00525815 -0.00573362 
0.0410865 -0.00566446 -0.00623008 
0.0457204 -0.00606226 -0.00672407 
0.0505095 -0.00644839 -0.00721347 
0.0554194 -0.0068178 -0.00769312 
0.0604135 -0.00716705 -0.00816042 
0.0654504 -0.0074925 -0.00861231 
0.0704845 -0.00779078 -0.00904259 
0.0754674 -0.0080561 -0.00944948 
0.0803459 -0.00828724 -0.00982935 
0.0850672 -0.00848019 -0.0101779 
0.0895763 -0.00863158 -0.0104948 
0.0938086 -0.00873991 -0.0107756 
0.0977109 -0.00880428 -0.0110138 
0.10122 -0.00881486 -0.0112104 
0.104288 -0.00878403 -0.0113613 
0.106853 -0.00869528 -0.0114655 
0.108862 -0.00855925 -0.0115171 
0.110265 -0.0083676 -0.0115174 
0.111016 -0.00812631 -0.0114604 
0.111081 -0.00783153 -0.0113497 
0.11042 -0.00748927 -0.0111743 
0.109011 -0.00709045 -0.0109401 
0.106835 -0.00664923 -0.0106451 
0.103877 -0.00615925 -0.0102897 
0.100139 -0.00563246 -0.00986941 
0.0956382 -0.00506417 -0.00939093 
0.0903888 -0.00446658 -0.00884971 
0.0844387 -0.00384209 -0.00824932 
0.0778246 -0.00319124 -0.00759631 
0.0706154 -0.00253478 -0.0068932 
0.0628901 -0.00187126 -0.00614007 
0.0547324 -0.00120507 -0.00535157 
0.0462434 -0.00055767 -0.00452762 
0.0375364 7.59973e-05 -0.00367899 
0.0287326 0.000676557 -0.00281173 
0.0199732 0.00124561 -0.0019268 
0.0112574 0.00187038 -0.00100263 
0.00318059 0.00166712 -0.000159112 
0.00758384 -0.00206426 -0.00130607 
0.011029 -0.00210407 -0.00158143 
0.0143568 -0.00232147 -0.00187275 
0.017878 -0.00259952 -0.00215732 
0.0216895 -0.00289112 -0.00243649 
0.025813 -0.00318102 -0.00271038 
0.0302431 -0.00346485 -0.00297915 
0.0349657 -0.00373973 -0.00324137 
0.0399645 -0.0040045 -0.00349415 
0.0452203 -0.00425505 -0.00373589 
0.0507089 -0.00448968 -0.00396366 
0.0564068 -0.00470636 -0.00417662 
0.0622829 -0.00490187 -0.00437098 
0.068303 -0.00507255 -0.00454694 
0.0744292 -0.00521894 -0.00470293 
0.0806175 -0.00533595 -0.00483806 
0.0868219 -0.00542478 -0.00495209 
0.0929941 -0.00548307 -0.00504512 
0.0990785 -0.00550882 -0.00511742 
0.105018 -0.00550299 -0.00516928 
0.110756 -0.00546441 -0.00520105 
0.116232 -0.00539339 -0.00521481 
0.121384 -0.00529003 -0.00520801 
0.126152 -0.00515256 -0.00518533 
0.130468 -0.00498342 -0.00514708 
0.134269 -0.00478316 -0.00509406 
0.137501 -0.00455593 -0.00502543 
0.140103 -0.00429612 -0.00494365 
0.142015 -0.00400957 -0.00484922 
0.143186 -0.00369685 -0.00474194 
0.143568 -0.00335916 -0.00462358 
0.143122 -0.00300167 -0.00449221 
0.141807 -0.00261972 -0.00435004 
0.139593 -0.00222283 -0.00419617 
0.136467 -0.00181219 -0.00402962 
0.132418 -0.00138813 -0.00385186 
0.127443 -0.000956102 -0.00366252 
0.121557 -0.00052232 -0.00345973 
0.114788 -8.62532e-05 -0.00324581 
0.107174 0.000342005 -0.00301863 
0.0987711 0.000761765 -0.00277974 
0.0896527 0.0011635 -0.00252754 
0.0799036 0.00154707 -0.00226331 
0.0696243 0.00190289 -0.00198644 
0.0589309 0.00222923 -0.00169774 
0.0479475 0.00252142 -0.00139743 
0.0368096 0.00277599 -0.00108393 
0.0256449 0.00300865 -0.000752172 
0.0144136 0.00328627 -0.000400242 
0.00413747 0.00240062 -0.000105483 
0.0130259 -0.00248883 -0.00149109 
0.0173964 -0.00252568 -0.0016879 
0.0217152 -0.00268393 -0.00189024 
0.0261979 -0.00288956 -0.00208241 
0.0309329 -0.00310151 -0.00225874 
0.035941 -0.00330444 -0.00241834 
0.0412148 -0.00349154 -0.00256021 
0.0467362 -0.00365986 -0.00268429 
0.0524801 -0.00380736 -0.00278877 
0.0584207 -0.00393277 -0.00287321 
0.0645284 -0.00403468 -0.0029376 
0.0707723 -0.00411305 -0.00298033 
0.0771174 -0.00416461 -0.00300242 
0.0835266 -0.00419102 -0.00300439 
0.0899603 -0.00419103 -0.00298631 
0.096375 -0.00416328 -0.00294996 
0.102726 -0.00410983 -0.00289668 
0.108966 -0.00402983 -0.00282732 
0.115045 -0.00392325 -0.00274456 
0.12091 -0.00379103 -0.00264942 
0.126509 -0.00363408 -0.00254461 
0.131786 -0.0034539 -0.00243133 
0.136686 -0.00324912 -0.00231267 
0.141151 -0.00302393 -0.00218893 
0.145127 -0.00277668 -0.00206278 
0.148554 -0.00250989 -0.00193674 
0.15138 -0.00222585 -0.00181105 
0.153549 -0.00192425 -0.00168748 
0.15501 -0.00160733 -0.00156753 
0.155713 -0.00127662 -0.00145219 
0.155614 -0.000935146 -0.00134238 
0.154674 -0.000584083 -0.00123808 
0.152856 -0.000225076 -0.00114056 
0.150133 0.000137708 -0.0010501 
0.146489 0.000501634 -0.000966182 
0.141913 0.000864146 -0.000888799 
0.136405 0.00122241 -0.000817889 
0.129977 0.00157167 -0.000752898 
0.122653 0.00190822 -0.000692933 
0.114474 0.00222808 -0.000637257 
0.105492 0.00252674 -0.000584679 
0.095777 0.00280002 -0.000533922 
0.0854108 0.00304421 -0.000483492 
0.0744922 0.00325468 -0.000432266 
0.0631324 0.00342908 -0.000377881 
0.0514523 0.0035656 -0.000318552 
0.0395782 0.00366517 -0.000250988 
0.0276184 0.00374554 -0.000171556 
0.0155371 0.00384807 -8.01788e-05 
0.00462608 0.00256767 1.05091e-05 
0.0190724 -0.00275658 -0.00157665 
0.0240735 -0.00277974 -0.00170259 
0.0290502 -0.00288156 -0.00182667 
0.0341497 -0.00301136 -0.001936 
0.0394362 -0.00314262 -0.00202585 
0.0449255 -0.00326083 -0.00209505 
0.0506064 -0.00335959 -0.00214364 
0.0564582 -0.00343742 -0.00217157 
0.062454 -0.00349193 -0.00217933 
0.0685656 -0.00352429 -0.00216735 
0.074764 -0.00353407 -0.00213622 
0.0810183 -0.00352109 -0.00208725 
0.0872956 -0.00348607 -0.00202175 
0.0935621 -0.00342952 -0.00194064 
0.0997822 -0.00335121 -0.00184564 
0.105919 -0.00325224 -0.00173891 
0.111932 -0.00313327 -0.00162138 
0.117781 -0.0029941 -0.00149526 
0.123424 -0.00283621 -0.00136194 
0.128816 -0.00265947 -0.00122435 
0.133912 -0.00246552 -0.00108325 
0.138664 -0.00225477 -0.000940526 
0.143025 -0.00202734 -0.00079806 
0.146946 -0.0017848 -0.000658071 
0.150376 -0.0015281 -0.000521523 
0.153268 -0.00125834 -0.000390097 
0.155572 -0.000976018 -0.000265231 
0.15724 -0.00068277 -0.000148214 
0.158225 -0.000379846 -4.0245e-05 
0.158482 -6.87652e-05 5.74821e-05 
0.157972 0.00024841 0.000144327 
0.156657 0.000570359 0.000219646 
0.154504 0.00089456 0.000282639 
0.151489 0.00121848 0.000333113 
0.147592 0.00153951 0.000370846 
0.142806 0.00185488 0.00039629 
0.137127 0.00216186 0.000409482 
0.130567 0.00245656 0.000410736 
0.123147 0.0027357 0.000401503 
0.114902 0.00299517 0.000382422 
0.105882 0.0032314 0.000354703 
0.0961478 0.00344049 0.000320146 
0.0857777 0.00361885 0.000279969 
0.074862 0.00376289 0.000236926 
0.0635038 0.00387102 0.000192433 
0.0518137 0.00394195 0.000149652 
0.0399067 0.00397761 0.000110915 
0.0278765 0.00399522 7.93396e-05 
0.0156903 0.00402075 5.65931e-05 
0.00480608 0.00250592 6.92799e-05 
0.0253186 -0.00288543 -0.00156792 
0.0307031 -0.00288224 -0.00163566 
0.0360514 -0.0029282 -0.00169542 
0.0414693 -0.00299114 -0.00173826 
0.0470036 -0.00305216 -0.00176305 
0.0526633 -0.00310043 -0.00176893 
0.0584367 -0.003131 -0.00175656 
0.0643037 -0.00314276 -0.00172679 
0.0702399 -0.00313499 -0.00168086 
0.0762201 -0.00310906 -0.00162016 
0.0822187 -0.00306536 -0.00154584 
0.0882095 -0.0030046 -0.00145931 
0.0941651 -0.00292729 -0.00136184 
0.100057 -0.00283385 -0.00125492 
0.105855 -0.00272494 -0.00113998 
0.111528 -0.00260123 -0.00101812 
0.117044 -0.00246229 -0.000890857 
0.122369 -0.0023092 -0.000759734 
0.127465 -0.00214201 -0.000625851 
0.132296 -0.0019615 -0.000490342 
0.136824 -0.00176704 -0.000354942 
0.141006 -0.00156016 -0.000220843 
0.144802 -0.00134068 -8.9353e-05 
0.14817 -0.00110974 3.83168e-05 
0.151065 -0.000867234 0.000160641 
0.153445 -0.00061458 0.000276726 
0.155266 -0.000352132 0.000385279 
0.156486 -8.09827e-05 0.000485073 
0.157061 0.000197621 0.000575167 
0.156952 0.000482452 0.000654713 
0.156123 0.00077191 0.00072249 
0.154537 0.00106457 0.000778256 
0.152167 0.00135798 0.000821082 
0.148988 0.00165012 0.000850565 
0.144983 0.00193865 0.000866973 
0.140141 0.002221 0.000869787 
0.134461 0.00249408 0.000859165 
0.12795 0.00275511 0.000836389 
0.120628 0.00300101 0.00080111 
0.112525 0.00322736 0.00075507 
0.103684 0.00343153 0.000699522 
0.094163 0.00360978 0.000635571 
0.0840315 0.00375835 0.000565053 
0.0733724 0.00387477 0.000489476 
0.06228 0.00395622 0.000410878 
0.0508554 0.00400286 0.0003315 
0.0392032 0.00401554 0.000253641 
0.0274059 0.0040121 0.000179886 
0.0154299 0.00400623 0.000111778 
0.00484638 0.00233888 0.000108947 
0.0314354 -0.00290212 -0.0014938 
0.0369965 -0.00286838 -0.00151567 
0.0424905 -0.00286663 -0.00152886 
0.0480007 -0.00287871 -0.00152708 
0.0535652 -0.00288951 -0.00151115 
0.0591899 -0.00289026 -0.00148136 
0.0648638 -0.0028776 -0.00143831 
0.0705703 -0.00285099 -0.00138337 
0.0762897 -0.00281042 -0.0013179 
0.0820015 -0.00275691 -0.00124286 
0.0876852 -0.00269073 -0.00115952 
0.0933192 -0.00261246 -0.00106881 
0.0988812 -0.00252237 -0.000971837 
0.104347 -0.00242071 -0.000869513 
0.109693 -0.00230757 -0.000762646 
0.114891 -0.00218297 -0.000651972 
0.119914 -0.00204685 -0.00053854 
0.124732 -0.00189951 -0.000422978 
0.129314 -0.00174058 -0.000306374 
0.133627 -0.0015706 -0.000189643 
0.137637 -0.00138933 -7.35708e-05 
0.141308 -0.00119715 4.10579e-05 
0.144604 -0.000994135 0.000152946 
0.147486 -0.000780966 0.000261333 
0.149917 -0.000557686 0.000365231 
0.151857 -0.000325073 0.000463391 
0.153268 -8.36836e-05 0.000555127 
0.154111 0.000165555 0.000639238 
0.154347 0.000421695 0.000714855 
0.153941 0.000683705 0.000781064 
0.15286 0.000949798 0.000837212 
0.151071 0.00121922 0.000882267 
0.148548 0.00148903 0.000915705 
0.145268 0.00175794 0.00093728 
0.141215 0.00202389 0.000946391 
0.13638 0.0022836 0.000943025 
0.130759 0.00253525 0.000927634 
0.124359 0.00277647 0.000900151 
0.117195 0.00300294 0.000861399 
0.109295 0.00321245 0.000812309 
0.100697 0.00340154 0.000753903 
0.0914517 0.00356652 0.000687635 
0.0816244 0.00370399 0.000614461 
0.0712903 0.0038113 0.00053626 
0.0605367 0.003886 0.000454603 
0.0494569 0.00392773 0.000370856 
0.0381479 0.00393706 0.000286641 
0.026682 0.00393196 0.000204349 
0.0150256 0.00391609 0.000124821 
0.00482301 0.00214783 0.000136801 
0.0372101 -0.00284146 -0.00138738 
0.042793 -0.00278375 -0.00137932 
0.048279 -0.00275035 -0.0013655 
0.0537414 -0.00273185 -0.00134126 
0.0592129 -0.00271434 -0.00130791 
0.0646984 -0.00269052 -0.00126565 
0.0701894 -0.00265764 -0.00121562 
0.0756724 -0.00261569 -0.00115849 
0.0811326 -0.00256437 -0.00109521 
0.0865533 -0.00250397 -0.00102654 
0.0919177 -0.00243478 -0.000953107 
0.0972077 -0.00235663 -0.000875449 
0.102404 -0.00226958 -0.000794001 
0.107486 -0.00217336 -0.000709286 
0.112432 -0.0020675 -0.00062144 
0.117217 -0.00195201 -0.000531298 
0.121818 -0.00182681 -0.000439241 
0.126206 -0.00169131 -0.000345402 
0.130353 -0.0015456 -0.000250583 
0.134231 -0.0013897 -0.000155251 
0.137807 -0.00122308 -5.99665e-05 
0.14105 -0.00104622 3.43502e-05 
0.143927 -0.000859329 0.000127157 
0.146403 -0.0006624 0.000217771 
0.148444 -0.000455825 0.000305157 
0.150014 -0.00024026 0.000388684 
0.151079 -1.59131e-05 0.000467272 
0.151604 0.000216014 0.000540139 
0.151554 0.000454921 0.00060645 
0.150898 0.00069963 0.000665104 
0.149604 0.000948852 0.000715631 
0.147644 0.00120109 0.000756815 
0.144994 0.00145441 0.000788427 
0.141634 0.0017075 0.000809738 
0.137548 0.00195783 0.000820195 
0.132728 0.00220323 0.000820016 
0.127169 0.00244192 0.000809063 
0.120878 0.00267102 0.000787339 
0.113867 0.00288744 0.000755709 
0.10616 0.00308904 0.0007151 
0.0977911 0.00327206 0.000665811 
0.0888061 0.00343355 0.000609663 
0.0792649 0.0035695 0.000547609 
0.0692372 0.0036779 0.000480873 
0.0588039 0.00375572 0.00041079 
0.0480536 0.00380176 0.000338074 
0.0370775 0.00381685 0.00026406 
0.0259416 0.00381876 0.000190137 
0.014612 0.00380381 0.000116506 
0.00477528 0.00196924 0.000156894 
0.0425628 -0.00274466 -0.00128254 
0.0480751 -0.00267647 -0.00126087 
0.0534755 -0.00262946 -0.00123798 
0.0588299 -0.0025993 -0.00120912 
0.0641674 -0.00257182 -0.00117558 
0.0694913 -0.00254101 -0.00113757 
0.074795 -0.00250487 -0.00109549 
0.0800678 -0.00246261 -0.00104979 
0.0852972 -0.00241398 -0.00100085 
0.090469 -0.00235862 -0.000948871 
0.0955683 -0.00229638 -0.000894056 
0.100578 -0.00222674 -0.000836535 
0.105482 -0.00214935 -0.00077634 
0.110259 -0.00206373 -0.000713461 
0.114888 -0.00196904 -0.000648209 
0.119347 -0.00186554 -0.000580406 
0.123613 -0.00175252 -0.000510374 
0.12766 -0.00162918 -0.000438331 
0.131461 -0.00149605 -0.000364493 
0.134989 -0.00135257 -0.000289054 
0.138215 -0.0011984 -0.000212661 
0.141109 -0.00103411 -0.000135654 
0.14364 -0.000859483 -5.86266e-05 
0.145778 -0.000674739 1.76251e-05 
0.147491 -0.000480357 9.27099e-05 
0.148747 -0.000276673 0.000165629 
0.149513 -6.433e-05 0.00023563 
0.14976 0.000155953 0.00030194 
0.149456 0.000383314 0.000363606 
0.148573 0.000616562 0.000419863 
0.147082 0.000854747 0.000469704 
0.144959 0.00109592 0.000512487 
0.142183 0.001339 0.000547462 
0.138735 0.00158199 0.000573869 
0.134601 0.00182295 0.000591452 
0.129774 0.00206001 0.000599664 
0.124251 0.00229112 0.000598391 
0.118035 0.00251381 0.000587994 
0.111138 0.00272594 0.000569026 
0.10358 0.00292492 0.000541714 
0.0953919 0.00310713 0.000507593 
0.0866148 0.00327065 0.000467291 
0.0773026 0.00341086 0.000422398 
0.0675214 0.00352559 0.000373644 
0.0573469 0.00361174 0.000322092 
0.0468644 0.00366722 0.000268502 
0.0361627 0.00369276 0.000212953 
0.0253039 0.00370522 0.000156478 
0.014256 0.00369689 9.76942e-05 
0.00472362 0.00181999 0.000171522 
0.0475353 -0.00265071 -0.00120516 
0.0529473 -0.00258543 -0.00118411 
0.0582483 -0.00254032 -0.00116541 
0.0634968 -0.0025123 -0.00114454 
0.0687173 -0.00248793 -0.00112223 
0.0739115 -0.00246204 -0.00109836 
0.0790731 -0.00243279 -0.00107299 
0.0841923 -0.00239913 -0.001046 
0.0892574 -0.0023605 -0.00101738 
0.0942547 -0.00231612 -0.000987077 
0.0991695 -0.00226553 -0.000954723 
0.103985 -0.00220793 -0.000920197 
0.108684 -0.00214264 -0.00088317 
0.113246 -0.00206903 -0.00084348 
0.11765 -0.0019863 -0.000800872 
0.121873 -0.00189423 -0.000755348 
0.125894 -0.00179229 -0.000706548 
0.129686 -0.00167955 -0.000654679 
0.133223 -0.00155629 -0.000599525 
0.136479 -0.00142212 -0.000541657 
0.139427 -0.00127697 -0.000481108 
0.142038 -0.00112098 -0.000418229 
0.144284 -0.000954057 -0.000353326 
0.146137 -0.000776697 -0.000287068 
0.147566 -0.000589021 -0.00022021 
0.148544 -0.000391905 -0.000153313 
0.149042 -0.000185697 -8.72138e-05 
0.149031 2.86802e-05 -2.2769e-05 
0.148486 0.000250328 3.91204e-05 
0.147379 0.000478094 9.75771e-05 
0.145687 0.000710826 0.000151682 
0.143389 0.000946885 0.000200455 
0.140466 0.00118488 0.000243142 
0.136903 0.0014231 0.000279096 
0.132688 0.00165973 0.000307482 
0.127815 0.00189273 0.000327941 
0.122281 0.00212067 0.00034035 
0.11609 0.00234131 0.000344581 
0.109251 0.0025527 0.000340945 
0.101782 0.00275227 0.000330285 
0.0937099 0.00293783 0.000313682 
0.0850709 0.00310631 0.000291931 
0.0759143 0.00325425 0.000266426 
0.0663009 0.00337873 0.000238624 
0.0563031 0.00347679 0.000209324 
0.0460036 0.00354548 0.000178844 
0.0354909 0.00358422 0.000146946 
0.0248289 0.00360879 0.000112981 
0.0139895 0.0036095 7.4314e-05 
0.00467872 0.00170836 0.000182022 
0.0522585 -0.00258819 -0.00117152 
0.0575891 -0.00253672 -0.00116113 
0.0628237 -0.00250427 -0.00115594 
0.0680108 -0.00248786 -0.0011514 
0.0731695 -0.00247518 -0.00114761 
0.0782991 -0.00246178 -0.00114426 
0.0833926 -0.0024459 -0.00114097 
0.0884392 -0.00242624 -0.00113746 
0.0934266 -0.00240209 -0.00113321 
0.0983405 -0.00237233 -0.00112779 
0.103165 -0.00233602 -0.00112068 
0.107881 -0.00229242 -0.00111132 
0.11247 -0.00224032 -0.00109903 
0.116912 -0.00217925 -0.00108356 
0.121184 -0.0021081 -0.00106428 
0.125262 -0.00202658 -0.00104075 
0.129122 -0.00193369 -0.00101238 
0.13274 -0.00182923 -0.000979481 
0.136087 -0.00171272 -0.000941581 
0.13914 -0.00158442 -0.000898448 
0.141871 -0.00144379 -0.000850626 
0.144252 -0.00129113 -0.000797957 
0.146258 -0.0011266 -0.000741349 
0.14786 -0.000950866 -0.000680757 
0.149034 -0.000764149 -0.000617197 
0.149753 -0.000567294 -0.000551171 
0.149991 -0.000360953 -0.000483826 
0.149724 -0.000146191 -0.000415893 
0.148928 7.6025e-05 -0.000348418 
0.147583 0.00030447 -0.000282469 
0.145667 0.000537763 -0.000219073 
0.143163 0.000774309 -0.000159163 
0.140056 0.00101279 -0.000103851 
0.136333 0.00125137 -5.40583e-05 
0.131987 0.00148811 -1.06242e-05 
0.127012 0.00172155 2.60798e-05 
0.121408 0.0019501 5.52966e-05 
0.115178 0.00217181 7.70952e-05 
0.108331 0.00238511 9.15322e-05 
0.100882 0.00258806 9.92054e-05 
0.0928528 0.00277855 0.000100909 
0.0842759 0.00295399 9.84597e-05 
0.0751945 0.00311172 9.34716e-05 
0.0656634 0.00324884 8.74047e-05 
0.0557504 0.0033618 8.16082e-05 
0.0455357 0.00344721 7.69578e-05 
0.0351099 0.00350245 7.23993e-05 
0.0245456 0.00353977 6.5368e-05 
0.0138254 0.00354953 5.00981e-05 
0.00464541 0.00163719 0.000189171 
0.0569132 -0.00257691 -0.00118991 
0.0622188 -0.00254614 -0.00119841 
0.0674516 -0.00253442 -0.00121348 
0.0726507 -0.00253641 -0.00123164 
0.0778289 -0.00254192 -0.00125245 
0.0829824 -0.00254702 -0.00127522 
0.0881024 -0.00254995 -0.00129949 
0.0931762 -0.00254923 -0.00132442 
0.0981895 -0.00254376 -0.00134939 
0.103126 -0.00253226 -0.00137351 
0.107966 -0.00251338 -0.00139584 
0.112689 -0.00248608 -0.00141537 
0.117274 -0.0024487 -0.00143123 
0.121698 -0.0024011 -0.00144254 
0.125934 -0.00234132 -0.00144832 
0.129958 -0.00226904 -0.0014476 
0.133743 -0.00218331 -0.00144024 
0.137262 -0.00208426 -0.0014252 
0.140489 -0.00197059 -0.00140229 
0.143396 -0.00184306 -0.00137156 
0.145958 -0.00170154 -0.00133257 
0.148147 -0.00154596 -0.00128603 
0.14994 -0.00137737 -0.00123194 
0.15131 -0.00119576 -0.00117122 
0.152234 -0.00100249 -0.00110436 
0.152689 -0.00079816 -0.00103263 
0.152654 -0.000584077 -0.000956736 
0.152108 -0.000361207 -0.000878162 
0.151032 -0.000130917 -0.000797965 
0.149408 0.000105403 -0.000717288 
0.147221 0.000346179 -0.000637666 
0.144458 0.000589873 -0.000560194 
0.141107 0.000834702 -0.000486123 
0.137161 0.00107901 -0.000416696 
0.132615 0.00132091 -0.000352722 
0.127467 0.00155912 -0.000295372 
0.121719 0.00179164 -0.000245139 
0.115374 0.00201732 -0.000202588 
0.108442 0.0022344 -0.000167817 
0.100937 0.00244176 -0.000140368 
0.0928747 0.00263797 -0.000119004 
0.0842827 0.0028216 -0.000102191 
0.0751952 0.00299037 -8.74439e-05 
0.06566 0.00314164 -7.24877e-05 
0.0557376 0.00327244 -5.48629e-05 
0.045503 0.00337909 -3.28627e-05 
0.035048 0.00345583 -6.64783e-06 
0.0244637 0.00350738 1.81798e-05 
0.0137616 0.00352191 2.9156e-05 
0.00462324 0.00160724 0.000194385 
0.0617102 -0.00263045 -0.00126754 
0.0670751 -0.00262678 -0.00130181 
0.0723977 -0.00264249 -0.00134444 
0.0777079 -0.00267013 -0.00139289 
0.0830117 -0.0027011 -0.00144581 
0.0883026 -0.00273193 -0.00150281 
0.0935683 -0.00276085 -0.00156271 
0.0987935 -0.00278586 -0.00162465 
0.10396 -0.00280563 -0.00168717 
0.109047 -0.00281822 -0.00174896 
0.114033 -0.0028218 -0.00180852 
0.118891 -0.0028149 -0.00186431 
0.123594 -0.00279546 -0.00191471 
0.128115 -0.00276258 -0.00195751 
0.132425 -0.00271428 -0.00199217 
0.136493 -0.00264973 -0.00201677 
0.14029 -0.00256843 -0.00203021 
0.143786 -0.0024695 -0.0020316 
0.146952 -0.00235247 -0.00202053 
0.149761 -0.00221826 -0.00199641 
0.152185 -0.00206649 -0.00195961 
0.154199 -0.00189833 -0.00191028 
0.155779 -0.00171437 -0.00184903 
0.156904 -0.00151605 -0.00177727 
0.157553 -0.00130455 -0.0016959 
0.157708 -0.00108145 -0.00160613 
0.157352 -0.000848045 -0.00150979 
0.156469 -0.000606304 -0.00140834 
0.155046 -0.000357516 -0.00130353 
0.15307 -0.000103614 -0.00119728 
0.150533 0.000153382 -0.00109094 
0.147426 0.0004121 -0.000986272 
0.143745 0.000670294 -0.000884934 
0.139485 0.000926468 -0.000788036 
0.134647 0.00117881 -0.000697102 
0.129233 0.00142561 -0.000613162 
0.123248 0.00166541 -0.000537338 
0.116698 0.00189687 -0.000470339 
0.109595 0.00211873 -0.000412484 
0.101949 0.00233045 -0.000363782 
0.0937753 0.0025315 -0.00032331 
0.0850918 0.00272153 -0.000288947 
0.0759233 0.00289996 -0.000257646 
0.0663047 0.00306509 -0.00022536 
0.0562849 0.00321509 -0.000188242 
0.0459272 0.00334732 -0.000142048 
0.0353172 0.00345415 -8.3864e-05 
0.0245722 0.00352428 -2.10911e-05 
0.0137735 0.00353214 1.96701e-05 
0.00460126 0.00161818 0.000200515 
0.0668898 -0.00276377 -0.00141536 
0.0724267 -0.00279525 -0.00148494 
0.0779622 -0.00284824 -0.00156595 
0.0835162 -0.0029121 -0.00165628 
0.0890886 -0.0029797 -0.00175463 
0.0946687 -0.00304834 -0.00185975 
0.100241 -0.00311528 -0.00197038 
0.105784 -0.00317833 -0.0020848 
0.111275 -0.00323479 -0.0022006 
0.116686 -0.00328213 -0.00231548 
0.121987 -0.00331717 -0.00242631 
0.127144 -0.00333744 -0.00253017 
0.132122 -0.00333994 -0.00262427 
0.136885 -0.00332263 -0.00270591 
0.141394 -0.00328367 -0.00277139 
0.145614 -0.00322095 -0.0028197 
0.149508 -0.00313408 -0.00284806 
0.153043 -0.00302241 -0.00285561 
0.156185 -0.00288618 -0.00284179 
0.158907 -0.00272636 -0.00280648 
0.161181 -0.00254414 -0.00275031 
0.162985 -0.00234095 -0.00267419 
0.164297 -0.00211892 -0.00258022 
0.165102 -0.00188095 -0.00247007 
0.165386 -0.0016286 -0.00234645 
0.165136 -0.00136459 -0.00221159 
0.164343 -0.00109187 -0.00206863 
0.163 -0.000812436 -0.00191982 
0.161101 -0.000528515 -0.00176786 
0.158644 -0.000242837 -0.00161549 
0.155625 4.28108e-05 -0.001465 
0.152044 0.00032633 -0.00131853 
0.147902 0.000605573 -0.00117772 
0.143204 0.000879306 -0.00104454 
0.137953 0.0011453 -0.000920273 
0.132158 0.00140232 -0.000806228 
0.125827 0.00164882 -0.000703471 
0.118971 0.001884 -0.000612673 
0.111603 0.0021067 -0.000534758 
0.103734 0.00231688 -0.000469668 
0.0953767 0.00251499 -0.000417149 
0.0865418 0.00270246 -0.000375219 
0.0772402 0.0028809 -0.00033999 
0.0674886 0.00305118 -0.000305796 
0.0573151 0.00321333 -0.000265691 
0.0467601 0.00336916 -0.000211303 
0.0358817 0.0035147 -0.000131923 
0.0248149 0.00361327 -3.06332e-05 
0.0137872 0.00358985 4.14881e-05 
0.00454322 0.00166474 0.000211953 
0.0727466 -0.00300091 -0.00165769 
0.0786101 -0.00308303 -0.00177886 
0.0845323 -0.00319095 -0.00191779 
0.0905214 -0.00331023 -0.00207266 
0.0965709 -0.00343612 -0.00224155 
0.102665 -0.00356516 -0.0024224 
0.108782 -0.00369354 -0.00261243 
0.114891 -0.00381691 -0.00280751 
0.120959 -0.00393015 -0.00300334 
0.126943 -0.00402841 -0.00319385 
0.132799 -0.00410545 -0.00337359 
0.138476 -0.00415659 -0.0035358 
0.143923 -0.00417685 -0.00367481 
0.149086 -0.00416161 -0.00378387 
0.153914 -0.00410773 -0.00385937 
0.158358 -0.00401463 -0.00389703 
0.162373 -0.00388 -0.00389464 
0.165918 -0.00370616 -0.00385168 
0.16896 -0.0034945 -0.00376847 
0.171471 -0.00324857 -0.00364763 
0.17343 -0.00297207 -0.0034918 
0.17482 -0.00266946 -0.00330589 
0.175632 -0.00234631 -0.00309448 
0.175863 -0.00200744 -0.00286308 
0.175512 -0.0016578 -0.00261746 
0.17458 -0.00130192 -0.00236355 
0.173075 -0.000945072 -0.00210639 
0.171002 -0.000590241 -0.00185159 
0.16837 -0.00024125 -0.00160353 
0.165187 9.85153e-05 -0.00136616 
0.161463 0.00042728 -0.00114273 
0.157207 0.000742912 -0.000935898 
0.152428 0.00104369 -0.000747846 
0.147136 0.00132851 -0.000579757 
0.141342 0.00159633 -0.000432614 
0.135058 0.00184666 -0.000306441 
0.128295 0.00207875 -0.000201698 
0.121068 0.00229263 -0.000118376 
0.11339 0.00248761 -5.60978e-05 
0.105275 0.00266465 -1.50091e-05 
0.0967338 0.00282466 5.51496e-06 
0.0877723 0.00297086 6.31595e-06 
0.0783871 0.00310784 -8.97559e-06 
0.0685697 0.00324048 -3.30677e-05 
0.058315 0.00337318 -5.55123e-05 
0.0476235 0.00351459 -6.21956e-05 
0.0364875 0.00367742 -2.93413e-05 
0.0249965 0.00380752 6.42391e-05 
0.0136216 0.00369965 0.000144584 
0.00437745 0.00170067 0.000220841 
0.0796972 -0.00339126 -0.00205075 
0.086119 -0.00355752 -0.00225685 
0.092702 -0.00375745 -0.00249417 
0.0994348 -0.00397295 -0.00275984 
0.106302 -0.00420075 -0.00304861 
0.113277 -0.00443382 -0.00335499 
0.120322 -0.00466322 -0.00367029 
0.127385 -0.00487772 -0.00398339 
0.134403 -0.00506572 -0.00428122 
0.141301 -0.00521375 -0.0045491 
0.147998 -0.00530928 -0.00477187 
0.154404 -0.00534015 -0.004935 
0.160432 -0.00529751 -0.00502503 
0.166 -0.00517424 -0.00503403 
0.171027 -0.00496872 -0.00495381 
0.17545 -0.00468172 -0.00478249 
0.179216 -0.00431731 -0.00452277 
0.182286 -0.00388463 -0.00417958 
0.184639 -0.00339315 -0.00376289 
0.186265 -0.00285575 -0.00328405 
0.187169 -0.00228436 -0.00275723 
0.187366 -0.00169312 -0.00219726 
0.18688 -0.00109462 -0.00161962 
0.185741 -0.000500874 -0.00103907 
0.183983 7.74572e-05 -0.000469615 
0.181642 0.000631491 7.62634e-05 
0.178753 0.00115378 0.000587893 
0.175351 0.0016388 0.0010564 
0.171468 0.00208211 0.00147424 
0.16713 0.00248207 0.00183723 
0.162362 0.0028369 0.00214218 
0.157183 0.00314689 0.00238694 
0.151607 0.00341342 0.0025735 
0.14565 0.00363763 0.0027017 
0.13932 0.00382186 0.00277502 
0.132628 0.00396847 0.00279596 
0.12558 0.00407955 0.00276887 
0.118186 0.00415784 0.00269762 
0.110454 0.00420548 0.00258541 
0.102394 0.00422467 0.00243647 
0.0940134 0.00421812 0.00225239 
0.0853141 0.00418906 0.00203498 
0.0762852 0.0041443 0.0017847 
0.0668939 0.00409275 0.00150627 
0.0570933 0.0040428 0.00120993 
0.0468304 0.00400673 0.000909049 
0.0359974 0.00402847 0.000633518 
0.0245013 0.00406856 0.000459353 
0.0129613 0.00374144 0.000357381 
0.00415461 0.00143955 0.000105401 
0.0884478 -0.00405481 -0.00273106 
0.0958305 -0.00438048 -0.00309429 
0.103559 -0.00475073 -0.00350962 
0.111581 -0.00513906 -0.00396524 
0.119852 -0.00553699 -0.00444217 
0.128306 -0.00592259 -0.00491668 
0.136849 -0.00626674 -0.00535936 
0.145355 -0.0065351 -0.00573457 
0.153671 -0.0066922 -0.00600244 
0.161626 -0.00670245 -0.00612323 
0.169045 -0.00653917 -0.00606328 
0.175759 -0.00618515 -0.00579822 
0.181616 -0.00563614 -0.00531573 
0.186499 -0.00490202 -0.00461757 
0.190321 -0.00400017 -0.00371917 
0.193036 -0.0029615 -0.00264722 
0.194634 -0.00181986 -0.00143634 
0.195143 -0.000612665 -0.000126913 
0.194618 0.000622015 0.00123868 
0.193138 0.00184878 0.00261826 
0.190796 0.00303563 0.00397331 
0.187699 0.00415537 0.00526872 
0.183954 0.0051873 0.00647515 
0.179669 0.00611404 0.00757112 
0.174943 0.0069272 0.00853875 
0.169867 0.00762039 0.0093678 
0.164519 0.00819432 0.0100531 
0.158965 0.00865062 0.0105926 
0.153258 0.00899386 0.0109911 
0.147435 0.00923529 0.0112525 
0.141525 0.00937871 0.0113827 
0.135539 0.00943547 0.0113937 
0.129483 0.00941632 0.0112917 
0.123357 0.00932409 0.0110866 
0.11715 0.00917214 0.0107886 
0.110851 0.00896436 0.0104058 
0.104443 0.00871015 0.00995 
0.097916 0.00841201 0.00942526 
0.0912535 0.00807637 0.00884304 
0.0844448 0.00770791 0.0082088 
0.0774831 0.00730769 0.00752779 
0.0703611 0.00687988 0.00680385 
0.0630686 0.00642667 0.00603528 
0.0555736 0.00595553 0.00521594 
0.047808 0.00547414 0.00434295 
0.0396865 0.00498284 0.00341648 
0.031123 0.00447965 0.00240928 
0.0218197 0.00399561 0.00126973 
0.0120545 0.00318981 0.000319845 
0.00539317 -0.000497258 -0.000916451 
0.100426 -0.0052879 -0.00401041 
0.109534 -0.00591695 -0.00464638 
0.119286 -0.00657664 -0.00532754 
0.129489 -0.0072028 -0.0059974 
0.139961 -0.00773732 -0.00657696 
0.150457 -0.00808704 -0.00697161 
0.160659 -0.00815457 -0.0070781 
0.17021 -0.00785694 -0.00680553 
0.178743 -0.00714301 -0.00609147 
0.185918 -0.0060022 -0.00491692 
0.191461 -0.00446783 -0.00330554 
0.195183 -0.00260505 -0.00132032 
0.196992 -0.000503016 0.000948353 
0.196894 0.00173696 0.00339442 
0.194984 0.00401367 0.00590811 
0.191425 0.00623144 0.00838358 
0.186435 0.00830707 0.0107266 
0.180263 0.0101758 0.0128631 
0.173175 0.0117934 0.0147358 
0.165428 0.0131337 0.0163147 
0.157266 0.0141912 0.0175838 
0.148908 0.0149694 0.0185464 
0.14054 0.0154907 0.0192195 
0.132312 0.0157817 0.0196301 
0.12434 0.0158735 0.0198088 
0.116708 0.0157984 0.0197892 
0.109468 0.0155892 0.0196039 
0.10265 0.0152724 0.0192833 
0.0962587 0.0148755 0.0188547 
0.0902844 0.0144196 0.0183387 
0.0847046 0.0139185 0.017758 
0.0794885 0.0133912 0.017122 
0.0745946 0.0128418 0.0164409 
0.0699805 0.0122777 0.0157273 
0.0656041 0.011707 0.0149817 
0.0614206 0.0111269 0.0142087 
0.0573843 0.0105437 0.0134076 
0.0534559 0.0099502 0.0125836 
0.0496014 0.00935258 0.0117334 
0.0457867 0.00874495 0.0108573 
0.0419876 0.00812566 0.00995735 
0.0381884 0.00749372 0.009031 
0.0343797 0.00684381 0.00807757 
0.0305592 0.00617332 0.0070881 
0.0267058 0.00548192 0.00604133 
0.0227575 0.00476544 0.00491938 
0.0186966 0.00397992 0.00372861 
0.0147522 0.00302836 0.00235942 
0.0120148 0.000726351 0.0007895 
0.0093165 -1.09438 -1.31331 
0.118544 -0.00765412 -0.00628098 
0.130598 -0.00863368 -0.0071075 
0.143318 -0.00933862 -0.00768831 
0.156019 -0.00955192 -0.00779959 
0.16803 -0.00911285 -0.00724687 
0.17863 -0.00790472 -0.00591563 
0.187118 -0.00592 -0.00380226 
0.192921 -0.00326229 -0.00101492 
0.195667 -0.000116347 0.00225736 
0.195218 0.00329149 0.00578432 
0.191665 0.00672218 0.00932459 
0.185298 0.0099587 0.0126562 
0.176548 0.0128223 0.0156001 
0.16594 0.0151849 0.0180227 
0.154039 0.0169677 0.0198467 
0.141391 0.0181531 0.0210533 
0.128505 0.0187633 0.0216697 
0.115803 0.0188656 0.0217622 
0.103623 0.0185448 0.0214198 
0.0922046 0.0178999 0.020739 
0.0816962 0.0170265 0.0198197 
0.0721753 0.0160125 0.0187534 
0.0636594 0.0149332 0.0176115 
0.0561163 0.0138443 0.0164514 
0.0494886 0.0127844 0.0153148 
0.0437007 0.0117815 0.0142297 
0.038668 0.0108504 0.0132116 
0.0343067 0.00999607 0.0122685 
0.0305341 0.00922093 0.0114018 
0.0272725 0.00852091 0.0106101 
0.0244513 0.0078917 0.00988715 
0.0220081 0.00732416 0.00922669 
0.0198879 0.00681218 0.00862227 
0.0180381 0.00634993 0.00806396 
0.0164147 0.0059265 0.00754477 
0.0149806 0.0055366 0.00705764 
0.0137016 0.00517415 0.00659458 
0.012547 0.00483249 0.00614861 
0.0114922 0.0045057 0.0057147 
0.0105169 0.00418948 0.0052877 
0.00960319 0.00388006 0.00486355 
0.00874114 0.00357218 0.00443981 
0.00792821 0.00326291 0.00401525 
0.00717615 0.00294619 0.00359021 
0.00651792 0.002615 0.00316076 
0.00597795 0.00227344 0.00270089 
0.00549005 0.0019403 0.00222184 
0.00516979 0.0015316 0.0018729 
0.0049747 0.00170651 0.00172456 
0.00408278 0.00040143 0.0016306 
0.146345 -0.010628 -0.00833324 
0.160976 -0.010455 -0.00773906 
0.174215 -0.00900222 -0.00598467 
0.184609 -0.00626875 -0.0030918 
0.191048 -0.00251383 0.00069354 
0.192858 0.00187912 0.00498336 
0.189856 0.00645276 0.00934267 
0.182333 0.0107737 0.0133706 
0.170951 0.0144863 0.0167486 
0.156623 0.0173359 0.0192546 
0.140377 0.0191878 0.0207827 
0.123247 0.0200164 0.0213333 
0.106153 0.0199145 0.0210098 
0.089844 0.0190505 0.019985 
0.074855 0.017635 0.0184699 
0.0615022 0.0158982 0.0166721 
0.0499086 0.0140298 0.0147733 
0.0400542 0.0121831 0.0129055 
0.0318184 0.0104529 0.0111546 
0.0250278 0.00889335 0.00956669 
0.0194847 0.00752539 0.00816174 
0.0149948 0.00634902 0.0069384 
0.011378 0.00534961 0.00588638 
0.00847731 0.00450938 0.0049888 
0.00615758 0.00380628 0.00422727 
0.00430656 0.00322074 0.00358384 
0.00283304 0.0027339 0.0030417 
0.00166347 0.0023295 0.00258614 
0.000739005 0.00199446 0.00220419 
1.1873e-05 0.00171694 0.00188413 
-0.000555539 0.00148699 0.00161638 
-0.000992403 0.00129676 0.00139325 
-0.00132221 0.00113965 0.00120742 
-0.00156407 0.00100986 0.0010529 
-0.00173227 0.000902565 0.000924926 
-0.00183856 0.000813946 0.000819274 
-0.001892 0.000740375 0.000731913 
-0.00189997 0.000679093 0.000659948 
-0.00186819 0.000627578 0.000600699 
-0.00180136 0.00058388 0.000551956 
-0.00170328 0.000546105 0.000511574 
-0.00157623 0.000513081 0.000479191 
-0.00142051 0.000483843 0.000454618 
-0.00123201 0.000457692 0.000440521 
-0.0009935 0.000433149 0.000445218 
-0.000651236 0.000404918 0.000477848 
-0.000172554 0.000400527 0.000486682 
0.000158101 0.000483468 0.000513942 
0.00138203 -5.98187e-05 0.00122381 
0.00320183 0.0821943 -0.126424 
0.177754 -0.0077554 -0.00370267 
0.186407 -0.00341479 0.0006011 
0.188872 0.00197295 0.00555437 
0.184753 0.00754586 0.0104164 
0.174527 0.0125894 0.0146198 
0.15933 0.0165927 0.0177656 
0.140674 0.0192419 0.0196346 
0.120216 0.0204144 0.0201805 
0.0995271 0.0201928 0.0195285 
0.0799239 0.0188296 0.0179429 
0.0623398 0.0166938 0.0157636 
0.0472935 0.0141798 0.013335 
0.0349229 0.0116284 0.0109259 
0.0250789 0.00926317 0.00871081 
0.0174516 0.00720194 0.00677663 
0.0116685 0.00548098 0.00514729 
0.00735975 0.0040859 0.00380813 
0.00419959 0.00297514 0.00272645 
0.00192051 0.00210072 0.00186337 
0.000308869 0.00141806 0.00118084 
-0.00080376 0.000888901 0.000644535 
-0.00154741 0.000480424 0.000225816 
-0.00202045 0.000167096 -9.9001e-05 
-0.00229747 -7.1498e-05 -0.000349016 
-0.00243462 -0.000250561 -0.000539102 
-0.00247399 -0.000383161 -0.000681591 
-0.00244715 -0.000478546 -0.000785911 
-0.00237701 -0.000544507 -0.00085937 
-0.0022802 -0.000587065 -0.000907721 
-0.00216837 -0.000611284 -0.000935724 
-0.00204949 -0.000621201 -0.000947005 
-0.00192865 -0.000619966 -0.000944832 
-0.00180949 -0.000609885 -0.000931678 
-0.0016938 -0.000593394 -0.000909754 
-0.00158279 -0.000570982 -0.000880463 
-0.00147673 -0.000544888 -0.000845467 
-0.0013755 -0.000515144 -0.000805494 
-0.00127891 -0.000482633 -0.000761399 
-0.00118658 -0.000447911 -0.000713788 
-0.00109781 -0.000411732 -0.000663378 
-0.00101283 -0.000373524 -0.000610041 
-0.000931727 -0.000334311 -0.000554598 
-0.000855738 -0.000293709 -0.000497048 
-0.000787765 -0.000251363 -0.00043701 
-0.000732344 -0.000207202 -0.000372967 
-0.000692644 -0.000160774 -0.000292735 
-0.000633143 -0.000114728 -0.000160301 
-0.000658889 6.35895e-05 -8.48123e-05 
-0.00146114 0.000295348 0.000608559 
-0.000224697 0.0133368 -0.240307 
0.181957 0.00606501 0.00916669 
0.171754 0.0120088 0.0137024 
0.155004 0.0166135 0.0169271 
0.133883 0.0194755 0.0185937 
0.110658 0.0204602 0.0186991 
0.0875128 0.019698 0.0174439 
0.0662296 0.0175785 0.0152091 
0.0479819 0.0146696 0.0124807 
0.0332638 0.01155 0.00970034 
0.021995 0.00864833 0.00717358 
0.0137395 0.00618846 0.00504918 
0.00792478 0.00423036 0.00335845 
0.00398658 0.00273587 0.00206303 
0.00143633 0.00162818 0.00109714 
-0.00012178 0.00082662 0.000394217 
-0.000992722 0.000259073 -0.000105097 
-0.00140503 -0.000131164 -0.000447751 
-0.00152614 -0.000387119 -0.000668623 
-0.00147405 -0.000540681 -0.000793098 
-0.00132724 -0.000616713 -0.000840919 
-0.0011361 -0.000635805 -0.000830329 
-0.000933475 -0.0006146 -0.000777721 
-0.00074006 -0.000566385 -0.00069799 
-0.000567629 -0.000502173 -0.000604476 
-0.000421161 -0.000431289 -0.000508393 
-0.000301738 -0.000360727 -0.000418223 
-0.000207604 -0.000295864 -0.000339559 
-0.000135488 -0.000240028 -0.000274901 
-8.16181e-05 -0.000194027 -0.000224118 
-4.21533e-05 -0.000157508 -0.000185293 
-1.37458e-05 -0.000128904 -0.000155755 
6.53271e-06 -0.000106708 -0.000132883 
2.07725e-05 -8.92029e-05 -0.000114603 
3.06309e-05 -7.53293e-05 -9.95318e-05 
3.72747e-05 -6.41589e-05 -8.67289e-05 
4.15815e-05 -5.50089e-05 -7.56301e-05 
4.40233e-05 -4.74042e-05 -6.59062e-05 
4.51198e-05 -4.1081e-05 -5.73316e-05 
4.5098e-05 -3.56653e-05 -4.97513e-05 
4.4236e-05 -3.1058e-05 -4.30954e-05 
4.25893e-05 -2.69749e-05 -3.72496e-05 
4.034e-05 -2.33279e-05 -3.21671e-05 
3.74639e-05 -1.98972e-05 -2.78575e-05 
3.38233e-05 -1.65063e-05 -2.44497e-05 
2.86718e-05 -1.28236e-05 -2.23932e-05 
1.86692e-05 -8.24302e-06 -2.3773e-05 
-1.02707e-05 -2.65725e-06 -3.41495e-05 
-0.000100493 3.63831e-06 -6.68117e-05 
-0.000611463 9.03229e-05 -0.000453398 
-0.00141521 -0.000610605 -0.000467247 
0.137033 0.0185795 0.017081 
0.112145 0.0201821 0.0174709 
0.0868914 0.0196518 0.0162853 
0.0636148 0.01741 0.0139344 
0.0439178 0.0141475 0.0109982 
0.028514 0.0106321 0.00805031 
0.0172887 0.00745044 0.00548034 
0.00961782 0.00487794 0.00344635 
0.00470064 0.00295315 0.00193851 
0.00176547 0.00158916 0.000870886 
0.000166812 0.000666278 0.000147226 
-0.000586376 7.30438e-05 -0.000312299 
-0.000840855 -0.000277216 -0.000565379 
-0.000824185 -0.000447999 -0.00065715 
-0.000678713 -0.000491038 -0.000632353 
-0.000492861 -0.000451179 -0.000535087 
-0.000318665 -0.000366725 -0.000407347 
-0.000181193 -0.000269913 -0.000285705 
-8.63012e-05 -0.000184691 -0.000193421 
-2.77371e-05 -0.00012167 -0.000133699 
5.31054e-06 -7.88933e-05 -9.58376e-05 
2.23638e-05 -4.95398e-05 -6.85717e-05 
2.97193e-05 -2.82758e-05 -4.63815e-05 
3.11741e-05 -1.24028e-05 -2.79565e-05 
2.90992e-05 -7.15927e-07 -1.3353e-05 
2.51421e-05 7.51832e-06 -2.53689e-06 
2.05716e-05 1.29027e-05 4.95616e-06 
1.62565e-05 1.61128e-05 9.83183e-06 
1.26479e-05 1.77638e-05 1.27975e-05 
9.87215e-06 1.83474e-05 1.44265e-05 
7.82043e-06 1.82295e-05 1.51289e-05 
6.33014e-06 1.76587e-05 1.5192e-05 
5.22176e-06 1.68123e-05 1.48116e-05 
4.36649e-06 1.58066e-05 1.41489e-05 
3.67698e-06 1.47207e-05 1.32958e-05 
3.09757e-06 1.36047e-05 1.233e-05 
2.59461e-06 1.25015e-05 1.13128e-05 
2.15689e-06 1.14205e-05 1.02762e-05 
1.76188e-06 1.03744e-05 9.23691e-06 
1.41585e-06 9.36331e-06 8.21936e-06 
1.1004e-06 8.3946e-06 7.21886e-06 
8.11927e-07 7.45619e-06 6.23865e-06 
5.47552e-07 6.54295e-06 5.26261e-06 
3.07848e-07 5.64651e-06 4.28324e-06 
1.3579e-07 4.73594e-06 3.28167e-06 
2.96715e-07 3.70603e-06 2.41189e-06 
2.07593e-06 2.43435e-06 2.34375e-06 
6.42056e-06 1.8103e-06 3.54328e-06 
3.08454e-05 -8.94277e-06 2.0476e-05 
5.5422e-05 4.21395e-05 3.48943e-05 
0.0713499 0.0180485 0.0135072 
0.0485331 0.0150539 0.0108016 
0.0305884 0.0113215 0.00784854 
0.0177331 0.00775729 0.00518749 
0.00929781 0.00485785 0.00308092 
0.00421421 0.00274658 0.00156468 
0.00142898 0.00132495 0.000549694 
8.87422e-05 0.000433427 -7.63757e-05 
-0.000423726 -7.00421e-05 -0.00039669 
-0.000506714 -0.000294189 -0.000482597 
-0.000399527 -0.000331651 -0.000418122 
-0.000245975 -0.000267142 -0.000291105 
-0.000121709 -0.000173494 -0.000175505 
-4.69975e-05 -9.86253e-05 -0.000106147 
-9.60111e-06 -5.1911e-05 -6.97632e-05 
6.21843e-06 -2.19689e-05 -4.42266e-05 
1.01406e-05 -1.3966e-06 -2.28123e-05 
8.14483e-06 1.12905e-05 -6.42291e-06 
4.82871e-06 1.70288e-05 4.49825e-06 
2.69627e-06 1.80677e-05 1.07085e-05 
1.90437e-06 1.67167e-05 1.32007e-05 
1.67566e-06 1.43318e-05 1.30658e-05 
1.47855e-06 1.15429e-05 1.14145e-05 
1.18039e-06 8.72393e-06 9.13042e-06 
8.36271e-07 6.13714e-06 6.78294e-06 
5.14456e-07 3.93728e-06 4.67939e-06 
2.47276e-07 2.17879e-06 2.94906e-06 
3.47103e-08 8.50456e-07 1.61028e-06 
-1.37188e-07 -9.83328e-08 6.24687e-07 
-2.76646e-07 -7.33864e-07 -6.71668e-08 
-3.88168e-07 -1.12527e-06 -5.30905e-07 
-4.72012e-07 -1.33549e-06 -8.24348e-07 
-5.3041e-07 -1.41867e-06 -9.96881e-07 
-5.64754e-07 -1.41424e-06 -1.08454e-06 
-5.80178e-07 -1.35632e-06 -1.11581e-06 
-5.79131e-07 -1.26495e-06 -1.10865e-06 
-5.66137e-07 -1.15443e-06 -1.07607e-06 
-5.43179e-07 -1.03622e-06 -1.02627e-06 
-5.13483e-07 -9.15916e-07 -9.64799e-07 
-4.77094e-07 -7.96634e-07 -8.9417e-07 
-4.37311e-07 -6.82284e-07 -8.17825e-07 
-3.927e-07 -5.72853e-07 -7.34796e-07 
-3.44428e-07 -4.70287e-07 -6.46173e-07 
-2.92013e-07 -3.73447e-07 -5.50433e-07 
-2.36385e-07 -2.82477e-07 -4.45106e-07 
-1.89492e-07 -1.92756e-07 -3.35657e-07 
-2.23242e-07 -9.15789e-08 -2.80915e-07 
-5.05792e-07 -8.00281e-08 -3.87817e-07 
-1.61384e-06 3.99379e-07 -1.52416e-06 
-5.97613e-06 -2.40593e-06 -8.21641e-06 
0.024304 0.0104567 0.00694495 
0.0131275 0.00636004 0.0038094 
0.00627469 0.00346667 0.00174744 
0.00242611 0.00161027 0.000525043 
0.000552264 0.000530208 -0.000103508 
-0.000176058 -7.62302e-06 -0.000353772 
-0.000349727 -0.000199448 -0.000363356 
-0.000297071 -0.000201494 -0.000250127 
-0.000191891 -0.000130236 -0.000135532 
-0.000110562 -6.93067e-05 -7.46627e-05 
-5.66092e-05 -3.27882e-05 -4.35839e-05 
-2.28988e-05 -6.79467e-06 -1.91615e-05 
-4.83162e-06 9.8618e-06 -2.96493e-07 
3.88029e-06 1.61188e-05 1.07446e-05 
7.59951e-06 1.56411e-05 1.43817e-05 
8.07719e-06 1.25088e-05 1.29566e-05 
6.72314e-06 8.54762e-06 9.37544e-06 
4.81288e-06 4.77141e-06 5.68938e-06 
3.06767e-06 1.83592e-06 2.81584e-06 
1.71048e-06 -6.31571e-08 9.23846e-07 
7.54028e-07 -1.06406e-06 -1.51553e-07 
1.5412e-07 -1.43234e-06 -6.57363e-07 
-1.67497e-07 -1.42637e-06 -8.16824e-07 
-3.01493e-07 -1.237e-06 -7.91321e-07 
-3.23992e-07 -9.8266e-07 -6.80151e-07 
-2.87778e-07 -7.27095e-07 -5.38956e-07 
-2.25753e-07 -5.0072e-07 -3.97894e-07 
-1.57614e-07 -3.15541e-07 -2.72458e-07 
-9.41019e-08 -1.73109e-07 -1.69114e-07 
-4.04836e-08 -6.9772e-08 -8.90761e-08 
1.49804e-09 6.51423e-10 -3.02734e-08 
3.22692e-08 4.52891e-08 1.08686e-08 
5.34739e-08 7.09171e-08 3.84185e-08 
6.68898e-08 8.3227e-08 5.57604e-08 
7.45749e-08 8.66593e-08 6.60338e-08 
7.80328e-08 8.45305e-08 7.12324e-08 
7.83261e-08 7.89336e-08 7.28426e-08 
7.65376e-08 7.14566e-08 7.20892e-08 
7.31078e-08 6.29951e-08 6.95167e-08 
6.85221e-08 5.42211e-08 6.56425e-08 
6.30765e-08 4.54507e-08 6.08305e-08 
5.69374e-08 3.70357e-08 5.51685e-08 
5.02971e-08 2.90628e-08 4.89296e-08 
4.31364e-08 2.16276e-08 4.19785e-08 
3.58123e-08 1.48423e-08 3.45661e-08 
2.9267e-08 8.74571e-09 2.73015e-08 
2.89344e-08 2.55652e-09 2.60802e-08 
5.37001e-08 2.92646e-09 4.03575e-08 
1.08753e-07 4.91116e-09 1.24797e-07 
4.563e-07 7.26355e-08 5.84449e-07 
