6.25515 
6.31381 
6.35727 
6.39506 
6.42316 
6.44499 
6.46165 
6.47461 
6.48477 
6.49284 
6.49934 
6.50462 
6.50899 
6.51263 
6.51571 
6.51836 
6.52066 
6.52268 
6.52449 
6.52613 
6.52764 
6.52905 
6.5304 
6.5317 
6.53298 
6.53426 
6.53556 
6.5369 
6.5383 
6.5398 
6.5414 
6.54316 
6.54509 
6.54726 
6.54971 
6.55252 
6.55578 
6.5596 
6.56414 
6.56961 
6.57629 
6.58456 
6.59495 
6.6082 
6.62529 
6.64782 
6.67712 
6.71714 
6.7641 
6.82925 
6.29539 
6.33411 
6.36802 
6.39915 
6.42375 
6.44358 
6.45923 
6.47172 
6.48173 
6.48982 
6.49644 
6.5019 
6.50645 
6.51029 
6.51356 
6.51639 
6.51886 
6.52104 
6.523 
6.52478 
6.52642 
6.52796 
6.52942 
6.53083 
6.53221 
6.53359 
6.53499 
6.53644 
6.53794 
6.53954 
6.54125 
6.54312 
6.54517 
6.54746 
6.55005 
6.55299 
6.5564 
6.56037 
6.56506 
6.57066 
6.57743 
6.58572 
6.59596 
6.60878 
6.62493 
6.64556 
6.67142 
6.70458 
6.74128 
6.78389 
6.33239 
6.35673 
6.38137 
6.40573 
6.42629 
6.44364 
6.45787 
6.46959 
6.47921 
6.48717 
6.49379 
6.49934 
6.50402 
6.50802 
6.51147 
6.51446 
6.51709 
6.51944 
6.52155 
6.52347 
6.52525 
6.52692 
6.5285 
6.53004 
6.53154 
6.53304 
6.53456 
6.53612 
6.53774 
6.53946 
6.5413 
6.5433 
6.54549 
6.54793 
6.55067 
6.55377 
6.55734 
6.56147 
6.56631 
6.57203 
6.57885 
6.58707 
6.59704 
6.60922 
6.62412 
6.64241 
6.66428 
6.69043 
6.71713 
6.74367 
6.36588 
6.38073 
6.39768 
6.41565 
6.43189 
6.44629 
6.45862 
6.46913 
6.47802 
6.48556 
6.49196 
6.49743 
6.50212 
6.50617 
6.5097 
6.5128 
6.51555 
6.51802 
6.52025 
6.5223 
6.5242 
6.52598 
6.52769 
6.52934 
6.53096 
6.53257 
6.5342 
6.53587 
6.53761 
6.53945 
6.54141 
6.54353 
6.54585 
6.54841 
6.55127 
6.5545 
6.55817 
6.56239 
6.56728 
6.57297 
6.57966 
6.58755 
6.5969 
6.608 
6.6211 
6.63648 
6.65392 
6.6733 
6.69161 
6.70756 
6.39293 
6.40201 
6.41346 
6.42644 
6.43894 
6.45058 
6.46097 
6.47013 
6.47812 
6.48506 
6.49109 
6.49633 
6.5009 
6.5049 
6.50843 
6.51157 
6.51438 
6.51691 
6.51922 
6.52135 
6.52334 
6.52522 
6.52702 
6.52876 
6.53047 
6.53218 
6.53391 
6.53568 
6.53751 
6.53944 
6.5415 
6.54372 
6.54613 
6.54877 
6.55171 
6.555 
6.55871 
6.56293 
6.56775 
6.57328 
6.57967 
6.58705 
6.59558 
6.6054 
6.61658 
6.62913 
6.64265 
6.65666 
6.66893 
6.6785 
6.4151 
6.4206 
6.42816 
6.43736 
6.44677 
6.45596 
6.46451 
6.4723 
6.4793 
6.48554 
6.49108 
6.49598 
6.50033 
6.5042 
6.50765 
6.51075 
6.51356 
6.51611 
6.51846 
6.52064 
6.52269 
6.52463 
6.52649 
6.5283 
6.53009 
6.53187 
6.53367 
6.53551 
6.53742 
6.53942 
6.54155 
6.54383 
6.54629 
6.54898 
6.55195 
6.55524 
6.55892 
6.56304 
6.56769 
6.57295 
6.57891 
6.58564 
6.59322 
6.60169 
6.61098 
6.62097 
6.63117 
6.64107 
6.64909 
6.65472 
6.43306 
6.43631 
6.44123 
6.44766 
6.45465 
6.4618 
6.46872 
6.47525 
6.48128 
6.48678 
6.49177 
6.49627 
6.50033 
6.504 
6.50732 
6.51033 
6.51308 
6.51562 
6.51796 
6.52016 
6.52223 
6.5242 
6.52611 
6.52796 
6.5298 
6.53163 
6.53348 
6.53537 
6.53733 
6.53938 
6.54154 
6.54385 
6.54634 
6.54903 
6.55198 
6.55521 
6.55879 
6.56276 
6.56717 
6.57207 
6.57752 
6.58354 
6.59015 
6.59731 
6.60489 
6.6127 
6.62028 
6.62715 
6.63226 
6.63548 
6.44775 
6.44959 
6.45269 
6.45712 
6.46225 
6.46774 
6.47328 
6.47867 
6.48379 
6.48857 
6.493 
6.49707 
6.50081 
6.50423 
6.50737 
6.51025 
6.51292 
6.51539 
6.5177 
6.51988 
6.52195 
6.52393 
6.52585 
6.52773 
6.52959 
6.53145 
6.53333 
6.53525 
6.53723 
6.5393 
6.54148 
6.54379 
6.54626 
6.54892 
6.5518 
6.55494 
6.55837 
6.56213 
6.56624 
6.57074 
6.57564 
6.58094 
6.58661 
6.59257 
6.59867 
6.60468 
6.61022 
6.6149 
6.61804 
6.61975 
6.45984 
6.46077 
6.46264 
6.46563 
6.46935 
6.47353 
6.47791 
6.48232 
6.48662 
6.49073 
6.49462 
6.49826 
6.50166 
6.50481 
6.50774 
6.51047 
6.51302 
6.51541 
6.51766 
6.51979 
6.52183 
6.5238 
6.52571 
6.52759 
6.52946 
6.53132 
6.53321 
6.53514 
6.53712 
6.53919 
6.54135 
6.54364 
6.54607 
6.54866 
6.55145 
6.55446 
6.55771 
6.56122 
6.565 
6.56907 
6.57343 
6.57804 
6.58284 
6.58774 
6.59259 
6.59716 
6.60115 
6.60425 
6.60605 
6.60682 
6.46988 
6.47023 
6.47126 
6.47322 
6.47587 
6.47902 
6.48246 
6.48604 
6.48962 
6.49312 
6.49651 
6.49973 
6.50279 
6.50567 
6.50838 
6.51093 
6.51334 
6.51562 
6.51779 
6.51986 
6.52186 
6.52379 
6.52568 
6.52754 
6.52939 
6.53125 
6.53312 
6.53504 
6.53701 
6.53905 
6.54118 
6.54341 
6.54578 
6.54828 
6.55095 
6.5538 
6.55684 
6.56008 
6.56353 
6.56718 
6.571 
6.57497 
6.579 
6.58299 
6.5868 
6.59023 
6.59305 
6.59503 
6.59593 
6.59609 
6.47829 
6.47827 
6.47872 
6.47994 
6.48179 
6.48414 
6.48683 
6.4897 
6.49266 
6.49563 
6.49855 
6.50139 
6.50411 
6.50672 
6.50921 
6.51158 
6.51384 
6.516 
6.51807 
6.52007 
6.522 
6.52389 
6.52573 
6.52756 
6.52938 
6.53121 
6.53306 
6.53495 
6.53688 
6.53888 
6.54095 
6.54312 
6.5454 
6.5478 
6.55033 
6.553 
6.55582 
6.55879 
6.5619 
6.56514 
6.56847 
6.57185 
6.5752 
6.57843 
6.58139 
6.58393 
6.58587 
6.58704 
6.58734 
6.58712 
6.48541 
6.48514 
6.4852 
6.48589 
6.48714 
6.48887 
6.49094 
6.49324 
6.49567 
6.49817 
6.50068 
6.50316 
6.50558 
6.50793 
6.51019 
6.51238 
6.51449 
6.51652 
6.51848 
6.52039 
6.52225 
6.52407 
6.52586 
6.52764 
6.52942 
6.53121 
6.53302 
6.53486 
6.53674 
6.53868 
6.54069 
6.54278 
6.54495 
6.54723 
6.5496 
6.55209 
6.55468 
6.55738 
6.56017 
6.56302 
6.5659 
6.56876 
6.57153 
6.57411 
6.5764 
6.57825 
6.57952 
6.58013 
6.58001 
6.57956 
6.49147 
6.49105 
6.49084 
6.49115 
6.49195 
6.4932 
6.49478 
6.4966 
6.49859 
6.50069 
6.50283 
6.50498 
6.50712 
6.50922 
6.51128 
6.51328 
6.51524 
6.51714 
6.51899 
6.5208 
6.52257 
6.52432 
6.52605 
6.52778 
6.5295 
6.53123 
6.53299 
6.53477 
6.53659 
6.53846 
6.54039 
6.54238 
6.54445 
6.54659 
6.54881 
6.55111 
6.55348 
6.55591 
6.55839 
6.56089 
6.56337 
6.56577 
6.56804 
6.57009 
6.57182 
6.57314 
6.57392 
6.57412 
6.57374 
6.57314 
6.49668 
6.49616 
6.49577 
6.4958 
6.49627 
6.49714 
6.49833 
6.49977 
6.50139 
6.50313 
6.50495 
6.50682 
6.5087 
6.51057 
6.51243 
6.51426 
6.51606 
6.51783 
6.51956 
6.52127 
6.52296 
6.52463 
6.52629 
6.52794 
6.5296 
6.53128 
6.53297 
6.53468 
6.53643 
6.53823 
6.54006 
6.54195 
6.5439 
6.5459 
6.54796 
6.55007 
6.55223 
6.55441 
6.55661 
6.55878 
6.5609 
6.56291 
6.56476 
6.56637 
6.56767 
6.56856 
6.56898 
6.56889 
6.56833 
6.56765 
6.50118 
6.5006 
6.50009 
6.49993 
6.50014 
6.50072 
6.5016 
6.50272 
6.50403 
6.50548 
6.50702 
6.50863 
6.51028 
6.51195 
6.51362 
6.51528 
6.51693 
6.51857 
6.52019 
6.5218 
6.52339 
6.52498 
6.52656 
6.52814 
6.52973 
6.53133 
6.53295 
6.5346 
6.53627 
6.53797 
6.53972 
6.5415 
6.54332 
6.54519 
6.54709 
6.54901 
6.55096 
6.55291 
6.55484 
6.55673 
6.55853 
6.5602 
6.5617 
6.56295 
6.5639 
6.56447 
6.56462 
6.56433 
6.56365 
6.56293 
6.50509 
6.50448 
6.50389 
6.50359 
6.50361 
6.50396 
6.5046 
6.50546 
6.50651 
6.50771 
6.50901 
6.5104 
6.51184 
6.51331 
6.51481 
6.51632 
6.51783 
6.51934 
6.52085 
6.52235 
6.52385 
6.52535 
6.52685 
6.52836 
6.52987 
6.5314 
6.53294 
6.53451 
6.5361 
6.53771 
6.53936 
6.54103 
6.54273 
6.54445 
6.5462 
6.54795 
6.5497 
6.55144 
6.55313 
6.55476 
6.55628 
6.55766 
6.55886 
6.55982 
6.56049 
6.56082 
6.56077 
6.56033 
6.55958 
6.55884 
6.50851 
6.50789 
6.50724 
6.50684 
6.50673 
6.5069 
6.50733 
6.50799 
6.50882 
6.50981 
6.51091 
6.5121 
6.51335 
6.51466 
6.516 
6.51736 
6.51874 
6.52013 
6.52152 
6.52293 
6.52433 
6.52574 
6.52716 
6.52859 
6.53002 
6.53147 
6.53294 
6.53442 
6.53592 
6.53744 
6.53898 
6.54055 
6.54212 
6.54371 
6.54531 
6.54689 
6.54847 
6.55 
6.55148 
6.55288 
6.55416 
6.5553 
6.55625 
6.55697 
6.55742 
6.55756 
6.55736 
6.55683 
6.55604 
6.55529 
6.51151 
6.51088 
6.51021 
6.50974 
6.50952 
6.50956 
6.50983 
6.51031 
6.51097 
6.51178 
6.5127 
6.51372 
6.51481 
6.51596 
6.51715 
6.51838 
6.51964 
6.52091 
6.52221 
6.52351 
6.52482 
6.52614 
6.52748 
6.52882 
6.53018 
6.53155 
6.53293 
6.53433 
6.53574 
6.53717 
6.53861 
6.54006 
6.54152 
6.54298 
6.54443 
6.54586 
6.54726 
6.54862 
6.54991 
6.5511 
6.55218 
6.55311 
6.55385 
6.55438 
6.55466 
6.55465 
6.55434 
6.55375 
6.55294 
6.5522 
6.51414 
6.51353 
6.51284 
6.51232 
6.51202 
6.51195 
6.5121 
6.51245 
6.51296 
6.51361 
6.51438 
6.51525 
6.5162 
6.51721 
6.51828 
6.51938 
6.52052 
6.52169 
6.52288 
6.52409 
6.52531 
6.52655 
6.5278 
6.52906 
6.53034 
6.53162 
6.53292 
6.53424 
6.53556 
6.53689 
6.53823 
6.53958 
6.54092 
6.54225 
6.54357 
6.54486 
6.54611 
6.5473 
6.54842 
6.54944 
6.55034 
6.55109 
6.55166 
6.55203 
6.55217 
6.55205 
6.55167 
6.55103 
6.55022 
6.5495 
6.51647 
6.51586 
6.51517 
6.51462 
6.51426 
6.51412 
6.51417 
6.5144 
6.51478 
6.51531 
6.51595 
6.51669 
6.51751 
6.5184 
6.51935 
6.52035 
6.52138 
6.52245 
6.52354 
6.52465 
6.52579 
6.52694 
6.52811 
6.52929 
6.53049 
6.5317 
6.53292 
6.53414 
6.53538 
6.53662 
6.53786 
6.5391 
6.54034 
6.54155 
6.54274 
6.5439 
6.54501 
6.54606 
6.54702 
6.54789 
6.54863 
6.54924 
6.54967 
6.54991 
6.54994 
6.54974 
6.54929 
6.54864 
6.54783 
6.54714 
6.51852 
6.51793 
6.51724 
6.51667 
6.51628 
6.51607 
6.51604 
6.51618 
6.51646 
6.51688 
6.51741 
6.51804 
6.51875 
6.51953 
6.52037 
6.52127 
6.5222 
6.52317 
6.52418 
6.52521 
6.52626 
6.52733 
6.52842 
6.52952 
6.53064 
6.53177 
6.53291 
6.53405 
6.5352 
6.53635 
6.5375 
6.53864 
6.53977 
6.54087 
6.54195 
6.54298 
6.54397 
6.54488 
6.54571 
6.54645 
6.54706 
6.54754 
6.54786 
6.54799 
6.54794 
6.54767 
6.54719 
6.54652 
6.54574 
6.54506 
6.52034 
6.51976 
6.51908 
6.5185 
6.51808 
6.51782 
6.51773 
6.5178 
6.518 
6.51832 
6.51876 
6.51929 
6.5199 
6.52059 
6.52134 
6.52214 
6.52298 
6.52387 
6.52479 
6.52573 
6.52671 
6.5277 
6.52871 
6.52974 
6.53078 
6.53183 
6.53289 
6.53396 
6.53502 
6.53609 
6.53715 
6.53819 
6.53922 
6.54023 
6.54119 
6.54212 
6.54299 
6.54378 
6.5445 
6.54512 
6.54562 
6.54599 
6.54621 
6.54627 
6.54614 
6.54583 
6.54533 
6.54466 
6.54389 
6.54325 
6.52194 
6.52138 
6.52072 
6.52014 
6.51969 
6.5194 
6.51926 
6.51927 
6.5194 
6.51965 
6.52 
6.52045 
6.52098 
6.52158 
6.52224 
6.52296 
6.52372 
6.52453 
6.52537 
6.52624 
6.52713 
6.52805 
6.52899 
6.52995 
6.53091 
6.53189 
6.53288 
6.53386 
6.53485 
6.53583 
6.53681 
6.53777 
6.5387 
6.53961 
6.54048 
6.5413 
6.54207 
6.54276 
6.54338 
6.54389 
6.5443 
6.54458 
6.54472 
6.54471 
6.54454 
6.54419 
6.54368 
6.54302 
6.54227 
6.54165 
6.52335 
6.52281 
6.52217 
6.52159 
6.52114 
6.52082 
6.52064 
6.5206 
6.52067 
6.52086 
6.52114 
6.52152 
6.52197 
6.5225 
6.52309 
6.52373 
6.52442 
6.52515 
6.52591 
6.52671 
6.52754 
6.52839 
6.52926 
6.53014 
6.53104 
6.53195 
6.53286 
6.53377 
6.53468 
6.53559 
6.53648 
6.53736 
6.53821 
6.53903 
6.53981 
6.54054 
6.54121 
6.54182 
6.54234 
6.54277 
6.5431 
6.5433 
6.54338 
6.54332 
6.54311 
6.54274 
6.54222 
6.54157 
6.54085 
6.54026 
6.5246 
6.52408 
6.52345 
6.52288 
6.52242 
6.52209 
6.52188 
6.5218 
6.52183 
6.52196 
6.52219 
6.5225 
6.52289 
6.52335 
6.52387 
6.52444 
6.52506 
6.52573 
6.52643 
6.52716 
6.52792 
6.5287 
6.5295 
6.53032 
6.53115 
6.53199 
6.53284 
6.53368 
6.53452 
6.53535 
6.53617 
6.53697 
6.53774 
6.53848 
6.53918 
6.53983 
6.54042 
6.54095 
6.54139 
6.54175 
6.54201 
6.54215 
6.54218 
6.54207 
6.54183 
6.54145 
6.54093 
6.5403 
6.53961 
6.53904 
6.52569 
6.52519 
6.52459 
6.52403 
6.52357 
6.52322 
6.523 
6.52288 
6.52287 
6.52296 
6.52314 
6.5234 
6.52373 
6.52413 
6.52459 
6.5251 
6.52566 
6.52626 
6.5269 
6.52757 
6.52827 
6.52899 
6.52973 
6.53049 
6.53126 
6.53203 
6.53281 
6.53359 
6.53437 
6.53513 
6.53588 
6.53661 
6.53731 
6.53797 
6.5386 
6.53918 
6.5397 
6.54015 
6.54053 
6.54082 
6.54102 
6.54111 
6.54109 
6.54096 
6.5407 
6.54031 
6.5398 
6.53918 
6.53852 
6.53798 
6.52665 
6.52617 
6.52558 
6.52504 
6.52458 
6.52423 
6.52399 
6.52385 
6.52381 
6.52386 
6.524 
6.52421 
6.5245 
6.52485 
6.52525 
6.52571 
6.52622 
6.52676 
6.52734 
6.52796 
6.5286 
6.52926 
6.52995 
6.53064 
6.53135 
6.53207 
6.53279 
6.53351 
6.53422 
6.53492 
6.5356 
6.53627 
6.5369 
6.5375 
6.53806 
6.53857 
6.53903 
6.53942 
6.53974 
6.53998 
6.54013 
6.54018 
6.54013 
6.53997 
6.53969 
6.5393 
6.5388 
6.53821 
6.53758 
6.53707 
6.52748 
6.52702 
6.52646 
6.52593 
6.52548 
6.52513 
6.52488 
6.52472 
6.52466 
6.52468 
6.52478 
6.52495 
6.52519 
6.5255 
6.52586 
6.52627 
6.52672 
6.52722 
6.52775 
6.52831 
6.5289 
6.52951 
6.53014 
6.53079 
6.53144 
6.5321 
6.53276 
6.53343 
6.53408 
6.53472 
6.53535 
6.53595 
6.53653 
6.53707 
6.53757 
6.53802 
6.53842 
6.53876 
6.53902 
6.53922 
6.53933 
6.53934 
6.53927 
6.53909 
6.53881 
6.53842 
6.53793 
6.53736 
6.53676 
6.53627 
6.52819 
6.52776 
6.52722 
6.52671 
6.52627 
6.52592 
6.52566 
6.52549 
6.52541 
6.52541 
6.52548 
6.52562 
6.52582 
6.52609 
6.52641 
6.52677 
6.52718 
6.52763 
6.52812 
6.52863 
6.52917 
6.52974 
6.53032 
6.53091 
6.53152 
6.53213 
6.53274 
6.53335 
6.53395 
6.53454 
6.53511 
6.53566 
6.53618 
6.53667 
6.53711 
6.53752 
6.53787 
6.53816 
6.53838 
6.53853 
6.53861 
6.5386 
6.53851 
6.53832 
6.53803 
6.53765 
6.53717 
6.53663 
6.53605 
6.53559 
6.52881 
6.52839 
6.52788 
6.52739 
6.52696 
6.52662 
6.52636 
6.52618 
6.52608 
6.52606 
6.5261 
6.52622 
6.52639 
6.52662 
6.5269 
6.52723 
6.5276 
6.52801 
6.52845 
6.52892 
6.52942 
6.52994 
6.53048 
6.53103 
6.53158 
6.53215 
6.53271 
6.53327 
6.53383 
6.53437 
6.53489 
6.53539 
6.53586 
6.5363 
6.5367 
6.53706 
6.53737 
6.53762 
6.53781 
6.53793 
6.53798 
6.53795 
6.53783 
6.53764 
6.53735 
6.53698 
6.53652 
6.536 
6.53545 
6.53502 
6.52933 
6.52894 
6.52844 
6.52797 
6.52756 
6.52722 
6.52696 
6.52678 
6.52667 
6.52663 
6.52666 
6.52675 
6.52689 
6.52709 
6.52734 
6.52764 
6.52798 
6.52835 
6.52875 
6.52919 
6.52965 
6.53012 
6.53062 
6.53113 
6.53164 
6.53217 
6.53269 
6.5332 
6.53371 
6.53421 
6.53469 
6.53515 
6.53558 
6.53597 
6.53633 
6.53665 
6.53692 
6.53714 
6.53729 
6.53739 
6.53741 
6.53737 
6.53725 
6.53704 
6.53676 
6.5364 
6.53596 
6.53546 
6.53495 
6.53454 
6.52976 
6.52939 
6.52892 
6.52847 
6.52807 
6.52775 
6.52749 
6.5273 
6.52719 
6.52714 
6.52715 
6.52722 
6.52734 
6.52752 
6.52774 
6.52801 
6.52831 
6.52865 
6.52902 
6.52942 
6.52984 
6.53029 
6.53075 
6.53122 
6.5317 
6.53218 
6.53266 
6.53314 
6.53361 
6.53407 
6.53451 
6.53493 
6.53532 
6.53568 
6.536 
6.53629 
6.53652 
6.53671 
6.53684 
6.53691 
6.53692 
6.53686 
6.53673 
6.53653 
6.53626 
6.53591 
6.53549 
6.53502 
6.53453 
6.53414 
6.53012 
6.52976 
6.52932 
6.52889 
6.52851 
6.52819 
6.52794 
6.52776 
6.52764 
6.52758 
6.52758 
6.52763 
6.52774 
6.52789 
6.52809 
6.52833 
6.52861 
6.52892 
6.52926 
6.52963 
6.53002 
6.53043 
6.53086 
6.5313 
6.53174 
6.53219 
6.53264 
6.53308 
6.53352 
6.53394 
6.53435 
6.53473 
6.53509 
6.53542 
6.53571 
6.53596 
6.53617 
6.53633 
6.53644 
6.5365 
6.53649 
6.53643 
6.53629 
6.5361 
6.53583 
6.53549 
6.53509 
6.53465 
6.53419 
6.53382 
6.5304 
6.53007 
6.52965 
6.52924 
6.52888 
6.52857 
6.52833 
6.52814 
6.52802 
6.52796 
6.52795 
6.52799 
6.52808 
6.52821 
6.52839 
6.52861 
6.52887 
6.52915 
6.52947 
6.52981 
6.53018 
6.53056 
6.53096 
6.53136 
6.53178 
6.5322 
6.53262 
6.53303 
6.53343 
6.53383 
6.5342 
6.53456 
6.53489 
6.53518 
6.53545 
6.53568 
6.53587 
6.53601 
6.5361 
6.53614 
6.53613 
6.53605 
6.53592 
6.53573 
6.53547 
6.53515 
6.53477 
6.53435 
6.53392 
6.53358 
6.53062 
6.5303 
6.52991 
6.52952 
6.52918 
6.52888 
6.52865 
6.52847 
6.52835 
6.52828 
6.52826 
6.52829 
6.52837 
6.52849 
6.52865 
6.52885 
6.52909 
6.52936 
6.52965 
6.52997 
6.53031 
6.53067 
6.53104 
6.53142 
6.53181 
6.5322 
6.5326 
6.53298 
6.53336 
6.53373 
6.53408 
6.5344 
6.53471 
6.53498 
6.53523 
6.53544 
6.5356 
6.53573 
6.53581 
6.53584 
6.53582 
6.53574 
6.53561 
6.53542 
6.53517 
6.53487 
6.53451 
6.53412 
6.53371 
6.53339 
6.53077 
6.53048 
6.5301 
6.52974 
6.52941 
6.52914 
6.52891 
6.52874 
6.52862 
6.52855 
6.52853 
6.52855 
6.52862 
6.52873 
6.52888 
6.52906 
6.52928 
6.52953 
6.5298 
6.5301 
6.53042 
6.53076 
6.53111 
6.53147 
6.53184 
6.53221 
6.53258 
6.53294 
6.5333 
6.53364 
6.53397 
6.53427 
6.53456 
6.53481 
6.53504 
6.53523 
6.53538 
6.53549 
6.53556 
6.53558 
6.53556 
6.53548 
6.53535 
6.53517 
6.53494 
6.53465 
6.53431 
6.53394 
6.53357 
6.53327 
6.53087 
6.53059 
6.53025 
6.5299 
6.5296 
6.52934 
6.52912 
6.52896 
6.52884 
6.52877 
6.52874 
6.52876 
6.52882 
6.52892 
6.52906 
6.52923 
6.52944 
6.52967 
6.52993 
6.53021 
6.53052 
6.53084 
6.53117 
6.53151 
6.53186 
6.53221 
6.53256 
6.53291 
6.53324 
6.53357 
6.53388 
6.53417 
6.53443 
6.53467 
6.53488 
6.53506 
6.5352 
6.5353 
6.53536 
6.53538 
6.53535 
6.53527 
6.53515 
6.53497 
6.53475 
6.53448 
6.53417 
6.53383 
6.53347 
6.5332 
6.53091 
6.53066 
6.53033 
6.53002 
6.52973 
6.52948 
6.52928 
6.52912 
6.52901 
6.52894 
6.52892 
6.52893 
6.52899 
6.52908 
6.52921 
6.52937 
6.52956 
6.52978 
6.53003 
6.5303 
6.53059 
6.5309 
6.53122 
6.53154 
6.53188 
6.53221 
6.53255 
6.53288 
6.5332 
6.53351 
6.5338 
6.53408 
6.53433 
6.53456 
6.53475 
6.53492 
6.53505 
6.53514 
6.5352 
6.53521 
6.53518 
6.53511 
6.53499 
6.53483 
6.53462 
6.53437 
6.53408 
6.53376 
6.53343 
6.53318 
6.53091 
6.53068 
6.53038 
6.53008 
6.52982 
6.52958 
6.52939 
6.52925 
6.52914 
6.52907 
6.52905 
6.52906 
6.52911 
6.5292 
6.52932 
6.52947 
6.52966 
6.52987 
6.53011 
6.53037 
6.53065 
6.53094 
6.53125 
6.53157 
6.53189 
6.53222 
6.53254 
6.53286 
6.53317 
6.53347 
6.53375 
6.53401 
6.53425 
6.53447 
6.53466 
6.53481 
6.53494 
6.53503 
6.53508 
6.53509 
6.53506 
6.53499 
6.53488 
6.53473 
6.53453 
6.5343 
6.53403 
6.53373 
6.53344 
6.5332 
6.53087 
6.53065 
6.53038 
6.53011 
6.52986 
6.52964 
6.52947 
6.52933 
6.52922 
6.52916 
6.52914 
6.52915 
6.5292 
6.52928 
6.5294 
6.52955 
6.52973 
6.52993 
6.53016 
6.53042 
6.53069 
6.53097 
6.53127 
6.53158 
6.5319 
6.53222 
6.53253 
6.53284 
6.53314 
6.53344 
6.53371 
6.53397 
6.5342 
6.53441 
6.53459 
6.53474 
6.53486 
6.53494 
6.53499 
6.535 
6.53498 
6.53491 
6.53481 
6.53467 
6.53449 
6.53427 
6.53402 
6.53375 
6.53348 
6.53327 
6.53079 
6.53059 
6.53034 
6.53009 
6.52986 
6.52966 
6.5295 
6.52937 
6.52927 
6.52921 
6.52919 
6.5292 
6.52925 
6.52933 
6.52944 
6.52959 
6.52976 
6.52997 
6.53019 
6.53044 
6.53071 
6.53099 
6.53129 
6.53159 
6.5319 
6.53222 
6.53253 
6.53283 
6.53313 
6.53342 
6.53369 
6.53394 
6.53417 
6.53437 
6.53455 
6.5347 
6.53481 
6.5349 
6.53495 
6.53496 
6.53493 
6.53487 
6.53478 
6.53465 
6.53448 
6.53428 
6.53405 
6.53381 
6.53356 
6.53337 
6.53067 
6.5305 
6.53027 
6.53004 
6.52983 
6.52965 
6.5295 
6.52937 
6.52928 
6.52923 
6.5292 
6.52922 
6.52926 
6.52934 
6.52946 
6.5296 
6.52977 
6.52997 
6.5302 
6.53045 
6.53071 
6.531 
6.53129 
6.5316 
6.53191 
6.53222 
6.53253 
6.53283 
6.53313 
6.53342 
6.53368 
6.53393 
6.53416 
6.53437 
6.53454 
6.53469 
6.5348 
6.53488 
6.53493 
6.53495 
6.53492 
6.53487 
6.53478 
6.53466 
6.5345 
6.53432 
6.53412 
6.53389 
6.53367 
6.5335 
6.53053 
6.53038 
6.53017 
6.52997 
6.52978 
6.52961 
6.52946 
6.52934 
6.52926 
6.52921 
6.52918 
6.5292 
6.52925 
6.52933 
6.52944 
6.52958 
6.52976 
6.52996 
6.53018 
6.53043 
6.5307 
6.53099 
6.53128 
6.53159 
6.5319 
6.53222 
6.53253 
6.53284 
6.53314 
6.53343 
6.5337 
6.53395 
6.53418 
6.53438 
6.53456 
6.53471 
6.53482 
6.5349 
6.53495 
6.53497 
6.53495 
6.5349 
6.53481 
6.5347 
6.53456 
6.53439 
6.5342 
6.534 
6.5338 
6.53365 
6.53038 
6.53024 
6.53006 
6.52987 
6.52969 
6.52953 
6.5294 
6.52929 
6.5292 
6.52915 
6.52913 
6.52915 
6.52919 
6.52928 
6.52939 
6.52954 
6.52971 
6.52992 
6.53015 
6.5304 
6.53067 
6.53096 
6.53127 
6.53158 
6.5319 
6.53222 
6.53254 
6.53286 
6.53316 
6.53345 
6.53373 
6.53399 
6.53422 
6.53443 
6.53461 
6.53475 
6.53487 
6.53496 
6.53501 
6.53502 
6.53501 
6.53496 
6.53488 
6.53477 
6.53464 
6.53449 
6.53431 
6.53413 
6.53396 
6.53383 
6.5302 
6.53008 
6.52992 
6.52975 
6.52959 
6.52944 
6.52931 
6.5292 
6.52912 
6.52907 
6.52905 
6.52906 
6.52911 
6.52919 
6.52931 
6.52946 
6.52964 
6.52985 
6.53009 
6.53035 
6.53063 
6.53093 
6.53124 
6.53156 
6.53189 
6.53223 
6.53256 
6.53288 
6.5332 
6.5335 
6.53378 
6.53404 
6.53428 
6.5345 
6.53468 
6.53483 
6.53495 
6.53504 
6.53509 
6.53511 
6.5351 
6.53505 
6.53497 
6.53487 
6.53474 
6.5346 
6.53444 
6.53428 
6.53413 
6.53401 
6.53003 
6.52993 
6.52978 
6.52963 
6.52947 
6.52932 
6.52919 
6.52908 
6.529 
6.52895 
6.52893 
6.52894 
6.52899 
6.52908 
6.5292 
6.52935 
6.52954 
6.52975 
6.53 
6.53027 
6.53056 
6.53088 
6.5312 
6.53154 
6.53188 
6.53223 
6.53257 
6.53291 
6.53324 
6.53355 
6.53385 
6.53412 
6.53437 
6.5346 
6.53479 
6.53494 
6.53507 
6.53516 
6.53521 
6.53523 
6.53521 
6.53517 
6.53509 
6.53499 
6.53487 
6.53473 
6.53458 
6.53443 
6.5343 
6.5342 
6.52986 
6.52977 
6.52964 
6.52949 
6.52934 
6.52919 
6.52906 
6.52895 
6.52886 
6.52881 
6.52878 
6.52879 
6.52884 
6.52893 
6.52905 
6.52921 
6.52941 
6.52964 
6.52989 
6.53018 
6.53049 
6.53081 
6.53116 
6.53151 
6.53187 
6.53224 
6.5326 
6.53295 
6.5333 
6.53363 
6.53394 
6.53423 
6.53449 
6.53472 
6.53492 
6.53509 
6.53521 
6.53531 
6.53536 
6.53538 
6.53536 
6.53531 
6.53523 
6.53513 
6.535 
6.53486 
6.53472 
6.53458 
6.53446 
6.53438 
6.52971 
6.52963 
6.52951 
6.52936 
6.52921 
6.52906 
6.52891 
6.52879 
6.5287 
6.52864 
6.52861 
6.52862 
6.52867 
6.52875 
6.52888 
6.52905 
6.52925 
6.52949 
6.52977 
6.53007 
6.53039 
6.53074 
6.5311 
6.53147 
6.53186 
6.53224 
6.53262 
6.533 
6.53337 
6.53371 
6.53404 
6.53435 
6.53462 
6.53487 
6.53508 
6.53525 
6.53538 
6.53548 
6.53553 
6.53555 
6.53553 
6.53547 
6.53539 
6.53527 
6.53514 
6.535 
6.53486 
6.53472 
6.53461 
6.53454 
6.5296 
6.52952 
6.5294 
6.52925 
6.52909 
6.52892 
6.52877 
6.52864 
6.52853 
6.52846 
6.52842 
6.52843 
6.52848 
6.52857 
6.5287 
6.52888 
6.52909 
6.52934 
6.52963 
6.52995 
6.53029 
6.53066 
6.53104 
6.53144 
6.53184 
6.53225 
6.53265 
6.53305 
6.53344 
6.53381 
6.53416 
6.53448 
6.53477 
6.53503 
6.53525 
6.53543 
6.53557 
6.53567 
6.53572 
6.53573 
6.53571 
6.53564 
6.53555 
6.53542 
6.53528 
6.53513 
6.53498 
6.53484 
6.53473 
6.53466 
6.52952 
6.52945 
6.52932 
6.52916 
6.52899 
6.52881 
6.52864 
6.5285 
6.52839 
6.52831 
6.52826 
6.52827 
6.52831 
6.52841 
6.52854 
6.52873 
6.52895 
6.52921 
6.52951 
6.52984 
6.5302 
6.53058 
6.53098 
6.5314 
6.53182 
6.53225 
6.53267 
6.53309 
6.53349 
6.53388 
6.53424 
6.53458 
6.53488 
6.53515 
6.53538 
6.53557 
6.53571 
6.53581 
6.53586 
6.53587 
6.53584 
6.53577 
6.53566 
6.53553 
6.53538 
6.53521 
6.53505 
6.53491 
6.53479 
6.53473 
