0.000117128 7.74263e-05 2.89893e-05 
0.000102566 8.28874e-05 -3.14582e-05 
4.57734e-05 5.37138e-05 -1.96492e-05 
1.77584e-05 3.23542e-05 -8.0963e-06 
6.28781e-06 1.9809e-05 -3.40066e-06 
1.8597e-06 1.30907e-05 -1.1577e-06 
4.14489e-07 9.41147e-06 -3.27084e-07 
5.40565e-08 7.23091e-06 -5.28282e-08 
-5.91842e-09 5.77319e-06 -1.94345e-08 
-4.54078e-08 4.69197e-06 -4.14357e-08 
-1.14028e-07 3.84194e-06 -5.80952e-08 
-1.87765e-07 3.1635e-06 -5.21547e-08 
-2.19492e-07 2.64041e-06 -1.56144e-08 
-1.36138e-07 2.30521e-06 6.41102e-08 
1.58777e-07 2.26012e-06 1.88945e-07 
6.52565e-07 2.6513e-06 2.22912e-07 
9.14083e-07 3.48735e-06 -7.23064e-08 
-4.00652e-07 4.30309e-06 -1.34805e-06 
-5.33888e-06 3.89205e-06 -3.04671e-06 
-1.56398e-05 1.39566e-06 -5.42088e-06 
-2.70407e-05 -1.39584e-06 1.98147e-06 
-1.30261e-05 6.89547e-06 2.90361e-05 
0.000157124 -9.14463e-06 0.000190597 
0.000939831 -0.000311899 0.000593472 
0.00252757 -0.00566963 0.000803076 
0.00208215 -0.00101905 -0.000860343 
0.000702773 9.00556e-05 -0.000382085 
0.000149882 9.31126e-05 -0.000164901 
4.89778e-07 3.91565e-05 -2.10289e-05 
-1.85278e-05 1.37323e-05 -5.17449e-06 
-1.26377e-05 7.08407e-06 5.38989e-06 
-3.97547e-06 4.71287e-06 2.53873e-06 
-3.77337e-08 2.72515e-06 1.1906e-06 
1.02307e-06 8.69937e-07 8.16128e-08 
9.19826e-07 -4.66386e-07 -8.93556e-08 
7.10698e-07 -1.2994e-06 -8.16547e-08 
6.2377e-07 -1.84203e-06 -2.20505e-08 
6.29611e-07 -2.30212e-06 -4.67047e-09 
6.63939e-07 -2.8033e-06 -1.52829e-10 
7.12715e-07 -3.40973e-06 1.10984e-08 
8.05408e-07 -4.16263e-06 5.06216e-08 
9.94764e-07 -5.11511e-06 1.19481e-07 
1.29896e-06 -6.38814e-06 1.77848e-07 
1.54286e-06 -8.29395e-06 5.27023e-08 
1.06559e-06 -1.15928e-05 -5.68332e-07 
-1.93683e-06 -1.79164e-05 -2.60006e-06 
-1.15483e-05 -3.04922e-05 -7.15007e-06 
-3.82166e-05 -5.37656e-05 -1.97325e-05 
-0.000101158 -8.97076e-05 -3.82678e-05 
-0.000134306 -8.748e-05 2.02879e-05 
0.000194459 5.14185e-06 7.92414e-05 
0.0002324 3.86992e-05 -3.53976e-05 
0.000156263 4.92505e-05 -3.44974e-05 
9.6995e-05 4.23774e-05 -2.31392e-05 
6.12771e-05 3.32177e-05 -1.31801e-05 
4.13047e-05 2.56307e-05 -7.58453e-06 
2.99292e-05 2.00567e-05 -4.48645e-06 
2.30202e-05 1.60196e-05 -2.91949e-06 
1.83607e-05 1.30456e-05 -2.08707e-06 
1.49102e-05 1.07906e-05 -1.60429e-06 
1.22082e-05 9.03021e-06 -1.27324e-06 
1.00616e-05 7.62591e-06 -1.00535e-06 
8.42403e-06 6.50846e-06 -7.28517e-07 
7.42277e-06 5.68796e-06 -3.3293e-07 
7.42008e-06 5.29972e-06 2.97101e-07 
8.92146e-06 5.65914e-06 1.19333e-06 
1.19205e-05 7.25833e-06 1.8057e-06 
1.49013e-05 1.05513e-05 1.47458e-06 
1.37747e-05 1.5845e-05 -1.61848e-06 
6.07416e-06 2.34859e-05 -2.14202e-06 
-2.28608e-06 3.59269e-05 1.2656e-06 
3.97661e-05 5.14441e-05 6.14365e-05 
0.000270438 2.62414e-05 0.000188406 
0.00117163 -0.000146494 0.000673539 
0.00211324 -0.102175 -0.00264029 
0.00176767 -0.00248997 -0.000188793 
0.00105241 -0.000231883 -0.000532848 
0.000367873 6.07e-05 -0.000140041 
0.000123792 7.01008e-05 -8.62836e-05 
3.97928e-05 4.84274e-05 -1.50587e-05 
2.34682e-05 2.81631e-05 -7.72384e-06 
1.66423e-05 1.48309e-05 -3.62962e-06 
1.02744e-05 6.12906e-06 -4.13665e-06 
3.83519e-06 9.2239e-07 -2.98186e-06 
-8.33321e-07 -2.0498e-06 -1.96899e-06 
-3.74255e-06 -3.76975e-06 -1.16669e-06 
-5.57607e-06 -4.95854e-06 -8.43694e-07 
-7.06555e-06 -6.02602e-06 -8.03571e-07 
-8.64828e-06 -7.19034e-06 -9.28825e-07 
-1.05541e-05 -8.57973e-06 -1.13982e-06 
-1.29273e-05 -1.03125e-05 -1.43167e-06 
-1.59491e-05 -1.25498e-05 -1.85705e-06 
-2.00155e-05 -1.55443e-05 -2.59889e-06 
-2.60848e-05 -1.96967e-05 -4.04792e-06 
-3.63698e-05 -2.55969e-05 -7.0906e-06 
-5.5276e-05 -3.39603e-05 -1.2894e-05 
-9.10493e-05 -4.47502e-05 -2.40343e-05 
-0.000154503 -5.43813e-05 -3.86113e-05 
-0.000245702 -4.4211e-05 -4.69681e-05 
-0.000217368 -1.18781e-06 8.38653e-05 
0.000165869 -1.29627e-05 8.69699e-05 
0.00026731 5.53089e-06 5.29189e-06 
0.000236848 2.63843e-05 -2.65842e-05 
0.000179182 3.33415e-05 -2.57102e-05 
0.000131862 3.21677e-05 -1.94203e-05 
9.87115e-05 2.82078e-05 -1.3282e-05 
7.63457e-05 2.39718e-05 -9.15079e-06 
6.08732e-05 2.0262e-05 -6.51301e-06 
4.96528e-05 1.72016e-05 -4.87639e-06 
4.11054e-05 1.46992e-05 -3.80278e-06 
3.4356e-05 1.26304e-05 -3.04701e-06 
2.89301e-05 1.08975e-05 -2.45334e-06 
2.46373e-05 9.4462e-06 -1.88145e-06 
2.1625e-05 8.28524e-06 -1.12951e-06 
2.05581e-05 7.53497e-06 1.10986e-07 
2.26546e-05 7.51437e-06 2.03479e-06 
2.92287e-05 8.83345e-06 4.58499e-06 
4.01685e-05 1.24453e-05 6.41472e-06 
5.37549e-05 1.96792e-05 8.29472e-06 
6.91606e-05 3.26954e-05 9.73962e-06 
0.000106087 5.45185e-05 3.60713e-05 
0.000210947 8.08463e-05 7.30927e-05 
0.000507788 5.09156e-05 0.000248352 
0.00126574 -0.000329737 0.000442496 
0.0021346 -0.00220067 9.39134e-05 
0.0012303 -0.00551066 -0.000671428 
0.000805947 -0.000366059 7.65966e-05 
0.000578131 -1.42524e-05 -0.000217708 
0.000288087 6.47664e-05 -7.62571e-05 
0.000158294 5.02468e-05 -5.10569e-05 
9.0192e-05 3.01454e-05 -2.31959e-05 
5.12995e-05 1.45601e-05 -1.75059e-05 
2.36078e-05 4.75299e-06 -1.14006e-05 
5.02881e-06 -9.36312e-07 -7.52749e-06 
-6.54211e-06 -4.12292e-06 -4.38754e-06 
-1.3431e-05 -6.07673e-06 -2.76233e-06 
-1.80863e-05 -7.55438e-06 -2.11327e-06 
-2.2139e-05 -8.9615e-06 -2.10068e-06 
-2.65135e-05 -1.0498e-05 -2.40534e-06 
-3.17164e-05 -1.22816e-05 -2.92047e-06 
-3.81501e-05 -1.44166e-05 -3.64892e-06 
-4.63391e-05 -1.70335e-05 -4.70961e-06 
-5.7178e-05 -2.03007e-05 -6.35102e-06 
-7.23197e-05 -2.43829e-05 -9.06795e-06 
-9.46638e-05 -2.92592e-05 -1.34817e-05 
-0.00012881 -3.42099e-05 -2.04298e-05 
-0.000179586 -3.655e-05 -2.83427e-05 
-0.000245384 -2.986e-05 -3.1959e-05 
-0.000286075 -5.92493e-06 2.04312e-06 
-0.000180523 1.5925e-05 9.36386e-05 
0.000133262 -1.09325e-05 8.91624e-05 
0.000256494 -5.79471e-06 2.48418e-05 
0.000269143 8.78142e-06 -9.18176e-06 
0.000234494 1.98188e-05 -2.05407e-05 
0.000191475 2.43246e-05 -1.96858e-05 
0.000154472 2.4646e-05 -1.60146e-05 
0.000125696 2.30525e-05 -1.22955e-05 
0.000103779 2.0844e-05 -9.47627e-06 
8.68214e-05 1.85841e-05 -7.45696e-06 
7.33506e-05 1.64709e-05 -6.02292e-06 
6.23858e-05 1.45518e-05 -4.95915e-06 
5.3331e-05 1.28252e-05 -4.10588e-06 
4.59184e-05 1.12821e-05 -3.29157e-06 
4.03169e-05 9.93158e-06 -2.24345e-06 
3.73981e-05 8.83669e-06 -5.46831e-07 
3.89909e-05 8.18359e-06 2.31591e-06 
4.75186e-05 8.36437e-06 6.3484e-06 
6.50138e-05 1.0063e-05 1.14559e-05 
9.18546e-05 1.41637e-05 1.61676e-05 
0.000133654 2.1785e-05 2.92226e-05 
0.000210949 3.25692e-05 5.14707e-05 
0.000394706 4.18053e-05 0.000139494 
0.000690939 -2.27937e-05 0.000122677 
0.000896979 -0.000461528 0.000132028 
0.00110921 -0.00436649 0.000313445 
0.00148716 -0.00126561 -0.000156528 
0.000993753 -0.000128501 -0.000236113 
0.000669406 -1.17008e-05 -0.000104979 
0.000427557 3.36077e-05 -0.000114819 
0.000253104 2.95575e-05 -6.05301e-05 
0.000147117 1.72958e-05 -4.41881e-05 
7.67681e-05 6.90064e-06 -2.76219e-05 
3.04457e-05 5.57277e-08 -1.88288e-05 
8.12145e-07 -3.9383e-06 -1.12208e-05 
-1.68504e-05 -6.32298e-06 -6.75852e-06 
-2.76475e-05 -7.98892e-06 -4.37212e-06 
-3.53805e-05 -9.44879e-06 -3.59054e-06 
-4.24542e-05 -1.09423e-05 -3.63541e-06 
-5.01303e-05 -1.25782e-05 -4.13523e-06 
-5.91171e-05 -1.44117e-05 -4.91884e-06 
-6.99816e-05 -1.64807e-05 -6.00023e-06 
-8.34361e-05 -1.88111e-05 -7.49895e-06 
-0.00010057 -2.13865e-05 -9.65391e-06 
-0.000123058 -2.40437e-05 -1.27465e-05 
-0.000153213 -2.62284e-05 -1.70111e-05 
-0.000193083 -2.65229e-05 -2.15979e-05 
-0.000241275 -2.22375e-05 -2.37264e-05 
-0.0002829 -1.01828e-05 -1.25114e-05 
-0.000274201 6.44183e-06 2.45172e-05 
-0.000143336 1.24333e-05 9.62033e-05 
0.000110104 -8.14837e-06 8.26525e-05 
0.000235658 -8.18407e-06 3.62775e-05 
0.000274357 3.24381e-07 3.51444e-06 
0.000263219 9.66384e-06 -1.17326e-05 
0.000232761 1.59586e-05 -1.62468e-05 
0.000199533 1.88823e-05 -1.55417e-05 
0.00016987 1.95484e-05 -1.33762e-05 
0.000145011 1.89723e-05 -1.11325e-05 
0.000124429 1.78033e-05 -9.27862e-06 
0.000107244 1.63889e-05 -7.81767e-06 
9.27122e-05 1.49036e-05 -6.65973e-06 
8.03201e-05 1.34321e-05 -5.68679e-06 
6.98277e-05 1.20138e-05 -4.74213e-06 
6.14257e-05 1.06644e-05 -3.54655e-06 
5.60751e-05 9.39752e-06 -1.61556e-06 
5.58398e-05 8.24397e-06 1.6169e-06 
6.37691e-05 7.28825e-06 6.55231e-06 
8.25875e-05 6.53657e-06 1.24531e-05 
0.000114167 5.7231e-06 2.00049e-05 
0.000161904 2.64564e-06 2.94967e-05 
0.000249031 -6.8196e-06 6.30084e-05 
0.000413092 -4.33157e-05 9.74354e-05 
0.000741444 -9.14422e-05 0.000232234 
0.000655475 -0.000217745 -0.000411118 
-0.000300837 -0.211529 -0.00640568 
0.000591542 -0.00224672 0.000371463 
0.00111217 -0.000331502 -0.000186427 
0.000740487 -7.03563e-05 -0.000155452 
0.000484716 -8.19422e-06 -9.93041e-05 
0.000296596 -7.01001e-07 -8.08991e-05 
0.000168583 -5.20414e-07 -4.9154e-05 
8.32891e-05 -3.01693e-06 -3.56439e-05 
2.59565e-05 -5.19801e-06 -2.2188e-05 
-9.77806e-06 -6.78233e-06 -1.37874e-05 
-3.14085e-05 -8.02323e-06 -8.29859e-06 
-4.51679e-05 -9.21235e-06 -5.8047e-06 
-5.57344e-05 -1.04841e-05 -5.00344e-06 
-6.57912e-05 -1.18773e-05 -5.17794e-06 
-7.67365e-05 -1.33903e-05 -5.82184e-06 
-8.93181e-05 -1.50059e-05 -6.76945e-06 
-0.000104113 -1.6688e-05 -8.00277e-06 
-0.000121786 -1.83588e-05 -9.60726e-06 
-0.000143234 -1.98484e-05 -1.16944e-05 
-0.000169573 -2.07966e-05 -1.43171e-05 
-0.000201679 -2.04875e-05 -1.70489e-05 
-0.000238686 -1.77323e-05 -1.84746e-05 
-0.000274158 -1.11034e-05 -1.43565e-05 
-0.00028995 -7.776e-07 1.6789e-06 
-0.000251636 8.8506e-06 3.77453e-05 
-0.000117883 8.94522e-06 8.88552e-05 
9.44526e-05 -5.96369e-06 7.57569e-05 
0.000215394 -8.06895e-06 4.03765e-05 
0.000267962 -3.54262e-06 1.25215e-05 
0.00027465 3.29259e-06 -3.96952e-06 
0.000257696 9.21478e-06 -1.11941e-05 
0.00023205 1.3113e-05 -1.31762e-05 
0.00020539 1.51241e-05 -1.27248e-05 
0.000180727 1.57956e-05 -1.15072e-05 
0.000158785 1.56236e-05 -1.01879e-05 
0.000139451 1.4959e-05 -8.99252e-06 
0.000122408 1.40226e-05 -7.94423e-06 
0.000107376 1.29476e-05 -6.99989e-06 
9.42345e-05 1.18094e-05 -6.04329e-06 
8.32266e-05 1.06462e-05 -4.82165e-06 
7.53292e-05 9.46828e-06 -2.86432e-06 
7.26465e-05 8.28079e-06 4.31194e-07 
7.82436e-05 7.05157e-06 5.3259e-06 
9.47824e-05 5.64172e-06 1.11877e-05 
0.000122244 2.98968e-06 1.61476e-05 
0.000159764 -3.40484e-06 2.21549e-05 
0.00021202 -2.29348e-05 3.09834e-05 
0.000302638 -6.08378e-05 6.31886e-05 
0.000449535 -0.00022592 7.9922e-05 
0.000740067 -0.000482837 0.000240224 
0.00086271 -0.00785049 -0.000464685 
0.000184194 -0.0038315 0.000115248 
0.000773479 -0.000576695 0.000122172 
0.000682868 -0.000148624 -6.16291e-05 
0.000443404 -6.00689e-05 -0.000107943 
0.000270349 -2.6232e-05 -5.96964e-05 
0.000154542 -1.47445e-05 -5.11134e-05 
6.94751e-05 -1.02055e-05 -3.39066e-05 
1.17583e-05 -8.70644e-06 -2.33261e-05 
-2.54874e-05 -8.44042e-06 -1.42643e-05 
-4.86647e-05 -8.83241e-06 -9.27221e-06 
-6.4436e-05 -9.6296e-06 -6.85921e-06 
-7.73521e-05 -1.06756e-05 -6.26415e-06 
-9.00626e-05 -1.18608e-05 -6.54113e-06 
-0.000103859 -1.31065e-05 -7.26648e-06 
-0.0001194 -1.43436e-05 -8.23579e-06 
-0.000137132 -1.54837e-05 -9.41173e-06 
-0.000157486 -1.63859e-05 -1.08013e-05 
-0.00018092 -1.68126e-05 -1.23937e-05 
-0.000207728 -1.63718e-05 -1.39799e-05 
-0.000237369 -1.4483e-05 -1.48796e-05 
-0.000266845 -1.04628e-05 -1.32557e-05 
-0.000287904 -4.0608e-06 -5.91189e-06 
-0.000283919 3.53851e-06 1.18521e-05 
-0.000229891 8.66121e-06 4.24585e-05 
-0.000101006 6.44277e-06 8.12745e-05 
8.3176e-05 -4.67002e-06 6.91509e-05 
0.000197486 -7.48803e-06 4.15282e-05 
0.000256854 -5.32551e-06 1.79268e-05 
0.000275823 -6.43603e-07 2.27641e-06 
0.000270506 4.25214e-06 -6.27093e-06 
0.000253254 8.13508e-06 -9.9676e-06 
0.000231565 1.07096e-05 -1.10423e-05 
0.0002092 1.21367e-05 -1.08975e-05 
0.000187742 1.27104e-05 -1.02868e-05 
0.000167742 1.2699e-05 -9.52577e-06 
0.000149342 1.23059e-05 -8.73574e-06 
0.000132554 1.16717e-05 -7.9359e-06 
0.000117436 1.08895e-05 -7.05975e-06 
0.000104333 1.00181e-05 -5.87854e-06 
9.42786e-05 9.1037e-06 -3.94568e-06 
8.94637e-05 8.21138e-06 -5.99249e-07 
9.31333e-05 7.52116e-06 4.41455e-06 
0.000108054 7.22804e-06 1.03766e-05 
0.000133161 7.34407e-06 1.43419e-05 
0.000162338 5.59644e-06 1.53897e-05 
0.000187719 -2.17849e-06 1.30088e-05 
0.000216907 -3.06005e-05 2.60657e-05 
0.000248447 -7.94759e-05 2.83053e-05 
0.0007015 -0.000323938 0.00048769 
0.00119236 -0.00123507 -0.000335322 
-0.000103466 -0.0091749 -0.000592826 
0.000147099 -0.000859445 0.000589268 
0.000461968 -0.000283413 -0.000136734 
0.000300262 -9.06851e-05 -2.76082e-05 
0.000207136 -4.02923e-05 -5.41767e-05 
0.000116526 -2.08475e-05 -3.74386e-05 
4.55049e-05 -1.30309e-05 -3.19401e-05 
-7.73456e-06 -9.86614e-06 -2.13108e-05 
-4.32325e-05 -8.78168e-06 -1.42711e-05 
-6.67387e-05 -8.77664e-06 -9.64119e-06 
-8.38022e-05 -9.33364e-06 -7.72457e-06 
-9.86209e-05 -1.01625e-05 -7.27987e-06 
-0.000113487 -1.10854e-05 -7.64384e-06 
-0.000129499 -1.19901e-05 -8.34669e-06 
-0.000147136 -1.27833e-05 -9.21331e-06 
-0.000166633 -1.3355e-05 -1.01594e-05 
-0.000188106 -1.35486e-05 -1.11293e-05 
-0.000211508 -1.31342e-05 -1.19952e-05 
-0.000236373 -1.17974e-05 -1.24309e-05 
-0.000261129 -9.17563e-06 -1.16192e-05 
-0.000281804 -5.03784e-06 -7.9938e-06 
-0.00029018 3.32607e-07 1.002e-06 
-0.000272486 5.56691e-06 1.79688e-05 
-0.000210706 8.04536e-06 4.3859e-05 
-8.89152e-05 5.0301e-06 7.40585e-05 
7.43648e-05 -3.8759e-06 6.32854e-05 
0.000181568 -6.9345e-06 4.10176e-05 
0.000243763 -6.18714e-06 2.11543e-05 
0.000270853 -3.10792e-06 6.81928e-06 
0.000274698 6.82791e-07 -1.98641e-06 
0.000265205 4.12475e-06 -6.70272e-06 
0.000249055 6.76537e-06 -8.87819e-06 
0.000230113 8.54969e-06 -9.67693e-06 
0.000210399 9.59977e-06 -9.76908e-06 
0.000190928 1.00834e-05 -9.50474e-06 
0.00017222 1.0153e-05 -9.0501e-06 
0.000154564 9.92867e-06 -8.47462e-06 
0.00013821 9.49642e-06 -7.74396e-06 
0.000123623 8.91303e-06 -6.67082e-06 
0.000111938 8.21674e-06 -4.76822e-06 
0.000105523 7.49832e-06 -1.37221e-06 
0.00010825 7.04029e-06 4.27975e-06 
0.000123975 7.63674e-06 1.10994e-05 
0.000153228 1.03053e-05 1.74731e-05 
0.000187504 1.59187e-05 1.55559e-05 
0.000213614 2.12849e-05 1.3387e-05 
0.000213145 1.88358e-05 -9.86113e-06 
0.00024149 -1.02996e-05 6.72861e-05 
0.000361748 -0.00026788 8.51624e-06 
0.000605241 -0.000687384 0.000276751 
0.000946486 -0.0062994 -0.000300768 
7.06644e-05 -0.000347685 -0.000366279 
2.78706e-05 -0.000207955 0.00013892 
0.000146365 -6.70906e-05 -1.62904e-05 
0.000124772 -3.33617e-05 -1.39752e-05 
7.57073e-05 -1.80543e-05 -3.13265e-05 
1.82852e-05 -1.22498e-05 -2.54587e-05 
-2.78201e-05 -9.4315e-06 -1.98126e-05 
-6.09443e-05 -8.32323e-06 -1.3454e-05 
-8.40696e-05 -8.17051e-06 -9.93202e-06 
-0.000102045 -8.5566e-06 -8.32065e-06 
-0.0001183 -9.16499e-06 -8.0714e-06 
-0.000134762 -9.80402e-06 -8.42239e-06 
-0.00015226 -1.03515e-05 -9.02856e-06 
-0.000171079 -1.07108e-05 -9.68977e-06 
-0.000191219 -1.07745e-05 -1.03045e-05 
-0.000212483 -1.04035e-05 -1.07594e-05 
-0.000234389 -9.41849e-06 -1.08693e-05 
-0.000255912 -7.61424e-06 -1.02531e-05 
-0.000274926 -4.82688e-06 -8.1713e-06 
-0.000287247 -1.08692e-06 -3.31425e-06 
-0.000285504 3.11678e-06 6.08065e-06 
-0.000258674 6.58828e-06 2.1658e-05 
-0.000193581 7.48996e-06 4.33832e-05 
-7.9442e-05 4.19e-06 6.76657e-05 
6.7032e-05 -3.33926e-06 5.80112e-05 
0.000167164 -6.42608e-06 3.97362e-05 
0.000229864 -6.55009e-06 2.28819e-05 
0.000262129 -4.63348e-06 1.00377e-05 
0.000272859 -1.81553e-06 1.4569e-06 
0.000269955 1.04725e-06 -3.72165e-06 
0.000259136 3.49409e-06 -6.62561e-06 
0.00024403 5.36355e-06 -8.14431e-06 
0.00022679 6.66447e-06 -8.84829e-06 
0.000208691 7.47645e-06 -9.06051e-06 
0.000190511 7.89477e-06 -8.96505e-06 
0.000172758 8.00393e-06 -8.6551e-06 
0.000155832 7.86349e-06 -8.13841e-06 
0.000140276 7.48946e-06 -7.24801e-06 
0.000127209 6.83646e-06 -5.58334e-06 
0.000119059 5.80922e-06 -2.23971e-06 
0.000120095 4.45684e-06 3.487e-06 
0.000136194 3.32981e-06 1.25551e-05 
0.000170774 4.27129e-06 2.07738e-05 
0.000221645 9.72525e-06 2.93926e-05 
0.00027218 2.3095e-05 1.81826e-05 
0.000307497 3.63156e-05 2.64162e-05 
0.000311837 1.81936e-05 -1.98238e-05 
0.000267124 -6.97342e-05 2.02764e-05 
0.000448676 -0.000457168 0.000225861 
0.00100938 -0.000975245 -3.25977e-05 
0.000274104 -0.000195011 -0.00033838 
-1.7316e-05 -1.74102e-05 7.34075e-06 
7.56358e-05 -1.24232e-05 3.02254e-05 
8.74215e-05 -1.09212e-05 -1.9498e-05 
4.47242e-05 -1.22871e-05 -2.36993e-05 
-4.92134e-06 -1.06777e-05 -2.39779e-05 
-4.68973e-05 -8.94063e-06 -1.75669e-05 
-7.74291e-05 -7.75705e-06 -1.29034e-05 
-9.99577e-05 -7.39133e-06 -9.88757e-06 
-0.000118404 -7.54439e-06 -8.75496e-06 
-0.000135636 -7.90774e-06 -8.58017e-06 
-0.000153103 -8.26201e-06 -8.88777e-06 
-0.000171378 -8.47818e-06 -9.32384e-06 
-0.000190539 -8.46304e-06 -9.72583e-06 
-0.000210381 -8.12501e-06 -9.96513e-06 
-0.000230447 -7.35848e-06 -9.90495e-06 
-0.000249942 -6.04594e-06 -9.33379e-06 
-0.000267515 -4.08331e-06 -7.89262e-06 
-0.000280839 -1.44249e-06 -4.94646e-06 
-0.000285941 1.71148e-06 5.00157e-07 
-0.00027651 4.86683e-06 9.71666e-06 
-0.000243797 7.05314e-06 2.3667e-05 
-0.000177988 6.98024e-06 4.20382e-05 
-7.15083e-05 3.62961e-06 6.19042e-05 
6.07334e-05 -2.92035e-06 5.32681e-05 
0.000154039 -5.9265e-06 3.80364e-05 
0.000215833 -6.59311e-06 2.36446e-05 
0.000251189 -5.51229e-06 1.22115e-05 
0.000266918 -3.49351e-06 4.1218e-06 
0.000269346 -1.20706e-06 -1.17756e-06 
0.000263283 9.30576e-07 -4.49621e-06 
0.000251979 2.72061e-06 -6.52036e-06 
0.000237534 4.10512e-06 -7.70568e-06 
0.000221319 5.10001e-06 -8.33388e-06 
0.00020426 5.75047e-06 -8.58019e-06 
0.000187 6.10406e-06 -8.55666e-06 
0.000170025 6.18552e-06 -8.30056e-06 
0.000153838 5.95486e-06 -7.75404e-06 
0.000139309 5.22914e-06 -6.57575e-06 
0.000128267 3.59715e-06 -4.19967e-06 
0.000124537 4.15096e-07 8.2594e-07 
0.000133991 -4.75546e-06 8.5303e-06 
0.000164287 -1.12956e-05 2.1409e-05 
0.000217765 -1.55125e-05 2.88141e-05 
0.000297267 -1.2077e-05 4.98327e-05 
0.000377788 9.36189e-06 1.32262e-05 
0.000390951 9.54614e-06 1.30024e-05 
0.000289884 -5.66781e-05 -9.09696e-05 
0.000214503 -0.176822 0.00603283 
0.000207431 -0.0019324 -5.39661e-05 
5.5955e-05 -0.000346204 2.94986e-05 
0.000131885 -1.3928e-05 5.92962e-06 
0.00012768 1.61491e-05 -1.92001e-05 
7.99716e-05 -6.04908e-06 -2.73394e-05 
2.18614e-05 -1.25794e-05 -2.7989e-05 
-2.84194e-05 -1.21114e-05 -2.12397e-05 
-6.59984e-05 -9.482e-06 -1.58055e-05 
-9.3262e-05 -7.54496e-06 -1.15788e-05 
-0.000114292 -6.65342e-06 -9.62065e-06 
-0.000132629 -6.46957e-06 -8.86354e-06 
-0.000150283 -6.55992e-06 -8.83501e-06 
-0.00016819 -6.6483e-06 -9.0484e-06 
-0.000186609 -6.58395e-06 -9.29366e-06 
-0.000205429 -6.2775e-06 -9.41225e-06 
-0.000224271 -5.65674e-06 -9.28364e-06 
-0.000242495 -4.65212e-06 -8.75996e-06 
-0.000259119 -3.20222e-06 -7.63854e-06 
-0.000272654 -1.27841e-06 -5.60344e-06 
-0.000280801 1.06473e-06 -2.14856e-06 
-0.000279987 3.61102e-06 3.48678e-06 
-0.000264918 5.89242e-06 1.21986e-05 
-0.000228637 7.14882e-06 2.45921e-05 
-0.000163699 6.46528e-06 4.02145e-05 
-6.46522e-05 3.18844e-06 5.67085e-05 
5.52544e-05 -2.56995e-06 4.89947e-05 
0.00014209 -5.43449e-06 3.61419e-05 
0.000202115 -6.43357e-06 2.37546e-05 
0.000239087 -5.94956e-06 1.36075e-05 
0.000258317 -4.56299e-06 6.11141e-06 
0.000264917 -2.79369e-06 9.10334e-07 
0.000262905 -9.9747e-07 -2.59964e-06 
0.000255119 6.24374e-07 -4.94339e-06 
0.000243503 1.98074e-06 -6.48167e-06 
0.000229419 3.04643e-06 -7.44616e-06 
0.000213846 3.82967e-06 -7.99649e-06 
0.000197494 4.34834e-06 -8.24791e-06 
0.000180866 4.60232e-06 -8.29247e-06 
0.00016433 4.51832e-06 -8.16067e-06 
0.000148222 3.83456e-06 -7.85288e-06 
0.000133215 1.89773e-06 -6.95814e-06 
0.000120859 -2.55056e-06 -5.14842e-06 
0.000115102 -1.13361e-05 -5.86654e-08 
0.000121794 -2.58375e-05 6.53438e-06 
0.000153222 -4.52284e-05 2.59729e-05 
0.000216385 -6.30323e-05 3.1177e-05 
0.000351052 -7.19057e-05 0.000108315 
0.000444632 -2.74906e-05 -7.46312e-05 
0.000189051 -0.000220725 -3.24015e-05 
-0.000109889 -0.159279 -0.00207782 
-0.000594032 -0.00281952 -6.91077e-05 
-0.000212368 -0.000420703 0.000408857 
0.00026403 -7.32201e-05 1.33019e-05 
0.000176644 -2.86946e-05 -6.58205e-05 
6.01673e-05 -2.55716e-05 -4.27405e-05 
-1.20572e-05 -2.21845e-05 -2.73415e-05 
-5.77026e-05 -1.59673e-05 -1.78522e-05 
-8.73592e-05 -1.06954e-05 -1.20499e-05 
-0.000108895 -7.44315e-06 -9.70303e-06 
-0.000127205 -5.92462e-06 -8.79537e-06 
-0.000144652 -5.38309e-06 -8.70906e-06 
-0.000162181 -5.21703e-06 -8.81577e-06 
-0.000180014 -5.07799e-06 -8.96289e-06 
-0.000198067 -4.79534e-06 -9.0054e-06 
-0.000216037 -4.28331e-06 -8.85315e-06 
-0.000233416 -3.48872e-06 -8.39113e-06 
-0.000249452 -2.37356e-06 -7.48383e-06 
-0.000263078 -9.19514e-07 -5.9493e-06 
-0.0002728 8.51972e-07 -3.52826e-06 
-0.000276474 2.84373e-06 1.76625e-07 
-0.000270984 4.83177e-06 5.73861e-06 
-0.000251926 6.41443e-06 1.38137e-05 
-0.000213729 7.00309e-06 2.47797e-05 
-0.000150642 5.94336e-06 3.81639e-05 
-5.86626e-05 2.8136e-06 5.20177e-05 
5.04574e-05 -2.27442e-06 4.51443e-05 
0.000131234 -4.97137e-06 3.4173e-05 
0.000188973 -6.16592e-06 2.34329e-05 
0.000226517 -6.1042e-06 1.44239e-05 
0.00024809 -5.20717e-06 7.55044e-06 
0.000257862 -3.87761e-06 2.5713e-06 
0.000259191 -2.41176e-06 -9.73854e-07 
0.000254518 -9.96572e-07 -3.49419e-06 
0.000245588 2.64607e-07 -5.27151e-06 
0.000233687 1.32337e-06 -6.49266e-06 
0.000219787 2.16403e-06 -7.29355e-06 
0.00020461 2.78631e-06 -7.79252e-06 
0.000188651 3.18496e-06 -8.10494e-06 
0.00017212 3.30705e-06 -8.40764e-06 
0.000154828 2.95043e-06 -8.89193e-06 
0.000135974 1.54437e-06 -9.98802e-06 
0.000114336 -2.20654e-06 -1.14615e-05 
8.85832e-05 -1.06698e-05 -1.39661e-05 
6.10125e-05 -2.69966e-05 -1.20531e-05 
3.74503e-05 -5.41183e-05 -1.12486e-05 
4.62095e-05 -9.27776e-05 2.61348e-05 
9.18386e-05 -0.000149285 7.41578e-06 
0.000335735 -0.000211393 0.000279565 
-0.000149895 -0.000240718 -0.000948218 
-0.00234549 -0.238145 -0.00796236 
-0.00145111 -0.00478076 0.000919848 
-0.00029771 -0.000618088 0.000558195 
0.000191159 -0.000251016 -6.09372e-05 
7.32501e-05 -0.000103649 -5.13325e-05 
-1.76598e-05 -5.44404e-05 -3.38511e-05 
-6.95505e-05 -3.19323e-05 -1.72445e-05 
-9.52161e-05 -1.86527e-05 -8.94577e-06 
-0.00011065 -1.09269e-05 -6.885e-06 
-0.000124047 -6.86137e-06 -6.83377e-06 
-0.0001385 -5.01835e-06 -7.67368e-06 
-0.000154459 -4.26698e-06 -8.25834e-06 
-0.00017139 -3.91807e-06 -8.59769e-06 
-0.000188744 -3.6084e-06 -8.67389e-06 
-0.000206048 -3.17038e-06 -8.53738e-06 
-0.00022283 -2.52865e-06 -8.13876e-06 
-0.000238486 -1.64774e-06 -7.39632e-06 
-0.000252212 -5.14438e-07 -6.19009e-06 
-0.000262935 8.59758e-07 -4.36891e-06 
-0.000269232 2.42416e-06 -1.72592e-06 
-0.000269178 4.06457e-06 2.04494e-06 
-0.000260099 5.57096e-06 7.38291e-06 
-0.000238343 6.60874e-06 1.4778e-05 
-0.000199403 6.72332e-06 2.4478e-05 
-0.000138755 5.44181e-06 3.6024e-05 
-5.34061e-05 2.49287e-06 4.77878e-05 
4.6226e-05 -2.02865e-06 4.16645e-05 
0.00012136 -4.55466e-06 3.22034e-05 
0.00017652 -5.85639e-06 2.28261e-05 
0.000213906 -6.09117e-06 1.48153e-05 
0.000236936 -5.56836e-06 8.54949e-06 
0.000249051 -4.60178e-06 3.85884e-06 
0.000253064 -3.43508e-06 3.79999e-07 
0.000251061 -2.23436e-06 -2.21084e-06 
0.000244575 -1.10304e-06 -4.13484e-06 
0.000234783 -1.00348e-07 -5.5386e-06 
0.000222608 7.44416e-07 -6.53509e-06 
0.000208767 1.42245e-06 -7.22747e-06 
0.000193747 1.93875e-06 -7.74845e-06 
0.000177712 2.30314e-06 -8.2949e-06 
0.000160198 2.49571e-06 -9.31525e-06 
0.000139607 2.35898e-06 -1.1409e-05 
0.00011235 1.30444e-06 -1.59646e-05 
7.30807e-05 -2.14039e-06 -2.27096e-05 
1.54761e-05 -1.10417e-05 -3.35641e-05 
-5.83036e-05 -2.9515e-05 -3.4722e-05 
-0.000141706 -6.55413e-05 -4.32529e-05 
-0.000187435 -0.000122116 3.20855e-05 
-0.000224187 -0.000325082 -2.89099e-05 
0.000180439 -0.00106465 0.000817283 
0.000279599 -0.0115258 -0.00141908 
-0.000793161 -0.0197157 0.000700257 
-0.000644406 -0.00161342 0.000217898 
-0.000188701 -0.000357621 -2.25629e-05 
-0.000146199 -0.000128826 -2.51335e-06 
-0.000139742 -5.93756e-05 -5.31673e-06 
-0.000137844 -3.00433e-05 2.12377e-06 
-0.000133148 -1.58697e-05 1.02639e-06 
-0.000132032 -8.70272e-06 -9.25499e-07 
-0.000136972 -5.32456e-06 -4.24112e-06 
-0.000147633 -3.79506e-06 -6.43576e-06 
-0.000161939 -3.09945e-06 -7.74548e-06 
-0.000178029 -2.67902e-06 -8.22838e-06 
-0.000194618 -2.26377e-06 -8.25574e-06 
-0.00021092 -1.72762e-06 -7.9511e-06 
-0.000226315 -1.01713e-06 -7.34548e-06 
-0.000240145 -1.14024e-07 -6.37763e-06 
-0.000251596 9.76608e-07 -4.95341e-06 
-0.000259637 2.22454e-06 -2.95063e-06 
-0.000262965 3.56462e-06 -2.09469e-07 
-0.000259889 4.88088e-06 3.50607e-06 
-0.000248136 5.98609e-06 8.53721e-06 
-0.000224671 6.60568e-06 1.52633e-05 
-0.000185812 6.387e-06 2.38524e-05 
-0.000127939 4.98392e-06 3.38799e-05 
-4.87661e-05 2.22306e-06 4.39661e-05 
4.24584e-05 -1.82582e-06 3.85032e-05 
0.000112341 -4.18934e-06 3.02727e-05 
0.000164773 -5.54207e-06 2.20347e-05 
0.000201493 -5.9836e-06 1.48959e-05 
0.000225308 -5.74498e-06 9.20298e-06 
0.000239093 -5.07299e-06 4.82977e-06 
0.000245213 -4.16732e-06 1.48099e-06 
0.000245443 -3.17187e-06 -1.10541e-06 
0.000241114 -2.18375e-06 -3.10374e-06 
0.00023328 -1.26528e-06 -4.62784e-06 
0.000222797 -4.52639e-07 -5.76519e-06 
0.000210358 2.40851e-07 -6.60078e-06 
0.00019648 8.31292e-07 -7.23171e-06 
0.000181412 1.38793e-06 -7.84451e-06 
0.000164887 2.08355e-06 -8.77095e-06 
0.000145445 3.24223e-06 -1.08943e-05 
0.000119457 5.31921e-06 -1.52898e-05 
7.96038e-05 8.51713e-06 -2.45961e-05 
1.61743e-05 1.20764e-05 -3.7207e-05 
-8.10358e-05 1.23283e-05 -5.70752e-05 
-0.000209594 4.1844e-06 -6.04538e-05 
-0.000361307 -2.84746e-05 -7.8741e-05 
-0.000527258 -6.49475e-05 -2.44177e-05 
-0.000132343 -0.000357459 0.000550294 
0.000712758 -0.00123637 -9.65543e-05 
0.000529258 -0.0103819 -0.000387846 
-0.000670016 -0.00060845 -0.000371754 
-0.000596512 -0.000212812 0.000174975 
-0.000342393 -6.67085e-05 4.80107e-05 
-0.000240329 -2.81248e-05 3.715e-05 
-0.000186527 -1.31006e-05 1.58924e-05 
-0.000158564 -6.6963e-06 1.01224e-05 
-0.000145812 -4.08944e-06 2.32058e-06 
-0.000145666 -2.89826e-06 -2.39075e-06 
-0.0001539 -2.30875e-06 -5.70489e-06 
-0.000167008 -1.90373e-06 -7.25244e-06 
-0.000182229 -1.51669e-06 -7.82056e-06 
-0.000197911 -1.05433e-06 -7.75164e-06 
-0.000213062 -4.67648e-07 -7.3047e-06 
-0.000226983 2.65763e-07 -6.52662e-06 
-0.000238992 1.14729e-06 -5.38889e-06 
-0.000248299 2.15887e-06 -3.81645e-06 
-0.000253946 3.25983e-06 -1.7159e-06 
-0.000254766 4.38019e-06 1.03481e-06 
-0.000249297 5.41038e-06 4.61791e-06 
-0.000235619 6.18824e-06 9.30456e-06 
-0.0002112 6.48963e-06 1.53976e-05 
-0.000172998 6.03871e-06 2.30174e-05 
-0.000118068 4.57817e-06 3.17781e-05 
-4.46369e-05 1.99827e-06 4.04987e-05 
3.90701e-05 -1.65765e-06 3.56134e-05 
0.00010406 -3.87124e-06 2.8402e-05 
0.000153706 -5.23916e-06 2.11265e-05 
0.000189405 -5.82352e-06 1.47502e-05 
0.0002135 -5.79996e-06 9.58672e-06 
0.000228412 -5.36481e-06 5.53772e-06 
0.000236145 -4.6819e-06 2.35622e-06 
0.000238203 -3.87417e-06 -1.74204e-07 
0.000235735 -3.02954e-06 -2.19261e-06 
0.000229667 -2.20895e-06 -3.78578e-06 
0.000220781 -1.45181e-06 -5.01969e-06 
0.00020974 -7.76141e-07 -5.95104e-06 
0.000197095 -1.67533e-07 -6.63896e-06 
0.000183283 4.60566e-07 -7.14609e-06 
0.000168514 1.35865e-06 -7.66805e-06 
0.000152427 3.11555e-06 -8.56225e-06 
0.00013307 6.84143e-06 -1.11301e-05 
0.000105559 1.42016e-05 -1.65749e-05 
5.99774e-05 2.66256e-05 -2.89501e-05 
-1.59695e-05 4.4106e-05 -4.39735e-05 
-0.000133907 6.32025e-05 -6.83027e-05 
-0.000294522 7.86357e-05 -7.17187e-05 
-0.000401523 7.76811e-05 1.20247e-05 
-0.000255168 -0.000182748 0.000132018 
0.00040349 -0.000786814 0.000641589 
0.00125403 -0.00684882 -0.000300674 
-9.63452e-05 -0.000338191 -0.000555128 
-0.000538191 2.77041e-05 5.34742e-06 
-0.000358855 4.7042e-05 8.20537e-05 
-0.000243803 2.26469e-05 2.45607e-05 
-0.000190203 1.15591e-05 2.11959e-05 
-0.00016024 4.738e-06 8.04045e-06 
-0.000148613 1.33004e-06 2.58665e-06 
-0.000148735 -2.70563e-07 -2.71669e-06 
-0.000157003 -7.86977e-07 -5.49838e-06 
-0.000169658 -7.59686e-07 -6.99282e-06 
-0.000184179 -4.55469e-07 -7.39952e-06 
-0.000198905 1.41413e-08 -7.2195e-06 
-0.000212844 6.16104e-07 -6.6339e-06 
-0.00022528 1.33984e-06 -5.72232e-06 
-0.000235545 2.17178e-06 -4.46235e-06 
-0.000242894 3.08516e-06 -2.8006e-06 
-0.000246457 4.03462e-06 -6.66044e-07 
-0.000245206 4.95115e-06 2.03255e-06 
-0.000237891 5.73544e-06 5.43753e-06 
-0.000222892 6.24933e-06 9.76899e-06 
-0.000198088 6.30986e-06 1.52763e-05 
-0.00016094 5.69887e-06 2.20503e-05 
-0.00010902 4.2218e-06 2.97438e-05 
-4.09297e-05 1.8104e-06 3.73358e-05 
3.59954e-05 -1.51633e-06 3.29562e-05 
9.64147e-05 -3.59278e-06 2.66015e-05 
0.000143275 -4.95286e-06 2.01481e-05 
0.000177712 -5.6342e-06 1.44402e-05 
0.000201703 -5.77281e-06 9.76086e-06 
0.000217311 -5.52689e-06 6.02961e-06 
0.000226238 -5.03138e-06 3.03502e-06 
0.000229764 -4.39057e-06 5.94602e-07 
0.000228868 -3.6822e-06 -1.40385e-06 
0.000224361 -2.96348e-06 -3.02648e-06 
0.000216942 -2.27487e-06 -4.32018e-06 
0.000207232 -1.64062e-06 -5.32133e-06 
0.000195804 -1.06112e-06 -6.0395e-06 
0.00018325 -4.84137e-07 -6.45146e-06 
0.000170297 2.77564e-07 -6.45413e-06 
0.000157799 1.7152e-06 -6.08227e-06 
0.000146438 4.90799e-06 -5.45257e-06 
0.000135156 1.17071e-05 -6.37908e-06 
0.000119263 2.45456e-05 -9.82349e-06 
8.7298e-05 4.52491e-05 -2.22799e-05 
2.84556e-05 7.33604e-05 -3.15387e-05 
-5.8281e-05 0.000106729 -4.83973e-05 
-0.000131373 9.78208e-05 -3.07272e-06 
-9.31198e-05 1.15917e-05 6.78591e-05 
0.000397773 -0.000544063 0.00043448 
0.00136098 -0.00184037 9.50384e-05 
0.00041809 -0.000168756 -0.000628251 
-0.000108148 0.000149617 7.87025e-06 
-0.000149451 9.67928e-05 -4.48912e-05 
-0.000157378 5.38312e-05 1.24946e-05 
-0.000144709 2.68525e-05 -1.35528e-06 
-0.000140912 1.24108e-05 1.87712e-06 
-0.000140839 5.04117e-06 -2.24258e-06 
-0.000146864 1.69256e-06 -4.17187e-06 
-0.000157132 4.57196e-07 -6.05944e-06 
-0.000170118 2.35372e-07 -6.85832e-06 
-0.000184105 4.76306e-07 -7.02798e-06 
-0.000197892 9.38651e-07 -6.6748e-06 
-0.000210614 1.53343e-06 -5.97235e-06 
-0.000221611 2.22587e-06 -4.95624e-06 
-0.000230254 2.99181e-06 -3.61706e-06 
-0.000235856 3.7994e-06 -1.9126e-06 
-0.00023764 4.60236e-06 2.08319e-07 
-0.000234715 5.33591e-06 2.81375e-06 
-0.000226017 5.91235e-06 6.016e-06 
-0.000210181 6.21499e-06 9.9978e-06 
-0.000185421 6.09401e-06 1.49699e-05 
-0.000149598 5.3748e-06 2.10043e-05 
-0.000100688 3.90763e-06 2.77893e-05 
-3.75739e-05 1.65143e-06 3.44351e-05 
3.31838e-05 -1.39566e-06 3.04999e-05 
8.93247e-05 -3.34662e-06 2.48758e-05 
0.000133434 -4.68386e-06 1.91313e-05 
0.000166447 -5.42894e-06 1.4012e-05 
0.00019005 -5.68914e-06 9.7727e-06 
0.00020601 -5.5936e-06 6.34543e-06 
0.000215783 -5.25414e-06 3.54567e-06 
0.000220457 -4.75887e-06 1.21681e-06 
0.000220867 -4.17557e-06 -7.33153e-07 
0.000217713 -3.55645e-06 -2.35443e-06 
0.000211615 -2.94136e-06 -3.68087e-06 
0.000203136 -2.35983e-06 -4.73301e-06 
0.000192831 -1.8315e-06 -5.50173e-06 
0.000181351 -1.35892e-06 -5.89057e-06 
0.000169671 -8.98132e-07 -5.68716e-06 
0.000159441 -2.67623e-07 -4.44737e-06 
0.000153071 1.02188e-06 -2.01906e-06 
0.000153096 4.02208e-06 1.61218e-06 
0.000158966 1.03391e-05 2.92536e-06 
0.000165278 2.16067e-05 2.53368e-06 
0.000157589 3.76491e-05 -1.21778e-05 
0.000144813 5.07806e-05 5.91294e-06 
8.85886e-05 5.34894e-05 -8.29547e-05 
8.8146e-05 -8.66275e-05 0.000160824 
0.000479657 -0.142218 0.0138656 
0.000419882 -0.00355036 -0.000172504 
0.00043453 -0.00035474 0.000363264 
0.000338522 1.1315e-05 -0.000309276 
4.87186e-05 6.18725e-05 -3.36911e-05 
-3.31231e-05 4.68848e-05 -4.55747e-05 
-8.6046e-05 2.59526e-05 -1.46624e-05 
-0.000111464 1.30549e-05 -1.1352e-05 
-0.000128564 5.85049e-06 -6.92419e-06 
-0.000141946 2.52876e-06 -6.71331e-06 
-0.00015519 1.25841e-06 -6.69262e-06 
-0.000168749 1.02582e-06 -6.85465e-06 
-0.000182301 1.26326e-06 -6.65304e-06 
-0.000195161 1.72156e-06 -6.14432e-06 
-0.000206699 2.29643e-06 -5.33368e-06 
-0.000216337 2.94459e-06 -4.24531e-06 
-0.000223502 3.63633e-06 -2.86091e-06 
-0.000227575 4.33798e-06 -1.1508e-06 
-0.00022787 5.00472e-06 9.22311e-07 
-0.00022362 5.57759e-06 3.40836e-06 
-0.000213926 5.98039e-06 6.39739e-06 
-0.000197638 6.11502e-06 1.00441e-05 
-0.000173244 5.85818e-06 1.45305e-05 
-0.000138927 5.06831e-06 1.99158e-05 
-9.29833e-05 3.62826e-06 2.59204e-05 
-3.4515e-05 1.51486e-06 3.17625e-05 
3.05971e-05 -1.29101e-06 2.82197e-05 
8.27241e-05 -3.12676e-06 2.32259e-05 
0.000124143 -4.4314e-06 1.80986e-05 
0.000155628 -5.21591e-06 1.34997e-05 
0.000178628 -5.56638e-06 9.65944e-06 
0.000194668 -5.58966e-06 6.51868e-06 
0.000205 -5.37901e-06 3.91415e-06 
0.000210548 -5.00882e-06 1.70943e-06 
0.000212023 -4.53761e-06 -1.72032e-07 
0.000210026 -4.01203e-06 -1.76877e-06 
0.000205097 -3.46959e-06 -3.10496e-06 
0.000197739 -2.94162e-06 -4.19589e-06 
0.000188452 -2.45865e-06 -5.02565e-06 
0.000177833 -2.06119e-06 -5.50729e-06 
0.000166831 -1.81456e-06 -5.37146e-06 
0.000157145 -1.81942e-06 -4.18623e-06 
0.000151677 -2.17371e-06 -1.24569e-06 
0.000153989 -2.8749e-06 3.05438e-06 
0.000166497 -3.53088e-06 8.21355e-06 
0.000184781 -3.94064e-06 6.98906e-06 
0.000200264 -4.97853e-06 6.75278e-06 
0.000179693 -2.40085e-05 -3.36321e-05 
0.000180809 -6.9235e-05 5.9024e-05 
-0.000170895 -0.000240551 -0.000495645 
-0.0012499 -0.19115 -0.0119161 
-0.000222047 -0.00706372 0.000672239 
0.000539501 -0.000529783 -0.000428728 
0.000289202 -0.000153271 1.1026e-05 
0.000179136 1.25699e-05 -9.99015e-05 
4.17012e-05 1.82606e-05 -4.42184e-05 
-3.81579e-05 1.46027e-05 -3.34216e-05 
-8.7955e-05 8.11175e-06 -1.76858e-05 
-0.00011694 4.36738e-06 -1.17151e-05 
-0.00013653 2.37369e-06 -8.3869e-06 
-0.000152024 1.66182e-06 -7.31245e-06 
-0.000166006 1.61327e-06 -6.75727e-06 
-0.000179053 1.90889e-06 -6.28481e-06 
-0.000190994 2.36993e-06 -5.62179e-06 
-0.000201396 2.91899e-06 -4.73295e-06 
-0.000209774 3.5159e-06 -3.59637e-06 
-0.000215616 4.13113e-06 -2.19612e-06 
-0.000218371 4.73137e-06 -5.08083e-07 
-0.000217442 5.27479e-06 1.4932e-06 
-0.000212172 5.70884e-06 3.84447e-06 
-0.000201804 5.96797e-06 6.61892e-06 
-0.000185369 5.96985e-06 9.94987e-06 
-0.00016158 5.61236e-06 1.39969e-05 
-0.000128884 4.77932e-06 1.88104e-05 
-8.58359e-05 3.37755e-06 2.41386e-05 
-3.17112e-05 1.39584e-06 2.92907e-05 
2.82054e-05 -1.19905e-06 2.60954e-05 
7.656e-05 -2.92858e-06 2.16513e-05 
0.000115364 -4.19437e-06 1.70657e-05 
0.00014526 -5.00037e-06 1.29293e-05 
0.0001675 -5.41684e-06 9.45046e-06 
0.000183407 -5.53328e-06 6.57722e-06 
0.00019406 -5.4281e-06 4.1636e-06 
0.000200249 -5.16417e-06 2.08933e-06 
0.000202575 -4.7917e-06 2.89805e-07 
0.000201552 -4.35164e-06 -1.2645e-06 
0.000197649 -3.87788e-06 -2.59135e-06 
0.000191307 -3.39931e-06 -3.7018e-06 
0.00018296 -2.94488e-06 -4.58946e-06 
0.000173116 -2.55705e-06 -5.18197e-06 
0.000162533 -2.32165e-06 -5.30066e-06 
0.000152585 -2.42207e-06 -4.5181e-06 
0.000145576 -3.20094e-06 -2.4797e-06 
0.000144644 -5.12463e-06 1.19695e-06 
0.000151725 -8.62268e-06 4.28775e-06 
0.000164637 -1.32637e-05 5.44513e-06 
0.000168053 -2.11698e-05 -9.54545e-06 
0.000128856 -2.98465e-05 -3.53979e-05 
-4.95949e-05 -0.000147942 -0.000149309 
-0.000251981 -0.000333914 5.60142e-05 
0.000193311 -0.00578829 0.000212191 
0.000421087 -0.0016953 8.96771e-05 
0.000316942 -0.000349763 -8.87774e-05 
0.00026468 -2.21997e-05 -1.63728e-05 
0.000183343 -1.88584e-05 -6.19389e-05 
6.40579e-05 -1.74347e-06 -5.08211e-05 
-2.2315e-05 3.53663e-07 -3.34457e-05 
-7.69329e-05 1.90211e-06 -2.07538e-05 
-0.000110309 1.82347e-06 -1.29632e-05 
-0.000132103 1.76026e-06 -9.16444e-06 
-0.000148424 1.80016e-06 -7.3943e-06 
-0.000162258 2.04508e-06 -6.53914e-06 
-0.000174647 2.42576e-06 -5.86955e-06 
-0.000185653 2.89548e-06 -5.11451e-06 
-0.000194976 3.41536e-06 -4.17152e-06 
-0.000202201 3.95874e-06 -3.01283e-06 
-0.000206875 4.49901e-06 -1.61942e-06 
-0.000208511 5.00518e-06 2.53874e-08 
-0.000206593 5.43916e-06 1.9388e-06 
-0.000200565 5.7548e-06 4.1474e-06 
-0.000189788 5.8961e-06 6.71173e-06 
-0.000173444 5.79392e-06 9.74821e-06 
-0.000150436 5.3631e-06 1.33985e-05 
-0.000119428 4.50713e-06 1.7706e-05 
-7.91874e-05 3.15078e-06 2.24435e-05 
-2.91296e-05 1.29082e-06 2.69972e-05 
2.59851e-05 -1.11728e-06 2.41107e-05 
7.07891e-05 -2.7485e-06 2.01503e-05 
0.000107063 -3.97159e-06 1.60437e-05 
0.000135341 -4.78578e-06 1.23201e-05 
0.000156706 -5.24932e-06 9.16901e-06 
0.000172313 -5.43812e-06 6.54417e-06 
0.000183096 -5.41859e-06 4.31428e-06 
0.000189727 -5.24403e-06 2.3724e-06 
0.000192718 -4.95737e-06 6.63401e-07 
0.000192505 -4.59419e-06 -8.35393e-07 
0.000189493 -4.18426e-06 -2.1356e-06 
0.00018407 -3.75205e-06 -3.2457e-06 
0.00017662 -3.3183e-06 -4.15738e-06 
0.000167576 -2.90597e-06 -4.82864e-06 
0.000157557 -2.56222e-06 -5.10623e-06 
0.000147571 -2.40695e-06 -4.7841e-06 
0.000139252 -2.7289e-06 -3.44545e-06 
0.000134539 -4.0418e-06 -1.448e-06 
0.000134706 -7.01248e-06 1.0612e-06 
0.000137706 -1.21381e-05 9.0286e-08 
0.000132347 -1.8494e-05 -7.95528e-06 
9.82191e-05 -2.70081e-05 -2.85486e-05 
-7.48075e-05 -2.1162e-05 -0.00014248 
-0.000213172 -0.000194135 9.89783e-05 
5.11719e-05 -0.0002871 5.67027e-05 
-9.10763e-07 -0.00341863 -0.000150282 
0.000428806 -0.000322258 0.000311312 
0.000385588 -9.41185e-05 -0.000217186 
0.00014645 -3.84916e-05 -4.77436e-05 
4.25984e-05 -2.37067e-05 -5.17486e-05 
-3.38252e-05 -1.08934e-05 -2.72241e-05 
-7.94301e-05 -4.096e-06 -1.84738e-05 
-0.000109135 -5.15227e-07 -1.17543e-05 
-0.000129261 1.05643e-06 -8.64008e-06 
-0.00014472 1.85074e-06 -7.00845e-06 
-0.000157783 2.36985e-06 -6.13415e-06 
-0.000169318 2.83765e-06 -5.41607e-06 
-0.000179372 3.31213e-06 -4.61875e-06 
-0.000187676 3.80097e-06 -3.65326e-06 
-0.000193858 4.29081e-06 -2.49328e-06 
-0.000197512 4.76015e-06 -1.1255e-06 
-0.000198212 5.18097e-06 4.60887e-07 
-0.000195514 5.51931e-06 2.2762e-06 
-0.000188947 5.73505e-06 4.33954e-06 
-0.000177977 5.78054e-06 6.70168e-06 
-0.000161912 5.59762e-06 9.46538e-06 
-0.00013981 5.11474e-06 1.27573e-05 
-0.000110522 4.25082e-06 1.66153e-05 
-7.29896e-05 2.94425e-06 2.08335e-05 
-2.67442e-05 1.1972e-06 2.48639e-05 
2.39172e-05 -1.04384e-06 2.2252e-05 
6.53753e-05 -2.58371e-06 1.87208e-05 
9.92098e-05 -3.76186e-06 1.50405e-05 
0.000125862 -4.57436e-06 1.16872e-05 
0.000146273 -5.07018e-06 8.83358e-06 
0.000161452 -5.31442e-06 6.43859e-06 
0.000172208 -5.36383e-06 4.38368e-06 
0.000179118 -5.26374e-06 2.57316e-06 
0.000182613 -5.05082e-06 9.5947e-07 
0.000183062 -4.75589e-06 -4.74385e-07 
0.000180817 -4.40498e-06 -1.73549e-06 
0.00017622 -4.01907e-06 -2.82541e-06 
0.000169619 -3.6129e-06 -3.73646e-06 
0.000161421 -3.19649e-06 -4.41636e-06 
0.000152175 -2.78427e-06 -4.78584e-06 
0.000142711 -2.44167e-06 -4.63568e-06 
0.000134066 -2.36774e-06 -4.0772e-06 
0.000127128 -3.13437e-06 -3.05919e-06 
0.000121079 -5.7596e-06 -3.78128e-06 
0.000111584 -1.25784e-05 -6.57171e-06 
8.91855e-05 -2.47124e-05 -1.70043e-05 
2.70318e-05 -5.32561e-05 -4.28963e-05 
-2.47637e-05 -7.79309e-05 1.49015e-05 
-0.000525494 -0.000373261 -0.000547605 
-0.00178639 -0.223838 -0.0192343 
-0.000528105 -0.00812232 0.00080585 
0.000415962 -0.000716663 -0.000406081 
0.000146994 -0.000248771 6.16245e-06 
5.08496e-05 -8.31826e-05 -7.96581e-05 
-3.11214e-05 -4.20978e-05 -1.80679e-05 
-6.66565e-05 -1.95068e-05 -1.82675e-05 
-9.3419e-05 -7.88105e-06 -1.05067e-05 
-0.000112311 -2.05322e-06 -8.71613e-06 
-0.000127781 6.57174e-07 -7.0321e-06 
-0.000140958 1.93447e-06 -6.23534e-06 
-0.000152735 2.6456e-06 -5.58338e-06 
-0.000163256 3.16646e-06 -4.93386e-06 
-0.000172355 3.63599e-06 -4.14176e-06 
-0.000179706 4.09066e-06 -3.17901e-06 
-0.000184951 4.52849e-06 -2.03547e-06 
-0.000187724 4.93213e-06 -7.07474e-07 
-0.000187652 5.27681e-06 8.09799e-07 
-0.000184353 5.53261e-06 2.52124e-06 
-0.000177433 5.66488e-06 4.44034e-06 
-0.000166444 5.6332e-06 6.61019e-06 
-0.000150801 5.38849e-06 9.12225e-06 
-0.000129695 4.87017e-06 1.20902e-05 
-0.000102131 4.00939e-06 1.55472e-05 
-6.72018e-05 2.75507e-06 1.93058e-05 
-2.45336e-05 1.11301e-06 2.28754e-05 
2.19863e-05 -9.77298e-07 2.05081e-05 
6.02881e-05 -2.43196e-06 1.73601e-05 
9.1777e-05 -3.56401e-06 1.40617e-05 
0.000116814 -4.36744e-06 1.10419e-05 
0.000136218 -4.88392e-06 8.45889e-06 
0.000150871 -5.16988e-06 6.27625e-06 
0.000161476 -5.27418e-06 4.38681e-06 
0.000168527 -5.23558e-06 2.7046e-06 
0.000172388 -5.08542e-06 1.18839e-06 
0.000173372 -4.85036e-06 -1.74762e-07 
0.000171779 -4.55349e-06 -1.38716e-06 
0.000167913 -4.21416e-06 -2.44765e-06 
0.000162095 -3.84807e-06 -3.33745e-06 
0.000154705 -3.46913e-06 -4.02275e-06 
0.000146267 -3.10393e-06 -4.3972e-06 
0.000137441 -2.82199e-06 -4.49031e-06 
0.000128885 -2.8466e-06 -4.25538e-06 
0.000120099 -3.66068e-06 -5.20967e-06 
0.00010806 -6.59508e-06 -7.80053e-06 
8.30715e-05 -1.30056e-05 -1.96615e-05 
3.07412e-05 -2.82543e-05 -3.36869e-05 
-6.48627e-05 -4.4364e-05 -6.61855e-05 
-0.000204779 -0.00020045 -8.08343e-05 
-0.000567463 -0.00051522 -0.000255681 
0.000272287 -0.00959613 0.00100132 
0.000477574 -0.00310843 9.06499e-05 
-5.35523e-05 -0.000433434 5.82393e-05 
-0.000101601 -0.000129136 -7.95006e-05 
-0.000127723 -7.08163e-05 1.91629e-05 
-0.000112865 -3.29447e-05 -2.83945e-06 
-0.000109605 -1.66612e-05 2.1556e-06 
-0.000110253 -6.6447e-06 -2.96138e-06 
-0.000117112 -1.59783e-06 -4.18057e-06 
-0.000126511 9.57662e-07 -5.14785e-06 
-0.000136907 2.21246e-06 -5.22168e-06 
-0.000147147 2.92732e-06 -4.9793e-06 
-0.000156603 3.4384e-06 -4.44358e-06 
-0.000164771 3.88292e-06 -3.69167e-06 
-0.000171242 4.29901e-06 -2.74884e-06 
-0.000175655 4.68661e-06 -1.63559e-06 
-0.000177674 5.03027e-06 -3.57792e-07 
-0.000176974 5.30786e-06 1.08323e-06 
-0.000173229 5.49313e-06 2.68825e-06 
-0.000166109 5.55632e-06 4.4665e-06 
-0.000155241 5.46313e-06 6.45497e-06 
-0.00014013 5.17199e-06 8.7354e-06 
-0.000120079 4.63125e-06 1.14101e-05 
-9.42244e-05 3.78184e-06 1.45079e-05 
-6.17891e-05 2.5809e-06 1.78576e-05 
-2.248e-05 1.03673e-06 2.10188e-05 
2.01795e-05 -9.16517e-07 1.88695e-05 
5.55017e-05 -2.29138e-06 1.60656e-05 
8.474e-05 -3.37694e-06 1.3111e-05 
0.000108186 -4.16577e-06 1.03931e-05 
0.00012655 -4.69376e-06 8.05669e-06 
0.000140604 -5.01029e-06 6.07011e-06 
0.00015096 -5.15775e-06 4.33642e-06 
0.00015804 -5.16944e-06 2.77826e-06 
0.000162151 -5.07218e-06 1.35953e-06 
0.000163555 -4.88907e-06 7.07626e-08 
0.000162512 -4.6408e-06 -1.08849e-06 
0.000159284 -4.34667e-06 -2.11242e-06 
0.000154155 -4.02746e-06 -2.99078e-06 
0.000147464 -3.71543e-06 -3.67947e-06 
0.000139625 -3.4751e-06 -4.17608e-06 
0.000131116 -3.44892e-06 -4.41575e-06 
0.00012198 -3.89631e-06 -5.05995e-06 
0.000111008 -5.32521e-06 -6.46345e-06 
9.22971e-05 -8.30101e-06 -1.36943e-05 
5.57398e-05 -1.41545e-05 -2.28991e-05 
-1.99689e-05 -2.06491e-05 -5.47805e-05 
-0.000123102 -3.83399e-05 -3.45879e-05 
-0.000291283 -5.68893e-05 -0.000145902 
-0.000148982 -0.00035381 0.00041246 
0.000723862 -0.00375137 -0.000141892 
0.000382527 -0.00669905 -0.000101491 
0.000126758 -0.00037183 -0.000219631 
-0.000143661 -8.2875e-05 -5.60266e-05 
-0.000180255 -6.80005e-06 -6.34828e-08 
-0.000156135 -9.60657e-06 1.27192e-05 
-0.000131894 -4.78176e-06 7.71737e-06 
-0.000120023 -1.93097e-06 2.61138e-06 
-0.00011874 4.52848e-07 -1.57686e-06 
-0.000123959 1.81052e-06 -3.61828e-06 
-0.000132079 2.65161e-06 -4.41298e-06 
-0.000140985 3.2099e-06 -4.4235e-06 
-0.000149453 3.65923e-06 -3.99303e-06 
-0.000156764 4.06266e-06 -3.27794e-06 
-0.000162436 4.43773e-06 -2.36407e-06 
-0.000166115 4.77787e-06 -1.28939e-06 
-0.000167496 5.06756e-06 -6.90474e-08 
-0.000166294 5.28667e-06 1.29153e-06 
-0.000162235 5.41225e-06 2.78994e-06 
-0.000155043 5.41878e-06 4.43229e-06 
-0.000144406 5.27718e-06 6.25057e-06 
-0.000129907 4.95209e-06 8.31805e-06 
-0.000110946 4.39912e-06 1.07269e-05 
-8.67728e-05 3.56714e-06 1.35016e-05 
-5.67216e-05 2.41985e-06 1.64857e-05 
-2.05687e-05 9.67169e-07 1.92831e-05 
1.84861e-05 -8.60606e-07 1.7328e-05 
5.0994e-05 -2.16044e-06 1.48349e-05 
7.80768e-05 -3.1996e-06 1.21914e-05 
9.99647e-05 -3.96972e-06 9.74738e-06 
0.000117272 -4.50201e-06 7.63639e-06 
0.000130675 -4.84004e-06 5.83083e-06 
0.000140705 -5.02088e-06 4.24329e-06 
0.000147723 -5.07326e-06 2.8041e-06 
0.000151986 -5.0202e-06 1.48163e-06 
0.000153714 -4.88168e-06 2.68464e-07 
0.000153127 -4.67628e-06 -8.33739e-07 
0.000150449 -4.42315e-06 -1.82339e-06 
0.000145916 -4.14798e-06 -2.69136e-06 
0.000139775 -3.89829e-06 -3.44845e-06 
0.000132271 -3.77435e-06 -4.08438e-06 
0.000123464 -3.96931e-06 -4.85957e-06 
0.000112922 -4.79882e-06 -5.93129e-06 
9.81024e-05 -6.63765e-06 -9.59948e-06 
7.34505e-05 -9.78894e-06 -1.53589e-05 
2.44836e-05 -1.38062e-05 -3.47321e-05 
-5.30926e-05 -1.84994e-05 -3.52948e-05 
-0.000177712 -2.62442e-05 -9.15238e-05 
-0.000189186 -0.000140151 0.000138488 
-0.000242705 -0.00077857 -0.000342789 
-0.000262549 -0.00902087 0.00056694 
0.000884965 -0.0011552 0.000303924 
0.000348674 -0.000218708 -0.000476033 
-9.12929e-05 -2.13576e-06 -2.93983e-05 
-0.000146665 1.00447e-05 -2.96481e-05 
-0.000151594 9.16581e-06 9.98468e-06 
-0.000130905 4.47316e-06 6.39563e-06 
-0.000118759 3.10749e-06 3.42056e-06 
-0.000115685 2.63909e-06 -8.35504e-07 
-0.000119381 2.79587e-06 -2.96554e-06 
-0.000126315 3.09505e-06 -3.91337e-06 
-0.000134279 3.45495e-06 -3.99252e-06 
-0.00014192 3.8217e-06 -3.59775e-06 
-0.000148461 4.18074e-06 -2.90616e-06 
-0.000153418 4.51611e-06 -2.02261e-06 
-0.000156455 4.81303e-06 -9.92138e-07 
-0.0001573 5.05492e-06 1.66121e-07 
-0.000155707 5.22361e-06 1.44413e-06 
-0.000151445 5.29912e-06 2.83743e-06 
-0.000144283 5.25968e-06 4.34976e-06 
-0.000133964 5.08059e-06 6.00895e-06 
-0.000120135 4.73164e-06 7.88073e-06 
-0.000102281 4.17443e-06 1.00479e-05 
-7.97496e-05 3.36432e-06 1.25311e-05 
-5.19731e-05 2.2703e-06 1.51869e-05 
-1.8787e-05 9.03365e-07 1.76586e-05 
1.68971e-05 -8.08853e-07 1.58767e-05 
4.67459e-05 -2.03789e-06 1.36654e-05 
7.17676e-05 -3.03107e-06 1.13044e-05 
9.21378e-05 -3.77943e-06 9.1101e-06 
0.000108386 -4.31032e-06 7.20551e-06 
0.000121102 -4.6625e-06 5.56717e-06 
0.000130747 -4.86859e-06 4.11648e-06 
0.000137629 -4.95351e-06 2.79082e-06 
0.000141963 -4.93704e-06 1.56226e-06 
0.000143932 -4.83641e-06 4.25405e-07 
0.000143721 -4.66802e-06 -6.18841e-07 
0.000141516 -4.44952e-06 -1.5694e-06 
0.000137499 -4.20583e-06 -2.4394e-06 
0.000131816 -3.98268e-06 -3.25062e-06 
0.00012448 -3.87143e-06 -4.13802e-06 
0.000115205 -4.02674e-06 -5.23474e-06 
0.000102827 -4.66179e-06 -7.40889e-06 
8.47426e-05 -5.87022e-06 -1.08998e-05 
5.39114e-05 -7.49537e-06 -2.06258e-05 
2.27565e-06 -8.22163e-06 -2.90058e-05 
-8.72415e-05 -9.55164e-06 -6.07012e-05 
-0.000178129 -1.24615e-05 -7.67855e-06 
-0.000338712 -0.000112018 -0.000183357 
-0.000312303 -0.000349846 0.000432606 
0.000812289 -0.00539669 0.000391305 
0.000499691 -0.000850705 -0.000485057 
0.000219344 -0.000194989 3.5961e-05 
1.61275e-05 -1.85209e-06 -0.000152065 
-0.000107206 1.94563e-05 -1.0479e-06 
-0.000116848 1.67472e-05 -7.28955e-06 
-0.000113873 1.09802e-05 4.88186e-06 
-0.000107783 6.7731e-06 3.50804e-07 
-0.000108168 4.62025e-06 -1.43628e-06 
-0.000112732 3.70502e-06 -3.20734e-06 
-0.000119644 3.51265e-06 -3.73232e-06 
-0.000127114 3.65362e-06 -3.70774e-06 
-0.000134113 3.93251e-06 -3.26135e-06 
-0.000139979 4.24529e-06 -2.57576e-06 
-0.000144299 4.5436e-06 -1.72087e-06 
-0.000146777 4.80161e-06 -7.38506e-07 
-0.000147176 5.00165e-06 3.5469e-07 
-0.000145287 5.12723e-06 1.54956e-06 
-0.000140912 5.16113e-06 2.84037e-06 
-0.000133864 5.08481e-06 4.22908e-06 
-0.00012393 4.8773e-06 5.73993e-06 
-0.000110812 4.51267e-06 7.43184e-06 
-9.40663e-05 3.95747e-06 9.37894e-06 
-7.31306e-05 3.17247e-06 1.15984e-05 
-4.75206e-05 2.13094e-06 1.39581e-05 
-1.71242e-05 8.44557e-07 1.6137e-05 
1.54046e-05 -7.60685e-07 1.45096e-05 
4.27409e-05 -1.92271e-06 1.25547e-05 
6.57945e-05 -2.87055e-06 1.04514e-05 
8.46928e-05 -3.59489e-06 8.48525e-06 
9.98886e-05 -4.11991e-06 6.77009e-06 
0.000111895 -4.48025e-06 5.28632e-06 
0.000121112 -4.70485e-06 3.96361e-06 
0.0001278 -4.8154e-06 2.74578e-06 
0.000132137 -4.82894e-06 1.60835e-06 
0.000134277 -4.76025e-06 5.46998e-07 
0.000134373 -4.62337e-06 -4.36506e-07 
0.000132579 -4.43284e-06 -1.34635e-06 
0.000129031 -4.20589e-06 -2.19771e-06 
0.000123794 -3.96705e-06 -3.05706e-06 
0.000116756 -3.74533e-06 -4.02601e-06 
0.000107388 -3.56136e-06 -5.44852e-06 
9.4501e-05 -3.32584e-06 -7.55641e-06 
7.52944e-05 -2.75976e-06 -1.19625e-05 
4.5285e-05 -7.68784e-07 -1.7891e-05 
-4.64018e-06 3.33528e-06 -3.23849e-05 
-7.58143e-05 1.23456e-05 -3.34117e-05 
-0.000185701 4.56706e-06 -7.80207e-05 
-0.000252681 -2.47914e-06 6.29213e-05 
-0.000259326 -0.00016482 -0.000160728 
-0.000579589 -0.202665 0.000467125 
0.000126476 -0.00109499 0.000425959 
0.00024127 -0.000144939 -0.000300508 
2.32869e-05 -3.08168e-05 -1.4601e-06 
-3.98769e-05 1.57305e-05 -4.80156e-05 
-7.82144e-05 1.74352e-05 -1.94964e-06 
-8.48993e-05 1.38314e-05 -5.14998e-06 
-9.04949e-05 9.41687e-06 -2.33714e-06 
-9.64866e-05 6.33146e-06 -3.93675e-06 
-0.000104151 4.62225e-06 -4.0041e-06 
-0.000112059 3.93481e-06 -3.97652e-06 
-0.000119559 3.83546e-06 -3.564e-06 
-0.00012612 4.00768e-06 -2.99943e-06 
-0.000131414 4.26848e-06 -2.28547e-06 
-0.000135171 4.5298e-06 -1.45657e-06 
-0.000137165 4.75232e-06 -5.23543e-07 
-0.000137198 4.9157e-06 5.02988e-07 
-0.000135092 5.00465e-06 1.61534e-06 
-0.000130682 5.00426e-06 2.80707e-06 
-0.000123814 4.89877e-06 4.07877e-06 
-0.000114314 4.67035e-06 5.45154e-06 
-0.000101932 4.29665e-06 6.97805e-06 
-8.62863e-05 3.74837e-06 8.72443e-06 
-6.68933e-05 2.99077e-06 1.07043e-05 
-4.33438e-05 2.00068e-06 1.27962e-05 
-1.55709e-05 7.90127e-07 1.4711e-05 
1.40021e-05 -7.15643e-07 1.32214e-05 
3.89643e-05 -1.81405e-06 1.15007e-05 
6.01414e-05 -2.71735e-06 9.63293e-06 
7.76173e-05 -3.41606e-06 7.87594e-06 
9.1776e-05 -3.93165e-06 6.33495e-06 
0.000103061 -4.29531e-06 4.99419e-06 
0.000111818 -4.53282e-06 3.79104e-06 
0.000118266 -4.66318e-06 2.67536e-06 
0.000122553 -4.70107e-06 1.62567e-06 
0.000124805 -4.65915e-06 6.39066e-07 
0.000125149 -4.54918e-06 -2.82815e-07 
0.000123715 -4.38174e-06 -1.14195e-06 
0.000120612 -4.16403e-06 -1.95836e-06 
0.000115892 -3.88931e-06 -2.77298e-06 
0.000109452 -3.51095e-06 -3.70099e-06 
0.000100954 -2.86647e-06 -4.84359e-06 
8.96186e-05 -1.58857e-06 -6.59381e-06 
7.40871e-05 1.18717e-06 -9.03468e-06 
5.17175e-05 6.69831e-06 -1.36961e-05 
1.97768e-05 1.812e-05 -1.83235e-05 
-2.50284e-05 3.425e-05 -2.7966e-05 
-8.98895e-05 6.27207e-05 -3.52257e-05 
-0.000203609 -2.69766e-05 -6.85324e-05 
-0.000134538 -0.000317752 0.000208612 
0.000406469 -0.00551661 8.33082e-05 
1.83596e-06 -0.000697666 -0.000250775 
4.79576e-07 -0.000185745 0.000114778 
2.41743e-05 -2.16118e-05 -5.24093e-05 
-1.83305e-05 6.12794e-06 -5.25387e-08 
-3.78123e-05 1.71937e-05 -1.30429e-05 
-5.4222e-05 1.58e-05 -5.18489e-06 
-6.74137e-05 1.20428e-05 -7.5591e-06 
-8.12397e-05 8.17175e-06 -6.49728e-06 
-9.33988e-05 5.65954e-06 -5.70164e-06 
-0.000103514 4.41284e-06 -4.54347e-06 
-0.000111601 4.02486e-06 -3.62579e-06 
-0.000117994 4.06352e-06 -2.8148e-06 
-0.000122836 4.26153e-06 -2.04212e-06 
-0.000126107 4.48359e-06 -1.22766e-06 
-0.000127687 4.67274e-06 -3.43427e-07 
-0.000127423 4.80381e-06 6.16582e-07 
-0.000125168 4.86172e-06 1.64803e-06 
-0.000120786 4.83334e-06 2.74461e-06 
-0.000114151 4.70519e-06 3.90596e-06 
-0.00010512 4.46208e-06 5.15036e-06 
-9.34865e-05 4.08466e-06 6.5247e-06 
-7.89239e-05 3.54711e-06 8.08764e-06 
-6.10172e-05 2.81851e-06 9.84952e-06 
-3.94247e-05 1.87861e-06 1.16983e-05 
-1.41188e-05 7.39574e-07 1.33741e-05 
1.26836e-05 -6.73359e-07 1.20076e-05 
3.54032e-05 -1.71123e-06 1.05012e-05 
5.47936e-05 -2.57087e-06 8.84941e-06 
7.08995e-05 -3.2428e-06 7.28452e-06 
8.40423e-05 -3.74618e-06 5.90397e-06 
9.46037e-05 -4.10924e-06 4.6956e-06 
0.000102878 -4.35503e-06 3.60408e-06 
0.000109052 -4.5003e-06 2.5849e-06 
0.000113245 -4.55772e-06 1.61942e-06 
0.000115559 -4.53817e-06 7.05772e-07 
0.000116102 -4.45149e-06 -1.5285e-07 
0.000114983 -4.30537e-06 -9.56281e-07 
0.00011231 -4.0992e-06 -1.70879e-06 
0.000108171 -3.80708e-06 -2.42438e-06 
0.000102642 -3.33245e-06 -3.09286e-06 
9.58316e-05 -2.43896e-06 -3.69165e-06 
8.79883e-05 -6.25559e-07 -4.09023e-06 
7.954e-05 2.87729e-06 -4.26802e-06 
7.098e-05 9.39994e-06 -4.14501e-06 
6.53521e-05 1.99191e-05 -9.84378e-07 
6.51478e-05 3.7535e-05 -8.1574e-07 
8.83288e-05 5.29867e-05 2.44209e-05 
2.34845e-05 7.11549e-05 -0.00011747 
-8.77728e-05 -0.000173546 0.000100261 
3.76788e-05 -0.000168311 -6.46782e-05 
-8.5994e-05 -0.000743857 -2.45357e-06 
-5.76381e-05 -9.75824e-05 -1.31365e-06 
3.56529e-06 -3.501e-05 1.97147e-05 
8.77049e-06 5.6397e-06 -1.02303e-05 
-9.06113e-07 1.70839e-05 -3.59475e-06 
-1.61191e-05 1.88153e-05 -1.09073e-05 
-3.88785e-05 1.45629e-05 -1.16585e-05 
-6.16876e-05 9.96161e-06 -1.06734e-05 
-8.04159e-05 6.60824e-06 -7.97958e-06 
-9.39036e-05 4.85548e-06 -5.59881e-06 
-0.000103248 4.18774e-06 -3.88334e-06 
-0.000109765 4.09593e-06 -2.73043e-06 
-0.000114297 4.22846e-06 -1.84814e-06 
-0.000117166 4.41116e-06 -1.03441e-06 
-0.000118396 4.56892e-06 -1.94942e-07 
-0.000117897 4.6715e-06 7.00256e-07 
-0.000115551 4.70323e-06 1.65324e-06 
-0.000111247 4.65224e-06 2.65904e-06 
-0.000104884 4.50692e-06 3.71661e-06 
-9.63483e-05 4.25426e-06 4.84177e-06 
-8.54664e-05 3.87745e-06 6.07603e-06 
-7.19625e-05 3.3536e-06 7.47104e-06 
-5.54831e-05 2.65502e-06 9.03402e-06 
-3.57468e-05 1.76396e-06 1.06616e-05 
-1.27607e-05 6.92482e-07 1.21204e-05 
1.14439e-05 -6.3353e-07 1.0864e-05 
3.20461e-05 -1.61366e-06 9.55419e-06 
4.97375e-05 -2.4306e-06 8.10089e-06 
6.45276e-05 -3.07497e-06 6.7128e-06 
7.66811e-05 -3.56397e-06 5.48024e-06 
8.65227e-05 -3.92324e-06 4.39452e-06 
9.4303e-05 -4.17351e-06 3.40718e-06 
0.000100176 -4.32955e-06 2.47898e-06 
0.00010424 -4.40238e-06 1.59387e-06 
0.000106576 -4.40134e-06 7.51074e-07 
0.000107272 -4.33491e-06 -4.50992e-08 
0.000106427 -4.20911e-06 -7.89326e-07 
0.000104153 -4.02147e-06 -1.47149e-06 
0.000100605 -3.74335e-06 -2.0563e-06 
9.60686e-05 -3.28795e-06 -2.44513e-06 
9.1144e-05 -2.4638e-06 -2.43123e-06 
8.6964e-05 -9.83173e-07 -1.71876e-06 
8.50305e-05 1.44127e-06 -3.20263e-07 
8.74873e-05 4.70187e-06 2.65951e-06 
9.61582e-05 7.75001e-06 4.87726e-06 
0.000122294 8.15244e-06 2.12344e-05 
0.000147108 -7.55797e-06 -9.80787e-06 
0.000231672 -3.29226e-05 0.000113844 
-0.00028252 -0.000230528 -0.000765096 
-0.00176961 -0.250902 0.0116799 
-0.000494541 -0.00130621 0.000451264 
-0.000154394 -0.000163825 7.72397e-05 
-3.42819e-05 -4.67877e-05 3.36718e-05 
2.07549e-05 3.93124e-06 1.79797e-05 
3.96218e-05 1.99733e-05 1.01454e-06 
2.58131e-05 2.02353e-05 -1.29188e-05 
-5.94678e-06 1.57727e-05 -1.70139e-05 
-3.95103e-05 1.0515e-05 -1.5192e-05 
-6.59509e-05 6.91871e-06 -1.07617e-05 
-8.36272e-05 4.98688e-06 -6.89898e-06 
-9.46498e-05 4.22981e-06 -4.28205e-06 
-0.000101514 4.075e-06 -2.71992e-06 
-0.000105854 4.16557e-06 -1.69772e-06 
-0.000108395 4.31533e-06 -8.74044e-07 
-0.000109338 4.44542e-06 -7.4468e-08 
-0.000108657 4.52319e-06 7.58204e-07 
-0.000106268 4.53303e-06 1.63594e-06 
-0.000102083 4.46404e-06 2.55546e-06 
-9.60221e-05 4.30617e-06 3.51568e-06 
-8.79954e-05 4.04821e-06 4.53015e-06 
-7.78609e-05 3.67548e-06 5.6354e-06 
-6.53862e-05 3.16761e-06 6.87648e-06 
-5.02735e-05 2.4997e-06 8.25762e-06 
-3.22953e-05 1.65603e-06 9.68342e-06 
-1.149e-05 6.48491e-07 1.09447e-05 
1.02785e-05 -5.95895e-07 9.78679e-06 
2.88824e-05 -1.52083e-06 8.65783e-06 
4.49606e-05 -2.29605e-06 7.38726e-06 
5.84906e-05 -2.91234e-06 6.16213e-06 
6.9685e-05 -3.38527e-06 5.06623e-06 
7.88169e-05 -3.73819e-06 4.09417e-06 
8.60968e-05 -3.98979e-06 3.204e-06 
9.16515e-05 -4.15317e-06 2.36147e-06 
9.55581e-05 -4.23787e-06 1.55288e-06 
9.78819e-05 -4.25195e-06 7.7843e-07 
9.86951e-05 -4.20265e-06 4.35124e-08 
9.80849e-05 -4.0953e-06 -6.42084e-07 
9.61703e-05 -3.92843e-06 -1.25448e-06 
9.31612e-05 -3.68405e-06 -1.7237e-06 
8.94988e-05 -3.31407e-06 -1.89298e-06 
8.60799e-05 -2.75074e-06 -1.48643e-06 
8.43122e-05 -1.99751e-06 -3.44692e-07 
8.57024e-05 -1.39518e-06 1.49734e-06 
9.02981e-05 -2.22746e-06 2.46442e-06 
9.8112e-05 -6.95413e-06 5.40986e-06 
0.000105594 -2.17865e-05 -1.42278e-08 
0.000117535 -4.90692e-05 2.12641e-05 
7.37813e-05 -0.000205507 -7.01002e-05 
-3.88488e-05 -0.000655766 0.000144025 
0.000103724 -0.00923458 -0.000288995 
-0.000513718 -0.000989017 4.60061e-05 
-0.000234019 -0.000195144 0.000162155 
-4.68596e-05 -2.50452e-05 4.37291e-05 
5.09376e-05 1.42339e-05 4.29195e-05 
8.71562e-05 1.99579e-05 -2.04732e-06 
6.83317e-05 1.78762e-05 -1.57083e-05 
2.57547e-05 1.25975e-05 -2.33748e-05 
-1.87222e-05 8.42557e-06 -1.92814e-05 
-5.22628e-05 5.76802e-06 -1.33643e-05 
-7.3709e-05 4.48846e-06 -8.00925e-06 
-8.62083e-05 4.01927e-06 -4.64932e-06 
-9.3393e-05 3.96202e-06 -2.70989e-06 
-9.75744e-05 4.06295e-06 -1.5729e-06 
-9.98413e-05 4.19692e-06 -7.38227e-07 
-0.000100545 4.30539e-06 2.15226e-08 
-9.97289e-05 4.36242e-06 7.94658e-07 
-9.73373e-05 4.35423e-06 1.60028e-06 
-9.33038e-05 4.2712e-06 2.43825e-06 
-8.75667e-05 4.10463e-06 3.3073e-06 
-8.00565e-05 3.84486e-06 4.2191e-06 
-7.06585e-05 3.47901e-06 5.20546e-06 
-5.91796e-05 2.98886e-06 6.30527e-06 
-4.53718e-05 2.35192e-06 7.51988e-06 
-2.9057e-05 1.55422e-06 8.76117e-06 
-1.0301e-05 6.07282e-07 9.84222e-06 
9.18313e-06 -5.60217e-07 8.77276e-06 
2.59028e-05 -1.43228e-06 7.81036e-06 
4.04516e-05 -2.16672e-06 6.70827e-06 
5.27778e-05 -2.75465e-06 5.63353e-06 
6.30465e-05 -3.21018e-06 4.66389e-06 
7.14832e-05 -3.55466e-06 3.79718e-06 
7.82627e-05 -3.80503e-06 2.99761e-06 
8.3487e-05 -3.97289e-06 2.23558e-06 
8.7216e-05 -4.06652e-06 1.49968e-06 
8.95002e-05 -4.09277e-06 7.90819e-07 
9.03986e-05 -4.05779e-06 1.1561e-07 
8.99888e-05 -3.96628e-06 -5.137e-07 
8.8392e-05 -3.81944e-06 -1.06366e-06 
8.5845e-05 -3.61268e-06 -1.45325e-06 
8.28492e-05 -3.3422e-06 -1.51038e-06 
8.0323e-05 -3.04137e-06 -1.03971e-06 
7.94656e-05 -2.88085e-06 -2.50882e-08 
8.05971e-05 -3.40909e-06 5.38781e-07 
8.11357e-05 -5.84084e-06 -8.81217e-07 
7.35775e-05 -1.28733e-05 -7.78068e-06 
4.89001e-05 -2.76713e-05 -1.55176e-05 
-2.40145e-06 -5.54746e-05 -3.41762e-05 
-0.000116854 -0.000102898 -5.93782e-05 
5.64859e-06 -0.000215342 0.000267021 
0.000315077 -0.066869 -0.00382626 
-0.000372534 -0.0013105 -1.56838e-06 
-0.000200108 -0.000151087 -2.6476e-05 
-2.52006e-05 -8.21073e-06 0.000130004 
0.000100803 1.10535e-05 9.12425e-06 
0.000123322 1.08723e-05 3.90472e-06 
9.64392e-05 4.91859e-06 -2.53345e-05 
4.30794e-05 2.72643e-06 -2.55797e-05 
-6.72958e-06 2.30499e-06 -2.16745e-05 
-4.32774e-05 2.70937e-06 -1.40256e-05 
-6.58013e-05 3.15487e-06 -8.32665e-06 
-7.85799e-05 3.49316e-06 -4.62102e-06 
-8.56318e-05 3.73247e-06 -2.60045e-06 
-8.95517e-05 3.9158e-06 -1.42795e-06 
-9.15492e-05 4.0565e-06 -6.16837e-07 
-9.20508e-05 4.15155e-06 9.95891e-08 
-9.11359e-05 4.19206e-06 8.13214e-07 
-8.87745e-05 4.16935e-06 1.55016e-06 
-8.49171e-05 4.07566e-06 2.31102e-06 
-7.9518e-05 3.90358e-06 3.0949e-06 
-7.2525e-05 3.64484e-06 3.9115e-06 
-6.38478e-05 3.28808e-06 4.78831e-06 
-5.3328e-05 2.81696e-06 5.75835e-06 
-4.07631e-05 2.21109e-06 6.82023e-06 
-2.60197e-05 1.45792e-06 7.89253e-06 
-9.18825e-06 5.68564e-07 8.80873e-06 
8.15427e-06 -5.26266e-07 7.81892e-06 
2.30989e-05 -1.34751e-06 7.01019e-06 
3.62001e-05 -2.0421e-06 6.06361e-06 
4.73794e-05 -2.60151e-06 5.12773e-06 
5.67579e-05 -3.03862e-06 4.2748e-06 
6.45179e-05 -3.37303e-06 3.5057e-06 
7.08014e-05 -3.62007e-06 2.79047e-06 
7.56888e-05 -3.79009e-06 2.10397e-06 
7.92246e-05 -3.89022e-06 1.43684e-06 
8.14472e-05 -3.9263e-06 7.90891e-07 
8.24044e-05 -3.90357e-06 1.72968e-07 
8.21645e-05 -3.82696e-06 -4.0247e-07 
8.08431e-05 -3.70225e-06 -9.03155e-07 
7.86699e-05 -3.54306e-06 -1.24949e-06 
7.61046e-05 -3.39061e-06 -1.31215e-06 
7.39157e-05 -3.34805e-06 -9.58114e-07 
7.28784e-05 -3.61015e-06 -4.06241e-07 
7.24999e-05 -4.40982e-06 -7.18243e-07 
6.85154e-05 -5.95916e-06 -4.419e-06 
5.09329e-05 -8.06811e-06 -1.37096e-05 
7.20902e-06 -1.06452e-05 -2.75096e-05 
-6.91418e-05 -1.28227e-05 -3.68783e-05 
-6.49149e-05 -2.12097e-05 7.68988e-05 
0.000272418 -0.000296933 0.000202803 
0.00067795 -0.0030391 1.28587e-05 
-0.000134102 -0.00240252 -0.000486859 
-0.000152641 -0.000166923 0.000333792 
7.19225e-05 -7.66658e-06 -3.00348e-05 
0.000124557 7.11285e-06 4.86197e-05 
0.000131612 -1.19393e-05 -2.50964e-05 
8.34823e-05 -1.72981e-05 -2.13411e-05 
3.25071e-05 -1.32022e-05 -2.50082e-05 
-1.19967e-05 -6.75702e-06 -1.7806e-05 
-4.26346e-05 -1.70276e-06 -1.18913e-05 
-6.15464e-05 1.28075e-06 -6.91794e-06 
-7.23555e-05 2.7551e-06 -3.98028e-06 
-7.84588e-05 3.42308e-06 -2.25257e-06 
-8.18688e-05 3.73485e-06 -1.23548e-06 
-8.35603e-05 3.89898e-06 -4.93248e-07 
-8.38779e-05 3.98701e-06 1.6376e-07 
-8.28942e-05 4.0147e-06 8.17986e-07 
-8.0589e-05 3.98047e-06 1.4886e-06 
-7.69262e-05 3.87892e-06 2.17688e-06 
-7.18734e-05 3.70397e-06 2.88123e-06 
-6.53936e-05 3.44853e-06 3.60969e-06 
-5.74172e-05 3.1026e-06 4.38554e-06 
-4.78176e-05 2.65147e-06 5.23632e-06 
-3.64336e-05 2.07655e-06 6.15801e-06 
-2.31725e-05 1.36657e-06 7.07528e-06 
-8.14728e-06 5.32054e-07 7.84039e-06 
7.18866e-06 -4.93816e-07 6.92265e-06 
2.04632e-05 -1.26607e-06 6.25585e-06 
3.21969e-05 -1.92164e-06 5.4529e-06 
4.22863e-05 -2.45249e-06 4.64528e-06 
5.08121e-05 -2.87043e-06 3.90016e-06 
5.79168e-05 -3.19345e-06 3.22142e-06 
6.37125e-05 -3.43552e-06 2.58462e-06 
6.82604e-05 -3.6058e-06 1.96878e-06 
7.15921e-05 -3.71051e-06 1.36662e-06 
7.37352e-05 -3.75461e-06 7.80349e-07 
7.47276e-05 -3.74305e-06 2.17244e-07 
7.46266e-05 -3.68242e-06 -3.11221e-07 
7.35271e-05 -3.58751e-06 -7.79476e-07 
7.1599e-05 -3.50025e-06 -1.14419e-06 
6.9141e-05 -3.52808e-06 -1.33364e-06 
6.65809e-05 -3.88311e-06 -1.32708e-06 
6.42329e-05 -4.84208e-06 -1.30283e-06 
6.14327e-05 -6.48914e-06 -2.07273e-06 
5.48379e-05 -8.15338e-06 -5.25868e-06 
3.80204e-05 -7.74434e-06 -1.1548e-05 
4.45444e-06 -2.32548e-06 -1.95043e-05 
-2.95461e-05 8.47339e-06 -4.45695e-06 
4.35578e-05 -7.6696e-05 7.82988e-05 
0.000238986 -0.000473911 3.91792e-05 
-5.65258e-05 -0.00680194 -0.000444988 
-0.000271427 -0.00514028 4.26855e-05 
4.29546e-05 -0.000310095 -0.000184235 
0.00014734 -2.01728e-05 0.000145938 
0.0001608 -1.80416e-05 -7.13308e-05 
6.90584e-05 -4.69124e-05 -2.005e-05 
1.95825e-05 -4.34688e-05 -2.27424e-05 
-1.52089e-05 -2.94716e-05 -1.18474e-05 
-3.69138e-05 -1.52979e-05 -8.93606e-06 
-5.16299e-05 -5.66496e-06 -5.65014e-06 
-6.12787e-05 -3.75543e-07 -3.90351e-06 
-6.77234e-05 2.08936e-06 -2.56765e-06 
-7.19448e-05 3.12455e-06 -1.67801e-06 
-7.45716e-05 3.54739e-06 -9.72201e-07 
-7.59003e-05 3.73268e-06 -3.66755e-07 
-7.60446e-05 3.8154e-06 2.19025e-07 
-7.50149e-05 3.83259e-06 8.11095e-07 
-7.27867e-05 3.78921e-06 1.41841e-06 
-6.9332e-05 3.6821e-06 2.03823e-06 
-6.46292e-05 3.5064e-06 2.66855e-06 
-5.86541e-05 3.25607e-06 3.31547e-06 
-5.13557e-05 2.92231e-06 3.99837e-06 
-4.26358e-05 2.49183e-06 4.73958e-06 
-3.2371e-05 1.94768e-06 5.53251e-06 
-2.05058e-05 1.27958e-06 6.30743e-06 
-7.17398e-06 4.97479e-07 6.93383e-06 
6.28355e-06 -4.62657e-07 6.08171e-06 
1.79894e-05 -1.18747e-06 5.54609e-06 
2.84339e-05 -1.80478e-06 4.87579e-06 
3.74904e-05 -2.30711e-06 4.18652e-06 
4.52024e-05 -2.70533e-06 3.5409e-06 
5.16753e-05 -3.01598e-06 2.94567e-06 
5.69945e-05 -3.25176e-06 2.38164e-06 
6.12038e-05 -3.42082e-06 1.83181e-06 
6.43237e-05 -3.52851e-06 1.29063e-06 
6.63726e-05 -3.57919e-06 7.6085e-07 
6.73787e-05 -3.5778e-06 2.47859e-07 
6.7383e-05 -3.53352e-06 -2.42028e-07 
6.64363e-05 -3.47188e-06 -7.09542e-07 
6.45791e-05 -3.46724e-06 -1.16904e-06 
6.17805e-05 -3.70445e-06 -1.68711e-06 
5.78352e-05 -4.54824e-06 -2.37083e-06 
5.22388e-05 -6.51271e-06 -3.41617e-06 
4.40041e-05 -9.9702e-06 -5.07677e-06 
3.14958e-05 -1.44688e-05 -7.55979e-06 
1.32663e-05 -1.81493e-05 -1.0191e-05 
-6.60484e-06 -1.86735e-05 -7.43144e-06 
-6.73572e-06 -2.04242e-05 8.58514e-06 
1.18241e-05 -7.31753e-05 1.05703e-05 
0.000148656 -0.000156458 0.000162455 
-5.24993e-05 -0.000579415 -0.000455808 
-0.00144565 -0.212381 -0.00869324 
-2.09938e-05 -0.000179486 0.000720128 
0.000337316 -2.33235e-05 -0.000210781 
5.12945e-05 -9.25785e-05 -6.42328e-05 
-6.36283e-05 -7.96131e-05 -3.83269e-05 
-9.74312e-05 -6.05159e-05 2.98294e-07 
-8.93393e-05 -3.66259e-05 6.06568e-06 
-7.55976e-05 -1.83302e-05 6.11462e-06 
-6.65148e-05 -6.84706e-06 2.6241e-06 
-6.35386e-05 -8.80602e-07 3.41213e-07 
-6.41224e-05 1.83306e-06 -7.83771e-07 
-6.59521e-05 2.9451e-06 -9.44269e-07 
-6.76346e-05 3.38585e-06 -6.81006e-07 
-6.85773e-05 3.56731e-06 -2.38399e-07 
-6.85609e-05 3.64033e-06 2.64059e-07 
-6.75054e-05 3.64767e-06 7.95001e-07 
-6.53707e-05 3.59685e-06 1.34141e-06 
-6.21335e-05 3.486e-06 1.89715e-06 
-5.77806e-05 3.31123e-06 2.45862e-06 
-5.22987e-05 3.06742e-06 3.03028e-06 
-4.5653e-05 2.74683e-06 3.62771e-06 
-3.77711e-05 2.33746e-06 4.26831e-06 
-2.85642e-05 1.82379e-06 4.94303e-06 
-1.80111e-05 1.19642e-06 5.58717e-06 
-6.26478e-06 4.64591e-07 6.08606e-06 
5.43658e-06 -4.32568e-07 5.29421e-06 
1.5672e-05 -1.11123e-06 4.87981e-06 
2.49042e-05 -1.69095e-06 4.33189e-06 
3.29848e-05 -2.16483e-06 3.75169e-06 
3.99226e-05 -2.54296e-06 3.19771e-06 
4.57892e-05 -2.84051e-06 2.67949e-06 
5.06453e-05 -3.06901e-06 2.18281e-06 
5.45197e-05 -3.23566e-06 1.69441e-06 
5.7423e-05 -3.34506e-06 1.21046e-06 
5.93658e-05 -3.40097e-06 7.33466e-07 
6.03665e-05 -3.40818e-06 2.6691e-07 
6.04449e-05 -3.37726e-06 -1.94794e-07 
5.95889e-05 -3.33955e-06 -6.84041e-07 
5.76505e-05 -3.38629e-06 -1.31342e-06 
5.41324e-05 -3.74609e-06 -2.3159e-06 
4.78998e-05 -4.88558e-06 -4.07452e-06 
3.70888e-05 -7.56014e-06 -6.87302e-06 
1.95009e-05 -1.26221e-05 -1.07248e-05 
-6.28902e-06 -2.05404e-05 -1.47244e-05 
-3.84394e-05 -3.06721e-05 -1.63922e-05 
-6.70997e-05 -4.12633e-05 -1.05473e-05 
-6.62103e-05 -5.15671e-05 1.20199e-05 
-5.24349e-05 -6.24034e-05 -2.12876e-06 
-9.709e-05 -0.00025956 1.74617e-06 
-0.000237964 -0.1622 -0.00492887 
3.47373e-06 -0.0100705 -0.000262026 
0.000522982 -0.000460609 -9.3255e-05 
0.000154056 -0.000261417 -0.000234407 
-0.000172102 -0.000117218 -8.40741e-05 
-0.000250492 -8.2199e-05 -3.84602e-06 
-0.000222709 -4.96281e-05 2.50342e-05 
-0.000163035 -2.75111e-05 2.91071e-05 
-0.000111285 -1.25334e-05 2.01226e-05 
-7.97117e-05 -4.06706e-06 1.06434e-05 
-6.50963e-05 2.09892e-07 4.07565e-06 
-6.04597e-05 2.1265e-06 8.51821e-07 
-6.0142e-05 2.93162e-06 -3.00224e-07 
-6.0982e-05 3.26429e-06 -4.15235e-07 
-6.15803e-05 3.40803e-06 -1.2886e-07 
-6.14309e-05 3.46405e-06 2.97915e-07 
-6.03695e-05 3.46131e-06 7.69941e-07 
-5.83421e-05 3.40429e-06 1.25936e-06 
-5.53284e-05 3.29115e-06 1.75513e-06 
-5.13223e-05 3.11862e-06 2.25284e-06 
-4.63194e-05 2.88241e-06 2.75517e-06 
-4.02995e-05 2.57571e-06 3.27419e-06 
-3.32132e-05 2.18772e-06 3.82258e-06 
-2.50035e-05 1.70421e-06 4.38888e-06 
-1.56811e-05 1.11653e-06 4.91292e-06 
-5.4166e-06 4.33139e-07 5.29454e-06 
4.64585e-06 -4.03313e-07 4.5586e-06 
1.35066e-05 -1.03685e-06 4.25614e-06 
2.16022e-05 -1.57951e-06 3.82089e-06 
2.87637e-05 -2.02508e-06 3.34091e-06 
3.49675e-05 -2.38288e-06 2.87105e-06 
4.02544e-05 -2.66684e-06 2.42361e-06 
4.46627e-05 -2.88733e-06 1.98908e-06 
4.82077e-05 -3.05069e-06 1.55774e-06 
5.08921e-05 -3.16077e-06 1.12723e-06 
5.27196e-05 -3.22064e-06 7.00112e-07 
5.36994e-05 -3.2343e-06 2.76484e-07 
5.38308e-05 -3.21062e-06 -1.58912e-07 
5.30364e-05 -3.17539e-06 -6.77541e-07 
5.09798e-05 -3.20285e-06 -1.47661e-06 
4.66851e-05 -3.4791e-06 -2.99673e-06 
3.80403e-05 -4.40189e-06 -5.87865e-06 
2.15296e-05 -6.66972e-06 -1.0807e-05 
-7.106e-06 -1.12897e-05 -1.76915e-05 
-5.10333e-05 -1.92391e-05 -2.55225e-05 
-0.00010855 -3.13397e-05 -3.01452e-05 
-0.0001666 -4.72266e-05 -2.50939e-05 
-0.000193176 -7.26523e-05 -4.1348e-07 
-0.000110117 -9.21749e-05 6.8129e-05 
-0.000435168 -0.000252754 -0.000488871 
-0.0014196 -0.185654 0.000681901 
0.000870972 -0.00728137 0.000804386 
0.000869783 -0.000561377 -0.00115743 
-0.000214193 -0.000175801 -0.000142131 
-0.000370212 -5.90911e-05 -6.10608e-05 
-0.000377038 -2.56147e-05 2.62216e-05 
-0.000293579 -1.09108e-05 4.48954e-05 
-0.000199173 -3.50717e-06 4.19043e-05 
-0.000126304 -1.31844e-07 2.76606e-05 
-8.32228e-05 1.53527e-06 1.44998e-05 
-6.29205e-05 2.33805e-06 5.94745e-06 
-5.56721e-05 2.77194e-06 1.6775e-06 
-5.42093e-05 3.01791e-06 7.2874e-08 
-5.4537e-05 3.16623e-06 -2.45175e-07 
-5.48986e-05 3.25137e-06 -4.99708e-08 
-5.46557e-05 3.2867e-06 3.16875e-07 
-5.36091e-05 3.27417e-06 7.37078e-07 
-5.17004e-05 3.21209e-06 1.17336e-06 
-4.89138e-05 3.09782e-06 1.61349e-06 
-4.5249e-05 2.92856e-06 2.05227e-06 
-4.07092e-05 2.70073e-06 2.49095e-06 
-3.52869e-05 2.40842e-06 2.93823e-06 
-2.89534e-05 2.04191e-06 3.40234e-06 
-2.16809e-05 1.58821e-06 3.86943e-06 
-1.35095e-05 1.03932e-06 4.28333e-06 
-4.62687e-06 4.02861e-07 4.55712e-06 
3.90995e-06 -3.74642e-07 3.87376e-06 
1.14899e-05 -9.63796e-07 3.67437e-06 
1.85236e-05 -1.46983e-06 3.34247e-06 
2.48224e-05 -1.88723e-06 2.95418e-06 
3.03329e-05 -2.22461e-06 2.56121e-06 
3.50674e-05 -2.49467e-06 2.17853e-06 
3.90443e-05 -2.70668e-06 1.80113e-06 
4.22672e-05 -2.86612e-06 1.42259e-06 
4.47319e-05 -2.97612e-06 1.04211e-06 
4.64371e-05 -3.03897e-06 6.62082e-07 
4.73855e-05 -3.05717e-06 2.81485e-07 
4.75622e-05 -3.03484e-06 -1.22901e-07 
4.68512e-05 -2.98113e-06 -6.39603e-07 
4.48042e-05 -2.91863e-06 -1.52677e-06 
4.01751e-05 -2.90003e-06 -3.31488e-06 
3.02573e-05 -3.03644e-06 -6.88766e-06 
1.049e-05 -3.545e-06 -1.30698e-05 
-2.50758e-05 -4.76803e-06 -2.23272e-05 
-8.13908e-05 -7.20685e-06 -3.28757e-05 
-0.000158829 -1.13875e-05 -4.223e-05 
-0.000246355 -2.04422e-05 -4.0618e-05 
-0.00031639 -4.34398e-05 -2.33242e-05 
-0.000295579 -0.000185665 4.16504e-05 
-0.000346703 -0.000624394 -0.000103815 
0.000222165 -0.00973888 0.000569814 
0.00141092 -0.00186496 0.00035949 
0.000749743 -0.000458967 -0.000660346 
-0.000191042 1.00588e-06 -0.000237077 
-0.000373351 4.41217e-05 -1.57942e-05 
-0.000350153 4.46674e-05 2.10248e-05 
-0.000268688 3.34192e-05 4.50526e-05 
-0.000179121 2.10709e-05 3.77558e-05 
-0.000112991 1.20704e-05 2.50986e-05 
-7.41808e-05 6.78423e-06 1.29597e-05 
-5.60039e-05 4.28845e-06 5.35979e-06 
-4.94564e-05 3.33334e-06 1.53903e-06 
-4.80722e-05 3.07371e-06 1.0555e-07 
-4.82873e-05 3.05576e-06 -1.80343e-07 
-4.85338e-05 3.08978e-06 -6.13146e-09 
-4.82387e-05 3.1072e-06 3.22544e-07 
-4.72251e-05 3.08653e-06 6.97312e-07 
-4.54443e-05 3.02057e-06 1.0847e-06 
-4.28861e-05 2.90613e-06 1.4732e-06 
-3.95554e-05 2.74089e-06 1.85771e-06 
-3.54616e-05 2.52196e-06 2.23813e-06 
-3.06078e-05 2.2443e-06 2.62004e-06 
-2.49844e-05 1.89925e-06 3.00744e-06 
-1.85898e-05 1.475e-06 3.38409e-06 
-1.14915e-05 9.6415e-07 3.6973e-06 
-3.89354e-06 3.73471e-07 3.8721e-06 
3.22795e-06 -3.46308e-07 3.23891e-06 
9.61975e-06 -8.91525e-07 3.13402e-06 
1.56654e-05 -1.36124e-06 2.89637e-06 
2.11577e-05 -1.75064e-06 2.59146e-06 
2.60155e-05 -2.06764e-06 2.2683e-06 
3.02255e-05 -2.32369e-06 1.94454e-06 
3.3788e-05 -2.52698e-06 1.61938e-06 
3.66969e-05 -2.68213e-06 1.28954e-06 
3.89426e-05 -2.79157e-06 9.55624e-07 
4.05201e-05 -2.85685e-06 6.20621e-07 
4.14289e-05 -2.87892e-06 2.83231e-07 
4.16517e-05 -2.8565e-06 -7.74625e-08 
4.10739e-05 -2.77974e-06 -5.48956e-07 
3.92677e-05 -2.61103e-06 -1.36686e-06 
3.50495e-05 -2.24205e-06 -3.04929e-06 
2.58842e-05 -1.41916e-06 -6.36536e-06 
7.44672e-06 3.44836e-07 -1.22371e-05 
-2.57633e-05 3.82914e-06 -2.06513e-05 
-7.85618e-05 1.00929e-05 -3.09734e-05 
-0.000150283 2.01441e-05 -3.75695e-05 
-0.000234491 3.28941e-05 -4.21376e-05 
-0.00031369 3.91946e-05 -2.35276e-05 
-0.000407837 -4.17425e-05 -4.28917e-05 
-4.35226e-05 -0.000284589 0.000552752 
0.00119335 -0.00641672 0.000281416 
0.000818006 -0.00256844 -0.000196191 
0.000317892 -0.000469036 -0.000258219 
-1.79892e-05 3.12428e-05 -0.000102219 
-0.000178743 9.57972e-05 -5.55659e-05 
-0.000204577 8.25101e-05 1.15172e-05 
-0.000165975 5.58983e-05 2.06098e-05 
-0.000117873 3.30478e-05 2.23065e-05 
-7.93144e-05 1.76539e-05 1.45021e-05 
-5.65808e-05 9.07834e-06 7.73388e-06 
-4.59648e-05 5.05394e-06 3.0446e-06 
-4.24044e-05 3.48394e-06 7.55181e-07 
-4.19188e-05 3.00031e-06 -8.89896e-08 
-4.22888e-05 2.90937e-06 -1.86336e-07 
-4.25022e-05 2.91854e-06 1.40868e-08 
-4.21846e-05 2.92544e-06 3.18005e-07 
-4.12182e-05 2.89884e-06 6.52365e-07 
-3.9572e-05 2.83004e-06 9.94306e-07 
-3.72419e-05 2.71612e-06 1.33499e-06 
-3.42368e-05 2.55538e-06 1.66964e-06 
-3.05709e-05 2.34562e-06 1.99698e-06 
-2.62565e-05 2.08266e-06 2.31965e-06 
-2.13004e-05 1.7589e-06 2.63764e-06 
-1.57252e-05 1.36373e-06 2.93235e-06 
-9.62358e-06 8.90345e-07 3.15401e-06 
-3.21516e-06 3.44654e-07 3.23827e-06 
2.59944e-06 -3.18056e-07 2.65371e-06 
7.89498e-06 -8.19483e-07 2.6348e-06 
1.3026e-05 -1.25307e-06 2.48237e-06 
1.77676e-05 -1.61469e-06 2.25256e-06 
2.20132e-05 -1.9115e-06 1.99225e-06 
2.57263e-05 -2.15365e-06 1.72168e-06 
2.88918e-05 -2.3482e-06 1.44401e-06 
3.14952e-05 -2.49891e-06 1.15884e-06 
3.35232e-05 -2.60757e-06 8.68189e-07 
3.49682e-05 -2.67513e-06 5.75551e-07 
3.58293e-05 -2.70156e-06 2.81757e-07 
3.60958e-05 -2.68271e-06 -2.79519e-08 
3.56897e-05 -2.59788e-06 -4.13052e-07 
3.43106e-05 -2.37504e-06 -1.04488e-06 
3.11443e-05 -1.80966e-06 -2.25533e-06 
2.44868e-05 -4.22938e-07 -4.5645e-06 
1.16692e-05 2.73176e-06 -8.28153e-06 
-1.03253e-05 9.21052e-06 -1.3344e-05 
-4.23303e-05 2.11904e-05 -1.71555e-05 
-8.0425e-05 4.10631e-05 -1.81097e-05 
-0.000110644 7.07904e-05 -4.67747e-06 
-0.000126478 0.000107433 1.34881e-08 
-0.00011934 0.000130815 7.1069e-05 
0.000393143 -0.000136217 0.000544917 
0.00124397 -0.000909159 9.696e-05 
0.00027017 -0.00636979 -0.000553474 
-6.08533e-06 -0.000291835 0.000252762 
0.000182805 -1.1877e-05 -0.000123007 
4.79077e-05 7.62348e-05 -4.33238e-05 
-2.03111e-05 7.03373e-05 -2.84125e-05 
-4.66653e-05 4.82865e-05 -3.91275e-06 
-4.74513e-05 2.85983e-05 1.20569e-06 
-4.22636e-05 1.52668e-05 2.82655e-06 
-3.77196e-05 7.91594e-06 1.53427e-06 
-3.57162e-05 4.50197e-06 4.86685e-07 
-3.54948e-05 3.18809e-06 -1.64609e-07 
-3.60488e-05 2.79555e-06 -3.18752e-07 
-3.66197e-05 2.72872e-06 -2.10688e-07 
-3.68226e-05 2.73988e-06 2.56965e-08 
-3.64964e-05 2.74268e-06 3.07027e-07 
-3.55874e-05 2.71191e-06 6.03461e-07 
-3.40807e-05 2.64094e-06 9.02831e-07 
-3.19775e-05 2.52792e-06 1.19927e-06 
-2.92889e-05 2.37186e-06 1.48829e-06 
-2.60327e-05 2.17127e-06 1.76753e-06 
-2.22286e-05 1.92283e-06 2.03689e-06 
-1.78977e-05 1.62004e-06 2.29262e-06 
-1.30841e-05 1.25354e-06 2.51375e-06 
-7.90359e-06 8.17186e-07 2.6529e-06 
-2.59094e-06 3.16075e-07 2.65495e-06 
2.0245e-06 -2.89604e-07 2.11824e-06 
6.31576e-06 -7.47066e-07 2.17666e-06 
1.06053e-05 -1.14461e-06 2.10023e-06 
1.46513e-05 -1.47877e-06 1.93717e-06 
1.83244e-05 -1.75578e-06 1.73276e-06 
2.15679e-05 -1.98438e-06 1.50975e-06 
2.43535e-05 -2.17042e-06 1.27495e-06 
2.66602e-05 -2.31677e-06 1.03059e-06 
2.84718e-05 -2.42459e-06 7.79829e-07 
2.97796e-05 -2.49437e-06 5.26848e-07 
3.05831e-05 -2.52598e-06 2.74111e-07 
3.08809e-05 -2.51568e-06 1.63467e-08 
3.064e-05 -2.44507e-06 -2.77158e-07 
2.97207e-05 -2.24825e-06 -6.8376e-07 
2.77578e-05 -1.738e-06 -1.34617e-06 
2.41177e-05 -4.68352e-07 -2.35296e-06 
1.81583e-05 2.43193e-06 -3.57894e-06 
1.03364e-05 8.41236e-06 -3.89683e-06 
4.05033e-06 1.93093e-05 -1.59091e-06 
9.76721e-06 3.72505e-05 9.18044e-06 
4.36594e-05 6.29367e-05 2.56697e-05 
0.0001355 9.64963e-05 6.93508e-05 
0.000277402 0.000106704 5.56213e-05 
0.000367497 -0.000169004 3.86402e-05 
0.000593133 -0.000449366 0.000291509 
0.000823708 -0.00109586 -0.000182447 
0.000248381 -5.62628e-05 -0.00017953 
0.000208724 -3.23305e-05 3.12466e-05 
0.000183225 2.51379e-05 -5.33003e-05 
9.40007e-05 2.93054e-05 -3.44501e-05 
3.43095e-05 2.3022e-05 -2.2873e-05 
4.00559e-07 1.44478e-05 -1.08975e-05 
-1.61651e-05 8.32112e-06 -5.4235e-06 
-2.39344e-05 4.83668e-06 -2.37724e-06 
-2.75623e-05 3.24617e-06 -1.24294e-06 
-2.95088e-05 2.66859e-06 -7.17683e-07 
-3.06771e-05 2.53061e-06 -4.48546e-07 
-3.13334e-05 2.53575e-06 -2.06089e-07 
-3.15038e-05 2.56017e-06 3.80692e-08 
-3.11739e-05 2.56121e-06 2.92578e-07 
-3.03298e-05 2.52672e-06 5.5128e-07 
-2.8967e-05 2.45379e-06 8.10642e-07 
-2.70888e-05 2.34175e-06 1.06617e-06 
-2.47075e-05 2.19029e-06 1.31359e-06 
-2.18431e-05 1.99859e-06 1.5495e-06 
-1.85208e-05 1.76423e-06 1.77135e-06 
-1.4774e-05 1.48188e-06 1.97189e-06 
-1.06652e-05 1.14356e-06 2.12785e-06 
-6.33099e-06 7.43947e-07 2.19366e-06 
-2.02073e-06 2.87387e-07 2.12198e-06 
1.50384e-06 -2.606e-07 1.63308e-06 
4.88357e-06 -6.73558e-07 1.75975e-06 
8.40469e-06 -1.03508e-06 1.7497e-06 
1.18095e-05 -1.34219e-06 1.64481e-06 
1.49489e-05 -1.60003e-06 1.48929e-06 
1.7749e-05 -1.8157e-06 1.30829e-06 
2.01709e-05 -1.99372e-06 1.11191e-06 
2.2189e-05 -2.136e-06 9.04666e-07 
2.37855e-05 -2.24303e-06 6.90663e-07 
2.49515e-05 -2.31495e-06 4.74263e-07 
2.56865e-05 -2.35189e-06 2.59104e-07 
2.59944e-05 -2.35283e-06 4.50793e-08 
2.58722e-05 -2.31028e-06 -1.7626e-07 
2.52883e-05 -2.19517e-06 -4.23955e-07 
2.41942e-05 -1.92045e-06 -6.87986e-07 
2.26882e-05 -1.28561e-06 -8.16289e-07 
2.15771e-05 9.73974e-08 -2.22913e-07 
2.3494e-05 2.74331e-06 2.33135e-06 
3.4875e-05 7.24677e-06 9.4694e-06 
6.8042e-05 1.31412e-05 2.40399e-05 
0.000145209 2.06031e-05 5.29134e-05 
0.000284037 1.31172e-05 8.00859e-05 
0.00052488 -6.66904e-06 0.000150957 
0.000257088 -0.000199396 -0.000474818 
-0.00080697 -0.169608 0.000303351 
9.23469e-05 -0.00224367 0.000456898 
0.000242521 -0.00032615 -4.42614e-05 
0.000257153 -5.4914e-05 -7.00955e-06 
0.000209345 -1.9816e-05 -4.48155e-05 
0.000123099 -6.86811e-06 -3.81892e-05 
5.77968e-05 -1.66895e-06 -2.48781e-05 
1.66893e-05 7.0542e-07 -1.47818e-05 
-5.88257e-06 1.55426e-06 -7.38591e-06 
-1.69981e-05 1.89936e-06 -3.59202e-06 
-2.21837e-05 2.07055e-06 -1.64256e-06 
-2.46176e-05 2.19224e-06 -8.3204e-07 
-2.58442e-05 2.28648e-06 -4.24724e-07 
-2.64288e-05 2.35234e-06 -1.70749e-07 
-2.65411e-05 2.38522e-06 5.41737e-08 
-2.62116e-05 2.38272e-06 2.74067e-07 
-2.54406e-05 2.34405e-06 4.96061e-07 
-2.42258e-05 2.26905e-06 7.17702e-07 
-2.2571e-05 2.15785e-06 9.35555e-07 
-2.04885e-05 2.01066e-06 1.14518e-06 
-1.79989e-05 1.82732e-06 1.34238e-06 
-1.51313e-05 1.60632e-06 1.52238e-06 
-1.19285e-05 1.34367e-06 1.67481e-06 
-8.46887e-06 1.03294e-06 1.77422e-06 
-4.90675e-06 6.6986e-07 1.77623e-06 
-1.50513e-06 2.58219e-07 1.63977e-06 
1.03901e-06 -2.30563e-07 1.19946e-06 
3.60166e-06 -5.97997e-07 1.38446e-06 
6.42739e-06 -9.23395e-07 1.43049e-06 
9.24436e-06 -1.20401e-06 1.37479e-06 
1.18871e-05 -1.44349e-06 1.26103e-06 
1.42684e-05 -1.64705e-06 1.11659e-06 
1.63416e-05 -1.8177e-06 9.54381e-07 
1.80785e-05 -1.9563e-06 7.80827e-07 
1.94612e-05 -2.06267e-06 6.00648e-07 
2.04809e-05 -2.13654e-06 4.18062e-07 
2.11367e-05 -2.17827e-06 2.36295e-07 
2.14318e-05 -2.18952e-06 5.57443e-08 
2.13658e-05 -2.1749e-06 -1.28534e-07 
2.09261e-05 -2.14567e-06 -3.22694e-07 
2.01247e-05 -2.13147e-06 -4.90404e-07 
1.9195e-05 -2.20381e-06 -4.40551e-07 
1.91423e-05 -2.55279e-06 4.10932e-07 
2.26729e-05 -3.58308e-06 3.1359e-06 
3.56623e-05 -6.3309e-06 9.86184e-06 
6.87113e-05 -1.19571e-05 2.27127e-05 
0.000141114 -2.50042e-05 4.79966e-05 
0.000270566 -4.05476e-05 7.21249e-05 
0.000418808 -0.000187681 6.49388e-05 
0.000409951 -0.000460024 -2.09564e-05 
0.000558194 -0.00838885 0.000114482 
-0.000327378 -0.00358975 7.41714e-05 
-9.86174e-05 -0.000455951 0.00048511 
0.000264636 -0.000120757 -7.77884e-05 
0.000151105 -5.41781e-05 -3.23907e-05 
8.53808e-05 -3.01404e-05 -2.83535e-05 
3.68053e-05 -1.66772e-05 -1.7956e-05 
7.98556e-06 -7.61647e-06 -9.90903e-06 
-7.65815e-06 -2.47544e-06 -5.21865e-06 
-1.53291e-05 1.57498e-07 -2.37564e-06 
-1.88701e-05 1.36335e-06 -1.15711e-06 
-2.05773e-05 1.87821e-06 -5.79602e-07 
-2.14574e-05 2.09338e-06 -3.12189e-07 
-2.18769e-05 2.18408e-06 -1.13392e-07 
-2.19219e-05 2.21527e-06 6.70917e-08 
-2.16031e-05 2.20682e-06 2.51102e-07 
-2.09141e-05 2.16356e-06 4.37327e-07 
-1.98519e-05 2.08644e-06 6.23971e-07 
-1.84194e-05 1.97591e-06 8.07118e-07 
-1.66279e-05 1.83255e-06 9.82546e-07 
-1.44975e-05 1.65687e-06 1.14537e-06 
-1.20592e-05 1.44834e-06 1.28906e-06 
-9.36243e-06 1.20444e-06 1.40056e-06 
-6.49764e-06 9.20598e-07 1.45237e-06 
-3.63367e-06 5.9398e-07 1.40084e-06 
-1.04556e-06 2.28102e-07 1.20938e-06 
6.32799e-07 -1.98788e-07 8.1949e-07 
2.47581e-06 -5.19e-07 1.05157e-06 
4.67964e-06 -8.07953e-07 1.14232e-06 
6.96089e-06 -1.06262e-06 1.12629e-06 
9.1423e-06 -1.28462e-06 1.04706e-06 
1.11275e-05 -1.47691e-06 9.3385e-07 
1.28656e-05 -1.64077e-06 8.01838e-07 
1.43278e-05 -1.77597e-06 6.58832e-07 
1.54975e-05 -1.88165e-06 5.09872e-07 
1.6367e-05 -1.95712e-06 3.58701e-07 
1.69346e-05 -2.00269e-06 2.07088e-07 
1.71984e-05 -2.02154e-06 5.19163e-08 
1.7139e-05 -2.02542e-06 -1.22872e-07 
1.66885e-05 -2.05142e-06 -3.49756e-07 
1.57055e-05 -2.20054e-06 -6.66312e-07 
1.40639e-05 -2.71747e-06 -1.00318e-06 
1.19599e-05 -4.1093e-06 -1.10743e-06 
1.06448e-05 -7.33655e-06 -8.59366e-08 
1.3069e-05 -1.38891e-05 2.8344e-06 
2.69532e-05 -2.63088e-05 1.26649e-05 
6.51781e-05 -4.65752e-05 2.76446e-05 
0.000169482 -8.22764e-05 8.54891e-05 
0.000306327 -0.000112159 4.40349e-05 
0.00069241 -0.000433709 0.000440304 
0.000627997 -0.00224529 -0.000797288 
-0.000393604 -0.00806627 -0.000252137 
2.499e-05 -0.000554746 0.000101474 
0.000106757 -0.000222508 -2.54539e-05 
4.71726e-05 -7.57616e-05 -2.53572e-05 
9.15695e-06 -4.44858e-05 -1.27626e-05 
-6.57834e-06 -2.31174e-05 -4.29342e-06 
-1.28815e-05 -1.09534e-05 -2.13695e-06 
-1.53495e-05 -3.98848e-06 -5.09499e-07 
-1.61732e-05 -5.22713e-07 -2.81717e-07 
-1.66311e-05 1.04183e-06 -1.77706e-07 
-1.70455e-05 1.68133e-06 -2.10346e-07 
-1.74263e-05 1.92845e-06 -1.56413e-07 
-1.76525e-05 2.01988e-06 -5.91852e-08 
-1.76407e-05 2.04472e-06 7.50543e-08 
-1.73451e-05 2.03019e-06 2.22175e-07 
-1.67476e-05 1.98286e-06 3.75426e-07 
-1.58423e-05 1.90399e-06 5.29366e-07 
-1.46313e-05 1.7942e-06 6.80651e-07 
-1.31239e-05 1.65444e-06 8.25118e-07 
-1.13386e-05 1.48581e-06 9.57644e-07 
-9.30612e-06 1.28884e-06 1.07037e-06 
-7.07944e-06 1.06269e-06 1.14815e-06 
-4.75675e-06 8.05016e-07 1.16184e-06 
-2.51696e-06 5.1497e-07 1.06804e-06 
-6.44651e-07 1.96345e-07 8.32727e-07 
2.89903e-07 -1.6421e-07 4.96528e-07 
1.51555e-06 -4.34595e-07 7.62282e-07 
3.17192e-06 -6.86496e-07 8.85002e-07 
4.96842e-06 -9.15657e-07 8.98519e-07 
6.72196e-06 -1.1209e-06 8.46538e-07 
8.33241e-06 -1.30241e-06 7.59505e-07 
9.74805e-06 -1.45961e-06 6.5405e-07 
1.09418e-05 -1.59117e-06 5.38774e-07 
1.18999e-05 -1.69562e-06 4.18698e-07 
1.26162e-05 -1.77194e-06 2.96773e-07 
1.30887e-05 -1.82025e-06 1.72963e-07 
1.33081e-05 -1.84387e-06 3.79789e-08 
1.32271e-05 -1.85616e-06 -1.40785e-07 
1.26857e-05 -1.89979e-06 -4.47757e-07 
1.12953e-05 -2.0914e-06 -1.02357e-06 
8.33049e-06 -2.7034e-06 -2.05827e-06 
2.82296e-06 -4.28176e-06 -3.55985e-06 
-6.1725e-06 -7.75166e-06 -5.51342e-06 
-1.84899e-05 -1.44779e-05 -6.45931e-06 
-3.22043e-05 -2.63681e-05 -6.44238e-06 
-3.42812e-05 -4.73292e-05 8.9871e-06 
-5.69137e-06 -9.10359e-05 2.2773e-05 
0.000217147 -0.000221564 0.000229676 
0.00048922 -0.000706473 -0.000127293 
1.66951e-05 -0.00331384 -0.00024616 
0.000671906 -0.00342173 0.000629607 
0.000218097 -0.000495186 -0.0005125 
-0.000140368 -0.000175836 1.72598e-05 
-0.000110306 -8.66523e-05 -8.19553e-06 
-8.71002e-05 -4.39393e-05 1.63981e-05 
-5.7624e-05 -2.30423e-05 1.02382e-05 
-3.73941e-05 -1.06032e-05 8.30194e-06 
-2.45236e-05 -3.92715e-06 4.40737e-06 
-1.78209e-05 -5.87784e-07 2.27285e-06 
-1.48379e-05 9.07129e-07 8.35574e-07 
-1.38723e-05 1.52358e-06 2.17632e-07 
-1.37231e-05 1.76096e-06 -6.48596e-09 
-1.37642e-05 1.84627e-06 -5.76963e-09 
-1.37064e-05 1.86579e-06 7.61357e-08 
-1.34451e-05 1.84702e-06 1.89358e-07 
-1.29461e-05 1.79701e-06 3.10908e-07 
-1.22008e-05 1.71737e-06 4.34514e-07 
-1.12096e-05 1.60897e-06 5.56295e-07 
-9.97965e-06 1.47308e-06 6.72698e-07 
-8.52623e-06 1.31137e-06 7.78576e-07 
-6.87785e-06 1.12541e-06 8.65379e-07 
-5.08735e-06 9.16177e-07 9.16649e-07 
-3.25554e-06 6.84037e-07 9.02228e-07 
-1.56549e-06 4.30938e-07 7.78781e-07 
-3.06893e-07 1.6192e-07 5.12951e-07 
1.78395e-08 -1.25445e-07 2.35519e-07 
7.35451e-07 -3.42494e-07 5.18242e-07 
1.92019e-06 -5.56566e-07 6.58419e-07 
3.28196e-06 -7.60533e-07 6.90868e-07 
4.63986e-06 -9.49302e-07 6.59053e-07 
5.89621e-06 -1.11986e-06 5.93606e-07 
7.00253e-06 -1.26965e-06 5.1154e-07 
7.93564e-06 -1.3964e-06 4.21559e-07 
8.68517e-06 -1.49823e-06 3.28261e-07 
9.24761e-06 -1.57396e-06 2.33806e-07 
9.62068e-06 -1.62355e-06 1.36144e-07 
9.78873e-06 -1.64973e-06 2.10911e-08 
9.67711e-06 -1.66346e-06 -1.61672e-07 
9.04079e-06 -1.69888e-06 -5.36554e-07 
7.25606e-06 -1.84672e-06 -1.35563e-06 
3.07497e-06 -2.31192e-06 -2.95658e-06 
-5.52636e-06 -3.4911e-06 -5.72355e-06 
-2.10473e-05 -6.02143e-06 -9.53796e-06 
-4.58224e-05 -1.08102e-05 -1.41292e-05 
-7.94197e-05 -1.91903e-05 -1.54207e-05 
-0.000115762 -3.44072e-05 -1.0391e-05 
-0.000131135 -7.77266e-05 3.09011e-05 
-6.25518e-05 -0.000281311 0.000134319 
-0.000208998 -0.0017187 8.98079e-05 
0.000393972 -0.0165598 -7.54791e-05 
0.000391209 -0.0133849 0.0008226 
-0.000239728 -0.000837913 3.26116e-05 
-0.000275077 -0.000159465 -9.54897e-05 
-0.000252437 -5.465e-05 4.97421e-05 
-0.000163408 -2.93998e-05 2.81692e-05 
-0.000101057 -1.55113e-05 2.6898e-05 
-5.73361e-05 -7.26212e-06 1.55392e-05 
-3.21904e-05 -2.605e-06 9.07508e-06 
-1.90388e-05 -2.25219e-07 4.2439e-06 
-1.3185e-05 8.9446e-07 1.78989e-06 
-1.09894e-05 1.38178e-06 5.74089e-07 
-1.03688e-05 1.58159e-06 1.40525e-07 
-1.02383e-05 1.656e-06 3.8006e-08 
-1.01447e-05 1.67113e-06 7.44784e-08 
-9.92383e-06 1.64988e-06 1.5336e-07 
-9.52734e-06 1.59893e-06 2.45504e-07 
-8.94244e-06 1.52017e-06 3.40502e-07 
-8.16754e-06 1.41467e-06 4.35015e-07 
-7.20676e-06 1.28388e-06 5.25812e-07 
-6.07159e-06 1.12985e-06 6.08204e-07 
-4.78616e-06 9.55063e-07 6.73597e-07 
-3.39942e-06 7.62372e-07 7.053e-07 
-2.00862e-06 5.55291e-07 6.73198e-07 
-7.92972e-07 3.39667e-07 5.34455e-07 
-3.95177e-08 1.23475e-07 2.54692e-07 
-1.72626e-07 -8.12937e-08 4.28176e-08 
1.54956e-07 -2.41253e-07 3.2106e-07 
9.45073e-07 -4.16979e-07 4.62395e-07 
1.92121e-06 -5.95939e-07 5.0302e-07 
2.91543e-06 -7.67849e-07 4.84942e-07 
3.8396e-06 -9.26161e-07 4.3722e-07 
4.65236e-06 -1.06654e-06 3.7596e-07 
5.33599e-06 -1.18603e-06 3.09125e-07 
5.88418e-06 -1.28268e-06 2.40582e-07 
6.2958e-06 -1.35541e-06 1.71516e-07 
6.56869e-06 -1.4041e-06 9.85263e-08 
6.68223e-06 -1.43044e-06 3.05895e-09 
6.54295e-06 -1.4405e-06 -1.74989e-07 
5.84705e-06 -1.45155e-06 -5.92201e-07 
3.82374e-06 -1.50503e-06 -1.55252e-06 
-1.11018e-06 -1.68885e-06 -3.53606e-06 
-1.15734e-05 -2.15942e-06 -7.01015e-06 
-3.10875e-05 -3.1732e-06 -1.23116e-05 
-6.32384e-05 -5.15272e-06 -1.88779e-05 
-0.000109977 -8.93467e-06 -2.5428e-05 
-0.000170335 -1.87922e-05 -2.97177e-05 
-0.000232948 -4.03621e-05 -2.00243e-05 
-0.0003808 -0.00017184 -0.000107871 
-0.000408747 -0.000222493 0.000347428 
0.00126717 -0.0071429 0.00103717 
0.00104509 -0.00103243 -0.00074982 
-0.000357139 -3.2944e-05 -0.000247068 
-0.000422997 -4.13303e-05 9.66587e-05 
-0.000298519 -2.57309e-06 3.63958e-05 
-0.000202585 -2.75168e-06 4.98631e-05 
-0.0001206 -1.66611e-06 3.09772e-05 
-6.73413e-05 -9.50899e-07 2.08222e-05 
-3.55037e-05 -6.32102e-08 1.10945e-05 
-1.89915e-05 6.02158e-07 5.58598e-06 
-1.13551e-05 1.03307e-06 2.33547e-06 
-8.35822e-06 1.27388e-06 8.52966e-07 
-7.37943e-06 1.39509e-06 2.45478e-07 
-7.11435e-06 1.44594e-06 7.58102e-08 
-6.99462e-06 1.45393e-06 6.7875e-08 
-6.81878e-06 1.43083e-06 1.16696e-07 
-6.52485e-06 1.38085e-06 1.80885e-07 
-6.09661e-06 1.30541e-06 2.49565e-07 
-5.53015e-06 1.20543e-06 3.18815e-07 
-4.82673e-06 1.08227e-06 3.86181e-07 
-3.99344e-06 9.37998e-07 4.47622e-07 
-3.04862e-06 7.75711e-07 4.9535e-07 
-2.03358e-06 5.9995e-07 5.13698e-07 
-1.03512e-06 4.17645e-07 4.74376e-07 
-2.17882e-07 2.39775e-07 3.36352e-07 
1.46998e-07 7.98185e-08 6.39506e-08 
-2.6895e-07 -3.22135e-08 -7.54983e-08 
-2.05787e-07 -1.32911e-07 1.71559e-07 
2.66512e-07 -2.70524e-07 2.96472e-07 
9.05558e-07 -4.24159e-07 3.35411e-07 
1.56966e-06 -5.77499e-07 3.25791e-07 
2.18758e-06 -7.20572e-07 2.92971e-07 
2.72823e-06 -8.47742e-07 2.50491e-07 
3.18014e-06 -9.55929e-07 2.04828e-07 
3.5407e-06 -1.0435e-06 1.58785e-07 
3.81064e-06 -1.10971e-06 1.12766e-07 
3.98793e-06 -1.15446e-06 6.22878e-08 
4.0497e-06 -1.17806e-06 -1.23508e-08 
3.89538e-06 -1.1805e-06 -1.75359e-07 
3.20628e-06 -1.15813e-06 -5.85757e-07 
1.1824e-06 -1.09432e-06 -1.56187e-06 
-3.79379e-06 -9.36573e-07 -3.56902e-06 
-1.4381e-05 -5.63795e-07 -7.1211e-06 
-3.40965e-05 2.52609e-07 -1.24434e-05 
-6.65746e-05 1.82603e-06 -1.92638e-05 
-0.000114586 4.33556e-06 -2.66604e-05 
-0.00017796 8.39978e-06 -3.08213e-05 
-0.000258511 1.21915e-05 -3.70915e-05 
-0.00032935 4.69648e-05 2.52352e-05 
0.000199816 -3.84402e-05 0.000538901 
0.00134606 -0.00097884 0.000179537 
0.000840871 -0.00110361 -0.000359092 
3.14245e-05 -5.31947e-05 -0.000260783 
-0.000256074 7.30085e-05 -3.95293e-05 
-0.000238134 4.3159e-05 2.99156e-05 
-0.000170999 2.57998e-05 2.98358e-05 
-0.000107903 1.26908e-05 2.78111e-05 
-6.13394e-05 6.02416e-06 1.75822e-05 
-3.26009e-05 2.83844e-06 1.06608e-05 
-1.67134e-05 1.6201e-06 5.36377e-06 
-9.08501e-06 1.24287e-06 2.44379e-06 
-5.89467e-06 1.178e-06 9.22396e-07 
-4.77543e-06 1.19222e-06 3.02082e-07 
-4.437e-06 1.20873e-06 9.21972e-08 
-4.31083e-06 1.20662e-06 5.76324e-08 
-4.18298e-06 1.18243e-06 7.99674e-08 
-3.98759e-06 1.1359e-06 1.20024e-07 
-3.70625e-06 1.06722e-06 1.64834e-07 
-3.33379e-06 9.76741e-07 2.11182e-07 
-2.86912e-06 8.65351e-07 2.57086e-07 
-2.31544e-06 7.34764e-07 2.99571e-07 
-1.68463e-06 5.88135e-07 3.32328e-07 
-1.00747e-06 4.31176e-07 3.4233e-07 
-3.53302e-07 2.74021e-07 3.05199e-07 
1.40816e-07 1.33478e-07 1.84937e-07 
2.40445e-07 3.14918e-08 -5.36493e-08 
-2.63137e-07 1.69123e-08 -1.17082e-07 
-3.37883e-07 -2.68707e-08 6.82496e-08 
-1.08081e-07 -1.26942e-07 1.61025e-07 
2.44559e-07 -2.52993e-07 1.90247e-07 
6.18271e-07 -3.83136e-07 1.85678e-07 
9.64973e-07 -5.04993e-07 1.65875e-07 
1.26548e-06 -6.12558e-07 1.40473e-07 
1.51402e-06 -7.03296e-07 1.13756e-07 
1.71047e-06 -7.76293e-07 8.74588e-08 
1.85638e-06 -8.31363e-07 6.13378e-08 
1.94966e-06 -8.68502e-07 3.08798e-08 
1.96777e-06 -8.86849e-07 -2.28275e-08 
1.81591e-06 -8.80937e-07 -1.57713e-07 
1.20248e-06 -8.29131e-07 -5.16285e-07 
-5.79063e-07 -6.63984e-07 -1.36385e-06 
-4.9006e-06 -2.14722e-07 -3.07568e-06 
-1.38831e-05 8.79839e-07 -5.97574e-06 
-3.00872e-05 3.25144e-06 -1.01202e-05 
-5.58176e-05 7.79387e-06 -1.50609e-05 
-9.18884e-05 1.57143e-05 -1.92887e-05 
-0.000135598 2.81669e-05 -1.97689e-05 
-0.000170819 4.8575e-05 -2.43098e-06 
-9.66426e-05 5.1126e-05 0.000103563 
0.000337839 -0.000145721 0.000293701 
0.000675763 -0.000750604 -6.88483e-05 
0.000338096 -0.00252816 -0.000133398 
0.0001642 -0.000252545 -3.50681e-05 
-1.52742e-05 1.61714e-05 -9.02887e-05 
-0.00011057 4.97379e-05 -8.03204e-06 
-9.87294e-05 3.55061e-05 1.31381e-05 
-6.99752e-05 2.00481e-05 1.37032e-05 
-4.34011e-05 1.00279e-05 1.16561e-05 
-2.41914e-05 4.73742e-06 7.37647e-06 
-1.25504e-05 2.29198e-06 4.23966e-06 
-6.41315e-06 1.33815e-06 2.01556e-06 
-3.66317e-06 1.02568e-06 8.38404e-07 
-2.6164e-06 9.47075e-07 2.87525e-07 
-2.2798e-06 9.31223e-07 9.18253e-08 
-2.1666e-06 9.20399e-07 4.21071e-08 
-2.08723e-06 8.97427e-07 4.64644e-08 
-1.97982e-06 8.57922e-07 6.63462e-08 
-1.82727e-06 8.00641e-07 9.09998e-08 
-1.62432e-06 7.25249e-07 1.17289e-07 
-1.36895e-06 6.31921e-07 1.44026e-07 
-1.06172e-06 5.2162e-07 1.69267e-07 
-7.08738e-07 3.96913e-07 1.8888e-07 
-3.28868e-07 2.63762e-07 1.93682e-07 
3.16376e-08 1.34371e-07 1.66133e-07 
2.76133e-07 3.05556e-08 7.83874e-08 
2.33493e-07 -1.64142e-08 -9.64849e-08 
-1.68115e-07 5.09583e-08 -9.27048e-08 
-2.67144e-07 5.41672e-08 9.37119e-09 
-2.03164e-07 -7.21925e-09 5.93361e-08 
-7.48074e-08 -9.80037e-08 7.50747e-08 
6.5298e-08 -1.94614e-07 7.35174e-08 
1.94701e-07 -2.84595e-07 6.51182e-08 
3.05385e-07 -3.62844e-07 5.43566e-08 
3.95341e-07 -4.27819e-07 4.32952e-08 
4.65151e-07 -4.79429e-07 3.27061e-08 
5.15897e-07 -5.18055e-07 2.21424e-08 
5.45045e-07 -5.43891e-07 7.63858e-09 
5.32527e-07 -5.55199e-07 -2.60083e-08 
3.99549e-07 -5.42062e-07 -1.2429e-07 
-8.24524e-08 -4.67679e-07 -3.90472e-07 
-1.43085e-06 -2.25556e-07 -1.002e-06 
-4.55289e-06 4.35856e-07 -2.15477e-06 
-1.06307e-05 2.00435e-06 -3.92032e-06 
-2.06575e-05 5.24449e-06 -6.04925e-06 
-3.48122e-05 1.10907e-05 -7.94801e-06 
-5.16144e-05 2.00356e-05 -8.24589e-06 
-6.59606e-05 3.12896e-05 -4.06583e-06 
-5.37703e-05 3.65239e-05 2.09227e-05 
2.94819e-05 -6.53902e-07 5.65149e-05 
0.000174771 -0.000219835 7.45717e-05 
0.000188166 -0.00111251 -4.13857e-05 
9.40861e-06 -0.00609054 -9.79541e-05 
2.58564e-05 -0.000452093 3.61558e-05 
4.1531e-05 -9.09981e-05 -2.49772e-05 
-2.86787e-06 2.27495e-05 -1.57011e-05 
-2.48728e-05 2.47823e-05 -5.02003e-06 
-2.70543e-05 1.72658e-05 2.49843e-06 
-2.08542e-05 9.86035e-06 3.79272e-06 
-1.34124e-05 5.00028e-06 3.59693e-06 
-7.45182e-06 2.40632e-06 2.38302e-06 
-3.73255e-06 1.22961e-06 1.3366e-06 
-1.82514e-06 7.84049e-07 5.9942e-07 
-1.02575e-06 6.42867e-07 2.27337e-07 
-7.47994e-07 6.04968e-07 7.19571e-08 
-6.62388e-07 5.90052e-07 2.57708e-08 
-6.24598e-07 5.72295e-07 1.90595e-08 
-5.85836e-07 5.44309e-07 2.49523e-08 
-5.32299e-07 5.0407e-07 3.41857e-08 
-4.60151e-07 4.50765e-07 4.46751e-08 
-3.67818e-07 3.83993e-07 5.56415e-08 
-2.55053e-07 3.03914e-07 6.61815e-08 
-1.24102e-07 2.12117e-07 7.43218e-08 
1.71685e-08 1.136e-07 7.58711e-08 
1.47375e-07 2.0366e-08 6.10228e-08 
2.17681e-07 -4.50144e-08 1.48435e-08 
1.41229e-07 -4.74563e-08 -7.6155e-08 
-4.47082e-08 4.94775e-08 -2.47341e-08 
-9.00502e-08 7.72689e-08 -1.08672e-08 
-1.02449e-07 5.96145e-08 -3.13184e-10 
-1.02382e-07 1.98859e-08 1.81529e-09 
-1.00386e-07 -2.47173e-08 2.32316e-09 
-9.85724e-08 -6.63139e-08 2.13768e-09 
-9.75175e-08 -1.0198e-07 1.64031e-09 
-9.73815e-08 -1.30979e-07 9.93833e-10 
-9.80538e-08 -1.53472e-07 3.11773e-10 
-9.96023e-08 -1.69782e-07 -9.17156e-10 
-1.04517e-07 -1.79147e-07 -5.39388e-09 
-1.25444e-07 -1.75716e-07 -2.24753e-08 
-2.05617e-07 -1.36634e-07 -7.63896e-08 
-4.57435e-07 5.13701e-09 -2.14473e-07 
-1.10279e-06 4.04896e-07 -4.94983e-07 
-2.45243e-06 1.34509e-06 -9.32409e-07 
-4.72991e-06 3.21502e-06 -1.39416e-06 
-7.75079e-06 6.37246e-06 -1.57324e-06 
-1.06769e-05 1.08765e-05 -1.08177e-06 
-1.23835e-05 1.59386e-05 -3.95448e-08 
-1.0598e-05 1.84292e-05 3.05846e-06 
-2.57513e-07 8.09325e-06 6.71316e-06 
2.33348e-05 -3.16841e-05 1.39565e-05 
-3.38819e-05 -0.000105876 -7.6611e-05 
-0.000198204 -0.000304093 5.5104e-05 
3.38106e-05 -0.000378267 2.59436e-05 
-0.000118668 -0.000144577 -7.12126e-05 
-3.22723e-05 -4.14692e-05 6.08598e-05 
1.74254e-05 -1.0447e-05 -6.30861e-06 
5.74078e-06 4.42097e-06 -3.93243e-06 
-1.08094e-06 7.28128e-06 -2.63948e-06 
-3.75634e-06 6.10884e-06 -5.47191e-07 
-3.64715e-06 3.99317e-06 3.33631e-07 
-2.46906e-06 2.22399e-06 6.4665e-07 
-1.27839e-06 1.11647e-06 4.97245e-07 
-5.05318e-07 5.55364e-07 2.8495e-07 
-1.2365e-07 3.22751e-07 1.23101e-07 
2.40415e-08 2.42632e-07 4.35144e-08 
6.92448e-08 2.17566e-07 1.20406e-08 
7.93737e-08 2.05813e-07 2.80209e-09 
8.02891e-08 1.93292e-07 7.00356e-10 
7.9508e-08 1.75988e-07 6.59293e-10 
7.89177e-08 1.5271e-07 1.10238e-09 
7.89993e-08 1.22942e-07 1.63812e-09 
7.97927e-08 8.66078e-08 1.99821e-09 
8.10521e-08 4.45121e-08 2.04182e-09 
8.21847e-08 -4.98099e-10 1.42522e-09 
8.12385e-08 -4.09905e-08 -5.80132e-10 
6.85953e-08 -6.11687e-08 -1.01268e-08 
3.12987e-08 -4.03832e-08 -1.62034e-08 
