-0.00415157 
0.0129709 
0.0294913 
0.044572 
0.0582197 
0.0702321 
0.0803081 
0.0880419 
0.0927846 
0.0941486 
0.0918413 
0.0861482 
0.0778538 
0.0678942 
0.0573887 
0.0472788 
0.0380314 
0.0300988 
0.0235101 
0.0180572 
0.0137365 
0.0103369 
0.00768826 
0.00555986 
0.00383462 
0.0024313 
0.00130695 
0.000326829 
3.5369e-05 
3.55711e-06 
3.89293e-07 
2.79197e-08 
0.00199298 
0.00536994 
0.009594 
0.0131815 
0.0167637 
0.0194704 
0.0227534 
0.0240574 
0.0267679 
0.0234946 
0.0222563 
0.0190443 
0.0185913 
0.0183344 
0.0159656 
0.0134379 
0.0115342 
0.010085 
0.00647278 
0.00359227 
0.00234498 
-0.00111405 
-0.00353876 
-0.00469328 
-0.00598626 
-0.00657697 
-0.00704872 
-0.00783114 
6.08955e-12 
3.96749e-11 
-1.30573e-09 
4.33192e-07 
4.74981e-06 
-0.000167915 
-0.000410612 
0.000382464 
0.00154434 
0.0031428 
0.00431273 
0.00503151 
8.21063e-09 
4.55734e-10 
-6.30641e-12 
-5.96129e-13 
5.71335e-12 
3.00519e-12 
8.97873e-13 
7.73435e-14 
-4.08625e-13 
-1.63104e-12 
-3.05069e-12 
-4.76636e-12 
-5.89316e-12 
-6.44134e-12 
-2.30734e-11 
-1.945e-12 
3.48681e-08 
4.17625e-11 
-0.0111396 
0.00439499 
0.0214531 
0.0372466 
0.0516298 
0.064427 
0.0755417 
0.0844914 
0.0908129 
0.0939165 
0.0934472 
0.0893877 
0.0822674 
0.0730185 
0.0626124 
0.0523065 
0.0424892 
0.0338844 
0.0266585 
0.020619 
0.0157796 
0.011946 
0.00892557 
0.00657074 
0.00466352 
0.00264285 
0.00309996 
0.00187373 
0.000740029 
0.000113849 
1.10918e-05 
1.17007e-06 
0.00946636 
1.23886e-07 
0.00627989 
0.00385062 
0.00266211 
0.00952286 
0.00759953 
0.0168116 
0.0113076 
0.0152292 
0.0182911 
0.0215305 
0.0463007 
0.0238855 
0.0274931 
0.0241389 
0.0227586 
0.0444834 
0.0432638 
0.0190113 
0.0399033 
0.0145563 
0.0113452 
0.0291892 
0.00785392 
0.0193479 
0.00504055 
0.00264993 
0.000597233 
0.005951 
-0.0024425 
-0.00455932 
-1.49741e-05 
-0.00495361 
-0.00623698 
-0.00687953 
-0.00593817 
-0.00748317 
-0.00696027 
-0.00920987 
5.39976e-10 
2.1472e-11 
4.81548e-09 
3.54934e-08 
5.30247e-06 
-2.08589e-05 
-0.000253209 
0.000151303 
-8.7078e-05 
0.000912168 
0.000818762 
0.00218858 
0.00244751 
0.00404125 
0.00415405 
0.00442373 
0.00386586 
0.0072616 
0.00421281 
2.23827e-09 
5.98206e-11 
-9.66416e-12 
4.94974e-12 
4.51116e-12 
1.75844e-12 
3.70032e-13 
-1.27348e-13 
-9.03554e-13 
-2.37583e-12 
-3.80417e-12 
-5.60782e-12 
-5.73138e-12 
-1.10349e-11 
-2.1869e-11 
9.52537e-12 
0.000806315 
0.0180033 
0.0342051 
0.0489248 
0.0621192 
0.0736414 
0.0830888 
0.090032 
0.0938131 
0.094074 
0.0906829 
0.0840534 
0.0751276 
0.0648198 
0.0543726 
0.0443983 
0.0354865 
0.0279489 
0.0217021 
0.0166197 
0.0125889 
0.00941312 
0.0069544 
0.00497006 
0.00334249 
0.0020185 
0.00088016 
0.000148833 
1.46202e-05 
1.51547e-06 
1.78324e-07 
0.0131463 
0.0203904 
0.0277346 
0.0340793 
0.0400898 
0.0446183 
0.0503072 
0.0493107 
0.0472157 
0.0426832 
0.0377383 
0.0335915 
0.0263339 
0.0216699 
0.0173415 
0.0131213 
0.00793524 
0.00420637 
0.00145332 
-0.0013305 
-0.0033102 
-0.00477931 
5.52086e-08 
3.4467e-06 
-4.10134e-06 
-0.000179308 
-0.000152915 
0.00314001 
9.02505e-09 
5.7959e-10 
2.23108e-11 
1.35003e-11 
1.29764e-11 
6.3466e-12 
2.53909e-12 
9.40368e-13 
-4.5481e-13 
-3.31298e-12 
-5.9358e-12 
-9.82624e-12 
-1.09752e-11 
-1.44805e-11 
-7.19815e-11 
3.44391e-11 
0.0263186 
0.0417245 
0.0557198 
0.0680907 
0.0786621 
0.086916 
0.0923383 
0.0944057 
0.0928192 
0.0877273 
0.0798205 
0.0701026 
0.0595216 
0.0493091 
0.0397811 
0.0315176 
0.0246791 
0.0189888 
0.0144587 
0.0108974 
0.00810344 
0.00590267 
0.004119 
0.000404981 
4.69966e-05 
4.62792e-06 
5.12475e-07 
0.0310126 
0.0372153 
0.0425674 
0.0485578 
0.0458387 
0.0104798 
-0.00405403 
1.54868e-11 
9.43082e-12 
4.06879e-12 
1.56517e-12 
3.67403e-13 
-1.74996e-12 
-4.69333e-12 
-7.69153e-12 
-1.11461e-11 
-1.05332e-11 
-3.16682e-11 
-2.17397e-11 
0.00144962 
0.02406 
0.0506577 
0.031316 
0.041574 
0.0359154 
0.0240123 
0.0154451 
0.00265874 
-0.00237191 
-0.000217626 
-3.43419e-05 
1.04581e-05 
5.07232e-07 
6.97533e-12 
1.28863e-10 
2.5266e-09 
0.0193476 
0.0198767 
0.0357276 
0.0505257 
0.0637381 
0.075149 
0.0844322 
0.0910583 
0.0944435 
0.0942537 
0.0904072 
0.0834067 
0.074204 
0.0638059 
0.0532495 
0.0434213 
0.0345736 
0.0270954 
0.0210018 
0.016019 
0.0120923 
0.00901921 
0.00660802 
0.0047092 
0.0031388 
0.0002669 
0.0018052 
0.0351455 
2.01316e-05 
1.91659e-06 
2.31132e-07 
0.044774 
0.0108805 
0.0161207 
5.89628e-08 
0.0100212 
5.68912e-10 
0.0147204 
0.019523 
0.00527445 
0.0401582 
0.0474624 
0.0728815 
0.0536594 
0.0577513 
0.0615097 
0.0647457 
0.0739403 
0.0753751 
0.0835745 
0.0851001 
0.0711744 
0.0552699 
0.0713147 
0.068539 
0.0254635 
0.0611109 
0.0656036 
0.0450553 
0.0489113 
0.0677625 
0.0797724 
0.0785157 
0.0522898 
0.065012 
0.0616911 
0.033139 
0.0297895 
0.0405033 
0.0362478 
0.0353379 
0.0128266 
0.0216133 
-6.47958e-05 
0.0151699 
0.00373679 
0.00177667 
0.00662404 
0.00428363 
0.00581338 
0.00914785 
-0.000287093 
3.14272e-11 
-1.12123e-08 
9.07158e-07 
3.04949e-11 
7.79852e-09 
-5.67322e-11 
-2.51656e-05 
-4.88488e-08 
2.11444e-07 
-0.000212988 
-0.000213567 
-0.00018018 
-2.57159e-05 
-3.88908e-05 
-8.40719e-05 
0.00126559 
0.000466689 
0.00286593 
0.00149052 
0.00578056 
0.00842597 
0.00427412 
3.05725e-11 
4.38836e-08 
8.96352e-08 
1.70024e-08 
-6.77632e-11 
1.06315e-11 
4.33601e-09 
1.72356e-08 
4.70497e-09 
6.09403e-12 
2.04319e-11 
6.46789e-11 
1.3536e-11 
8.0624e-10 
2.11445e-10 
2.41409e-11 
9.11436e-12 
1.29196e-12 
-1.89901e-12 
-9.9996e-12 
-2.39075e-11 
-4.05863e-11 
-6.42878e-11 
-6.26032e-11 
-1.64382e-10 
-1.94194e-10 
1.00573e-10 
4.29928e-10 
2.0736e-10 
0.0277407 
0.0247674 
0.0329157 
3.05641e-10 
0.0693426 
0.0806844 
0.0632625 
0.0581776 
0.0716713 
0.0684559 
0.00241763 
0.00862923 
0.00420791 
0.00208781 
0.00193723 
0.00298302 
0.00711706 
0.00773294 
0.00919807 
0.00244231 
0.0026577 
0.00201041 
0.0299425 
0.0364434 
0.0675286 
0.0743681 
0.075898 
0.0383976 
0.0182096 
0.0272477 
0.0236529 
0.00810501 
-0.00297707 
0.000110432 
1.69246e-09 
0.043326 
0.0573516 
0.0696493 
0.0800889 
0.0880701 
0.0931848 
0.094809 
0.0927721 
0.0872496 
0.078988 
0.0690958 
0.0584514 
0.048215 
0.038827 
0.0306651 
0.0239057 
0.0184034 
0.0139581 
0.0104667 
0.0077434 
0.00561444 
0.00338518 
0.00389731 
0.00066544 
0.0319968 
2.63117e-05 
7.70618e-05 
6.10041e-06 
6.44197e-07 
0.0140784 
0.0625039 
0.0248983 
0.0814021 
0.0851022 
0.0404103 
0.0493764 
0.0252581 
0.0669103 
0.0709145 
0.0435589 
0.0500081 
0.0824727 
0.0724057 
0.0766109 
0.0466975 
0.0741566 
0.0701028 
0.0604046 
0.0710557 
0.0577605 
0.0807704 
0.0118571 
0.0886625 
0.0936528 
0.0314262 
0.0105114 
-0.000182803 
0.0950562 
0.0928039 
-0.00162004 
0.0871112 
0.0786183 
0.0407196 
0.0677881 
0.0550909 
3.88447e-08 
1.24975e-05 
7.09854e-06 
0.00976995 
0.042142 
0.000623868 
0.00379391 
0.0734823 
0.00332203 
0.0616743 
3.17298e-11 
1.58696e-11 
4.32825e-12 
-3.88602e-13 
-4.65285e-12 
-1.72479e-11 
-3.0325e-11 
-5.41273e-11 
-6.52502e-11 
-8.00213e-11 
-3.8906e-10 
0.0903767 
0.00119347 
0.0832281 
0.00288989 
-0.00490935 
0.0819863 
0.0417695 
0.0537388 
0.0502505 
2.83134e-07 
0.00496943 
0.00693251 
0.0094371 
0.0126532 
0.0167559 
0.021925 
0.0282717 
0.0360289 
0.0451158 
0.0551369 
0.0657941 
0.0760896 
0.0850474 
0.0915729 
0.0948221 
0.0943716 
0.0813263 
-4.42753e-10 
-1.0857e-10 
-1.14789e-10 
-7.6064e-11 
-9.00624e-07 
0.0205254 
0.0315837 
0.00225834 
0.0175738 
0.000440391 
0.0834617 
0.0526916 
1.0521e-07 
-0.000122673 
0.000887713 
8.05634e-07 
7.97837e-06 
0.00139811 
0.00010836 
0.00413718 
0.00589921 
0.00812082 
0.0109501 
0.014603 
0.019246 
0.024961 
0.00481019 
0.00625969 
-0.0032966 
-0.000126173 
0.0480765 
6.81899e-11 
0.00548275 
0.000826438 
0.000368106 
2.45575e-06 
0.0307617 
0.0577818 
0.0146414 
-1.17506e-09 
-1.82096e-10 
-1.06583e-10 
-1.02079e-10 
-5.20085e-11 
-3.04691e-11 
-6.52657e-12 
0.00117438 
3.74535e-12 
1.10301e-11 
2.76076e-11 
5.56556e-11 
4.05572e-11 
1.77984e-11 
6.58066e-12 
4.7404e-13 
-1.78611e-11 
-4.00609e-11 
0.00772255 
0.000691727 
1.38832e-10 
-3.39227e-07 
0.0573882 
0.0428863 
0.0806024 
7.25876e-05 
0.0279332 
0.0954742 
0.0939471 
0.0445804 
0.095062 
0.0911981 
0.0210844 
0.0841104 
0.0738688 
0.0747724 
0.064321 
0.0922458 
0.0535863 
3.45641e-08 
0.0436393 
0.00120276 
0.000884683 
0.0347101 
0.0271536 
0.0209523 
0.0159567 
0.011976 
0.00888497 
0.00649422 
6.54854e-07 
0.0635711 
0.030778 
0.0282774 
8.46062e-06 
0.00382255 
0.0339945 
2.38698e-06 
3.34651e-06 
8.74878e-07 
0.0046073 
0.00403091 
0.0390235 
0.0405312 
0.0360706 
-4.32104e-10 
4.26693e-11 
0.0520835 
0.0244663 
0.0276131 
0.0278626 
0.0319432 
8.41667e-08 
0.0951974 
0.0579761 
-1.5101e-09 
0.0589137 
0.0553597 
0.0485255 
0.0501994 
0.0452299 
0.00054141 
0.00811439 
0.0880134 
0.0893926 
0.085678 
-0.000209647 
0.00700583 
0.095619 
0.0956186 
2.18038e-07 
1.02014e-07 
0.088756 
1.87858e-12 
1.66793e-05 
-0.000261357 
-0.000228517 
0.0140182 
0.0161454 
1.03042e-10 
0.0053931 
0.00689971 
0.0699659 
0.0738869 
-1.48234e-10 
-6.17013e-11 
8.10204e-12 
3.75576e-11 
1.32713e-10 
2.60267e-10 
2.16347e-10 
7.09965e-11 
1.6385e-10 
1.18426e-10 
2.15707e-11 
8.04744e-11 
5.37241e-11 
0.00106312 
-2.4352e-11 
-3.92836e-11 
-1.09277e-10 
-1.13686e-10 
-1.87787e-10 
-7.38008e-06 
-3.25777e-10 
-5.47267e-10 
-5.2679e-10 
-7.69818e-10 
-9.65155e-10 
-1.83983e-09 
0.0917731 
0.0911449 
0.0936194 
-8.96514e-10 
0.000278905 
0.0850195 
0.0878939 
0.0755358 
0.07396 
0.0792607 
0.0953032 
0.0954172 
0.100468 
0.100817 
0.0461793 
0.00312878 
-2.72517e-06 
-2.56374e-08 
2.30452e-05 
-0.000111967 
0.000381389 
0.0175957 
0.0796694 
0.0765729 
0.061766 
0.0638786 
0.0682475 
0.090367 
0.0584148 
0.021672 
0.0195078 
0.0258152 
0.0179501 
0.0503604 
0.0552765 
0.0952077 
0.0401535 
0.0380772 
0.0442243 
-2.64396e-09 
-1.43681e-05 
2.75524e-07 
-1.12895e-07 
0.0996326 
0.101037 
0.000132344 
0.0351626 
0.0533489 
0.0952441 
0.0935808 
0.0696621 
3.98458e-08 
-9.4546e-11 
-1.93939e-10 
0.032029 
0.00793798 
0.00759351 
0.0238873 
0.0218165 
0.018307 
0.0166268 
0.0138476 
0.0103488 
0.00678155 
0.0248807 
0.0107987 
0.00549483 
0.0144542 
0.0623526 
0.0824377 
0.0190921 
0.0564798 
0.00193791 
0.00230666 
0.0503972 
0.0925075 
0.0688662 
0.0895085 
0.0314477 
0.100065 
0.0607598 
0.0815116 
0.0948326 
0.0498338 
0.0554099 
0.0642634 
0.0594064 
0.000857342 
0.00883364 
0.00863277 
-2.77099e-09 
0.0980328 
0.0958807 
0.0238238 
0.00332174 
0.0714915 
0.0791142 
0.0813824 
1.95861e-10 
8.58041e-10 
0.0237979 
0.0267434 
-2.36666e-05 
0.0200815 
0.0142553 
0.0944306 
0.101004 
0.0483343 
0.0398783 
0.0952058 
0.0090065 
0.0734866 
7.14585e-11 
1.84372e-10 
2.81777e-10 
-4.87229e-06 
0.0847189 
7.52865e-09 
-4.76461e-12 
2.27871e-05 
1.08464e-05 
0.0839172 
0.0480027 
0.0619231 
1.07401e-11 
-9.16921e-07 
-2.05987e-10 
-4.64557e-10 
-5.27481e-10 
0.0955126 
0.0656537 
0.0709466 
0.0878517 
0.00361091 
0.00272769 
0.00250767 
-2.30781e-10 
0.0351284 
0.0324123 
0.0403949 
0.0118314 
0.0144558 
0.0110923 
0.0164167 
0.0131003 
0.0938097 
0.0996291 
0.0672366 
0.0961061 
0.0779564 
0.0869179 
0.0831005 
0.0697376 
0.0860117 
0.0784023 
0.0355593 
0.0436782 
0.0392776 
0.00620299 
0.0783497 
0.0103885 
2.88177e-11 
-3.64182e-09 
0.0826129 
0.00633038 
0.0661793 
0.0923213 
0.00928673 
0.0124869 
0.00575698 
0.00483989 
0.06808 
0.0150204 
0.09021 
8.95205e-09 
1.40547e-08 
-3.51244e-10 
0.00492805 
-8.11116e-10 
-8.83575e-10 
-3.78564e-10 
-6.50563e-10 
-9.41903e-10 
-1.09748e-05 
0.103721 
0.108137 
0.00445126 
0.0323566 
0.064145 
-9.71932e-09 
0.0644417 
0.108602 
-3.4466e-07 
0.00865067 
0.0903119 
0.100559 
0.0749312 
0.0918696 
-1.78569e-08 
0.0783747 
0.00146364 
0.023684 
0.085906 
0.0568381 
0.015706 
0.0628698 
0.00531408 
0.00466885 
0.0117635 
0.00629573 
0.00555532 
0.0689003 
0.0136045 
0.0141692 
0.0122563 
0.0874867 
0.00741935 
0.00772343 
0.00657564 
0.018051 
0.0163522 
0.091649 
0.0931107 
0.0305952 
0.0163565 
0.0100911 
0.0105313 
0.00900971 
0.0405689 
0.000806149 
0.0324059 
0.100597 
0.0506988 
0.0532884 
9.3626e-11 
0.000917562 
0.0100746 
0.107029 
0.0943072 
0.0929804 
0.0897149 
0.00597856 
1.82643e-08 
0.096478 
0.0801073 
-0.000215739 
0.00299553 
-0.000225415 
-3.63576e-09 
0.0090863 
-0.000443502 
-0.000265033 
0.00182607 
-6.65416e-10 
0.000116857 
-2.03449e-06 
0.0104261 
-5.21686e-11 
-3.97825e-09 
-6.34195e-09 
-2.47493e-09 
-1.33015e-09 
-1.01506e-09 
-2.83993e-09 
-3.53565e-09 
-5.08854e-09 
-6.55815e-09 
0.0934834 
0.0449515 
0.0474571 
0.0506822 
0.000424495 
0.00341117 
0.00988032 
0.0269747 
0.0246314 
0.0698576 
0.0662721 
-0.000190669 
0.0751445 
0.0716762 
0.0707464 
5.91101e-11 
3.13634e-10 
1.94453e-10 
1.05903e-10 
3.18592e-10 
0.105541 
0.0645246 
0.0690382 
-4.22701e-05 
0.0961356 
0.0967703 
0.0795882 
0.00826775 
0.00785257 
0.0102391 
0.0958625 
0.0951583 
0.0536209 
0.0946778 
0.0366961 
0.0841767 
0.0885095 
-4.4069e-08 
0.00143547 
-8.51493e-05 
0.0121368 
0.0123536 
0.0123945 
0.0130979 
0.0151051 
0.0186709 
0.0173921 
0.10331 
-4.45827e-05 
-0.000132768 
0.103872 
0.0889137 
0.11035 
-1.29355e-07 
0.038846 
5.85267e-08 
3.64658e-08 
0.0215854 
0.0207288 
0.108591 
0.0717057 
0.00124267 
0.00096796 
0.0608236 
0.0590021 
0.0280267 
0.111281 
0.106363 
0.0862875 
0.0899552 
0.0886162 
0.0855184 
1.32695e-06 
0.110204 
0.0595577 
0.0656853 
0.0818694 
0.0431981 
0.0187913 
0.103643 
0.0350769 
0.038325 
0.0934221 
0.00367803 
0.0389311 
0.0763749 
0.097035 
2.71633e-07 
5.79713e-07 
1.46923e-07 
0.0346062 
0.0318014 
4.42957e-10 
2.2771e-10 
0.0280445 
0.00387637 
-2.22654e-09 
0.00227396 
0.043553 
0.0403791 
0.000500734 
0.0701605 
0.0822572 
0.111179 
0.0553471 
0.0921109 
0.092694 
0.111769 
0.108652 
5.48705e-10 
-1.03924e-10 
-2.35035e-10 
1.87167e-08 
0.0169265 
0.0198067 
0.00316176 
0.0769029 
0.0233301 
0.0260374 
1.47572e-10 
4.16441e-10 
3.45994e-10 
0.108137 
-3.28138e-06 
-5.31246e-09 
-4.33022e-09 
4.15065e-05 
2.05363e-05 
-7.47421e-07 
0.10515 
0.0745414 
0.0715122 
0.0769001 
4.17831e-10 
1.01961e-09 
2.74261e-10 
0.105976 
0.0964427 
5.3268e-10 
9.46272e-10 
8.16672e-10 
-0.000174807 
-0.000243342 
0.0948775 
0.094588 
0.0961368 
0.0665867 
0.0591563 
0.101986 
0.0343193 
1.69917e-10 
-4.52114e-10 
-4.09724e-10 
-6.77082e-10 
3.38588e-10 
6.90077e-10 
5.45355e-10 
0.0888754 
0.0916948 
0.0997607 
0.0557843 
0.0578582 
0.000375587 
0.0814315 
0.0801712 
0.0848507 
0.107341 
0.106418 
0.107634 
0.109098 
0.0430081 
0.0482999 
0.0444606 
0.0472252 
0.0260837 
0.0235885 
0.0294569 
-0.000252089 
0.0198277 
0.0214249 
0.0749433 
0.0749157 
0.0941233 
0.0972113 
0.000412088 
-8.25433e-09 
-9.11049e-09 
-2.20035e-08 
0.0492697 
0.0519702 
0.0626465 
0.000544164 
0.00186872 
0.0818982 
0.00379073 
0.00333959 
0.00532467 
0.0860473 
0.050144 
0.0484972 
0.0846603 
0.0861875 
0.0817693 
0.0961926 
0.0985359 
0.0982052 
0.0975566 
0.00022373 
0.0908146 
0.112698 
0.110194 
0.0802966 
0.114063 
0.0469854 
0.0894624 
0.023858 
0.029598 
0.025259 
0.0939342 
0.000236359 
0.115128 
0.0239656 
0.0257198 
0.0586341 
0.11408 
0.0774592 
0.051124 
0.00179488 
0.0359382 
0.0752718 
0.017728 
0.10065 
-2.47921e-10 
2.07772e-10 
9.13906e-10 
0.0266769 
0.00210426 
0.0589072 
0.0800995 
0.0513415 
1.43736e-09 
0.00354457 
0.00114691 
0.00174294 
0.0005124 
0.000411537 
0.115555 
0.117196 
0.0847107 
0.0203731 
0.0184399 
-2.33562e-08 
0.0939964 
-0.000258799 
0.00209914 
1.59623e-09 
0.103486 
-0.000251137 
0.00253983 
0.00202598 
0.0976253 
0.00228316 
0.00240992 
-3.7475e-09 
0.111742 
-1.07662e-06 
0.100275 
0.0417716 
-9.42428e-09 
0.112325 
0.0966592 
-3.31189e-05 
-0.000224798 
-6.03275e-06 
0.0555824 
0.0973716 
0.0972668 
-4.34517e-05 
-0.000158276 
-6.20937e-05 
0.0233487 
0.0211994 
0.0644716 
0.0606995 
-0.000244721 
0.0699286 
0.00188151 
0.0924496 
0.071724 
-5.46455e-05 
0.00288485 
0.0030605 
0.00243696 
0.0541787 
0.0616603 
0.0567251 
-0.000243462 
0.0348389 
0.0320821 
0.0404618 
0.0051156 
0.10127 
0.00428003 
0.00447584 
0.00372584 
0.0636502 
0.11225 
0.114011 
-1.89322e-07 
0.0303258 
0.0277311 
0.115755 
0.0147626 
0.0863301 
0.11394 
0.0937526 
0.0960945 
0.0906914 
0.053314 
0.111993 
0.0410667 
-0.000220495 
0.000147476 
0.117186 
0.0812607 
2.01405e-06 
2.10662e-09 
-0.000171389 
0.0636513 
0.0655087 
0.11679 
0.076059 
3.25413e-09 
1.43598e-09 
4.12129e-06 
0.0574738 
0.0995469 
0.000402445 
0.0343534 
0.0314891 
0.0932364 
1.96153e-09 
0.0132842 
0.0337301 
0.0717014 
0.00604003 
0.00532727 
0.10771 
3.51954e-08 
0.0164931 
0.0911626 
0.0862844 
0.00312805 
0.00383882 
1.53272e-09 
0.0817614 
0.0755533 
0.0242811 
0.0794149 
0.0098247 
0.0761823 
-0.000141666 
0.0958779 
0.0949978 
0.0470654 
-0.000291578 
0.0591191 
0.0451282 
0.0782687 
1.85509e-09 
3.22007e-09 
2.98377e-09 
0.0535137 
-6.71927e-05 
-2.7595e-07 
-8.53529e-09 
0.0662712 
-3.14809e-08 
-2.11576e-08 
8.52733e-10 
0.0700873 
0.103124 
0.00713483 
0.00629481 
-0.000443141 
0.104828 
0.0651048 
0.069525 
1.39596e-09 
2.85118e-09 
2.99221e-09 
0.0603911 
0.0621177 
0.0749331 
0.0153827 
-2.19926e-08 
-4.05418e-08 
0.0511626 
0.0564833 
0.0935859 
-0.000269809 
2.14277e-09 
3.3343e-09 
-1.98058e-06 
-2.02353e-06 
0.0988248 
0.100429 
0.0923808 
0.0971149 
0.0976879 
4.52658e-10 
0.115554 
0.0426517 
2.95828e-09 
-1.93944e-08 
-4.77118e-09 
-6.70092e-08 
-2.17484e-09 
1.72048e-09 
-5.42996e-09 
0.0387022 
0.0356483 
-0.000296073 
0.0870548 
0.0900194 
0.0825456 
0.0813269 
0.0860165 
0.0530891 
0.0118858 
0.110953 
0.0552361 
-0.000120583 
1.1681e-09 
3.35175e-09 
2.30434e-09 
0.045366 
2.01249e-09 
3.89742e-09 
3.0926e-09 
0.0287253 
0.0302874 
0.0276698 
0.0289196 
0.00169077 
0.00136751 
0.0160076 
0.0904244 
0.0890833 
0.104688 
0.109401 
0.106464 
0.106644 
0.0575354 
0.0143739 
0.108998 
0.0366667 
0.00608573 
0.00872212 
0.00789433 
0.0111319 
0.0114399 
0.0119215 
0.0102336 
0.107919 
0.115383 
0.115065 
0.0849309 
0.0803723 
0.0770363 
0.094898 
0.00840209 
0.00876375 
0.00744999 
-0.000230048 
-0.000176686 
0.0498785 
0.0482594 
4.2955e-07 
1.80502e-07 
0.0138356 
-0.000375988 
-0.000345744 
0.117491 
0.0949198 
0.0927697 
0.0170184 
0.113486 
0.0956424 
0.0958957 
0.0149819 
0.10252 
0.0395344 
0.0357416 
0.0411833 
0.118201 
7.95929e-05 
0.0322736 
0.0376227 
0.0329836 
0.0491354 
0.0773582 
-0.000305845 
0.0850292 
0.0865557 
0.0820541 
0.0666329 
0.0555484 
5.95128e-07 
-0.000222971 
0.069879 
-0.000101359 
-3.14595e-08 
-3.25239e-08 
-6.40016e-08 
2.74351e-08 
-1.60375e-11 
2.0924e-09 
2.76621e-09 
0.0723519 
0.106275 
-0.000531368 
-0.000389279 
-0.000351939 
0.0438153 
0.102666 
0.103242 
0.0433527 
0.0448558 
0.0401005 
0.000526912 
0.11885 
0.0223404 
0.0201748 
0.0255041 
-1.98617e-08 
0.000197508 
1.59209e-09 
7.06156e-10 
0.0820324 
0.118556 
-0.000242696 
-1.58946e-08 
0.0644175 
0.097448 
0.0199691 
0.105532 
-1.55009e-05 
-3.84263e-08 
0.116515 
0.00532458 
0.0173366 
0.0156022 
0.0012066 
0.0889961 
0.0495485 
0.0446107 
0.0506331 
0.0708342 
1.36566e-09 
0.110271 
0.11898 
0.119453 
0.119771 
0.0929689 
0.0587496 
-2.1245e-07 
-1.63822e-07 
-1.01938e-06 
0.093118 
0.00106241 
0.00111538 
6.4098e-05 
-0.000110264 
-0.000244699 
-0.000318591 
-0.000362136 
-0.00020339 
-0.000484367 
-0.000546684 
-3.168e-08 
-3.88123e-05 
0.0905036 
4.79045e-06 
0.108689 
0.0166864 
0.0314943 
0.0346691 
0.0787481 
0.0483399 
0.0229587 
0.086928 
0.111407 
0.111702 
0.0600539 
0.0964821 
0.0548775 
0.0977419 
0.113914 
0.115385 
0.0969682 
0.000765157 
0.0134308 
0.0129026 
0.106774 
0.0334314 
0.0768576 
0.114005 
0.0723746 
0.0967343 
0.0997249 
0.0564127 
0.0614766 
0.00186298 
0.0670792 
0.0620483 
0.0673273 
0.0548739 
0.118809 
0.0299382 
0.0660283 
0.0642523 
0.0382716 
0.0283171 
0.0295144 
-0.000536384 
0.019651 
0.00485651 
0.0010259 
0.119384 
-4.12304e-09 
0.0660483 
1.50122e-08 
0.0771394 
0.0705912 
0.0180392 
0.0692553 
1.11946e-08 
-0.00042966 
0.0773165 
0.0125209 
0.109022 
0.106524 
0.109242 
0.0908515 
0.0894839 
0.000438576 
0.000151925 
9.17529e-05 
0.00338289 
0.000295269 
1.53655e-08 
0.0729979 
-0.000414105 
0.0479339 
0.00580553 
0.00507601 
0.0965595 
0.0956557 
-8.53997e-05 
1.31228e-08 
2.47798e-08 
0.0982718 
0.0980856 
-0.000111578 
-1.0921e-07 
-1.104e-07 
-2.10871e-07 
0.0207752 
0.0594379 
0.0646809 
1.02671e-08 
1.55828e-08 
1.26493e-08 
2.30466e-08 
0.116978 
0.0716837 
0.0976358 
0.0987428 
0.00812378 
0.0971539 
0.0339531 
0.031085 
1.51895e-06 
6.87476e-07 
0.117539 
-1.43474e-08 
-3.90263e-08 
0.116957 
-2.81512e-05 
0.00269279 
0.00347265 
0.0653989 
0.0669547 
0.0919545 
0.0944493 
0.118344 
0.0837628 
0.103898 
0.0549478 
0.0532655 
1.12875e-08 
2.13649e-08 
0.0604807 
0.0392184 
0.0339259 
-9.1141e-08 
-7.09738e-08 
0.0713625 
0.111555 
0.114991 
0.112576 
0.0856609 
0.0821086 
9.90246e-09 
0.0156118 
0.11604 
2.2603e-08 
2.56321e-08 
0.0498503 
0.0442396 
0.00951544 
0.0084733 
0.0826713 
0.0838588 
0.00280513 
0.0262748 
0.0273083 
0.0238785 
0.043304 
0.0403591 
0.0487216 
0.0836523 
0.00872766 
0.0111881 
0.00558875 
0.00477699 
0.00754638 
0.0753301 
0.00404603 
0.00421387 
0.0035349 
0.00688029 
0.00718662 
0.0060599 
0.100962 
0.0939095 
0.0887663 
0.0923347 
-0.000193378 
0.0115718 
0.0111237 
-0.000299132 
0.0704814 
0.0864553 
0.000549484 
0.00294374 
1.85011e-09 
0.0495235 
0.0941169 
-5.891e-05 
0.0944119 
0.119975 
3.24233e-05 
0.0826912 
0.0981762 
0.0981175 
0.000893466 
0.0339868 
0.0714728 
2.24929e-08 
0.111152 
0.0169006 
0.0743327 
0.0671004 
0.0195543 
0.0175932 
1.37469e-08 
2.95411e-08 
2.32847e-08 
0.0046279 
0.0444392 
0.0429603 
-0.000358788 
0.0354312 
0.0639902 
0.0391496 
0.117797 
0.000560721 
0.0767277 
0.0475044 
1.6124e-08 
0.00118447 
2.49347e-05 
0.0305589 
2.08932e-08 
0.0125263 
0.000541842 
0.108508 
-0.000272305 
0.0801683 
0.00255246 
0.0245548 
0.0996826 
1.00329e-05 
0.058334 
0.0962723 
1.22623e-08 
0.1098 
-0.000444626 
-0.000167267 
0.0980727 
1.94108e-05 
0.105776 
1.89775e-08 
0.0909027 
0.0925289 
0.115927 
1.07105e-05 
0.0696929 
0.0657876 
-1.42204e-07 
-3.12579e-05 
0.00139603 
0.0609737 
0.0767574 
0.014574 
0.0130397 
0.119082 
-4.55432e-05 
0.00168919 
2.02829e-08 
0.0766752 
0.0882666 
0.0873171 
0.0912316 
0.108498 
0.111781 
0.109274 
0.0609613 
-0.000221111 
-0.000132216 
5.89666e-09 
1.17656e-08 
1.06147e-08 
-1.20084e-07 
0.0753042 
0.0701944 
0.0727317 
0.0751969 
0.0171087 
0.0656821 
0.0661925 
0.120284 
0.120536 
0.102725 
0.0123669 
0.0152785 
0.0393993 
0.0528265 
0.0544835 
0.0490937 
0.06278 
0.116045 
0.113576 
0.0700386 
8.67254e-08 
2.68153e-08 
9.02133e-08 
1.1713e-07 
1.47046e-07 
0.07562 
9.11141e-06 
0.099133 
0.000864431 
-2.13954e-07 
0.0151841 
9.19608e-08 
0.081425 
0.0820768 
5.81581e-08 
4.26705e-05 
0.0616686 
0.00990339 
0.0770787 
0.0993406 
0.0805234 
0.0518574 
0.0424494 
0.0622569 
-0.00100432 
0.0309662 
-6.27375e-07 
0.0517862 
0.0572522 
0.0353802 
0.115868 
0.0612893 
0.0222862 
0.000262006 
0.00557999 
0.0048505 
0.0742241 
0.105836 
0.117643 
0.118947 
0.0111749 
0.0107327 
0.0721215 
0.0868391 
0.0852996 
0.00399178 
0.00382272 
-0.00030806 
1.77075e-08 
0.120297 
0.000755474 
0.105251 
0.0841105 
0.0852099 
0.00262405 
0.0992393 
0.00110357 
1.4187e-07 
1.0284e-07 
0.0752249 
0.0714807 
0.103566 
0.0439085 
0.0401775 
0.0558797 
0.0207693 
0.000748645 
0.00311677 
0.0383162 
0.0396837 
0.0352159 
0.102923 
0.0992108 
0.102306 
7.54995e-05 
3.87951e-05 
0.00237354 
0.0600529 
0.0733594 
-0.000121951 
0.0986301 
0.000360922 
0.0727447 
0.0661236 
0.117781 
-0.000383242 
0.0849287 
0.106577 
5.80699e-08 
1.10827e-07 
0.00133694 
0.00223709 
0.0982094 
0.097224 
0.000490846 
-4.50154e-07 
-1.23584e-06 
-1.74561e-07 
0.0950199 
0.095485 
0.067907 
0.0727791 
0.0788092 
0.00168373 
0.113657 
9.85274e-08 
1.70818e-07 
-0.000359411 
1.22495e-07 
0.113865 
-1.38335e-05 
0.0294663 
0.119454 
0.0725596 
0.000970838 
0.0776762 
0.0961159 
0.097908 
0.111225 
0.107933 
0.111028 
-0.000250023 
-0.000245301 
-1.93986e-06 
0.0934284 
0.119966 
0.119172 
0.120125 
0.0946105 
8.1963e-08 
1.15079e-07 
6.42776e-08 
1.09404e-07 
0.0463696 
0.115876 
0.00663204 
0.00583627 
-0.000160129 
-0.000287523 
-2.09369e-05 
0.116341 
0.000291896 
-0.00046838 
1.41122e-07 
0.026829 
0.02582 
0.0738841 
0.0911688 
0.0898019 
0.0464863 
-3.03543e-05 
0.0448784 
4.04781e-06 
1.90253e-06 
0.070527 
0.0225187 
0.0234163 
0.0203433 
1.05491e-08 
0.00780881 
0.00692432 
0.0434999 
0.010632 
0.00793909 
0.0899998 
0.0845929 
-5.34736e-05 
0.0267421 
-9.08963e-07 
2.11655e-08 
0.0391199 
0.0377806 
0.114155 
0.100306 
0.0817034 
0.00918372 
0.00956856 
0.00814375 
-1.11244e-07 
0.0266485 
7.00172e-08 
1.3945e-07 
1.31416e-07 
0.0821887 
0.0517959 
0.0572025 
0.0569423 
0.0270084 
3.7035e-08 
-1.40198e-06 
4.62258e-07 
0.112623 
5.96015e-05 
-0.000223821 
-0.000162971 
-0.000199523 
1.51445e-09 
-0.000341359 
0.0709805 
0.000815321 
0.100091 
-0.000803413 
0.00237922 
0.10017 
-3.48214e-05 
0.00445477 
0.0938374 
0.000207418 
0.120376 
1.66279e-07 
0.0995762 
0.0991729 
-0.000440047 
0.0121225 
0.0650406 
4.95344e-07 
0.118164 
-0.000431857 
-0.000593385 
-8.83402e-05 
0.110171 
0.118223 
0.0635737 
0.109995 
5.02135e-08 
-2.03181e-07 
-1.94391e-07 
0.0015297 
-0.00068777 
0.107526 
0.120189 
0.00325241 
0.00173939 
0.0883931 
0.0896624 
7.85766e-08 
0.0596983 
-6.29742e-06 
0.0556207 
-1.15104e-05 
-8.51738e-05 
0.00221568 
0.0141624 
0.0126254 
2.13857e-07 
0.00300334 
0.049351 
0.0505895 
0.0565821 
0.0526283 
0.000823293 
0.0716143 
0.0832003 
0.119952 
0.00102563 
-0.000853443 
-6.037e-05 
-6.77134e-05 
0.119455 
0.120173 
0.119485 
6.13452e-08 
-1.10537e-05 
-2.31695e-05 
0.0232182 
0.0024307 
0.0418845 
0.0111324 
0.00641542 
0.0309959 
0.0656066 
0.0616761 
0.0416512 
0.0755589 
0.0164661 
0.0147523 
0.116588 
-4.32977e-05 
-0.000670193 
0.0796168 
0.0805653 
0.000374378 
1.91291e-07 
1.59046e-05 
4.85972e-07 
0.0873489 
0.0878034 
0.0693106 
0.0869272 
0.0856873 
0.0958804 
0.0803076 
0.022997 
-0.000222129 
0.0230168 
0.000943906 
0.0969048 
0.0266899 
0.111622 
6.97426e-07 
0.0932731 
0.0956723 
0.062205 
0.109191 
0.0522857 
0.0867743 
0.00445519 
-0.000168229 
0.119811 
0.0598275 
0.0654557 
0.114555 
0.0411235 
0.0465103 
0.0633988 
0.00102861 
0.0954748 
0.00244086 
0.0950533 
3.13217e-05 
0.0334559 
0.0346847 
0.0305835 
0.0542415 
-0.000545548 
0.000547411 
0.120269 
6.24197e-07 
0.0988925 
0.108044 
0.0605229 
0.0107887 
0.0103562 
0.100514 
0.000702328 
0.085577 
0.0803866 
-6.96223e-07 
0.100074 
0.0968521 
1.45784e-05 
0.0653242 
-4.84894e-05 
0.0512383 
0.106046 
0.0913034 
0.0759119 
5.77709e-07 
-2.23854e-05 
4.12468e-07 
0.0914109 
0.0900091 
0.00200107 
0.110632 
0.0028886 
-0.000362189 
0.00238126 
0.00384009 
0.0870004 
0.0854645 
0.0822096 
0.118947 
0.0992614 
0.100314 
0.0578358 
0.0630482 
0.106778 
-3.51421e-05 
0.0838502 
0.0794579 
0.0896159 
0.0887057 
0.0925937 
-0.000616121 
0.0502118 
0.0203683 
0.0805539 
0.0769498 
-0.000199695 
0.00190504 
0.00537625 
0.0046931 
0.0384932 
2.62165e-07 
3.50752e-07 
3.49742e-07 
5.23171e-07 
0.0371815 
-0.000364074 
-0.000426188 
0.104615 
0.017434 
0.0413546 
0.0650497 
0.0617693 
-0.000364298 
0.0578533 
0.0984021 
0.102676 
0.0190953 
0.0171552 
0.118822 
0.00120708 
0.00638017 
0.00561929 
0.0763056 
0.0595423 
0.112537 
0.112902 
0.0147389 
0.009128 
0.0066963 
0.0303091 
-0.000470836 
0.0252982 
0.0733622 
0.0800621 
0.00187695 
0.0469459 
0.0484774 
0.0433055 
0.116771 
0.114658 
0.0669237 
0.0938459 
0.089886 
0.0925656 
0.086608 
0.000366211 
3.14266e-07 
0.000473263 
-0.000199977 
-0.000188218 
-0.000298758 
0.0364422 
0.00383353 
0.00361584 
0.00122264 
0.028908 
0.0262703 
0.0719865 
-9.87257e-05 
0.00141085 
0.0539084 
-0.000301928 
0.0672581 
0.036774 
0.0340569 
0.0328691 
0.00170569 
0.000467331 
0.088415 
0.0969983 
0.091973 
0.0833775 
0.0871985 
0.0941732 
-0.000235159 
-2.88556e-05 
-0.000257116 
0.0225181 
0.062924 
0.104117 
0.090213 
0.0910842 
-0.000369755 
0.113401 
0.0918716 
0.0919851 
0.0157863 
0.0190049 
0.117994 
0.0364794 
0.00106228 
0.058512 
0.0458884 
0.0923505 
0.0847863 
0.0886684 
0.00209999 
2.49296e-05 
0.0440718 
0.0117338 
0.084826 
0.0857529 
0.119101 
7.18912e-07 
0.0989641 
0.0996863 
0.0978388 
0.0528897 
-0.000553255 
0.0774361 
0.0789652 
0.0320784 
0.000889309 
0.000754791 
0.0008974 
0.00059281 
8.47861e-06 
0.118335 
0.0630331 
0.100658 
0.111038 
-0.000511733 
-2.06665e-06 
-0.000514595 
-0.00015233 
-0.00026121 
0.102118 
0.0722465 
0.0885353 
0.0889419 
6.45858e-07 
0.0515688 
-0.000304266 
0.00146689 
0.113174 
0.113348 
0.0773836 
0.0773119 
9.4861e-06 
0.0475105 
-0.00040203 
0.105283 
0.00303037 
-1.06201e-05 
-2.25632e-07 
-1.17077e-05 
0.0401745 
7.9099e-07 
-0.000569133 
-0.000382587 
0.118991 
-6.1368e-06 
-1.40438e-05 
0.00176728 
0.00431512 
0.0137313 
0.0122277 
0.0583404 
0.0710685 
4.64249e-06 
0.100965 
0.0537894 
0.049746 
0.00978013 
0.0126242 
0.00534659 
-0.000463082 
-0.000487155 
0.0684383 
0.0611942 
0.0706968 
0.116326 
0.0220392 
0.0198761 
0.0810589 
-2.93807e-05 
0.057198 
0.0588764 
0.0531415 
0.0918567 
0.0926627 
0.000452856 
0.00538742 
0.00763208 
0.00751208 
0.00665629 
0.000597826 
0.095438 
0.101489 
0.0915915 
0.0901409 
0.082217 
0.00883365 
0.00919796 
0.00782134 
0.0808254 
-0.000529181 
-1.68182e-05 
3.72105e-07 
5.08615e-07 
0.115813 
-0.000318523 
0.0299905 
0.0190936 
0.0676048 
-5.77407e-06 
0.0351926 
0.0995709 
0.114917 
0.0973965 
0.0991444 
-0.000413297 
-0.000439429 
0.108574 
0.000317393 
0.0361197 
0.0718223 
0.118811 
0.0511564 
-2.7526e-06 
0.0865879 
1.14544e-07 
0.0389063 
0.0247065 
0.083493 
0.00215766 
0.119568 
0.111313 
0.106904 
4.76004e-05 
0.102769 
0.0923681 
0.0926406 
0.000191907 
0.0456294 
0.0506331 
0.0749931 
0.118009 
0.00149344 
0.00176019 
0.00129275 
0.11873 
0.119631 
0.0223536 
0.0252165 
-0.000393172 
-0.00053768 
-0.000307436 
0.0996791 
0.113426 
0.0753797 
0.0314495 
0.000283183 
5.54277e-07 
-0.000460282 
0.117188 
0.0870796 
0.0855244 
-4.44713e-06 
0.0957131 
0.0818167 
0.100446 
0.113969 
-0.00010334 
0.0477317 
0.0462345 
6.02138e-07 
0.000164188 
0.000101722 
0.000184712 
0.000278241 
7.73029e-07 
7.62176e-05 
0.0914669 
0.0483414 
-6.21368e-07 
0.0856795 
1.1656e-06 
1.06392e-06 
-0.000130393 
5.68586e-07 
7.5075e-07 
-1.03551e-06 
-0.00036573 
0.00374222 
0.00353733 
0.0411764 
0.0425867 
0.03776 
4.28059e-06 
0.0423224 
0.105442 
-0.00041341 
0.10887 
0.00250972 
0.00172022 
0.00387962 
0.101216 
0.101455 
0.00281721 
0.00303056 
0.00235862 
-0.000169739 
0.0605139 
-7.10682e-07 
-0.00024243 
2.25607e-06 
0.0319407 
0.117216 
-1.37656e-05 
-4.25769e-05 
0.0973851 
0.0647749 
0.0688123 
-3.40948e-05 
-4.87048e-05 
0.0538641 
0.0502033 
1.57424e-05 
-6.32126e-05 
0.0160311 
0.0143041 
2.49211e-06 
0.00516953 
0.00453511 
0.0802918 
0.0103909 
0.00996279 
0.11505 
0.115129 
2.3935e-05 
0.11447 
0.0229123 
-1.85235e-06 
0.0282998 
0.0241353 
0.0278106 
-5.49566e-07 
-7.74529e-07 
0.0832759 
0.0333278 
0.0962604 
0.0968783 
-2.96307e-06 
0.0321638 
0.0963974 
-7.96779e-08 
0.0755345 
0.0944309 
0.114849 
0.0897419 
0.0528616 
0.0497385 
1.33528e-06 
-0.000666739 
-0.000340239 
-0.00043619 
0.0282606 
0.0293086 
0.025643 
-2.83166e-06 
0.0298983 
0.0183216 
0.0466747 
0.0930515 
0.000553392 
0.000323762 
0.0940335 
0.0946539 
0.117561 
-7.73204e-05 
0.0889235 
0.0807888 
0.0984083 
0.0331293 
0.0853771 
0.0223099 
0.119297 
0.0767486 
0.0978609 
0.109128 
-0.000115109 
0.119306 
0.100356 
-0.000162522 
-0.00057491 
0.000923801 
0.116659 
0.117934 
0.116655 
-1.98926e-06 
0.0208986 
0.0962664 
0.100202 
0.0963269 
-3.03638e-06 
0.086027 
0.000171599 
0.000435277 
0.026574 
0.118355 
-2.14895e-05 
-0.000455964 
0.0804556 
0.0360841 
-4.55171e-06 
0.0214791 
1.45038e-06 
-0.000489651 
0.000400262 
0.0722749 
0.0700888 
0.0894007 
-5.84967e-06 
-0.000189777 
-4.99409e-06 
-1.04253e-05 
0.000248299 
2.45965e-06 
4.83167e-06 
6.69446e-07 
-0.00029422 
0.114658 
0.0113123 
0.000111964 
0.112146 
0.118296 
0.0622574 
0.109247 
0.0743617 
0.0756033 
3.42674e-07 
1.64672e-05 
-0.00013639 
0.0422993 
0.0413132 
0.015491 
0.0125567 
0.0153557 
0.000737618 
0.0994251 
-0.000507357 
-6.10428e-06 
0.0186086 
0.0166934 
0.111031 
0.107218 
0.110625 
1.38225e-06 
0.000146985 
-4.4988e-06 
1.74841e-06 
0.000264265 
0.000353651 
0.000216383 
0.000116703 
-1.00011e-05 
5.18408e-07 
3.07194e-06 
-0.000197146 
0.100356 
0.0989436 
1.62294e-06 
0.0314059 
1.59153e-06 
8.49547e-07 
0.00610425 
0.00539029 
0.0957269 
-0.000567064 
0.115992 
0.102844 
0.0870219 
0.085436 
0.0888302 
0.0482935 
0.116197 
-0.000509404 
0.000544566 
-0.000533367 
0.0275712 
0.0285541 
0.0256198 
0.00073293 
0.0397685 
0.0875801 
1.6852e-06 
0.0370756 
6.14732e-07 
0.100464 
0.101418 
-0.000522999 
-0.000519786 
0.0961161 
-1.62585e-05 
0.00178297 
0.108382 
2.8963e-06 
1.92754e-06 
2.54318e-06 
1.77577e-06 
3.15445e-06 
2.50785e-06 
4.61451e-06 
0.107082 
-0.000524281 
0.0955476 
2.9714e-06 
8.40356e-07 
2.64162e-07 
4.68819e-06 
4.46259e-06 
0.0900268 
0.116517 
0.0786619 
0.0932797 
0.0315529 
0.000176764 
0.117672 
0.0746165 
0.0705445 
4.31813e-05 
0.113285 
-7.05062e-06 
0.0507524 
0.0965255 
9.21593e-06 
0.068997 
0.0673706 
0.00132688 
0.00158527 
0.00110883 
-1.07175e-05 
-0.000199488 
6.9163e-05 
1.21634e-06 
-0.000430908 
-0.000505973 
-0.000246631 
0.000988165 
0.00167393 
0.0816973 
0.0821268 
0.0948217 
-1.31985e-05 
0.117981 
0.00210619 
0.117797 
0.0970226 
0.117914 
0.0285655 
0.056431 
0.0581077 
0.0523749 
-0.000642089 
-0.00071966 
1.63674e-07 
0.0100067 
0.0095826 
0.114033 
0.0208249 
0.0175756 
0.0342244 
0.0388517 
0.0356831 
0.0325063 
-0.000255402 
0.0914155 
0.0494059 
0.0562605 
0.00342863 
0.024041 
0.024934 
0.0216849 
7.86904e-06 
0.0681714 
0.0639809 
-0.000386203 
-0.000496079 
0.0929888 
0.0934356 
0.094059 
0.101173 
0.117125 
0.0133026 
0.0117967 
4.69321e-06 
1.257e-06 
2.23966e-06 
0.111562 
1.10263e-06 
7.50434e-07 
1.62658e-06 
0.0765157 
0.0468442 
0.0453525 
-1.18505e-05 
0.0732691 
0.11323 
-3.59179e-06 
1.12642e-05 
2.12886e-06 
7.49665e-06 
0.101839 
5.97108e-06 
8.04247e-06 
6.27687e-05 
3.98884e-06 
2.53977e-05 
-7.61938e-05 
3.61468e-07 
0.0425707 
0.0391125 
0.0384795 
-0.000235645 
-0.000272845 
0.114724 
-0.000653957 
0.0858963 
0.000234855 
-0.000142167 
0.102198 
0.00879494 
0.00844799 
0.00422211 
0.00373766 
-0.000609498 
0.0976451 
-0.000681461 
0.0179873 
-7.16398e-06 
0.0233956 
0.019838 
0.0224966 
0.0655646 
0.0589447 
0.0679871 
0.0193394 
0.10568 
0.10093 
0.104812 
0.0832964 
2.78257e-06 
0.0905442 
0.0917044 
0.0902252 
0.00752964 
0.101285 
8.23825e-06 
0.0842665 
6.13212e-05 
8.48366e-06 
9.6476e-05 
3.86947e-05 
0.00984845 
1.33776e-05 
1.29557e-05 
0.115997 
0.0807287 
7.99237e-06 
0.000633589 
0.00718481 
0.00746006 
0.00634487 
0.0681692 
1.2513e-05 
2.9839e-06 
0.0235866 
3.72311e-06 
0.0356906 
0.0403678 
0.0417161 
0.0369213 
0.0801005 
4.82364e-06 
0.0649093 
0.0628468 
-1.23334e-06 
-2.12152e-06 
-5.94336e-06 
0.103167 
5.03497e-06 
-1.56323e-06 
0.0938893 
0.115909 
0.0782901 
-0.000678719 
0.000201707 
3.97031e-06 
-0.000369504 
0.0763614 
0.0057501 
-7.37017e-06 
5.20859e-07 
4.56784e-06 
0.0889749 
3.16543e-06 
0.096504 
-0.00058955 
-0.000554827 
0.0211295 
0.0966335 
0.117262 
0.117604 
0.116975 
-2.94014e-05 
0.0267047 
0.00222505 
0.0187757 
0.000336534 
7.836e-06 
-3.17936e-05 
4.19617e-06 
0.0874071 
4.86359e-06 
1.84573e-06 
0.0946138 
-2.82708e-05 
0.000868407 
0.0987671 
0.0984424 
0.100404 
0.0615346 
0.0593724 
3.90324e-05 
0.111398 
0.014761 
1.34452e-05 
0.0878106 
0.0802331 
1.23027e-05 
0.11643 
0.0308591 
-0.00060273 
-2.94334e-07 
0.0041194 
0.115763 
0.00288401 
0.103956 
0.111482 
0.000119997 
0.000166784 
9.01825e-05 
0.100982 
0.114542 
0.11373 
5.64772e-05 
2.6529e-05 
5.38007e-06 
0.018054 
0.00979809 
0.0121363 
-0.000162768 
-4.32871e-05 
0.0155217 
0.01386 
-7.90266e-05 
-0.000501856 
0.0757412 
0.0741245 
-0.000186387 
0.0317742 
-0.000101997 
0.0967 
0.09697 
0.110229 
0.0421911 
0.0390431 
6.78376e-06 
0.0841353 
0.0783748 
0.0822007 
0.00269037 
0.00039657 
0.0982788 
0.099403 
0.095957 
3.82526e-06 
-0.000345307 
-0.000455304 
0.11413 
0.103992 
0.107036 
4.5679e-06 
-1.53276e-06 
5.41468e-07 
0.112702 
8.10839e-06 
6.60537e-06 
1.1496e-05 
-0.000118129 
-0.000206879 
0.099838 
0.106562 
0.0174683 
0.0919774 
0.0945008 
0.0922562 
5.40498e-05 
0.109276 
0.10707 
0.0161479 
-0.000113818 
-1.89359e-07 
-3.35531e-07 
-3.15042e-06 
-0.000116614 
-0.000176962 
0.0049172 
0.00436448 
0.0175856 
0.0819209 
0.115574 
0.115203 
-0.000668043 
0.0408199 
0.0444585 
0.000869165 
1.43175e-05 
1.91843e-05 
0.0198553 
4.92334e-07 
0.00921891 
0.0297057 
0.0226672 
0.102285 
0.102374 
0.00163735 
-0.000695157 
-1.82226e-05 
-1.29029e-05 
-5.83355e-07 
4.96771e-06 
9.29386e-06 
7.52912e-05 
0.063851 
-0.00067161 
-0.000596718 
0.026022 
0.106445 
0.10343 
0.00572159 
0.00755055 
0.074119 
0.0713814 
8.15018e-05 
2.7086e-06 
1.03449e-05 
-0.000138577 
-0.000139978 
1.89308e-05 
0.0221343 
0.0999777 
-0.000732407 
-3.20615e-05 
0.057956 
0.0557631 
5.757e-05 
0.069654 
0.00111472 
0.000540713 
0.00111847 
5.50513e-07 
1.02896e-06 
7.05878e-05 
2.4873e-06 
1.0683e-06 
-1.421e-06 
-3.6567e-05 
3.05591e-06 
0.114839 
0.0382246 
9.7996e-06 
6.03827e-06 
0.02732 
-3.99798e-05 
0.102667 
0.101838 
1.50824e-06 
-2.65532e-05 
-3.60365e-05 
1.43902e-05 
1.3301e-05 
0.0242453 
0.069964 
0.0658791 
-6.01894e-07 
0.102939 
0.102843 
-4.75707e-05 
1.44944e-06 
-0.000385422 
0.0999816 
0.0998426 
0.0283838 
-5.11436e-05 
0.109426 
8.25514e-06 
2.81507e-06 
-3.41069e-05 
0.116465 
0.115949 
0.0241454 
0.0276453 
0.095315 
0.0959478 
0.036457 
0.0383243 
0.0446452 
0.00200617 
-3.19575e-05 
3.38148e-06 
4.69652e-06 
4.00053e-06 
0.0917314 
0.0498458 
0.0459003 
0.100117 
0.102355 
0.0117275 
0.0305362 
2.5148e-06 
0.0202303 
0.0181223 
1.84951e-05 
1.955e-05 
0.114988 
0.0555391 
0.051422 
-3.6385e-05 
2.50533e-06 
2.66582e-06 
0.0282183 
4.95451e-06 
0.0233232 
0.0901857 
-6.8323e-05 
-5.97757e-05 
0.0183887 
0.00277896 
0.106261 
0.0614334 
0.0572222 
0.0975278 
-0.000577575 
-0.00063771 
0.000112186 
9.3266e-05 
1.12231e-06 
0.0970349 
0.111887 
0.00842955 
5.95233e-05 
4.12221e-05 
0.0109308 
0.00964256 
7.6745e-06 
-0.00010133 
0.115719 
0.116602 
0.0857457 
0.0911571 
-0.000262854 
0.0135456 
1.01086e-05 
-2.96492e-05 
-0.00020263 
0.099829 
0.00808466 
0.015841 
0.0892115 
0.094406 
-0.000275329 
0.000360814 
0.000280843 
-0.000299898 
-0.000301164 
-0.000419358 
-0.000417858 
7.01196e-07 
0.00345077 
0.00303849 
0.0321588 
0.0289898 
0.00287392 
0.0869102 
0.085296 
0.0987744 
0.097887 
0.0156373 
0.0150485 
0.113812 
0.112652 
-3.61094e-06 
-1.35298e-05 
-4.49302e-06 
-0.00018815 
0.0539112 
0.0475678 
0.0576105 
0.0141308 
0.0798886 
0.0816125 
0.0759086 
0.0407708 
0.0394486 
1.21811e-05 
0.114388 
0.0070639 
0.00095278 
1.96337e-05 
0.0158361 
0.00809657 
0.00774262 
-0.000186218 
0.0219724 
1.41392e-05 
1.96313e-05 
3.17775e-05 
8.64192e-06 
5.77926e-06 
6.68253e-06 
0.00135572 
-0.000622776 
0.0510956 
-4.05675e-05 
0.000106538 
0.0674816 
0.0631726 
1.10378e-06 
0.000112835 
1.92733e-05 
-0.000572097 
-7.41403e-05 
-0.000631179 
0.0782873 
-0.000554894 
-0.000600269 
-6.53545e-05 
0.101461 
0.0621213 
3.50455e-06 
0.02244 
0.031946 
0.0291499 
0.0998363 
0.103305 
0.109164 
0.0128295 
0.0133583 
0.0113909 
0.0257847 
0.0232364 
0.104883 
0.0175323 
0.0990485 
0.0986271 
0.101212 
0.0975796 
0.100029 
0.0978697 
4.82533e-06 
0.102431 
-3.11397e-05 
0.101701 
0.101706 
0.000559176 
0.0965946 
0.11195 
3.03005e-05 
0.114578 
-8.69711e-05 
0.1079 
0.0263712 
0.0300867 
0.101193 
0.0867274 
0.0582272 
0.110206 
1.05628e-05 
1.69279e-05 
1.21435e-05 
-5.30844e-05 
-4.07845e-05 
-0.000101116 
-0.000108889 
0.110789 
-8.68341e-05 
1.05988e-05 
1.92883e-05 
0.102539 
0.0312963 
0.0276834 
0.0286632 
0.0103604 
8.46683e-06 
9.45241e-06 
1.32212e-05 
1.10502e-05 
0.0151539 
-6.69437e-05 
0.000632007 
2.27965e-05 
0.0184293 
0.000211044 
-0.000110682 
0.000665523 
0.0663469 
-7.9888e-05 
-0.000399033 
5.67618e-08 
7.97301e-06 
0.000196665 
0.000154921 
0.00270271 
0.00185349 
0.00413852 
-0.00027453 
0.0226887 
0.0198977 
1.68387e-05 
-9.17119e-05 
0.0900371 
1.4323e-05 
2.1533e-05 
1.75895e-05 
0.0209723 
-0.000355485 
0.0014006 
0.00122458 
-0.000404633 
-0.000403778 
0.0261014 
1.73472e-06 
-0.000466729 
-0.000539535 
-0.000634587 
4.44598e-06 
0.00895703 
8.26921e-06 
0.0112957 
8.57552e-06 
1.74273e-05 
-1.98443e-06 
-9.97219e-05 
0.0205183 
-0.00041995 
4.50353e-07 
1.2615e-05 
2.96484e-05 
3.36422e-05 
-0.000494245 
-0.000587336 
-0.000134168 
-1.20553e-06 
1.77369e-06 
5.49126e-06 
4.30812e-07 
9.21157e-06 
0.0735914 
0.0692705 
0.11386 
0.113798 
2.6294e-05 
1.45659e-05 
-0.0005445 
0.113981 
0.0930214 
0.00643879 
-3.77378e-05 
0.106889 
0.00679146 
0.0145108 
0.00744659 
-0.000260322 
-0.000274048 
0.101521 
2.32891e-05 
2.59869e-05 
1.91305e-05 
-0.000110527 
-6.11663e-05 
-7.39308e-05 
2.92528e-05 
2.70201e-05 
0.000122102 
0.0493457 
0.0547315 
-0.000169851 
-0.000117973 
-1.37432e-05 
-1.00592e-05 
1.84917e-05 
0.000141169 
-0.000111911 
0.0113634 
-0.000502616 
2.31262e-07 
0.0210934 
0.0958249 
0.00777657 
0.105068 
0.10488 
0.000155055 
2.25446e-05 
0.105668 
0.0864652 
-8.89429e-08 
0.0469707 
0.0457115 
0.0759109 
0.00207064 
-8.03216e-05 
0.0534714 
2.72165e-05 
3.15827e-05 
0.0563132 
0.0191818 
-0.000155212 
-9.81737e-05 
8.56851e-06 
0.000382078 
0.0644299 
0.0704776 
0.100279 
1.56369e-05 
0.0745411 
0.0685447 
0.0723637 
-1.29594e-06 
1.1271e-05 
-0.000152029 
-0.000114993 
-3.49998e-07 
2.08863e-05 
2.67978e-05 
0.0162681 
0.0193989 
0.103896 
0.0347897 
0.0359817 
0.0316131 
0.114404 
0.11372 
3.41697e-05 
2.80796e-05 
-0.000428374 
8.7551e-06 
0.109184 
0.102396 
0.012947 
0.110564 
0.108549 
0.0194536 
-8.78179e-05 
0.0434325 
0.110939 
0.116 
0.0602691 
0.00572783 
0.00593541 
0.00506683 
-2.12392e-05 
0.085033 
-0.000562139 
0.00895056 
3.20895e-05 
3.75609e-05 
0.0488411 
0.0448661 
-0.000628382 
-0.000566385 
0.0907634 
0.021027 
2.11005e-05 
0.00238311 
0.0847446 
0.0545867 
0.0504002 
0.0527745 
-0.000498219 
0.00382114 
0.0201379 
2.59447e-05 
3.92732e-05 
3.14143e-05 
4.85522e-05 
3.45516e-05 
-0.000332647 
0.0997503 
0.0985961 
8.93573e-05 
0.00172628 
0.0915326 
0.0818349 
0.00122381 
0.000256635 
4.28546e-06 
-0.000187363 
0.0178791 
0.0295595 
0.113093 
0.0397128 
0.0384041 
4.3969e-05 
0.00885621 
0.00778493 
0.10332 
0.0266747 
0.00674938 
4.60729e-05 
4.6257e-05 
0.000328114 
0.000265071 
4.54511e-06 
2.90945e-05 
2.91519e-05 
-7.69818e-05 
1.07166e-05 
0.103253 
1.37336e-05 
0.0230316 
0.0204298 
-9.05158e-07 
2.69547e-06 
-0.000471141 
-0.000450027 
-0.000314282 
1.3674e-05 
0.0282973 
0.034243 
0.0144495 
1.58258e-06 
0.0947395 
0.0961361 
0.0916134 
0.112399 
0.112851 
-0.000353712 
0.00286623 
0.00238708 
2.19746e-05 
0.0794109 
0.075381 
0.00059723 
3.91984e-05 
0.00552625 
0.00531056 
-0.000481995 
-7.60518e-05 
2.81067e-05 
0.00649988 
0.00620884 
-0.000366573 
4.24903e-05 
-0.000135083 
0.0122132 
7.92073e-07 
0.041775 
0.0423151 
0.0811446 
-2.27334e-05 
-4.84762e-05 
0.0681265 
3.05156e-05 
0.000180379 
-0.000173546 
0.0605021 
0.0111734 
0.00979312 
-0.000629744 
2.19378e-05 
0.0182205 
0.0898837 
6.94894e-06 
-0.000451087 
-0.000542538 
-0.000328065 
0.0807304 
-0.000140658 
1.22455e-05 
0.0843497 
0.085402 
4.19993e-05 
-0.00051004 
-0.000566246 
-0.000613509 
1.36403e-05 
0.104781 
0.000100651 
6.03544e-06 
0.0986907 
0.000206638 
7.76228e-06 
-2.29905e-05 
-0.000185357 
-0.000143418 
-0.000192622 
-0.000196536 
0.10292 
4.5006e-05 
0.112115 
0.113894 
0.112159 
0.113092 
9.84451e-06 
1.7013e-05 
0.10432 
0.0147106 
-0.000496393 
0.00619308 
5.26028e-05 
0.0149844 
0.0168089 
0.102955 
1.21163e-05 
0.000469527 
0.000239096 
0.000296308 
0.000266655 
0.0138131 
0.104146 
0.0174098 
0.0190953 
0.0220333 
7.33383e-05 
0.0337817 
0.0349777 
0.0306005 
0.0843193 
0.0837043 
0.0489272 
0.0248343 
0.0431799 
0.0367062 
0.0461391 
0.0527055 
-0.000226321 
0.102059 
0.0975006 
0.100817 
0.0186124 
4.62193e-05 
6.09546e-05 
5.8709e-05 
-0.000215691 
-0.000248275 
-0.000268281 
0.000717012 
0.000211649 
0.000823447 
5.28081e-05 
2.08121e-05 
2.72552e-05 
2.36857e-05 
4.65191e-05 
6.39198e-05 
8.63393e-05 
7.58842e-05 
0.00120047 
0.00138222 
0.00156949 
-7.3833e-06 
0.00828465 
-0.000724091 
0.00133757 
2.34426e-05 
0.0152827 
0.0130691 
0.0230992 
0.0205397 
-0.000638149 
-0.000296547 
-0.000322312 
-0.000362643 
0.00975005 
0.0078213 
0.00913353 
1.71329e-05 
0.0845018 
1.88526e-05 
0.0793096 
0.021532 
0.0128677 
0.0945989 
0.103632 
1.21196e-05 
-0.000654872 
-0.000666917 
-0.000647886 
0.00389875 
-0.000149788 
0.103451 
0.102433 
0.0160409 
0.0142929 
-2.98226e-05 
0.000961824 
0.00117363 
0.000878467 
0.104311 
0.104673 
0.104087 
0.00514745 
0.000330259 
0.00021722 
4.42353e-05 
0.00591911 
0.0988236 
-0.000391068 
-0.000337983 
6.12952e-05 
-0.000153999 
0.0210309 
-0.000121176 
-0.000143099 
3.60305e-05 
0.0789003 
0.0385716 
0.0372886 
0.0653089 
1.04755e-05 
-0.000215334 
0.0622486 
-0.000680926 
2.7453e-05 
0.0199515 
0.024938 
9.80202e-06 
6.22417e-05 
0.10644 
0.0562428 
4.90699e-06 
1.01833e-05 
0.0141188 
0.0380995 
0.0366902 
3.06923e-05 
3.24953e-05 
0.0783337 
4.6715e-05 
0.0452989 
3.03556e-05 
0.0889957 
2.55464e-05 
2.7863e-05 
4.20973e-07 
0.0644836 
0.0621959 
0.0222647 
0.102744 
0.10417 
0.00161043 
4.32716e-05 
5.6376e-05 
0.0105055 
0.00924659 
-0.000133168 
0.100566 
0.100315 
0.102521 
0.111394 
0.112519 
0.103489 
0.106909 
0.0192428 
0.000144019 
0.0147045 
0.106156 
0.0935699 
-2.65245e-05 
-1.15021e-05 
0.0666496 
6.76674e-05 
7.41511e-05 
0.110515 
0.108487 
0.0126222 
0.0401176 
0.00543493 
0.0123961 
0.016574 
0.0047502 
4.8906e-05 
1.04988e-05 
0.0419351 
0.0419371 
0.0285622 
0.0257117 
-0.000318766 
-3.71678e-05 
0.0471718 
0.0778092 
3.54442e-05 
0.0477443 
0.043745 
2.986e-05 
3.90366e-05 
0.0801861 
0.000226395 
0.000170438 
0.112454 
0.00712774 
0.00621451 
0.00183273 
6.724e-05 
7.10408e-05 
-2.60932e-05 
0.0226931 
0.0199257 
0.0204176 
0.01224 
0.0118096 
7.3093e-05 
8.80785e-05 
0.0509154 
0.00130581 
0.00123434 
0.000731721 
2.4871e-05 
3.58736e-05 
3.1261e-05 
-3.64026e-05 
7.26435e-05 
7.63078e-05 
-0.000590879 
6.44321e-05 
1.63328e-05 
2.29102e-05 
0.0435256 
0.00218739 
0.100012 
1.53603e-05 
1.4122e-06 
2.17767e-05 
0.00399755 
0.111272 
0.105611 
4.82051e-05 
4.06536e-05 
0.000189841 
0.111502 
0.0567067 
-0.000572112 
0.0898533 
0.0861138 
0.00353748 
0.00298797 
0.105865 
0.0157653 
0.0135277 
5.42856e-05 
3.63913e-05 
3.49975e-05 
5.21713e-05 
4.36526e-05 
-0.000383855 
-0.000588311 
-0.000461336 
-0.000669265 
0.0137488 
0.00543046 
0.101992 
5.19587e-05 
5.79771e-05 
0.0112946 
0.107584 
0.107274 
0.0124425 
0.11335 
5.82889e-05 
0.0988772 
-4.18107e-05 
-0.000472883 
9.69897e-05 
-0.00021698 
0.0401683 
-0.000169459 
0.0366138 
0.00026059 
0.0711473 
0.0607156 
0.0546804 
0.0585639 
-5.82193e-05 
-0.000281004 
0.0746703 
0.0728333 
0.00443923 
0.00843019 
0.0594853 
-0.000596363 
0.000300593 
0.000328518 
0.0874221 
0.0534953 
-0.000516765 
0.012039 
0.0739525 
0.0720866 
5.93538e-05 
0.102154 
0.0825502 
0.00675322 
0.0064786 
0.00546832 
0.00173342 
0.110017 
0.107413 
0.109145 
0.00272573 
9.93745e-06 
0.0129953 
0.0151387 
0.000161921 
0.000123668 
0.112554 
0.000625101 
0.0769807 
0.0762146 
0.108326 
0.107076 
-4.12839e-06 
-1.63225e-05 
-5.28031e-06 
-1.72289e-05 
0.0684812 
0.10733 
7.61665e-05 
0.0177299 
0.00934315 
0.00449718 
0.104163 
0.0109672 
6.59824e-05 
7.77626e-05 
8.46712e-05 
0.000442656 
0.0710281 
0.0706225 
1.49839e-07 
0.0327292 
0.0338734 
0.0295689 
-0.000654908 
-0.000541065 
-0.000597694 
0.0982925 
3.16711e-05 
5.02624e-05 
6.97627e-05 
6.0332e-05 
0.0325848 
0.0268465 
0.0345268 
0.0571723 
0.00512509 
0.000416865 
0.00962725 
0.00809253 
-0.000213314 
0.000483732 
3.56767e-05 
4.43835e-05 
0.0776996 
0.0158443 
0.0138341 
0.0334166 
0.0320174 
0.0777054 
3.80155e-05 
0.00485452 
0.0129763 
0.100738 
0.0152272 
-0.000579119 
-0.000542848 
0.000980265 
-3.84965e-05 
0.0947493 
0.0961607 
0.091451 
0.00666068 
0.0205436 
0.0183059 
0.102932 
0.0130646 
-0.000174555 
-0.000232593 
0.00343899 
0.102237 
0.000481801 
0.000384398 
0.109739 
0.111145 
0.109415 
0.00072229 
8.58352e-06 
0.000407238 
-0.000264692 
4.50753e-05 
0.000344468 
2.51511e-05 
0.00101865 
0.000223373 
0.065807 
0.0612496 
0.000132845 
0.035115 
0.0303271 
0.0289799 
0.00287973 
-0.000181774 
-0.000200256 
0.0815138 
0.0677963 
0.0547012 
0.013297 
0.0170842 
-0.00033532 
0.0361668 
7.3727e-05 
0.10374 
0.103784 
0.000376182 
0.086227 
0.0551541 
0.00227677 
0.108058 
0.00119104 
0.00010557 
9.11737e-05 
0.0049229 
5.35621e-05 
4.82765e-05 
0.0493112 
6.98936e-05 
0.0100615 
-0.000575853 
0.00358549 
-3.73944e-05 
-0.000530362 
6.00348e-05 
0.000105938 
0.054389 
0.0519898 
-0.000339894 
7.84244e-05 
0.00203655 
1.68423e-05 
0.00852454 
0.00745677 
0.00582416 
6.10653e-05 
0.111873 
0.10983 
-0.000533791 
4.92635e-05 
0.00267692 
-0.000253431 
-0.000302153 
0.10843 
0.111965 
0.112143 
0.00778981 
0.00892534 
0.000642581 
0.000115809 
0.0157134 
0.0953084 
0.10655 
0.108801 
0.000110566 
0.000115775 
-0.00027073 
-0.000283537 
-0.000309443 
0.104133 
0.000435168 
0.00455586 
7.81686e-05 
0.0112035 
-4.31098e-05 
0.0645201 
0.105479 
0.01045 
0.0411679 
0.037428 
0.0338744 
0.033048 
0.0238005 
0.0212355 
0.000559457 
0.0011583 
0.00752036 
0.00927073 
0.000972524 
0.000887521 
0.10456 
5.89582e-05 
0.00564893 
0.000288284 
0.038456 
0.0437309 
0.000104703 
0.000102148 
-0.000108148 
0.105339 
0.00649223 
0.0054803 
0.105255 
0.104827 
0.0916748 
8.4312e-05 
0.000138341 
0.000147146 
9.2632e-05 
0.000109754 
0.000103307 
0.00992936 
0.00216005 
4.29177e-05 
5.52122e-05 
0.0837946 
0.0795645 
0.0154142 
0.0132441 
0.0137798 
0.00833594 
0.0588707 
0.000105708 
-0.000425909 
-0.000478262 
-0.000290502 
4.67677e-05 
0.0700276 
0.108528 
0.108108 
0.000103752 
8.63396e-05 
6.80621e-05 
6.73682e-05 
0.105696 
-0.000399193 
0.111582 
0.0938214 
0.000114672 
0.105279 
0.106667 
0.00784919 
0.00939094 
0.0048801 
0.00465134 
0.0418806 
0.105319 
9.79092e-05 
0.00293583 
0.111297 
0.00407713 
0.00258276 
0.0731799 
0.00285584 
-0.000369558 
0.0640881 
6.81089e-05 
8.15975e-05 
0.00420189 
-0.000236652 
-0.000279117 
0.0967057 
0.0959845 
0.0945612 
0.0134901 
0.0990742 
0.10267 
-0.000461425 
3.13882e-05 
0.0472027 
0.000701853 
0.000616565 
6.84927e-05 
4.28345e-05 
-0.000466975 
-0.000422249 
-0.000253137 
0.10228 
0.100072 
0.000117387 
8.14318e-05 
0.0712864 
0.00225651 
0.00400485 
1.73472e-05 
0.0797386 
0.0320004 
0.0676878 
0.000189878 
-0.000321451 
0.0289961 
0.027657 
0.0747222 
0.000139078 
0.0467681 
0.0507967 
0.0453199 
0.0486897 
0.000122849 
-0.000752371 
0.0909035 
0.0523599 
0.000428034 
-0.000356564 
0.00307128 
0.00143894 
0.00887661 
0.110102 
0.11081 
0.109703 
0.000134244 
7.49856e-05 
2.35688e-05 
0.000436921 
0.106181 
-0.000402094 
0.000102934 
0.000478074 
0.000517082 
0.110516 
0.00217195 
1.51628e-05 
0.000138513 
0.000151454 
-0.00046179 
7.30646e-05 
5.72818e-05 
0.00010031 
0.0694685 
0.0876843 
-7.2088e-05 
0.000157536 
0.000166548 
0.0143343 
6.75549e-05 
9.42123e-05 
8.04133e-05 
0.00131113 
0.011575 
0.0576697 
0.0635631 
0.05714 
0.0628639 
4.69616e-06 
0.0326981 
0.0315891 
0.100293 
0.00537927 
0.0015611 
0.000190972 
-0.0004532 
0.000547628 
0.00117387 
-4.65881e-05 
9.03209e-05 
0.000122124 
0.000103509 
-0.000149855 
0.00038073 
8.21794e-05 
0.00543132 
0.046554 
0.0425734 
-0.000131325 
-0.000152234 
7.05539e-05 
-0.000510784 
-0.000409559 
-0.000323835 
0.104753 
0.105482 
0.103261 
4.01549e-05 
0.03515 
0.00391797 
5.27442e-05 
0.0102231 
0.00861793 
0.066717 
0.0648716 
0.00556408 
0.00345832 
0.0260838 
0.0247534 
0.0894979 
0.0855522 
0.00280938 
0.00315904 
0.0024792 
0.000138674 
0.0703352 
-0.000325181 
-0.000391233 
0.0122469 
-0.000420345 
0.000108728 
4.43517e-05 
0.0167348 
5.63571e-05 
0.101718 
6.30434e-05 
0.000247193 
9.34475e-05 
0.0685243 
0.00178681 
0.000209854 
0.000159718 
0.000246579 
0.000169887 
-0.000337372 
0.0911211 
0.0736509 
0.0231883 
0.022258 
0.0185312 
0.0228141 
-0.000181721 
-0.000137313 
0.0446989 
0.108057 
0.0111998 
0.0903237 
-0.000340529 
0.0481197 
0.0302466 
0.0890004 
0.0933271 
0.105152 
0.106036 
0.00016206 
0.0638372 
-0.000373213 
0.110396 
0.000111392 
0.00808856 
0.00379815 
0.0246446 
0.109555 
0.109131 
8.95242e-05 
-6.46319e-05 
8.84428e-05 
0.109655 
9.78488e-05 
8.79402e-05 
0.0147789 
0.109721 
0.0443968 
0.0422434 
0.000115995 
-6.297e-05 
0.110072 
0.000120858 
0.109077 
0.086034 
0.108018 
0.000196976 
0.000223898 
-0.000329464 
-0.000359144 
0.000150392 
0.00017171 
0.00736614 
0.00824373 
0.000210807 
0.0585349 
0.0603344 
0.0540785 
0.0125918 
2.99709e-05 
0.00015244 
-0.000317725 
-0.000323693 
-0.000341118 
0.0516106 
0.0987241 
5.71487e-05 
0.000130331 
0.00679699 
0.00591441 
0.00799812 
0.00948591 
0.0304513 
0.00954293 
0.0349753 
0.0315557 
0.0263839 
0.0259314 
0.0195455 
0.0172829 
0.00399078 
0.00100756 
0.0995287 
0.102729 
0.00442102 
0.00170988 
0.000408375 
0.000328849 
-6.57843e-05 
0.000483458 
0.106616 
0.107157 
0.106595 
0.0839949 
0.078393 
0.0824978 
0.000186634 
0.000142095 
0.107657 
0.000225908 
0.0656653 
0.00840422 
0.0274934 
0.00533537 
0.095612 
0.0941893 
0.000179333 
0.000164067 
0.0098923 
0.000172247 
0.000158723 
0.000147124 
0.0049533 
0.000110711 
6.69612e-05 
0.000125236 
0.0334589 
0.0382866 
0.000215034 
0.0305034 
0.000153637 
0.000181579 
0.000175826 
0.000184461 
9.75144e-05 
0.000106748 
0.0768069 
0.0721797 
0.000144652 
0.000147366 
0.00578673 
0.00466184 
0.00978369 
0.00804128 
0.00868108 
-0.00038699 
-0.000270463 
-0.00036581 
0.00468171 
0.00551512 
3.95498e-05 
0.0965882 
0.00201822 
0.000173264 
0.000193983 
0.000224223 
0.000124778 
0.000162887 
0.00015845 
0.000145504 
0.00314687 
0.000115864 
0.0969957 
-0.000359084 
0.00013361 
0.00013329 
0.00460813 
0.00440139 
-0.000379452 
-0.000380637 
0.000149487 
0.000118926 
0.0108565 
0.0105441 
0.0013137 
0.00155378 
0.00120382 
0.000341564 
0.000446298 
0.000825759 
-0.000631618 
-0.000522604 
-0.000375874 
0.00320279 
0.00312582 
0.000194329 
0.000271945 
0.0576667 
0.000340027 
0.0520356 
-0.000381613 
0.0120079 
0.0157432 
0.0482564 
0.108142 
0.000254473 
0.109476 
0.0454825 
0.000649265 
0.0592335 
0.0574335 
0.00413793 
0.00303614 
-0.000204232 
0.0113993 
0.00444416 
0.0796027 
0.00344073 
0.00535496 
0.0463241 
0.000823702 
0.000591925 
0.04145 
0.0364477 
0.0396401 
0.0134127 
0.00354231 
-0.000388442 
0.000230001 
-7.08114e-05 
0.000132391 
0.10635 
0.00255761 
0.000156763 
0.0408747 
0.0284852 
0.000138024 
0.00241033 
0.00107079 
0.0557468 
0.000128421 
0.099965 
8.1973e-05 
0.00708534 
0.00046569 
0.0273212 
0.0263812 
0.0020035 
0.000875683 
3.78539e-05 
3.14424e-05 
0.000637901 
0.000144244 
0.00398434 
0.024907 
-0.000113662 
0.00022516 
-6.47517e-05 
0.0247879 
0.0197187 
0.107382 
0.106875 
0.000105421 
0.00559693 
0.00429882 
0.00256531 
0.00528388 
0.000312763 
0.040044 
0.0362409 
0.000238488 
-0.000325201 
0.091299 
-0.000213627 
0.00142059 
0.0222718 
0.0831026 
0.0786544 
0.00265725 
0.00767934 
0.0889235 
0.0905217 
0.0848661 
0.0380735 
0.0006413 
0.0670282 
0.0616317 
0.104736 
0.101893 
0.103925 
0.107306 
0.000300421 
0.0625809 
-5.47837e-06 
0.00010764 
0.000223812 
0.000263147 
0.000280999 
0.0227734 
0.020221 
0.0454554 
0.000225816 
0.00208545 
0.00279704 
0.000747408 
0.000798192 
0.00263815 
0.00267476 
0.00222882 
0.00017782 
0.0064306 
0.000937899 
3.50687e-05 
0.000444281 
0.000886756 
-0.000174749 
-0.000213325 
0.00993697 
0.0174074 
0.0164234 
-1.49488e-06 
6.70299e-05 
-0.000154591 
0.108501 
0.0397173 
0.0235729 
0.000279737 
0.107985 
0.107752 
0.0414424 
0.00199709 
0.00171014 
0.0561519 
0.000359741 
0.00996676 
0.00970325 
0.0117305 
0.000165999 
0.000294306 
0.036343 
0.00022265 
0.000249461 
0.0235076 
0.000105032 
0.0355299 
0.0338508 
0.0717728 
0.000284721 
0.000255939 
4.3573e-05 
-4.01535e-05 
0.00671153 
0.105441 
0.102447 
-0.000119414 
0.000307614 
-0.000257735 
-0.000140294 
0.00191695 
-6.62818e-05 
7.0139e-05 
0.000241136 
0.000269387 
0.00652477 
0.00677996 
0.0512317 
0.0528842 
0.0469998 
0.000343347 
0.000269919 
0.00208577 
0.0935878 
0.0559945 
0.0553232 
0.0011979 
0.000196143 
7.82264e-05 
0.0984036 
0.0950303 
0.0578708 
0.0252504 
0.0501532 
0.0445048 
0.049521 
0.000176798 
-7.54562e-05 
0.0214453 
0.0201566 
0.0157782 
0.0138423 
0.106351 
0.107763 
0.000659543 
0.000530881 
0.00179077 
-7.41752e-05 
0.000703799 
0.000213109 
0.00502258 
0.0186587 
0.00899105 
0.000106168 
-0.000201729 
-5.92764e-06 
0.000118415 
0.0213021 
0.0164498 
0.0219743 
0.0210428 
0.00386675 
0.0036309 
0.000256975 
0.000295387 
0.0027054 
0.107568 
0.00016981 
0.0692191 
0.0607119 
0.0658084 
0.00117737 
0.000255896 
0.000303376 
0.000304168 
0.000261806 
0.000337749 
0.000272477 
0.000199771 
0.000374802 
0.027568 
0.000349473 
0.00144596 
0.000181572 
0.106119 
0.106043 
0.00434258 
0.00414077 
-0.000164625 
0.000269308 
0.000289012 
0.00795396 
0.00315891 
0.00295465 
0.0644186 
0.00456172 
0.00550748 
0.0778686 
-5.93101e-05 
0.00011246 
0.0905501 
0.0945581 
0.00925073 
0.0293119 
0.0261776 
0.00159896 
0.000237015 
0.000322582 
0.000181212 
0.000171559 
0.0923775 
0.000355242 
0.000389502 
0.00380034 
0.000407158 
0.0868609 
0.000266693 
0.000221015 
0.00016656 
0.0759078 
3.23745e-05 
0.0825915 
0.087428 
0.0742877 
0.0387881 
0.0010968 
0.0105539 
0.00499541 
0.0104581 
0.0132011 
6.20224e-05 
0.10521 
0.106005 
0.00029387 
0.051608 
0.0500291 
0.0166047 
0.07107 
0.0702597 
-0.000138795 
0.000515171 
0.000966889 
0.0020121 
0.0310622 
0.000814214 
0.0216951 
0.000162926 
0.000250546 
0.00039671 
0.000605418 
0.006103 
0.103259 
0.00013332 
2.06773e-05 
0.00430121 
0.000327007 
0.0635612 
0.000755028 
0.00062647 
0.00218854 
0.000211674 
0.000236309 
0.000326445 
0.000276107 
0.0897771 
0.0881808 
0.0548219 
-0.00028166 
-0.000226738 
5.24039e-05 
1.14999e-05 
0.0224781 
0.00058319 
0.00060047 
0.000278064 
0.00032858 
0.000329172 
0.00207945 
0.000165531 
0.00832723 
0.00241489 
0.000977116 
0.00529852 
5.4503e-05 
0.0145544 
0.0136589 
0.000124616 
0.000167446 
0.000221855 
0.000178723 
0.0029458 
0.000831495 
0.00101774 
0.000242515 
0.00029947 
0.000273549 
0.000202993 
0.000223308 
0.00246796 
0.00104715 
0.00273027 
0.000261449 
0.000343566 
0.054353 
0.0012825 
0.00635119 
0.000345368 
0.0758245 
0.0710919 
0.0337823 
0.0350224 
0.0304059 
0.018551 
0.0163164 
0.00176375 
0.000136685 
0.102243 
0.000271555 
0.00491362 
0.0592009 
0.0579226 
0.000463375 
0.103487 
0.0613307 
0.0565189 
0.0030229 
0.00131662 
0.0810606 
0.0674217 
0.0619872 
0.0658235 
0.0344476 
0.0260644 
0.0301681 
0.000476978 
0.000534572 
0.000252104 
0.000283626 
0.00722168 
0.00736336 
0.00643738 
0.000663905 
0.00120984 
0.00488226 
0.000376915 
0.000440646 
0.00051528 
0.00252648 
0.102553 
0.0108824 
0.00809814 
-0.000228925 
0.105913 
0.000284516 
0.000410439 
0.00389002 
0.0761 
0.0154962 
0.0187286 
0.0911163 
0.0297284 
0.000467105 
0.00854853 
0.00471947 
0.000579106 
0.000480708 
0.00114864 
0.0192183 
0.000916712 
0.000587163 
0.000477832 
0.0828031 
0.000347487 
0.000396929 
0.0330521 
0.0313841 
0.00020621 
0.000520029 
0.000461802 
0.0124861 
0.0118342 
0.0282051 
0.0269449 
0.000447065 
0.000836959 
0.000594509 
0.10114 
0.000161711 
0.0489502 
0.04833 
0.00028093 
0.00043684 
0.0332488 
0.00037585 
0.087192 
0.00616903 
0.0442245 
0.0457164 
0.040174 
0.0502089 
7.38738e-05 
0.000497265 
0.00409508 
0.0486083 
0.0772349 
0.000545624 
0.000314321 
0.000415272 
0.000440434 
0.000377251 
0.0382066 
0.105494 
0.0152036 
0.0142714 
0.0928444 
0.0887127 
0.104007 
0.104179 
0.0847876 
0.000388327 
0.0125422 
0.00353886 
0.0033681 
0.000302367 
0.0005216 
0.000580156 
0.000163583 
0.00239831 
0.0999554 
0.0991777 
0.0171146 
0.0137053 
0.0174192 
0.000418825 
0.000469294 
0.0678692 
0.0630871 
0.000307729 
0.0533616 
0.00162206 
0.000373216 
0.000351142 
0.0206081 
0.000405514 
0.106467 
0.000815747 
0.103735 
0.000490548 
0.105683 
0.0022303 
0.0996968 
0.00911418 
0.00888362 
0.0808186 
0.0241801 
0.0213821 
0.00105258 
0.08217 
0.0838722 
0.0776152 
0.000353896 
0.000404648 
0.000377013 
0.000596743 
0.00272331 
0.00284664 
0.00229731 
0.0974422 
0.0937329 
0.0966108 
0.000471139 
0.000326175 
0.000735843 
0.000816088 
0.000400686 
0.0176534 
0.000298643 
0.00224661 
0.074214 
0.0694482 
0.0727163 
0.0209498 
0.00334079 
0.00208099 
0.0079941 
0.0104062 
0.0801576 
0.000656198 
0.0118711 
0.00374213 
0.0250859 
0.00755485 
0.000743563 
0.000970497 
0.000206368 
0.0442488 
0.0427885 
0.000659535 
0.0470935 
0.000754894 
0.000433542 
0.000397978 
0.000591318 
0.000442748 
0.0280963 
0.0827122 
0.0810281 
9.63161e-06 
0.000350671 
0.000804181 
0.00087869 
0.0973642 
0.103536 
0.000246562 
9.94627e-05 
0.000565658 
0.0428216 
0.0423357 
0.000758842 
0.000314727 
0.000634606 
0.0129647 
0.000635867 
0.00220446 
0.000402096 
0.000501051 
0.000421081 
0.0103343 
0.00961739 
0.0196885 
0.000821286 
0.102947 
0.000602448 
0.00421457 
0.0181949 
0.0470807 
0.000607225 
0.000703166 
0.000689611 
0.00065368 
0.000660921 
0.000998732 
0.0701347 
0.0013449 
0.000412177 
0.00976861 
0.000241083 
0.00116169 
0.00137089 
0.00232184 
0.0175644 
0.0513942 
0.0014176 
0.00171327 
0.00151445 
0.0978601 
0.003165 
0.000285548 
0.0532083 
0.0486279 
0.000446998 
0.000436338 
0.000491331 
0.000504967 
0.0001868 
0.0286564 
0.00041793 
0.00081351 
0.0371779 
0.000964647 
0.0148553 
0.00435137 
0.000603522 
0.0998941 
0.000810799 
0.000790996 
0.000857061 
0.0839322 
0.088256 
0.0941501 
0.0010311 
0.000351435 
0.000399044 
0.0083882 
0.008158 
0.000811543 
0.0015195 
0.00136905 
0.0154829 
0.00393748 
0.000554863 
0.000435703 
0.021461 
0.0076902 
0.0233191 
0.000887729 
0.000962458 
0.04593 
0.000992249 
0.000468807 
0.00315699 
0.00299129 
0.0664641 
0.0224323 
0.0257426 
0.0221405 
0.0244214 
0.0265972 
0.00894602 
0.00818718 
0.079803 
0.101532 
0.0426341 
0.0418505 
0.00103223 
0.00168503 
0.000519488 
0.000627672 
0.000151068 
0.00417247 
0.000656146 
0.000515623 
0.0844284 
0.0326186 
0.0012947 
0.0859172 
0.0814736 
0.00093025 
0.000806912 
0.000401518 
0.000772626 
0.000452483 
0.00052054 
0.000537675 
0.0240266 
0.000264053 
0.00265074 
0.0006654 
0.00496306 
0.000743728 
0.000645447 
0.000777165 
0.000692041 
0.0946389 
0.0940044 
0.0629113 
0.0615712 
0.00027624 
0.000368776 
0.0136249 
0.0137257 
0.011015 
0.0143296 
0.000318059 
0.000384334 
0.000382149 
0.00073201 
0.0016923 
0.0596976 
0.0548343 
0.000400345 
0.0116797 
0.000475289 
0.000943042 
0.00279766 
0.0165521 
0.0745791 
0.0696609 
0.000662241 
0.0281329 
0.0291879 
0.0250989 
0.0196053 
0.0171592 
0.0312827 
0.0690892 
0.0740264 
0.000478753 
0.000545336 
0.000541291 
0.0652014 
0.0987219 
0.0100861 
0.0110714 
0.0128251 
0.00651268 
0.000876889 
0.00091071 
0.00472866 
0.000990064 
0.000690404 
0.00097458 
0.000605423 
0.000637693 
0.00253982 
0.000344741 
0.0499941 
0.00207762 
0.00267356 
0.00114271 
0.00109397 
0.0591883 
0.0577753 
0.0551618 
0.0011673 
0.00184749 
0.000637052 
0.000719489 
0.00254145 
0.042709 
0.000450474 
0.000525967 
0.000500839 
0.0413298 
0.00154533 
0.0962466 
0.0153579 
0.00546104 
0.00345872 
0.000456958 
0.014569 
0.0176782 
0.0176601 
0.00685823 
0.00905562 
0.000662477 
0.00148798 
0.000630839 
0.0961037 
0.0188272 
0.0379262 
0.00691391 
0.00996381 
0.101532 
0.00109093 
0.00144581 
0.00117046 
0.0955712 
0.0102731 
0.00068547 
0.0387501 
0.0374529 
0.100897 
0.0992736 
0.0042593 
0.0337919 
0.013971 
0.0144894 
0.0120973 
0.0987438 
0.0986355 
0.0960781 
0.0903051 
0.0312224 
0.0950555 
0.00341322 
0.00636914 
0.00216849 
0.00265432 
0.00071309 
0.0198984 
0.00316891 
0.000914725 
0.0915995 
0.0874444 
0.0908896 
0.00093223 
0.055543 
0.00575159 
0.00586835 
0.00488958 
0.000680529 
0.00108046 
0.00117377 
0.0373041 
0.0360489 
0.0021327 
0.000704717 
0.000703307 
0.00090239 
0.0914773 
0.0927074 
0.0873631 
0.000944933 
0.00160963 
0.0021404 
0.00200955 
0.059083 
0.000539924 
0.00726365 
0.0400699 
0.000632419 
0.00186588 
0.039707 
0.000718073 
0.000770105 
0.0453636 
0.041017 
0.0924172 
0.0919412 
0.00204547 
0.000763955 
0.000951813 
0.0537055 
0.0763793 
0.00577796 
0.00971844 
0.00172951 
0.00832076 
0.0952215 
0.00564324 
0.00112199 
0.000623886 
0.000804984 
0.00150407 
0.0887571 
0.00704904 
0.0018233 
0.0168949 
0.0323451 
0.000795121 
0.0008891 
0.00091549 
0.00935276 
0.0361363 
0.035064 
0.00126495 
0.00139186 
0.0543023 
0.00148518 
0.000891446 
0.00101903 
0.0896811 
0.019889 
0.0155815 
0.00584404 
0.00535867 
0.00687658 
0.0748921 
0.0278685 
0.0269011 
0.0144891 
0.0012275 
0.0379863 
0.0108934 
0.000717239 
0.000589103 
0.000613089 
0.00112038 
0.000955199 
0.0012202 
0.00165658 
0.00732876 
0.00413596 
0.000538692 
0.000649428 
0.000828585 
0.000973583 
0.000823938 
0.000694694 
0.00776806 
0.00751328 
0.0187089 
0.0218405 
0.00426087 
0.0036148 
0.00207457 
0.000948183 
0.00104512 
0.00141577 
0.0731189 
0.0387974 
0.0439041 
0.0515447 
0.046834 
0.00816499 
0.0717566 
0.0297526 
0.0664901 
0.0614538 
0.00201547 
0.00114179 
0.0230603 
0.02392 
0.0203324 
0.00088875 
0.000977095 
0.000950272 
0.0731308 
0.0780057 
0.0130733 
0.0112721 
0.00112034 
0.00647034 
0.0151137 
0.000828999 
0.0010224 
0.0010855 
0.00111561 
0.00209042 
0.00135448 
0.0356957 
0.00241084 
0.0515863 
0.0505056 
0.0783562 
0.0736651 
0.0579857 
0.0629564 
0.00108631 
0.047123 
0.042324 
0.0461146 
0.0110987 
0.000945135 
0.00107266 
0.000658708 
0.000740453 
0.00916963 
0.00100051 
0.00120024 
0.00151834 
0.00206016 
0.000692269 
0.000790117 
0.0007678 
0.00222706 
0.00140041 
0.0135641 
0.00144883 
0.0210493 
0.0239972 
0.00181543 
0.0345192 
0.000893725 
0.000749802 
0.00254829 
0.0918965 
0.0920156 
0.00862149 
0.0837755 
0.0167515 
0.0168033 
0.013977 
0.0308683 
0.00282214 
0.0123829 
0.00252078 
0.00322971 
0.00218114 
0.00496259 
0.0334075 
0.000785558 
0.0115634 
0.0111643 
0.00171679 
0.00268933 
0.00165261 
0.00239302 
0.00198938 
0.00232582 
0.00176247 
0.000843296 
0.00618326 
0.00134988 
0.00345791 
0.00250659 
0.0145408 
0.0130057 
0.0141148 
0.00114651 
0.0083525 
0.022417 
0.00229 
0.00408665 
0.00167176 
0.00130723 
0.00155231 
0.00119705 
0.00125058 
0.00290258 
0.000620224 
0.000768402 
0.000705366 
0.00899448 
0.00516125 
0.00530117 
0.00443363 
0.000896373 
0.0107741 
0.00110165 
0.0683119 
0.00115611 
0.066776 
0.0648302 
0.0484124 
0.0122036 
0.0101404 
0.000723828 
0.000835018 
0.000805344 
0.00207509 
0.00140032 
0.00180014 
0.0015329 
0.0017132 
0.00158086 
0.0298131 
0.0033973 
0.00301509 
0.0328673 
0.00103486 
0.00112634 
0.00108817 
0.0012425 
0.00181523 
0.0853599 
0.0380252 
0.0339784 
0.0876299 
0.087571 
0.000969959 
0.00278982 
0.00455244 
0.00393366 
0.0133178 
0.00311223 
0.00332826 
0.00402061 
0.00239798 
0.0832403 
0.00124287 
0.00111762 
0.00264877 
0.0162017 
0.0187177 
0.00204445 
0.0282632 
0.00126713 
0.0299694 
0.0290591 
0.0313231 
0.00182752 
0.00279492 
0.0013277 
0.00147417 
0.0321391 
0.00486789 
0.067013 
0.0323351 
0.0899833 
0.00665982 
0.00126197 
0.0317249 
0.00514488 
0.0161764 
0.00638048 
0.00918169 
0.00320596 
0.00121331 
0.0105148 
0.00177344 
0.00139302 
0.0185172 
0.0010232 
0.00531656 
0.00137406 
0.000985278 
0.00100557 
0.00708566 
0.00683732 
0.00937037 
0.00408163 
0.0031626 
0.00272933 
0.00395942 
0.00105238 
0.0011715 
0.0854598 
0.0816739 
0.0771903 
0.0810983 
0.00865949 
0.0579924 
0.0597652 
0.0532175 
0.00842016 
0.00178778 
0.0265277 
0.0255832 
0.0435432 
0.0392612 
0.00528351 
0.0015544 
0.00164563 
0.0292274 
0.0362764 
0.00332901 
0.0620103 
0.00132805 
0.00116622 
0.0146588 
0.0126484 
0.00151696 
0.002067 
0.00192781 
0.00475265 
0.0439736 
0.0634438 
0.0473106 
0.0520451 
0.0843191 
0.0800312 
0.00146864 
0.00154204 
0.00234385 
0.00198976 
0.00133252 
0.00595186 
0.0800601 
0.0795123 
0.00133143 
0.0449242 
0.0705706 
0.06564 
0.00128164 
0.00107707 
0.00612736 
0.000972469 
0.00109912 
0.00199164 
0.00243061 
0.00203768 
0.0250249 
0.00132013 
0.00264171 
0.00127167 
0.0661631 
0.0710286 
0.0263633 
0.0258496 
0.00215029 
0.00341292 
0.029136 
0.0048002 
0.0387029 
0.00563018 
0.00116095 
0.00133368 
0.00130949 
0.00675386 
0.0225224 
0.0182584 
0.0223907 
0.0785667 
0.00212072 
0.0266905 
0.0076944 
0.00315463 
0.00326422 
0.0072073 
0.00582834 
0.00887493 
0.00148721 
0.058425 
0.0560382 
0.00235415 
0.00166094 
0.0019275 
0.0250148 
0.0242086 
0.00315041 
0.0028315 
0.00196891 
0.0218331 
0.0192231 
0.00118709 
0.00143646 
0.00122801 
0.00269451 
0.00160596 
0.0011016 
0.00120488 
0.00299169 
0.0408461 
0.0270586 
0.00352051 
0.0311418 
0.0275631 
0.00173701 
0.040459 
0.08582 
0.0835253 
0.0784334 
0.0826524 
0.00935091 
0.0019502 
0.00401182 
0.00175951 
0.00181189 
0.00189282 
0.00100095 
0.00115253 
0.00111932 
0.00187292 
0.00367492 
0.00170636 
0.00304196 
0.00132389 
0.0132155 
0.0244188 
0.0236208 
0.00275324 
0.00520126 
0.0063775 
0.00135871 
0.00194263 
0.00207394 
0.0261778 
0.00125773 
0.0051806 
0.00429863 
0.0113318 
0.00969997 
0.0375955 
0.0417295 
0.0345596 
0.0058024 
0.05105 
0.00475403 
0.00463317 
0.00123127 
0.00308284 
0.060186 
0.00276901 
0.00136791 
0.00142801 
0.00194986 
0.00797728 
0.00172583 
0.00214917 
0.0022939 
0.00222609 
0.0109401 
0.00343133 
0.00297098 
0.00588841 
0.015185 
0.00150918 
0.00818363 
0.00397043 
0.0753785 
0.0703121 
0.0748769 
0.00211802 
0.0098192 
0.0107542 
0.0496127 
0.0448707 
0.0564572 
0.00141578 
0.00260139 
0.036072 
0.0321051 
0.0550911 
0.00387216 
0.00397081 
0.0032889 
0.00253606 
0.00179139 
0.00202218 
0.0354307 
0.0773037 
0.0783689 
0.0726759 
0.0227268 
0.00228501 
0.0174428 
0.00210025 
0.00206577 
0.00214962 
0.00143734 
0.00237493 
0.00293594 
0.00249989 
0.0551442 
0.0226551 
0.0347756 
0.00291963 
0.0737077 
0.0625465 
0.057481 
0.00650734 
0.00627743 
0.00171027 
0.0290725 
0.0234951 
0.00333172 
0.00407492 
0.00166734 
0.00148381 
0.00139026 
0.07348 
0.00183628 
0.00191445 
0.0682636 
0.00221164 
0.012939 
0.0155323 
0.00382767 
0.021578 
0.0209373 
0.00398896 
0.0212079 
0.00154356 
0.001696 
0.0300274 
0.00509888 
0.0513271 
0.0593846 
0.0643924 
0.00545719 
0.00151803 
0.0206492 
0.0213588 
0.0180655 
0.00216954 
0.00190091 
0.00240778 
0.00703155 
0.0494146 
0.00443502 
0.00381901 
0.00434999 
0.0453139 
0.0136211 
0.0117464 
0.00480721 
0.00225492 
0.00206928 
0.00193362 
0.00293945 
0.00319983 
0.00350414 
0.00285906 
0.0496016 
0.0029028 
0.00204398 
0.021866 
0.00158922 
0.00152743 
0.00185963 
0.0359854 
0.00323584 
0.00498645 
0.00467953 
0.00239234 
0.00376869 
0.00422167 
0.00424811 
0.00443806 
0.0250019 
0.0218829 
0.00867806 
0.00145678 
0.00164398 
0.00161331 
0.0198786 
0.0192373 
0.068507 
0.0067067 
0.00540277 
0.00195728 
0.0407491 
0.00455049 
0.00160726 
0.0289751 
0.0327113 
0.0016609 
0.00177079 
0.00421029 
0.00184243 
0.00860909 
0.00731463 
0.00527914 
0.0477119 
0.00314128 
0.018749 
0.0153369 
0.0183394 
0.00441816 
0.0487473 
0.0162681 
0.0140988 
0.00589914 
0.00572083 
0.00302046 
0.00257595 
0.00234655 
0.0445289 
0.00177383 
0.0179035 
0.00455012 
0.0195661 
0.0189006 
0.0313981 
0.0739594 
0.0688432 
0.0738633 
0.00897628 
0.00560002 
0.0055838 
0.00700906 
0.00213705 
0.00213929 
0.00264922 
0.00471623 
0.00365984 
0.0688474 
0.0264559 
0.00229188 
0.00307068 
0.0624032 
0.0415547 
0.0371196 
0.0104743 
0.00276927 
0.02722 
0.00614601 
0.0292694 
0.0257397 
0.0475911 
0.00409055 
0.00246033 
0.06553 
0.0211229 
0.0184878 
0.00265158 
0.00839296 
0.0026496 
0.00265268 
0.00320183 
0.00340676 
0.00208985 
0.0549808 
0.0503238 
0.00406437 
0.00211345 
0.00237225 
0.0319341 
0.008344 
0.0624895 
0.00230538 
0.0278594 
0.0021327 
0.0023746 
0.00527596 
0.00638691 
0.00226709 
0.00256775 
0.00235044 
0.00245664 
0.00265371 
0.0537288 
0.00384798 
0.0242522 
0.0024615 
0.00545225 
0.00256536 
0.00211139 
0.00234512 
0.00229461 
0.00195306 
0.00574404 
0.0529241 
0.00743381 
0.0436596 
0.0637306 
0.00283615 
0.00261293 
0.00271826 
0.00469216 
0.00671908 
0.0155338 
0.0226044 
0.023517 
0.00610767 
0.058143 
0.00461725 
0.00489302 
0.00547682 
0.0102667 
0.00848321 
0.0129592 
0.00727433 
0.0426945 
0.00421458 
0.00744054 
0.0580394 
0.0201945 
0.00166894 
0.0701966 
0.016528 
0.0394409 
0.0351832 
0.0314654 
0.0346303 
0.0104342 
0.00339597 
0.00379258 
0.00347046 
0.00548426 
0.00618484 
0.0196741 
0.0170824 
0.0177846 
0.042678 
0.00355902 
0.00369861 
0.00432548 
0.00164508 
0.00221713 
0.00250678 
0.0024053 
0.0168149 
0.0172106 
0.0166633 
0.00473814 
0.00892179 
0.00288139 
0.00324172 
0.00643086 
0.00293205 
0.0150291 
0.0339769 
0.0300059 
0.00689525 
0.00752212 
0.00842236 
0.00666058 
0.0125714 
0.0108083 
0.0641783 
0.0149481 
0.0126633 
0.0144321 
0.00844098 
0.042928 
0.047615 
0.0195503 
0.00623709 
0.00481924 
0.0572759 
0.00315665 
0.0154918 
0.0149828 
0.0067986 
0.00293063 
0.00333988 
0.00326094 
0.00448498 
0.0034946 
0.00683794 
0.0055241 
0.0202693 
0.00464966 
0.0231417 
0.0410595 
0.0389488 
0.00347157 
0.00287909 
0.0521298 
0.00631219 
0.00301496 
0.0142447 
0.0138 
0.00346754 
0.00308382 
0.0059379 
0.0593419 
0.00489872 
0.00516971 
0.00348266 
0.00535822 
0.00596148 
0.00527469 
0.00588529 
0.00591216 
0.0172945 
0.00296549 
0.0029594 
0.0032741 
0.00842201 
0.00931477 
0.00276808 
0.0217748 
0.0249398 
0.00555221 
0.00822313 
0.0129718 
0.0100958 
0.00461625 
0.0165325 
0.00296093 
0.0033471 
0.00325003 
0.00335799 
0.00367769 
0.00394517 
0.00335516 
0.003299 
0.018082 
0.00764976 
0.00861521 
0.00309806 
0.0438411 
0.005388 
0.00677559 
0.0070408 
0.00730679 
0.00843974 
0.00345336 
0.0474692 
0.00366337 
0.0417211 
0.00451951 
0.00378588 
0.0375944 
0.0343597 
0.00374921 
0.0515532 
0.0145568 
0.0151857 
0.00392209 
0.00401589 
0.038966 
0.00784012 
0.00502915 
0.013608 
0.0131223 
0.049918 
0.00780218 
0.0394347 
0.0465112 
0.0345955 
0.0375158 
0.0357993 
0.00566363 
0.0157906 
0.0184413 
0.00663527 
0.01159 
0.00427658 
0.0269254 
0.0237219 
0.00950116 
0.00807852 
0.0122588 
0.0142031 
0.0380035 
0.00405628 
0.00403092 
0.00334316 
0.0120499 
0.0438438 
0.00418157 
0.033954 
0.0064171 
0.00579583 
0.0157112 
0.0117882 
0.00401677 
0.00487839 
0.00838954 
0.0185511 
0.012942 
0.0125182 
0.0414335 
0.0372779 
0.0402922 
0.0304632 
0.0348473 
0.0347503 
0.0491402 
0.00741387 
0.00817161 
0.0119656 
0.00441392 
0.00470228 
0.00686603 
0.00735419 
0.011888 
0.0266748 
0.00504643 
0.0250891 
0.00557301 
0.0304266 
0.00407987 
0.05579 
0.00884282 
0.0506906 
0.00824559 
0.00702836 
0.00917645 
0.00862725 
0.0237871 
0.00892565 
0.0210861 
0.0420163 
0.00444208 
0.00408733 
0.0111232 
0.0441465 
0.0113019 
0.0215702 
0.00986069 
0.0099877 
0.0264617 
0.00467781 
0.0309295 
0.0106992 
0.00398681 
0.0163415 
0.0274781 
0.0370541 
0.0355447 
0.020103 
0.0056039 
0.00450267 
0.0243882 
0.00572485 
0.00698162 
0.00508648 
0.0314029 
0.00755016 
0.00490209 
0.0128289 
0.00746392 
0.00809123 
0.00456917 
0.00402389 
0.0106239 
0.0058805 
0.00544243 
0.00712407 
0.0087841 
0.00734366 
0.00783315 
0.00425638 
0.0100042 
0.0261924 
0.0297192 
0.0106599 
0.0122529 
0.00883437 
0.00554193 
0.00440649 
0.0102994 
0.007954 
0.0107364 
0.0166919 
0.00974657 
0.0108718 
0.00547319 
0.0107463 
0.0108026 
0.00933533 
0.00517264 
0.0190814 
0.0118203 
0.0355938 
0.0345307 
0.0265097 
0.00918476 
0.00966719 
0.0313475 
0.0277988 
0.028368 
0.0249181 
0.00398474 
0.00552205 
0.0176439 
0.025451 
0.0143342 
0.0327268 
0.029292 
0.0320991 
0.0116859 
0.0319516 
0.0189525 
0.0230461 
0.0145737 
0.00545792 
0.00594712 
0.0231452 
0.00760185 
0.0124696 
0.0117517 
0.00652921 
0.00599616 
0.00596617 
0.0142252 
0.0302133 
0.0144982 
0.0208045 
0.0312836 
0.0112589 
0.00550584 
0.0200827 
0.0134976 
0.0244621 
0.0105064 
0.00789156 
0.0225841 
0.00968583 
0.0101495 
0.0107833 
0.0102966 
0.00432978 
0.0109526 
0.0102366 
0.0196037 
0.019425 
0.0125444 
0.012388 
0.0110992 
0.00508306 
0.00586205 
0.00564333 
0.0119351 
0.00993441 
0.00707808 
0.0145863 
0.0108531 
0.0137577 
0.0265499 
0.0165819 
0.00996047 
0.0162734 
0.0129745 
0.00654727 
0.00702018 
0.0173675 
0.0147119 
0.00796457 
0.00738035 
0.00970715 
0.0125302 
0.0100095 
0.00639269 
0.0194112 
0.0224703 
0.0253536 
0.0148612 
0.00680297 
0.017216 
0.00760585 
0.00808377 
0.0172009 
0.00818589 
0.00732675 
0.0107818 
0.0150461 
0.0129881 
0.00700741 
0.0243557 
0.0138042 
0.0133129 
0.0221018 
0.00874366 
0.0186763 
0.0077174 
0.0306747 
0.0158066 
0.00914043 
0.025662 
0.00741655 
0.0149152 
0.0140944 
0.0279513 
0.0276588 
0.0294573 
0.0129873 
0.00913949 
0.0253227 
0.0193964 
0.0173787 
0.0104413 
0.0163407 
0.0216998 
0.0194572 
0.0100768 
0.0170168 
0.0137461 
0.0214664 
