0.00268944 0.000434498 -0.00156587 
0.00375395 0.000723776 -0.00198776 
0.00489731 0.000969824 -0.00245203 
0.00619341 0.00123921 -0.00295907 
0.00764465 0.00153858 -0.00351098 
0.00925004 0.00186924 -0.00411072 
0.0110133 0.0022311 -0.00475889 
0.012939 0.00262259 -0.00545569 
0.0150321 0.00304382 -0.00620313 
0.0172952 0.00349893 -0.00699954 
0.0197307 0.00398334 -0.00784415 
0.0223368 0.00450006 -0.00873487 
0.0251092 0.00504628 -0.00966684 
0.0280353 0.00562204 -0.0106369 
0.0311039 0.00622385 -0.0116375 
0.0342947 0.00684913 -0.0126612 
0.0375827 0.00749428 -0.0137004 
0.0409463 0.00815049 -0.0147437 
0.0443502 0.00881719 -0.0157811 
0.0477557 0.00948705 -0.0168021 
0.051129 0.0101514 -0.0177942 
0.0544311 0.0108022 -0.0187395 
0.0576037 0.0114359 -0.0196323 
0.0606187 0.012035 -0.0204551 
0.0634181 0.0126057 -0.0211959 
0.0659667 0.0131201 -0.0218427 
0.0682109 0.0135924 -0.022384 
0.070119 0.0139908 -0.0228046 
0.0716357 0.0143284 -0.0230992 
0.072731 0.0145847 -0.0232576 
0.0733753 0.0147582 -0.0232671 
0.0735392 0.0148335 -0.0231286 
0.0731929 0.0148264 -0.0228336 
0.0723215 0.0147112 -0.022377 
0.0709059 0.0144979 -0.0217547 
0.0689365 0.0141725 -0.0209733 
0.066419 0.0137437 -0.0200239 
0.0633429 0.0132042 -0.0189197 
0.0597339 0.0125561 -0.0176612 
0.0555923 0.0118124 -0.0162525 
0.050949 0.0109552 -0.0147083 
0.0458513 0.0100001 -0.0130449 
0.0403365 0.008965 -0.0112755 
0.0344778 0.00783735 -0.00943214 
0.0283714 0.00664607 -0.00753508 
0.0221142 0.00539745 -0.00562649 
0.0158493 0.00411379 -0.00374437 
0.00971686 0.00282593 -0.00187195 
0.00364583 0.00144089 -0.000189622 
0.00504713 0.000271568 -0.0019596 
0.00799988 0.000511934 -0.00212551 
0.0106149 0.000762994 -0.00245612 
0.0133172 0.00097486 -0.00285169 
0.0162401 0.00117794 -0.00327302 
0.0194208 0.00138695 -0.00370947 
0.0228649 0.0016048 -0.00416097 
0.0265741 0.00183164 -0.00462599 
0.0305494 0.00206592 -0.00510426 
0.03479 0.00230872 -0.00559239 
0.0392934 0.00255644 -0.00608574 
0.0440509 0.00280939 -0.0065821 
0.0490528 0.00306469 -0.00707608 
0.0542792 0.00332366 -0.0075621 
0.0597056 0.00358189 -0.00803608 
0.0653009 0.00384091 -0.00849127 
0.0710266 0.00409664 -0.00892318 
0.0768401 0.00434869 -0.00932686 
0.0826901 0.00459681 -0.00969636 
0.088522 0.0048366 -0.0100262 
0.0942754 0.00506843 -0.0103134 
0.0998878 0.0052906 -0.0105533 
0.105295 0.00549955 -0.010744 
0.110427 0.00569997 -0.0108821 
0.115212 0.0058871 -0.0109654 
0.119581 0.00605837 -0.0109885 
0.123466 0.00621163 -0.0109595 
0.126809 0.0063501 -0.0108673 
0.129536 0.0064709 -0.010719 
0.131592 0.00657124 -0.0105105 
0.132918 0.00665303 -0.0102447 
0.133472 0.00670794 -0.00992219 
0.133204 0.00674559 -0.0095429 
0.13208 0.00675217 -0.00910459 
0.130071 0.00673173 -0.00861653 
0.127159 0.00668467 -0.00807459 
0.123321 0.00660921 -0.00748516 
0.118565 0.0064967 -0.00684796 
0.112888 0.00635687 -0.00616858 
0.106311 0.00617776 -0.00545069 
0.0988654 0.00596471 -0.00469705 
0.0905899 0.00571333 -0.00392413 
0.0815546 0.0054257 -0.00313255 
0.0718435 0.00509433 -0.00233373 
0.0615624 0.00472541 -0.00154518 
0.0508548 0.00431145 -0.000770539 
0.039878 0.00385405 -2.6311e-05 
0.0288217 0.00335339 0.000689006 
0.0177896 0.00284256 0.00146566 
0.00685067 0.00195692 0.00178424 
0.0100358 0.000190499 -0.00241983 
0.0141117 0.000394413 -0.00254348 
0.0179526 0.000586182 -0.00279561 
0.0218641 0.000734408 -0.00310496 
0.0259954 0.000866804 -0.0034277 
0.0303922 0.000992278 -0.00375185 
0.0350655 0.00111455 -0.00407313 
0.0400138 0.00123476 -0.00438884 
0.0452301 0.0013523 -0.00469663 
0.0507057 0.00146574 -0.00499227 
0.0564248 0.001575 -0.00527242 
0.0623703 0.00167717 -0.0055341 
0.0685183 0.00177427 -0.00577188 
0.0748387 0.00186272 -0.00598176 
0.0812962 0.00194333 -0.00616182 
0.0878503 0.00201655 -0.00630652 
0.0944524 0.00208093 -0.00641532 
0.101054 0.00213687 -0.00648561 
0.107598 0.00218602 -0.00651529 
0.114023 0.00222851 -0.00650481 
0.120266 0.00226527 -0.00645343 
0.126266 0.00229597 -0.00636269 
0.131953 0.0023253 -0.00623189 
0.137261 0.00234897 -0.00606301 
0.142122 0.00237329 -0.00585882 
0.146468 0.00239875 -0.00562129 
0.150232 0.00242436 -0.00535447 
0.153357 0.00245175 -0.00505686 
0.155777 0.00248271 -0.00473388 
0.157434 0.00251762 -0.00438723 
0.158275 0.00255531 -0.00401981 
0.158254 0.00259691 -0.00363545 
0.157328 0.00264182 -0.00323249 
0.155455 0.0026899 -0.00281806 
0.152612 0.00273868 -0.00239304 
0.148779 0.00278701 -0.00195856 
0.14394 0.00283565 -0.00151843 
0.138091 0.00288133 -0.00107668 
0.131243 0.00292141 -0.000634522 
0.123414 0.002956 -0.000198674 
0.11464 0.00298088 0.000228288 
0.104972 0.00299437 0.000639377 
0.0944797 0.00299229 0.00103139 
0.0832539 0.00297135 0.00139587 
0.071413 0.00292591 0.00172891 
0.0590966 0.00285153 0.00202584 
0.0464661 0.00274335 0.00228508 
0.0336919 0.00260139 0.00251938 
0.02084 0.00245498 0.00280034 
0.00815596 0.00182728 0.00247273 
0.0158259 0.000174063 -0.00277362 
0.0206997 0.000309805 -0.00285453 
0.0254228 0.000443667 -0.00303559 
0.0302104 0.000545043 -0.00326013 
0.0351858 0.000627555 -0.00349418 
0.0403936 0.000698821 -0.00372245 
0.0458424 0.000762521 -0.00393806 
0.0515263 0.000818526 -0.00413779 
0.0574312 0.000868293 -0.00431807 
0.063538 0.000909757 -0.00447632 
0.0698253 0.000942795 -0.00460979 
0.0762651 0.000967823 -0.00471582 
0.082827 0.000983358 -0.00479064 
0.0894743 0.000989778 -0.00483397 
0.096168 0.000987933 -0.00484324 
0.102864 0.00097769 -0.00481696 
0.109515 0.000959858 -0.0047564 
0.116071 0.0009361 -0.00466065 
0.122481 0.000906754 -0.00453063 
0.128687 0.000875032 -0.00436752 
0.134635 0.0008405 -0.0041738 
0.140268 0.000806243 -0.00395168 
0.145528 0.000773705 -0.00370255 
0.150354 0.000745886 -0.00343026 
0.15469 0.000722443 -0.00313619 
0.158479 0.00070601 -0.00282434 
0.161664 0.000699094 -0.00249752 
0.164189 0.000701618 -0.00215745 
0.166001 0.00071516 -0.00180738 
0.16705 0.000741167 -0.00144968 
0.167287 0.000779044 -0.00108789 
0.16667 0.000829899 -0.000723323 
0.16516 0.000893163 -0.00035846 
0.162722 0.000968699 3.36027e-06 
0.15933 0.00105553 0.00035993 
0.154966 0.00115262 0.000709099 
0.149617 0.00125885 0.00104844 
0.143281 0.00137264 0.00137448 
0.135966 0.00149182 0.0016842 
0.127696 0.00161415 0.00197411 
0.118503 0.00173708 0.0022407 
0.108441 0.00185717 0.0024803 
0.0975747 0.00197079 0.00268949 
0.0859935 0.00207275 0.0028641 
0.073806 0.00215837 0.00300214 
0.0611415 0.00222127 0.00310224 
0.0481456 0.00225695 0.003166 
0.0349648 0.00226672 0.00320643 
0.0216472 0.00227215 0.00327719 
0.00856422 0.00171587 0.0026928 
0.0221409 0.000148567 -0.00299411 
0.0275645 0.000238261 -0.00304981 
0.0328933 0.000331209 -0.00317619 
0.0382795 0.000396277 -0.00333168 
0.0438131 0.000444722 -0.00349146 
0.0495292 0.000481111 -0.00364112 
0.055431 0.000508531 -0.00377382 
0.0615064 0.000527872 -0.00388636 
0.0677364 0.000539628 -0.00397507 
0.0740953 0.000543343 -0.00403883 
0.0805562 0.000538859 -0.00407543 
0.0870884 0.00052607 -0.00408329 
0.0936574 0.000505463 -0.00406184 
0.100226 0.000477747 -0.00401034 
0.106756 0.000443059 -0.0039283 
0.113205 0.000402139 -0.00381701 
0.119531 0.000357233 -0.00367695 
0.125689 0.000308441 -0.00350906 
0.131633 0.000257817 -0.00331539 
0.137318 0.000206154 -0.00309785 
0.142696 0.000156879 -0.00285876 
0.147718 0.000110023 -0.00259992 
0.152337 6.78217e-05 -0.00232336 
0.156504 3.15589e-05 -0.00203223 
0.160172 4.06479e-06 -0.00172856 
0.16329 -1.46535e-05 -0.00141491 
0.165813 -2.23377e-05 -0.0010929 
0.167693 -1.82606e-05 -0.000765477 
0.168885 -1.00885e-06 -0.000434502 
0.169344 2.99749e-05 -0.000102249 
0.16903 7.53359e-05 0.00022876 
0.167902 0.000135318 0.000556962 
0.165928 0.000209876 0.000879688 
0.163077 0.000298916 0.00119474 
0.159325 0.000401556 0.00149973 
0.154654 0.000517333 0.00179242 
0.149054 0.000644727 0.0020704 
0.142526 0.000782257 0.0023305 
0.135076 0.000928735 0.0025703 
0.126726 0.00108073 0.00278641 
0.117512 0.00123639 0.00297617 
0.107478 0.00139263 0.00313692 
0.0966895 0.00154527 0.00326611 
0.0852233 0.00169048 0.0033619 
0.0731775 0.00182195 0.00342323 
0.0606655 0.00193527 0.00344954 
0.0478171 0.00202498 0.00344213 
0.0347606 0.0020943 0.00341219 
0.0215319 0.00215779 0.00340264 
0.00859014 0.00159948 0.00271455 
0.028723 0.000115384 -0.00312952 
0.0345317 0.000177259 -0.003164 
0.0402689 0.000243723 -0.00324939 
0.0460469 0.000285435 -0.00335351 
0.0519319 0.000312742 -0.00345776 
0.0579466 0.000330077 -0.00355024 
0.0640873 0.000339404 -0.00362468 
0.0703374 0.000341686 -0.00367799 
0.0766735 0.000337423 -0.00370763 
0.0830676 0.000326346 -0.00371307 
0.0894902 0.000308995 -0.00369311 
0.0959093 0.00028527 -0.00364745 
0.102291 0.000255801 -0.00357588 
0.108601 0.00022107 -0.00347866 
0.114803 0.000181791 -0.00335687 
0.120861 0.00013914 -0.00321145 
0.126736 9.38783e-05 -0.00304308 
0.132391 4.70069e-05 -0.00285422 
0.137788 5.92654e-07 -0.00264579 
0.142887 -4.48301e-05 -0.00241985 
0.14765 -8.7859e-05 -0.0021775 
0.152037 -0.000127021 -0.00192157 
0.156009 -0.000160638 -0.00165331 
0.159524 -0.000187688 -0.00137485 
0.162543 -0.000206839 -0.00108736 
0.165024 -0.000216801 -0.000793378 
0.166929 -0.000216677 -0.000494158 
0.168217 -0.000205195 -0.000191776 
0.168848 -0.000181569 0.000112173 
0.168785 -0.000145082 0.000415711 
0.167992 -9.53538e-05 0.000716896 
0.166435 -3.16325e-05 0.00101403 
0.164084 4.56473e-05 0.00130472 
0.160912 0.000136706 0.001587 
0.156899 0.00024118 0.00185878 
0.15203 0.000357824 0.00211759 
0.146296 0.00048611 0.00236079 
0.139697 0.000625146 0.00258631 
0.132244 0.000772053 0.00279119 
0.123955 0.000926006 0.00297251 
0.114863 0.0010841 0.00312867 
0.10501 0.0012433 0.00325746 
0.0944523 0.00140061 0.00335731 
0.0832591 0.0015517 0.00342751 
0.071514 0.00169178 0.00346679 
0.0593172 0.00181593 0.0034753 
0.0467832 0.00191942 0.00345244 
0.0340288 0.00200543 0.00340827 
0.0210819 0.00208383 0.00337619 
0.00846845 0.00149218 0.0026596 
0.0354345 8.50979e-05 -0.00321865 
0.0415181 0.000132945 -0.00323809 
0.0475354 0.000184026 -0.00329681 
0.0535745 0.000214144 -0.00336837 
0.0596837 0.000232906 -0.00343781 
0.065875 0.000243898 -0.00349512 
0.072138 0.000249488 -0.0035348 
0.0784516 0.00024949 -0.00355452 
0.0847903 0.000244726 -0.00355254 
0.0911243 0.000235322 -0.00352837 
0.0974238 0.000221022 -0.00348156 
0.103657 0.000202434 -0.00341223 
0.109793 0.000179476 -0.00332099 
0.1158 0.000153147 -0.00320854 
0.121645 0.000123992 -0.00307588 
0.127296 9.2812e-05 -0.00292375 
0.132721 6.0167e-05 -0.00275353 
0.137887 2.70647e-05 -0.00256681 
0.142764 -5.46148e-06 -0.00236424 
0.147316 -3.67047e-05 -0.00214811 
0.151513 -6.48884e-05 -0.00191906 
0.15532 -8.95651e-05 -0.00167861 
0.158704 -0.000109861 -0.00142796 
0.161632 -0.000124404 -0.00116865 
0.164068 -0.000132331 -0.000901828 
0.16598 -0.000132667 -0.000629121 
0.167331 -0.000124441 -0.000351883 
0.168089 -0.000106822 -7.1539e-05 
0.16822 -7.9019e-05 0.000210354 
0.167691 -4.03619e-05 0.000492075 
0.166472 9.67336e-06 0.000771943 
0.164533 7.14179e-05 0.00104832 
0.161849 0.00014503 0.0013188 
0.158397 0.000230683 0.00158184 
0.15416 0.000327813 0.00183513 
0.149125 0.000436031 0.0020761 
0.143286 0.000554603 0.00230283 
0.136645 0.000682305 0.00251308 
0.129212 0.000817636 0.00270359 
0.121006 0.000959051 0.00287278 
0.112057 0.00110453 0.00301869 
0.102402 0.00125168 0.00313989 
0.0920905 0.00139729 0.00323547 
0.0811814 0.00153852 0.00330559 
0.0697454 0.00167017 0.00334958 
0.0578697 0.00178729 0.00336662 
0.0456583 0.00188527 0.0033546 
0.0332197 0.00196751 0.00332174 
0.0205796 0.00204025 0.00329356 
0.00831607 0.00140278 0.00258715 
0.0422501 6.76797e-05 -0.00329984 
0.0485507 0.000112673 -0.00331473 
0.0547858 0.000158229 -0.00336301 
0.0610284 0.000186876 -0.00342111 
0.0673114 0.000208026 -0.00347576 
0.0736361 0.000224318 -0.003518 
0.079986 0.00023661 -0.00354346 
0.0863362 0.000245789 -0.00355031 
0.0926586 0.000251499 -0.00353715 
0.0989233 0.000253973 -0.00350361 
0.1051 0.000253001 -0.00345001 
0.111158 0.000248886 -0.0033765 
0.117069 0.000241698 -0.00328406 
0.122804 0.000231762 -0.00317334 
0.128333 0.000220218 -0.00304463 
0.133628 0.000206304 -0.0028995 
0.138661 0.000191509 -0.00273918 
0.143404 0.000176827 -0.00256396 
0.147829 0.000161902 -0.00237499 
0.151908 0.000148016 -0.00217346 
0.155612 0.000135803 -0.00195954 
0.158913 0.000125687 -0.00173502 
0.161782 0.000118902 -0.0015007 
0.164191 0.000116114 -0.00125732 
0.166109 0.000117726 -0.00100637 
0.167508 0.000125071 -0.000748806 
0.168358 0.000138584 -0.000485942 
0.16863 0.000159089 -0.000219154 
0.168297 0.00018737 5.00478e-05 
0.16733 0.000224043 0.00032008 
0.165705 0.000269764 0.000589312 
0.163397 0.000324793 0.00085584 
0.160384 0.000389653 0.00111778 
0.156649 0.000464248 0.00137334 
0.152177 0.000548463 0.00162011 
0.146959 0.000642026 0.00185601 
0.140992 0.000744368 0.00207901 
0.134279 0.000854262 0.00228657 
0.126831 0.000970913 0.00247623 
0.118668 0.00109291 0.00264657 
0.109815 0.00121802 0.00279535 
0.100309 0.00134567 0.00292234 
0.090189 0.00147237 0.003027 
0.0795053 0.00159583 0.00311046 
0.0683156 0.00171148 0.0031721 
0.0566949 0.00181372 0.00321011 
0.0447386 0.00189793 0.00322152 
0.0325505 0.00196618 0.00321203 
0.0201602 0.002023 0.00320073 
0.00818747 0.00133512 0.00252384 
0.0492576 7.26838e-05 -0.00341357 
0.0557725 0.000125762 -0.00343804 
0.0622279 0.000173948 -0.00349316 
0.0686837 0.000211041 -0.00355578 
0.0751578 0.000243968 -0.00361314 
0.0816404 0.000274535 -0.0036577 
0.0881081 0.000303243 -0.00368595 
0.0945325 0.000330012 -0.00369598 
0.100883 0.000354507 -0.00368723 
0.107129 0.000376823 -0.00365922 
0.11324 0.000396254 -0.00361271 
0.119188 0.000413195 -0.00354786 
0.124943 0.000427471 -0.00346558 
0.130481 0.000439431 -0.00336611 
0.135773 0.000448977 -0.00324994 
0.140793 0.000456777 -0.00311835 
0.145517 0.000462681 -0.00297136 
0.149919 0.000467292 -0.00280925 
0.153973 0.000470848 -0.00263331 
0.157655 0.000473996 -0.00244343 
0.160937 0.000476617 -0.00224055 
0.163797 0.000479589 -0.00202587 
0.166208 0.000483601 -0.00179962 
0.168146 0.000488772 -0.00156328 
0.169585 0.000496608 -0.0013177 
0.170501 0.000506829 -0.00106424 
0.17087 0.000521069 -0.000804193 
0.170668 0.000539502 -0.00053916 
0.169873 0.00056326 -0.000270556 
0.168461 0.000592761 -2.62946e-07 
0.166414 0.000629025 0.000270142 
0.163711 0.000672343 0.000538716 
0.160336 0.000723128 0.000803508 
0.156277 0.000781798 0.00106256 
0.151522 0.000848302 0.0013137 
0.146067 0.000922356 0.00155479 
0.139911 0.00100373 0.00178375 
0.133059 0.00109172 0.0019981 
0.125524 0.00118543 0.00219612 
0.117324 0.00128342 0.00237572 
0.108487 0.001385 0.00253548 
0.0990425 0.00148869 0.00267572 
0.089025 0.00159307 0.00279656 
0.0784737 0.00169539 0.00289957 
0.0674348 0.00179186 0.0029845 
0.0559708 0.00187669 0.003049 
0.0441686 0.00194402 0.00308924 
0.0321286 0.00199484 0.00310875 
0.019889 0.00203061 0.00312097 
0.0081078 0.00129115 0.00248163 
0.0566648 0.000112909 -0.00360374 
0.063449 0.000182692 -0.00365493 
0.0701913 0.000242392 -0.00373524 
0.0769351 0.000297573 -0.00381987 
0.0836804 0.000351999 -0.00389696 
0.090406 0.000406262 -0.00396013 
0.0970818 0.0004601 -0.00400654 
0.103674 0.000513287 -0.00403442 
0.11015 0.000564578 -0.00404368 
0.116479 0.000613863 -0.00403404 
0.122628 0.000660935 -0.00400583 
0.128569 0.0007048 -0.00395927 
0.134275 0.000745919 -0.00389443 
0.139719 0.000783596 -0.00381124 
0.144874 0.000817845 -0.00370991 
0.149715 0.000848453 -0.00359051 
0.154216 0.000875194 -0.00345337 
0.158354 0.000898578 -0.00329811 
0.162104 0.000918298 -0.0031252 
0.165442 0.000933714 -0.00293582 
0.168345 0.000946701 -0.00273044 
0.170793 0.000956511 -0.00251022 
0.172762 0.000964412 -0.00227562 
0.174233 0.000970179 -0.00202898 
0.175186 0.000975345 -0.00177108 
0.175601 0.000980345 -0.00150448 
0.175461 0.000986663 -0.00123006 
0.174747 0.000994757 -0.0009503 
0.173443 0.00100579 -0.000666783 
0.171533 0.00102082 -0.00038151 
0.169003 0.00104029 -9.64406e-05 
0.165839 0.00106535 0.000186299 
0.162032 0.00109662 0.00046485 
0.157572 0.00113426 0.000737254 
0.152453 0.00117864 0.00100136 
0.146676 0.00122961 0.00125505 
0.140241 0.00128714 0.00149649 
0.133158 0.00135052 0.00172352 
0.12544 0.00141907 0.0019343 
0.117107 0.00149197 0.00212697 
0.108184 0.00156843 0.0023009 
0.098699 0.00164756 0.00245618 
0.0886809 0.0017288 0.00259419 
0.0781583 0.00181036 0.00271686 
0.0671659 0.00188813 0.0028241 
0.0557551 0.00195653 0.002913 
0.044002 0.00200979 0.00297998 
0.0319997 0.00204615 0.00302847 
0.0197939 0.00206195 0.00306721 
0.00808678 0.00127154 0.00246499 
0.0648231 0.000203493 -0.00392397 
0.0719957 0.000302013 -0.00402486 
0.079163 0.000382287 -0.00415233 
0.0863417 0.000467843 -0.0042795 
0.093509 0.000555815 -0.00439584 
0.100631 0.000645308 -0.0044961 
0.10767 0.000735421 -0.00457769 
0.114586 0.000824907 -0.00463899 
0.121341 0.000912629 -0.00467957 
0.127902 0.000997278 -0.00469853 
0.134234 0.00107813 -0.00469508 
0.140306 0.00115388 -0.00466908 
0.146085 0.00122447 -0.0046184 
0.151542 0.00128743 -0.00454352 
0.15665 0.00134367 -0.00444315 
0.161378 0.0013914 -0.00431736 
0.165702 0.00143115 -0.00416546 
0.169597 0.00146079 -0.00398878 
0.17304 0.00148259 -0.00378791 
0.17601 0.00149561 -0.00356468 
0.178489 0.00149981 -0.0033208 
0.18046 0.00149762 -0.00305845 
0.181909 0.0014886 -0.00278029 
0.182822 0.00147561 -0.00248896 
0.183186 0.00145851 -0.00218699 
0.182992 0.00143994 -0.00187717 
0.18223 0.00142043 -0.00156205 
0.18089 0.00140255 -0.00124438 
0.178963 0.00138713 -0.000926292 
0.176441 0.00137552 -0.000610187 
0.173318 0.00136917 -0.000298209 
0.169587 0.00136881 7.94076e-06 
0.165242 0.00137512 0.000306222 
0.160281 0.00138887 0.000594877 
0.154702 0.00140999 0.000872055 
0.148508 0.00143905 0.00113642 
0.141704 0.00147499 0.00138629 
0.134299 0.00151781 0.00162014 
0.12631 0.00156629 0.00183632 
0.117756 0.00161985 0.00203357 
0.108662 0.00167771 0.00221135 
0.0990528 0.00173994 0.00237064 
0.088952 0.00180588 0.00251355 
0.0783799 0.00187446 0.00264203 
0.0673611 0.00194236 0.00275533 
0.0559368 0.00200455 0.00285028 
0.0441708 0.00205608 0.00292526 
0.0321364 0.00209479 0.00298855 
0.0198682 0.0021063 0.00304888 
0.00812113 0.00127333 0.00247219 
0.074296 0.000373482 -0.00445652 
0.0820654 0.000515855 -0.00464268 
0.0898927 0.000631988 -0.00484833 
0.09775 0.000764541 -0.00504474 
0.105583 0.000901926 -0.0052244 
0.11334 0.0010415 -0.00538156 
0.120972 0.00118007 -0.00551298 
0.128428 0.00131593 -0.00561495 
0.13566 0.00144543 -0.00568534 
0.142622 0.00156679 -0.00572106 
0.149272 0.00167755 -0.00571877 
0.155566 0.00177499 -0.00567616 
0.161464 0.00185692 -0.00559035 
0.166929 0.00192118 -0.00546204 
0.171928 0.00196736 -0.0052891 
0.176431 0.00199369 -0.00507359 
0.180414 0.0019997 -0.00481787 
0.183857 0.00198718 -0.00452602 
0.186746 0.00195658 -0.00420102 
0.189071 0.00190938 -0.00384961 
0.190827 0.00184924 -0.0034766 
0.192012 0.00177757 -0.00308737 
0.192626 0.00169838 -0.00268813 
0.192672 0.00161444 -0.00228351 
0.192153 0.00152922 -0.00187902 
0.191072 0.00144523 -0.00147865 
0.189434 0.00136593 -0.00108643 
0.18724 0.00129327 -0.000705161 
0.184493 0.00122989 -0.000337567 
0.181193 0.00117739 1.42773e-05 
0.177339 0.00113698 0.000349059 
0.172931 0.00110976 0.000665477 
0.167968 0.00109627 0.000962865 
0.162449 0.00109633 0.00124052 
0.156375 0.0011101 0.00149808 
0.149748 0.00113669 0.00173564 
0.142574 0.00117515 0.00195247 
0.134862 0.00122416 0.00214833 
0.126625 0.00128251 0.00232286 
0.117881 0.00134837 0.00247575 
0.108653 0.00142106 0.00260773 
0.0989618 0.00149943 0.00272002 
0.0888261 0.00158421 0.0028151 
0.0782607 0.00167402 0.00289392 
0.0672839 0.00176713 0.00295521 
0.0559301 0.00185887 0.00299518 
0.0442502 0.00194726 0.00301542 
0.0322816 0.00203463 0.00303534 
0.0199995 0.00209922 0.00307741 
0.00818106 0.00127223 0.00249311 
0.0860252 0.00067319 -0.00534811 
0.0947382 0.000885991 -0.00567331 
0.103601 0.00105763 -0.00599411 
0.112504 0.00125707 -0.00628322 
0.121339 0.0014593 -0.00653305 
0.130026 0.00165495 -0.00673474 
0.138483 0.00183932 -0.00687915 
0.146631 0.00200519 -0.0069571 
0.154394 0.00214671 -0.00696117 
0.1617 0.00225737 -0.00688398 
0.168482 0.00233225 -0.00672044 
0.174681 0.00236652 -0.00646905 
0.180245 0.00235807 -0.00613033 
0.185137 0.00230494 -0.00570902 
0.189332 0.00220657 -0.00521253 
0.192816 0.00206758 -0.0046516 
0.195591 0.00189027 -0.00403895 
0.197667 0.00168092 -0.00338762 
0.199064 0.00144609 -0.00271194 
0.19981 0.00119323 -0.00202609 
0.199937 0.000929529 -0.0013425 
0.199477 0.000662957 -0.000673262 
0.198467 0.000400607 -2.85107e-05 
0.196937 0.000149304 0.000583673 
0.194918 -8.53182e-05 0.0011562 
0.192435 -0.000297918 0.00168405 
0.189508 -0.000484248 0.00216406 
0.186153 -0.000641145 0.00259465 
0.182381 -0.000766672 0.00297463 
0.178195 -0.000858425 0.0033052 
0.173598 -0.000916875 0.00358741 
0.168586 -0.000941765 0.0038228 
0.163156 -0.000933398 0.00401491 
0.157299 -0.000894367 0.00416572 
0.151011 -0.000826234 0.00427778 
0.144284 -0.00073043 0.00435526 
0.137112 -0.000611378 0.00439998 
0.129498 -0.000471496 0.0044145 
0.121443 -0.000314014 0.00440155 
0.112957 -0.000142812 0.00436212 
0.104056 3.99412e-05 0.00429862 
0.0947506 0.00023304 0.00421373 
0.0850577 0.000433983 0.00410888 
0.0749886 0.000643942 0.00398418 
0.0645606 0.000860527 0.00383782 
0.0538019 0.00108136 0.00366776 
0.0427522 0.00130424 0.00347852 
0.0314158 0.00154026 0.00329606 
0.0196625 0.00179332 0.00317083 
0.00812627 0.00114591 0.00250063 
0.101599 0.0011813 -0.00683656 
0.111788 0.00149518 -0.00733536 
0.122161 0.00173602 -0.00775036 
0.132456 0.00199679 -0.00805272 
0.142466 0.00222955 -0.0082291 
0.152028 0.00241691 -0.00825748 
0.160988 0.0025432 -0.00811674 
0.169203 0.00259409 -0.00779316 
0.176548 0.00255882 -0.00727959 
0.182924 0.00242803 -0.0065794 
0.188261 0.00220071 -0.00570396 
0.192519 0.00187721 -0.00467453 
0.195695 0.00146511 -0.00351851 
0.19781 0.000975929 -0.00226866 
0.198918 0.000424076 -0.00095971 
0.199089 -0.000174413 0.000375574 
0.198413 -0.000802136 0.00170357 
0.196985 -0.00144177 0.00299629 
0.194908 -0.0020773 0.00422917 
0.19228 -0.00269416 0.00538217 
0.189195 -0.0032795 0.00644071 
0.18574 -0.00382353 0.00739311 
0.181991 -0.00431605 0.00823326 
0.17801 -0.00475179 0.008959 
0.173848 -0.0051259 0.00956955 
0.169545 -0.00543665 0.010066 
0.165125 -0.00567916 0.0104552 
0.160603 -0.00585739 0.0107404 
0.155984 -0.0059696 0.0109268 
0.151263 -0.00601569 0.011024 
0.146424 -0.00600091 0.0110371 
0.14145 -0.00592644 0.010973 
0.136318 -0.00579579 0.0108392 
0.130999 -0.0056116 0.0106411 
0.125466 -0.00537768 0.0103872 
0.11969 -0.00510099 0.0100823 
0.113645 -0.00478261 0.00973154 
0.10731 -0.00442956 0.00933989 
0.100667 -0.00404585 0.00891179 
0.0937038 -0.0036358 0.00845139 
0.0864178 -0.00320539 0.00796271 
0.0788103 -0.002758 0.00744901 
0.0708859 -0.00229618 0.00691043 
0.0626602 -0.00182276 0.00634581 
0.0541485 -0.00133505 0.00575517 
0.0453631 -0.000834925 0.00514595 
0.0363162 -0.000331125 0.00452734 
0.0270121 0.000178793 0.00391248 
0.0173084 0.000757407 0.00333998 
0.00745826 0.000612348 0.00245058 
0.123281 0.0020049 -0.00905359 
0.135286 0.00232788 -0.00947866 
0.147012 0.00254969 -0.00956234 
0.157933 0.00268972 -0.00927468 
0.167686 0.00268105 -0.00860931 
0.176015 0.00250067 -0.00756291 
0.182726 0.00213729 -0.00615819 
0.187703 0.00159421 -0.00444105 
0.190904 0.000885324 -0.00247461 
0.19236 3.66524e-05 -0.000334273 
0.192166 -0.000919863 0.00190195 
0.190468 -0.00194838 0.00415655 
0.187446 -0.00301226 0.00636116 
0.183309 -0.00407861 0.00845359 
0.178273 -0.0051136 0.0103889 
0.172551 -0.00609288 0.0121333 
0.166347 -0.00699832 0.013663 
0.159845 -0.00781265 0.0149708 
0.153205 -0.00852936 0.0160548 
0.146561 -0.00914162 0.0169251 
0.140021 -0.00965341 0.0175927 
0.13367 -0.0100635 0.0180754 
0.12757 -0.0103802 0.0183933 
0.121759 -0.0106083 0.0185653 
0.116257 -0.0107547 0.0186105 
0.111069 -0.0108277 0.0185456 
0.106193 -0.0108342 0.0183892 
0.101604 -0.0107783 0.0181518 
0.097283 -0.0106694 0.0178449 
0.0931961 -0.0105069 0.0174818 
0.0893027 -0.0102998 0.0170632 
0.085566 -0.0100452 0.0165983 
0.0819409 -0.00974913 0.0160903 
0.0783839 -0.00941179 0.0155421 
0.0748502 -0.00903495 0.0149555 
0.0712947 -0.0086189 0.0143302 
0.0676776 -0.00816568 0.0136693 
0.0639607 -0.00767745 0.0129708 
0.0601104 -0.00715332 0.0122386 
0.0560991 -0.00660037 0.011471 
0.0519064 -0.00601653 0.0106699 
0.0475205 -0.00540861 0.00983429 
0.0429389 -0.00477594 0.00896476 
0.0381672 -0.00412254 0.00806087 
0.0332199 -0.00345001 0.00712597 
0.028091 -0.00275287 0.00616949 
0.0227346 -0.00203232 0.00521064 
0.0171212 -0.00131361 0.00425735 
0.0112699 -0.000578679 0.00327595 
0.00529319 -0.000213359 0.00220801 
0.151098 0.00286417 -0.0105308 
0.162772 0.00265425 -0.00943791 
0.172258 0.00232568 -0.00766346 
0.179138 0.00168688 -0.00529924 
0.183253 0.000780801 -0.00250713 
0.184618 -0.00033611 0.000552562 
0.183379 -0.00159667 0.003718 
0.179785 -0.00293282 0.00684045 
0.174163 -0.00427795 0.00979311 
0.166885 -0.00557757 0.0124734 
0.158345 -0.00678402 0.0148058 
0.148934 -0.00785943 0.0167415 
0.139021 -0.00877732 0.0182602 
0.128925 -0.0095188 0.0193681 
0.118925 -0.0100887 0.0200893 
0.109238 -0.0104864 0.0204646 
0.100022 -0.010727 0.0205429 
0.0913891 -0.0108324 0.0203796 
0.0834017 -0.0108204 0.0200274 
0.0760888 -0.0107171 0.0195355 
0.0694503 -0.0105429 0.0189454 
0.0634702 -0.0103155 0.0182956 
0.0581079 -0.0100488 0.017616 
0.0533232 -0.00976321 0.0169255 
0.0490703 -0.00946097 0.0162428 
0.0452967 -0.00915356 0.0155771 
0.041954 -0.00884494 0.0149372 
0.0389928 -0.00853929 0.0143251 
0.0363691 -0.00823926 0.0137398 
0.0340409 -0.00794196 0.0131845 
0.0319614 -0.00764892 0.0126513 
0.0300986 -0.00735983 0.0121393 
0.0284115 -0.00706818 0.0116437 
0.0268664 -0.00677673 0.0111574 
0.0254317 -0.00647833 0.0106763 
0.0240752 -0.0061722 0.0101942 
0.0227685 -0.00585448 0.0097059 
0.0214841 -0.00552262 0.00920563 
0.020199 -0.00517506 0.00868996 
0.0188889 -0.00480787 0.00815301 
0.017539 -0.00442255 0.00759287 
0.0161358 -0.00401694 0.00700524 
0.0146758 -0.00359325 0.00638972 
0.0131581 -0.00315126 0.00574559 
0.0115894 -0.00269359 0.00507301 
0.00997077 -0.00221464 0.00437449 
0.00825763 -0.00169419 0.00365635 
0.00634547 -0.00113845 0.00291408 
0.00416038 -0.000581247 0.00223475 
0.00217455 -0.000254352 0.00138271 
0.1727 0.00162947 -0.00536317 
0.176811 0.000271573 -0.00129776 
0.176658 -0.00107422 0.00276124 
0.172935 -0.00256217 0.00668072 
0.166171 -0.00402283 0.0102809 
0.156945 -0.00539067 0.0134216 
0.145874 -0.00660573 0.0160025 
0.133581 -0.00762269 0.0179602 
0.120666 -0.0084086 0.0192759 
0.107662 -0.00894828 0.0199666 
0.0950172 -0.00923942 0.0200947 
0.0830653 -0.00930351 0.0197496 
0.0720368 -0.00917485 0.0190353 
0.0620603 -0.00889098 0.018061 
0.0531772 -0.00849783 0.0169225 
0.0453728 -0.00803081 0.0157071 
0.0385832 -0.00752569 0.0144764 
0.0327249 -0.00700735 0.0132768 
0.0277003 -0.00649381 0.0121414 
0.0234078 -0.00600019 0.0110863 
0.0197529 -0.00553329 0.0101226 
0.0166482 -0.00510043 0.00925213 
0.0140145 -0.00470174 0.00847257 
0.0117804 -0.00433685 0.0077769 
0.0098896 -0.00400646 0.00716116 
0.00828893 -0.00370745 0.00661654 
0.00693553 -0.00343745 0.0061358 
0.00579204 -0.00319392 0.00571097 
0.00482791 -0.0029741 0.00533557 
0.00401801 -0.00277578 0.00500412 
0.00333919 -0.00259584 0.00470807 
0.00277376 -0.00243111 0.00444354 
0.00230573 -0.00228017 0.00420512 
0.00192094 -0.00213952 0.00398606 
0.00160873 -0.00200716 0.00378381 
0.00135776 -0.00188068 0.00359238 
0.00115843 -0.00175741 0.00340896 
0.0010022 -0.00163609 0.00322828 
0.000881409 -0.00151374 0.00304815 
0.000788588 -0.00138918 0.00286473 
0.000717856 -0.00126081 0.00267497 
0.000664724 -0.00112765 0.00247759 
0.000625917 -0.000989545 0.00227118 
0.000599955 -0.000846855 0.00205588 
0.000588377 -0.000700893 0.00183129 
0.00060547 -0.000553936 0.00159373 
0.000671666 -0.000391729 0.00133313 
0.00075288 -0.000177376 0.0010617 
0.000880394 0.000116043 0.000637324 
0.00109366 0.000339984 4.10781e-05 
0.164877 -0.00254947 0.00740984 
0.156391 -0.00408399 0.0115206 
0.144712 -0.00527638 0.0146198 
0.131067 -0.00630102 0.0169208 
0.116258 -0.00706468 0.0184104 
0.101073 -0.00755186 0.0190847 
0.0862294 -0.00775363 0.0190022 
0.0722962 -0.00768333 0.0182805 
0.0596669 -0.00738286 0.0170793 
0.048551 -0.00690958 0.0155738 
0.0390029 -0.00632798 0.0139247 
0.0309573 -0.00569161 0.0122576 
0.0242821 -0.00504845 0.0106608 
0.0188121 -0.00442722 0.00919049 
0.0143699 -0.0038481 0.00787132 
0.01079 -0.00332109 0.00671175 
0.00792055 -0.00284913 0.00570438 
0.00563172 -0.00243116 0.00483835 
0.00381303 -0.00206463 0.00409839 
0.00237141 -0.00174389 0.00346834 
0.0012316 -0.00146502 0.00293326 
0.000332134 -0.00122283 0.00247898 
-0.000375785 -0.00101264 0.00209373 
-0.000931908 -0.000830293 0.00176699 
-0.00136745 -0.000672192 0.00148977 
-0.00170712 -0.000535027 0.00125453 
-0.00197038 -0.000415963 0.00105494 
-0.00217242 -0.00031253 0.000885452 
-0.00232504 -0.000222748 0.000741731 
-0.00243732 -0.000144845 0.000619828 
-0.00251622 -7.73939e-05 0.000516716 
-0.00256669 -1.936e-05 0.00042966 
-0.0025925 3.05925e-05 0.000356419 
-0.0025963 7.29957e-05 0.000295169 
-0.00257953 0.000108591 0.00024413 
-0.00254328 0.00013818 0.000201987 
-0.00248807 0.000162161 0.000167375 
-0.00241408 0.00018122 0.000139294 
-0.00232115 0.000195809 0.000116551 
-0.0022092 0.000206598 9.84056e-05 
-0.0020782 0.000213988 8.42864e-05 
-0.00192832 0.000218472 7.37093e-05 
-0.00176039 0.000220486 6.67649e-05 
-0.00157573 0.000220259 6.33444e-05 
-0.00137524 0.00021744 6.36292e-05 
-0.00115506 0.00020882 6.8959e-05 
-0.000888459 0.000182164 8.13887e-05 
-0.000544339 0.000160019 0.000108893 
-0.000339579 7.38153e-05 0.000280992 
-0.000294073 -0.00139072 0.00131446 
0.124946 -0.00545786 0.0165542 
0.108449 -0.00604029 0.0176742 
0.0917347 -0.006326 0.0180423 
0.0755872 -0.00639086 0.0175906 
0.0607154 -0.00617646 0.0164256 
0.0476146 -0.0057315 0.0147595 
0.0365161 -0.00513407 0.0128344 
0.0274171 -0.00446099 0.0108622 
0.0201554 -0.00378132 0.00899303 
0.0144883 -0.00313852 0.00731378 
0.0101465 -0.00255742 0.00585937 
0.00687333 -0.00204788 0.00463152 
0.00444053 -0.00160965 0.00361272 
0.00265806 -0.00123967 0.00277867 
0.00137157 -0.000931004 0.00210146 
0.000460331 -0.000675769 0.00155525 
-0.000169452 -0.000466756 0.00111684 
-0.000589506 -0.000296365 0.000766345 
-0.000855042 -0.000158173 0.000487091 
-0.00100812 -4.64893e-05 0.000265246 
-0.00108093 4.33717e-05 8.96085e-05 
-0.00109793 0.00011529 -4.86553e-05 
-0.00107764 0.000172342 -0.000156474 
-0.00103404 0.000217057 -0.000239359 
-0.000977204 0.000251485 -0.000301824 
-0.000914348 0.000277413 -0.00034772 
-0.000850279 0.000296459 -0.000380082 
-0.000787982 0.000310019 -0.000401532 
-0.000729321 0.000319305 -0.000414421 
-0.000675007 0.000325338 -0.000420618 
-0.000625283 0.000328973 -0.000421771 
-0.000580028 0.00033085 -0.000418939 
-0.000538992 0.000331359 -0.000413179 
-0.000501645 0.000330745 -0.00040525 
-0.000467305 0.000329195 -0.000395315 
-0.000435547 0.000326718 -0.000383879 
-0.00040574 0.00032323 -0.000371066 
-0.000377286 0.000318603 -0.000356785 
-0.000349638 0.000312691 -0.000340996 
-0.000322387 0.000305281 -0.000323652 
-0.000295159 0.0002961 -0.000304604 
-0.00026769 0.0002852 -0.000283722 
-0.000240142 0.000272466 -0.000261235 
-0.000212747 0.000258111 -0.000237203 
-0.000186324 0.000242488 -0.000211969 
-0.000162849 0.000226364 -0.00018566 
-0.000149196 0.000211456 -0.000156118 
-0.000164384 0.000194569 -0.000112019 
-0.00031107 0.000226775 -3.58539e-05 
-0.00093623 0.000803527 -0.00082206 
0.0741845 -0.00555655 0.0169316 
0.0580324 -0.00513158 0.0154564 
0.0439846 -0.00467683 0.0136225 
0.0322792 -0.004074 0.011487 
0.0229793 -0.00340335 0.00932002 
0.0158771 -0.00274176 0.00732096 
0.0106277 -0.00213781 0.00559324 
0.00685553 -0.00161535 0.00416743 
0.00421349 -0.00118036 0.00302794 
0.00241362 -0.000830462 0.00213939 
0.0012287 -0.000556085 0.00145958 
0.000484724 -0.000345945 0.000948008 
5.01628e-05 -0.000187645 0.000569169 
-0.000174404 -7.0823e-05 0.00029357 
-0.000263532 1.29086e-05 9.87613e-05 
-0.000272689 6.94677e-05 -3.21397e-05 
-0.000241063 0.000103487 -0.000112314 
-0.000193434 0.000119637 -0.000153571 
-0.000143596 0.000123116 -0.00016703 
-9.82017e-05 0.000118707 -0.000162674 
-5.99289e-05 0.000110066 -0.00014838 
-2.92749e-05 9.95632e-05 -0.000129774 
-5.73607e-06 8.8596e-05 -0.000110344 
1.17511e-05 7.80183e-05 -9.21041e-05 
2.4323e-05 6.82481e-05 -7.5825e-05 
3.30996e-05 5.95125e-05 -6.17346e-05 
3.90001e-05 5.18668e-05 -4.96643e-05 
4.27641e-05 4.52823e-05 -3.93575e-05 
4.49578e-05 3.96584e-05 -3.05584e-05 
4.60399e-05 3.48697e-05 -2.29891e-05 
4.63525e-05 3.07867e-05 -1.64274e-05 
4.6115e-05 2.72949e-05 -1.07209e-05 
4.54976e-05 2.42926e-05 -5.76062e-06 
4.46542e-05 2.17075e-05 -1.41803e-06 
4.36522e-05 1.94805e-05 2.39149e-06 
4.25329e-05 1.75497e-05 5.70856e-06 
4.13451e-05 1.58838e-05 8.60963e-06 
4.00763e-05 1.44529e-05 1.11247e-05 
3.87266e-05 1.32213e-05 1.32888e-05 
3.72732e-05 1.21682e-05 1.51237e-05 
3.5699e-05 1.12594e-05 1.66463e-05 
3.39872e-05 1.0491e-05 1.78878e-05 
3.20973e-05 9.83776e-06 1.88309e-05 
3.00303e-05 9.30023e-06 1.95066e-05 
2.77754e-05 8.90993e-06 1.99001e-05 
2.53053e-05 8.80018e-06 1.99568e-05 
2.26504e-05 9.45405e-06 1.92354e-05 
1.85567e-05 1.43276e-05 1.59557e-05 
1.56986e-05 2.54693e-05 -6.64794e-06 
2.22225e-05 3.34905e-05 4.04181e-05 
0.0336179 -0.0037264 0.0113215 
0.0232697 -0.00285272 0.00906685 
0.0154729 -0.00228266 0.00690696 
0.00988406 -0.00170041 0.00505098 
0.00603983 -0.00121137 0.00356108 
0.00350405 -0.000824302 0.00242153 
0.00190577 -0.000531089 0.00158059 
0.000954074 -0.000316728 0.000978233 
0.000429595 -0.000164132 0.000558438 
0.000169996 -5.94074e-05 0.000276553 
5.87045e-05 6.8026e-06 0.000100135 
1.91476e-05 4.17741e-05 3.11548e-06 
9.83735e-06 5.49555e-05 -4.01185e-05 
1.1918e-05 5.62667e-05 -5.26929e-05 
1.74222e-05 5.22603e-05 -5.1286e-05 
2.29924e-05 4.60855e-05 -4.52547e-05 
2.69715e-05 3.91374e-05 -3.84041e-05 
2.86008e-05 3.21914e-05 -3.16255e-05 
2.77792e-05 2.57623e-05 -2.50097e-05 
2.49614e-05 2.00466e-05 -1.87074e-05 
2.09159e-05 1.50986e-05 -1.3015e-05 
1.64229e-05 1.09061e-05 -8.1815e-06 
1.20694e-05 7.45625e-06 -4.33887e-06 
8.22149e-06 4.69173e-06 -1.4633e-06 
5.04688e-06 2.54212e-06 5.67663e-07 
2.56467e-06 9.04906e-07 1.91683e-06 
7.17158e-07 -3.17118e-07 2.75231e-06 
-6.01959e-07 -1.21631e-06 3.21408e-06 
-1.50636e-06 -1.86827e-06 3.41365e-06 
-2.09669e-06 -2.33479e-06 3.43834e-06 
-2.46166e-06 -2.66375e-06 3.34792e-06 
-2.66741e-06 -2.89063e-06 3.18492e-06 
-2.76328e-06 -3.0426e-06 2.97975e-06 
-2.78536e-06 -3.14113e-06 2.75604e-06 
-2.75671e-06 -3.19951e-06 2.52245e-06 
-2.69585e-06 -3.22782e-06 2.29093e-06 
-2.61362e-06 -3.23445e-06 2.06286e-06 
-2.515e-06 -3.22297e-06 1.84314e-06 
-2.40519e-06 -3.1975e-06 1.63327e-06 
-2.28674e-06 -3.15724e-06 1.43189e-06 
-2.15959e-06 -3.1029e-06 1.23546e-06 
-2.02291e-06 -3.03476e-06 1.04961e-06 
-1.87728e-06 -2.94933e-06 8.65889e-07 
-1.71935e-06 -2.84892e-06 6.8746e-07 
-1.54481e-06 -2.73498e-06 5.16589e-07 
-1.34497e-06 -2.61763e-06 3.61118e-07 
-1.08857e-06 -2.54018e-06 2.71726e-07 
-6.71623e-07 -2.66463e-06 4.40521e-07 
1.63666e-07 -3.88244e-06 2.48332e-06 
2.98121e-06 -4.1657e-06 2.05158e-06 
0.0117058 -0.00165258 0.00528045 
0.0068995 -0.000988998 0.00369055 
0.00386313 -0.000721896 0.00243041 
0.00205818 -0.000448436 0.00151322 
0.00103772 -0.000250413 0.000882845 
0.000499507 -0.000115009 0.000469215 
0.000231122 -2.98162e-05 0.000215725 
9.88805e-05 1.49116e-05 7.7483e-05 
3.52358e-05 3.31035e-05 1.08443e-05 
9.71477e-06 3.8648e-05 -1.92011e-05 
4.52664e-06 3.80874e-05 -3.17793e-05 
6.59637e-06 3.32497e-05 -3.40141e-05 
8.05618e-06 2.58531e-05 -2.92384e-05 
6.67032e-06 1.79187e-05 -2.09522e-05 
3.39742e-06 1.08612e-05 -1.24083e-05 
-1.15301e-07 5.42636e-06 -5.56486e-06 
-2.74445e-06 1.7402e-06 -9.78765e-07 
-4.1375e-06 -4.7233e-07 1.62294e-06 
-4.4789e-06 -1.61665e-06 2.78198e-06 
-4.15438e-06 -2.06169e-06 3.01644e-06 
-3.51089e-06 -2.08836e-06 2.73447e-06 
-2.78281e-06 -1.89179e-06 2.22587e-06 
-2.09941e-06 -1.59849e-06 1.66699e-06 
-1.51855e-06 -1.28427e-06 1.15417e-06 
-1.05614e-06 -9.90271e-07 7.27815e-07 
-7.05871e-07 -7.34379e-07 3.94194e-07 
-4.50634e-07 -5.21633e-07 1.45621e-07 
-2.71065e-07 -3.49617e-07 -3.33642e-08 
-1.48826e-07 -2.13268e-07 -1.58112e-07 
-6.82612e-08 -1.0639e-07 -2.42262e-07 
-1.70585e-08 -2.32442e-08 -2.96937e-07 
1.40683e-08 4.12874e-08 -3.30678e-07 
3.1461e-08 9.12857e-08 -3.49604e-07 
3.98504e-08 1.3003e-07 -3.58432e-07 
4.23414e-08 1.60033e-07 -3.60514e-07 
4.10841e-08 1.82997e-07 -3.57559e-07 
3.7254e-08 2.00451e-07 -3.51518e-07 
3.20646e-08 2.13183e-07 -3.42916e-07 
2.58082e-08 2.22002e-07 -3.32566e-07 
1.8984e-08 2.27215e-07 -3.20548e-07 
1.17039e-08 2.29006e-07 -3.06807e-07 
4.2927e-09 2.27504e-07 -2.91442e-07 
-3.24434e-09 2.22768e-07 -2.74128e-07 
-1.09657e-08 2.1467e-07 -2.5476e-07 
-1.88784e-08 2.03311e-07 -2.33246e-07 
-2.76715e-08 1.88959e-07 -2.1017e-07 
-3.95743e-08 1.7288e-07 -1.8832e-07 
-5.62939e-08 1.53208e-07 -1.75697e-07 
-1.25924e-07 2.23005e-07 -2.85825e-07 
-2.28669e-07 4.97531e-08 -3.52105e-07 
0.00325052 -0.00055924 0.00190033 
0.00149979 -0.000209931 0.00107861 
0.000653763 -0.000121817 0.000559856 
0.000261389 -3.35496e-05 0.000255244 
7.418e-05 9.7994e-06 9.72688e-05 
-4.44917e-06 2.65777e-05 1.77361e-05 
-2.2476e-05 3.20718e-05 -2.11048e-05 
-1.62159e-05 2.91997e-05 -3.26232e-05 
-8.18391e-06 2.01776e-05 -2.64534e-05 
-4.7987e-06 9.99386e-06 -1.40792e-05 
-4.43232e-06 2.28885e-06 -3.60696e-06 
-4.48279e-06 -1.92816e-06 2.2783e-06 
-3.85667e-06 -3.40508e-06 4.31493e-06 
-2.7345e-06 -3.31727e-06 4.10549e-06 
-1.57979e-06 -2.57962e-06 2.98796e-06 
-6.65856e-07 -1.73949e-06 1.78796e-06 
-6.65307e-08 -1.04881e-06 8.64051e-07 
2.56041e-07 -5.65826e-07 2.73673e-07 
3.82674e-07 -2.59572e-07 -5.15147e-08 
3.93804e-07 -7.83996e-08 -2.00991e-07 
3.49429e-07 2.10162e-08 -2.46151e-07 
2.86197e-07 6.94597e-08 -2.35429e-07 
2.22999e-07 8.73897e-08 -1.99197e-07 
1.68068e-07 8.81086e-08 -1.55075e-07 
1.2385e-07 8.00864e-08 -1.12571e-07 
8.99571e-08 6.84483e-08 -7.58724e-08 
6.48761e-08 5.60682e-08 -4.62127e-08 
4.68337e-08 4.45008e-08 -2.33935e-08 
3.41301e-08 3.4383e-08 -6.3966e-09 
2.53405e-08 2.58749e-08 5.90972e-09 
1.93485e-08 1.89201e-08 1.45899e-08 
1.53335e-08 1.33008e-08 2.05943e-08 
1.27013e-08 8.81664e-09 2.46391e-08 
1.10113e-08 5.2596e-09 2.72527e-08 
9.99041e-09 2.4488e-09 2.88926e-08 
9.43474e-09 2.61449e-10 2.97906e-08 
9.1803e-09 -1.4194e-09 3.01723e-08 
9.14749e-09 -2.6675e-09 3.01511e-08 
9.257e-09 -3.54701e-09 2.98212e-08 
9.45598e-09 -4.09318e-09 2.92057e-08 
9.69184e-09 -4.33128e-09 2.83321e-08 
9.92566e-09 -4.28996e-09 2.71853e-08 
1.01544e-08 -3.97957e-09 2.579e-08 
1.03062e-08 -3.40601e-09 2.40979e-08 
1.03985e-08 -2.58205e-09 2.21271e-08 
1.04135e-08 -1.50093e-09 1.98959e-08 
1.03938e-08 -1.79811e-10 1.75299e-08 
1.02016e-08 1.70712e-09 1.52119e-08 
1.21813e-08 -6.2363e-11 1.98263e-08 
1.07165e-09 1.3377e-08 2.67502e-08 
0.000599531 -0.000160481 0.000535746 
0.000119307 -1.13614e-05 0.000185182 
-1.99489e-05 1.46978e-05 3.97653e-05 
-3.98918e-05 2.58288e-05 -1.85666e-05 
-2.45717e-05 2.32761e-05 -3.16827e-05 
-1.00193e-05 1.26022e-05 -2.03028e-05 
-3.7417e-06 2.45579e-06 -5.72937e-06 
-1.87667e-06 -2.65973e-06 2.13133e-06 
-9.59089e-07 -3.50129e-06 3.7683e-06 
-1.71881e-07 -2.43159e-06 2.5356e-06 
3.69488e-07 -1.12656e-06 9.13991e-07 
5.9914e-07 -2.63723e-07 -8.81126e-08 
5.83981e-07 1.32476e-07 -4.62523e-07 
4.47564e-07 2.51018e-07 -4.89596e-07 
2.9166e-07 2.46457e-07 -3.84081e-07 
1.65756e-07 2.0038e-07 -2.56993e-07 
8.07208e-08 1.49079e-07 -1.53025e-07 
3.02814e-08 1.05454e-07 -8.14546e-08 
3.853e-09 7.18571e-08 -3.695e-08 
-8.10015e-09 4.70707e-08 -1.13191e-08 
-1.23008e-08 2.93107e-08 2.1835e-09 
-1.27811e-08 1.70414e-08 8.22918e-09 
-1.16917e-08 8.93258e-09 9.92435e-09 
-1.00838e-08 3.86295e-09 9.27831e-09 
-8.43161e-09 9.00019e-10 7.5647e-09 
-6.93247e-09 -6.82244e-10 5.54833e-09 
-5.65391e-09 -1.40712e-09 3.62356e-09 
-4.6016e-09 -1.64063e-09 1.98428e-09 
-3.75365e-09 -1.61613e-09 6.87667e-10 
-3.08146e-09 -1.47157e-09 -2.89879e-10 
-2.55201e-09 -1.28768e-09 -9.91519e-10 
-2.13877e-09 -1.10516e-09 -1.47467e-09 
-1.81723e-09 -9.42283e-10 -1.7916e-09 
-1.56945e-09 -8.06353e-10 -1.98367e-09 
-1.37778e-09 -6.97089e-10 -2.08784e-09 
-1.23293e-09 -6.12848e-10 -2.12768e-09 
-1.12099e-09 -5.52193e-10 -2.12035e-09 
-1.03712e-09 -5.10967e-10 -2.07979e-09 
-9.71594e-10 -4.87932e-10 -2.0134e-09 
-9.2103e-10 -4.80425e-10 -1.92611e-09 
-8.77739e-10 -4.8792e-10 -1.8204e-09 
-8.40466e-10 -5.07417e-10 -1.6982e-09 
-8.03017e-10 -5.39369e-10 -1.56026e-09 
-7.63843e-10 -5.80328e-10 -1.40806e-09 
-7.20006e-10 -6.31036e-10 -1.24236e-09 
-6.67726e-10 -6.90351e-10 -1.06599e-09 
-6.00156e-10 -7.60953e-10 -8.87434e-10 
-5.15856e-10 -8.25208e-10 -7.29407e-10 
-3.62675e-10 -9.3883e-10 -8.83286e-10 
1.11707e-09 -8.54758e-10 -1.87973e-09 
-3.13921e-05 1.64438e-05 1.27969e-05 
-5.1244e-05 2.38203e-05 -3.72323e-05 
-2.07797e-05 1.14649e-05 -2.41315e-05 
-4.89709e-06 1.63214e-06 -6.04625e-06 
-4.21461e-07 -2.39102e-06 1.75974e-06 
3.37766e-07 -2.03797e-06 2.2697e-06 
3.06298e-07 -6.43757e-07 6.16039e-07 
2.18465e-07 1.79479e-07 -3.90879e-07 
1.25993e-07 3.43269e-07 -5.07803e-07 
2.9172e-08 2.43083e-07 -2.97537e-07 
-3.75468e-08 1.26915e-07 -9.96568e-08 
-6.35515e-08 5.90073e-08 1.70368e-09 
-6.07587e-08 2.82182e-08 3.24222e-08 
-4.54835e-08 1.32782e-08 3.34482e-08 
-2.93521e-08 3.65991e-09 2.68851e-08 
-1.72754e-08 -2.91182e-09 1.99302e-08 
-9.67211e-09 -6.61008e-09 1.4167e-08 
-5.33954e-09 -7.88813e-09 9.71454e-09 
-2.98095e-09 -7.53921e-09 6.37508e-09 
-1.68646e-09 -6.35082e-09 3.94245e-09 
-9.34112e-10 -4.91722e-09 2.25197e-09 
-4.63756e-10 -3.58679e-09 1.15364e-09 
-1.54761e-10 -2.50628e-09 4.99708e-10 
4.84173e-11 -1.69964e-09 1.54916e-10 
1.76253e-10 -1.13127e-09 7.08667e-12 
2.48787e-10 -7.46509e-10 -2.87903e-11 
2.81817e-10 -4.93939e-10 -8.88979e-12 
2.88879e-10 -3.3071e-10 3.19345e-11 
2.79018e-10 -2.26189e-10 7.45526e-11 
2.59555e-10 -1.58922e-10 1.10187e-10 
2.35567e-10 -1.14933e-10 1.36163e-10 
2.10128e-10 -8.51937e-11 1.52452e-10 
1.85321e-10 -6.42803e-11 1.60703e-10 
1.6217e-10 -4.87179e-11 1.62533e-10 
1.41149e-10 -3.66345e-11 1.59667e-10 
1.22672e-10 -2.67757e-11 1.5372e-10 
1.06214e-10 -1.83491e-11 1.45255e-10 
9.19885e-11 -1.09851e-11 1.35474e-10 
7.94028e-11 -4.36634e-12 1.24609e-10 
6.83976e-11 1.62165e-12 1.13228e-10 
5.84145e-11 7.16004e-12 1.0133e-10 
4.9453e-11 1.22316e-11 8.93279e-11 
4.09077e-11 1.69855e-11 7.70414e-11 
3.2882e-11 2.12619e-11 6.49221e-11 
2.49958e-11 2.52255e-11 5.29269e-11 
1.70987e-11 2.87286e-11 4.13631e-11 
8.41794e-12 3.20616e-11 3.04358e-11 
1.47055e-12 3.02925e-11 2.38429e-11 
-3.06125e-11 5.47631e-11 2.30948e-11 
-7.84529e-11 -8.66897e-11 1.15295e-10 
0.00112244 8.90947e-05 -0.00152346 
0.000819454 -0.00101524 -0.000697262 
0.00145202 -0.00111922 -0.00119274 
0.00197271 -0.00140852 -0.00158661 
0.00258595 -0.00174482 -0.00202156 
0.00329297 -0.00211402 -0.00250513 
0.00408821 -0.00251713 -0.00304157 
0.00497068 -0.00295765 -0.00363081 
0.00594423 -0.00343693 -0.00427258 
0.00701291 -0.00395447 -0.00496859 
0.00818031 -0.00451204 -0.00572132 
0.00944662 -0.00510943 -0.00652864 
0.0108162 -0.00574538 -0.00739287 
0.0122865 -0.00641938 -0.00831103 
0.0138555 -0.00712623 -0.00928224 
0.0155153 -0.00786523 -0.010301 
0.0172598 -0.00863001 -0.0113629 
0.0190759 -0.00941444 -0.0124608 
0.02095 -0.010215 -0.0135845 
0.0228707 -0.0110204 -0.0147285 
0.0248127 -0.0118231 -0.0158793 
0.0267552 -0.0126167 -0.0170239 
0.0286811 -0.0133929 -0.0181497 
0.0305621 -0.0141316 -0.0192455 
0.0323663 -0.0148359 -0.0202895 
0.0340801 -0.0154862 -0.0212769 
0.0356622 -0.016078 -0.0221805 
0.0371025 -0.0165962 -0.0229991 
0.0383591 -0.0170393 -0.0237031 
0.0394236 -0.0173852 -0.0242938 
0.0402537 -0.0176367 -0.0247448 
0.040843 -0.0177855 -0.0250502 
0.0411681 -0.0178185 -0.0251976 
0.0412201 -0.0177341 -0.0251844 
0.0409704 -0.0175316 -0.0249903 
0.0404241 -0.0172026 -0.0246189 
0.0395598 -0.016743 -0.024059 
0.0383861 -0.0161612 -0.0233124 
0.0368943 -0.0154448 -0.022377 
0.0350887 -0.0146079 -0.0212534 
0.0329828 -0.013648 -0.0199503 
0.0305692 -0.0125712 -0.0184631 
0.0278826 -0.0113857 -0.0168121 
0.0249457 -0.0101038 -0.0150122 
0.0217726 -0.00873914 -0.0130723 
0.0184286 -0.00731743 -0.0110283 
0.0149582 -0.00585366 -0.00890766 
0.0114311 -0.00438443 -0.00675002 
0.0079437 -0.00294827 -0.00459713 
0.00459253 -0.00153679 -0.0024477 
0.00136952 -0.00054181 -0.000982113 
0.00449026 -0.00172297 -0.00121451 
0.00683401 -0.00169699 -0.00155251 
0.00895142 -0.00198011 -0.00193954 
0.0112263 -0.0023012 -0.00232156 
0.0137275 -0.0026445 -0.00271755 
0.0164688 -0.00300198 -0.00313203 
0.0194523 -0.00337405 -0.00356544 
0.02268 -0.00375916 -0.00401681 
0.0261556 -0.00415765 -0.00448527 
0.0298809 -0.0045678 -0.00496647 
0.0338548 -0.00498406 -0.00545968 
0.0380724 -0.00540661 -0.00596072 
0.0425261 -0.00582949 -0.00646761 
0.0471977 -0.0062485 -0.00697515 
0.0520673 -0.00665988 -0.00748105 
0.0571052 -0.00705777 -0.00797967 
0.0622775 -0.00743784 -0.00846789 
0.0675438 -0.00779543 -0.00894205 
0.0728575 -0.00812619 -0.00939521 
0.0781676 -0.00842329 -0.00982501 
0.0834165 -0.00868471 -0.0102273 
0.088546 -0.00890571 -0.0105971 
0.0934947 -0.00908231 -0.0109341 
0.0981907 -0.00921264 -0.0112332 
0.102573 -0.00929557 -0.0114879 
0.106572 -0.00932082 -0.011699 
0.11013 -0.0093014 -0.0118628 
0.11318 -0.00922017 -0.011978 
0.11566 -0.00908845 -0.0120389 
0.117514 -0.0088977 -0.0120471 
0.11869 -0.00865435 -0.0119965 
0.119148 -0.00835425 -0.0118908 
0.118843 -0.00800373 -0.0117185 
0.117745 -0.00759274 -0.0114857 
0.115829 -0.00713555 -0.0111897 
0.113072 -0.00662436 -0.0108308 
0.109466 -0.00607066 -0.0104034 
0.105014 -0.00546776 -0.00991417 
0.0997166 -0.00482729 -0.0093577 
0.0936035 -0.00415038 -0.008737 
0.0866927 -0.00343677 -0.00805863 
0.0790366 -0.00270882 -0.00732469 
0.0707024 -0.00196658 -0.00653494 
0.0617708 -0.00121774 -0.00570477 
0.0523543 -0.000490104 -0.00483397 
0.0425925 0.000217176 -0.00393395 
0.032647 0.000879297 -0.00301111 
0.0227077 0.00149725 -0.00206575 
0.0128033 0.00217147 -0.00107331 
0.00363894 0.0018902 -0.000172366 
0.0095266 -0.00220719 -0.00143084 
0.0131443 -0.00224673 -0.00170871 
0.0166097 -0.00244833 -0.00200174 
0.0202215 -0.00271112 -0.00228745 
0.0240795 -0.0029904 -0.00256966 
0.028213 -0.00327287 -0.00284935 
0.0326274 -0.00355509 -0.00312716 
0.03732 -0.0038346 -0.00340189 
0.042287 -0.00411032 -0.00367061 
0.0475207 -0.00437769 -0.00393156 
0.0530076 -0.00463444 -0.00418129 
0.0587336 -0.00487771 -0.00441832 
0.0646753 -0.00510313 -0.00463784 
0.0708044 -0.00530573 -0.00483914 
0.0770874 -0.00548485 -0.00501955 
0.0834815 -0.00563386 -0.00517714 
0.0899411 -0.00575283 -0.00531073 
0.0964158 -0.00583826 -0.00541967 
0.102846 -0.00588716 -0.00550363 
0.109171 -0.00589993 -0.00556247 
0.115327 -0.00587485 -0.00559637 
0.121248 -0.0058121 -0.00560755 
0.126863 -0.00571174 -0.0055934 
0.132107 -0.00557213 -0.00555925 
0.136905 -0.00539607 -0.00550581 
0.141186 -0.00518453 -0.00543435 
0.144889 -0.00494232 -0.00534462 
0.147948 -0.00466401 -0.00523974 
0.150299 -0.00435611 -0.00512074 
0.151883 -0.00401954 -0.00498791 
0.152648 -0.00365581 -0.00484352 
0.152549 -0.00327034 -0.00468586 
0.151541 -0.00285826 -0.00451749 
0.149587 -0.00242913 -0.00433764 
0.146666 -0.00198372 -0.00414539 
0.142759 -0.00152172 -0.00394245 
0.137851 -0.00104809 -0.00372867 
0.131945 -0.000568545 -0.00350253 
0.125053 -8.20643e-05 -0.00326695 
0.117198 0.000401052 -0.00302052 
0.108417 0.000879598 -0.00276567 
0.0987704 0.00134244 -0.00250166 
0.0883315 0.00178693 -0.00223039 
0.0772 0.00219979 -0.00195148 
0.0655032 0.00257495 -0.00166526 
0.0533902 0.00290386 -0.00137075 
0.0410336 0.00318055 -0.00106451 
0.0286018 0.00342344 -0.000738736 
0.0160744 0.00370748 -0.000390413 
0.00464966 0.00265392 -0.000106836 
0.0153797 -0.00260731 -0.00158045 
0.0199293 -0.00264037 -0.00178072 
0.0243922 -0.00278642 -0.00198801 
0.0289798 -0.00298477 -0.00218903 
0.0337892 -0.00319587 -0.00237922 
0.0388512 -0.00340532 -0.00255816 
0.0441693 -0.00360643 -0.00272461 
0.0497372 -0.00379588 -0.002878 
0.0555404 -0.00397072 -0.00301561 
0.0615625 -0.00412846 -0.0031359 
0.0677816 -0.0042662 -0.00323768 
0.0741721 -0.00438238 -0.00331779 
0.0807025 -0.00447187 -0.00337596 
0.0873368 -0.004535 -0.00341137 
0.0940349 -0.004569 -0.00342276 
0.100751 -0.00457108 -0.00341099 
0.107436 -0.0045426 -0.00337665 
0.114039 -0.00448193 -0.00332002 
0.120503 -0.00438853 -0.0032436 
0.126771 -0.00426324 -0.00314827 
0.132782 -0.00410709 -0.00303716 
0.138477 -0.00392194 -0.00291167 
0.143794 -0.00370662 -0.00277565 
0.14867 -0.00346614 -0.00262964 
0.153045 -0.00319914 -0.00247719 
0.156857 -0.00290889 -0.00232166 
0.160048 -0.00259837 -0.0021637 
0.162561 -0.00226759 -0.00200581 
0.164339 -0.00191937 -0.00185014 
0.16533 -0.00155549 -0.00169813 
0.165487 -0.00117941 -0.00155127 
0.164767 -0.000792247 -0.00140986 
0.163129 -0.000395689 -0.00127561 
0.160542 6.15593e-06 -0.00114914 
0.156981 0.000410893 -0.0010303 
0.152429 0.000816223 -0.000919485 
0.146877 0.00121953 -0.000817234 
0.140325 0.00161612 -0.000723663 
0.132786 0.00200225 -0.000638721 
0.124286 0.00237345 -0.0005626 
0.114865 0.0027245 -0.000495019 
0.104582 0.00304988 -0.00043549 
0.0935101 0.0033439 -0.000382822 
0.081748 0.00359923 -0.000335778 
0.0694155 0.00381058 -0.000290959 
0.0566532 0.00397324 -0.000245266 
0.0436168 0.00408651 -0.000193469 
0.0304453 0.00417111 -0.000130001 
0.017119 0.00426953 -5.46863e-05 
0.0051486 0.00277602 1.98897e-05 
0.021761 -0.00287741 -0.0016711 
0.0269603 -0.00290398 -0.00180919 
0.032116 -0.00300868 -0.00195049 
0.0373771 -0.00314874 -0.00208389 
0.0428178 -0.00329817 -0.00220425 
0.0484635 -0.003442 -0.00230986 
0.0543124 -0.00357299 -0.00239979 
0.060352 -0.00368841 -0.00247263 
0.0665619 -0.00378403 -0.00252734 
0.0729177 -0.00385925 -0.00256266 
0.0793928 -0.0039117 -0.00257753 
0.0859554 -0.00393937 -0.00257177 
0.0925705 -0.00394146 -0.00254535 
0.0992002 -0.00391728 -0.00249789 
0.105804 -0.00386539 -0.00243035 
0.112338 -0.00378645 -0.00234446 
0.118757 -0.00368082 -0.0022406 
0.125014 -0.00354812 -0.00212105 
0.131061 -0.00339008 -0.00198734 
0.136847 -0.00320694 -0.00184299 
0.142322 -0.00300105 -0.00168891 
0.147436 -0.00277313 -0.00152766 
0.152135 -0.0025241 -0.00136164 
0.15637 -0.00225607 -0.00119405 
0.160087 -0.00197076 -0.00102616 
0.163237 -0.00166988 -0.000860402 
0.16577 -0.00135414 -0.00069873 
0.167636 -0.00102595 -0.000543198 
0.168787 -0.000686756 -0.000395286 
0.169178 -0.000338193 -0.000256809 
0.168768 1.71774e-05 -0.000128775 
0.167517 0.00037828 -1.23335e-05 
0.16539 0.000742419 9.13327e-05 
0.162358 0.00110718 0.000181617 
0.158399 0.00147 0.000257824 
0.153496 0.00182822 0.000319829 
0.147643 0.00217905 0.000367036 
0.14084 0.00251846 0.000398999 
0.133101 0.00284294 0.000416343 
0.124452 0.00314798 0.000418912 
0.114932 0.00342947 0.00040719 
0.104593 0.00368276 0.000382589 
0.0935071 0.00390324 0.000346349 
0.0817621 0.00408576 0.000301966 
0.0694658 0.00422683 0.000251906 
0.0567429 0.00432262 0.000200799 
0.0437314 0.00437347 0.000152196 
0.0305493 0.00439845 0.000110302 
0.0171797 0.00441941 7.60758e-05 
0.00532988 0.002662 8.24782e-05 
0.0284209 -0.00305056 -0.00171019 
0.0340704 -0.00306685 -0.00180637 
0.0396917 -0.00313814 -0.00190085 
0.0453937 -0.00323306 -0.00198589 
0.0512297 -0.00333242 -0.00205853 
0.0572148 -0.00342408 -0.00211643 
0.0633418 -0.00350138 -0.00215857 
0.0695931 -0.00356129 -0.002184 
0.0759438 -0.00360082 -0.00219215 
0.0823663 -0.00361955 -0.00218272 
0.0888304 -0.00361609 -0.00215534 
0.0953036 -0.00358986 -0.00211023 
0.101751 -0.00354039 -0.00204773 
0.108137 -0.00346742 -0.00196875 
0.114422 -0.00337156 -0.00187456 
0.12057 -0.00325359 -0.00176595 
0.126539 -0.00311313 -0.00164476 
0.13229 -0.00295216 -0.00151297 
0.137781 -0.00277106 -0.00137192 
0.142972 -0.0025715 -0.00122321 
0.147821 -0.00235328 -0.00106927 
0.152285 -0.00211892 -0.000911986 
0.156321 -0.00186884 -0.000753195 
0.159888 -0.00160483 -0.000594461 
0.162942 -0.00132699 -0.000437982 
0.16544 -0.00103766 -0.000285107 
0.16734 -0.000737223 -0.000137798 
0.1686 -0.000427495 2.5514e-06 
0.16918 -0.000109472 0.000134411 
0.169039 0.000215123 0.000256431 
0.168142 0.000544622 0.000367239 
0.166453 0.00087759 0.000465914 
0.163943 0.00121155 0.000551243 
0.160586 0.00154455 0.00062237 
0.156361 0.00187412 0.000678946 
0.151255 0.00219768 0.000719965 
0.145262 0.00251195 0.000744911 
0.138384 0.00281393 0.000754287 
0.130634 0.00310027 0.000747061 
0.122037 0.00336632 0.000724254 
0.112629 0.00360931 0.000686658 
0.10246 0.00382547 0.000635279 
0.0915912 0.00401098 0.000572399 
0.0801008 0.00416293 0.000500526 
0.0680826 0.00427712 0.000423069 
0.0556463 0.00435134 0.000343581 
0.0429152 0.0043839 0.000265177 
0.0299934 0.00439324 0.00019068 
0.016866 0.00438475 0.000120026 
0.00537952 0.00244799 0.000124772 
0.0352014 -0.00316358 -0.00172788 
0.041164 -0.0031695 -0.0017973 
0.0470976 -0.00321634 -0.00186317 
0.0530846 -0.00327986 -0.00192001 
0.0591626 -0.0033447 -0.00196582 
0.0653374 -0.0034004 -0.00199899 
0.0715954 -0.0034414 -0.00201804 
0.0779153 -0.00346517 -0.00202259 
0.0842699 -0.00346967 -0.0020124 
0.0906299 -0.00345462 -0.00198696 
0.0969647 -0.00341913 -0.00194665 
0.103242 -0.0033633 -0.00189162 
0.10943 -0.00328725 -0.00182287 
0.115495 -0.00319143 -0.00174122 
0.121404 -0.00307652 -0.00164758 
0.127122 -0.00294288 -0.00154299 
0.132616 -0.00279132 -0.00142896 
0.137852 -0.00262324 -0.00130657 
0.142795 -0.00243844 -0.00117746 
0.147412 -0.00223884 -0.00104328 
0.151666 -0.0020246 -0.0009051 
0.155523 -0.00179693 -0.000764137 
0.158947 -0.00155623 -0.000622197 
0.161903 -0.00130372 -0.00048051 
0.164354 -0.00103991 -0.000340595 
0.166264 -0.000766057 -0.000203833 
0.167597 -0.000482989 -7.15698e-05 
0.168317 -0.000191748 5.47906e-05 
0.168389 0.000106528 0.000173944 
0.16778 0.000410446 0.00028456 
0.166457 0.000718454 0.000385552 
0.16439 0.00102932 0.000475613 
0.161555 0.00134047 0.00055373 
0.157928 0.0016504 0.000619117 
0.153493 0.00195675 0.000670695 
0.148237 0.00225642 0.000707934 
0.142158 0.00254706 0.000730495 
0.135258 0.00282608 0.000737724 
0.127551 0.00308902 0.000729711 
0.11906 0.00333353 0.000706795 
0.109817 0.00355649 0.000669628 
0.0998677 0.00375492 0.000619742 
0.0892656 0.00392636 0.000558826 
0.0780767 0.00406863 0.000490043 
0.0663821 0.00417848 0.000416605 
0.054278 0.00425276 0.000341265 
0.0418767 0.00428838 0.000266199 
0.0292736 0.00430192 0.000193399 
0.0164589 0.00428581 0.000121082 
0.00537692 0.00222065 0.000155231 
0.0420564 -0.00325147 -0.00175251 
0.0482519 -0.0032526 -0.00181055 
0.0544134 -0.00328701 -0.00186511 
0.0606058 -0.00333388 -0.00191272 
0.0668526 -0.0033797 -0.00195134 
0.0731508 -0.00341541 -0.00197894 
0.0794817 -0.00343613 -0.00199505 
0.0858201 -0.00344039 -0.00199857 
0.0921378 -0.00342647 -0.00198938 
0.0984044 -0.00339401 -0.00196736 
0.10459 -0.00334322 -0.00193273 
0.110663 -0.00327405 -0.00188594 
0.116595 -0.00318742 -0.00182747 
0.122355 -0.00308356 -0.00175833 
0.127913 -0.00296279 -0.00167865 
0.13324 -0.00282603 -0.00159015 
0.138307 -0.00267429 -0.00149376 
0.143084 -0.00250784 -0.00138971 
0.147541 -0.00232715 -0.00127959 
0.151651 -0.00213343 -0.00116391 
0.155382 -0.00192616 -0.00104388 
0.158705 -0.00170682 -0.00092082 
0.16159 -0.00147592 -0.00079557 
0.164005 -0.00123381 -0.000669109 
0.16592 -0.000981422 -0.00054296 
0.167304 -0.000719467 -0.000418045 
0.168126 -0.000448819 -0.000295619 
0.168356 -0.000170427 -0.000177053 
0.167965 0.000114589 -6.36154e-05 
0.166923 0.000404875 4.34365e-05 
0.165204 0.000699168 0.000142876 
0.162782 0.00099574 0.000233355 
0.159636 0.00129271 0.000313995 
0.155748 0.00158846 0.000383609 
0.151103 0.00188032 0.000441256 
0.145695 0.00216604 0.000486262 
0.139519 0.00244316 0.000518129 
0.132582 0.00270875 0.000536059 
0.124897 0.00295946 0.000540228 
0.116486 0.00319317 0.000530915 
0.10738 0.0034069 0.000508143 
0.0976162 0.00359913 0.000473792 
0.0872424 0.00376786 0.00042969 
0.076313 0.00391248 0.000378594 
0.0648954 0.00402962 0.000323733 
0.0530747 0.0041149 0.000267502 
0.0409551 0.00416398 0.000211897 
0.0286279 0.00419083 0.000157664 
0.0160927 0.00417802 0.000101144 
0.00536137 0.0020173 0.000178092 
0.0490524 -0.00335082 -0.00181418 
0.0554581 -0.00335773 -0.00187619 
0.0618309 -0.00339311 -0.0019363 
0.068219 -0.00343765 -0.00199137 
0.0746329 -0.00347819 -0.00203923 
0.08106 -0.00350723 -0.00207808 
0.0874764 -0.0035214 -0.00210666 
0.0938539 -0.00351877 -0.00212428 
0.100162 -0.00349883 -0.00213064 
0.106371 -0.00346113 -0.00212547 
0.11245 -0.0034064 -0.00210908 
0.11837 -0.00333473 -0.00208174 
0.124104 -0.00324701 -0.00204381 
0.129624 -0.0031435 -0.00199545 
0.134903 -0.00302406 -0.00193784 
0.139914 -0.00289046 -0.00187085 
0.144632 -0.00274239 -0.00179506 
0.14903 -0.00257964 -0.00171132 
0.153082 -0.00240363 -0.00162004 
0.156761 -0.0022141 -0.00152154 
0.160043 -0.00201139 -0.00141704 
0.1629 -0.00179673 -0.00130712 
0.165307 -0.00156996 -0.00119257 
0.167236 -0.00133196 -0.0010749 
0.168662 -0.00108367 -0.000954472 
0.169559 -0.000825604 -0.000833172 
0.169901 -0.000558911 -0.000711867 
0.169662 -0.000284674 -0.000592071 
0.168818 -4.0049e-06 -0.000475015 
0.167346 0.000281694 -0.00036229 
0.165224 0.000571083 -0.000255036 
0.162432 0.00086244 -0.00015463 
0.158952 0.0011541 -6.23742e-05 
0.154772 0.00144409 2.0617e-05 
0.14988 0.00173021 9.33681e-05 
0.144272 0.00201018 0.000154956 
0.137948 0.0022817 0.000204515 
0.130916 0.00254174 0.000241711 
0.123189 0.00278805 0.000266425 
0.114789 0.00301814 0.000278243 
0.105745 0.00322956 0.000278134 
0.0960905 0.0034224 0.000266816 
0.0858631 0.00359523 0.000246671 
0.0751075 0.00374826 0.000220096 
0.0638782 0.00387851 0.000190205 
0.0522492 0.00398049 0.000159788 
0.0403174 0.00404858 0.000130401 
0.0281737 0.00409315 0.000103071 
0.0158316 0.0040893 7.13669e-05 
0.00535198 0.00185491 0.000195628 
0.0563728 -0.00350088 -0.00194478 
0.0630269 -0.00352685 -0.00202734 
0.0696589 -0.00357764 -0.00210935 
0.0762979 -0.00363284 -0.00218837 
0.08294 -0.00368089 -0.00226141 
0.089563 -0.00371568 -0.00232645 
0.0961375 -0.00373465 -0.00238221 
0.102631 -0.00373634 -0.00242751 
0.109012 -0.00372082 -0.00246201 
0.115249 -0.00368776 -0.0024857 
0.121312 -0.00363803 -0.00249788 
0.127173 -0.00357161 -0.00249898 
0.132804 -0.00348897 -0.00248846 
0.13818 -0.00338995 -0.00246648 
0.143274 -0.00327489 -0.00243291 
0.148061 -0.00314394 -0.00238774 
0.152516 -0.00299736 -0.00233117 
0.156615 -0.00283474 -0.00226311 
0.160332 -0.00265671 -0.00218356 
0.163645 -0.00246366 -0.00209416 
0.166528 -0.00225638 -0.00199473 
0.168961 -0.00203558 -0.00188639 
0.17092 -0.00180131 -0.00177 
0.172383 -0.00155561 -0.00164698 
0.173328 -0.00129852 -0.00151888 
0.173735 -0.00103235 -0.00138714 
0.173583 -0.000757268 -0.00125328 
0.172853 -0.000475433 -0.00111889 
0.171525 -0.000187737 -0.000985792 
0.169584 0.000104005 -0.000855214 
0.167012 0.000398564 -0.000729173 
0.163795 0.000694011 -0.000609003 
0.159921 0.000988631 -0.000495912 
0.155381 0.00128078 -0.000391335 
0.15017 0.00156823 -0.000296273 
0.144285 0.00184877 -0.000211765 
0.137731 0.0021204 -0.00013847 
0.130517 0.00238053 -7.6934e-05 
0.122657 0.00262701 -2.7635e-05 
0.114174 0.00285734 9.51811e-06 
0.105094 0.00307061 3.49607e-05 
0.0954476 0.00326661 4.94087e-05 
0.0852652 0.00344597 5.47815e-05 
0.07458 0.00360915 5.38853e-05 
0.0634348 0.00375361 4.9434e-05 
0.051892 0.00387314 4.39807e-05 
0.0400398 0.00396138 4.02732e-05 
0.0279667 0.00402604 4.08401e-05 
0.0157041 0.00403402 3.8204e-05 
0.00535694 0.00174215 0.000208844 
0.0643357 -0.00374552 -0.00218641 
0.0713393 -0.0038091 -0.00230782 
0.0783474 -0.00389137 -0.00243136 
0.0853601 -0.00397191 -0.00255356 
0.0923572 -0.00404148 -0.00267031 
0.0993067 -0.00409542 -0.00277924 
0.106172 -0.00413184 -0.00287841 
0.112916 -0.00414944 -0.00296668 
0.119505 -0.00414866 -0.00304258 
0.125904 -0.00412885 -0.00310525 
0.132083 -0.00408971 -0.00315369 
0.138011 -0.00403166 -0.00318688 
0.143658 -0.00395306 -0.00320324 
0.148998 -0.00385446 -0.00320277 
0.154002 -0.00373511 -0.0031841 
0.158644 -0.00359506 -0.00314718 
0.162898 -0.0034342 -0.00309081 
0.166741 -0.00325295 -0.00301687 
0.170149 -0.00305202 -0.0029253 
0.173099 -0.00283342 -0.00281659 
0.175575 -0.00259741 -0.00269352 
0.177555 -0.00234628 -0.00255677 
0.179024 -0.00208121 -0.00240966 
0.179964 -0.00180489 -0.00225309 
0.180362 -0.00151839 -0.00209031 
0.180204 -0.00122422 -0.00192286 
0.179478 -0.000923505 -0.00175397 
0.17817 -0.000618657 -0.00158525 
0.176269 -0.000310979 -0.00141888 
0.173765 -2.14429e-06 -0.00125706 
0.170649 0.000305987 -0.00110115 
0.166913 0.00061222 -0.000952808 
0.16255 0.000914884 -0.000813565 
0.157556 0.00121224 -0.000684392 
0.151929 0.00150256 -0.000566543 
0.145673 0.00178416 -0.000460193 
0.138792 0.00205525 -0.000366282 
0.131299 0.0023138 -0.000284902 
0.12321 0.00255776 -0.000216416 
0.114547 0.0027854 -0.000160703 
0.105335 0.00299603 -0.000117593 
0.0956014 0.0031904 -8.58404e-05 
0.0853694 0.00337047 -6.38464e-05 
0.0746625 0.00353723 -4.95801e-05 
0.0635125 0.0036875 -4.07679e-05 
0.0519715 0.00381505 -3.49351e-05 
0.0401145 0.00391563 -2.81747e-05 
0.0280152 0.00399803 -1.24731e-05 
0.0157155 0.00401938 8.63775e-06 
0.00537649 0.00168127 0.000217179 
0.0734445 -0.00414861 -0.00260546 
0.0809814 -0.00427662 -0.00279355 
0.0885687 -0.00441369 -0.002985 
0.0961643 -0.00453889 -0.00317588 
0.103727 -0.00464807 -0.00335985 
0.111211 -0.00473692 -0.00353255 
0.118572 -0.00480331 -0.00369088 
0.125763 -0.00484501 -0.00383108 
0.132743 -0.00486101 -0.00395045 
0.139472 -0.00484948 -0.00404556 
0.145909 -0.00480817 -0.00411328 
0.152018 -0.00473608 -0.00415042 
0.157763 -0.00463041 -0.0041555 
0.16311 -0.00449301 -0.00412674 
0.168028 -0.00432151 -0.00406344 
0.172488 -0.00411824 -0.00396583 
0.176466 -0.00388422 -0.00383675 
0.17994 -0.00362374 -0.00367737 
0.182893 -0.00333774 -0.00349168 
0.185311 -0.00303184 -0.00328425 
0.187183 -0.00270965 -0.00305838 
0.188504 -0.00237417 -0.00281983 
0.189266 -0.00203048 -0.00257264 
0.189467 -0.00168093 -0.00232192 
0.189104 -0.00132987 -0.00207143 
0.188174 -0.000979396 -0.00182556 
0.186677 -0.000632506 -0.00158721 
0.184611 -0.000290594 -0.00135964 
0.181973 4.44108e-05 -0.00114508 
0.178761 0.000371219 -0.000945258 
0.174973 0.000688962 -0.000761654 
0.170606 0.000996682 -0.000595208 
0.165658 0.00129361 -0.000446321 
0.16013 0.00157909 -0.000315432 
0.154023 0.00185219 -0.000202126 
0.14734 0.00211267 -0.000106289 
0.140089 0.00235894 -2.72885e-05 
0.132281 0.00259022 3.52948e-05 
0.123931 0.00280503 8.23938e-05 
0.115062 0.0030025 0.000114686 
0.105696 0.00318273 0.000133422 
0.0958571 0.00334734 0.000139167 
0.0855624 0.00349859 0.000133565 
0.0748286 0.00363712 0.000117434 
0.0636795 0.00375941 9.23102e-05 
0.0521589 0.00385921 5.96515e-05 
0.0403248 0.00393747 2.4417e-05 
0.0282114 0.00401428 2.03645e-06 
0.0158289 0.00404265 6.3026e-06 
0.00540315 0.00166442 0.000219252 
0.0845254 -0.00482171 -0.00332388 
0.0929027 -0.00505777 -0.00361687 
0.101398 -0.00527991 -0.00390926 
0.1099 -0.00547117 -0.0041929 
0.118334 -0.00563114 -0.00445389 
0.126633 -0.0057531 -0.00468418 
0.134728 -0.0058315 -0.00487395 
0.142554 -0.00585944 -0.00501531 
0.150047 -0.00583265 -0.00509952 
0.157148 -0.00574555 -0.00511994 
0.163799 -0.0055945 -0.00507138 
0.169947 -0.00537897 -0.00495125 
0.175547 -0.00509923 -0.00475906 
0.180562 -0.00475998 -0.00449671 
0.184964 -0.00436591 -0.00417134 
0.188732 -0.00392573 -0.00378975 
0.191859 -0.00344917 -0.00336199 
0.194343 -0.00294538 -0.00289911 
0.19619 -0.00242459 -0.00241299 
0.197414 -0.00189746 -0.00191486 
0.198033 -0.00137185 -0.00141631 
0.198064 -0.00085649 -0.000927496 
0.197531 -0.000357642 -0.000457662 
0.196452 0.00011938 -1.45396e-05 
0.194848 0.00057031 0.000395231 
0.192734 0.000992297 0.000766715 
0.190125 0.00138393 0.00109653 
0.187031 0.00174462 0.00138248 
0.183459 0.00207426 0.00162313 
0.179411 0.00237385 0.00181923 
0.17489 0.00264474 0.00197106 
0.169894 0.002888 0.00208049 
0.16442 0.00310622 0.00215005 
0.158465 0.00330016 0.0021824 
0.152027 0.00347166 0.00217996 
0.145103 0.00362292 0.00214678 
0.137695 0.00375418 0.00208586 
0.129809 0.00386613 0.00200051 
0.121455 0.00395992 0.00189381 
0.112647 0.00403478 0.00176853 
0.103403 0.0040925 0.00162653 
0.0937411 0.00413446 0.0014709 
0.0836755 0.00416301 0.00130109 
0.0732188 0.00417727 0.00111818 
0.0623918 0.00417415 0.000921617 
0.051231 0.0041481 0.00071382 
0.0397792 0.00410555 0.000498547 
0.0280177 0.00408454 0.000289461 
0.0158344 0.00406887 0.000127439 
0.00541366 0.00164749 0.000221941 
0.0989811 -0.00596446 -0.00452704 
0.108677 -0.00634769 -0.00494595 
0.118529 -0.00665542 -0.00532176 
0.128305 -0.00687222 -0.00563312 
0.137863 -0.00699502 -0.00585308 
0.147075 -0.00700781 -0.00595831 
0.155821 -0.00689406 -0.00592955 
0.163982 -0.00664401 -0.00575226 
0.171454 -0.00625267 -0.00541746 
0.17815 -0.00572341 -0.00492554 
0.183997 -0.00506473 -0.00428333 
0.188948 -0.00429386 -0.00350613 
0.19298 -0.00343124 -0.00261557 
0.196089 -0.00250188 -0.0016371 
0.198298 -0.00153184 -0.000597997 
0.199646 -0.000545016 0.000473473 
0.200186 0.000433948 0.00155003 
0.199984 0.001385 0.00260714 
0.19911 0.00229083 0.00362312 
0.197637 0.00313749 0.00457963 
0.195637 0.00391531 0.00546242 
0.193177 0.00461678 0.00625936 
0.190319 0.00523819 0.00696383 
0.187114 0.00577991 0.00757021 
0.183605 0.006241 0.00807707 
0.179829 0.00662365 0.00848246 
0.175806 0.00693373 0.0087903 
0.171553 0.00717445 0.0090013 
0.167078 0.00734984 0.00911971 
0.162374 0.00746844 0.00915133 
0.157437 0.00753351 0.00910104 
0.152253 0.00755068 0.00897493 
0.146804 0.00752652 0.00877773 
0.141072 0.00746339 0.00851691 
0.135036 0.00736745 0.00820035 
0.128678 0.0072431 0.0078314 
0.121979 0.00709184 0.00741842 
0.114928 0.00691668 0.0069667 
0.107517 0.00672031 0.00648158 
0.0997451 0.00650348 0.00596999 
0.0916168 0.00626861 0.00543625 
0.0831386 0.00601806 0.00488291 
0.0743211 0.00575015 0.00431227 
0.0651799 0.0054646 0.00372157 
0.0557313 0.0051599 0.00311311 
0.0459956 0.00483902 0.00249399 
0.0359986 0.00450744 0.00187135 
0.0257136 0.00419866 0.00123726 
0.0149022 0.00396345 0.000607602 
0.00528445 0.00152035 0.000287572 
0.118944 -0.00776681 -0.00623742 
0.130407 -0.00815043 -0.00657812 
0.141718 -0.00825301 -0.0066911 
0.152459 -0.00806169 -0.00653382 
0.16236 -0.00758087 -0.00607375 
0.171195 -0.00680783 -0.00530078 
0.17878 -0.00575976 -0.0042277 
0.184977 -0.0044715 -0.00288626 
0.189705 -0.0029911 -0.00132503 
0.192935 -0.00137617 0.000398204 
0.194695 0.000314321 0.00222099 
0.195059 0.00202149 0.0040816 
0.194141 0.00369365 0.00592398 
0.192086 0.00528535 0.00769728 
0.189052 0.00676117 0.00936303 
0.18521 0.00809599 0.0108893 
0.180728 0.00927104 0.0122551 
0.175767 0.0102812 0.0134492 
0.170473 0.0111251 0.0144667 
0.164975 0.0118095 0.0153118 
0.159384 0.0123434 0.0159884 
0.153791 0.0127381 0.0165093 
0.148268 0.0130103 0.016885 
0.142864 0.0131734 0.0171283 
0.137612 0.0132419 0.0172527 
0.132536 0.013227 0.0172714 
0.127636 0.013146 0.0171926 
0.122906 0.0130039 0.0170291 
0.118334 0.0128102 0.0167869 
0.113889 0.0125779 0.0164741 
0.109543 0.0123056 0.0160937 
0.10526 0.0120017 0.0156524 
0.101001 0.011669 0.015153 
0.096724 0.0113103 0.0145984 
0.092387 0.0109285 0.0139898 
0.0879496 0.0105219 0.013331 
0.0833738 0.0100943 0.0126238 
0.0786273 0.00964309 0.0118701 
0.0736796 0.00917127 0.0110755 
0.0685113 0.00867745 0.0102399 
0.0631055 0.00816174 0.00936889 
0.0574584 0.00762281 0.00846263 
0.051571 0.00705958 0.00752431 
0.0454573 0.00646977 0.00655658 
0.0391307 0.00585955 0.00555951 
0.0325788 0.00524183 0.00453938 
0.0257743 0.00462422 0.00351692 
0.0187168 0.00400621 0.00249438 
0.0113339 0.00341232 0.00139775 
0.0044895 0.00125958 0.000565481 
0.145567 -0.00926048 -0.00704891 
0.15761 -0.00858087 -0.00626321 
0.168063 -0.00728299 -0.00491531 
0.176486 -0.00549102 -0.00309636 
0.182626 -0.00334155 -0.000914916 
0.186372 -0.000959455 0.00150426 
0.187735 0.00152782 0.00403478 
0.186834 0.0040036 0.00655991 
0.183873 0.00636485 0.00897768 
0.179123 0.00852739 0.0112046 
0.172894 0.0104299 0.0131776 
0.165515 0.0120313 0.0148555 
0.15731 0.0133144 0.0162153 
0.148585 0.0142785 0.0172617 
0.139621 0.0149419 0.0180026 
0.130646 0.0153335 0.0184658 
0.121855 0.0154868 0.0186881 
0.113396 0.0154458 0.0187046 
0.105372 0.0152486 0.0185576 
0.0978538 0.0149352 0.0182804 
0.0908825 0.0145329 0.0179077 
0.084473 0.0140761 0.0174682 
0.0786152 0.0135884 0.0169888 
0.0732965 0.0130861 0.0164839 
0.0684822 0.012585 0.0159696 
0.064138 0.0120926 0.0154557 
0.060222 0.0116174 0.0149488 
0.05669 0.0111621 0.0144513 
0.0535031 0.0107245 0.0139644 
0.0506115 0.0103109 0.0134866 
0.0479735 0.00991204 0.0130169 
0.045549 0.0095305 0.0125491 
0.0432909 0.00916097 0.0120813 
0.041163 0.00879937 0.0116062 
0.0391238 0.00844212 0.0111201 
0.0371372 0.00808486 0.0106172 
0.0351672 0.00772372 0.0100925 
0.0331831 0.00735371 0.00954297 
0.0311551 0.00697373 0.00896266 
0.0290582 0.00657674 0.0083516 
0.0268755 0.00616297 0.00770593 
0.0245955 0.00572654 0.00702666 
0.0222161 0.00526778 0.00631298 
0.0197402 0.00478459 0.00556725 
0.0171765 0.00427882 0.00478964 
0.0145087 0.00376236 0.0039747 
0.0116572 0.00325286 0.00312109 
0.00855977 0.00274216 0.00226657 
0.00529165 0.00215164 0.00141545 
0.00245312 0.000981175 0.000805626 
0.171052 -0.00579353 -0.00249365 
0.177584 -0.00269176 0.000402225 
0.180344 0.00059739 0.00348527 
0.179616 0.00384544 0.0065049 
0.175724 0.00687245 0.00930459 
0.169117 0.0095521 0.0117699 
0.16031 0.0117947 0.0138208 
0.149855 0.0135423 0.0154072 
0.138305 0.014775 0.0165087 
0.126183 0.0154988 0.0171346 
0.113951 0.0157568 0.017326 
0.101995 0.0156145 0.0171447 
0.090614 0.0151517 0.0166642 
0.0800084 0.0144567 0.0159601 
0.0703048 0.013601 0.0151075 
0.0615559 0.0126642 0.0141728 
0.0537611 0.0117 0.0132064 
0.0468842 0.0107491 0.012248 
0.04086 0.00984338 0.0113257 
0.0356142 0.0089976 0.0104573 
0.0310664 0.00822261 0.00965518 
0.0271383 0.00752262 0.00892231 
0.0237499 0.00689706 0.00825777 
0.0208335 0.00633825 0.00766199 
0.0183277 0.00584605 0.00712963 
0.0161756 0.00541197 0.00665604 
0.0143281 0.00503096 0.00623531 
0.0127429 0.00469606 0.00586195 
0.0113849 0.00440112 0.00553137 
0.0102208 0.00414327 0.00523647 
0.00922321 0.00391416 0.00497182 
0.00836832 0.00371035 0.0047335 
0.00763348 0.00352852 0.00451435 
0.00700043 0.00336167 0.00431057 
0.00645159 0.00320834 0.0041168 
0.00597111 0.00306336 0.00392841 
0.00554355 0.00292416 0.00374134 
0.00515661 0.00278682 0.00355105 
0.00479721 0.00264871 0.00335418 
0.00445445 0.00250723 0.00314724 
0.00412 0.00235926 0.00292799 
0.00378775 0.00220347 0.00269528 
0.00345481 0.0020385 0.00244902 
0.00312051 0.00186419 0.00218967 
0.00279034 0.00167849 0.00191872 
0.00247587 0.00148018 0.00162854 
0.00215735 0.00127824 0.00129661 
0.00174171 0.00106028 0.000907677 
0.00124926 0.000819286 0.000490842 
0.000884622 0.000171636 0.000239818 
0.172072 0.00454995 0.00717465 
0.166141 0.00813802 0.0100142 
0.156756 0.0109489 0.0122993 
0.144898 0.0130924 0.0140001 
0.131331 0.0145555 0.0150973 
0.116834 0.0153276 0.0155946 
0.102131 0.0154484 0.0155304 
0.0878441 0.0150048 0.0149865 
0.0744564 0.0141227 0.0140723 
0.0622909 0.0129419 0.0129137 
0.0515172 0.0116067 0.0116268 
0.0421717 0.0102302 0.0103088 
0.0342054 0.0088948 0.00902964 
0.0275036 0.00765657 0.00783443 
0.0219243 0.00654005 0.00674789 
0.0173151 0.00555741 0.00577813 
0.0135288 0.00470326 0.00492456 
0.010432 0.00396958 0.00418139 
0.00790566 0.00334463 0.00353809 
0.00584752 0.00281401 0.00298468 
0.00417212 0.00236561 0.00250987 
0.00280885 0.00198676 0.00210383 
0.00169963 0.00166765 0.00175738 
0.000796935 0.00139895 0.0014624 
6.2591e-05 0.00117306 0.0012119 
-0.000534259 0.00098337 0.000999651 
-0.00101847 0.000824534 0.00082038 
-0.0014097 0.000691857 0.000669722 
-0.00172373 0.000581511 0.000543742 
-0.00197304 0.000490186 0.000439186 
-0.00216703 0.000415271 0.00035368 
-0.00231338 0.000354367 0.000284256 
-0.00241802 0.000305328 0.000229025 
-0.00248496 0.000266596 0.000186466 
-0.00251762 0.000236465 0.000154328 
-0.00251853 0.000213696 0.000131507 
-0.00248979 0.00019671 0.00011589 
-0.00243269 0.000184578 0.000106736 
-0.00234868 0.000175991 0.000102022 
-0.00223889 0.000170007 0.000100863 
-0.00210423 0.00016589 0.000102341 
-0.00194595 0.00016302 0.000105422 
-0.0017656 0.000161326 0.000110017 
-0.00156469 0.000160479 0.000115944 
-0.00134205 0.000159282 0.000124091 
-0.0010822 0.000153503 0.000139472 
-0.000739104 0.0001363 0.000155528 
-0.000350892 0.000159165 0.000139689 
0.000447275 -0.000172591 0.000618492 
0.00206934 0.0173683 0.00174991 
0.136921 0.0131156 0.0130025 
0.121338 0.0144389 0.0138328 
0.104966 0.0149794 0.014027 
0.0886283 0.0147852 0.0136242 
0.0730738 0.0139414 0.0127062 
0.0589106 0.0126121 0.0114242 
0.0465163 0.0110079 0.00994861 
0.0360289 0.00932405 0.0084315 
0.0274021 0.00770457 0.00698269 
0.0204652 0.00623822 0.00566712 
0.0149877 0.00496358 0.00451369 
0.0107244 0.00388726 0.00352642 
0.00744506 0.00299485 0.00269715 
0.00494865 0.0022663 0.00200951 
0.00306664 0.00167607 0.00144472 
0.00166254 0.00120101 0.000984452 
0.00062807 0.000820394 0.000611549 
-0.000122829 0.000516688 0.000310879 
-0.000657524 0.00027519 6.94157e-05 
-0.00102882 8.40161e-05 -0.000123697 
-0.00127766 -6.67152e-05 -0.000277355 
-0.00143572 -0.000184783 -0.000398861 
-0.00152755 -0.00027639 -0.000494236 
-0.00157187 -0.000346663 -0.000568167 
-0.00158282 -0.000399545 -0.00062445 
-0.00157095 -0.000438463 -0.000666263 
-0.00154392 -0.000466216 -0.000696187 
-0.00150733 -0.000484833 -0.000716328 
-0.00146509 -0.000496256 -0.000728408 
-0.00141978 -0.000501707 -0.000733818 
-0.00137308 -0.00050244 -0.00073364 
-0.00132604 -0.000499032 -0.000728603 
-0.00127921 -0.000492084 -0.000719314 
-0.00123242 -0.000482414 -0.000706224 
-0.00118551 -0.00046982 -0.000689424 
-0.00113808 -0.000454678 -0.000669034 
-0.00108943 -0.000437235 -0.000645094 
-0.00103885 -0.000417424 -0.000617471 
-0.000985646 -0.000395164 -0.000585977 
-0.00092918 -0.000370515 -0.000550535 
-0.000868865 -0.000343529 -0.000511178 
-0.00080473 -0.000313937 -0.000467772 
-0.000737037 -0.000282082 -0.000420682 
-0.000666647 -0.000247922 -0.000370063 
-0.000594971 -0.000211609 -0.000315951 
-0.000524425 -0.000172722 -0.000256997 
-0.000458038 -0.000128062 -0.000182631 
-0.000418578 -5.3444e-05 -9.15549e-05 
-0.00096064 0.00031545 -0.000185252 
-0.00177654 -0.000371688 -0.000232155 
0.0851056 0.0144684 0.0123382 
0.0682353 0.0134217 0.0113183 
0.0530904 0.0119357 0.00992201 
0.0400768 0.0101094 0.00832591 
0.0294052 0.00820715 0.00671696 
0.0209918 0.00642733 0.00523057 
0.0145698 0.00487838 0.00393915 
0.00979667 0.00359795 0.00286479 
0.00633074 0.00257449 0.00200002 
0.00387207 0.00177682 0.00132116 
0.00217227 0.00116635 0.000799056 
0.00103387 0.000706538 0.000404686 
0.000302247 0.000365992 0.000112575 
-0.000141222 0.00011846 -9.85861e-05 
-0.000386292 -5.62833e-05 -0.000245481 
-0.000499762 -0.000173853 -0.000340698 
-0.000529386 -0.000247089 -0.000394714 
-0.000508479 -0.000286377 -0.000416404 
-0.000459863 -0.000300334 -0.000413754 
-0.000398757 -0.0002962 -0.000393998 
-0.000334908 -0.000279947 -0.000363449 
-0.000274096 -0.000256538 -0.000327442 
-0.000219415 -0.000229839 -0.000290111 
-0.000172118 -0.000202832 -0.000254349 
-0.000132286 -0.000177351 -0.000221811 
-9.93856e-05 -0.000154481 -0.000193242 
-7.2569e-05 -0.000134593 -0.000168689 
-5.09303e-05 -0.000117601 -0.000147779 
-3.35764e-05 -0.000103296 -0.000130039 
-1.96569e-05 -9.12873e-05 -0.000114893 
-8.50461e-06 -8.11617e-05 -0.000101863 
3.69323e-07 -7.25773e-05 -9.05644e-05 
7.43413e-06 -6.53116e-05 -8.06903e-05 
1.30419e-05 -5.91037e-05 -7.20007e-05 
1.74126e-05 -5.37343e-05 -6.42972e-05 
2.07594e-05 -4.90755e-05 -5.7425e-05 
2.32415e-05 -4.498e-05 -5.12591e-05 
2.49416e-05 -4.13403e-05 -4.56983e-05 
2.59567e-05 -3.80433e-05 -4.06261e-05 
2.63192e-05 -3.49975e-05 -3.59548e-05 
2.61162e-05 -3.21566e-05 -3.16369e-05 
2.53096e-05 -2.93911e-05 -2.76002e-05 
2.39503e-05 -2.66804e-05 -2.38197e-05 
2.20052e-05 -2.39461e-05 -2.0309e-05 
1.93815e-05 -2.11145e-05 -1.71376e-05 
1.56258e-05 -1.80914e-05 -1.46019e-05 
8.52768e-06 -1.45678e-05 -1.46862e-05 
-1.37878e-05 -9.47711e-06 -2.34026e-05 
-4.0923e-05 -3.80828e-05 -5.22e-05 
-5.65333e-05 2.03898e-05 -1.84626e-05 
0.0403398 0.0102003 0.00782453 
0.0286789 0.00816588 0.0061496 
0.0196418 0.00621936 0.00461042 
0.0129394 0.00452646 0.0032919 
0.00818343 0.003159 0.0022374 
0.00493623 0.00211077 0.00143136 
0.00280295 0.0013364 0.000836741 
0.00146045 0.000781639 0.000411865 
0.000658276 0.000396276 0.0001198 
0.000210296 0.000139454 -6.88544e-05 
-1.65844e-05 -1.96002e-05 -0.000176545 
-0.000112276 -0.000106007 -0.000222921 
-0.000135498 -0.000140853 -0.000226514 
-0.000123417 -0.000142476 -0.000204718 
-9.8093e-05 -0.000126139 -0.000172313 
-7.13328e-05 -0.000103386 -0.00013977 
-4.83212e-05 -8.11986e-05 -0.000111967 
-3.03601e-05 -6.21925e-05 -8.93839e-05 
-1.70519e-05 -4.64247e-05 -7.05497e-05 
-7.52637e-06 -3.32873e-05 -5.41849e-05 
-9.48631e-07 -2.23632e-05 -3.98077e-05 
3.36982e-06 -1.34692e-05 -2.74765e-05 
5.9897e-06 -6.48134e-06 -1.7299e-05 
7.4116e-06 -1.21732e-06 -9.24364e-06 
8.01292e-06 2.5847e-06 -3.12054e-06 
8.11025e-06 5.20486e-06 1.3686e-06 
7.90908e-06 6.92211e-06 4.53861e-06 
7.54272e-06 7.97403e-06 6.68787e-06 
7.09859e-06 8.542e-06 8.07471e-06 
6.62138e-06 8.776e-06 8.89897e-06 
6.13723e-06 8.78295e-06 9.32089e-06 
5.6612e-06 8.6353e-06 9.45761e-06 
5.20416e-06 8.38379e-06 9.39388e-06 
4.76952e-06 8.07019e-06 9.19311e-06 
4.36188e-06 7.71181e-06 8.89444e-06 
3.9774e-06 7.32525e-06 8.5318e-06 
3.61893e-06 6.91215e-06 8.11915e-06 
3.28522e-06 6.4776e-06 7.67289e-06 
2.9731e-06 6.02163e-06 7.19576e-06 
2.67485e-06 5.54192e-06 6.69161e-06 
2.39387e-06 5.03253e-06 6.15898e-06 
2.11897e-06 4.49914e-06 5.595e-06 
1.84944e-06 3.93703e-06 4.99827e-06 
1.58545e-06 3.34534e-06 4.36392e-06 
1.33084e-06 2.72665e-06 3.69325e-06 
1.10738e-06 2.06879e-06 2.99248e-06 
1.0762e-06 1.33888e-06 2.33374e-06 
1.75125e-06 2.11542e-07 2.1635e-06 
6.39587e-06 9.93004e-07 5.50855e-06 
-7.54206e-07 6.42512e-07 -9.922e-06 
0.0142902 0.00491566 0.00328227 
0.00874197 0.0033929 0.00219406 
0.00509046 0.00219289 0.00135997 
0.00279215 0.00133561 0.00075531 
0.00141949 0.000746317 0.000345026 
0.000644699 0.000362604 8.6875e-05 
0.000234195 0.000130558 -5.52962e-05 
3.53149e-05 6.63667e-06 -0.000114903 
-4.70767e-05 -4.61726e-05 -0.000124333 
-7.05556e-05 -5.91754e-05 -0.000111151 
-6.75452e-05 -5.48869e-05 -9.26779e-05 
-5.44424e-05 -4.47045e-05 -7.44341e-05 
-3.88754e-05 -3.2172e-05 -5.58391e-05 
-2.46404e-05 -1.90049e-05 -3.7156e-05 
-1.35304e-05 -7.41586e-06 -2.05193e-05 
-5.852e-06 9.9313e-07 -7.74024e-06 
-1.05044e-06 5.98019e-06 7.14019e-07 
1.64577e-06 8.22612e-06 5.4238e-06 
2.90606e-06 8.64621e-06 7.39545e-06 
3.2391e-06 7.99001e-06 7.6227e-06 
3.02865e-06 6.79069e-06 6.88977e-06 
2.54823e-06 5.41015e-06 5.73818e-06 
1.98082e-06 4.07066e-06 4.49812e-06 
1.4329e-06 2.89347e-06 3.34955e-06 
9.54424e-07 1.92818e-06 2.37123e-06 
5.62855e-07 1.17555e-06 1.58192e-06 
2.55072e-07 6.14241e-07 9.68437e-07 
2.04504e-08 2.11801e-07 5.04881e-07 
-1.54004e-07 -6.53059e-08 1.61437e-07 
-2.81143e-07 -2.47144e-07 -8.89801e-08 
-3.71659e-07 -3.58611e-07 -2.69417e-07 
-4.34383e-07 -4.19091e-07 -3.98038e-07 
-4.76124e-07 -4.43092e-07 -4.88043e-07 
-5.0225e-07 -4.41481e-07 -5.49729e-07 
-5.16424e-07 -4.22206e-07 -5.90437e-07 
-5.21303e-07 -3.8979e-07 -6.14777e-07 
-5.18837e-07 -3.4909e-07 -6.26268e-07 
-5.10021e-07 -3.01994e-07 -6.27241e-07 
-4.96076e-07 -2.50972e-07 -6.18903e-07 
-4.7694e-07 -1.97159e-07 -6.0186e-07 
-4.52513e-07 -1.41647e-07 -5.7609e-07 
-4.23589e-07 -8.58152e-08 -5.42757e-07 
-3.88996e-07 -2.95038e-08 -5.00536e-07 
-3.49284e-07 2.57861e-08 -4.50094e-07 
-3.04498e-07 8.01047e-08 -3.91232e-07 
-2.5579e-07 1.33089e-07 -3.23879e-07 
-2.08192e-07 1.84598e-07 -2.46059e-07 
-1.91019e-07 2.55005e-07 -1.89302e-07 
-4.79641e-07 2.26763e-07 -3.23595e-07 
3.27591e-07 -1.47189e-07 4.47509e-07 
0.00383782 0.00178395 0.000914221 
0.00185353 0.0010049 0.000454372 
0.000805397 0.000495078 0.000161402 
0.000280442 0.00020969 9.54606e-06 
3.54322e-05 6.40319e-05 -5.21987e-05 
-6.13241e-05 -1.47986e-06 -6.92434e-05 
-8.29299e-05 -2.71453e-05 -6.82705e-05 
-6.95261e-05 -3.15877e-05 -5.68024e-05 
-4.44663e-05 -2.26452e-05 -3.74259e-05 
-2.13907e-05 -8.95865e-06 -1.69172e-05 
-5.80636e-06 1.86313e-06 -1.73502e-06 
2.35026e-06 7.21586e-06 6.16781e-06 
5.29315e-06 8.27203e-06 8.34262e-06 
5.32801e-06 6.97457e-06 7.34854e-06 
4.15197e-06 4.80179e-06 5.23312e-06 
2.76663e-06 2.68851e-06 3.16177e-06 
1.61436e-06 1.08057e-06 1.59101e-06 
8.01608e-07 5.90574e-08 5.70883e-07 
2.89825e-07 -4.81761e-07 -1.19398e-08 
1.22453e-09 -6.96496e-07 -2.98729e-07 
-1.38307e-07 -7.1901e-07 -4.05314e-07 
-1.86977e-07 -6.4367e-07 -4.12028e-07 
-1.85228e-07 -5.29676e-07 -3.6936e-07 
-1.5924e-07 -4.10409e-07 -3.0737e-07 
-1.24511e-07 -3.02781e-07 -2.42601e-07 
-8.95363e-08 -2.13557e-07 -1.83333e-07 
-5.83633e-08 -1.43667e-07 -1.32929e-07 
-3.23872e-08 -9.1377e-08 -9.2037e-08 
-1.17189e-08 -5.37055e-08 -5.98626e-08 
4.2008e-09 -2.75405e-08 -3.51111e-08 
1.61703e-08 -1.01034e-08 -1.63498e-08 
2.50112e-08 9.3167e-10 -2.26404e-09 
3.13736e-08 7.36977e-09 8.20565e-09 
3.5809e-08 1.0475e-08 1.58678e-08 
3.88229e-08 1.13095e-08 2.14514e-08 
4.06094e-08 1.04933e-08 2.53163e-08 
4.14834e-08 8.57101e-09 2.79114e-08 
4.15278e-08 5.84683e-09 2.94003e-08 
4.08826e-08 2.64475e-09 2.99982e-08 
3.95466e-08 -8.80488e-10 2.9754e-08 
3.75841e-08 -4.54228e-09 2.88172e-08 
3.50005e-08 -8.2794e-09 2.71778e-08 
3.18168e-08 -1.1873e-08 2.49016e-08 
2.80329e-08 -1.5333e-08 2.20347e-08 
2.36759e-08 -1.85159e-08 1.85563e-08 
1.8843e-08 -2.12884e-08 1.45678e-08 
1.36953e-08 -2.34101e-08 1.00933e-08 
1.01357e-08 -2.498e-08 6.64243e-09 
1.82352e-08 -1.89614e-08 1.36717e-08 
-6.77734e-09 4.65315e-09 3.35481e-08 
0.000624971 0.000504982 0.000144533 
0.000115112 0.000189652 1.38549e-05 
-5.98346e-05 4.12941e-05 -3.98587e-05 
-9.21193e-05 -1.36395e-05 -5.35017e-05 
-6.88241e-05 -2.7195e-05 -4.42154e-05 
-3.33446e-05 -1.70982e-05 -2.26822e-05 
-7.87824e-06 -2.78252e-06 -4.10921e-06 
3.58802e-06 4.91606e-06 4.65742e-06 
5.79751e-06 6.08066e-06 5.72802e-06 
4.18163e-06 4.08848e-06 3.62692e-06 
2.03417e-06 1.5975e-06 1.3677e-06 
5.56597e-07 -9.13364e-08 -1.66736e-08 
-1.82107e-07 -8.21571e-07 -5.88429e-07 
-4.31696e-07 -9.24314e-07 -6.83262e-07 
-4.31735e-07 -7.41699e-07 -5.73388e-07 
-3.39021e-07 -4.89843e-07 -4.13522e-07 
-2.3393e-07 -2.72119e-07 -2.70685e-07 
-1.47053e-07 -1.19759e-07 -1.63694e-07 
-8.45508e-08 -2.79504e-08 -9.08421e-08 
-4.33931e-08 1.98941e-08 -4.43708e-08 
-1.8341e-08 4.00467e-08 -1.64446e-08 
-4.44152e-09 4.45706e-08 -8.57966e-10 
2.27665e-09 4.1252e-08 6.86619e-09 
4.67051e-09 3.46685e-08 9.79455e-09 
4.70188e-09 2.73623e-08 9.99439e-09 
3.62465e-09 2.06282e-08 8.81357e-09 
2.16091e-09 1.49709e-08 7.06764e-09 
7.27591e-10 1.05125e-08 5.24455e-09 
-5.00527e-10 7.16145e-09 3.58422e-09 
-1.46721e-09 4.72605e-09 2.18499e-09 
-2.17575e-09 3.01617e-09 1.06844e-09 
-2.66719e-09 1.84798e-09 2.08632e-10 
-2.98295e-09 1.07705e-09 -4.30731e-10 
-3.1604e-09 5.90026e-10 -8.8477e-10 
-3.23974e-09 3.00256e-10 -1.2009e-09 
-3.2378e-09 1.48278e-10 -1.39656e-09 
-3.17582e-09 9.21238e-11 -1.50541e-09 
-3.06601e-09 9.65606e-11 -1.54146e-09 
-2.91495e-09 1.42992e-10 -1.52377e-09 
-2.7266e-09 2.13022e-10 -1.45854e-09 
-2.50496e-09 2.9937e-10 -1.36127e-09 
-2.24994e-09 3.90481e-10 -1.22997e-09 
-1.96672e-09 4.82075e-10 -1.08115e-09 
-1.65604e-09 5.69247e-10 -9.11451e-10 
-1.32154e-09 6.43907e-10 -7.28958e-10 
-9.72711e-10 6.9595e-10 -5.44226e-10 
-6.2494e-10 7.07671e-10 -3.95331e-10 
-4.1433e-10 5.77764e-10 -3.11474e-10 
-5.67235e-10 2.97745e-11 -1.2873e-09 
-2.69319e-09 -2.13997e-11 -5.98589e-09 
-0.000103867 3.08013e-05 -3.90165e-05 
-9.29322e-05 -2.57953e-05 -4.27746e-05 
-4.29681e-05 -2.21019e-05 -2.36799e-05 
-8.89923e-06 -4.96924e-06 -4.9479e-06 
3.38881e-06 3.61126e-06 2.75752e-06 
3.88008e-06 4.22673e-06 2.79968e-06 
1.54073e-06 1.871e-06 9.40455e-07 
6.09449e-09 -1.75061e-08 -1.75875e-07 
-4.58335e-07 -6.54538e-07 -4.28942e-07 
-4.04014e-07 -5.58017e-07 -3.10882e-07 
-2.33729e-07 -2.70956e-07 -1.47841e-07 
-1.03036e-07 -5.11883e-08 -4.4364e-08 
-2.89918e-08 5.41186e-08 5.00096e-09 
7.16982e-09 8.16992e-08 2.47891e-08 
2.15709e-08 7.32955e-08 3.03211e-08 
2.42806e-08 5.39918e-08 2.90758e-08 
2.14823e-08 3.52443e-08 2.47822e-08 
1.67661e-08 2.0879e-08 1.94816e-08 
1.20068e-08 1.11742e-08 1.43289e-08 
8.03625e-09 5.15363e-09 9.9391e-09 
5.0839e-09 1.6766e-09 6.53386e-09 
3.07505e-09 -1.73944e-10 4.08302e-09 
1.81022e-09 -1.04025e-09 2.42929e-09 
1.07543e-09 -1.33984e-09 1.3819e-09 
6.8686e-10 -1.33504e-09 7.61838e-10 
5.05172e-10 -1.18834e-09 4.23259e-10 
4.37037e-10 -9.93205e-10 2.58801e-10 
4.22422e-10 -7.99128e-10 1.93308e-10 
4.26683e-10 -6.29489e-10 1.78997e-10 
4.32842e-10 -4.91366e-10 1.87226e-10 
4.33429e-10 -3.83451e-10 2.01951e-10 
4.26312e-10 -3.01691e-10 2.15307e-10 
4.12538e-10 -2.40267e-10 2.24217e-10 
3.92912e-10 -1.94507e-10 2.27365e-10 
3.70131e-10 -1.60178e-10 2.25849e-10 
3.44868e-10 -1.33559e-10 2.19852e-10 
3.18459e-10 -1.13048e-10 2.10613e-10 
2.91584e-10 -9.61336e-11 1.98929e-10 
2.64981e-10 -8.19884e-11 1.85857e-10 
2.38627e-10 -6.95906e-11 1.71734e-10 
2.12955e-10 -5.89556e-11 1.5758e-10 
1.87617e-10 -4.93563e-11 1.43174e-10 
1.62961e-10 -4.13167e-11 1.29566e-10 
1.3911e-10 -3.43544e-11 1.16554e-10 
1.16052e-10 -2.85705e-11 1.04812e-10 
9.45883e-11 -2.34221e-11 9.5059e-11 
7.71732e-11 -1.9544e-11 9.25546e-11 
7.23216e-11 -3.21028e-12 9.36582e-11 
6.60938e-11 2.67022e-12 1.97266e-10 
4.76738e-10 -8.24057e-11 5.28124e-10 
