8.67502e-05 
8.85583e-05 
9.01324e-05 
9.14283e-05 
9.24296e-05 
9.32021e-05 
9.37993e-05 
9.4265e-05 
9.46318e-05 
9.49239e-05 
9.51591e-05 
9.53508e-05 
9.55087e-05 
9.56405e-05 
9.57518e-05 
9.58471e-05 
9.59299e-05 
9.60029e-05 
9.60684e-05 
9.61281e-05 
9.61836e-05 
9.62362e-05 
9.62869e-05 
9.63368e-05 
9.63868e-05 
9.64377e-05 
9.64903e-05 
9.65456e-05 
9.66042e-05 
9.66673e-05 
9.67359e-05 
9.68111e-05 
9.68944e-05 
9.69874e-05 
9.70921e-05 
9.72113e-05 
9.7348e-05 
9.75065e-05 
9.76921e-05 
9.79119e-05 
9.81753e-05 
9.8495e-05 
9.88882e-05 
9.93783e-05 
9.99974e-05 
0.00010079 
0.00010181 
0.000103133 
0.000104762 
0.000106677 
8.72289e-05 
8.88743e-05 
9.02933e-05 
9.14775e-05 
9.24112e-05 
9.31487e-05 
9.37322e-05 
9.41973e-05 
9.45708e-05 
9.48734e-05 
9.51208e-05 
9.53251e-05 
9.54954e-05 
9.5639e-05 
9.57613e-05 
9.58667e-05 
9.59588e-05 
9.60403e-05 
9.61135e-05 
9.61804e-05 
9.62425e-05 
9.63011e-05 
9.63574e-05 
9.64126e-05 
9.64674e-05 
9.6523e-05 
9.65801e-05 
9.66396e-05 
9.67024e-05 
9.67696e-05 
9.68422e-05 
9.69215e-05 
9.70089e-05 
9.71062e-05 
9.72154e-05 
9.73392e-05 
9.74808e-05 
9.76443e-05 
9.7835e-05 
9.80595e-05 
9.83268e-05 
9.86486e-05 
9.90401e-05 
9.9522e-05 
0.000100121 
0.000100874 
0.000101825 
0.000103034 
0.000104503 
0.000106241 
8.86576e-05 
8.96789e-05 
9.07179e-05 
9.16603e-05 
9.24512e-05 
9.31056e-05 
9.3643e-05 
9.40846e-05 
9.44485e-05 
9.475e-05 
9.50012e-05 
9.52121e-05 
9.53904e-05 
9.55427e-05 
9.56738e-05 
9.57879e-05 
9.58883e-05 
9.59778e-05 
9.60586e-05 
9.61326e-05 
9.62014e-05 
9.62664e-05 
9.63288e-05 
9.63897e-05 
9.64502e-05 
9.65111e-05 
9.65733e-05 
9.6638e-05 
9.67059e-05 
9.67781e-05 
9.68558e-05 
9.69403e-05 
9.7033e-05 
9.71357e-05 
9.72506e-05 
9.73801e-05 
9.75275e-05 
9.76967e-05 
9.78925e-05 
9.81212e-05 
9.83906e-05 
9.87106e-05 
9.90936e-05 
9.95553e-05 
0.000100114 
0.000100793 
0.000101612 
0.000102589 
0.000103675 
0.000104755 
8.99217e-05 
9.05446e-05 
9.12623e-05 
9.19682e-05 
9.26002e-05 
9.31499e-05 
9.362e-05 
9.40194e-05 
9.4358e-05 
9.46452e-05 
9.48895e-05 
9.50984e-05 
9.52778e-05 
9.54331e-05 
9.55685e-05 
9.56876e-05 
9.57935e-05 
9.58885e-05 
9.59749e-05 
9.60544e-05 
9.61286e-05 
9.61988e-05 
9.62664e-05 
9.63323e-05 
9.63976e-05 
9.64633e-05 
9.65303e-05 
9.65996e-05 
9.66721e-05 
9.6749e-05 
9.68313e-05 
9.69204e-05 
9.70177e-05 
9.71251e-05 
9.72444e-05 
9.73783e-05 
9.75295e-05 
9.77017e-05 
9.78991e-05 
9.81271e-05 
9.8392e-05 
9.87014e-05 
9.90641e-05 
9.94903e-05 
9.99901e-05 
0.000100573 
0.00010124 
0.000101983 
0.000102739 
0.000103392 
9.09725e-05 
9.13482e-05 
9.18295e-05 
9.23417e-05 
9.28301e-05 
9.32764e-05 
9.3674e-05 
9.40234e-05 
9.4328e-05 
9.45929e-05 
9.4823e-05 
9.50234e-05 
9.51983e-05 
9.53519e-05 
9.54876e-05 
9.56083e-05 
9.57166e-05 
9.58147e-05 
9.59045e-05 
9.59877e-05 
9.60658e-05 
9.614e-05 
9.62115e-05 
9.62814e-05 
9.63506e-05 
9.64202e-05 
9.64911e-05 
9.65642e-05 
9.66405e-05 
9.67211e-05 
9.68071e-05 
9.68998e-05 
9.70005e-05 
9.7111e-05 
9.72331e-05 
9.73691e-05 
9.75214e-05 
9.76933e-05 
9.78883e-05 
9.81104e-05 
9.83644e-05 
9.86554e-05 
9.89889e-05 
9.93698e-05 
9.98013e-05 
0.000100283 
0.000100806 
0.00010135 
0.000101855 
0.00010224 
9.18192e-05 
9.20441e-05 
9.23617e-05 
9.27268e-05 
9.30969e-05 
9.34515e-05 
9.37799e-05 
9.40779e-05 
9.43452e-05 
9.45832e-05 
9.47943e-05 
9.49816e-05 
9.51478e-05 
9.52959e-05 
9.54284e-05 
9.55477e-05 
9.56559e-05 
9.57548e-05 
9.5846e-05 
9.59312e-05 
9.60115e-05 
9.60883e-05 
9.61625e-05 
9.62351e-05 
9.63073e-05 
9.63798e-05 
9.64536e-05 
9.65296e-05 
9.66088e-05 
9.66921e-05 
9.67807e-05 
9.68757e-05 
9.69786e-05 
9.70907e-05 
9.72137e-05 
9.73496e-05 
9.75006e-05 
9.76691e-05 
9.78579e-05 
9.80699e-05 
9.83082e-05 
9.85757e-05 
9.88748e-05 
9.92065e-05 
9.95693e-05 
9.99574e-05 
0.000100357 
0.000100744 
0.000101073 
0.000101293 
9.25021e-05 
9.26338e-05 
9.28402e-05 
9.30972e-05 
9.33738e-05 
9.36516e-05 
9.39186e-05 
9.41686e-05 
9.43988e-05 
9.46085e-05 
9.47985e-05 
9.49701e-05 
9.51249e-05 
9.52649e-05 
9.53917e-05 
9.55073e-05 
9.56132e-05 
9.5711e-05 
9.58021e-05 
9.58876e-05 
9.59689e-05 
9.60469e-05 
9.61226e-05 
9.6197e-05 
9.62711e-05 
9.63455e-05 
9.64213e-05 
9.64993e-05 
9.65803e-05 
9.66654e-05 
9.67555e-05 
9.68518e-05 
9.69553e-05 
9.70675e-05 
9.71898e-05 
9.73238e-05 
9.74711e-05 
9.76336e-05 
9.78133e-05 
9.80121e-05 
9.82315e-05 
9.84725e-05 
9.87354e-05 
9.90186e-05 
9.93176e-05 
9.96238e-05 
9.99225e-05 
0.000100191 
0.000100397 
0.000100515 
9.3056e-05 
9.31293e-05 
9.32606e-05 
9.34394e-05 
9.36442e-05 
9.38594e-05 
9.4074e-05 
9.42811e-05 
9.44768e-05 
9.46592e-05 
9.48276e-05 
9.49824e-05 
9.51243e-05 
9.52545e-05 
9.53741e-05 
9.54843e-05 
9.55865e-05 
9.56817e-05 
9.57711e-05 
9.58558e-05 
9.59368e-05 
9.60149e-05 
9.60912e-05 
9.61664e-05 
9.62413e-05 
9.63169e-05 
9.63937e-05 
9.64728e-05 
9.65548e-05 
9.66406e-05 
9.67312e-05 
9.68276e-05 
9.69307e-05 
9.70416e-05 
9.71616e-05 
9.72918e-05 
9.74336e-05 
9.75883e-05 
9.77569e-05 
9.79403e-05 
9.81391e-05 
9.8353e-05 
9.85805e-05 
9.88184e-05 
9.90607e-05 
9.92982e-05 
9.9517e-05 
9.96988e-05 
9.98217e-05 
9.9876e-05 
9.35094e-05 
9.35458e-05 
9.36263e-05 
9.3749e-05 
9.38992e-05 
9.40646e-05 
9.42356e-05 
9.44056e-05 
9.45703e-05 
9.47272e-05 
9.48749e-05 
9.5013e-05 
9.51415e-05 
9.52611e-05 
9.53725e-05 
9.54763e-05 
9.55735e-05 
9.56651e-05 
9.57518e-05 
9.58347e-05 
9.59144e-05 
9.59918e-05 
9.60677e-05 
9.61428e-05 
9.62178e-05 
9.62936e-05 
9.63707e-05 
9.645e-05 
9.65321e-05 
9.66178e-05 
9.6708e-05 
9.68034e-05 
9.69049e-05 
9.70134e-05 
9.71298e-05 
9.7255e-05 
9.73899e-05 
9.75351e-05 
9.76913e-05 
9.78585e-05 
9.80364e-05 
9.82237e-05 
9.84179e-05 
9.86151e-05 
9.88088e-05 
9.89902e-05 
9.91472e-05 
9.92659e-05 
9.93321e-05 
9.93466e-05 
9.38844e-05 
9.38973e-05 
9.39433e-05 
9.40258e-05 
9.41348e-05 
9.42609e-05 
9.43962e-05 
9.45348e-05 
9.46724e-05 
9.48062e-05 
9.49347e-05 
9.50568e-05 
9.51723e-05 
9.52811e-05 
9.53837e-05 
9.54806e-05 
9.55722e-05 
9.56594e-05 
9.57427e-05 
9.58228e-05 
9.59005e-05 
9.59764e-05 
9.60512e-05 
9.61255e-05 
9.61999e-05 
9.62751e-05 
9.63518e-05 
9.64305e-05 
9.6512e-05 
9.65968e-05 
9.66856e-05 
9.67791e-05 
9.68781e-05 
9.69832e-05 
9.7095e-05 
9.72141e-05 
9.7341e-05 
9.7476e-05 
9.76192e-05 
9.777e-05 
9.79274e-05 
9.80897e-05 
9.82537e-05 
9.84152e-05 
9.85681e-05 
9.87045e-05 
9.88144e-05 
9.88876e-05 
9.89155e-05 
9.89051e-05 
9.41978e-05 
9.41958e-05 
9.42183e-05 
9.42718e-05 
9.43498e-05 
9.44452e-05 
9.45517e-05 
9.46639e-05 
9.47781e-05 
9.48917e-05 
9.50026e-05 
9.51099e-05 
9.52128e-05 
9.53112e-05 
9.54051e-05 
9.54948e-05 
9.55805e-05 
9.56627e-05 
9.57421e-05 
9.5819e-05 
9.58941e-05 
9.59678e-05 
9.60409e-05 
9.61137e-05 
9.61869e-05 
9.6261e-05 
9.63365e-05 
9.6414e-05 
9.64941e-05 
9.65772e-05 
9.6664e-05 
9.67549e-05 
9.68506e-05 
9.69514e-05 
9.70578e-05 
9.71701e-05 
9.72885e-05 
9.74129e-05 
9.75429e-05 
9.76776e-05 
9.78157e-05 
9.79549e-05 
9.80922e-05 
9.82231e-05 
9.83423e-05 
9.8443e-05 
9.85173e-05 
9.85578e-05 
9.85599e-05 
9.85342e-05 
9.44626e-05 
9.44509e-05 
9.44574e-05 
9.44899e-05 
9.45446e-05 
9.46161e-05 
9.46993e-05 
9.47897e-05 
9.48841e-05 
9.49799e-05 
9.50753e-05 
9.5169e-05 
9.52603e-05 
9.53487e-05 
9.54342e-05 
9.55166e-05 
9.55963e-05 
9.56735e-05 
9.57485e-05 
9.58219e-05 
9.58939e-05 
9.5965e-05 
9.60358e-05 
9.61067e-05 
9.61781e-05 
9.62505e-05 
9.63244e-05 
9.64001e-05 
9.64782e-05 
9.65591e-05 
9.66431e-05 
9.67308e-05 
9.68225e-05 
9.69184e-05 
9.70189e-05 
9.7124e-05 
9.72336e-05 
9.73473e-05 
9.74644e-05 
9.75839e-05 
9.7704e-05 
9.78225e-05 
9.79363e-05 
9.80414e-05 
9.81331e-05 
9.82057e-05 
9.82533e-05 
9.82704e-05 
9.82554e-05 
9.82204e-05 
9.46884e-05 
9.46706e-05 
9.4666e-05 
9.46834e-05 
9.47205e-05 
9.47733e-05 
9.48377e-05 
9.49103e-05 
9.49879e-05 
9.50684e-05 
9.515e-05 
9.52316e-05 
9.53122e-05 
9.53913e-05 
9.54687e-05 
9.55442e-05 
9.56179e-05 
9.569e-05 
9.57607e-05 
9.58302e-05 
9.58989e-05 
9.59671e-05 
9.60353e-05 
9.61038e-05 
9.61729e-05 
9.62432e-05 
9.63149e-05 
9.63883e-05 
9.64639e-05 
9.6542e-05 
9.66229e-05 
9.67068e-05 
9.67941e-05 
9.68849e-05 
9.69791e-05 
9.70767e-05 
9.71774e-05 
9.72805e-05 
9.73853e-05 
9.74905e-05 
9.75943e-05 
9.76944e-05 
9.7788e-05 
9.78716e-05 
9.7941e-05 
9.79917e-05 
9.80192e-05 
9.80198e-05 
9.79934e-05 
9.79532e-05 
9.48826e-05 
9.4861e-05 
9.48488e-05 
9.48551e-05 
9.48789e-05 
9.49171e-05 
9.49666e-05 
9.50244e-05 
9.5088e-05 
9.51554e-05 
9.5225e-05 
9.52957e-05 
9.53667e-05 
9.54372e-05 
9.5507e-05 
9.55759e-05 
9.56439e-05 
9.57108e-05 
9.57771e-05 
9.58427e-05 
9.59079e-05 
9.5973e-05 
9.60383e-05 
9.61042e-05 
9.61708e-05 
9.62385e-05 
9.63076e-05 
9.63784e-05 
9.64511e-05 
9.6526e-05 
9.66034e-05 
9.66832e-05 
9.67658e-05 
9.6851e-05 
9.69388e-05 
9.70289e-05 
9.71208e-05 
9.72138e-05 
9.7307e-05 
9.7399e-05 
9.74881e-05 
9.75721e-05 
9.76485e-05 
9.77142e-05 
9.77657e-05 
9.77994e-05 
9.7812e-05 
9.78008e-05 
9.77672e-05 
9.77243e-05 
9.50511e-05 
9.50271e-05 
9.50096e-05 
9.50079e-05 
9.50215e-05 
9.50483e-05 
9.50857e-05 
9.51314e-05 
9.51833e-05 
9.52395e-05 
9.52988e-05 
9.536e-05 
9.54222e-05 
9.5485e-05 
9.55478e-05 
9.56104e-05 
9.56728e-05 
9.57349e-05 
9.57967e-05 
9.58583e-05 
9.592e-05 
9.59819e-05 
9.60441e-05 
9.61071e-05 
9.61709e-05 
9.62359e-05 
9.63022e-05 
9.637e-05 
9.64396e-05 
9.6511e-05 
9.65845e-05 
9.666e-05 
9.67376e-05 
9.68172e-05 
9.68985e-05 
9.69811e-05 
9.70645e-05 
9.71479e-05 
9.72304e-05 
9.73104e-05 
9.73865e-05 
9.74565e-05 
9.75183e-05 
9.75692e-05 
9.76064e-05 
9.7627e-05 
9.76285e-05 
9.76092e-05 
9.75712e-05 
9.75273e-05 
9.51981e-05 
9.51727e-05 
9.51517e-05 
9.5144e-05 
9.51498e-05 
9.51677e-05 
9.51954e-05 
9.52312e-05 
9.52733e-05 
9.53201e-05 
9.53704e-05 
9.54232e-05 
9.54777e-05 
9.55334e-05 
9.55898e-05 
9.56466e-05 
9.57037e-05 
9.5761e-05 
9.58185e-05 
9.58763e-05 
9.59344e-05 
9.59929e-05 
9.60521e-05 
9.6112e-05 
9.61729e-05 
9.62349e-05 
9.62982e-05 
9.63628e-05 
9.6429e-05 
9.64968e-05 
9.65662e-05 
9.66372e-05 
9.67098e-05 
9.67836e-05 
9.68585e-05 
9.69339e-05 
9.70093e-05 
9.70837e-05 
9.71562e-05 
9.72255e-05 
9.72901e-05 
9.73482e-05 
9.73977e-05 
9.74365e-05 
9.74622e-05 
9.74727e-05 
9.7466e-05 
9.74413e-05 
9.74008e-05 
9.7357e-05 
9.53271e-05 
9.5301e-05 
9.52775e-05 
9.52655e-05 
9.52654e-05 
9.52762e-05 
9.52962e-05 
9.53238e-05 
9.53577e-05 
9.53965e-05 
9.5439e-05 
9.54845e-05 
9.55322e-05 
9.55815e-05 
9.56321e-05 
9.56835e-05 
9.57357e-05 
9.57886e-05 
9.58419e-05 
9.58958e-05 
9.59504e-05 
9.60055e-05 
9.60615e-05 
9.61183e-05 
9.61761e-05 
9.62351e-05 
9.62952e-05 
9.63565e-05 
9.64192e-05 
9.64832e-05 
9.65484e-05 
9.66149e-05 
9.66824e-05 
9.67506e-05 
9.68192e-05 
9.68878e-05 
9.69555e-05 
9.70216e-05 
9.70852e-05 
9.71449e-05 
9.71994e-05 
9.72472e-05 
9.72864e-05 
9.73153e-05 
9.7332e-05 
9.73347e-05 
9.73221e-05 
9.72938e-05 
9.72522e-05 
9.72093e-05 
9.5441e-05 
9.54145e-05 
9.53894e-05 
9.53741e-05 
9.53695e-05 
9.53747e-05 
9.53884e-05 
9.54094e-05 
9.54365e-05 
9.54684e-05 
9.55043e-05 
9.55434e-05 
9.55851e-05 
9.56287e-05 
9.5674e-05 
9.57205e-05 
9.57681e-05 
9.58167e-05 
9.58661e-05 
9.59163e-05 
9.59673e-05 
9.60192e-05 
9.60719e-05 
9.61256e-05 
9.61803e-05 
9.62361e-05 
9.62929e-05 
9.63509e-05 
9.64099e-05 
9.647e-05 
9.65311e-05 
9.6593e-05 
9.66555e-05 
9.67183e-05 
9.6781e-05 
9.68429e-05 
9.69036e-05 
9.69621e-05 
9.70176e-05 
9.70688e-05 
9.71146e-05 
9.71536e-05 
9.71843e-05 
9.72051e-05 
9.72146e-05 
9.72114e-05 
9.71946e-05 
9.71641e-05 
9.71224e-05 
9.70809e-05 
9.55417e-05 
9.55152e-05 
9.54891e-05 
9.54714e-05 
9.54633e-05 
9.54641e-05 
9.54728e-05 
9.54883e-05 
9.55096e-05 
9.55358e-05 
9.5566e-05 
9.55995e-05 
9.56359e-05 
9.56744e-05 
9.57149e-05 
9.57569e-05 
9.58003e-05 
9.58449e-05 
9.58905e-05 
9.59372e-05 
9.59848e-05 
9.60334e-05 
9.6083e-05 
9.61335e-05 
9.61851e-05 
9.62376e-05 
9.62912e-05 
9.63457e-05 
9.64011e-05 
9.64574e-05 
9.65143e-05 
9.65717e-05 
9.66294e-05 
9.66869e-05 
9.67439e-05 
9.67997e-05 
9.68539e-05 
9.69055e-05 
9.69536e-05 
9.69974e-05 
9.70357e-05 
9.70672e-05 
9.70908e-05 
9.71051e-05 
9.7109e-05 
9.71014e-05 
9.70817e-05 
9.70499e-05 
9.70088e-05 
9.69689e-05 
9.5631e-05 
9.56047e-05 
9.5578e-05 
9.55587e-05 
9.55478e-05 
9.55451e-05 
9.55497e-05 
9.55607e-05 
9.55772e-05 
9.55985e-05 
9.56238e-05 
9.56526e-05 
9.56842e-05 
9.57183e-05 
9.57544e-05 
9.57923e-05 
9.58318e-05 
9.58727e-05 
9.59148e-05 
9.5958e-05 
9.60024e-05 
9.60478e-05 
9.60943e-05 
9.61417e-05 
9.61901e-05 
9.62395e-05 
9.62897e-05 
9.63408e-05 
9.63927e-05 
9.64451e-05 
9.6498e-05 
9.6551e-05 
9.6604e-05 
9.66565e-05 
9.67082e-05 
9.67584e-05 
9.68065e-05 
9.68518e-05 
9.68936e-05 
9.69308e-05 
9.69626e-05 
9.69878e-05 
9.70055e-05 
9.70146e-05 
9.70141e-05 
9.70032e-05 
9.69816e-05 
9.69494e-05 
9.69092e-05 
9.68712e-05 
9.57104e-05 
9.56844e-05 
9.56574e-05 
9.56369e-05 
9.5624e-05 
9.56185e-05 
9.56198e-05 
9.5627e-05 
9.56396e-05 
9.56567e-05 
9.56778e-05 
9.57024e-05 
9.57299e-05 
9.57599e-05 
9.57922e-05 
9.58264e-05 
9.58623e-05 
9.58997e-05 
9.59385e-05 
9.59785e-05 
9.60197e-05 
9.60621e-05 
9.61055e-05 
9.61499e-05 
9.61952e-05 
9.62414e-05 
9.62885e-05 
9.63362e-05 
9.63845e-05 
9.64332e-05 
9.64821e-05 
9.6531e-05 
9.65796e-05 
9.66274e-05 
9.6674e-05 
9.6719e-05 
9.67617e-05 
9.68014e-05 
9.68374e-05 
9.6869e-05 
9.68952e-05 
9.69151e-05 
9.69279e-05 
9.69328e-05 
9.69289e-05 
9.69157e-05 
9.68929e-05 
9.68609e-05 
9.6822e-05 
9.67858e-05 
9.5781e-05 
9.57554e-05 
9.57284e-05 
9.5707e-05 
9.56926e-05 
9.56849e-05 
9.56835e-05 
9.56877e-05 
9.56969e-05 
9.57105e-05 
9.5728e-05 
9.57489e-05 
9.57728e-05 
9.57993e-05 
9.58281e-05 
9.58588e-05 
9.58914e-05 
9.59256e-05 
9.59613e-05 
9.59983e-05 
9.60366e-05 
9.6076e-05 
9.61164e-05 
9.61578e-05 
9.62002e-05 
9.62434e-05 
9.62872e-05 
9.63317e-05 
9.63766e-05 
9.64217e-05 
9.64668e-05 
9.65117e-05 
9.65561e-05 
9.65995e-05 
9.66415e-05 
9.66817e-05 
9.67194e-05 
9.67541e-05 
9.67851e-05 
9.68117e-05 
9.68332e-05 
9.68487e-05 
9.68575e-05 
9.6859e-05 
9.68526e-05 
9.68378e-05 
9.68144e-05 
9.67829e-05 
9.67455e-05 
9.67113e-05 
9.58437e-05 
9.58186e-05 
9.57918e-05 
9.57699e-05 
9.57543e-05 
9.57449e-05 
9.57413e-05 
9.5743e-05 
9.57494e-05 
9.576e-05 
9.57744e-05 
9.57922e-05 
9.58129e-05 
9.58362e-05 
9.58618e-05 
9.58895e-05 
9.59191e-05 
9.59504e-05 
9.59831e-05 
9.60173e-05 
9.60527e-05 
9.60893e-05 
9.61269e-05 
9.61655e-05 
9.6205e-05 
9.62452e-05 
9.6286e-05 
9.63273e-05 
9.63688e-05 
9.64105e-05 
9.64521e-05 
9.64932e-05 
9.65336e-05 
9.65729e-05 
9.66107e-05 
9.66465e-05 
9.66798e-05 
9.67101e-05 
9.67367e-05 
9.6759e-05 
9.67764e-05 
9.67882e-05 
9.67938e-05 
9.67927e-05 
9.67843e-05 
9.67685e-05 
9.67449e-05 
9.67142e-05 
9.66785e-05 
9.66462e-05 
9.58995e-05 
9.58749e-05 
9.58484e-05 
9.58262e-05 
9.58098e-05 
9.5799e-05 
9.57937e-05 
9.57933e-05 
9.57973e-05 
9.58054e-05 
9.58172e-05 
9.58322e-05 
9.58501e-05 
9.58706e-05 
9.58934e-05 
9.59183e-05 
9.59452e-05 
9.59737e-05 
9.60038e-05 
9.60352e-05 
9.6068e-05 
9.61019e-05 
9.61368e-05 
9.61727e-05 
9.62094e-05 
9.62467e-05 
9.62846e-05 
9.63229e-05 
9.63613e-05 
9.63997e-05 
9.64379e-05 
9.64755e-05 
9.65122e-05 
9.65478e-05 
9.65817e-05 
9.66135e-05 
9.66429e-05 
9.66692e-05 
9.6692e-05 
9.67106e-05 
9.67245e-05 
9.67333e-05 
9.67363e-05 
9.67331e-05 
9.67234e-05 
9.67069e-05 
9.66836e-05 
9.66539e-05 
9.66199e-05 
9.65895e-05 
9.59489e-05 
9.59249e-05 
9.58987e-05 
9.58765e-05 
9.58595e-05 
9.58478e-05 
9.5841e-05 
9.58389e-05 
9.5841e-05 
9.58469e-05 
9.58564e-05 
9.5869e-05 
9.58844e-05 
9.59024e-05 
9.59228e-05 
9.59452e-05 
9.59695e-05 
9.59955e-05 
9.60231e-05 
9.60521e-05 
9.60823e-05 
9.61137e-05 
9.61461e-05 
9.61794e-05 
9.62134e-05 
9.62481e-05 
9.62832e-05 
9.63186e-05 
9.6354e-05 
9.63894e-05 
9.64243e-05 
9.64587e-05 
9.6492e-05 
9.65241e-05 
9.65545e-05 
9.65828e-05 
9.66086e-05 
9.66314e-05 
9.66508e-05 
9.66663e-05 
9.66774e-05 
9.66836e-05 
9.66845e-05 
9.66798e-05 
9.66691e-05 
9.66523e-05 
9.66294e-05 
9.66009e-05 
9.65687e-05 
9.65402e-05 
9.59925e-05 
9.59692e-05 
9.59435e-05 
9.59213e-05 
9.5904e-05 
9.58915e-05 
9.58836e-05 
9.58801e-05 
9.58806e-05 
9.58847e-05 
9.58922e-05 
9.59027e-05 
9.5916e-05 
9.59318e-05 
9.59499e-05 
9.59701e-05 
9.59921e-05 
9.60159e-05 
9.60411e-05 
9.60678e-05 
9.60957e-05 
9.61247e-05 
9.61547e-05 
9.61856e-05 
9.62171e-05 
9.62492e-05 
9.62817e-05 
9.63143e-05 
9.6347e-05 
9.63795e-05 
9.64115e-05 
9.64427e-05 
9.6473e-05 
9.65019e-05 
9.65291e-05 
9.65542e-05 
9.65769e-05 
9.65967e-05 
9.66132e-05 
9.66259e-05 
9.66346e-05 
9.66387e-05 
9.6638e-05 
9.66321e-05 
9.66208e-05 
9.66041e-05 
9.65818e-05 
9.65546e-05 
9.65241e-05 
9.64974e-05 
9.60309e-05 
9.60082e-05 
9.59831e-05 
9.59612e-05 
9.59436e-05 
9.59306e-05 
9.59219e-05 
9.59173e-05 
9.59164e-05 
9.5919e-05 
9.59248e-05 
9.59335e-05 
9.5945e-05 
9.59588e-05 
9.59749e-05 
9.5993e-05 
9.6013e-05 
9.60346e-05 
9.60578e-05 
9.60823e-05 
9.6108e-05 
9.61348e-05 
9.61626e-05 
9.61911e-05 
9.62203e-05 
9.625e-05 
9.628e-05 
9.63102e-05 
9.63402e-05 
9.637e-05 
9.63993e-05 
9.64277e-05 
9.64551e-05 
9.64812e-05 
9.65055e-05 
9.65278e-05 
9.65477e-05 
9.65648e-05 
9.65788e-05 
9.65893e-05 
9.65959e-05 
9.65984e-05 
9.65964e-05 
9.65897e-05 
9.65781e-05 
9.65615e-05 
9.654e-05 
9.65141e-05 
9.64855e-05 
9.64605e-05 
9.60645e-05 
9.60425e-05 
9.60181e-05 
9.59964e-05 
9.59789e-05 
9.59655e-05 
9.59561e-05 
9.59506e-05 
9.59486e-05 
9.595e-05 
9.59543e-05 
9.59615e-05 
9.59713e-05 
9.59834e-05 
9.59977e-05 
9.6014e-05 
9.60321e-05 
9.60518e-05 
9.6073e-05 
9.60956e-05 
9.61193e-05 
9.61441e-05 
9.61697e-05 
9.61962e-05 
9.62232e-05 
9.62506e-05 
9.62783e-05 
9.63061e-05 
9.63337e-05 
9.6361e-05 
9.63878e-05 
9.64137e-05 
9.64385e-05 
9.6462e-05 
9.64837e-05 
9.65035e-05 
9.6521e-05 
9.65358e-05 
9.65476e-05 
9.65562e-05 
9.65612e-05 
9.65623e-05 
9.65593e-05 
9.6552e-05 
9.65403e-05 
9.65241e-05 
9.65035e-05 
9.6479e-05 
9.6452e-05 
9.64288e-05 
9.60938e-05 
9.60725e-05 
9.60487e-05 
9.60275e-05 
9.601e-05 
9.59964e-05 
9.59866e-05 
9.59804e-05 
9.59776e-05 
9.59778e-05 
9.5981e-05 
9.59868e-05 
9.59952e-05 
9.60058e-05 
9.60185e-05 
9.60332e-05 
9.60496e-05 
9.60676e-05 
9.6087e-05 
9.61077e-05 
9.61296e-05 
9.61525e-05 
9.61762e-05 
9.62006e-05 
9.62256e-05 
9.6251e-05 
9.62766e-05 
9.63022e-05 
9.63276e-05 
9.63526e-05 
9.63771e-05 
9.64006e-05 
9.64231e-05 
9.64442e-05 
9.64637e-05 
9.64813e-05 
9.64966e-05 
9.65094e-05 
9.65194e-05 
9.65264e-05 
9.653e-05 
9.65301e-05 
9.65264e-05 
9.65187e-05 
9.65071e-05 
9.64914e-05 
9.64718e-05 
9.64486e-05 
9.64234e-05 
9.64017e-05 
9.6119e-05 
9.60984e-05 
9.60754e-05 
9.60546e-05 
9.60374e-05 
9.60238e-05 
9.60137e-05 
9.60069e-05 
9.60033e-05 
9.60027e-05 
9.60049e-05 
9.60096e-05 
9.60167e-05 
9.6026e-05 
9.60373e-05 
9.60505e-05 
9.60654e-05 
9.60818e-05 
9.60996e-05 
9.61187e-05 
9.61389e-05 
9.616e-05 
9.6182e-05 
9.62046e-05 
9.62277e-05 
9.62512e-05 
9.62748e-05 
9.62984e-05 
9.63218e-05 
9.63447e-05 
9.63671e-05 
9.63886e-05 
9.6409e-05 
9.6428e-05 
9.64455e-05 
9.64611e-05 
9.64746e-05 
9.64857e-05 
9.64941e-05 
9.64997e-05 
9.65022e-05 
9.65015e-05 
9.64973e-05 
9.64895e-05 
9.64781e-05 
9.6463e-05 
9.64444e-05 
9.64226e-05 
9.6399e-05 
9.63788e-05 
9.61404e-05 
9.61206e-05 
9.60984e-05 
9.60782e-05 
9.60613e-05 
9.60477e-05 
9.60374e-05 
9.60303e-05 
9.60262e-05 
9.60249e-05 
9.60262e-05 
9.60299e-05 
9.6036e-05 
9.60441e-05 
9.60542e-05 
9.60661e-05 
9.60796e-05 
9.60947e-05 
9.6111e-05 
9.61286e-05 
9.61473e-05 
9.61668e-05 
9.61871e-05 
9.62081e-05 
9.62295e-05 
9.62512e-05 
9.6273e-05 
9.62948e-05 
9.63164e-05 
9.63375e-05 
9.63579e-05 
9.63775e-05 
9.63961e-05 
9.64133e-05 
9.64289e-05 
9.64428e-05 
9.64547e-05 
9.64643e-05 
9.64715e-05 
9.6476e-05 
9.64776e-05 
9.64763e-05 
9.64717e-05 
9.6464e-05 
9.64529e-05 
9.64385e-05 
9.64209e-05 
9.64005e-05 
9.63784e-05 
9.63598e-05 
9.61585e-05 
9.61395e-05 
9.6118e-05 
9.60985e-05 
9.60819e-05 
9.60685e-05 
9.60582e-05 
9.60509e-05 
9.60463e-05 
9.60444e-05 
9.60451e-05 
9.6048e-05 
9.60531e-05 
9.60603e-05 
9.60693e-05 
9.608e-05 
9.60924e-05 
9.61062e-05 
9.61212e-05 
9.61375e-05 
9.61547e-05 
9.61728e-05 
9.61917e-05 
9.62111e-05 
9.6231e-05 
9.62511e-05 
9.62713e-05 
9.62915e-05 
9.63114e-05 
9.63308e-05 
9.63496e-05 
9.63675e-05 
9.63844e-05 
9.64e-05 
9.64141e-05 
9.64265e-05 
9.6437e-05 
9.64454e-05 
9.64514e-05 
9.6455e-05 
9.6456e-05 
9.64542e-05 
9.64495e-05 
9.64418e-05 
9.64312e-05 
9.64175e-05 
9.6401e-05 
9.63818e-05 
9.63613e-05 
9.63441e-05 
9.61734e-05 
9.61551e-05 
9.61345e-05 
9.61157e-05 
9.60996e-05 
9.60865e-05 
9.60762e-05 
9.60687e-05 
9.60639e-05 
9.60616e-05 
9.60617e-05 
9.60639e-05 
9.60683e-05 
9.60746e-05 
9.60827e-05 
9.60924e-05 
9.61037e-05 
9.61164e-05 
9.61303e-05 
9.61453e-05 
9.61613e-05 
9.61782e-05 
9.61957e-05 
9.62138e-05 
9.62323e-05 
9.6251e-05 
9.62698e-05 
9.62884e-05 
9.63068e-05 
9.63247e-05 
9.6342e-05 
9.63585e-05 
9.63739e-05 
9.63881e-05 
9.64008e-05 
9.6412e-05 
9.64213e-05 
9.64286e-05 
9.64338e-05 
9.64367e-05 
9.64371e-05 
9.6435e-05 
9.64303e-05 
9.64228e-05 
9.64126e-05 
9.63998e-05 
9.63842e-05 
9.63665e-05 
9.63474e-05 
9.63315e-05 
9.61853e-05 
9.61679e-05 
9.61482e-05 
9.613e-05 
9.61145e-05 
9.61017e-05 
9.60916e-05 
9.60841e-05 
9.60791e-05 
9.60765e-05 
9.60761e-05 
9.60779e-05 
9.60816e-05 
9.60871e-05 
9.60944e-05 
9.61033e-05 
9.61137e-05 
9.61254e-05 
9.61383e-05 
9.61523e-05 
9.61672e-05 
9.61829e-05 
9.61993e-05 
9.62161e-05 
9.62334e-05 
9.62508e-05 
9.62683e-05 
9.62857e-05 
9.63027e-05 
9.63194e-05 
9.63353e-05 
9.63505e-05 
9.63646e-05 
9.63776e-05 
9.63892e-05 
9.63992e-05 
9.64075e-05 
9.6414e-05 
9.64185e-05 
9.64208e-05 
9.64209e-05 
9.64186e-05 
9.64139e-05 
9.64067e-05 
9.63971e-05 
9.6385e-05 
9.63705e-05 
9.6354e-05 
9.63364e-05 
9.63217e-05 
9.61945e-05 
9.61779e-05 
9.61592e-05 
9.61418e-05 
9.61269e-05 
9.61145e-05 
9.61046e-05 
9.60972e-05 
9.60921e-05 
9.60893e-05 
9.60886e-05 
9.60899e-05 
9.60931e-05 
9.60981e-05 
9.61047e-05 
9.61128e-05 
9.61224e-05 
9.61333e-05 
9.61453e-05 
9.61583e-05 
9.61723e-05 
9.6187e-05 
9.62023e-05 
9.62182e-05 
9.62343e-05 
9.62507e-05 
9.6267e-05 
9.62832e-05 
9.62992e-05 
9.63146e-05 
9.63295e-05 
9.63435e-05 
9.63565e-05 
9.63684e-05 
9.6379e-05 
9.63882e-05 
9.63957e-05 
9.64014e-05 
9.64053e-05 
9.64072e-05 
9.6407e-05 
9.64046e-05 
9.64001e-05 
9.63933e-05 
9.63842e-05 
9.63729e-05 
9.63595e-05 
9.63442e-05 
9.63279e-05 
9.63145e-05 
9.62012e-05 
9.61855e-05 
9.61677e-05 
9.61512e-05 
9.61369e-05 
9.6125e-05 
9.61154e-05 
9.61082e-05 
9.61031e-05 
9.61002e-05 
9.60992e-05 
9.61002e-05 
9.6103e-05 
9.61074e-05 
9.61135e-05 
9.6121e-05 
9.61299e-05 
9.61401e-05 
9.61513e-05 
9.61636e-05 
9.61767e-05 
9.61906e-05 
9.6205e-05 
9.62199e-05 
9.62352e-05 
9.62506e-05 
9.62659e-05 
9.62812e-05 
9.62961e-05 
9.63106e-05 
9.63245e-05 
9.63375e-05 
9.63496e-05 
9.63607e-05 
9.63704e-05 
9.63788e-05 
9.63856e-05 
9.63908e-05 
9.63942e-05 
9.63958e-05 
9.63954e-05 
9.63931e-05 
9.63887e-05 
9.63823e-05 
9.63738e-05 
9.63633e-05 
9.63509e-05 
9.63368e-05 
9.63219e-05 
9.63096e-05 
9.62056e-05 
9.61908e-05 
9.6174e-05 
9.61583e-05 
9.61447e-05 
9.61333e-05 
9.61242e-05 
9.61171e-05 
9.61121e-05 
9.61092e-05 
9.61081e-05 
9.61088e-05 
9.61113e-05 
9.61153e-05 
9.6121e-05 
9.6128e-05 
9.61363e-05 
9.61459e-05 
9.61565e-05 
9.61681e-05 
9.61805e-05 
9.61937e-05 
9.62074e-05 
9.62215e-05 
9.6236e-05 
9.62505e-05 
9.62651e-05 
9.62795e-05 
9.62936e-05 
9.63073e-05 
9.63203e-05 
9.63326e-05 
9.63439e-05 
9.63542e-05 
9.63633e-05 
9.6371e-05 
9.63773e-05 
9.6382e-05 
9.63851e-05 
9.63864e-05 
9.6386e-05 
9.63837e-05 
9.63795e-05 
9.63735e-05 
9.63657e-05 
9.6356e-05 
9.63445e-05 
9.63316e-05 
9.6318e-05 
9.63068e-05 
9.62079e-05 
9.6194e-05 
9.61782e-05 
9.61634e-05 
9.61506e-05 
9.61398e-05 
9.6131e-05 
9.61243e-05 
9.61194e-05 
9.61165e-05 
9.61153e-05 
9.61159e-05 
9.61181e-05 
9.61219e-05 
9.61271e-05 
9.61338e-05 
9.61417e-05 
9.61507e-05 
9.61608e-05 
9.61719e-05 
9.61837e-05 
9.61963e-05 
9.62094e-05 
9.62229e-05 
9.62367e-05 
9.62506e-05 
9.62645e-05 
9.62783e-05 
9.62917e-05 
9.63047e-05 
9.63171e-05 
9.63287e-05 
9.63394e-05 
9.6349e-05 
9.63576e-05 
9.63648e-05 
9.63706e-05 
9.6375e-05 
9.63778e-05 
9.6379e-05 
9.63785e-05 
9.63764e-05 
9.63725e-05 
9.63669e-05 
9.63596e-05 
9.63507e-05 
9.63403e-05 
9.63285e-05 
9.63161e-05 
9.6306e-05 
9.62082e-05 
9.61952e-05 
9.61805e-05 
9.61667e-05 
9.61546e-05 
9.61445e-05 
9.61362e-05 
9.61297e-05 
9.61251e-05 
9.61222e-05 
9.6121e-05 
9.61215e-05 
9.61236e-05 
9.61271e-05 
9.61321e-05 
9.61384e-05 
9.6146e-05 
9.61547e-05 
9.61644e-05 
9.6175e-05 
9.61864e-05 
9.61985e-05 
9.62112e-05 
9.62242e-05 
9.62375e-05 
9.62509e-05 
9.62643e-05 
9.62775e-05 
9.62904e-05 
9.63028e-05 
9.63147e-05 
9.63258e-05 
9.6336e-05 
9.63452e-05 
9.63532e-05 
9.63601e-05 
9.63656e-05 
9.63697e-05 
9.63723e-05 
9.63735e-05 
9.6373e-05 
9.6371e-05 
9.63674e-05 
9.63622e-05 
9.63555e-05 
9.63474e-05 
9.63379e-05 
9.63272e-05 
9.6316e-05 
9.63069e-05 
9.62068e-05 
9.61948e-05 
9.61811e-05 
9.61683e-05 
9.61571e-05 
9.61475e-05 
9.61397e-05 
9.61336e-05 
9.61292e-05 
9.61265e-05 
9.61253e-05 
9.61258e-05 
9.61277e-05 
9.61312e-05 
9.61359e-05 
9.6142e-05 
9.61493e-05 
9.61578e-05 
9.61672e-05 
9.61775e-05 
9.61886e-05 
9.62004e-05 
9.62127e-05 
9.62253e-05 
9.62383e-05 
9.62513e-05 
9.62643e-05 
9.62772e-05 
9.62897e-05 
9.63017e-05 
9.63132e-05 
9.63239e-05 
9.63337e-05 
9.63426e-05 
9.63503e-05 
9.63569e-05 
9.63622e-05 
9.63661e-05 
9.63686e-05 
9.63696e-05 
9.63692e-05 
9.63674e-05 
9.63641e-05 
9.63593e-05 
9.63532e-05 
9.63458e-05 
9.63371e-05 
9.63275e-05 
9.63174e-05 
9.63093e-05 
9.62038e-05 
9.61928e-05 
9.61802e-05 
9.61684e-05 
9.6158e-05 
9.61491e-05 
9.61418e-05 
9.61361e-05 
9.6132e-05 
9.61294e-05 
9.61283e-05 
9.61288e-05 
9.61307e-05 
9.6134e-05 
9.61387e-05 
9.61446e-05 
9.61518e-05 
9.616e-05 
9.61693e-05 
9.61794e-05 
9.61903e-05 
9.62019e-05 
9.6214e-05 
9.62264e-05 
9.62392e-05 
9.6252e-05 
9.62648e-05 
9.62774e-05 
9.62896e-05 
9.63014e-05 
9.63126e-05 
9.63231e-05 
9.63327e-05 
9.63413e-05 
9.63488e-05 
9.63551e-05 
9.63603e-05 
9.6364e-05 
9.63665e-05 
9.63675e-05 
9.63672e-05 
9.63655e-05 
9.63624e-05 
9.63581e-05 
9.63525e-05 
9.63457e-05 
9.63379e-05 
9.63293e-05 
9.63203e-05 
9.63132e-05 
9.61995e-05 
9.61895e-05 
9.61781e-05 
9.61673e-05 
9.61577e-05 
9.61495e-05 
9.61427e-05 
9.61373e-05 
9.61334e-05 
9.6131e-05 
9.61301e-05 
9.61306e-05 
9.61325e-05 
9.61358e-05 
9.61404e-05 
9.61463e-05 
9.61534e-05 
9.61615e-05 
9.61707e-05 
9.61808e-05 
9.61916e-05 
9.62031e-05 
9.62151e-05 
9.62275e-05 
9.62401e-05 
9.62529e-05 
9.62656e-05 
9.62781e-05 
9.62902e-05 
9.63019e-05 
9.6313e-05 
9.63233e-05 
9.63328e-05 
9.63412e-05 
9.63486e-05 
9.63549e-05 
9.63599e-05 
9.63636e-05 
9.6366e-05 
9.6367e-05 
9.63668e-05 
9.63652e-05 
9.63624e-05 
9.63584e-05 
9.63532e-05 
9.63471e-05 
9.63401e-05 
9.63324e-05 
9.63244e-05 
9.63182e-05 
9.6194e-05 
9.61851e-05 
9.61748e-05 
9.6165e-05 
9.61562e-05 
9.61487e-05 
9.61423e-05 
9.61373e-05 
9.61337e-05 
9.61315e-05 
9.61306e-05 
9.61312e-05 
9.61331e-05 
9.61364e-05 
9.61411e-05 
9.6147e-05 
9.61541e-05 
9.61623e-05 
9.61715e-05 
9.61816e-05 
9.61925e-05 
9.6204e-05 
9.62161e-05 
9.62285e-05 
9.62412e-05 
9.6254e-05 
9.62668e-05 
9.62793e-05 
9.62915e-05 
9.63032e-05 
9.63143e-05 
9.63246e-05 
9.63341e-05 
9.63425e-05 
9.63499e-05 
9.63561e-05 
9.6361e-05 
9.63647e-05 
9.63671e-05 
9.63681e-05 
9.63679e-05 
9.63664e-05 
9.63638e-05 
9.636e-05 
9.63553e-05 
9.63497e-05 
9.63434e-05 
9.63365e-05 
9.63296e-05 
9.63242e-05 
9.61877e-05 
9.61798e-05 
9.61707e-05 
9.61619e-05 
9.61539e-05 
9.61469e-05 
9.6141e-05 
9.61363e-05 
9.61329e-05 
9.61308e-05 
9.61301e-05 
9.61307e-05 
9.61327e-05 
9.61361e-05 
9.61408e-05 
9.61468e-05 
9.61539e-05 
9.61622e-05 
9.61716e-05 
9.61818e-05 
9.61929e-05 
9.62046e-05 
9.62169e-05 
9.62296e-05 
9.62425e-05 
9.62555e-05 
9.62684e-05 
9.62812e-05 
9.62935e-05 
9.63054e-05 
9.63166e-05 
9.63271e-05 
9.63366e-05 
9.63451e-05 
9.63525e-05 
9.63587e-05 
9.63637e-05 
9.63674e-05 
9.63697e-05 
9.63708e-05 
9.63706e-05 
9.63691e-05 
9.63666e-05 
9.6363e-05 
9.63586e-05 
9.63534e-05 
9.63476e-05 
9.63415e-05 
9.63355e-05 
9.6331e-05 
9.61809e-05 
9.6174e-05 
9.6166e-05 
9.61581e-05 
9.61508e-05 
9.61443e-05 
9.61388e-05 
9.61344e-05 
9.61311e-05 
9.61291e-05 
9.61284e-05 
9.61291e-05 
9.61312e-05 
9.61347e-05 
9.61395e-05 
9.61456e-05 
9.6153e-05 
9.61615e-05 
9.6171e-05 
9.61816e-05 
9.61929e-05 
9.6205e-05 
9.62176e-05 
9.62306e-05 
9.62439e-05 
9.62572e-05 
9.62705e-05 
9.62836e-05 
9.62963e-05 
9.63085e-05 
9.632e-05 
9.63307e-05 
9.63404e-05 
9.63491e-05 
9.63566e-05 
9.63629e-05 
9.63679e-05 
9.63716e-05 
9.63739e-05 
9.6375e-05 
9.63747e-05 
9.63733e-05 
9.63707e-05 
9.63672e-05 
9.63629e-05 
9.6358e-05 
9.63526e-05 
9.63471e-05 
9.63419e-05 
9.63381e-05 
9.61738e-05 
9.6168e-05 
9.6161e-05 
9.6154e-05 
9.61472e-05 
9.61411e-05 
9.61358e-05 
9.61315e-05 
9.61283e-05 
9.61264e-05 
9.61257e-05 
9.61265e-05 
9.61286e-05 
9.61322e-05 
9.61372e-05 
9.61435e-05 
9.61511e-05 
9.61599e-05 
9.61699e-05 
9.61808e-05 
9.61926e-05 
9.62051e-05 
9.62182e-05 
9.62317e-05 
9.62455e-05 
9.62593e-05 
9.62732e-05 
9.62867e-05 
9.62999e-05 
9.63125e-05 
9.63244e-05 
9.63355e-05 
9.63455e-05 
9.63545e-05 
9.63622e-05 
9.63686e-05 
9.63737e-05 
9.63774e-05 
9.63798e-05 
9.63807e-05 
9.63803e-05 
9.63788e-05 
9.63761e-05 
9.63725e-05 
9.63681e-05 
9.63633e-05 
9.63582e-05 
9.63531e-05 
9.63485e-05 
9.63454e-05 
9.6167e-05 
9.61621e-05 
9.61561e-05 
9.61497e-05 
9.61434e-05 
9.61375e-05 
9.61322e-05 
9.61279e-05 
9.61247e-05 
9.61227e-05 
9.6122e-05 
9.61228e-05 
9.6125e-05 
9.61287e-05 
9.61339e-05 
9.61405e-05 
9.61484e-05 
9.61576e-05 
9.6168e-05 
9.61794e-05 
9.61918e-05 
9.62049e-05 
9.62186e-05 
9.62328e-05 
9.62472e-05 
9.62618e-05 
9.62763e-05 
9.62905e-05 
9.63043e-05 
9.63175e-05 
9.633e-05 
9.63415e-05 
9.6352e-05 
9.63613e-05 
9.63693e-05 
9.6376e-05 
9.63812e-05 
9.63849e-05 
9.63872e-05 
9.6388e-05 
9.63874e-05 
9.63856e-05 
9.63827e-05 
9.63788e-05 
9.63742e-05 
9.63692e-05 
9.6364e-05 
9.63592e-05 
9.6355e-05 
9.63523e-05 
9.61609e-05 
9.61569e-05 
9.61516e-05 
9.61456e-05 
9.61394e-05 
9.61335e-05 
9.61282e-05 
9.61237e-05 
9.61203e-05 
9.61181e-05 
9.61174e-05 
9.61181e-05 
9.61204e-05 
9.61242e-05 
9.61296e-05 
9.61365e-05 
9.61449e-05 
9.61546e-05 
9.61655e-05 
9.61776e-05 
9.61906e-05 
9.62045e-05 
9.6219e-05 
9.6234e-05 
9.62492e-05 
9.62646e-05 
9.62799e-05 
9.6295e-05 
9.63096e-05 
9.63235e-05 
9.63367e-05 
9.63488e-05 
9.63598e-05 
9.63696e-05 
9.6378e-05 
9.63849e-05 
9.63902e-05 
9.6394e-05 
9.63962e-05 
9.63968e-05 
9.63959e-05 
9.63937e-05 
9.63903e-05 
9.6386e-05 
9.63809e-05 
9.63754e-05 
9.637e-05 
9.63649e-05 
9.63608e-05 
9.63584e-05 
9.61561e-05 
9.61528e-05 
9.61479e-05 
9.6142e-05 
9.61357e-05 
9.61296e-05 
9.61239e-05 
9.61191e-05 
9.61153e-05 
9.61129e-05 
9.6112e-05 
9.61127e-05 
9.6115e-05 
9.61189e-05 
9.61246e-05 
9.61319e-05 
9.61407e-05 
9.61509e-05 
9.61625e-05 
9.61753e-05 
9.61891e-05 
9.62038e-05 
9.62192e-05 
9.62351e-05 
9.62513e-05 
9.62677e-05 
9.62839e-05 
9.62999e-05 
9.63154e-05 
9.63301e-05 
9.63441e-05 
9.63569e-05 
9.63686e-05 
9.63789e-05 
9.63876e-05 
9.63948e-05 
9.64004e-05 
9.64041e-05 
9.64062e-05 
9.64066e-05 
9.64054e-05 
9.64027e-05 
9.63987e-05 
9.63936e-05 
9.63878e-05 
9.63816e-05 
9.63755e-05 
9.637e-05 
9.63656e-05 
9.63632e-05 
9.61534e-05 
9.61505e-05 
9.61458e-05 
9.61398e-05 
9.61333e-05 
9.61268e-05 
9.61207e-05 
9.61155e-05 
9.61114e-05 
9.61087e-05 
9.61076e-05 
9.61082e-05 
9.61106e-05 
9.61147e-05 
9.61205e-05 
9.61281e-05 
9.61373e-05 
9.61481e-05 
9.61602e-05 
9.61736e-05 
9.61882e-05 
9.62036e-05 
9.62198e-05 
9.62365e-05 
9.62535e-05 
9.62707e-05 
9.62878e-05 
9.63046e-05 
9.63209e-05 
9.63364e-05 
9.6351e-05 
9.63645e-05 
9.63767e-05 
9.63874e-05 
9.63966e-05 
9.6404e-05 
9.64097e-05 
9.64135e-05 
9.64155e-05 
9.64156e-05 
9.6414e-05 
9.64108e-05 
9.64062e-05 
9.64004e-05 
9.63938e-05 
9.63868e-05 
9.63799e-05 
9.63737e-05 
9.63688e-05 
9.6366e-05 
