9.01914e-05 
9.20153e-05 
9.35982e-05 
9.48976e-05 
9.59002e-05 
9.66728e-05 
9.72696e-05 
9.77348e-05 
9.8101e-05 
9.83926e-05 
9.86273e-05 
9.88185e-05 
9.89761e-05 
9.91076e-05 
9.92186e-05 
9.93138e-05 
9.93964e-05 
9.94693e-05 
9.95346e-05 
9.95943e-05 
9.96497e-05 
9.97022e-05 
9.97528e-05 
9.98026e-05 
9.98525e-05 
9.99033e-05 
9.99559e-05 
0.000100011 
0.00010007 
0.000100133 
0.000100201 
0.000100276 
0.000100359 
0.000100452 
0.000100556 
0.000100675 
0.000100812 
0.00010097 
0.000101155 
0.000101375 
0.000101638 
0.000101957 
0.00010235 
0.000102839 
0.000103459 
0.000104251 
0.000105273 
0.000106598 
0.000108233 
0.000110159 
9.06703e-05 
9.23298e-05 
9.37563e-05 
9.49436e-05 
9.58787e-05 
9.66166e-05 
9.72002e-05 
9.76651e-05 
9.80384e-05 
9.83408e-05 
9.8588e-05 
9.87921e-05 
9.89622e-05 
9.91056e-05 
9.92278e-05 
9.93331e-05 
9.94251e-05 
9.95066e-05 
9.95798e-05 
9.96466e-05 
9.97086e-05 
9.97672e-05 
9.98235e-05 
9.98786e-05 
9.99335e-05 
9.9989e-05 
0.000100046 
0.000100105 
0.000100168 
0.000100235 
0.000100308 
0.000100387 
0.000100474 
0.000100571 
0.00010068 
0.000100804 
0.000100945 
0.000101109 
0.000101299 
0.000101523 
0.000101791 
0.000102112 
0.000102504 
0.000102985 
0.000103585 
0.000104338 
0.00010529 
0.000106501 
0.000107975 
0.000109722 
9.21075e-05 
9.3137e-05 
9.41806e-05 
9.51252e-05 
9.59173e-05 
9.65722e-05 
9.71099e-05 
9.75515e-05 
9.79155e-05 
9.82169e-05 
9.8468e-05 
9.86788e-05 
9.88571e-05 
9.90092e-05 
9.91403e-05 
9.92543e-05 
9.93548e-05 
9.94442e-05 
9.9525e-05 
9.9599e-05 
9.96678e-05 
9.97328e-05 
9.97952e-05 
9.98561e-05 
9.99165e-05 
9.99773e-05 
0.00010004 
0.000100104 
0.000100172 
0.000100244 
0.000100322 
0.000100406 
0.000100499 
0.000100601 
0.000100716 
0.000100845 
0.000100993 
0.000101162 
0.000101357 
0.000101586 
0.000101855 
0.000102175 
0.000102558 
0.00010302 
0.000103579 
0.000104257 
0.000105077 
0.000106056 
0.000107144 
0.000108229 
9.33784e-05 
9.40053e-05 
9.47255e-05 
9.54327e-05 
9.60656e-05 
9.66158e-05 
9.70862e-05 
9.74858e-05 
9.78244e-05 
9.81116e-05 
9.8356e-05 
9.85648e-05 
9.87443e-05 
9.88995e-05 
9.90349e-05 
9.9154e-05 
9.92599e-05 
9.93549e-05 
9.94412e-05 
9.95207e-05 
9.95949e-05 
9.96652e-05 
9.97328e-05 
9.97987e-05 
9.9864e-05 
9.99296e-05 
9.99966e-05 
0.000100066 
0.000100138 
0.000100215 
0.000100297 
0.000100386 
0.000100484 
0.000100591 
0.00010071 
0.000100844 
0.000100995 
0.000101167 
0.000101364 
0.000101592 
0.000101857 
0.000102166 
0.000102529 
0.000102955 
0.000103454 
0.000104037 
0.000104705 
0.000105448 
0.000106205 
0.000106861 
9.44337e-05 
9.48109e-05 
9.52935e-05 
9.58064e-05 
9.62954e-05 
9.67421e-05 
9.71399e-05 
9.74895e-05 
9.77943e-05 
9.80592e-05 
9.82894e-05 
9.84898e-05 
9.86648e-05 
9.88184e-05 
9.8954e-05 
9.90747e-05 
9.9183e-05 
9.92812e-05 
9.9371e-05 
9.94542e-05 
9.95323e-05 
9.96064e-05 
9.96779e-05 
9.97478e-05 
9.9817e-05 
9.98866e-05 
9.99574e-05 
0.00010003 
0.000100107 
0.000100187 
0.000100273 
0.000100366 
0.000100466 
0.000100577 
0.000100699 
0.000100835 
0.000100987 
0.000101159 
0.000101353 
0.000101575 
0.000101829 
0.00010212 
0.000102453 
0.000102834 
0.000103266 
0.000103747 
0.00010427 
0.000104814 
0.00010532 
0.000105706 
9.52834e-05 
9.55084e-05 
9.58264e-05 
9.61918e-05 
9.65623e-05 
9.69172e-05 
9.72458e-05 
9.7544e-05 
9.78114e-05 
9.80495e-05 
9.82608e-05 
9.84481e-05 
9.86144e-05 
9.87625e-05 
9.8895e-05 
9.90143e-05 
9.91225e-05 
9.92214e-05 
9.93127e-05 
9.93978e-05 
9.94782e-05 
9.95549e-05 
9.96291e-05 
9.97017e-05 
9.97738e-05 
9.98463e-05 
9.99201e-05 
9.9996e-05 
0.000100075 
0.000100158 
0.000100247 
0.000100342 
0.000100445 
0.000100557 
0.00010068 
0.000100815 
0.000100966 
0.000101135 
0.000101323 
0.000101535 
0.000101773 
0.00010204 
0.000102339 
0.000102671 
0.000103034 
0.000103421 
0.000103821 
0.000104207 
0.000104536 
0.000104756 
9.59681e-05 
9.60993e-05 
9.63056e-05 
9.65627e-05 
9.68395e-05 
9.71174e-05 
9.73845e-05 
9.76347e-05 
9.7865e-05 
9.80749e-05 
9.8265e-05 
9.84366e-05 
9.85915e-05 
9.87315e-05 
9.88584e-05 
9.8974e-05 
9.908e-05 
9.91778e-05 
9.92688e-05 
9.93544e-05 
9.94356e-05 
9.95136e-05 
9.95894e-05 
9.96638e-05 
9.97378e-05 
9.98122e-05 
9.98879e-05 
9.99659e-05 
0.000100047 
0.000100132 
0.000100222 
0.000100318 
0.000100422 
0.000100534 
0.000100656 
0.00010079 
0.000100937 
0.000101099 
0.000101279 
0.000101477 
0.000101696 
0.000101937 
0.0001022 
0.000102483 
0.000102782 
0.000103088 
0.000103386 
0.000103654 
0.00010386 
0.000103978 
9.65231e-05 
9.65956e-05 
9.67266e-05 
9.69053e-05 
9.71101e-05 
9.73254e-05 
9.75401e-05 
9.77473e-05 
9.79431e-05 
9.81256e-05 
9.82941e-05 
9.84489e-05 
9.8591e-05 
9.87212e-05 
9.88408e-05 
9.89511e-05 
9.90533e-05 
9.91485e-05 
9.92379e-05 
9.93226e-05 
9.94036e-05 
9.94818e-05 
9.9558e-05 
9.96332e-05 
9.97082e-05 
9.97836e-05 
9.98605e-05 
9.99395e-05 
0.000100021 
0.000100107 
0.000100198 
0.000100294 
0.000100397 
0.000100508 
0.000100628 
0.000100758 
0.000100899 
0.000101054 
0.000101222 
0.000101406 
0.000101604 
0.000101818 
0.000102045 
0.000102283 
0.000102525 
0.000102762 
0.000102981 
0.000103162 
0.000103285 
0.000103338 
9.69771e-05 
9.70127e-05 
9.70927e-05 
9.72153e-05 
9.73653e-05 
9.75307e-05 
9.77018e-05 
9.78718e-05 
9.80366e-05 
9.81936e-05 
9.83414e-05 
9.84796e-05 
9.86082e-05 
9.87279e-05 
9.88392e-05 
9.89431e-05 
9.90404e-05 
9.9132e-05 
9.92187e-05 
9.93016e-05 
9.93813e-05 
9.94587e-05 
9.95346e-05 
9.96097e-05 
9.96847e-05 
9.97604e-05 
9.98375e-05 
9.99168e-05 
9.99988e-05 
0.000100084 
0.000100175 
0.00010027 
0.000100371 
0.00010048 
0.000100596 
0.000100721 
0.000100856 
0.000101001 
0.000101157 
0.000101324 
0.000101502 
0.000101689 
0.000101883 
0.00010208 
0.000102273 
0.000102454 
0.000102611 
0.000102729 
0.000102795 
0.000102809 
9.73525e-05 
9.73645e-05 
9.74101e-05 
9.74923e-05 
9.76011e-05 
9.77272e-05 
9.78626e-05 
9.80011e-05 
9.81388e-05 
9.82727e-05 
9.84012e-05 
9.85234e-05 
9.86389e-05 
9.87479e-05 
9.88505e-05 
9.89474e-05 
9.90391e-05 
9.91263e-05 
9.92096e-05 
9.92898e-05 
9.93675e-05 
9.94434e-05 
9.95181e-05 
9.95924e-05 
9.96668e-05 
9.97421e-05 
9.98187e-05 
9.98974e-05 
9.99787e-05 
0.000100063 
0.000100152 
0.000100246 
0.000100345 
0.000100449 
0.000100561 
0.00010068 
0.000100807 
0.000100942 
0.000101085 
0.000101235 
0.000101393 
0.000101555 
0.000101719 
0.00010188 
0.000102032 
0.000102169 
0.000102278 
0.000102351 
0.000102379 
0.000102367 
9.76661e-05 
9.76632e-05 
9.76852e-05 
9.77384e-05 
9.78163e-05 
9.79117e-05 
9.80181e-05 
9.81303e-05 
9.82446e-05 
9.83582e-05 
9.84692e-05 
9.85765e-05 
9.86795e-05 
9.8778e-05 
9.88719e-05 
9.89616e-05 
9.90473e-05 
9.91296e-05 
9.9209e-05 
9.9286e-05 
9.9361e-05 
9.94348e-05 
9.95078e-05 
9.95807e-05 
9.96538e-05 
9.97279e-05 
9.98034e-05 
9.98809e-05 
9.99609e-05 
0.000100044 
0.000100131 
0.000100222 
0.000100317 
0.000100418 
0.000100524 
0.000100636 
0.000100754 
0.000100879 
0.000101009 
0.000101143 
0.000101281 
0.00010142 
0.000101557 
0.000101688 
0.000101807 
0.000101907 
0.000101981 
0.000102022 
0.000102023 
0.000101997 
9.7931e-05 
9.79185e-05 
9.79245e-05 
9.79568e-05 
9.80113e-05 
9.80827e-05 
9.81658e-05 
9.82562e-05 
9.83506e-05 
9.84464e-05 
9.85418e-05 
9.86356e-05 
9.87269e-05 
9.88154e-05 
9.89009e-05 
9.89834e-05 
9.90632e-05 
9.91404e-05 
9.92155e-05 
9.92888e-05 
9.93608e-05 
9.9432e-05 
9.95028e-05 
9.95737e-05 
9.96451e-05 
9.97174e-05 
9.97913e-05 
9.9867e-05 
9.9945e-05 
0.000100026 
0.00010011 
0.000100197 
0.000100289 
0.000100385 
0.000100485 
0.00010059 
0.0001007 
0.000100813 
0.00010093 
0.000101049 
0.000101169 
0.000101288 
0.000101401 
0.000101506 
0.000101598 
0.00010167 
0.000101718 
0.000101735 
0.000101719 
0.000101684 
9.81568e-05 
9.81383e-05 
9.81332e-05 
9.81503e-05 
9.81872e-05 
9.82399e-05 
9.83043e-05 
9.83768e-05 
9.84544e-05 
9.85349e-05 
9.86166e-05 
9.86982e-05 
9.87788e-05 
9.8858e-05 
9.89354e-05 
9.9011e-05 
9.90847e-05 
9.91568e-05 
9.92275e-05 
9.92971e-05 
9.93658e-05 
9.94341e-05 
9.95022e-05 
9.95707e-05 
9.96399e-05 
9.97101e-05 
9.97818e-05 
9.98552e-05 
9.99307e-05 
0.000100009 
0.000100089 
0.000100173 
0.000100261 
0.000100351 
0.000100445 
0.000100543 
0.000100643 
0.000100746 
0.000100851 
0.000100956 
0.00010106 
0.00010116 
0.000101253 
0.000101337 
0.000101406 
0.000101456 
0.000101484 
0.000101484 
0.000101458 
0.000101417 
9.8351e-05 
9.83287e-05 
9.83161e-05 
9.83221e-05 
9.83457e-05 
9.83838e-05 
9.84332e-05 
9.84909e-05 
9.85545e-05 
9.86219e-05 
9.86916e-05 
9.87623e-05 
9.88333e-05 
9.89039e-05 
9.89737e-05 
9.90427e-05 
9.91106e-05 
9.91776e-05 
9.92439e-05 
9.93095e-05 
9.93748e-05 
9.94399e-05 
9.95052e-05 
9.9571e-05 
9.96376e-05 
9.97054e-05 
9.97745e-05 
9.98452e-05 
9.99179e-05 
9.99927e-05 
0.00010007 
0.00010015 
0.000100232 
0.000100317 
0.000100405 
0.000100495 
0.000100587 
0.00010068 
0.000100773 
0.000100865 
0.000100954 
0.000101037 
0.000101114 
0.000101179 
0.000101231 
0.000101264 
0.000101277 
0.000101266 
0.000101232 
0.000101188 
9.85194e-05 
9.84947e-05 
9.84769e-05 
9.84749e-05 
9.84884e-05 
9.8515e-05 
9.85524e-05 
9.8598e-05 
9.86499e-05 
9.87061e-05 
9.87654e-05 
9.88265e-05 
9.88888e-05 
9.89516e-05 
9.90144e-05 
9.90771e-05 
9.91395e-05 
9.92016e-05 
9.92634e-05 
9.93251e-05 
9.93868e-05 
9.94487e-05 
9.9511e-05 
9.95739e-05 
9.96377e-05 
9.97027e-05 
9.9769e-05 
9.98368e-05 
9.99063e-05 
9.99777e-05 
0.000100051 
0.000100127 
0.000100204 
0.000100283 
0.000100365 
0.000100447 
0.00010053 
0.000100614 
0.000100696 
0.000100776 
0.000100852 
0.000100922 
0.000100984 
0.000101034 
0.000101072 
0.000101092 
0.000101094 
0.000101074 
0.000101036 
0.000100992 
9.86663e-05 
9.86403e-05 
9.8619e-05 
9.86111e-05 
9.86167e-05 
9.86344e-05 
9.86621e-05 
9.86979e-05 
9.87399e-05 
9.87866e-05 
9.88369e-05 
9.88897e-05 
9.89443e-05 
9.89999e-05 
9.90564e-05 
9.91132e-05 
9.91704e-05 
9.92277e-05 
9.92853e-05 
9.9343e-05 
9.94011e-05 
9.94597e-05 
9.95188e-05 
9.95788e-05 
9.96396e-05 
9.97016e-05 
9.97649e-05 
9.98295e-05 
9.98956e-05 
9.99633e-05 
0.000100033 
0.000100104 
0.000100176 
0.00010025 
0.000100325 
0.0001004 
0.000100475 
0.00010055 
0.000100622 
0.000100691 
0.000100756 
0.000100814 
0.000100863 
0.000100902 
0.000100927 
0.000100938 
0.000100931 
0.000100906 
0.000100866 
0.000100822 
9.87953e-05 
9.87686e-05 
9.87449e-05 
9.87326e-05 
9.87323e-05 
9.8743e-05 
9.87629e-05 
9.87905e-05 
9.88243e-05 
9.8863e-05 
9.89056e-05 
9.8951e-05 
9.89987e-05 
9.90481e-05 
9.90986e-05 
9.91501e-05 
9.92024e-05 
9.92552e-05 
9.93086e-05 
9.93625e-05 
9.9417e-05 
9.94722e-05 
9.95282e-05 
9.9585e-05 
9.96428e-05 
9.97017e-05 
9.97618e-05 
9.98231e-05 
9.98857e-05 
9.99497e-05 
0.000100015 
0.000100081 
0.000100149 
0.000100217 
0.000100285 
0.000100354 
0.000100421 
0.000100487 
0.000100551 
0.000100611 
0.000100665 
0.000100713 
0.000100752 
0.000100781 
0.000100797 
0.0001008 
0.000100788 
0.000100759 
0.000100718 
0.000100674 
9.8909e-05 
9.88821e-05 
9.88567e-05 
9.88412e-05 
9.88364e-05 
9.88415e-05 
9.88552e-05 
9.88761e-05 
9.8903e-05 
9.8935e-05 
9.89709e-05 
9.901e-05 
9.90516e-05 
9.90952e-05 
9.91405e-05 
9.9187e-05 
9.92347e-05 
9.92833e-05 
9.93327e-05 
9.93829e-05 
9.9434e-05 
9.94858e-05 
9.95386e-05 
9.95922e-05 
9.96469e-05 
9.97027e-05 
9.97595e-05 
9.98174e-05 
9.98764e-05 
9.99365e-05 
9.99975e-05 
0.000100059 
0.000100122 
0.000100184 
0.000100247 
0.000100309 
0.00010037 
0.000100428 
0.000100483 
0.000100534 
0.00010058 
0.000100619 
0.00010065 
0.000100671 
0.00010068 
0.000100677 
0.00010066 
0.00010063 
0.000100588 
0.000100546 
9.90097e-05 
9.89827e-05 
9.89563e-05 
9.89385e-05 
9.89302e-05 
9.89309e-05 
9.89395e-05 
9.89549e-05 
9.89762e-05 
9.90023e-05 
9.90325e-05 
9.9066e-05 
9.91023e-05 
9.91409e-05 
9.91814e-05 
9.92234e-05 
9.92668e-05 
9.93114e-05 
9.93571e-05 
9.94037e-05 
9.94514e-05 
9.95e-05 
9.95495e-05 
9.96001e-05 
9.96516e-05 
9.97041e-05 
9.97577e-05 
9.98121e-05 
9.98675e-05 
9.99237e-05 
9.99806e-05 
0.000100038 
0.000100096 
0.000100153 
0.00010021 
0.000100266 
0.00010032 
0.000100371 
0.000100419 
0.000100463 
0.000100501 
0.000100533 
0.000100556 
0.000100571 
0.000100575 
0.000100567 
0.000100547 
0.000100516 
0.000100475 
0.000100434 
9.90989e-05 
9.90722e-05 
9.90452e-05 
9.90257e-05 
9.90148e-05 
9.90119e-05 
9.90164e-05 
9.90273e-05 
9.90438e-05 
9.9065e-05 
9.90903e-05 
9.91191e-05 
9.91507e-05 
9.91847e-05 
9.92208e-05 
9.92588e-05 
9.92982e-05 
9.93391e-05 
9.93812e-05 
9.94245e-05 
9.94689e-05 
9.95143e-05 
9.95607e-05 
9.96082e-05 
9.96566e-05 
9.97059e-05 
9.97561e-05 
9.98072e-05 
9.9859e-05 
9.99114e-05 
9.99642e-05 
0.000100017 
0.00010007 
0.000100123 
0.000100174 
0.000100224 
0.000100272 
0.000100318 
0.000100359 
0.000100397 
0.000100428 
0.000100454 
0.000100471 
0.00010048 
0.00010048 
0.000100469 
0.000100448 
0.000100415 
0.000100375 
0.000100337 
9.91783e-05 
9.91518e-05 
9.91246e-05 
9.91039e-05 
9.90909e-05 
9.90853e-05 
9.90865e-05 
9.90937e-05 
9.91061e-05 
9.91232e-05 
9.91443e-05 
9.91688e-05 
9.91963e-05 
9.92264e-05 
9.92586e-05 
9.92928e-05 
9.93287e-05 
9.93661e-05 
9.94049e-05 
9.94449e-05 
9.94861e-05 
9.95285e-05 
9.95719e-05 
9.96163e-05 
9.96616e-05 
9.97078e-05 
9.97548e-05 
9.98025e-05 
9.98508e-05 
9.98994e-05 
9.99483e-05 
9.99972e-05 
0.000100046 
0.000100093 
0.00010014 
0.000100185 
0.000100228 
0.000100267 
0.000100303 
0.000100335 
0.000100361 
0.000100381 
0.000100394 
0.000100399 
0.000100395 
0.000100382 
0.000100359 
0.000100327 
0.000100288 
0.000100252 
9.92488e-05 
9.92228e-05 
9.91956e-05 
9.91741e-05 
9.91595e-05 
9.91517e-05 
9.91502e-05 
9.91543e-05 
9.91634e-05 
9.9177e-05 
9.91945e-05 
9.92153e-05 
9.92392e-05 
9.92657e-05 
9.92944e-05 
9.93252e-05 
9.93578e-05 
9.9392e-05 
9.94277e-05 
9.94647e-05 
9.95029e-05 
9.95423e-05 
9.95827e-05 
9.96242e-05 
9.96665e-05 
9.97097e-05 
9.97535e-05 
9.97979e-05 
9.98428e-05 
9.98879e-05 
9.9933e-05 
9.99778e-05 
0.000100022 
0.000100065 
0.000100107 
0.000100148 
0.000100185 
0.00010022 
0.000100251 
0.000100278 
0.000100299 
0.000100315 
0.000100323 
0.000100325 
0.000100319 
0.000100304 
0.000100281 
0.000100249 
0.000100212 
0.000100177 
9.93115e-05 
9.9286e-05 
9.92589e-05 
9.92369e-05 
9.92212e-05 
9.92117e-05 
9.9208e-05 
9.92096e-05 
9.92159e-05 
9.92265e-05 
9.92409e-05 
9.92586e-05 
9.92792e-05 
9.93025e-05 
9.93282e-05 
9.93559e-05 
9.93854e-05 
9.94167e-05 
9.94494e-05 
9.94836e-05 
9.9519e-05 
9.95556e-05 
9.95932e-05 
9.96318e-05 
9.96712e-05 
9.97114e-05 
9.97522e-05 
9.97934e-05 
9.9835e-05 
9.98766e-05 
9.99182e-05 
9.99593e-05 
9.99996e-05 
0.000100039 
0.000100077 
0.000100112 
0.000100146 
0.000100176 
0.000100203 
0.000100225 
0.000100242 
0.000100254 
0.00010026 
0.000100259 
0.00010025 
0.000100235 
0.000100211 
0.00010018 
0.000100145 
0.000100112 
9.93671e-05 
9.93422e-05 
9.93155e-05 
9.92932e-05 
9.92766e-05 
9.92658e-05 
9.92604e-05 
9.92599e-05 
9.92638e-05 
9.92719e-05 
9.92836e-05 
9.92985e-05 
9.93164e-05 
9.93369e-05 
9.93597e-05 
9.93846e-05 
9.94114e-05 
9.944e-05 
9.947e-05 
9.95015e-05 
9.95342e-05 
9.95681e-05 
9.96031e-05 
9.96389e-05 
9.96756e-05 
9.97129e-05 
9.97508e-05 
9.9789e-05 
9.98274e-05 
9.98658e-05 
9.99039e-05 
9.99415e-05 
9.99782e-05 
0.000100014 
0.000100048 
0.000100079 
0.000100109 
0.000100135 
0.000100158 
0.000100176 
0.00010019 
0.000100199 
0.000100202 
0.000100199 
0.00010019 
0.000100173 
0.00010015 
0.00010012 
0.000100086 
0.000100056 
9.94165e-05 
9.93922e-05 
9.93658e-05 
9.93434e-05 
9.93263e-05 
9.93145e-05 
9.93077e-05 
9.93054e-05 
9.93075e-05 
9.93134e-05 
9.93228e-05 
9.93353e-05 
9.93508e-05 
9.93687e-05 
9.93891e-05 
9.94115e-05 
9.94358e-05 
9.94618e-05 
9.94893e-05 
9.95183e-05 
9.95485e-05 
9.95799e-05 
9.96123e-05 
9.96456e-05 
9.96796e-05 
9.97142e-05 
9.97493e-05 
9.97847e-05 
9.98201e-05 
9.98554e-05 
9.98904e-05 
9.99247e-05 
9.9958e-05 
9.999e-05 
0.00010002 
0.000100049 
0.000100074 
0.000100097 
0.000100117 
0.000100132 
0.000100143 
0.00010015 
0.000100151 
0.000100146 
0.000100135 
0.000100119 
0.000100096 
0.000100067 
0.000100035 
0.000100006 
9.94601e-05 
9.94364e-05 
9.94105e-05 
9.93883e-05 
9.93708e-05 
9.93582e-05 
9.93503e-05 
9.93467e-05 
9.93471e-05 
9.93512e-05 
9.93586e-05 
9.93691e-05 
9.93823e-05 
9.93981e-05 
9.94162e-05 
9.94363e-05 
9.94583e-05 
9.9482e-05 
9.95073e-05 
9.95339e-05 
9.95618e-05 
9.95909e-05 
9.96208e-05 
9.96517e-05 
9.96832e-05 
9.97153e-05 
9.97477e-05 
9.97804e-05 
9.9813e-05 
9.98455e-05 
9.98774e-05 
9.99087e-05 
9.99389e-05 
9.99678e-05 
9.9995e-05 
0.00010002 
0.000100043 
0.000100063 
0.000100079 
0.000100092 
0.000100101 
0.000100105 
0.000100104 
0.000100098 
0.000100087 
0.00010007 
0.000100048 
0.000100021 
9.99906e-05 
9.99638e-05 
9.94984e-05 
9.94754e-05 
9.94502e-05 
9.94281e-05 
9.94104e-05 
9.93973e-05 
9.93885e-05 
9.93838e-05 
9.93829e-05 
9.93854e-05 
9.93912e-05 
9.93999e-05 
9.94113e-05 
9.94251e-05 
9.94411e-05 
9.94592e-05 
9.94792e-05 
9.95008e-05 
9.95239e-05 
9.95484e-05 
9.95741e-05 
9.96009e-05 
9.96287e-05 
9.96572e-05 
9.96864e-05 
9.97161e-05 
9.97461e-05 
9.97762e-05 
9.98062e-05 
9.9836e-05 
9.98652e-05 
9.98937e-05 
9.99211e-05 
9.99471e-05 
9.99714e-05 
9.99937e-05 
0.000100014 
0.000100031 
0.000100045 
0.000100055 
0.000100062 
0.000100064 
0.000100062 
0.000100056 
0.000100044 
0.000100028 
0.000100006 
9.99806e-05 
9.9952e-05 
9.99269e-05 
9.9532e-05 
9.95097e-05 
9.94851e-05 
9.94633e-05 
9.94456e-05 
9.94322e-05 
9.94228e-05 
9.94172e-05 
9.94151e-05 
9.94164e-05 
9.94207e-05 
9.94279e-05 
9.94376e-05 
9.94497e-05 
9.9464e-05 
9.94802e-05 
9.94983e-05 
9.9518e-05 
9.95392e-05 
9.95617e-05 
9.95854e-05 
9.96102e-05 
9.96358e-05 
9.96622e-05 
9.96892e-05 
9.97166e-05 
9.97443e-05 
9.97721e-05 
9.97997e-05 
9.9827e-05 
9.98537e-05 
9.98796e-05 
9.99044e-05 
9.99279e-05 
9.99496e-05 
9.99694e-05 
9.99869e-05 
0.000100002 
0.000100014 
0.000100022 
0.000100027 
0.000100028 
0.000100025 
0.000100018 
0.000100007 
9.99905e-05 
9.997e-05 
9.99455e-05 
9.99186e-05 
9.98952e-05 
9.95612e-05 
9.95396e-05 
9.95157e-05 
9.94943e-05 
9.94768e-05 
9.94631e-05 
9.94532e-05 
9.94469e-05 
9.9444e-05 
9.94442e-05 
9.94473e-05 
9.94531e-05 
9.94614e-05 
9.9472e-05 
9.94847e-05 
9.94993e-05 
9.95157e-05 
9.95337e-05 
9.95531e-05 
9.95738e-05 
9.95957e-05 
9.96185e-05 
9.96422e-05 
9.96667e-05 
9.96916e-05 
9.9717e-05 
9.97425e-05 
9.97681e-05 
9.97935e-05 
9.98186e-05 
9.9843e-05 
9.98666e-05 
9.9889e-05 
9.99102e-05 
9.99296e-05 
9.99472e-05 
9.99625e-05 
9.99754e-05 
9.99854e-05 
9.99924e-05 
9.99961e-05 
9.99962e-05 
9.99925e-05 
9.9985e-05 
9.99734e-05 
9.99579e-05 
9.99383e-05 
9.99152e-05 
9.989e-05 
9.98682e-05 
9.95863e-05 
9.95655e-05 
9.95423e-05 
9.95215e-05 
9.95041e-05 
9.94904e-05 
9.94802e-05 
9.94734e-05 
9.94698e-05 
9.94691e-05 
9.94712e-05 
9.94759e-05 
9.9483e-05 
9.94922e-05 
9.95035e-05 
9.95167e-05 
9.95315e-05 
9.95479e-05 
9.95657e-05 
9.95848e-05 
9.9605e-05 
9.96261e-05 
9.9648e-05 
9.96706e-05 
9.96937e-05 
9.97172e-05 
9.97408e-05 
9.97643e-05 
9.97877e-05 
9.98107e-05 
9.9833e-05 
9.98545e-05 
9.98749e-05 
9.98939e-05 
9.99114e-05 
9.9927e-05 
9.99405e-05 
9.99516e-05 
9.99601e-05 
9.99658e-05 
9.99683e-05 
9.99676e-05 
9.99635e-05 
9.99558e-05 
9.99444e-05 
9.99295e-05 
9.99109e-05 
9.98892e-05 
9.98656e-05 
9.98454e-05 
9.96078e-05 
9.95877e-05 
9.95653e-05 
9.9545e-05 
9.9528e-05 
9.95143e-05 
9.9504e-05 
9.94968e-05 
9.94927e-05 
9.94913e-05 
9.94925e-05 
9.94962e-05 
9.95022e-05 
9.95103e-05 
9.95204e-05 
9.95323e-05 
9.95458e-05 
9.95608e-05 
9.95771e-05 
9.95947e-05 
9.96133e-05 
9.96329e-05 
9.96532e-05 
9.96741e-05 
9.96955e-05 
9.97172e-05 
9.9739e-05 
9.97608e-05 
9.97823e-05 
9.98034e-05 
9.98239e-05 
9.98435e-05 
9.9862e-05 
9.98792e-05 
9.98949e-05 
9.99088e-05 
9.99207e-05 
9.99303e-05 
9.99375e-05 
9.99421e-05 
9.99438e-05 
9.99424e-05 
9.9938e-05 
9.99303e-05 
9.99193e-05 
9.9905e-05 
9.98874e-05 
9.98671e-05 
9.98451e-05 
9.98263e-05 
9.96258e-05 
9.96065e-05 
9.95849e-05 
9.95653e-05 
9.95486e-05 
9.95352e-05 
9.95248e-05 
9.95174e-05 
9.95128e-05 
9.95109e-05 
9.95114e-05 
9.95143e-05 
9.95194e-05 
9.95265e-05 
9.95355e-05 
9.95462e-05 
9.95585e-05 
9.95723e-05 
9.95873e-05 
9.96035e-05 
9.96208e-05 
9.96389e-05 
9.96577e-05 
9.96772e-05 
9.9697e-05 
9.97171e-05 
9.97373e-05 
9.97574e-05 
9.97773e-05 
9.97967e-05 
9.98155e-05 
9.98334e-05 
9.98503e-05 
9.98659e-05 
9.988e-05 
9.98924e-05 
9.9903e-05 
9.99114e-05 
9.99175e-05 
9.99211e-05 
9.99221e-05 
9.99204e-05 
9.99157e-05 
9.99082e-05 
9.98976e-05 
9.9884e-05 
9.98675e-05 
9.98485e-05 
9.9828e-05 
9.98107e-05 
9.96406e-05 
9.96221e-05 
9.96014e-05 
9.95825e-05 
9.95663e-05 
9.95531e-05 
9.95428e-05 
9.95353e-05 
9.95304e-05 
9.9528e-05 
9.9528e-05 
9.95303e-05 
9.95346e-05 
9.95408e-05 
9.95489e-05 
9.95586e-05 
9.95699e-05 
9.95825e-05 
9.95964e-05 
9.96114e-05 
9.96274e-05 
9.96442e-05 
9.96618e-05 
9.96798e-05 
9.96983e-05 
9.9717e-05 
9.97357e-05 
9.97544e-05 
9.97728e-05 
9.97907e-05 
9.9808e-05 
9.98244e-05 
9.98398e-05 
9.9854e-05 
9.98668e-05 
9.98779e-05 
9.98873e-05 
9.98947e-05 
9.98999e-05 
9.99028e-05 
9.99033e-05 
9.99012e-05 
9.98966e-05 
9.98892e-05 
9.98791e-05 
9.98663e-05 
9.98508e-05 
9.98331e-05 
9.98141e-05 
9.97981e-05 
9.96525e-05 
9.96349e-05 
9.96151e-05 
9.95968e-05 
9.95812e-05 
9.95683e-05 
9.95582e-05 
9.95507e-05 
9.95456e-05 
9.95429e-05 
9.95425e-05 
9.95442e-05 
9.95479e-05 
9.95534e-05 
9.95607e-05 
9.95695e-05 
9.95799e-05 
9.95915e-05 
9.96044e-05 
9.96184e-05 
9.96333e-05 
9.96489e-05 
9.96653e-05 
9.96822e-05 
9.96994e-05 
9.97168e-05 
9.97343e-05 
9.97516e-05 
9.97687e-05 
9.97853e-05 
9.98013e-05 
9.98164e-05 
9.98306e-05 
9.98435e-05 
9.98551e-05 
9.98652e-05 
9.98736e-05 
9.98801e-05 
9.98846e-05 
9.98869e-05 
9.98871e-05 
9.98848e-05 
9.98802e-05 
9.98731e-05 
9.98635e-05 
9.98515e-05 
9.98371e-05 
9.98207e-05 
9.98031e-05 
9.97884e-05 
9.96617e-05 
9.96449e-05 
9.9626e-05 
9.96086e-05 
9.95936e-05 
9.95811e-05 
9.95712e-05 
9.95637e-05 
9.95586e-05 
9.95557e-05 
9.9555e-05 
9.95562e-05 
9.95594e-05 
9.95643e-05 
9.95709e-05 
9.9579e-05 
9.95886e-05 
9.95994e-05 
9.96114e-05 
9.96244e-05 
9.96384e-05 
9.96531e-05 
9.96684e-05 
9.96842e-05 
9.97003e-05 
9.97167e-05 
9.9733e-05 
9.97492e-05 
9.97652e-05 
9.97806e-05 
9.97955e-05 
9.98095e-05 
9.98225e-05 
9.98344e-05 
9.98451e-05 
9.98542e-05 
9.98617e-05 
9.98675e-05 
9.98714e-05 
9.98734e-05 
9.98732e-05 
9.98709e-05 
9.98664e-05 
9.98596e-05 
9.98506e-05 
9.98394e-05 
9.98261e-05 
9.98109e-05 
9.97947e-05 
9.97811e-05 
9.96684e-05 
9.96525e-05 
9.96345e-05 
9.96179e-05 
9.96036e-05 
9.95916e-05 
9.9582e-05 
9.95747e-05 
9.95696e-05 
9.95666e-05 
9.95656e-05 
9.95665e-05 
9.95693e-05 
9.95737e-05 
9.95798e-05 
9.95873e-05 
9.95961e-05 
9.96062e-05 
9.96175e-05 
9.96297e-05 
9.96428e-05 
9.96567e-05 
9.96711e-05 
9.9686e-05 
9.97012e-05 
9.97166e-05 
9.9732e-05 
9.97472e-05 
9.97622e-05 
9.97766e-05 
9.97905e-05 
9.98035e-05 
9.98157e-05 
9.98267e-05 
9.98365e-05 
9.98449e-05 
9.98517e-05 
9.98569e-05 
9.98604e-05 
9.9862e-05 
9.98617e-05 
9.98594e-05 
9.9855e-05 
9.98487e-05 
9.98403e-05 
9.98298e-05 
9.98175e-05 
9.98035e-05 
9.97886e-05 
9.97763e-05 
9.96728e-05 
9.96577e-05 
9.96408e-05 
9.96251e-05 
9.96114e-05 
9.96e-05 
9.95908e-05 
9.95837e-05 
9.95787e-05 
9.95756e-05 
9.95745e-05 
9.95752e-05 
9.95776e-05 
9.95817e-05 
9.95872e-05 
9.95942e-05 
9.96025e-05 
9.96121e-05 
9.96227e-05 
9.96342e-05 
9.96467e-05 
9.96598e-05 
9.96735e-05 
9.96876e-05 
9.9702e-05 
9.97166e-05 
9.97312e-05 
9.97456e-05 
9.97597e-05 
9.97733e-05 
9.97864e-05 
9.97986e-05 
9.981e-05 
9.98203e-05 
9.98293e-05 
9.98371e-05 
9.98434e-05 
9.98482e-05 
9.98513e-05 
9.98527e-05 
9.98523e-05 
9.985e-05 
9.98459e-05 
9.984e-05 
9.98322e-05 
9.98225e-05 
9.98112e-05 
9.97983e-05 
9.97847e-05 
9.97735e-05 
9.9675e-05 
9.96609e-05 
9.9645e-05 
9.96302e-05 
9.96173e-05 
9.96065e-05 
9.95976e-05 
9.95908e-05 
9.9586e-05 
9.9583e-05 
9.95818e-05 
9.95823e-05 
9.95845e-05 
9.95882e-05 
9.95934e-05 
9.96e-05 
9.96079e-05 
9.96169e-05 
9.9627e-05 
9.96381e-05 
9.96499e-05 
9.96624e-05 
9.96755e-05 
9.9689e-05 
9.97028e-05 
9.97167e-05 
9.97306e-05 
9.97444e-05 
9.97578e-05 
9.97708e-05 
9.97831e-05 
9.97947e-05 
9.98055e-05 
9.98151e-05 
9.98237e-05 
9.98309e-05 
9.98368e-05 
9.98412e-05 
9.9844e-05 
9.98453e-05 
9.98448e-05 
9.98427e-05 
9.98389e-05 
9.98334e-05 
9.98261e-05 
9.98173e-05 
9.98069e-05 
9.97952e-05 
9.97828e-05 
9.97727e-05 
9.96754e-05 
9.96622e-05 
9.96473e-05 
9.96335e-05 
9.96214e-05 
9.96111e-05 
9.96028e-05 
9.95963e-05 
9.95916e-05 
9.95887e-05 
9.95875e-05 
9.9588e-05 
9.959e-05 
9.95935e-05 
9.95985e-05 
9.96047e-05 
9.96123e-05 
9.96209e-05 
9.96306e-05 
9.96412e-05 
9.96526e-05 
9.96647e-05 
9.96773e-05 
9.96903e-05 
9.97036e-05 
9.9717e-05 
9.97304e-05 
9.97436e-05 
9.97565e-05 
9.9769e-05 
9.97808e-05 
9.97919e-05 
9.98021e-05 
9.98113e-05 
9.98194e-05 
9.98263e-05 
9.98318e-05 
9.98359e-05 
9.98386e-05 
9.98397e-05 
9.98393e-05 
9.98373e-05 
9.98338e-05 
9.98287e-05 
9.98221e-05 
9.9814e-05 
9.98045e-05 
9.97939e-05 
9.97827e-05 
9.97736e-05 
9.96739e-05 
9.96617e-05 
9.9648e-05 
9.96351e-05 
9.96238e-05 
9.96142e-05 
9.96064e-05 
9.96002e-05 
9.95958e-05 
9.9593e-05 
9.95918e-05 
9.95923e-05 
9.95942e-05 
9.95976e-05 
9.96023e-05 
9.96084e-05 
9.96157e-05 
9.96241e-05 
9.96335e-05 
9.96438e-05 
9.96549e-05 
9.96666e-05 
9.96789e-05 
9.96915e-05 
9.97045e-05 
9.97175e-05 
9.97305e-05 
9.97433e-05 
9.97558e-05 
9.97679e-05 
9.97793e-05 
9.979e-05 
9.97999e-05 
9.98088e-05 
9.98165e-05 
9.98231e-05 
9.98284e-05 
9.98323e-05 
9.98349e-05 
9.9836e-05 
9.98356e-05 
9.98338e-05 
9.98305e-05 
9.98258e-05 
9.98198e-05 
9.98124e-05 
9.98038e-05 
9.97942e-05 
9.97842e-05 
9.97761e-05 
9.96709e-05 
9.96597e-05 
9.96471e-05 
9.96352e-05 
9.96248e-05 
9.96159e-05 
9.96085e-05 
9.96028e-05 
9.95986e-05 
9.95959e-05 
9.95949e-05 
9.95953e-05 
9.95972e-05 
9.96005e-05 
9.96051e-05 
9.9611e-05 
9.96182e-05 
9.96264e-05 
9.96356e-05 
9.96457e-05 
9.96566e-05 
9.96682e-05 
9.96802e-05 
9.96927e-05 
9.97054e-05 
9.97182e-05 
9.9731e-05 
9.97436e-05 
9.97558e-05 
9.97676e-05 
9.97788e-05 
9.97893e-05 
9.97989e-05 
9.98075e-05 
9.9815e-05 
9.98214e-05 
9.98265e-05 
9.98303e-05 
9.98328e-05 
9.98339e-05 
9.98336e-05 
9.98319e-05 
9.98289e-05 
9.98246e-05 
9.98191e-05 
9.98124e-05 
9.98046e-05 
9.97961e-05 
9.97871e-05 
9.97799e-05 
9.96666e-05 
9.96564e-05 
9.9645e-05 
9.96341e-05 
9.96245e-05 
9.96162e-05 
9.96094e-05 
9.9604e-05 
9.96001e-05 
9.95976e-05 
9.95966e-05 
9.95971e-05 
9.9599e-05 
9.96023e-05 
9.96069e-05 
9.96127e-05 
9.96198e-05 
9.96279e-05 
9.96371e-05 
9.96471e-05 
9.96579e-05 
9.96694e-05 
9.96814e-05 
9.96938e-05 
9.97064e-05 
9.97191e-05 
9.97318e-05 
9.97443e-05 
9.97565e-05 
9.97682e-05 
9.97792e-05 
9.97896e-05 
9.9799e-05 
9.98075e-05 
9.98149e-05 
9.98212e-05 
9.98262e-05 
9.98299e-05 
9.98323e-05 
9.98334e-05 
9.98332e-05 
9.98316e-05 
9.98289e-05 
9.98249e-05 
9.98198e-05 
9.98137e-05 
9.98068e-05 
9.97991e-05 
9.97912e-05 
9.9785e-05 
9.96611e-05 
9.9652e-05 
9.96417e-05 
9.96319e-05 
9.96231e-05 
9.96154e-05 
9.96091e-05 
9.96041e-05 
9.96004e-05 
9.95981e-05 
9.95972e-05 
9.95978e-05 
9.95997e-05 
9.9603e-05 
9.96076e-05 
9.96135e-05 
9.96205e-05 
9.96287e-05 
9.96379e-05 
9.9648e-05 
9.96589e-05 
9.96704e-05 
9.96824e-05 
9.96949e-05 
9.97076e-05 
9.97204e-05 
9.97331e-05 
9.97456e-05 
9.97578e-05 
9.97695e-05 
9.97806e-05 
9.97909e-05 
9.98004e-05 
9.98088e-05 
9.98162e-05 
9.98224e-05 
9.98274e-05 
9.98311e-05 
9.98334e-05 
9.98345e-05 
9.98344e-05 
9.98329e-05 
9.98303e-05 
9.98266e-05 
9.98219e-05 
9.98164e-05 
9.98101e-05 
9.98033e-05 
9.97964e-05 
9.9791e-05 
9.96548e-05 
9.96468e-05 
9.96376e-05 
9.96288e-05 
9.96207e-05 
9.96137e-05 
9.96078e-05 
9.96031e-05 
9.95996e-05 
9.95975e-05 
9.95967e-05 
9.95973e-05 
9.95993e-05 
9.96027e-05 
9.96074e-05 
9.96133e-05 
9.96205e-05 
9.96288e-05 
9.96381e-05 
9.96483e-05 
9.96594e-05 
9.96711e-05 
9.96833e-05 
9.9696e-05 
9.97089e-05 
9.97219e-05 
9.97348e-05 
9.97475e-05 
9.97599e-05 
9.97718e-05 
9.9783e-05 
9.97934e-05 
9.9803e-05 
9.98115e-05 
9.98189e-05 
9.98251e-05 
9.98301e-05 
9.98338e-05 
9.98361e-05 
9.98372e-05 
9.9837e-05 
9.98357e-05 
9.98331e-05 
9.98296e-05 
9.98252e-05 
9.982e-05 
9.98143e-05 
9.98083e-05 
9.98023e-05 
9.97978e-05 
9.9648e-05 
9.9641e-05 
9.9633e-05 
9.9625e-05 
9.96177e-05 
9.96112e-05 
9.96056e-05 
9.96012e-05 
9.95979e-05 
9.95958e-05 
9.95951e-05 
9.95958e-05 
9.95979e-05 
9.96013e-05 
9.96061e-05 
9.96122e-05 
9.96195e-05 
9.9628e-05 
9.96376e-05 
9.96481e-05 
9.96595e-05 
9.96715e-05 
9.96841e-05 
9.96971e-05 
9.97103e-05 
9.97237e-05 
9.9737e-05 
9.97501e-05 
9.97627e-05 
9.97749e-05 
9.97864e-05 
9.97971e-05 
9.98068e-05 
9.98155e-05 
9.9823e-05 
9.98293e-05 
9.98344e-05 
9.9838e-05 
9.98404e-05 
9.98415e-05 
9.98412e-05 
9.98398e-05 
9.98373e-05 
9.98338e-05 
9.98295e-05 
9.98247e-05 
9.98194e-05 
9.98139e-05 
9.98087e-05 
9.9805e-05 
9.96409e-05 
9.9635e-05 
9.9628e-05 
9.96209e-05 
9.96142e-05 
9.9608e-05 
9.96027e-05 
9.95984e-05 
9.95952e-05 
9.95932e-05 
9.95925e-05 
9.95932e-05 
9.95954e-05 
9.95989e-05 
9.96039e-05 
9.96102e-05 
9.96178e-05 
9.96266e-05 
9.96365e-05 
9.96474e-05 
9.96591e-05 
9.96716e-05 
9.96847e-05 
9.96982e-05 
9.9712e-05 
9.97259e-05 
9.97397e-05 
9.97532e-05 
9.97664e-05 
9.9779e-05 
9.97909e-05 
9.98019e-05 
9.9812e-05 
9.98209e-05 
9.98287e-05 
9.98351e-05 
9.98402e-05 
9.98439e-05 
9.98463e-05 
9.98472e-05 
9.98469e-05 
9.98453e-05 
9.98427e-05 
9.98391e-05 
9.98348e-05 
9.983e-05 
9.98249e-05 
9.98199e-05 
9.98153e-05 
9.98122e-05 
9.96341e-05 
9.96292e-05 
9.96231e-05 
9.96166e-05 
9.96103e-05 
9.96044e-05 
9.95992e-05 
9.95948e-05 
9.95916e-05 
9.95895e-05 
9.95889e-05 
9.95896e-05 
9.95918e-05 
9.95955e-05 
9.96006e-05 
9.96072e-05 
9.96151e-05 
9.96243e-05 
9.96347e-05 
9.96461e-05 
9.96584e-05 
9.96715e-05 
9.96852e-05 
9.96994e-05 
9.97138e-05 
9.97284e-05 
9.97429e-05 
9.97571e-05 
9.97709e-05 
9.97841e-05 
9.97965e-05 
9.98081e-05 
9.98185e-05 
9.98279e-05 
9.98359e-05 
9.98425e-05 
9.98477e-05 
9.98515e-05 
9.98537e-05 
9.98546e-05 
9.9854e-05 
9.98522e-05 
9.98493e-05 
9.98455e-05 
9.98409e-05 
9.98359e-05 
9.98308e-05 
9.9826e-05 
9.98218e-05 
9.98192e-05 
9.9628e-05 
9.9624e-05 
9.96186e-05 
9.96126e-05 
9.96064e-05 
9.96005e-05 
9.95951e-05 
9.95906e-05 
9.95872e-05 
9.9585e-05 
9.95843e-05 
9.9585e-05 
9.95872e-05 
9.95911e-05 
9.95964e-05 
9.96033e-05 
9.96117e-05 
9.96213e-05 
9.96323e-05 
9.96443e-05 
9.96573e-05 
9.96712e-05 
9.96857e-05 
9.97007e-05 
9.97159e-05 
9.97313e-05 
9.97466e-05 
9.97616e-05 
9.97762e-05 
9.97902e-05 
9.98033e-05 
9.98154e-05 
9.98265e-05 
9.98362e-05 
9.98446e-05 
9.98515e-05 
9.98568e-05 
9.98606e-05 
9.98628e-05 
9.98634e-05 
9.98626e-05 
9.98604e-05 
9.9857e-05 
9.98527e-05 
9.98476e-05 
9.98422e-05 
9.98368e-05 
9.98318e-05 
9.98277e-05 
9.98253e-05 
9.96232e-05 
9.96199e-05 
9.96149e-05 
9.9609e-05 
9.96028e-05 
9.95966e-05 
9.95909e-05 
9.9586e-05 
9.95823e-05 
9.95799e-05 
9.95789e-05 
9.95796e-05 
9.95819e-05 
9.95858e-05 
9.95915e-05 
9.95987e-05 
9.96075e-05 
9.96178e-05 
9.96293e-05 
9.96421e-05 
9.96559e-05 
9.96706e-05 
9.9686e-05 
9.97019e-05 
9.97181e-05 
9.97344e-05 
9.97507e-05 
9.97666e-05 
9.97821e-05 
9.97969e-05 
9.98108e-05 
9.98236e-05 
9.98353e-05 
9.98456e-05 
9.98543e-05 
9.98615e-05 
9.9867e-05 
9.98709e-05 
9.98729e-05 
9.98733e-05 
9.98721e-05 
9.98694e-05 
9.98654e-05 
9.98604e-05 
9.98546e-05 
9.98484e-05 
9.98423e-05 
9.98368e-05 
9.98325e-05 
9.98301e-05 
9.96205e-05 
9.96176e-05 
9.96128e-05 
9.96069e-05 
9.96003e-05 
9.95938e-05 
9.95877e-05 
9.95825e-05 
9.95784e-05 
9.95757e-05 
9.95746e-05 
9.95751e-05 
9.95775e-05 
9.95816e-05 
9.95874e-05 
9.9595e-05 
9.96042e-05 
9.96149e-05 
9.96271e-05 
9.96405e-05 
9.9655e-05 
9.96704e-05 
9.96866e-05 
9.97033e-05 
9.97204e-05 
9.97376e-05 
9.97546e-05 
9.97714e-05 
9.97877e-05 
9.98032e-05 
9.98178e-05 
9.98313e-05 
9.98435e-05 
9.98543e-05 
9.98634e-05 
9.98709e-05 
9.98765e-05 
9.98803e-05 
9.98823e-05 
9.98825e-05 
9.98808e-05 
9.98776e-05 
9.9873e-05 
9.98673e-05 
9.98607e-05 
9.98537e-05 
9.98468e-05 
9.98406e-05 
9.98357e-05 
9.98329e-05 
