2104.38 
2104.38 
2104.38 
2104.38 
2104.38 
2104.38 
2104.38 
2104.38 
2104.49 
2124.56 
2669.98 
2473.37 
2703.37 
2686.26 
2712.45 
2706.42 
2712.95 
1791.26 
1020.82 
748.72 
611.798 
527.639 
469.612 
426.662 
393.314 
366.528 
344.456 
325.895 
310.038 
296.308 
284.281 
273.645 
264.161 
255.64 
247.939 
240.941 
234.553 
228.696 
223.307 
218.335 
213.732 
209.46 
205.483 
201.772 
198.298 
195.038 
191.972 
189.084 
186.358 
183.782 
181.346 
179.038 
176.852 
174.782 
172.822 
170.968 
169.229 
167.594 
166.044 
164.556 
163.045 
161.558 
160.65 
161.213 
165.031 
169.48 
223.48 
224.319 
329.172 
451.975 
633.407 
804.72 
976.019 
1159.53 
1371.19 
1626.81 
1936.46 
2298.59 
2697.55 
3106.47 
3493.62 
3828 
4082.04 
4231.96 
4264.72 
4262.27 
4280.6 
4304.99 
4372.11 
4472.61 
4576.8 
4682.19 
4787.87 
4892.63 
4995.03 
5093.5 
5186.14 
5270.54 
5343.8 
5402.46 
5442.49 
5459.28 
5447.76 
5402.54 
5318.26 
5190.15 
5014.73 
4790.88 
4521.04 
4212.28 
3877.1 
3533.09 
3201.06 
2901.58 
2650.56 
2455.89 
2316.47 
2224.23 
2167.77 
2135.72 
2118.84 
2110.58 
2106.84 
2105.28 
2104.68 
2104.47 
2104.4 
2104.38 
2104.38 
2104.38 
2104.38 
2104.38 
2104.38 
2104.38 
2104.38 
2104.38 
2104.38 
2104.38 
2104.38 
2104.38 
2104.38 
2104.38 
2104.38 
2104.38 
2104.38 
2104.38 
2104.38 
2104.38 
2104.38 
2104.38 
2104.38 
2104.38 
2104.38 
2104.38 
2104.38 
2104.38 
2104.38 
2104.38 
2104.38 
2104.38 
2104.38 
2104.38 
2104.38 
2104.38 
2104.38 
2104.38 
2104.38 
2104.38 
2104.38 
2104.38 
2641.7 
2104.38 
2104.38 
2104.38 
2104.38 
2104.38 
2104.38 
2104.38 
2105.99 
2268.07 
2834.84 
2104.38 
2266.22 
2104.38 
2699.05 
2711.76 
2710.66 
2778.08 
1290.2 
857.549 
670.749 
565.355 
496.249 
446.674 
409.015 
379.235 
354.993 
334.793 
317.669 
302.937 
290.103 
278.806 
268.772 
259.79 
251.696 
244.359 
237.676 
231.562 
225.946 
220.772 
215.99 
211.556 
207.437 
203.596 
200.007 
196.643 
193.481 
190.507 
187.702 
185.052 
182.547 
180.176 
177.931 
175.803 
173.787 
171.882 
170.09 
168.406 
166.812 
165.295 
163.806 
162.267 
160.975 
160.678 
162.728 
846.911 
889.723 
357.156 
315.167 
413.455 
544.732 
719.957 
932.088 
1065.31 
1260.8 
1492.67 
1774.65 
2111.61 
2494.95 
2902.72 
3304.82 
3669.24 
3966.66 
4170.92 
4597.7 
4629.41 
4323.35 
4289.51 
4351.03 
4422.28 
4524.47 
4650.06 
4735.06 
4840.45 
4944.21 
5044.87 
5140.69 
5229.54 
5308.76 
5375.19 
5425.08 
5454.1 
5457.4 
5429.7 
5365.6 
5259.94 
5108.49 
4908.8 
4661.39 
4370.87 
4047 
3704.94 
3364.24 
3046.1 
2769.31 
2546.05 
2379.65 
2265.13 
2192.27 
2149.33 
2125.86 
2113.94 
2108.33 
2105.89 
2104.91 
2104.55 
2104.43 
2104.39 
2104.38 
2104.38 
2104.38 
2104.38 
2104.38 
2104.38 
2104.38 
2104.38 
2104.38 
2104.38 
2104.38 
2104.38 
2104.38 
2104.38 
2104.38 
2104.38 
2104.38 
2104.38 
2104.38 
2104.38 
2104.38 
2104.38 
2104.38 
2104.38 
2104.38 
2104.38 
2104.38 
2104.38 
2104.38 
2104.38 
2104.38 
2104.38 
2104.38 
2104.38 
2104.38 
2104.38 
2104.38 
2104.38 
2104.38 
2104.38 
2104.38 
2104.38 
2104.38 
2104.38 
2104.38 
2104.38 
2104.38 
2104.38 
2104.38 
2104.38 
2104.38 
2104.8 
2165.28 
2825.01 
2318.58 
2705.11 
2759.37 
2911.72 
1913.25 
1224.66 
942.42 
787.509 
687.707 
616.969 
563.675 
521.784 
487.828 
459.634 
435.796 
415.331 
397.534 
381.89 
368.013 
355.602 
344.428 
334.305 
325.09 
316.663 
308.925 
301.796 
295.209 
289.104 
283.432 
278.143 
273.203 
268.573 
264.222 
260.128 
256.267 
252.621 
249.173 
245.908 
242.816 
239.885 
237.107 
234.477 
231.995 
229.661 
227.445 
225.345 
223.318 
221.277 
219.452 
218.545 
219.669 
676.95 
500.056 
1019.22 
1206.99 
1426.76 
1693.82 
2016.43 
2390.25 
2796.51 
3206.05 
3586.05 
3905.91 
4138.93 
4493.64 
4395.99 
4702.52 
4807.33 
4910.83 
5011.49 
5107.66 
5197.31 
5277.94 
5346.51 
5399.47 
5432.66 
5441.45 
5420.75 
5365.32 
5270.08 
5130.71 
4944.5 
4711.28 
4434.62 
4122.76 
3789.08 
3451.44 
3130.06 
2844 
2607.15 
2425.49 
2296.67 
2212.21 
2160.95 
2132.11 
2117.05 
2109.76 
2106.49 
2105.14 
2104.63 
2104.45 
2104.4 
2104.38 
2104.38 
2104.38 
2104.38 
2104.38 
2104.38 
2104.38 
2104.38 
2104.38 
2104.38 
2104.38 
2104.38 
2104.38 
2104.38 
2104.38 
2104.38 
2104.38 
2104.38 
2104.38 
2104.38 
2104.38 
2104.38 
2104.38 
2104.38 
2104.38 
2104.38 
2104.38 
2104.38 
2104.38 
2104.38 
2104.38 
2104.38 
2104.38 
2104.38 
2104.38 
2104.38 
2104.38 
2104.38 
2104.38 
2104.38 
2104.4 
2110.13 
2443.4 
2684.85 
2723.33 
2840.82 
1478.87 
1059.07 
855.365 
732.865 
649.616 
588.602 
541.562 
503.97 
473.11 
447.241 
425.19 
406.135 
389.47 
374.751 
361.64 
349.872 
339.244 
329.592 
320.785 
312.713 
305.289 
298.439 
292.1 
286.218 
280.742 
275.633 
270.851 
266.364 
262.144 
258.169 
254.418 
250.873 
247.519 
244.341 
241.331 
238.478 
235.775 
233.214 
230.804 
228.534 
226.384 
224.336 
222.309 
220.317 
218.84 
218.705 
221.213 
1311.84 
1553.63 
1848.12 
2197.79 
2590.98 
3002.9 
3401.81 
3755.29 
4034.81 
4214.63 
4859.33 
4961.61 
5060.25 
5153.45 
5238.93 
5313.94 
5375.19 
5418.82 
5440.42 
5435.11 
5397.71 
5322.97 
5206.13 
5043.55 
4833.64 
4577.98 
4282.37 
3957.62 
3619.51 
3287.46 
2981.58 
2718.84 
2509.39 
2354.9 
2249.57 
2183.14 
2144.33 
2123.29 
2112.71 
2107.78 
2105.66 
2104.82 
2104.52 
2104.42 
2104.39 
2104.38 
2104.38 
2104.38 
2104.38 
2104.38 
2104.38 
2104.38 
2104.38 
2104.38 
2104.38 
2104.38 
2104.38 
2104.38 
2104.38 
2104.38 
2104.38 
2104.38 
2104.38 
2104.38 
2104.38 
2104.38 
2104.38 
2104.38 
2104.38 
2104.38 
2104.38 
2104.38 
2104.38 
2104.38 
2104.38 
2104.38 
2650.16 
2684.5 
588.736 
762.054 
1110.15 
4442.62 
4545.42 
4755 
2104.38 
2104.38 
2104.38 
2104.38 
2506.68 
2104.38 
2104.38 
2104.38 
2104.38 
2104.38 
2104.77 
2161.36 
2817.03 
2337.29 
2104.38 
2382.05 
2104.38 
2104.38 
2470.89 
2427.16 
588.59 
2648.5 
2994.2 
2016.94 
2443.98 
2429.93 
1486.67 
1200.39 
1025.72 
907.361 
821.068 
754.845 
702.11 
658.921 
622.786 
592.019 
565.456 
542.237 
521.74 
503.486 
487.104 
472.312 
458.88 
446.622 
435.388 
425.051 
415.515 
406.687 
398.494 
390.863 
383.743 
377.077 
370.821 
364.935 
359.39 
354.156 
349.21 
344.529 
340.092 
335.889 
331.905 
328.126 
324.546 
321.184 
318.023 
315.056 
312.269 
309.546 
306.751 
304.726 
304.633 
309.967 
347.868 
1306.57 
846.442 
1017.46 
761.848 
804.404 
501.231 
540.887 
931.099 
973.371 
4424.12 
1545.32 
1837.21 
2186.15 
2581.57 
2998.63 
3404.45 
3765.1 
4051.29 
4237.66 
4280.18 
4829.6 
4575.63 
4677.42 
4524.79 
4534.92 
4377.6 
4384.33 
4626.45 
4584.56 
4634.34 
2104.38 
4928.36 
5023.03 
5111.76 
5192.34 
5262.06 
5317.73 
5355.68 
5371.77 
5361.54 
5320.34 
5243.68 
5127.63 
4969.44 
4768.32 
4526.17 
4248.38 
3944.31 
3627.15 
3313 
3018.99 
2760.48 
2548.26 
2386.43 
2272.22 
2197.75 
2152.86 
2127.85 
2114.94 
2108.78 
2106.07 
2104.97 
2104.57 
2104.43 
2104.39 
2104.38 
2104.38 
2104.38 
2104.38 
2104.38 
2104.38 
2104.38 
2104.38 
2104.38 
2104.38 
2104.38 
2104.38 
2104.38 
2104.38 
2104.38 
2104.38 
2104.38 
2104.38 
2104.38 
2104.38 
2104.38 
2104.38 
2104.38 
2104.38 
2104.38 
2104.38 
2104.38 
2104.38 
2104.38 
2104.38 
2104.38 
2104.38 
2104.38 
2104.38 
2104.38 
2104.38 
2104.38 
2104.38 
2104.38 
2104.38 
2104.38 
2104.38 
2104.38 
2104.38 
2104.38 
2104.38 
2104.38 
2104.38 
2104.38 
2104.38 
2104.38 
2104.38 
2104.38 
2104.38 
2104.38 
2960.85 
2895.28 
1203.09 
1251.15 
4779.19 
4783.51 
2104.38 
2104.38 
2104.38 
2321.71 
2721.16 
2813.72 
2104.38 
2104.38 
2104.38 
2104.38 
2104.4 
2109.7 
2429.44 
2699.1 
2393.85 
2554.62 
2931.67 
633.033 
676.918 
2564.14 
2104.38 
1708.25 
1323.9 
1103.64 
961.431 
861.131 
785.944 
727.079 
679.505 
640.09 
606.812 
578.275 
553.471 
531.681 
512.358 
495.082 
479.529 
465.439 
452.614 
440.885 
430.112 
420.189 
411.017 
402.514 
394.611 
387.241 
380.356 
373.9 
367.831 
362.122 
356.736 
351.648 
346.837 
342.28 
337.963 
333.87 
329.989 
326.31 
322.843 
319.569 
316.513 
313.64 
310.918 
308.145 
305.583 
304.411 
306.08 
437.835 
2843.23 
719.215 
1107.44 
2249.59 
1420.01 
1684.08 
2004.83 
2379.32 
2789.34 
3205.06 
3592.28 
3919.13 
4158.72 
4474.06 
4346.17 
2104.38 
2105.77 
2104.38 
4484.18 
4728.39 
4927.74 
4976.31 
2104.38 
4879.4 
4973.67 
5068.25 
5153.22 
5228.74 
5291.87 
5339.17 
5366.73 
5370.23 
5345.1 
5286.71 
5190.79 
5053.91 
4874.2 
4652.13 
4391.24 
4098.89 
3786.41 
3468.62 
3162.44 
2884.48 
2648.16 
2461.07 
2323.78 
2230.63 
2172.25 
2138.41 
2120.27 
2111.26 
2107.14 
2105.39 
2104.72 
2104.48 
2104.4 
2104.38 
2104.38 
2104.38 
2104.38 
2104.38 
2104.38 
2104.38 
2104.38 
2104.38 
2104.38 
2104.38 
2104.38 
2104.38 
2104.38 
2104.38 
2104.38 
2104.38 
2104.38 
2104.38 
2104.38 
3126.97 
2104.38 
2104.38 
2104.38 
2104.38 
2104.38 
2048.47 
2104.38 
2472.51 
2104.38 
888.496 
2104.38 
2104.38 
2104.38 
2104.38 
2104.38 
2104.38 
2104.38 
2104.38 
2104.38 
2104.38 
2104.38 
2104.38 
2104.38 
2104.38 
2104.38 
2104.38 
3107.93 
2104.47 
2415.22 
2104.38 
2104.38 
2104.38 
2104.38 
2104.38 
2104.38 
2104.38 
2104.38 
2104.38 
2104.38 
2104.38 
2104.38 
2104.38 
2104.38 
2104.38 
2104.38 
2104.38 
2104.38 
2104.38 
2104.38 
2104.4 
2104.48 
2104.7 
2105.35 
2107.05 
2111.06 
2119.85 
2137.55 
2170.49 
2227.13 
2317 
2448.61 
2626.77 
2850.62 
3113.21 
3402.81 
3705.02 
4005.05 
4289.5 
4547.56 
4771.56 
4957.07 
5102.55 
5208.75 
5278.16 
5314.32 
5321.33 
4684.22 
4214.19 
3995.99 
3685.06 
3306.37 
2890.77 
2473.59 
344.606 
341.006 
341.871 
344.484 
347.652 
350.712 
353.871 
357.238 
360.831 
364.651 
368.712 
373.002 
377.521 
382.288 
387.32 
392.63 
398.244 
404.185 
410.481 
417.167 
424.278 
431.858 
439.958 
448.644 
457.976 
468.036 
478.909 
490.701 
503.528 
517.536 
532.902 
549.842 
568.629 
589.597 
613.184 
639.963 
670.68 
706.37 
748.449 
798.983 
861.078 
939.697 
1043.28 
2505.91 
2638.81 
2121.73 
2104.38 
2104.38 
2104.38 
2104.38 
2104.38 
2104.38 
2104.38 
2104.38 
2104.38 
2104.38 
2104.38 
2104.38 
2104.38 
2104.38 
2104.38 
2104.38 
2104.38 
2104.38 
2104.38 
2104.38 
2104.38 
2104.38 
2104.38 
2104.38 
2104.38 
2104.38 
2104.38 
2104.38 
2104.39 
2104.43 
2104.56 
2104.95 
2106.01 
2108.65 
2114.65 
2127.24 
2151.63 
2195.26 
2267.33 
2377.17 
2531.78 
2733.28 
2977.72 
3255.5 
3553.27 
3856.19 
4149.97 
4422.39 
4664.17 
4869.28 
5034.82 
5160.43 
5247.85 
5300.15 
5321.2 
5315.23 
5286.48 
5238.95 
5176.31 
5101.79 
5018.16 
4117.79 
3850.77 
3502.46 
3100.97 
2680.21 
2274.79 
1912.65 
1607.73 
1060.71 
341.601 
341.172 
343.042 
346.081 
349.177 
352.255 
355.516 
358.995 
362.712 
366.653 
370.828 
375.231 
379.874 
384.769 
389.939 
395.398 
401.172 
407.287 
413.771 
420.666 
428.005 
435.838 
444.224 
453.223 
462.91 
473.365 
484.682 
496.976 
510.373 
525.037 
541.164 
558.987 
578.816 
601.03 
626.133 
2104.38 
654.775 
687.825 
726.498 
772.493 
828.33 
897.906 
987.622 
1108.84 
1283.67 
2104.38 
2104.38 
4832.45 
1358.49 
1187.44 
1404.36 
1767.03 
1560.11 
2087.06 
1752.82 
1152.6 
1476.74 
4435.22 
5303.45 
5264.82 
5209.31 
4734.01 
5140.35 
4880.61 
5060.94 
2104.38 
2104.38 
2104.38 
2104.38 
2104.38 
2104.38 
2104.38 
2104.38 
2104.38 
2104.38 
2385.66 
4772.38 
2104.38 
2104.38 
779.031 
2104.38 
2104.38 
4445.42 
2104.38 
2104.38 
2119.39 
719.396 
2610.11 
2104.38 
2990.39 
406.532 
2457.51 
2104.38 
631.916 
677.438 
1864.92 
1469.25 
2074.69 
2095.45 
2115.12 
2104.38 
2104.38 
1539.8 
1328.23 
1180.78 
1071.85 
987.671 
920.333 
865.027 
818.62 
798.077 
867.778 
846.53 
2104.38 
744.761 
714.754 
688.224 
664.555 
643.292 
624.061 
606.581 
590.617 
575.973 
562.492 
550.044 
538.509 
527.797 
517.815 
508.494 
499.759 
491.555 
483.841 
476.566 
469.7 
463.21 
457.067 
451.249 
445.733 
440.502 
435.54 
430.856 
426.47 
422.366 
418.554 
415.027 
411.548 
407.921 
406.021 
405.986 
436.057 
416.902 
1423.66 
1476.88 
2629.54 
2811.69 
2789.17 
2934.97 
537.479 
582.913 
972.167 
2234 
2378.11 
5185.16 
5052.18 
4396.75 
4394.17 
1149.5 
1742.15 
1900.85 
1979.07 
2462.44 
2884.3 
3307.05 
3693.58 
4011.76 
1352.62 
1405.79 
4306.26 
2104.38 
4353.64 
4359.2 
4860.7 
2104.38 
4981.82 
2104.38 
2104.38 
4943.28 
4916.75 
4817.15 
4799.95 
5018.23 
4984.24 
4680.03 
5111.44 
5156.79 
5173.31 
5110.93 
4633.13 
4625.05 
5193.18 
5177.46 
5134.73 
5062.11 
4957.48 
4819.82 
4649.52 
4448.67 
4221.09 
3972.29 
3709.3 
3440.58 
3175.92 
2926.23 
2702.66 
2514.71 
2367.92 
2262.19 
2192.26 
2149.82 
2126.15 
2114.03 
2108.32 
2105.85 
2104.88 
2104.53 
2104.42 
2104.39 
2104.38 
2104.38 
2104.38 
2104.38 
2104.38 
2104.38 
2104.38 
2104.38 
2104.38 
2104.38 
2104.38 
2104.38 
2104.38 
2104.38 
2104.38 
2104.38 
2104.38 
2104.38 
2104.38 
2104.38 
2105.58 
2108.44 
3214.21 
2104.38 
2499.17 
2539.2 
2619.89 
2104.38 
2104.38 
2104.38 
2104.38 
2104.38 
2104.38 
2104.38 
2104.38 
2104.38 
2104.38 
2104.38 
2104.38 
2104.38 
2104.38 
2104.38 
2104.38 
2104.38 
2104.38 
2104.38 
2104.38 
2104.38 
2104.38 
3132.69 
2104.38 
2104.38 
2104.38 
2104.38 
2450.55 
2569.16 
2541.64 
2104.38 
2104.38 
1246.77 
1295.67 
2104.38 
2104.38 
2104.38 
887.956 
929.705 
2104.38 
2104.38 
4726.56 
4670.02 
4714.41 
2104.38 
2104.38 
2104.38 
804.387 
846.346 
2104.38 
2104.38 
2730.14 
2703.03 
2104.38 
2104.38 
2104.38 
2104.46 
2104.68 
445.8 
409.167 
499.172 
4289.21 
4236.86 
4311.76 
826.797 
761.303 
436.837 
4446.11 
4492.96 
1195.17 
3218.03 
2104.38 
2104.38 
2104.4 
1041.3 
952.252 
2383.62 
1126.8 
1027.25 
1589.83 
1683.69 
763.198 
1248.48 
1122.54 
1081.58 
1005.14 
891.402 
840.862 
808.409 
729.28 
701.099 
676.061 
653.645 
633.437 
615.119 
598.425 
583.141 
569.095 
556.147 
544.168 
533.059 
522.72 
513.079 
504.059 
495.595 
487.641 
480.149 
473.084 
466.41 
460.098 
454.116 
448.452 
443.083 
437.988 
433.164 
428.633 
424.386 
420.447 
416.791 
413.329 
409.721 
406.644 
435.978 
1236.46 
2860.6 
1383.12 
2148.29 
5117.3 
5191.92 
5118.46 
4951.68 
3139.32 
1058.66 
1598.6 
1813.27 
2560.16 
2671.01 
2262.6 
2772.97 
2160.02 
3097.86 
3507.06 
3863.02 
1527.61 
2104.38 
2104.38 
2104.38 
4136.75 
4586.16 
4579.89 
2989.03 
3023.23 
2104.38 
2104.38 
4757.84 
2104.38 
4902.83 
2790.44 
2104.38 
5083.36 
5136.04 
5099.72 
5114.03 
5188.5 
5103.65 
5159.66 
5102.31 
5013.89 
4892.79 
4738.65 
4552.72 
4337.92 
4098.94 
3842.07 
3575.07 
3307.08 
3048.5 
2810.52 
2603.77 
2436.04 
2310.15 
2223.23 
2168.16 
2136.14 
2119.02 
2110.61 
2106.82 
2105.25 
2104.66 
2104.46 
2104.4 
2104.38 
2104.38 
2104.38 
2104.38 
2104.38 
2104.38 
2104.38 
2104.38 
2104.38 
2104.38 
2104.38 
2104.38 
2104.38 
2104.38 
2104.38 
2104.38 
2104.38 
2104.38 
2104.38 
3224.09 
3067.1 
2104.38 
4086.12 
1102.06 
2104.38 
2104.38 
2104.38 
2104.38 
2104.38 
4840.65 
2104.38 
2104.38 
2104.38 
2104.38 
2104.38 
2104.38 
2104.38 
1014.24 
2104.38 
2104.38 
2104.38 
2104.38 
2104.38 
2104.38 
2104.38 
2104.38 
2104.38 
2104.38 
2104.38 
2104.38 
2104.38 
2104.38 
2104.38 
2104.38 
2104.38 
2104.38 
2104.38 
2104.38 
2104.38 
2104.38 
2104.38 
2104.4 
2104.46 
2104.66 
2105.25 
2106.84 
2110.69 
2119.26 
2136.7 
2169.26 
2224.97 
2312.23 
2437.29 
2601.77 
2801.56 
3028.1 
3270.98 
3520.3 
3767.8 
4006.72 
436.351 
439.077 
443.074 
446.795 
450.621 
454.76 
2104.38 
2104.38 
2104.38 
459.229 
607.504 
464.005 
469.093 
474.485 
480.166 
486.16 
492.487 
499.165 
506.224 
513.696 
521.616 
530.022 
622.272 
538.96 
548.487 
558.659 
569.561 
581.266 
593.88 
2104.38 
2104.38 
2104.38 
2104.38 
2104.38 
2104.38 
2104.38 
2104.38 
2104.38 
2104.38 
2104.38 
2104.38 
2104.38 
2104.38 
2104.38 
2104.38 
2104.38 
2104.38 
2104.39 
2104.42 
2104.53 
2104.88 
2105.86 
2108.36 
2114.17 
2126.53 
2150.62 
2193.68 
2264.18 
2369.8 
2514.73 
2697.71 
2912.13 
3148.15 
3395.39 
5014.08 
3644.73 
3888.71 
4121.16 
791.227 
4336.75 
4530.82 
4699.57 
4840.31 
4951.65 
5033.51 
5086.96 
1899.74 
5064.32 
2104.38 
3785.88 
3409.79 
2988.66 
437.388 
441.077 
444.94 
448.68 
452.665 
456.958 
461.572 
466.508 
471.752 
477.286 
483.121 
489.277 
495.781 
502.645 
509.906 
517.596 
525.754 
534.422 
543.649 
553.487 
564.015 
575.307 
587.454 
600.559 
614.734 
630.126 
646.891 
665.222 
685.367 
707.616 
638.324 
696.205 
719.642 
655.844 
972.469 
745.773 
675.049 
1177.97 
1728.03 
1304.06 
890.737 
942.775 
915.641 
775.127 
760.009 
732.338 
4231.37 
2786.76 
4436.73 
4618.55 
3947.1 
1662.99 
2354.59 
3605.48 
3202.56 
4199.73 
2104.38 
4773.56 
4899.69 
4879.66 
5084.06 
5040.88 
4996.22 
5063.68 
3029.22 
2104.38 
2104.38 
2104.38 
2104.38 
4136.16 
827.313 
2104.38 
2104.38 
1485.3 
4490.07 
518.184 
3183.38 
4935 
2104.38 
4304.72 
2104.38 
2104.38 
2104.38 
876.005 
2104.38 
842.596 
880.776 
4921.87 
4848.53 
3611.66 
1139.43 
2104.38 
763.825 
2104.38 
1008.03 
2104.38 
1968.57 
1227.64 
2646.15 
1036.57 
1078.91 
1067.7 
1110.51 
913.943 
4222.23 
4194.42 
4119.44 
494.314 
519.071 
858.793 
897.406 
762.239 
740.453 
720.591 
799.215 
1339.21 
773.947 
810.168 
1101.83 
1145.08 
751.09 
786.607 
786.255 
822.847 
730.3 
765.158 
608.128 
523.541 
693.864 
2104.38 
2104.38 
677.812 
662.978 
649.233 
636.459 
624.553 
613.43 
644.205 
702.402 
736.339 
598.026 
588.526 
579.579 
571.142 
563.177 
555.641 
548.508 
541.75 
535.347 
529.274 
526.364 
556.788 
553.776 
685.676 
719.049 
520.822 
548.047 
513.212 
508.637 
504.472 
500.584 
496.227 
493.405 
1684.65 
576.65 
4539.36 
2343.98 
1576.73 
1618.31 
4834.72 
2104.38 
2104.38 
2342.4 
1802.21 
2147.41 
2236.21 
2764.41 
4219.39 
4276.24 
3200.73 
3411.98 
3515.93 
1653.42 
1720.08 
1519.74 
1579.92 
4296.1 
680.07 
723.859 
928.957 
934.925 
975.35 
4386.85 
2104.38 
2104.38 
4534.75 
2104.39 
4805.7 
4757.3 
4705.22 
4801.48 
2104.38 
4904.99 
4837.04 
2156.37 
2176.06 
4547.91 
4944.15 
4918.97 
3180.2 
4871.69 
4839.48 
4750.93 
4715.14 
4774.32 
4730.22 
4708.33 
3960.86 
4527.92 
4383.37 
4266.65 
2859.9 
2759.82 
894.351 
953.899 
933.845 
493.337 
520.541 
3954.24 
3760.33 
4884.66 
4821.91 
3555.47 
3341.37 
3121.93 
2904.53 
2699.94 
2520.14 
2374.6 
2267.09 
2194.89 
2150.82 
2126.33 
2113.92 
2108.18 
2105.75 
2104.83 
2104.51 
2104.41 
2104.38 
2104.38 
2104.38 
2104.38 
2104.38 
2104.38 
2104.38 
2104.38 
2104.38 
2104.38 
2104.38 
2104.38 
2104.38 
2104.38 
2104.38 
2104.38 
2104.38 
2104.38 
2140.43 
2198.1 
4948.93 
4853.12 
4667.91 
4635.28 
1181.12 
1271.91 
1225.13 
4103.26 
4042.6 
4175.07 
2104.38 
1279.94 
1324.33 
4593.19 
4464.75 
2104.38 
2104.38 
2104.38 
2104.38 
2104.38 
2104.38 
3288.47 
3259.87 
3303.59 
2104.38 
3796.12 
3887.53 
2104.38 
2104.38 
2104.38 
2104.38 
2104.38 
2104.38 
2104.38 
2104.38 
4740.76 
4669.06 
4700.76 
2104.38 
2104.38 
1291.05 
2104.38 
2104.38 
2104.38 
2104.38 
2104.38 
2104.38 
2104.38 
2104.38 
2104.38 
2104.38 
2104.38 
2104.38 
2107.69 
2114.86 
1191.85 
1238.21 
846.209 
887.569 
2104.38 
2104.38 
2104.38 
4948.82 
4858.66 
2104.38 
2104.38 
4934.24 
4842.79 
4827.49 
2930.87 
3160.34 
2909.39 
2104.38 
2104.38 
3013.77 
1399.64 
1341.05 
1454.2 
1099.79 
1143.52 
1966.89 
2048.21 
2549.3 
2650.8 
4343.15 
4340 
3659.19 
3705.56 
3614.45 
493.798 
520.781 
520.891 
1407 
1528.4 
1450.94 
2905.33 
4425.63 
957.463 
998.365 
3000.22 
4265.77 
4194.08 
4287.76 
655.75 
618.9 
1875.99 
2863.01 
681.328 
642.731 
550.862 
1183.09 
3709.88 
727.516 
798.104 
2104.38 
1383.53 
1813.45 
836.185 
981.755 
1023.13 
775.633 
2104.38 
1049.89 
2638.03 
2382.21 
812.881 
711.3 
805.124 
710.913 
670.251 
703.089 
655.975 
674.59 
630.403 
649.883 
602.999 
593.204 
583.984 
575.299 
567.104 
559.358 
552.022 
545.081 
538.504 
532.271 
515.658 
510.898 
506.509 
502.51 
498.534 
1848.47 
638.706 
2942.69 
2838.78 
601.83 
575.349 
647.599 
2912.39 
2897.52 
1997.41 
1723.7 
2104.38 
2104.38 
865.082 
2104.38 
2104.38 
494.241 
2438.12 
2104.38 
2104.38 
2104.38 
3307.39 
2983.17 
2869.93 
2104.38 
4506.8 
4485.45 
2871.79 
2104.38 
4371.42 
2104.38 
915.056 
2104.38 
2104.38 
2763.63 
4861.14 
2104.38 
4944.07 
4524.18 
4588.86 
4856.13 
4898.16 
4578.32 
4653.41 
4757.73 
4674.33 
4457.87 
2858.72 
2732.3 
3879.07 
3858.72 
4046.77 
3793.72 
4041.87 
4803.4 
3520.31 
3449.4 
3423.15 
3231.95 
3012.37 
2799.87 
2606.24 
2442.7 
2316.13 
2226.96 
2169.88 
2136.64 
2119.01 
2110.47 
2106.69 
2105.18 
2104.63 
2104.45 
2104.39 
2104.38 
2104.38 
2104.38 
2104.38 
2104.38 
2104.38 
2104.38 
2104.38 
2104.38 
2104.38 
2104.38 
2104.38 
2104.38 
2104.38 
2104.38 
2104.38 
2104.38 
545.346 
2104.63 
1012.81 
2104.38 
2104.38 
2104.38 
2104.38 
2530.07 
2104.38 
4807.11 
2104.39 
2104.38 
2104.38 
2104.44 
2104.38 
2104.38 
2104.38 
4629.04 
4562.53 
4599.75 
2104.38 
2906.29 
2104.38 
2104.38 
2104.38 
2104.38 
2104.38 
2104.38 
2104.38 
2104.38 
2104.38 
2104.38 
2104.38 
2104.38 
2104.38 
2104.38 
2104.38 
2104.38 
2104.38 
2104.38 
2104.38 
2104.38 
2104.38 
2104.38 
2104.38 
2104.38 
2104.38 
2104.38 
2104.38 
2104.38 
2104.38 
2104.41 
2104.51 
2104.83 
2105.77 
2108.25 
2114.16 
2104.62 
2126.98 
2152.29 
2197.74 
2271.88 
2381.46 
2528.28 
2707.3 
2105.18 
2907.75 
3116.71 
3323.17 
524.731 
4402.1 
529.262 
533.386 
2104.38 
522.322 
527.124 
531.261 
563.095 
569.746 
576.768 
584.18 
592.014 
600.291 
609.054 
618.348 
537.847 
668.092 
542.727 
559.896 
566.374 
573.208 
580.422 
588.043 
596.094 
604.609 
613.632 
745.537 
2389.36 
850.242 
755.13 
695.56 
623.206 
688.311 
661.813 
633.38 
628.214 
2104.44 
540.245 
535.546 
2106.73 
2110.6 
2119.41 
2137.64 
2104.38 
2104.38 
2104.38 
2171.96 
2104.38 
520.805 
2230.72 
3090.46 
2321.98 
2450.36 
2890.82 
4781.76 
4859.59 
4523.58 
4781.6 
4628.65 
4335.97 
3961.75 
2614.33 
2805.65 
3011.94 
3220.79 
1054.78 
2105.22 
970.062 
2104.38 
2104.38 
936.382 
4408.57 
853.631 
708.434 
615.655 
2830.09 
4631.23 
2626.24 
749.382 
573.632 
4322.06 
596.927 
2104.38 
2277.72 
4669.26 
685.287 
2104.38 
1309.42 
2104.49 
891.899 
4465.92 
2603.1 
4560.57 
1227.52 
765.091 
988.844 
2625.34 
830.934 
2646.36 
2104.38 
1266.5 
1347.8 
1304.64 
865.782 
897.891 
905.964 
938.952 
842.032 
873.59 
2220.21 
878.523 
910.914 
805.145 
690.808 
718.442 
773.406 
803.285 
727.854 
605.747 
696.501 
724.299 
714.698 
743.009 
1864.6 
810.148 
2104.43 
757.089 
786.55 
591.712 
820.323 
851.366 
674.738 
664.802 
655.434 
646.578 
638.197 
630.271 
622.763 
2108.07 
734.779 
763.647 
2104.38 
619.165 
644.728 
586.967 
4222.81 
2725.99 
1802.19 
4666.49 
2104.38 
2862.43 
2856 
2426.05 
782.049 
812.148 
721.165 
749.662 
3306.97 
2104.38 
2392.06 
3717.68 
2862.25 
1710.16 
1779.28 
1571.73 
1633.94 
1075.83 
725.741 
762.914 
2104.38 
2104.38 
2104.38 
3561.73 
599.759 
624.9 
2104.38 
4613.73 
4544.72 
2104.38 
2104.38 
2104.38 
594.244 
619.379 
2104.38 
2104.38 
2104.38 
4289.88 
2409.04 
2629.07 
2422.56 
2104.38 
1159.35 
2104.38 
4413.22 
4368.83 
4239.42 
1008.51 
1043.5 
4454.92 
4321.96 
968.888 
3892.9 
3951.21 
3876.69 
3770 
578.368 
3400.95 
3220.89 
2105.67 
2924.69 
2824.25 
2936.53 
2837.03 
2880.16 
2940.62 
2543.92 
2463.57 
2473.94 
3086.14 
3196.27 
2330.07 
2337.43 
2104.38 
2104.38 
2173.39 
2104.78 
2126.93 
2113.94 
2110.39 
2110.52 
3025.39 
3035.45 
2106.59 
2106.62 
2137.86 
2138.95 
2105.11 
2105.11 
2104.59 
2104.59 
2104.38 
2104.38 
2104.39 
2104.38 
2104.38 
2104.38 
2104.38 
2104.38 
2104.38 
2104.38 
2104.38 
2104.38 
2104.38 
2104.38 
2104.38 
2104.38 
2183.09 
3832.67 
3777.43 
4647.7 
4517.49 
2104.38 
2104.38 
2200.25 
2203.61 
1469.43 
4669.82 
4568.86 
2104.38 
2104.38 
1920.23 
1951.71 
4273.29 
4151.96 
2104.38 
575.526 
599.735 
2485.57 
2293.01 
2682.79 
4588.44 
4460.65 
2104.38 
2104.38 
1141.07 
2104.38 
2104.38 
2104.38 
2104.38 
2104.39 
2104.38 
2104.38 
1536.6 
1574.71 
2104.38 
2104.38 
2104.38 
2104.38 
2104.38 
2112.82 
2130 
2104.38 
2104.38 
4659.15 
4547.83 
952.878 
986.827 
886.936 
927.077 
2104.38 
2104.38 
2104.38 
2104.38 
4657.05 
4117.71 
2640.41 
2746.13 
4260.8 
4229.83 
4593.47 
4529.36 
2104.38 
2104.38 
2104.38 
2104.4 
2104.4 
4664.94 
4572.34 
4574.81 
582.748 
2104.38 
3519.72 
3624.75 
2104.38 
2104.38 
2104.38 
2223.5 
2316.1 
2104.38 
2104.38 
2104.38 
2104.38 
580.822 
605.501 
791.039 
821.365 
2104.38 
2104.38 
4446.78 
2104.38 
4322.02 
1101.57 
1138.03 
2555.63 
2104.38 
3815.91 
3899.62 
2104.38 
2437.24 
2400.96 
756.53 
2104.38 
4057.67 
3989.64 
4137.33 
4560.26 
885.462 
1836.52 
1700.79 
2443.22 
2104.38 
702.374 
920.771 
1129.32 
1196.53 
1166.15 
573.875 
4007.97 
3924.04 
1191.96 
2108.13 
648.434 
2501.97 
924.583 
845.913 
664.311 
634.181 
682.05 
650.946 
741.944 
730.338 
1941.31 
2035.78 
2104.38 
794.758 
862.237 
679.933 
669.695 
660.054 
677.429 
778.634 
642.328 
660.177 
626.465 
2104.55 
2105.05 
771.009 
602.675 
589.249 
2106.6 
584.725 
2058.34 
4196.13 
630.985 
2590.26 
671.651 
2104.38 
2475.74 
712.763 
2104.38 
2104.38 
1023.48 
970.333 
2525.9 
4570.61 
4511.26 
3415.33 
4290.47 
4354.64 
2971.59 
4234.29 
1265.38 
4487.56 
4441.15 
1111.9 
1051.85 
4430.16 
4528.88 
627.882 
2104.38 
622.03 
2104.49 
2104.43 
2104.38 
4170.87 
607.809 
736.572 
575.639 
601.104 
600.976 
4421.94 
1229.49 
4573.69 
3280.42 
2104.38 
4281.48 
1009.79 
1053.09 
1004.62 
3724.25 
3704.34 
1029.46 
1087.55 
1064.81 
2710.88 
599.047 
672.931 
4557.11 
4645.74 
2951.48 
3176.62 
3483.77 
3313.23 
3124.59 
2555.56 
2631.93 
2738.98 
2104.38 
2234.69 
2104.78 
2152.98 
2105.68 
2119.23 
2114.18 
2104.38 
2104.38 
2104.38 
2104.38 
2104.38 
2104.38 
2104.38 
2104.38 
2104.38 
2104.38 
2104.38 
2104.38 
2104.38 
2104.38 
2104.38 
2104.38 
2104.38 
2104.38 
2104.38 
3828.01 
641.118 
612.244 
4531.59 
4632.09 
1356.98 
1395.51 
1095.23 
1507.89 
1409.97 
2104.38 
2104.38 
602.402 
970.006 
4260.81 
3541.77 
800.396 
2104.38 
2104.38 
2104.38 
2104.38 
2104.38 
2104.38 
2104.38 
2104.38 
2104.38 
1185.26 
1234.73 
2104.43 
2104.38 
2104.38 
3329.98 
3355.27 
2104.38 
2104.38 
2104.38 
2104.38 
2104.38 
2104.38 
2104.38 
2104.38 
2104.38 
2104.38 
2104.38 
2104.38 
2104.38 
2104.38 
2104.38 
2127.63 
2175.79 
4612.32 
4511.56 
4487.86 
1447.75 
1503.95 
1336.22 
1387.38 
3224.65 
3394.65 
4061.95 
3635.1 
3667.73 
3607.13 
4493.57 
4360.49 
3097.6 
3085.11 
2104.38 
2104.38 
1613.07 
1737 
1650.47 
608.937 
637.625 
634.238 
2104.38 
1281.93 
2592.69 
954.067 
656.152 
2120.48 
2085.66 
686.802 
696.725 
707.254 
701.909 
691.694 
611.952 
668.558 
652.237 
614.325 
616.745 
840.946 
609.788 
2241.66 
2104.38 
2104.38 
2104.38 
2104.38 
2104.38 
2104.38 
4107.17 
2104.38 
2104.38 
2104.38 
2104.38 
2239.22 
3131.97 
3312.43 
4566.4 
3471.07 
2644.49 
2104.39 
2283.6 
2154.63 
2119.66 
2104.38 
2104.38 
2104.38 
830.957 
2104.38 
728.323 
710.15 
2405.46 
2261.98 
2344.02 
668.006 
4343.3 
2104.38 
655.851 
2490.3 
3766.8 
1034.76 
743.361 
2177.28 
2247.59 
2454.8 
879.615 
3050.97 
3245.36 
1093.3 
4545.22 
1111.08 
1929.59 
1278.24 
4161.64 
4063.42 
2104.38 
697.795 
4368.51 
826.833 
2110.26 
987.461 
946.651 
2104.38 
843.127 
4379.68 
2499.22 
2104.38 
2104.38 
790.627 
662.991 
804.399 
922.383 
759.744 
851.743 
879.235 
748.665 
773.884 
765.546 
791.146 
754.12 
785.215 
779.464 
733.2 
758.055 
714.506 
738.935 
738.209 
763.185 
665.513 
689.289 
2104.52 
3401.43 
2104.38 
3327.08 
3334.75 
4002.4 
777.7 
2104.42 
3827.06 
1182.6 
1135.89 
1227.37 
2104.38 
2104.38 
811.626 
838.271 
4455.56 
4412.96 
834.835 
861.983 
934.252 
963.364 
4387.97 
2514.09 
2104.38 
1625.45 
2104.38 
2104.38 
3970.51 
676.503 
844.395 
718.981 
743.514 
2280.68 
2104.38 
2104.38 
2104.38 
2104.38 
2104.38 
659.057 
3416.67 
4382.57 
1339.43 
4490.4 
3274.97 
2104.38 
3527.54 
1133.14 
1165.51 
679.652 
703.515 
4101.72 
2104.56 
654.459 
682.969 
706.828 
649.474 
1002.43 
1032.76 
2764.9 
3909.32 
3468.19 
3522.38 
3467.96 
2127.49 
701.805 
725.947 
2575.47 
2588.52 
2864.74 
2880.27 
3193.68 
3306.68 
2104.38 
2105.04 
2106.46 
2104.38 
2107.92 
2107.97 
2105.56 
2105.57 
2104.73 
2104.73 
2104.38 
2347.01 
900.119 
2139.09 
2140.19 
2104.39 
2104.38 
2104.38 
2104.38 
2104.38 
2104.38 
2104.38 
2104.38 
2104.38 
3939.38 
3843.14 
2104.38 
2104.38 
2104.38 
2104.38 
2104.38 
2104.38 
2785.76 
2243.71 
2104.38 
2104.38 
2104.38 
2104.38 
2104.38 
2144.44 
771.528 
797.263 
3970.43 
3892.34 
3866.96 
2104.39 
2104.41 
2104.38 
2104.38 
2104.38 
2743.37 
2104.38 
2104.38 
2104.38 
1726.19 
2123.82 
2104.38 
2104.38 
959.625 
989.206 
2104.47 
2104.56 
2104.47 
1070.74 
4016.42 
650.223 
673.422 
4357.51 
4241.71 
2104.38 
2104.38 
4467.04 
4228.61 
2303.3 
2400.12 
2104.38 
2104.38 
2113.9 
2114.12 
2104.38 
2104.38 
2104.38 
2920.03 
2206.35 
2209.88 
797.402 
823.727 
2104.38 
2104.38 
1052.26 
1083.4 
4139.95 
4099.81 
4366.23 
3795.74 
3740.89 
1379.48 
1414.31 
3629.97 
3734.82 
4035.14 
3919.28 
2104.38 
2104.38 
4351.3 
2104.38 
2104.38 
1008.31 
1049.24 
657.369 
683.352 
680.937 
889.658 
917.915 
860.677 
888.356 
2965.14 
3078.84 
3579.93 
3569.23 
4068.35 
3976.91 
3947.57 
670.727 
694.58 
4374.45 
4287.73 
761.011 
803.833 
1769.03 
1840.8 
4153.85 
2104.38 
2104.38 
4231.17 
2289.08 
4320.51 
4324.58 
2573.01 
768.457 
2205.79 
4284.52 
2104.38 
2104.38 
3720.29 
3736.3 
2501.78 
2413.81 
830.878 
883.553 
925.65 
2104.38 
4257.08 
4081.46 
4003.45 
4079.87 
2289.47 
686.466 
710.336 
1237.72 
676.168 
3823.9 
3760.56 
1102.18 
975.993 
2104.38 
2104.38 
4380.63 
2107.8 
4396.68 
1471.67 
1018.18 
2240.06 
691.927 
803.571 
819.097 
869.962 
4205.59 
4156.8 
2104.38 
2104.38 
965.645 
2104.38 
2104.38 
3525.72 
4257.43 
4341.32 
911.013 
951.268 
3405.48 
705.915 
2104.86 
2106.14 
2248.53 
870.446 
4305.59 
734.483 
2104.38 
2104.38 
660.808 
784.062 
2287.29 
723.582 
2110.38 
810.083 
1423.36 
1506.88 
1458.41 
3820.87 
3880.24 
2104.38 
2104.38 
4355.19 
4278.42 
853.806 
845.899 
3934.45 
721.851 
693.895 
2104.38 
686.882 
2104.38 
4305.13 
4242.61 
2312.64 
2104.38 
1689.84 
748.22 
2104.38 
2104.38 
2104.38 
2104.38 
2104.38 
2104.38 
2104.38 
1326.41 
1382.37 
973.214 
1003.03 
2009.49 
1374 
1302.72 
928.576 
3255.96 
3156.93 
4134.85 
4007.01 
2104.4 
1156.66 
1189.34 
3048.88 
2843.29 
1048.77 
907.674 
2104.38 
2472.67 
2780.08 
2667.69 
3253.72 
2195.65 
1090.31 
4381.77 
730.158 
2105.03 
1065.63 
2106.48 
4223.51 
4325.95 
2119.4 
2155.29 
2104.38 
2104.38 
2195.22 
2423.55 
2499.11 
2766.29 
2213.68 
939.686 
2156.97 
2104.38 
2104.38 
2290.37 
2104.38 
2104.38 
2104.38 
2104.38 
2104.38 
2104.38 
2104.38 
2104.38 
2104.38 
2104.38 
2104.38 
1497.24 
1555.18 
1525.14 
1560.41 
673.475 
1448.55 
2104.38 
2104.38 
2104.38 
2171.64 
2017.91 
1760.61 
1651.25 
2104.38 
2104.38 
2104.38 
2104.38 
681.397 
653.172 
727.897 
2104.38 
2104.38 
2104.38 
2104.38 
2104.38 
3851.89 
3799.97 
3780.05 
2104.38 
2104.38 
2109.95 
3335.21 
2355 
2128.17 
2736.47 
4097.54 
4198.72 
2196.19 
2104.38 
4284.9 
4256.64 
4126.35 
2964.83 
2980.12 
1017.54 
3626.11 
3609.25 
3237.25 
3234.13 
2119.8 
4376.22 
4278.75 
4269.47 
753.065 
1811.01 
1844.56 
4182.48 
4118.02 
4135.67 
2104.38 
2104.38 
2104.38 
2618.61 
2640.62 
2847.31 
2651.93 
2179.65 
2164.13 
4180.06 
4257.64 
3697.84 
3703.32 
1271.37 
1208.76 
676.495 
2104.42 
897.827 
2104.38 
2104.38 
2104.38 
684.876 
816.795 
1143.12 
700.316 
2104.4 
2104.38 
2682.01 
2104.38 
1122.05 
4287.87 
2104.38 
4202.61 
2179.77 
2240.99 
2104.38 
2104.38 
2104.38 
2104.38 
2296.69 
2104.38 
2104.38 
2104.38 
2104.38 
2104.38 
697.396 
2847.13 
2104.38 
2245.35 
2104.38 
874.833 
3662.86 
3686.71 
2911.63 
2344.7 
2104.38 
2104.38 
2127.86 
3967.79 
728.686 
1268.93 
1302.91 
962.194 
2104.38 
914.705 
995.434 
1181.8 
1242.07 
1214.8 
690.117 
714.031 
2104.38 
2104.38 
806.284 
972.831 
999.426 
2104.38 
4167.34 
4037.44 
2107.73 
2146.93 
2104.38 
3425.45 
2181.05 
942.121 
811.647 
835.285 
828.653 
1020.01 
847.206 
881.161 
2104.38 
2105.45 
791.118 
1229.06 
4038.95 
2104.85 
817.161 
840.909 
2104.39 
738.89 
1007.46 
1034.62 
4179.25 
4282.4 
2303.65 
734.226 
2104.38 
2113.75 
2104.41 
2104.51 
4092.21 
2838.63 
2104.38 
2104.38 
2104.38 
2104.38 
4282.79 
4224.73 
923.514 
949.27 
2512.71 
1033.11 
1060.69 
2104.38 
2104.38 
2104.38 
796.031 
819.378 
2104.41 
2104.41 
1681.03 
2104.38 
4101.86 
3666.92 
3672.54 
3643.35 
983.901 
1010.68 
1997.45 
1076.16 
2104.38 
1091.92 
1120.4 
1125.92 
750.03 
3481.34 
3486.22 
2136.28 
2104.38 
2104.38 
753.333 
776.243 
744.247 
2607.18 
2717.32 
3169.77 
2104.45 
2104.45 
2212.47 
2216.04 
2677.83 
2694.01 
781.723 
2104.38 
3128.36 
2874.94 
3206.37 
2707.56 
3062.89 
3012.9 
3029.15 
2183.42 
3307.1 
2139.72 
2104.38 
890.006 
860.586 
867.597 
892.308 
741.613 
764.635 
2106.3 
2106.31 
2519.42 
3974.64 
2365.05 
2373.32 
2104.38 
2104.38 
2104.38 
2104.38 
2104.38 
2104.38 
3695.19 
3620.27 
2104.38 
2104.38 
2104.38 
747.043 
770.161 
2104.38 
2104.38 
2252.98 
2257.91 
2133.49 
932.642 
958.555 
2150.23 
729.659 
747.485 
1584.65 
1619.85 
853.787 
885.153 
878.234 
2104.38 
2104.38 
2104.38 
822.826 
846.688 
2104.38 
2104.38 
2104.38 
2104.38 
2140.76 
2104.38 
2104.38 
2104.38 
3371.04 
2104.38 
2104.38 
2104.38 
2437.21 
2447.32 
2104.38 
2104.38 
719.738 
743.651 
750.523 
2104.38 
2104.38 
2104.38 
2387.28 
2488.83 
2610.22 
2623.78 
2104.38 
2104.38 
2140.12 
2141.16 
2110.06 
2110.14 
3997.92 
3874.1 
1144.3 
1173.53 
2119.41 
2119.76 
1108.48 
1137.2 
756.792 
779.702 
2104.38 
2104.38 
1046.81 
1074.6 
2104.38 
2104.38 
1253.61 
1284.28 
3667.33 
3627.68 
882.295 
907.289 
736.353 
759.399 
801.082 
824.526 
1163.7 
1193.2 
3354.23 
3991.02 
2104.38 
2104.38 
1184.23 
1214.01 
2104.38 
1528.7 
3736.04 
3734.84 
2104.38 
2104.38 
3529.42 
3635.92 
2104.38 
2104.38 
1047.49 
1907.56 
1939.72 
951.963 
978.211 
3074.48 
3194.13 
897.963 
923.256 
3595.76 
4098.52 
3998.57 
802.226 
1830.2 
1904.93 
2104.38 
2104.38 
2104.38 
3302.04 
3285.2 
2104.38 
2127.55 
2104.38 
2104.38 
3077.29 
3361.76 
2104.38 
899.674 
915.134 
2128.49 
2104.38 
2104.38 
4040.76 
2130.59 
2113.93 
3922.57 
3346.53 
3392.43 
760.517 
783.36 
1336.99 
988.606 
761.89 
3671.22 
3624.86 
2104.38 
2104.38 
2104.38 
2104.38 
2104.38 
2104.38 
4067.77 
2955.48 
2104.38 
2107.76 
2104.68 
2310.16 
4021.31 
3959.91 
2123.9 
2123.06 
3919.73 
4019.44 
2104.38 
4269.44 
2104.38 
4203.51 
852.633 
773.06 
836.49 
3423.98 
834.652 
858.743 
2104.38 
1047.37 
4153.72 
1631.74 
786.352 
2104.38 
1259.42 
1205.97 
829.825 
814.383 
1154.88 
1022.4 
3987.84 
4082.97 
1577.77 
1665.08 
1610.98 
2104.38 
2104.38 
2104.38 
1370.24 
4102.47 
4011.65 
2533.55 
2363.41 
2104.38 
717.876 
4086.85 
2110.25 
2104.38 
2104.38 
2104.38 
1747.79 
2104.38 
3849.44 
3949.93 
2104.38 
2048.04 
1434.88 
2104.38 
1104.41 
1061.15 
1322.54 
2808.93 
1279.79 
1310.77 
2121.39 
2132.21 
3773.35 
3212.26 
767.413 
2722.49 
3795.73 
3683.27 
2531.36 
2122.2 
2115.82 
1548.19 
1608 
804.805 
777.206 
2104.38 
968.196 
2104.38 
2219.41 
2104.38 
3897.65 
2104.96 
2104.38 
2104.38 
2104.38 
2104.38 
1405.11 
1437.35 
2927.94 
3619.05 
3680.26 
3629.61 
3656.83 
2121.13 
1224.49 
1270.16 
1691.39 
1724.72 
1914.19 
1686.18 
906.183 
3705.95 
3623.87 
3048.11 
3124.58 
2104.38 
2104.38 
2104.38 
940.291 
2104.38 
2104.38 
2104.38 
2104.38 
2104.38 
2104.38 
2104.38 
2183.29 
3639.19 
3719.14 
963.764 
2104.53 
2104.53 
3871.22 
1236.03 
4006.5 
2157.4 
3360.02 
3433.4 
3370.6 
3897.76 
3772.99 
3527.93 
3529.35 
3110.26 
3125.88 
3618.77 
3607.53 
2104.38 
3344.84 
3411.03 
3350.62 
3938.73 
3997.54 
1561.72 
1483.91 
2104.38 
4056.19 
3940.09 
2007.14 
2038.34 
733.129 
756.225 
2855.98 
2866.87 
758.123 
733.383 
2183.53 
3752.98 
3665.9 
3651.17 
2104.38 
2104.38 
2104.38 
920.596 
2080.81 
2104.38 
2105.45 
809.53 
3974.39 
4070.93 
4010.05 
4095.04 
2106.28 
2104.38 
2104.38 
2104.38 
2824.78 
1089.16 
800.208 
772.819 
2104.38 
2363.75 
2104.39 
2104.95 
2104.38 
2104.38 
931.626 
2275.7 
1003.84 
2159.05 
2104.38 
956.197 
764.46 
787.299 
2104.4 
2646.22 
3977.13 
4059.61 
999.723 
2111.61 
2106.29 
2109.8 
2104.38 
2218.28 
1101.12 
2104.38 
893.323 
2104.38 
2109.77 
2104.68 
2104.38 
2383.42 
2104.38 
2104.38 
2104.38 
2104.38 
1738.69 
4100.27 
4014.08 
2104.38 
840.829 
854.81 
1160.05 
3431.58 
2104.38 
2105.32 
2104.38 
2109.81 
1231.3 
2104.38 
3812.64 
1001.56 
859.845 
882.107 
810.718 
2104.38 
3201.58 
1133.85 
2104.38 
2104.38 
4075.3 
4003.35 
1402.13 
1337.88 
2111.91 
2141.6 
1009.34 
1034.07 
1345.35 
2104.38 
3491.75 
2104.38 
2461.25 
2471.53 
1114.89 
1141.18 
870.326 
2104.43 
2104.43 
865.043 
2230.16 
2388.05 
2257.71 
2104.38 
2104.38 
2104.38 
2104.38 
2104.38 
2104.38 
2104.38 
1193.87 
1051.57 
2108.87 
768.577 
791.448 
3039.51 
3215.27 
3045.37 
2104.38 
2104.38 
2104.38 
816.126 
2104.38 
824.73 
2262.09 
2267.02 
2068.42 
2888.66 
2140.82 
871.531 
2104.38 
2104.38 
2104.38 
3924.16 
3798.44 
1029.63 
3565.81 
2687.4 
2780.69 
3160.39 
2109.83 
2854.82 
2171.27 
2437.94 
3678.33 
972.76 
813.412 
838.774 
836.061 
2119.23 
2960.55 
2976.81 
2104.38 
3819.79 
3703.05 
2104.38 
1063.2 
1088.75 
865.005 
887.362 
3783.91 
2104.38 
2549.46 
2561.55 
2104.38 
2104.38 
2104.38 
1442.85 
1516.69 
1475.38 
818.676 
841.48 
1019.28 
1044.18 
2316.95 
2323.51 
881.476 
917.769 
958.218 
2104.38 
2104.38 
2104.38 
2104.38 
1946.39 
1831.49 
2104.5 
2104.5 
1757.63 
1864.32 
1790.81 
2104.38 
899.502 
922.409 
3701.91 
3583.43 
1176.57 
2106.12 
2106.12 
821.527 
844.091 
2104.38 
2104.38 
2104.38 
2104.38 
3675.3 
3619.85 
3622.02 
2706.43 
3542.2 
830.391 
791.074 
874.568 
2104.38 
2104.38 
2104.38 
1176.55 
1203.75 
2475.93 
2582.63 
2749.02 
2764.02 
2104.38 
2104.38 
2159.14 
2160.71 
3216.05 
2113.46 
2113.6 
1251.57 
1279.75 
2127.97 
2128.52 
1212.09 
1239.76 
828.227 
850.516 
2104.38 
2104.38 
2104.38 
2104.38 
1372.58 
1402.24 
3556.41 
2104.38 
2104.38 
964.359 
988.343 
2104.38 
2104.38 
2104.38 
875.815 
898.332 
1273.02 
1301.45 
2104.38 
2104.38 
1295.72 
1324.44 
1129.25 
1155.77 
2104.38 
2104.38 
2104.38 
4005.58 
3937.44 
3944.66 
2104.5 
2104.87 
1088.78 
1429.65 
1371.91 
1483.62 
1040.4 
1065.6 
3194.11 
3325.49 
981.462 
1005.74 
3589.11 
1894 
1971.85 
905.853 
928.872 
3297.97 
1075.31 
1101.04 
3398.91 
926.043 
3563.38 
3598.46 
2104.38 
2104.38 
2104.38 
3339.89 
2104.4 
2104.39 
2104.38 
3823.69 
2107.21 
2104.38 
2104.38 
1086.61 
832.039 
854.192 
2105.32 
2104.88 
3992.29 
3541.66 
3506.86 
2104.38 
2104.38 
2104.38 
793.518 
2104.38 
2104.38 
1054.67 
2104.38 
2104.38 
3809.59 
3738.89 
4013.61 
2104.38 
2104.38 
805.792 
1259.2 
996.888 
2198.53 
2870.71 
912.377 
935.517 
2107.19 
1076.94 
2104.38 
2391.8 
847.103 
2104.38 
2106.84 
3958.41 
3823.25 
3723.06 
2141.79 
1221.29 
2104.38 
2904.03 
2728.59 
1733.28 
1367.9 
2104.38 
2104.38 
3839.37 
3845.1 
3799.51 
1374.7 
1319.8 
3824.09 
876.996 
849.918 
2104.38 
2104.38 
940.612 
3435.07 
3501.52 
892.756 
2104.38 
2104.38 
948.294 
1401.62 
1431.6 
2104.38 
2104.38 
795.761 
2104.38 
2104.38 
1087.95 
2119.52 
2119.43 
2128 
3708.75 
2109.46 
2104.38 
3496.61 
1541.08 
2107.32 
2106.13 
2155.47 
2262.52 
1600.71 
1662.62 
3592.26 
3587.96 
887.31 
1808.06 
758.52 
3175.82 
3063.3 
971.991 
990.443 
3561.51 
2320.55 
3559.44 
3654.35 
3079.38 
2107.49 
916.117 
3724.85 
980.038 
3673.27 
3765.98 
1307.81 
1339.09 
2103.98 
1793.28 
1825.53 
1127.22 
2104.38 
2104.38 
3629.63 
3648.2 
3484.68 
3421.99 
904.074 
1267.2 
1313.96 
2104.38 
2104.38 
2104.38 
2107.5 
2104.38 
2104.38 
2104.38 
1859.38 
1891.59 
2184.45 
933.201 
956.682 
2104.38 
3630.13 
2944.23 
2104.38 
2104.38 
824.295 
2104.63 
2104.62 
2104.38 
2104.38 
2104.38 
3545.36 
3505.05 
2104.38 
2104.38 
3479.51 
2104.38 
2104.38 
2659.91 
2104.38 
3748.3 
2948.78 
2104.38 
3457.4 
3465.86 
3635.87 
3626.68 
3619.68 
3569.54 
3585.04 
3569.75 
3249.66 
3263.95 
1144.29 
3526.47 
3570.63 
3602.15 
3592.51 
807.873 
3412.49 
3426.02 
3724.62 
3607.26 
3818.75 
2204.55 
2234.21 
813.729 
3644.06 
2104.38 
3052.83 
3064.17 
2104.39 
3481.9 
3400.97 
1042.02 
2104.38 
2104.38 
2104.41 
3409.66 
3329.52 
3767.97 
3561.92 
1348.81 
3692.1 
1765.47 
1678.71 
3755.83 
3839.75 
2823.06 
1024.31 
1113.84 
1572.31 
1502.21 
833.027 
2359.29 
3813.5 
910.003 
2109.82 
3450.71 
3541.52 
1014.86 
3535.66 
3630.23 
2221.81 
1187 
2186.86 
3016.13 
3231.64 
2104.38 
3074.59 
1171.01 
829.863 
2104.38 
2104.38 
3347.95 
3209.82 
2104.42 
2105.11 
1178.88 
1127.54 
1257.84 
2105.13 
877.777 
919.11 
3492.77 
1115.36 
3834.17 
3749.74 
3755.72 
2104.38 
2104.38 
2104.38 
2104.38 
2104.38 
2104.38 
3831.38 
3735.03 
1433.75 
831.668 
808.684 
1336.05 
3508.79 
3411 
3739.8 
3793.15 
3354.73 
3009.71 
2104.38 
2104.38 
2104.38 
2104.38 
1139.22 
2600.39 
2677.46 
2485.43 
1035.62 
1418.42 
1478.13 
2160.41 
1294.93 
2329.95 
840.612 
2345.68 
2104.38 
3746.1 
3630.42 
1369.46 
2316.57 
2344.61 
2107.03 
2104.38 
1462.06 
1490.9 
1093.34 
2104.47 
2104.47 
2579.82 
2591.88 
2223.56 
954.578 
2104.38 
964.19 
1208.32 
3070.29 
1193.27 
1218.66 
2104.38 
1127.07 
1151.53 
942.552 
2104.38 
840.264 
2142.65 
2233.65 
2127.78 
2104.38 
3583.31 
3469.45 
960.907 
982.85 
1038.81 
3404.16 
2113.02 
881.751 
902.989 
3523.85 
3421.2 
845.195 
867.267 
1798.65 
894.691 
1174.32 
3487.6 
3836.88 
3751.66 
3744.55 
948.476 
970.259 
3512.69 
3406.14 
2377.35 
2812.22 
2934.84 
3113.61 
3129.03 
967.428 
989.467 
1958.57 
2104.38 
1151.89 
1176.72 
2134.78 
2013.7 
2682.62 
2696.23 
2104.38 
2104.99 
956.114 
992.951 
2104.38 
2104.38 
1104.14 
1128.32 
942.353 
2401.65 
2410.01 
2104.38 
2104.38 
2104.38 
2104.38 
2104.38 
2104.58 
2104.57 
2104.38 
2104.38 
974.146 
996.291 
2104.38 
2104.38 
3480.49 
3411.73 
2159.33 
3377.49 
3267.27 
2105.75 
2104.77 
2105.32 
873.183 
2107.2 
2104.38 
2104.38 
2104.38 
2104.38 
2104.38 
3404.66 
2104.38 
3388.16 
3281.15 
3415.53 
1072.83 
2104.38 
2104.38 
2104.38 
2104.38 
2104.38 
3606.39 
3490.18 
1275.94 
1302.48 
2569.29 
2680.87 
2104.38 
2104.38 
2187.3 
2189.59 
836.204 
858.24 
2104.38 
2104.38 
2790.82 
2805.6 
2118.82 
2119.04 
1358.37 
1385.96 
3210.14 
3224.71 
2270.73 
2275.57 
2141.13 
2141.98 
1314.92 
1342 
898.066 
920.001 
3400.8 
2104.38 
2104.38 
1492.22 
1521.38 
1044.48 
1067.73 
2104.38 
2104.38 
1382.02 
1409.89 
2104.38 
2104.38 
1407.11 
1435.26 
889.502 
1224.07 
1249.88 
2109.39 
2109.41 
3594.59 
3337.27 
3206.67 
3501.88 
3297.15 
3310.43 
931.286 
1960.53 
2041.74 
2104.38 
2104.38 
1053.63 
1077 
981.037 
1003.31 
949.404 
1165.1 
1190.09 
2104.38 
2104.38 
3244.35 
1002.88 
916.588 
1217.73 
2104.41 
2104.39 
2104.71 
901.808 
923.567 
2104.38 
2104.38 
2104.38 
2104.38 
1124.97 
2446.94 
2104.76 
2104.38 
2104.38 
3434.51 
1204.06 
2278.6 
2104.87 
3424.88 
1240.53 
3581.79 
2031.24 
2062.82 
3342.21 
3587.06 
2104.38 
3425.24 
3794.99 
3724.36 
2104.38 
3580.02 
3502.08 
2104.38 
1462.22 
3082.38 
1363.34 
872.047 
2104.38 
884.719 
907.123 
3246.1 
3333.08 
3171.55 
3248.48 
1163.87 
988.101 
1010.5 
2296.83 
2495.7 
2104.38 
2104.38 
862.635 
1710.73 
1628.83 
3530.59 
3426.54 
1414.18 
2104.38 
2104.38 
2161.86 
3489.54 
2748 
2578.58 
2825.8 
1679.29 
3652.6 
2336.48 
1321.73 
2108.94 
3512.4 
3577.61 
2226.99 
2104.38 
3450.69 
3513.57 
1233.9 
3321.31 
1524.37 
1553.92 
3510.96 
2128.24 
1533.65 
2441.07 
2601.52 
2466.89 
2104.38 
2104.38 
2104.38 
2104.38 
1533.12 
1466.19 
2104.47 
894.165 
919.666 
2104.38 
976.444 
1139.68 
2117.34 
2123.93 
2104.8 
2104.62 
1058.68 
1026.99 
1077.28 
2104.38 
2104.38 
1614.67 
2511.97 
2321.12 
2573.31 
1655.06 
1719.35 
3025.46 
2901.05 
3373.2 
3384.8 
2104.38 
2104.38 
3243.96 
3166.01 
1870.87 
2104.39 
2104.38 
3264.44 
2113.11 
2104.4 
887.202 
912.28 
909.886 
1990.26 
1892.37 
936.844 
1432.74 
1463.02 
3384.17 
3471.13 
1583.1 
3278.02 
3181.14 
2104.38 
2104.38 
3586.92 
3584.29 
1082.92 
3300.49 
3252.58 
2104.38 
1310.89 
1358.5 
2104.38 
2104.38 
2104.79 
2104.78 
2104.38 
2104.38 
1010.62 
1033.37 
1932.52 
2045.22 
1964.5 
2179.28 
2107.19 
2105.92 
891.927 
2104.38 
2104.38 
958.484 
3527.17 
3487.28 
2104.38 
2104.38 
3267.64 
3582.63 
2104.77 
1284.09 
3529.81 
3534.86 
3600.14 
3586.86 
3432.69 
3452.41 
3545.24 
3583.34 
2104.38 
3569.61 
3559.07 
2104.38 
2104.38 
1106.77 
3400.97 
3289.83 
3224.73 
3236.75 
1266.58 
2403.95 
2432.44 
995.377 
1025.51 
1017.89 
3218.07 
2105.11 
952.836 
925.865 
1063.09 
3256.32 
3180.89 
3193.83 
2104.38 
2104.38 
2104.38 
2104.38 
3396.77 
3452.97 
917.049 
2104.38 
2104.38 
964.275 
1096.54 
1049.93 
1018.65 
1725.98 
1757.14 
2916.56 
1117.35 
914.465 
1086.6 
2104.38 
2104.38 
2104.38 
2104.38 
1166.91 
2432.48 
1165.15 
2105.19 
2105.18 
2104.38 
2104.38 
2104.38 
2104.38 
3546.4 
3445.03 
3097.27 
2933.8 
876.664 
1441.63 
2104.38 
3717.62 
1007.19 
1710.09 
1636.07 
2326.58 
2199.53 
2610.08 
2104.38 
897.157 
1215.37 
2104.38 
2104.38 
2104.47 
1465.85 
1527.92 
2104.38 
2889.36 
3127.73 
1143.64 
1019.6 
3162.69 
2104.38 
910.66 
1176.44 
1200 
2521.53 
2548.26 
2104.38 
962.159 
2718.92 
2732.27 
2278.64 
1861.19 
3413.92 
3277.87 
3344.7 
1396.54 
2104.38 
1549.57 
1212.89 
985.191 
1154.27 
1177.43 
3558.9 
3577.58 
3561.44 
2104.44 
2104.6 
2220.26 
2315.34 
1026.16 
1047.46 
1013.29 
1034.48 
2106.8 
2108.38 
1032.98 
1054.33 
3587.93 
3573.9 
3582.68 
2104.46 
3247.24 
3164.19 
915.569 
936.954 
1226.14 
1250.31 
952.191 
1269.31 
2118.18 
3588.34 
3254.09 
3171.84 
3166.15 
1239.9 
1264.28 
1073.05 
3216.49 
3437.43 
3496.97 
3447.08 
2920.41 
3258.09 
3271.53 
1040.05 
1061.49 
2104.38 
2104.38 
2140.98 
2419.47 
2832.38 
2846.75 
2104.38 
2104.71 
1113.8 
2104.38 
1301.46 
1188.14 
1211.84 
3294.27 
3193.62 
2509.3 
2519.43 
2104.38 
2104.38 
3081.38 
2104.38 
2104.38 
2104.38 
1047.33 
1068.89 
2104.38 
2104.38 
2104.38 
3282.44 
3210.18 
3229.87 
1260.3 
2104.38 
2104.38 
3490.6 
3572.31 
2189.45 
2104.38 
3501.22 
2104.38 
2104.38 
2104.38 
1285.01 
1309.99 
1355.74 
3346.29 
3437.83 
3356.96 
3593.51 
3576.42 
1375.69 
1401.89 
2665.88 
2779.82 
2104.38 
2104.38 
2228.07 
2231.3 
906.021 
932.061 
927.565 
2104.38 
2104.38 
2946.67 
2961.57 
2127.23 
2127.58 
1466.24 
1493.61 
3342.23 
3354.17 
2342.32 
2348.68 
2161.07 
2162.37 
1418.47 
1445.36 
967.036 
1318.71 
1344.13 
2104.38 
2104.38 
1614.36 
964.257 
986.949 
1123.5 
1146.17 
2104.44 
2104.38 
2104.38 
2104.38 
1492.32 
1520 
2104.38 
2104.38 
1520.04 
1548.03 
2104.38 
2148.12 
1660.62 
2104.76 
1200.24 
1224.15 
2030.04 
2114.86 
2104.38 
2104.38 
2104.53 
2104.7 
2104.52 
1133.37 
1166.64 
1156.27 
1054.84 
1076.5 
1580.95 
1609.7 
1254.27 
1278.84 
3424.69 
3313.21 
2104.38 
3505.22 
2104.38 
2104.38 
2104.39 
3329.9 
3338.94 
3252.12 
3336.86 
3254.51 
970.504 
992.216 
3428.21 
3480.66 
2104.38 
2104.38 
3236.72 
3312.66 
3543.32 
2207.97 
2105.91 
2104.42 
2104.38 
1711.6 
1778.63 
2104.38 
1585.19 
2104.38 
2120.14 
3566.73 
3492.49 
2621.93 
2104.38 
2104.38 
2104.38 
1468.75 
2105.06 
3312.61 
2104.38 
913.897 
3424.03 
2104.38 
956.512 
978.196 
1028.27 
1001.23 
3226.55 
3312.81 
2104.38 
2104.38 
1821.63 
1062.47 
1084.32 
3035.49 
3090.55 
2104.43 
2104.48 
2104.38 
2104.38 
1461.36 
2104.48 
3238.35 
3136.04 
2104.38 
2104.38 
2104.38 
3039.63 
3196.82 
2701.12 
1040.84 
2104.38 
1577.87 
920.626 
3057.99 
3448.3 
1015.8 
3208.93 
1326.63 
3251.13 
2104.38 
2104.38 
985.302 
960.536 
2104.52 
1078.4 
2283.31 
2427.7 
3468.36 
3173.39 
2104.38 
2104.38 
1649.96 
1679.51 
1423.08 
1294.05 
2649.77 
2674.19 
1041.48 
1188.55 
2115.22 
1496.76 
2118.32 
2112.44 
942.07 
2104.43 
2104.41 
2104.38 
1873.36 
1904.5 
1236.91 
947.355 
2191.55 
2427.6 
2474.61 
2240.57 
2271.16 
2104.38 
2104.38 
2537.96 
3337.13 
3472.62 
3480.62 
3024.16 
2963.42 
2104.38 
954.187 
3560.11 
3476.74 
3461.61 
3012.54 
3113.17 
3193.4 
1117.44 
1164.84 
3551.35 
1558.86 
1588.71 
2141.7 
2104.38 
2104.38 
3360.96 
1136.3 
1104.41 
3143.18 
3105.15 
3016.53 
2937.78 
2104.38 
2104.38 
3577.61 
1936.45 
946.403 
971.959 
2984.67 
3063.53 
1355.15 
1403.34 
2104.38 
2104.38 
2104.38 
2105.06 
2105.04 
2104.38 
2104.38 
2104.38 
1086.74 
1108.96 
2111.28 
2142.51 
3562.22 
2104.38 
3549.67 
3365.55 
3397.14 
3338.5 
3371.62 
2104.38 
2104.38 
3460.39 
1336.78 
2104.38 
2104.38 
3572.67 
3573.6 
3552.43 
3539.22 
3401.39 
3425.14 
989.128 
1362.45 
1643.46 
3518.32 
3505.62 
2104.44 
2104.4 
2104.38 
2104.38 
2162.46 
3101.31 
3002.06 
3362.58 
3375.17 
1924.07 
1831.97 
2604.02 
1776.66 
1863.53 
1808.07 
3177.12 
2104.38 
3068.95 
3020.47 
2239.12 
2128.88 
2104.43 
3072.94 
2112.47 
2108.94 
3571.39 
3584.66 
2104.38 
2104.38 
3276.04 
3248.84 
1381.67 
2631.37 
2492.15 
3532.69 
3563.43 
1095.38 
1126.8 
1117.69 
2104.43 
2113.19 
2104.38 
2104.38 
1549.5 
3531.26 
3515.32 
3045.79 
3115.38 
3287.79 
3349.79 
3258.47 
3157.63 
2104.38 
2754.78 
2952.08 
2787.95 
2104.38 
2104.38 
1666.52 
1596.01 
1395.29 
2104.39 
1852.36 
1773.68 
2230.16 
2979.03 
3050.47 
2104.39 
2104.38 
1514.45 
1579.26 
3209.6 
1605.29 
1089.73 
1127.74 
2105.71 
2105.69 
2104.38 
1003.41 
1272.13 
2724.48 
2749.93 
3265.46 
3121.86 
2873.35 
2887.19 
2991.23 
3005.4 
1100.5 
1070.32 
2353.71 
2104.38 
2104.38 
3138.41 
2161.08 
3518.3 
3554.7 
3524.03 
1118.23 
3034.58 
1235.43 
3583.4 
3580.76 
3581.88 
2301.22 
3503.29 
1096.69 
1117.6 
2106.53 
2104.38 
2104.38 
1103.99 
1124.91 
2107.8 
3016.44 
2951.3 
3303.45 
3315.48 
984.447 
1313.13 
3305.51 
3205.93 
3370.21 
3145.91 
1328.14 
1352.29 
2104.38 
2104.38 
2104.38 
1209.62 
2104.38 
2104.38 
2104.38 
3384.12 
3394.49 
3088.38 
1036.1 
1111.65 
1132.61 
958.871 
983.946 
982.095 
2104.38 
2104.38 
2104.38 
3554.98 
2104.74 
2104.47 
2105 
2104.38 
1257.98 
2104.38 
2104.38 
2104.38 
1040.07 
1019.01 
1084.51 
2126.29 
2104.38 
1926.52 
3023.98 
2947.65 
2941.01 
2104.38 
2532.68 
3047.87 
2969.78 
2957.36 
1119.58 
1140.65 
2104.38 
2104.39 
2104.38 
1740.62 
1303.11 
2104.38 
1247.33 
1270.4 
2938.3 
3012.51 
1668.69 
3334.93 
1360.16 
3476.45 
3439.54 
1500.02 
3469.02 
2104.38 
1377.35 
1402.14 
2760.9 
2104.38 
2104.38 
2104.38 
1414.23 
1439.5 
3104.49 
3118.41 
2140.28 
2140.83 
1576.49 
1633.1 
1604.07 
3450.81 
3459.22 
2436.47 
2444.36 
2190.78 
2192.68 
1524.14 
1551.12 
2104.38 
2104.38 
1259.5 
1282.85 
1434.1 
1459.65 
1202.04 
2104.38 
2104.38 
2104.38 
2104.38 
1635.94 
1664.07 
1285.22 
1308.94 
989.863 
1010.77 
1454.98 
1480.83 
995.447 
1016.41 
2231.55 
2234.51 
2102.77 
2191.29 
2104.38 
2104.38 
3178.15 
2104.41 
1703.59 
1732.47 
2104.38 
1343.78 
1368.15 
3122.99 
3043.08 
3021.67 
2104.39 
2104.39 
2104.38 
2104.38 
2104.38 
1038.89 
1060.98 
2104.38 
2104.38 
3216.06 
3294.41 
2325.11 
2116.79 
2138.21 
2106.88 
1770.85 
1840.75 
2959.52 
2107.24 
3333.1 
3252.53 
2104.38 
2542.51 
3507.06 
2005.1 
1576.82 
2104.38 
3488.31 
3074.15 
2104.38 
2162.16 
1153.24 
1136.09 
1157.48 
1028.49 
1626.13 
1022.24 
1420.37 
2104.38 
1969.51 
3452.24 
1092.29 
2998.15 
2389.32 
2104.38 
2104.38 
2104.38 
3509.44 
1638.73 
3222.75 
1295.62 
1509.9 
2754.3 
2106.86 
2108.93 
1047.59 
2104.4 
2104.38 
2104.38 
2104.38 
2104.38 
2104.38 
2104.38 
2104.38 
3169.56 
2104.38 
3038.97 
2104.38 
2104.38 
1780.04 
1809.93 
3581.26 
2104.38 
2104.38 
2104.38 
3092.28 
3012.96 
2852.72 
2875.75 
1059.03 
1034.42 
1148.95 
1076.54 
2861.37 
2803.3 
2809.51 
2106.24 
2942.86 
1083.04 
2026.6 
2057.89 
2104.38 
2104.38 
2104.38 
1337.11 
1298.81 
1258.32 
1223.92 
2351.95 
2207.54 
2148.29 
2228.79 
2104.38 
1005.35 
979.295 
1688.07 
1717.95 
3542.04 
3545.79 
2841.84 
2794.27 
3089.54 
3276.83 
3196.47 
3177.64 
2822.84 
2294.48 
2104.39 
2104.38 
2104.38 
1162.95 
1207.8 
2104.38 
2104.38 
2104.38 
2104.38 
2996.93 
3063.36 
3065.88 
2104.38 
2104.38 
2104.38 
2104.38 
2521.98 
1384.75 
3003.1 
2971.06 
1212.88 
1235.42 
2104.49 
2798.28 
2735.89 
2104.38 
2104.38 
2104.38 
2104.38 
2921.02 
3458.99 
2639.88 
2651.43 
2104.38 
2104.38 
2104.38 
2104.38 
1399.67 
1448.99 
3157.68 
2105.49 
2104.38 
2104.38 
1162.15 
1184.06 
1103.83 
2104.38 
2104.38 
2104.38 
2104.38 
2104.38 
1769.99 
2104.38 
2104.38 
1300.29 
1250.34 
1344.74 
2104.38 
2104.38 
1110.58 
3514.8 
1697.12 
3240.36 
3173.78 
3210.81 
3245.48 
3280.86 
2104.38 
2104.38 
3440.22 
2938.04 
2126.51 
2117.28 
2520.93 
2389.02 
3584.08 
3580.58 
3489.36 
3474.66 
1476.97 
3319.27 
3344.5 
2998.07 
2285.46 
974.614 
995.919 
2104.38 
2104.39 
3448.19 
1224.28 
1191.41 
2104.4 
2104.38 
2104.38 
1929.27 
1960.69 
2836.18 
2751.91 
3456.54 
2909.76 
2870.84 
3483.26 
3469.55 
2104.38 
2104.38 
2104.38 
2160.3 
2056.51 
1526.55 
2104.63 
2104.62 
2767.66 
2481.24 
2511.33 
2863.85 
2937.02 
2359.75 
1058.06 
1033.52 
1322.7 
2385.88 
2578.73 
2104.38 
2400.55 
2632.1 
2945 
2801.49 
3132.45 
3199.87 
3502.89 
3541.8 
3432.79 
1503.11 
2289.8 
3469.23 
3385.11 
2742.01 
2812.34 
2111.35 
2891.8 
2104.38 
2668.91 
2969.24 
2901.64 
2935.17 
1995.04 
3457.29 
3440.64 
2104.38 
3422.86 
3404.27 
2980.73 
2885.45 
2104.38 
1112.31 
1729.2 
1804.05 
1759.3 
2104.38 
2104.38 
2104.38 
2000.32 
1916.39 
3481.01 
3458.33 
3495.03 
3529.01 
2420.15 
2304.55 
1565.26 
1632.8 
2104.38 
3315.49 
2108.43 
2104.38 
1106.53 
3034.63 
1159.33 
3149.14 
3162.02 
2884.08 
2816.96 
2842.57 
2104.38 
3008.89 
3077.01 
1872.41 
3005.44 
1511.53 
1182.6 
1144.55 
1174.99 
1166.15 
2744.93 
2812.46 
2104.38 
2104.38 
1097.24 
1070.2 
2914.11 
2819.7 
2986.59 
3138.99 
3006.78 
2104.38 
2104.38 
2615.93 
2104.38 
2104.38 
1606.49 
1357.07 
1166.63 
1187.33 
2825.46 
2757.99 
2774.62 
3422.13 
3567.7 
3580.15 
3569.02 
1417.41 
2418.89 
1097.65 
2452.02 
3045.43 
3483.27 
3489.83 
2104.38 
1471.14 
2104.38 
1330.12 
2104.39 
2104.39 
2104.38 
2104.38 
3386.8 
3327.17 
3366.24 
2104.38 
2790.13 
2802.51 
1162.22 
2105.47 
1191.28 
1211.95 
2385.55 
2489.7 
2106.54 
2108.4 
2106.51 
2104.38 
1490.85 
1515.97 
1792.23 
1385.8 
3560.16 
3561.86 
2104.38 
2104.38 
2875.56 
1200.25 
1221.06 
2104.92 
2913.48 
2926.65 
3253.53 
3265.35 
2160.29 
2104.38 
2554.88 
2564.19 
2233.96 
1633.14 
1660.45 
2104.38 
2104.38 
1343.42 
1366.7 
1533.43 
1559.06 
2191.18 
2192.8 
3360.73 
2104.38 
2104.38 
1371.14 
1394.99 
1058.1 
1990.15 
2088.01 
2021.61 
2104.93 
1556.54 
1582.46 
1661.01 
1688.78 
1064.06 
1084.64 
2104.38 
2104.38 
2290.86 
2294.83 
2178.78 
2270.91 
2104.38 
2104.38 
1831.08 
1860.22 
2104.38 
2104.38 
2104.38 
3101.51 
2105.95 
2106.72 
1434.46 
1458.87 
2106.21 
3248.59 
2104.38 
2104.38 
2104.9 
2861.8 
2737.43 
3025.82 
2113.91 
2129.85 
2841.71 
1171.45 
1193.4 
2111.72 
1695.23 
2104.38 
2104.38 
2104.38 
1194.76 
2104.38 
2801.4 
2104.71 
2724.02 
2104.38 
2104.38 
1209.42 
1230.46 
2629.34 
2076.95 
3364.81 
1130.77 
1106.33 
2104.38 
2104.38 
2104.38 
2574.08 
2617.11 
2567.78 
3065.64 
2830.71 
1409.74 
1058.18 
1033.38 
2287.14 
2104.38 
2104.38 
1055.98 
1722.14 
2179.98 
2194.15 
2104.38 
1445.49 
2104.38 
2104.38 
3533.18 
2104.42 
3090.03 
2712.43 
3297.36 
2104.38 
2104.38 
2911.88 
1902.08 
3076.62 
2117.32 
1916.08 
1946.51 
3044.18 
2104.38 
2236.62 
3393.57 
3316.69 
1441.57 
1401.12 
1228.02 
1380.57 
2104.38 
2865.21 
2782.24 
1179.99 
1152.3 
1090.83 
3104.95 
2104.38 
2104.38 
2104.38 
2993.46 
2186.49 
2104.38 
1633.18 
1580.88 
2620.5 
2853.05 
1174.37 
3577.6 
3571.78 
1246.7 
1181.18 
1203.21 
3047.86 
1000.36 
3578.52 
1821.97 
1852.32 
3577.99 
3577.16 
2687.65 
2649.3 
3116.3 
2894.24 
3150.36 
3000.08 
2905.38 
2580.72 
2609.69 
3497.95 
2104.38 
2104.38 
2459.33 
2363.52 
1203.23 
2104.68 
1032.78 
2104.38 
2104.38 
1353.15 
1317.21 
1452.41 
2104.42 
2797.02 
2730.66 
2873.11 
2844.42 
1292.77 
2104.48 
2104.38 
2104.38 
2104.38 
2104.38 
3176.27 
3242.93 
2799.19 
2729 
2104.38 
2104.38 
1246.64 
2107.9 
2107.85 
1237.51 
1259.31 
1476.97 
1213.5 
1496.03 
2104.38 
1536.93 
3444.09 
2104.38 
3193.02 
3217.18 
1821.03 
1755.97 
2679.8 
1425.24 
3116.79 
2104.38 
2104.39 
2104.38 
2111.7 
1128.51 
2966.83 
3038.12 
2104.38 
2104.38 
2104.38 
2104.38 
3345.19 
3038.77 
3564.23 
3556.29 
2104.38 
2104.38 
3410.42 
2799.19 
2871.08 
1042.61 
1064.05 
3398.69 
3284.14 
2104.38 
2161.09 
2138.93 
2104.38 
1690.54 
1718.65 
2769.51 
2736.56 
2104.38 
2104.38 
3342.64 
3403.49 
2087.95 
2119.56 
2609.69 
1078.64 
1052.38 
2104.43 
1607.16 
2104.38 
2104.38 
3386.81 
2104.8 
2104.86 
2669.55 
2699.02 
2852.38 
2764.88 
1833.06 
1906.29 
1107.98 
1131.12 
1110.41 
2637.77 
2704 
3216.68 
3236.3 
1784.51 
1497.88 
1561.17 
2995.06 
2969.4 
1172.88 
1145.45 
2217.72 
2123.56 
1195.01 
2104.38 
2369.08 
3430.7 
1314.98 
1280.7 
3355.49 
2104.38 
2104.38 
2104.39 
2540.97 
2604.39 
2104.77 
2104.56 
2770.06 
2836.02 
3479.83 
2104.38 
2104.38 
1689.57 
1755.22 
3294.78 
2104.47 
3370.47 
3352.24 
3328.87 
3309.34 
2104.38 
2583.28 
2645.7 
2067.05 
3383.29 
3465.33 
2335.82 
2226.36 
2604.6 
2484.98 
2104.38 
1228.95 
1474.69 
2310.51 
2466.45 
1750.41 
2687.63 
1183.26 
1138.86 
2104.38 
1508.52 
2104.38 
2739.78 
2676.13 
2705.29 
3048.72 
2104.38 
2104.38 
2010.35 
2104.38 
1443.81 
2104.38 
2104.38 
2104.38 
2104.38 
2104.38 
2104.38 
2294.99 
2663.76 
3167.3 
3185.91 
2104.38 
2104.38 
2104.38 
3563.13 
3510.6 
1716.89 
2116.13 
2104.38 
3555.15 
2683.6 
2599.38 
3583.67 
3572.9 
3580.42 
2104.4 
2104.4 
3210 
2110.91 
2116.09 
2110.86 
1304.88 
1327.51 
3510.47 
3474.72 
3018.12 
2942.55 
2923.76 
1867.28 
1946.99 
1897.72 
1058.58 
3549.35 
3551.45 
2104.38 
2104.38 
2465.41 
1746.66 
1774.29 
3581.9 
2827.49 
2104.38 
3572.54 
3572.14 
2104.45 
2104.44 
2104.38 
2104.38 
2104.38 
1244.52 
2804.41 
2734.95 
2730.53 
3286.18 
3265.35 
2105.28 
1253.25 
1273.7 
2952.95 
1262.71 
1283.04 
1286.28 
1047.17 
1068.16 
2124.9 
2124.95 
2473.92 
3531.8 
2834.68 
2729.08 
2778.47 
1588.87 
1236.49 
1257.18 
1611.52 
1637.23 
3428.87 
3481.44 
1546.7 
1218.69 
1239.98 
1341.15 
1921.06 
2696.37 
2952.66 
2884.37 
2926.18 
1567.38 
1592.42 
2733.46 
2794.15 
3014.26 
3084.34 
1272.69 
1293.11 
2104.38 
2104.38 
2104.38 
2104.38 
2104.38 
3077.07 
3089.53 
3383.01 
3391.75 
1491.11 
1515.64 
2104.38 
2104.38 
1635.53 
1661.42 
3455.16 
3461.81 
2105.25 
2104.38 
2104.38 
2104.38 
1459.12 
1483.16 
2824.09 
2835.5 
2574.91 
2583.27 
1661.17 
1687.25 
1777.32 
1805.76 
1132.18 
2104.38 
2104.46 
1386.75 
2371.45 
2376.5 
2257.53 
2350.44 
2104.38 
2104.38 
1963.98 
1993.56 
2105.67 
2104.64 
2104.38 
2104.38 
2104.38 
2104.38 
3306.89 
1527.14 
1551.71 
2106.17 
3393.12 
2104.43 
3240.46 
3258.33 
2715.3 
1216.77 
2107.39 
2104.39 
2879.36 
1247.36 
1269.2 
2618.53 
1620.11 
3305.18 
3191.96 
1340.14 
3271.62 
3251.45 
1198.79 
3361.72 
2157.98 
2104.38 
2482.12 
1132.21 
1107.84 
1282.94 
1303.61 
2152.27 
1373.53 
2107.34 
2105.87 
1533.05 
1179.53 
2464.64 
2424.95 
2104.38 
2104.38 
1499.11 
2581.84 
2645.9 
1249.65 
1221.69 
2104.38 
2104.54 
2104.38 
2104.38 
2494.61 
1280.11 
2136.59 
2104.38 
2104.38 
2872.99 
2579.06 
1614.31 
2104.38 
1467.57 
1428.98 
2039.99 
3578.9 
3542.43 
3532.32 
2059.37 
2089.96 
3203.68 
2104.38 
2104.38 
2627.35 
1249.58 
2965.04 
2104.38 
2154.55 
2065.13 
2104.38 
3544.38 
3127.08 
3299.95 
2352.65 
3515 
2104.38 
2298.64 
2235.28 
2546.02 
2741.91 
2655.91 
2472.04 
3514.53 
3502.5 
2665.36 
2624.82 
1257.89 
1279.67 
1962.11 
1993.21 
1110.91 
3579.44 
3573.93 
2553.21 
2962.43 
2992.32 
2104.38 
2104.38 
2771.57 
2905.56 
2799.43 
1265.1 
2139.23 
2154.22 
2257.83 
2185.94 
2104.38 
2104.38 
3467.75 
2104.38 
2991.31 
2104.38 
1138.75 
1268.98 
1302.64 
2104.38 
2608.59 
2555.97 
2748.68 
2601.39 
2601.78 
2539.63 
2674.39 
2104.38 
2104.38 
1165.95 
2806.16 
2104.38 
2104.38 
3220.78 
2603.47 
2547.57 
2104.38 
2104.79 
1073.08 
2110.1 
2110.04 
1313.51 
3034.66 
3055.7 
2104.38 
2104.38 
1571.5 
2104.38 
2706.36 
1950.45 
1881.2 
1495.88 
2104.38 
2104.38 
1387.11 
1409.6 
2104.39 
2104.39 
1290.84 
3514.87 
3502.77 
2104.38 
2539.14 
2780.83 
1110.84 
1132.92 
2456.86 
2420.67 
2104.38 
2104.38 
2104.38 
1809.62 
1838.46 
2641.13 
2611.63 
2104.38 
1844.02 
1910.35 
1873.09 
2618.44 
2104.42 
2104.45 
2104.38 
2104.38 
2104.38 
2253.31 
2285.16 
2104.38 
2104.38 
3258.24 
2760.08 
1688.39 
2104.38 
2104.38 
1152.5 
1125.84 
1743.92 
1383.88 
1436.13 
2106.23 
2109.73 
3287.63 
3354.43 
3237.69 
2856.21 
2884.96 
2542.35 
3407.7 
3482.79 
1899.02 
1975.67 
1179.13 
1204.05 
2104.38 
2104.38 
3321.33 
3338.18 
3162.24 
3139.9 
2167.07 
2234.62 
3379.11 
3268.6 
2105.82 
2105.07 
3188.36 
2847.65 
2918.08 
1452.42 
1414.52 
2526.74 
2568.37 
2510.68 
2435.05 
2237.61 
2190.44 
2421.27 
2363.18 
2520.83 
2580.59 
3015.59 
1159.1 
2104.38 
2104.38 
2721.68 
2788.41 
2104.38 
1335.37 
1303.42 
2104.38 
1714.77 
2425.3 
1750.21 
1819.51 
3233.85 
1207.37 
3081.36 
3225.4 
3204.54 
2104.38 
2445.07 
1395.48 
1360.02 
2109.37 
1206.07 
1181.95 
2497.28 
2704.92 
2516.07 
2401.79 
1799.88 
2419.48 
2477.74 
1325.73 
2533.52 
3333.92 
3343.16 
3417.37 
3424.59 
2710.41 
2645.96 
2682.9 
2104.38 
2609.92 
2549.31 
2579.61 
1865.53 
2104.38 
2104.38 
1666.67 
2104.38 
1225.7 
2645.14 
2104.38 
2104.38 
2104.38 
2104.38 
3143.55 
2104.38 
3411.07 
3487.33 
3425.36 
2143.42 
2383.61 
2283.87 
3563.5 
1549.91 
3568.02 
1616.95 
1679.71 
3566.53 
3534.49 
3558.78 
2104.42 
2104.41 
2829.92 
2762.09 
2804.11 
2378.31 
2427.44 
1293.25 
1324.92 
1314.27 
1114.96 
1136.24 
1314.91 
3578.8 
3576.23 
2104.38 
2104.38 
2104.38 
2104.38 
1400.72 
1423.66 
1334.03 
3579.54 
3574.47 
2104.38 
2104.49 
2104.48 
2104.38 
2104.38 
2591.99 
2630.7 
2554.73 
2602.67 
1323.93 
1344.41 
2122.92 
2111.45 
2127.21 
1214.54 
1234.97 
2104.38 
2104.6 
2136.71 
1690.34 
1716.24 
2158.36 
2158.74 
1622.35 
1714.96 
1741.23 
2356.8 
2324.77 
2501.41 
1643.88 
1668.91 
2855.76 
1552.99 
2104.38 
1136.18 
2104.38 
2055.97 
2011.35 
2096.15 
2042.65 
1566.8 
1591.77 
2104.38 
2104.38 
2104.38 
2700.93 
2771.06 
3060.94 
3131.11 
1345.18 
1365.16 
2104.38 
2423.24 
2371.4 
2104.38 
2366.13 
2602.44 
2104.38 
2104.38 
2104.38 
1120.03 
1140.81 
3483.53 
3488.39 
1584.06 
1609.38 
2104.38 
2104.38 
1741.03 
1767.45 
2153.6 
3532.12 
3534.56 
2790.22 
2668.69 
1832.14 
1859.22 
3178.36 
3156.75 
2990.15 
3000.84 
2720.62 
2729.36 
1769.28 
1795.59 
1899.58 
1928.77 
2476.3 
2482.39 
2104.38 
2104.38 
2102.62 
2132.95 
3092 
3068.13 
2104.38 
2104.38 
2104.38 
2547.79 
2104.38 
2104.38 
2104.38 
2104.38 
2411.4 
2249.98 
2369.87 
3061.71 
2104.38 
2105.03 
2104.67 
1242.26 
2354.13 
1455.69 
1356.91 
1377.07 
2404.04 
2461.31 
2109.32 
2106.88 
1256.87 
2332.77 
2299.77 
2737.99 
2104.38 
2104.38 
1826.21 
2566.81 
2104.38 
3470.35 
2295.02 
2104.38 
2104.38 
2893.73 
2965.56 
2682.42 
2714.21 
1345.78 
2553.14 
3454.6 
2104.38 
2104.38 
1437.85 
2104.38 
2104.38 
2104.38 
1390.94 
1893.43 
2104.38 
2104.38 
2473.67 
2534.59 
1691.95 
2104.38 
3479.99 
3465.79 
2209.57 
2239.08 
2308.04 
2242.99 
1188.23 
2104.65 
3121.4 
3197.26 
2104.38 
3563.39 
2104.38 
2104.38 
2191.59 
2257.14 
2494.03 
2104.38 
2670.8 
2183.21 
3441.34 
3425.37 
2527.55 
2104.38 
2104.38 
1334.9 
2109.86 
2142.08 
2798.26 
2822.05 
2114.84 
2114.77 
2707.37 
3547.19 
3536.9 
2104.38 
2104.38 
2123.02 
2122.93 
2377.88 
2432.94 
2233.41 
2957.11 
3085.96 
2983.69 
2330.61 
2756.74 
3166.87 
3288.36 
3188.87 
2450.79 
2408.48 
1335.7 
1306.81 
2104.38 
1354.16 
1533.39 
2104.38 
2944.16 
3560.3 
2425.98 
2364.13 
3399.42 
2383.22 
2298.31 
2599.29 
2503.56 
2136.69 
2104.39 
2104.38 
2117.4 
2104.38 
2104.38 
2104.72 
2105.41 
2440.37 
2385.57 
2395.45 
1934.66 
1964.55 
2104.45 
2627.3 
2860.07 
2877.82 
2865.7 
2113.69 
2113.67 
3114.02 
3091.66 
1647.57 
1602.53 
3098.73 
3273.13 
1553.1 
3118.1 
1227.56 
1200.28 
1471.16 
1493.46 
2104.4 
2086.06 
2012.4 
3438.94 
2104.38 
2104.38 
3108.68 
1323.79 
2104.38 
2104.38 
2104.38 
2633.1 
2524.24 
1180.49 
1203.88 
2104.38 
2432.13 
2104.38 
2104.38 
2104.38 
1574.49 
3336.28 
2519.85 
2492.28 
3382.21 
2104.38 
2104.38 
2104.42 
2104.38 
2104.38 
2104.38 
1146.29 
1347.05 
1437.52 
1495.13 
3036.87 
3064.88 
3495.04 
3512.68 
1969.42 
2051.6 
1254.16 
1281.38 
2104.38 
2104.38 
3439.73 
3043.6 
3018.81 
2354.17 
2389.66 
2389.81 
2446.55 
3514.39 
3526.72 
1401.45 
1423.99 
2521.6 
2447.19 
2405.43 
2376.4 
2211.51 
2264.5 
2681.57 
2750.04 
1327.87 
1299.35 
1557.56 
1517.21 
2120.12 
2141.32 
3129.07 
1627.73 
3244.26 
2104.4 
2104.38 
3423.28 
3481.86 
1368.71 
1381.69 
2104.38 
2740.4 
1769.53 
3024.1 
1700.44 
3371.66 
2104.38 
1477.24 
1440.26 
2323.26 
1386.11 
2526.36 
2589.31 
2433.49 
2231.52 
2282.64 
3484.84 
3403.16 
2565.11 
2391.22 
2589.42 
1211.98 
2104.38 
3449.48 
3455.3 
3298.59 
3507.95 
3511.2 
1990.37 
2104.38 
2104.38 
2468.48 
2104.44 
2104.44 
2104.38 
1663.03 
2104.38 
2104.38 
2104.38 
3578.56 
2434.58 
2377.89 
2369.21 
2666.54 
2640.58 
2314.84 
2220.19 
2104.39 
1325.83 
1279.02 
1383.99 
2300.77 
1822.95 
3518.46 
3468.32 
3506.39 
1356.69 
1412.75 
1434.97 
1796.25 
1822.22 
3571.15 
3564.09 
2104.38 
2104.38 
2104.38 
2104.38 
1486.47 
1509.39 
1405.4 
3249.45 
3176.23 
3228.5 
2104.38 
2104.38 
2104.38 
2973.33 
3519.62 
2104.56 
2104.54 
1413.07 
1380.16 
2104.38 
2104.38 
2104.38 
1183.52 
1205.75 
1395.07 
1415.89 
3550.77 
3541.49 
2601.18 
2104.41 
2563.11 
2187.58 
2104.38 
2282.37 
1613.99 
1677.73 
1188.09 
1209.31 
2104.86 
2104.81 
1815.38 
1887.98 
2104.38 
2104.38 
2273.56 
2221.68 
2232.25 
1915.09 
2683.23 
1417.51 
1437.14 
2104.38 
2104.38 
2104.38 
2403.33 
2459.67 
1263.34 
1286.36 
1299.21 
2104.38 
2104.38 
2104.38 
3548.48 
3549.06 
1681.28 
1707.74 
2104.38 
2104.38 
3493.9 
3524.27 
3506.57 
1850.54 
1878.15 
1971.95 
2002 
2699.5 
2852.95 
2582.29 
1952.23 
1978.61 
1425.77 
1447.36 
2235.04 
2236.54 
3064.63 
3042.28 
2232.78 
3155.31 
3164.12 
2883.33 
2891.52 
1880.92 
1907.7 
2108.33 
2109.43 
2028.98 
2058.41 
1284.52 
1721.19 
1747.43 
1501.75 
1525.29 
2964.64 
2435.46 
2104.38 
2378.98 
2104.38 
2104.38 
2526.09 
2452.28 
2451.44 
1941.12 
2507.75 
2104.41 
3033.06 
1541.19 
1539.34 
2315.35 
2280.22 
2104.38 
2104.38 
3507.47 
2319.62 
3538.24 
2106.8 
2105.52 
1481.52 
2104.38 
2104.38 
2349.44 
2220.99 
2271.21 
1193.78 
2104.38 
2104.38 
3277.7 
3346.15 
2865.16 
2318.68 
2255.01 
1726.77 
2018.06 
2104.38 
2488.84 
2460.71 
1339.61 
2104.38 
2105.79 
3393.06 
3326.42 
3375.26 
2104.48 
2104.47 
2362.66 
2390.18 
2133.13 
2104.38 
1688.8 
1644.82 
3131.64 
3156.85 
3482.67 
3467.37 
1431.17 
1450.49 
2104.38 
2104.38 
2104.38 
2796.98 
1292.03 
1425.7 
2294.34 
2267.87 
2104.38 
2724.94 
2795.45 
2104.38 
2204.85 
2104.38 
2104.38 
2104.38 
2104.38 
2104.38 
1220.65 
1850.19 
2042.26 
2267.55 
2298.95 
2112.77 
2637.96 
2654.95 
2121.04 
2120.99 
1368.75 
1401.57 
1389.36 
3014.72 
1320.43 
2104.38 
2104.38 
2104.38 
2133.58 
2133.38 
2066.97 
2098.32 
3227.53 
3249.33 
2104.38 
2104.38 
3320.05 
3419.89 
3339.07 
2301.6 
1744.07 
1461.58 
2146.89 
2194.11 
2104.38 
1744.06 
2254.12 
2487.8 
2991.92 
2146.87 
2688.06 
2104.38 
2104.38 
2104.38 
3379.16 
3273.12 
2104.38 
1214.42 
2104.39 
2104.44 
2104.56 
2471.03 
2584.71 
2187.75 
2154.56 
2119.69 
2119.86 
2996.4 
2972.1 
2239.86 
2242.02 
2291.12 
1615.36 
3288.23 
3413.96 
2614.03 
1557.5 
1579.24 
2104.38 
2162.63 
2195.37 
2197.46 
2215.15 
2187.03 
1794.85 
2104.38 
3281.46 
2104.38 
2105.45 
2765.46 
2113.29 
2110.04 
2104.38 
1253.12 
1278.88 
3571.67 
2402.76 
2376.31 
3526.6 
3537.29 
2048.95 
2104.38 
2104.38 
1407.6 
1378.51 
2409.69 
2104.38 
2104.38 
2107.19 
2107.88 
1500.49 
1558.57 
1304.84 
1276.56 
2605.89 
2553.79 
2449.07 
3206.43 
3340.91 
1769.75 
2104.38 
2939.95 
3020.88 
2247.89 
2332.22 
3573.89 
1335.08 
1363.82 
2104.38 
2104.38 
2104.38 
2915.53 
2887.99 
2282.9 
2310.64 
3546.94 
3533.59 
2942.08 
1504.99 
1470.86 
2104.38 
2104.38 
2895.91 
2782.68 
1312.84 
1670.05 
1626.83 
3284.97 
3264.51 
2078.95 
2124.96 
2104.38 
2154.27 
2612.95 
2278.89 
2104.38 
2704.32 
2907.76 
2445.42 
2747.52 
2104.38 
2071.36 
2120.8 
3569.61 
3232.81 
3120.95 
2481.96 
2545.36 
3529.3 
3189.81 
1560.06 
1521.3 
2180.45 
3496.67 
3426.18 
3507.12 
3555.95 
2883.16 
2104.38 
2104.38 
2104.38 
2104.38 
2104.38 
3404.53 
2104.38 
3559.86 
3558.52 
1875.45 
2032.75 
2947.73 
2978.44 
2104.38 
1372.37 
1963.66 
2104.41 
2104.39 
2106.28 
1764.66 
2104.38 
2519.46 
3033.24 
3148.12 
3062.04 
2104.38 
1477.54 
2252.06 
2902.57 
2104.38 
1394.74 
2104.38 
2104.38 
2104.38 
2104.38 
2112.75 
2108.59 
3440.55 
1492.17 
1515.59 
2559.03 
2626.25 
1906.41 
1931.61 
2320.42 
2105.16 
2104.64 
2105.4 
3528.47 
3517.06 
2075.76 
2100.35 
1574.92 
1597.83 
2267.3 
2213.57 
2241.53 
2104.38 
2104.67 
2104.64 
2494.65 
2385.97 
2895.67 
2157.15 
2104.38 
1937.74 
1964.53 
3479.35 
3483.09 
3490.17 
3477.61 
2104.38 
2104.38 
2104.38 
1262.57 
2104.38 
2301.59 
2252.01 
2264.36 
2229.82 
2228.87 
2120.73 
2146.78 
1678.61 
1742.73 
1803.68 
2105.15 
2106.15 
2105.08 
1885.17 
2227.72 
2149.74 
2104.38 
2104.38 
2104.38 
2104.38 
2114.92 
2129.03 
2062.65 
1489.43 
1509.64 
2424.73 
1352.83 
2104.38 
3573.93 
3569.72 
3572.31 
3565.68 
2844.13 
2820.77 
2104.38 
1784.3 
1811.88 
1254.33 
1278.18 
3323.1 
3395.7 
2106.42 
2138.05 
1364.47 
1505.16 
1542.14 
1527.22 
2299.13 
2300.34 
2947.29 
2873.2 
2924.3 
1824.59 
1852.5 
3305.92 
3311.96 
3053.01 
3059.16 
2165.54 
2194.05 
2104.38 
2104.39 
2104.38 
2400.61 
1847.84 
1874.89 
1592.32 
1615.81 
2455.72 
2488.95 
2431.17 
2389.38 
2363.48 
1965.95 
1996.4 
2104.38 
3530.8 
3197.08 
1623.85 
2195.12 
2164.86 
1458.97 
2179.42 
2149.39 
3122.85 
2104.38 
2104.38 
1450.52 
2292.34 
3513.37 
1493.35 
1458.94 
2104.38 
2058.43 
1995.87 
2104.38 
2104.38 
2345.05 
2810.74 
2698.2 
3408.87 
2211.92 
2261.83 
2104.38 
3546.72 
2104.38 
2441.96 
2458.02 
1900.85 
2104.54 
1565.6 
2771.16 
1831.95 
1963.08 
2372.64 
2345.61 
3160.79 
2072.46 
2117.41 
2315.89 
2256.84 
2511.86 
2545.04 
2104.38 
1498.21 
1467.19 
3288.43 
3312.49 
3386.26 
3365.96 
1504.74 
1523.05 
1428.03 
3180.75 
2211.44 
2104.38 
1988.83 
2908.33 
2757.28 
3442.44 
3425.61 
2190.79 
2164.93 
2104.38 
2104.38 
2104.38 
1269.14 
2492.64 
2505.01 
2291.66 
2203.76 
2305.42 
2431.94 
2458.9 
2180.42 
1574.8 
1600.46 
3426.19 
2390.58 
1791.15 
1744.72 
2130.87 
2131.07 
1445.34 
1479.86 
1465.14 
1371.67 
2104.38 
2104.38 
2208.83 
2240.22 
3368.23 
3387.56 
2104.38 
3441.53 
3456.58 
2108.45 
2926.06 
3122.88 
3132.05 
3107.46 
2104.38 
3079.26 
2998.66 
3057.03 
1810.63 
1400.57 
2430.18 
2343.98 
3357.18 
2044.4 
2104.38 
2104.38 
1289.71 
2107.57 
2104.39 
2104.41 
2104.38 
1393.7 
2202.9 
3231.16 
3207.95 
2130.06 
2255.91 
2872.77 
2845.04 
2104.38 
2300.47 
2226.62 
2238.03 
2158.72 
1609.36 
2322.73 
2358.89 
1646.16 
1666.5 
1257.44 
2537.03 
2354.51 
2085.56 
2135.42 
1488.74 
2148.64 
2101.69 
2114.58 
1283.84 
1976.68 
1942.71 
2398.79 
2462.03 
2373.37 
2384.2 
2288.45 
2262.9 
2141.9 
2086.22 
1296.85 
2104.38 
2104.38 
1331.77 
1360.43 
3506.01 
2104.38 
2104.38 
1385.45 
1355.96 
2104.38 
2104.38 
2106.32 
2105.05 
2766.28 
2626.89 
3506.19 
1564.03 
2329.07 
1985.02 
2024.91 
2832.85 
2104.38 
1421.5 
1451.2 
2104.38 
2104.38 
2777.75 
2749.37 
3153.67 
3045.59 
3430.75 
3433.62 
2104.38 
2104.38 
2104.52 
2104.43 
3139.83 
3226.97 
2104.38 
2104.38 
3420.67 
3442.54 
2083.37 
2136.35 
2130.71 
2118.74 
1633.81 
1651.59 
1279.98 
2295.44 
1989.02 
1943.52 
1615.89 
1678.3 
2106.74 
2110.3 
1642.99 
1602.34 
1482.31 
1453.23 
2104.38 
2104.38 
2104.38 
2104.38 
2150.27 
3155.78 
1590.37 
1554.51 
3340.68 
1329.89 
1339.13 
1562.84 
2286.54 
2207.48 
1464.17 
3497.06 
3499.23 
2104.38 
2104.38 
2104.38 
1959.41 
2007.28 
2381.33 
2479.76 
2415.57 
3065.88 
1540.49 
3341.4 
1983.34 
2601.14 
2671.24 
2018.52 
2042.07 
3452.61 
3435.63 
3475.65 
3493 
2199.82 
2220.57 
2104.38 
2104.38 
1666.73 
1689.07 
2104.38 
2104.38 
2165.74 
2113.92 
2142.4 
2104.84 
2104.78 
3379.73 
3282.5 
1934.21 
2028.79 
2078.41 
2057.62 
2081.48 
3547.12 
3568.76 
2104.38 
3403.71 
3387.6 
2104.38 
2104.38 
2104.38 
2553.81 
2741.26 
2104.38 
2253.9 
2276.17 
2205.57 
2104.38 
1705.89 
1333.2 
1360.46 
1356.3 
1884.49 
1810.16 
3566.51 
3563.22 
2386.57 
2384.64 
3511.89 
2104.38 
2104.38 
2132.35 
2164.34 
2104.38 
2104.38 
2104.38 
3558.45 
3548.78 
2104.38 
2104.38 
2104.38 
3535.07 
3524.05 
1894.05 
1329.06 
1354.33 
1356.74 
3379.19 
2248.83 
2284.12 
1519.93 
3429.37 
3433.14 
3213.76 
3213.45 
2307.15 
2333.01 
2317.65 
1956.12 
1985.6 
3500.18 
3500 
1940.6 
1981.97 
1347.06 
1367.35 
2504.2 
2637.67 
2509.69 
1686.26 
1730.27 
1709.88 
2810.56 
2896.09 
2621.38 
2183.84 
2233.11 
2271.65 
2094.29 
2122.26 
2124.14 
2167.86 
3544.26 
1540.02 
1515.05 
1609.26 
2085.03 
2058.43 
2292.41 
1477.97 
1448.14 
2097.6 
2705.34 
3307.62 
1470.71 
1439.85 
2777.24 
2104.38 
2104.38 
2104.38 
2104.38 
3045.15 
2104.38 
2104.38 
2723.36 
2615.06 
2066.44 
2110.31 
2339.85 
2348.48 
2104.42 
2104.39 
3327.11 
3208.93 
3291.92 
3562.04 
2149.18 
2258.99 
2232.71 
2010.27 
2104.38 
2007.87 
3027.43 
2104.94 
2105.1 
1376.2 
3546.64 
2146.25 
3317.22 
1860.05 
2671.62 
2711.95 
3517.95 
1551.33 
2105.09 
3263.53 
3246.07 
1575.8 
1596.17 
3483.53 
2104.38 
2104.38 
3346.22 
1564.07 
1535.4 
1571.79 
3339.79 
3315.93 
2091.04 
2105.59 
2061.44 
2059.65 
1887.28 
2417.44 
2373.69 
2325.26 
1663.26 
2105 
2104.63 
2647.43 
2721.98 
1770.64 
1725.09 
2147 
2148.21 
1522.55 
1540.55 
2104.38 
2104.38 
2358.25 
2387.57 
2104.52 
2104.42 
2104.57 
3227.82 
2104.38 
3521.09 
3554.38 
3532.43 
3139.53 
3302.59 
3001.85 
2970.66 
2591.79 
2610.16 
2104.38 
2104.38 
2104.38 
1890.74 
2179.55 
2133.96 
2147.38 
3545.86 
3346.24 
2104.38 
2118.76 
2111.52 
2104.38 
2104.38 
2104.38 
3099.57 
3075 
3542.99 
2281.54 
2215.87 
2105.62 
2105.48 
3429.97 
3437.48 
2739.16 
2705.54 
1750.34 
2499.87 
2531.78 
1583.93 
1740.84 
1736.89 
2107.52 
2111.24 
2107.26 
1860.4 
1821.54 
2104.38 
2104.38 
2041.34 
1866 
1839.56 
2436.17 
2501.78 
2286.43 
2296.91 
2104.38 
2176.58 
2151.81 
1982.52 
1959.21 
1420 
1448.3 
1915.17 
1921.97 
1871.91 
1585.63 
1609.81 
3509.48 
2111.21 
2120.28 
2104.38 
2104.38 
3547.86 
2148.47 
3071.08 
2926.92 
2828.75 
2755.75 
2804.52 
3304.49 
3416.22 
2239.25 
2104.38 
2104.39 
2104.38 
3201.43 
2116.84 
2650.36 
2556.45 
2245.43 
2304.48 
2105.7 
2156.12 
1966.06 
2958.4 
2934.67 
2104.38 
2104.38 
2636.99 
2614.3 
3073.65 
2961.86 
1991.04 
1941.61 
2257.74 
2263.71 
2104.77 
2104.87 
2104.38 
2104.38 
2178.37 
3534.05 
3477.13 
1971.79 
1933.98 
2063.3 
2103.2 
1692.75 
1656.06 
2700.26 
2174.39 
2177.21 
3376.77 
3288.14 
2104.38 
3314.99 
1753.99 
1707.35 
2010.81 
2048.66 
2182.7 
1944.46 
2213.93 
3569.52 
2124.95 
2104.38 
3015.77 
1576.51 
1539.81 
1866.32 
2028.09 
2000.76 
1639.3 
3009.25 
3106.32 
2104.38 
2104.38 
2104.38 
1988.02 
2043 
3304.86 
3406.05 
1824.02 
3156.95 
3157.26 
1738.02 
1980.67 
2549.57 
2647.02 
2596.61 
2438.26 
2104.38 
2231.78 
2170.23 
2239.56 
2128.2 
3342.72 
3321.18 
3460.78 
3543.38 
3555.93 
2318.02 
2957.4 
2932.93 
2173.1 
2173.84 
1761.46 
1783.03 
3234.3 
3314.29 
2441.06 
2175.99 
2193.83 
2104.38 
2104.38 
3289.52 
3261.57 
2104.38 
2385.33 
2398.41 
2603.37 
2875.68 
2110.95 
2024.92 
2076 
3556.03 
3547.71 
2104.38 
2104.38 
2104.38 
2493.68 
2104.38 
2104.38 
2104.38 
2104.38 
2095.91 
2070.89 
2033.87 
2104.38 
2406.44 
2439.4 
2150.43 
2129.32 
1622.86 
3501.26 
3520.31 
3526.37 
2450.22 
2471.15 
2070.11 
3552.95 
3549 
1938.84 
1862.22 
1977.73 
1418.35 
2056.95 
2088.2 
2227.34 
2248.84 
2205.88 
1828.24 
3530.7 
3516.91 
1814.43 
2105.92 
2108.13 
2265.73 
2298.1 
2104.38 
2104.4 
1429.6 
1448.76 
2763.61 
2601.34 
2965.42 
2689.29 
2776.55 
2895.98 
2868.2 
3413.39 
3489.85 
3429.14 
1697.71 
1536.04 
2200.76 
2206.45 
1648.33 
2213.79 
3402.54 
3485.56 
3498.04 
1986.01 
1561.02 
1528.94 
2104.38 
1559.4 
2104.38 
2104.38 
1913.65 
1661 
1626.67 
2104.65 
2581.08 
2490.83 
2850.95 
2894.16 
3272.33 
2104.38 
2104.38 
2147.36 
2122.17 
2981.45 
1439.53 
1411.61 
2104.38 
2104.38 
1754.14 
2104.38 
1759.25 
2984.44 
2521.37 
1818.25 
1936.53 
1855.48 
1824.42 
2106.07 
1649.81 
1672.52 
1545.5 
3553.79 
3561.8 
1565.57 
3559.57 
3201.07 
3166.81 
1679.64 
1640.98 
1972.98 
1934.9 
1932.06 
1830.83 
2104.38 
2546.53 
2524.72 
2104.38 
2187.66 
2189.21 
2104.58 
2104.46 
3135.47 
2105.49 
2219.98 
2333.36 
3313.8 
3215.2 
1598.12 
1612.4 
2104.38 
2509.04 
2535.68 
2104.48 
2104.52 
1909.58 
1917.17 
3537.82 
3487.86 
3544.56 
2211.78 
2217.34 
2846.2 
2805.64 
1858.96 
1881.36 
3222.66 
3164.17 
3166.68 
2485.35 
2725.15 
2758.07 
2104.38 
2104.38 
2593.12 
2072.36 
2049.45 
2104.38 
2039.06 
2104.38 
2104.38 
2104.38 
2121.44 
2073.85 
2094.6 
2068.09 
2266.95 
1748.13 
1717 
2104.38 
2104.38 
2585.86 
2663.72 
3475.36 
2106.33 
1722.98 
1681.88 
2104.38 
2588.79 
2552.26 
1669.77 
2104.38 
2679.52 
2701.29 
2333.69 
2056.42 
2016.93 
2025.58 
1460.79 
1770.14 
2094.84 
2104.38 
2104.38 
3464.41 
2154.21 
2062.8 
2009.12 
2476.98 
2227.97 
2238.38 
1899.08 
1850.12 
2067.01 
2042.74 
1876.22 
1886.46 
1865.87 
1512.77 
3561.53 
1412.88 
1446.44 
2099.19 
2154.17 
1405.72 
1436.89 
2479.03 
2352.51 
2129.3 
2116.4 
2104.38 
2104.38 
2943.19 
2799.31 
2104.38 
2104.38 
2183.52 
3225.67 
2709.34 
2680.44 
3483.6 
1784.05 
1807.3 
2104.39 
2104.39 
2321.09 
3342.93 
2109.39 
3564.97 
2655.29 
2816.56 
2656.8 
1853.37 
1806.27 
2278.03 
2338.99 
1762.99 
1941.97 
2812.52 
2789.38 
2104.38 
2506.08 
2104.38 
1991.8 
2982.79 
2867.16 
1861.29 
1825.56 
2104.38 
1643.78 
1614.52 
2104.72 
2105.25 
2883.61 
2785.72 
2989.8 
3156.48 
2988.95 
1963.02 
2107.34 
2106.91 
1981.67 
1954.79 
3449.55 
3448.93 
2123.04 
3390.62 
3334.77 
2104.38 
2104.38 
3524.01 
2143.68 
1898.89 
1705.67 
1622.17 
1638.67 
2886.44 
1734.03 
3558.7 
2104.38 
3175.98 
3146.8 
2229.69 
2104.38 
1726.73 
2497.19 
2104.38 
2631.47 
1543.06 
1720.39 
1626.42 
2329.11 
2383.41 
2425.17 
2104.38 
3131.15 
3025.6 
2278.01 
3206.82 
2279.73 
2276.07 
2350.55 
1984.57 
2493.51 
3366.4 
1627.24 
2024.28 
1408.9 
2105.36 
2104.74 
2590.15 
1437.02 
3492.87 
2203.8 
3544.82 
3133.84 
3098.28 
2984.09 
2104.38 
3092.57 
2619.6 
3294.53 
3189.1 
3282.8 
2122.29 
2104.38 
1431.12 
3423.65 
3559.16 
2147.16 
1811.63 
1745.48 
1804.66 
3509.6 
1656.37 
2409.5 
3561.76 
1961.7 
1905.85 
1945.83 
2653.56 
2104.38 
2109.46 
2108.96 
1751.86 
2104.38 
2104.38 
3450.09 
2417.89 
1937.4 
1985.25 
1480.6 
2245.77 
2261.51 
1895.93 
3564.92 
2566.56 
2376.78 
2312.41 
2351.89 
1863.95 
1840.72 
1727.12 
3243.64 
3113.63 
2188.59 
3047.22 
2930.79 
3108.7 
1796.82 
2593.32 
2207.86 
1959.76 
2104.4 
2104.44 
2104.4 
2799.97 
2798.99 
1804.92 
2426.02 
1856.76 
2184.53 
2360.19 
1911.5 
1947.03 
3443.09 
1788.78 
1911.61 
2104.38 
2108.52 
2114.14 
2104.41 
1504.47 
2262.77 
2335.99 
2263.96 
2441.13 
3465.39 
3536.81 
3384.38 
1793.67 
1843.83 
1700.18 
2503.06 
1934.81 
1844.08 
2798.4 
2038.73 
2014.69 
2011.2 
2104.38 
3000.77 
1622.96 
2760.66 
2706.48 
3100.76 
3234.25 
2690.93 
1761.71 
1825.78 
2849.79 
2104.38 
1518.97 
1736.43 
2104.38 
1672.98 
2719.06 
2104.38 
1698.77 
3225.2 
3363.33 
2104.38 
2833.63 
2806.42 
1539.04 
1792.23 
1617.94 
1514.3 
1755.81 
1727.86 
1812.93 
2108.72 
1989.76 
1552.18 
1887.51 
1660.17 
1747.95 
3239.11 
3131.5 
2798.92 
1818.6 
3044.63 
2753 
2787.03 
1647.32 
1622.74 
1661.85 
1851.9 
1816.83 
2104.59 
2151.42 
2153.8 
2104.38 
2104.38 
2104.38 
2635.28 
2242.45 
2306.49 
1880.21 
1663.89 
1683.06 
2657.58 
2104.45 
2104.48 
1651.87 
3359.32 
3546.14 
2104.38 
2104.38 
2106.31 
2684.17 
1959.72 
1921.7 
2867.42 
2115.63 
2674.43 
1499.55 
2104.38 
3391.22 
1853.68 
1847.18 
1951.5 
1959.73 
2746.62 
2104.43 
1847.37 
2104.38 
1765.84 
3538.71 
2627.02 
3064.87 
2643.59 
2147.01 
2112.38 
2111.4 
1753.4 
1887.04 
1959.3 
2104.38 
2155.92 
1512.03 
1492.78 
2104.38 
1781.15 
2171 
2166.32 
2144.64 
2598.13 
2816.13 
1830.36 
1884.53 
2104.4 
2104.39 
2820.63 
1831.99 
2213.86 
2130.73 
2116.28 
2129.13 
2106.37 
2104.39 
1746.13 
1710.96 
2826.08 
1802.27 
2498.15 
1706.5 
1818.62 
1770.59 
2105.21 
2774.23 
1603.16 
1649.21 
1614.25 
2920.42 
1662.83 
2840.35 
2104.38 
2183.71 
1489.33 
1728.74 
2827.19 
2590.28 
2104.38 
1666.76 
1538.27 
2357.83 
2104.46 
2836.28 
1858.29 
2664.16 
2878.98 
2411.03 
1518.78 
2840.11 
2931.24 
1750.28 
2526.51 
2644.68 
2941.35 
1572.7 
1571.98 
2104.76 
1821.06 
2550.37 
2036.99 
3339.88 
2104.4 
3490.82 
3390.73 
3491.63 
2254.26 
1715.32 
2486.86 
2636.19 
1856.72 
1907.63 
2540.25 
2108.33 
1909.66 
2432.11 
2346.44 
2332.28 
1933.32 
3205.26 
3189.14 
3118.41 
2123.87 
2595.44 
2673.47 
1760.03 
2386.95 
2127.49 
2483.69 
2581.49 
2104.64 
1611.15 
2406.09 
2113.09 
2792.58 
3030.4 
2963.29 
1916.91 
3007.03 
3404.43 
2720.47 
2942.73 
1852.52 
2491.8 
1987.14 
1734.61 
2430.47 
2930.81 
2011.66 
2347.51 
1640.59 
2531.25 
1525.6 
2122.25 
2132.37 
1744.35 
1627.34 
1601.13 
2373.56 
1732.37 
3066.12 
2420.63 
2116.25 
1818.51 
1659.26 
3001.38 
2113.88 
1708.46 
2118.1 
2104.48 
3142.13 
2556.84 
3321.27 
2104.44 
1758.25 
2135.14 
3013.07 
1706.68 
1565.68 
1725.99 
1510 
2964.27 
1741.65 
1558.37 
1652.64 
3061.66 
1607.67 
