0.000592192 
0.000755912 
0.000917981 
0.00104591 
0.00115699 
0.00125097 
0.00133046 
0.0013975 
0.00145412 
0.00150206 
0.00154277 
0.00157748 
0.00160713 
0.00163254 
0.00165432 
0.00167299 
0.00168896 
0.00170255 
0.00171405 
0.00172367 
0.00173157 
0.0017379 
0.00174275 
0.00174622 
0.00174835 
0.00174917 
0.00174869 
0.00174689 
0.00174375 
0.0017392 
0.00173314 
0.00172546 
0.001716 
0.00170456 
0.00169088 
0.00167463 
0.00165541 
0.0016327 
0.00160588 
0.00157413 
0.00153645 
0.00149156 
0.00143789 
0.00137354 
0.00129621 
0.00120349 
0.00109238 
0.000962676 
0.000798564 
0.000630061 
0.000652762 
0.000859943 
0.00106386 
0.00123263 
0.00138504 
0.00151973 
0.00163828 
0.00174191 
0.00183219 
0.00191068 
0.00197889 
0.00203815 
0.00208964 
0.00213437 
0.00217319 
0.00220681 
0.00223584 
0.00226078 
0.00228204 
0.00229995 
0.0023148 
0.00232679 
0.00233612 
0.0023429 
0.00234722 
0.00234914 
0.00234867 
0.00234578 
0.00234042 
0.00233249 
0.00232183 
0.00230826 
0.00229151 
0.00227126 
0.0022471 
0.00221855 
0.00218498 
0.00214565 
0.00209965 
0.00204588 
0.00198302 
0.00190951 
0.00182354 
0.00172311 
0.00160605 
0.00147045 
0.00131401 
0.00113753 
0.000923789 
0.000701626 
0.000234308 
0.000348219 
0.00049276 
0.000638523 
0.000785483 
0.0009259 
0.0010567 
0.00117619 
0.00128402 
0.00138052 
0.00146641 
0.00154254 
0.00160981 
0.0016691 
0.00172118 
0.00176677 
0.0018065 
0.00184089 
0.00187041 
0.00189543 
0.00191629 
0.00193324 
0.00194649 
0.00195618 
0.00196243 
0.0019653 
0.00196479 
0.00196087 
0.00195347 
0.00194245 
0.00192762 
0.00190873 
0.00188547 
0.00185743 
0.00182414 
0.00178502 
0.00173936 
0.00168635 
0.00162504 
0.00155433 
0.00147304 
0.0013799 
0.00127367 
0.00115338 
0.00101865 
0.000870449 
0.000711424 
0.000549496 
0.000387178 
0.000256261 
9.80823e-05 
0.000147778 
0.000232989 
0.000336938 
0.000455178 
0.00057831 
0.000700541 
0.000817837 
0.000927916 
0.00102962 
0.00112253 
0.00120671 
0.00128248 
0.00135029 
0.00141066 
0.00146411 
0.00151112 
0.00155217 
0.00158766 
0.00161793 
0.0016433 
0.00166402 
0.00168029 
0.00169225 
0.00170001 
0.00170362 
0.0017031 
0.00169839 
0.0016894 
0.00167598 
0.00165793 
0.00163499 
0.0016068 
0.00157298 
0.00153304 
0.00148642 
0.00143247 
0.00137049 
0.0012997 
0.00121933 
0.00112865 
0.00102713 
0.00091463 
0.000791752 
0.0006603 
0.000524104 
0.000389422 
0.000267069 
0.000165082 
0.000103194 
2.86738e-05 
3.712e-05 
7.64863e-05 
0.000139908 
0.000223923 
0.000320644 
0.000423787 
0.000528276 
0.000630621 
0.000728487 
0.000820459 
0.000905761 
0.00098406 
0.00105531 
0.00111964 
0.00117728 
0.00122851 
0.00127364 
0.00131294 
0.00134669 
0.00137513 
0.00139847 
0.00141686 
0.00143044 
0.00143929 
0.00144344 
0.0014429 
0.0014376 
0.00142745 
0.00141231 
0.00139197 
0.00136617 
0.00133461 
0.00129693 
0.00125271 
0.00120151 
0.00114284 
0.00107621 
0.00100121 
0.000917519 
0.000825078 
0.00072424 
0.000616027 
0.000502493 
0.000387112 
0.000275362 
0.000174734 
9.50086e-05 
4.29461e-05 
2.70534e-05 
-2.61354e-06 
-1.70563e-05 
-8.42581e-06 
2.27038e-05 
7.54126e-05 
0.00014433 
0.000224224 
0.000310337 
0.000398785 
0.000486597 
0.000571686 
0.000652628 
0.000728514 
0.000798807 
0.000863239 
0.000921716 
0.000974264 
0.00102098 
0.00106199 
0.00109744 
0.00112748 
0.00115224 
0.00117183 
0.00118633 
0.00119578 
0.00120021 
0.0011996 
0.00119388 
0.00118297 
0.00116673 
0.00114497 
0.00111749 
0.00108404 
0.00104435 
0.000998114 
0.000945059 
0.000884931 
0.000817555 
0.000742909 
0.000661211 
0.000573063 
0.000479629 
0.000382851 
0.000285755 
0.00019266 
0.000109176 
4.19388e-05 
-1.86337e-06 
-1.87763e-05 
-7.93401e-06 
-1.67671e-05 
-4.28013e-05 
-5.34037e-05 
-4.5765e-05 
-1.85129e-05 
2.55249e-05 
8.25983e-05 
0.000148752 
0.000220444 
0.000294713 
0.000369152 
0.000441942 
0.000511762 
0.000577692 
0.000639111 
0.000695625 
0.000747003 
0.000793128 
0.00083396 
0.000869503 
0.000899788 
0.000924857 
0.000944747 
0.000959486 
0.000969085 
0.000973533 
0.000972796 
0.000966814 
0.0009555 
0.000938742 
0.000916404 
0.000888335 
0.000854372 
0.000814354 
0.000768146 
0.000715662 
0.000656908 
0.000592039 
0.000521436 
0.000445798 
0.000366281 
0.000284634 
0.000203393 
0.000125907 
5.63594e-05 
-3.00436e-07 
-3.89695e-05 
-5.53671e-05 
-4.92066e-05 
-2.39263e-05 
-2.25188e-05 
-5.35937e-05 
-7.5522e-05 
-8.40181e-05 
-7.61731e-05 
-5.27619e-05 
-1.60194e-05 
3.11333e-05 
8.57389e-05 
0.000145095 
0.000206892 
0.000269226 
0.000330545 
0.000389675 
0.000445738 
0.000498094 
0.00054629 
0.000590017 
0.000629066 
0.000663301 
0.000692639 
0.000717023 
0.000736418 
0.000750792 
0.000760113 
0.000764341 
0.00076343 
0.000757318 
0.000745937 
0.000729206 
0.000707043 
0.000679369 
0.000646119 
0.000607267 
0.00056284 
0.000512961 
0.000457892 
0.000398084 
0.00033427 
0.000267514 
0.000199361 
0.000131891 
6.76996e-05 
1.00103e-05 
-3.74699e-05 
-7.08512e-05 
-8.67638e-05 
-8.3465e-05 
-6.29173e-05 
-3.0565e-05 
-2.42136e-05 
-5.67244e-05 
-8.48596e-05 
-0.000103954 
-0.000110276 
-0.000103155 
-8.3531e-05 
-5.33039e-05 
-1.4725e-05 
2.99371e-05 
7.85896e-05 
0.000129403 
0.000180845 
0.000231639 
0.000280741 
0.00032735 
0.000370848 
0.000410766 
0.000446749 
0.000478537 
0.000505937 
0.000528804 
0.000547027 
0.000560518 
0.000569201 
0.000573012 
0.000571891 
0.000565782 
0.000554637 
0.000538415 
0.000517092 
0.000490667 
0.000459184 
0.000422744 
0.000381537 
0.000335883 
0.00028626 
0.000233361 
0.000178166 
0.000122004 
6.65389e-05 
1.3861e-05 
-3.35267e-05 
-7.27722e-05 
-0.000100887 
-0.000115137 
-0.000113742 
-9.68458e-05 
-6.77749e-05 
-3.25805e-05 
-2.39807e-05 
-5.60427e-05 
-8.71887e-05 
-0.000112941 
-0.000129271 
-0.000134589 
-0.000128847 
-0.000113058 
-8.8777e-05 
-5.77752e-05 
-2.18219e-05 
1.74352e-05 
5.85328e-05 
0.00010021 
0.000141417 
0.000181265 
0.000219019 
0.000254104 
0.000286061 
0.000314526 
0.000339215 
0.000359904 
0.000376416 
0.000388609 
0.000396371 
0.000399614 
0.000398268 
0.000392288 
0.000381649 
0.000366353 
0.000346435 
0.000321977 
0.000293122 
0.000260093 
0.000223224 
0.000182983 
0.000140019 
9.52084e-05 
4.96529e-05 
4.72685e-06 
-3.78868e-05 
-7.62028e-05 
-0.000107992 
-0.000130911 
-0.000142752 
-0.000141853 
-0.000127721 
-0.000101774 
-6.80047e-05 
-3.23222e-05 
-2.28915e-05 
-5.35929e-05 
-8.58116e-05 
-0.000115514 
-0.000138705 
-0.000153278 
-0.000158493 
-0.000154652 
-0.000142696 
-0.000123903 
-9.96837e-05 
-7.14404e-05 
-4.04892e-05 
-8.01636e-06 
2.49408e-05 
5.74897e-05 
8.88866e-05 
0.000118493 
0.000145774 
0.000170295 
0.000191708 
0.000209728 
0.000224123 
0.000234711 
0.000241347 
0.000243921 
0.000242359 
0.000236628 
0.000226732 
0.000212715 
0.000194671 
0.000172757 
0.000147202 
0.000118322 
8.65678e-05 
5.25298e-05 
1.69499e-05 
-1.92473e-05 
-5.49174e-05 
-8.86893e-05 
-0.000118972 
-0.000143993 
-0.000161887 
-0.000170861 
-0.000169446 
-0.000156888 
-0.000133645 
-0.000101916 
-6.58934e-05 
-3.09861e-05 
-2.14836e-05 
-5.04477e-05 
-8.26003e-05 
-0.000114435 
-0.000142178 
-0.00016348 
-0.00017716 
-0.000182987 
-0.000181388 
-0.000173203 
-0.000159484 
-0.000141367 
-0.000119981 
-9.639e-05 
-7.15639e-05 
-4.63652e-05 
-2.15446e-05 
2.2508e-06 
2.44761e-05 
4.46714e-05 
6.2442e-05 
7.74653e-05 
8.94672e-05 
9.82394e-05 
0.000103614 
0.000105467 
0.000103719 
9.83543e-05 
8.94078e-05 
7.6962e-05 
6.11598e-05 
4.22222e-05 
2.04443e-05 
-3.77335e-06 
-2.99357e-05 
-5.7408e-05 
-8.54035e-05 
-0.00011297 
-0.000138983 
-0.000162153 
-0.000181053 
-0.000194181 
-0.00020007 
-0.000197451 
-0.000185505 
-0.000164194 
-0.000134624 
-9.94159e-05 
-6.26794e-05 
-2.91871e-05 
-2.00213e-05 
-4.71569e-05 
-7.86012e-05 
-0.00011137 
-0.000142001 
-0.000168085 
-0.00018818 
-0.000201685 
-0.000208621 
-0.000209451 
-0.000204905 
-0.000195853 
-0.00018322 
-0.000167924 
-0.000150834 
-0.000132749 
-0.000114387 
-9.63822e-05 
-7.92858e-05 
-6.35711e-05 
-4.9641e-05 
-3.78316e-05 
-2.84108e-05 
-2.16066e-05 
-1.75918e-05 
-1.64861e-05 
-1.83565e-05 
-2.32099e-05 
-3.09978e-05 
-4.16071e-05 
-5.48612e-05 
-7.05186e-05 
-8.82448e-05 
-0.000107607 
-0.000128066 
-0.000148958 
-0.000169491 
-0.00018874 
-0.000205651 
-0.000219065 
-0.000227762 
-0.000230532 
-0.000226296 
-0.000214256 
-0.00019413 
-0.000166407 
-0.000132607 
-9.5525e-05 
-5.9029e-05 
-2.72403e-05 
-1.86279e-05 
-4.39877e-05 
-7.43848e-05 
-0.000107311 
-0.000139647 
-0.000169034 
-0.000193901 
-0.000213398 
-0.000227249 
-0.000235607 
-0.000238917 
-0.000237809 
-0.000233003 
-0.000225261 
-0.000215331 
-0.000203929 
-0.000191714 
-0.000179285 
-0.000167171 
-0.000155837 
-0.000145681 
-0.000137041 
-0.000130191 
-0.000125352 
-0.000122686 
-0.000122293 
-0.000124223 
-0.00012848 
-0.000135011 
-0.000143693 
-0.000154331 
-0.000166654 
-0.000180303 
-0.000194828 
-0.000209678 
-0.000224198 
-0.000237624 
-0.000249094 
-0.00025766 
-0.000262326 
-0.000262091 
-0.00025604 
-0.000243441 
-0.000223905 
-0.000197568 
-0.000165285 
-0.000128817 
-9.09685e-05 
-5.52941e-05 
-2.53038e-05 
-1.73534e-05 
-4.10559e-05 
-7.02483e-05 
-0.000102838 
-0.000136044 
-0.000167622 
-0.00019596 
-0.000220055 
-0.00023942 
-0.000253962 
-0.000263891 
-0.000269618 
-0.000271677 
-0.000270671 
-0.000267224 
-0.000261952 
-0.000255443 
-0.00024824 
-0.000240837 
-0.00023367 
-0.00022712 
-0.000221511 
-0.000217108 
-0.000214121 
-0.000212702 
-0.000212945 
-0.000214888 
-0.000218524 
-0.000223784 
-0.000230532 
-0.000238562 
-0.00024759 
-0.00025725 
-0.000267095 
-0.000276586 
-0.000285098 
-0.000291927 
-0.000296296 
-0.000297388 
-0.000294377 
-0.000286486 
-0.000273068 
-0.000253701 
-0.000228328 
-0.000197394 
-0.000162001 
-0.000124018 
-8.6163e-05 
-5.16535e-05 
-2.34525e-05 
-1.62111e-05 
-3.83976e-05 
-6.63335e-05 
-9.82796e-05 
-0.00013177 
-0.000164707 
-0.000195496 
-0.000223052 
-0.000246738 
-0.000266282 
-0.000281699 
-0.000293214 
-0.000301192 
-0.000306087 
-0.000308397 
-0.000308638 
-0.000307313 
-0.000304903 
-0.000301849 
-0.000298553 
-0.000295366 
-0.000292587 
-0.000290465 
-0.000289195 
-0.000288915 
-0.00028971 
-0.000291607 
-0.000294587 
-0.00029857 
-0.000303412 
-0.000308898 
-0.000314747 
-0.000320598 
-0.000326021 
-0.000330508 
-0.000333485 
-0.000334321 
-0.000332345 
-0.000326874 
-0.000317258 
-0.000302928 
-0.000283477 
-0.000258745 
-0.000228936 
-0.000194716 
-0.000157334 
-0.000118686 
-8.13431e-05 
-4.81914e-05 
-2.17179e-05 
-1.51961e-05 
-3.60089e-05 
-6.26954e-05 
-9.38115e-05 
-0.000127178 
-0.000160854 
-0.000193298 
-0.000223391 
-0.000250399 
-0.000273922 
-0.000293817 
-0.000310156 
-0.000323156 
-0.000333133 
-0.00034047 
-0.000345579 
-0.000348878 
-0.000350777 
-0.000351662 
-0.000351888 
-0.00035177 
-0.000351578 
-0.000351536 
-0.00035182 
-0.000352554 
-0.000353809 
-0.000355603 
-0.000357905 
-0.000360628 
-0.000363624 
-0.000366681 
-0.000369523 
-0.000371811 
-0.000373139 
-0.000373047 
-0.000371024 
-0.000366522 
-0.00035898 
-0.000347855 
-0.00033266 
-0.000313017 
-0.000288727 
-0.000259844 
-0.000226766 
-0.000190313 
-0.000151809 
-0.000113117 
-7.66368e-05 
-4.4941e-05 
-2.01087e-05 
-1.42958e-05 
-3.38672e-05 
-5.93419e-05 
-8.95207e-05 
-0.000122478 
-0.00015643 
-0.000189908 
-0.000221793 
-0.000251295 
-0.000277918 
-0.000301405 
-0.000321699 
-0.000338889 
-0.000353176 
-0.000364828 
-0.000374162 
-0.000381513 
-0.000387218 
-0.000391604 
-0.000394975 
-0.000397604 
-0.000399728 
-0.000401544 
-0.000403205 
-0.000404817 
-0.000406438 
-0.000408075 
-0.000409691 
-0.000411192 
-0.000412433 
-0.000413209 
-0.000413261 
-0.000412274 
-0.000409882 
-0.000405676 
-0.000399215 
-0.000390043 
-0.000377709 
-0.000361801 
-0.000341984 
-0.000318049 
-0.000289968 
-0.000257967 
-0.000222584 
-0.000184738 
-0.000145777 
-0.000107496 
-7.21102e-05 
-4.19084e-05 
-1.86224e-05 
-1.34947e-05 
-3.19426e-05 
-5.62573e-05 
-8.54413e-05 
-0.000117791 
-0.000151672 
-0.000185701 
-0.000218778 
-0.000250087 
-0.000279066 
-0.000305374 
-0.000328849 
-0.000349477 
-0.000367353 
-0.000382649 
-0.000395589 
-0.00040643 
-0.000415439 
-0.00042288 
-0.000429007 
-0.000434049 
-0.000438207 
-0.000441648 
-0.000444501 
-0.000446853 
-0.000448747 
-0.000450183 
-0.000451116 
-0.000451453 
-0.000451053 
-0.000449724 
-0.000447228 
-0.000443283 
-0.000437567 
-0.000429729 
-0.000419401 
-0.000406216 
-0.00038983 
-0.000369953 
-0.000346388 
-0.000319065 
-0.000288102 
-0.000253853 
-0.000216956 
-0.000178384 
-0.000139475 
-0.000101934 
-6.77934e-05 
-3.90866e-05 
-1.72518e-05 
-1.27778e-05 
-3.02044e-05 
-5.34151e-05 
-8.15777e-05 
-0.000113182 
-0.000146734 
-0.000180934 
-0.000214721 
-0.000247269 
-0.000277977 
-0.000306441 
-0.000332419 
-0.000355809 
-0.000376619 
-0.000394934 
-0.000410898 
-0.000424692 
-0.000436516 
-0.000446577 
-0.000455074 
-0.000462196 
-0.000468104 
-0.000472937 
-0.000476797 
-0.000479753 
-0.000481835 
-0.000483033 
-0.000483299 
-0.000482543 
-0.000480632 
-0.000477391 
-0.000472608 
-0.000466036 
-0.0004574 
-0.00044641 
-0.00043277 
-0.0004162 
-0.000396456 
-0.000373358 
-0.000346826 
-0.00031691 
-0.000283843 
-0.000248073 
-0.000210304 
-0.000171533 
-0.000133065 
-9.64997e-05 
-6.36967e-05 
-3.64624e-05 
-1.59873e-05 
-1.21309e-05 
-2.86238e-05 
-5.07854e-05 
-7.79193e-05 
-0.000108683 
-0.00014171 
-0.000175786 
-0.000209893 
-0.000243213 
-0.000275124 
-0.000305173 
-0.000333062 
-0.000358617 
-0.000381772 
-0.000402537 
-0.000420985 
-0.000437229 
-0.000451406 
-0.000463668 
-0.000474165 
-0.000483042 
-0.000490426 
-0.000496422 
-0.000501111 
-0.000504543 
-0.000506734 
-0.000507668 
-0.000507295 
-0.000505528 
-0.000502247 
-0.000497296 
-0.000490492 
-0.000481626 
-0.000470471 
-0.000456794 
-0.000440373 
-0.000421006 
-0.000398541 
-0.000372895 
-0.000344086 
-0.000312266 
-0.000277754 
-0.000241066 
-0.000202947 
-0.000164391 
-0.000126655 
-9.12329e-05 
-5.98192e-05 
-3.40208e-05 
-1.48193e-05 
-1.1542e-05 
-2.71753e-05 
-4.83389e-05 
-7.44479e-05 
-0.000104306 
-0.000136659 
-0.000170379 
-0.000204492 
-0.000238201 
-0.000270871 
-0.000302022 
-0.000331309 
-0.000358505 
-0.00038348 
-0.000406183 
-0.000426623 
-0.000444853 
-0.000460954 
-0.000475025 
-0.000487172 
-0.000497498 
-0.000506095 
-0.000513041 
-0.000518392 
-0.000522181 
-0.000524413 
-0.000525065 
-0.000524088 
-0.000521401 
-0.000516897 
-0.000510443 
-0.000501883 
-0.000491047 
-0.000477757 
-0.000461837 
-0.000443129 
-0.000421507 
-0.000396897 
-0.000369301 
-0.000338821 
-0.000305688 
-0.000270285 
-0.000233175 
-0.000195123 
-0.000157107 
-0.000120321 
-8.61565e-05 
-5.61544e-05 
-3.17467e-05 
-1.3739e-05 
-1.10006e-05 
-2.58369e-05 
-4.6049e-05 
-7.11435e-05 
-0.00010005 
-0.000131619 
-0.000164798 
-0.000198666 
-0.000232447 
-0.000265507 
-0.000297349 
-0.000327594 
-0.000355974 
-0.000382307 
-0.000406491 
-0.00042848 
-0.000448275 
-0.000465906 
-0.000481427 
-0.000494899 
-0.000506389 
-0.000515957 
-0.000523654 
-0.000529513 
-0.000533553 
-0.000535767 
-0.000536128 
-0.000534589 
-0.000531077 
-0.000525499 
-0.000517745 
-0.000507688 
-0.000495195 
-0.000480134 
-0.000462383 
-0.000441844 
-0.000418456 
-0.000392216 
-0.000363196 
-0.000331568 
-0.000297623 
-0.000261793 
-0.000224668 
-0.000187017 
-0.000149789 
-0.000114115 
-8.12819e-05 
-5.26931e-05 
-2.96261e-05 
-1.27381e-05 
-1.04982e-05 
-2.45902e-05 
-4.38923e-05 
-6.79861e-05 
-9.59112e-05 
-0.000126611 
-0.000159106 
-0.000192524 
-0.000226117 
-0.000259259 
-0.000291443 
-0.00032227 
-0.000351438 
-0.000378727 
-0.000403989 
-0.000427133 
-0.000448115 
-0.000466922 
-0.000483564 
-0.000498067 
-0.000510461 
-0.000520779 
-0.000529045 
-0.000535274 
-0.00053947 
-0.000541618 
-0.000541689 
-0.000539636 
-0.000535396 
-0.000528892 
-0.000520034 
-0.000508726 
-0.00049487 
-0.000478377 
-0.000459174 
-0.000437216 
-0.0004125 
-0.000385085 
-0.0003551 
-0.000322772 
-0.000288439 
-0.000252563 
-0.000215753 
-0.000178767 
-0.000142518 
-0.00010807 
-7.66142e-05 
-4.94251e-05 
-2.76461e-05 
-1.18093e-05 
-1.00277e-05 
-2.342e-05 
-4.18488e-05 
-6.49575e-05 
-9.18816e-05 
-0.000121648 
-0.000153345 
-0.000186148 
-0.00021934 
-0.000252308 
-0.000284543 
-0.000315631 
-0.000345246 
-0.00037314 
-0.000399127 
-0.00042308 
-0.000444915 
-0.00046458 
-0.000482051 
-0.000497318 
-0.000510384 
-0.000521251 
-0.000529925 
-0.000536403 
-0.000540675 
-0.00054272 
-0.000542505 
-0.00053999 
-0.000535119 
-0.00052783 
-0.000518057 
-0.000505729 
-0.000490784 
-0.00047317 
-0.000452857 
-0.000429849 
-0.000404195 
-0.000376 
-0.000345445 
-0.000312799 
-0.000278431 
-0.000242826 
-0.000206595 
-0.00017048 
-0.000135352 
-0.000102211 
-7.21535e-05 
-4.63399e-05 
-2.57953e-05 
-1.09463e-05 
-9.58335e-06 
-2.23139e-05 
-3.99017e-05 
-6.20415e-05 
-8.7953e-05 
-0.000116738 
-0.000147547 
-0.000179603 
-0.00021222 
-0.0002448 
-0.00027684 
-0.000307918 
-0.000337691 
-0.000365887 
-0.000392294 
-0.000416753 
-0.000439146 
-0.000459391 
-0.00047743 
-0.000493227 
-0.000506756 
-0.000517998 
-0.000526938 
-0.000533558 
-0.000537838 
-0.00053975 
-0.000539263 
-0.000536338 
-0.000530931 
-0.000522995 
-0.000512482 
-0.000499349 
-0.000483564 
-0.000465109 
-0.000443995 
-0.000420265 
-0.000394012 
-0.000365382 
-0.000334594 
-0.00030195 
-0.00026784 
-0.000232763 
-0.000197322 
-0.000162237 
-0.000128336 
-9.65516e-05 
-6.7897e-05 
-4.34273e-05 
-2.40635e-05 
-1.01435e-05 
-9.16056e-06 
-2.12617e-05 
-3.80373e-05 
-5.92244e-05 
-8.4117e-05 
-0.000111885 
-0.000141735 
-0.000172938 
-0.000204836 
-0.000236855 
-0.000268494 
-0.000299333 
-0.000329017 
-0.000357257 
-0.00038382 
-0.000408522 
-0.000431218 
-0.000451799 
-0.000470181 
-0.000486301 
-0.000500112 
-0.000511575 
-0.000520657 
-0.000527329 
-0.000531561 
-0.000533321 
-0.000532579 
-0.000529299 
-0.000523447 
-0.000514991 
-0.000503902 
-0.00049016 
-0.000473759 
-0.000454716 
-0.000433073 
-0.000408909 
-0.000382351 
-0.000353581 
-0.000322847 
-0.000290472 
-0.000256863 
-0.000222519 
-0.000188034 
-0.000154098 
-0.000121498 
-9.11005e-05 
-6.38401e-05 
-4.06771e-05 
-2.24415e-05 
-9.39575e-06 
-8.75552e-06 
-2.02551e-05 
-3.62439e-05 
-5.64944e-05 
-8.0366e-05 
-0.00010709 
-0.000135928 
-0.000166191 
-0.000197256 
-0.000228567 
-0.000259636 
-0.000290043 
-0.00031943 
-0.000347495 
-0.000373989 
-0.000398708 
-0.000421487 
-0.000442193 
-0.000460721 
-0.000476987 
-0.000490923 
-0.000502474 
-0.000511594 
-0.000518242 
-0.000522381 
-0.000523978 
-0.000523 
-0.000519419 
-0.000513209 
-0.000504352 
-0.000492835 
-0.000478661 
-0.000461849 
-0.00044244 
-0.000420507 
-0.000396159 
-0.000369551 
-0.000340892 
-0.000310451 
-0.000278567 
-0.000245654 
-0.000212208 
-0.000178806 
-0.00014611 
-0.000114858 
-8.58607e-05 
-5.99761e-05 
-3.80796e-05 
-2.09207e-05 
-8.6987e-06 
-8.36515e-06 
-1.92871e-05 
-3.45119e-05 
-5.3841e-05 
-7.66928e-05 
-0.000102354 
-0.000130137 
-0.000159394 
-0.000189531 
-0.000220015 
-0.000250373 
-0.00028019 
-0.000309105 
-0.000336809 
-0.000363043 
-0.000387588 
-0.000410261 
-0.000430911 
-0.000449417 
-0.000465675 
-0.000479602 
-0.00049113 
-0.000500199 
-0.000506761 
-0.000510773 
-0.0005122 
-0.00051101 
-0.000507181 
-0.000500694 
-0.000491545 
-0.000479736 
-0.000465289 
-0.000448243 
-0.000428665 
-0.000406651 
-0.000382335 
-0.000355893 
-0.000327556 
-0.000297607 
-0.000266395 
-0.000234337 
-0.000201918 
-0.000169696 
-0.000138302 
-0.00010843 
-8.08313e-05 
-5.62971e-05 
-3.56251e-05 
-1.94934e-05 
-8.0482e-06 
-7.98685e-06 
-1.83522e-05 
-3.2833e-05 
-5.12554e-05 
-7.30904e-05 
-9.76767e-05 
-0.000124372 
-0.000152567 
-0.000181701 
-0.000211263 
-0.000240794 
-0.000269887 
-0.000298184 
-0.000325373 
-0.000351187 
-0.000375395 
-0.000397802 
-0.000418245 
-0.000436584 
-0.000452706 
-0.000466511 
-0.000477921 
-0.000486867 
-0.000493293 
-0.000497153 
-0.000498408 
-0.000497032 
-0.000493004 
-0.000486317 
-0.000476974 
-0.000464995 
-0.000450415 
-0.000433295 
-0.000413719 
-0.000391803 
-0.000367702 
-0.00034161 
-0.00031377 
-0.000284478 
-0.000254086 
-0.000223007 
-0.000191714 
-0.000160745 
-0.000130696 
-0.000102218 
-7.60077e-05 
-5.27939e-05 
-3.33038e-05 
-1.81522e-05 
-7.44043e-06 
-7.61841e-06 
-1.74451e-05 
-3.11997e-05 
-4.87291e-05 
-6.95518e-05 
-9.30541e-05 
-0.000118637 
-0.000145729 
-0.0001738 
-0.00020236 
-0.000230969 
-0.00025923 
-0.000286788 
-0.000313333 
-0.000338592 
-0.000362327 
-0.000384335 
-0.000404442 
-0.000422496 
-0.000438371 
-0.000451961 
-0.000463176 
-0.000471939 
-0.000478189 
-0.000481878 
-0.000482967 
-0.000481429 
-0.000477251 
-0.000470433 
-0.000460986 
-0.000448944 
-0.000434357 
-0.000417299 
-0.000397873 
-0.00037621 
-0.000352479 
-0.000326889 
-0.000299693 
-0.000271192 
-0.000241738 
-0.000211736 
-0.000181646 
-0.00015198 
-0.000123302 
-9.62205e-05 
-7.13822e-05 
-4.94563e-05 
-3.1106e-05 
-1.68899e-05 
-6.87177e-06 
-7.25781e-06 
-1.65615e-05 
-2.96053e-05 
-4.62541e-05 
-6.60695e-05 
-8.84822e-05 
-0.000112935 
-0.00013889 
-0.000165848 
-0.000193345 
-0.000220955 
-0.000248293 
-0.000275014 
-0.000300808 
-0.0003254 
-0.000348551 
-0.000370049 
-0.000389711 
-0.00040738 
-0.000422921 
-0.000436217 
-0.000447172 
-0.000455705 
-0.000461751 
-0.000465257 
-0.000466186 
-0.000464513 
-0.000460231 
-0.000453344 
-0.000443875 
-0.000431865 
-0.000417379 
-0.000400503 
-0.000381352 
-0.000360072 
-0.000336843 
-0.000311883 
-0.00028545 
-0.000257848 
-0.000229424 
-0.000200575 
-0.000171743 
-0.000143415 
-0.000116122 
-9.04327e-05 
-6.69444e-05 
-4.62724e-05 
-2.90213e-05 
-1.56993e-05 
-6.33871e-06 
-6.90317e-06 
-1.56969e-05 
-2.80432e-05 
-4.38222e-05 
-6.26353e-05 
-8.39549e-05 
-0.000107262 
-0.000132056 
-0.000157863 
-0.000184244 
-0.000210793 
-0.000237137 
-0.000262939 
-0.000287893 
-0.000311728 
-0.000334201 
-0.000355097 
-0.000374228 
-0.00039143 
-0.000406561 
-0.000419501 
-0.000430146 
-0.000438412 
-0.00044423 
-0.000447547 
-0.000448326 
-0.000446545 
-0.0004422 
-0.000435302 
-0.000425881 
-0.000413989 
-0.000399697 
-0.000383106 
-0.000364339 
-0.000343551 
-0.000320933 
-0.000296706 
-0.000271134 
-0.000244516 
-0.000217196 
-0.000189557 
-0.000162022 
-0.000135055 
-0.000109152 
-8.48434e-05 
-6.26809e-05 
-4.32292e-05 
-2.70393e-05 
-1.45734e-05 
-5.8378e-06 
-6.55262e-06 
-1.4847e-05 
-2.65065e-05 
-4.14246e-05 
-5.92396e-05 
-7.94636e-05 
-0.000101615 
-0.000125225 
-0.000149851 
-0.000175076 
-0.000200513 
-0.000225803 
-0.00025062 
-0.000274665 
-0.000297668 
-0.000319386 
-0.000339605 
-0.000358132 
-0.0003748 
-0.000389463 
-0.000401995 
-0.00041229 
-0.00042026 
-0.000425835 
-0.000428961 
-0.000429602 
-0.000427738 
-0.000423369 
-0.000416512 
-0.000407203 
-0.0003955 
-0.000381486 
-0.000365266 
-0.000346974 
-0.000326771 
-0.000304853 
-0.000281446 
-0.000256812 
-0.000231247 
-0.000205087 
-0.000178699 
-0.00015249 
-0.000126895 
-0.00010238 
-7.94376e-05 
-5.85759e-05 
-4.03125e-05 
-2.51486e-05 
-1.35049e-05 
-5.36556e-06 
-6.20421e-06 
-1.40074e-05 
-2.49881e-05 
-3.90519e-05 
-5.58718e-05 
-7.49975e-05 
-9.59836e-05 
-0.000118394 
-0.000141813 
-0.000165849 
-0.000190133 
-0.000214322 
-0.0002381 
-0.000261177 
-0.000283287 
-0.000304189 
-0.000323669 
-0.000341534 
-0.000357614 
-0.00037176 
-0.000383845 
-0.000393758 
-0.000401411 
-0.000406733 
-0.000409668 
-0.000410184 
-0.000408262 
-0.000403905 
-0.000397135 
-0.000387993 
-0.000376545 
-0.000362878 
-0.000347104 
-0.000329364 
-0.000309823 
-0.00028868 
-0.000266161 
-0.000242527 
-0.000218069 
-0.00019311 
-0.000168005 
-0.000143138 
-0.000118921 
-9.57891e-05 
-7.41962e-05 
-5.4611e-05 
-3.75064e-05 
-2.33373e-05 
-1.24862e-05 
-4.91847e-06 
-5.85586e-06 
-1.31733e-05 
-2.34803e-05 
-3.66936e-05 
-5.25192e-05 
-7.05435e-05 
-9.03559e-05 
-0.000111552 
-0.000133744 
-0.000156563 
-0.000179661 
-0.00020271 
-0.000225406 
-0.000247467 
-0.000268633 
-0.000288669 
-0.000307361 
-0.000324516 
-0.000339964 
-0.000353554 
-0.000365159 
-0.000374667 
-0.000381987 
-0.000387049 
-0.000389798 
-0.000390202 
-0.000388246 
-0.000383934 
-0.000377292 
-0.000368368 
-0.000357229 
-0.00034397 
-0.000328707 
-0.000311582 
-0.000292768 
-0.00027246 
-0.000250887 
-0.000228302 
-0.000204991 
-0.000181266 
-0.000157465 
-0.000133953 
-0.000111115 
-8.93561e-05 
-6.90966e-05 
-5.07656e-05 
-3.47938e-05 
-2.15929e-05 
-1.15094e-05 
-4.49291e-06 
-5.50531e-06 
-1.23394e-05 
-2.19744e-05 
-3.43379e-05 
-4.91675e-05 
-6.60857e-05 
-8.47156e-05 
-0.000104684 
-0.000125631 
-0.00014721 
-0.000169094 
-0.00019097 
-0.000212548 
-0.000233554 
-0.000253736 
-0.000272864 
-0.000290726 
-0.000307132 
-0.000321911 
-0.000334916 
-0.000346014 
-0.000355098 
-0.000362074 
-0.000366873 
-0.000369442 
-0.000369748 
-0.000367779 
-0.000363543 
-0.000357068 
-0.000348404 
-0.000337625 
-0.000324825 
-0.000310127 
-0.000293675 
-0.000275639 
-0.000256218 
-0.000235636 
-0.000214141 
-0.00019201 
-0.000169542 
-0.000147061 
-0.000124909 
-0.000103448 
-8.30542e-05 
-6.41131e-05 
-4.70168e-05 
-3.21564e-05 
-1.9902e-05 
-1.05663e-05 
-4.08517e-06 
-5.15006e-06 
-1.15001e-05 
-2.04612e-05 
-3.19719e-05 
-4.58009e-05 
-6.16058e-05 
-7.90436e-05 
-9.77715e-05 
-0.000117456 
-0.000137776 
-0.000158421 
-0.000179097 
-0.000199525 
-0.000219443 
-0.000238607 
-0.00025679 
-0.000273788 
-0.000289411 
-0.000303493 
-0.000315885 
-0.000326457 
-0.0003351 
-0.000341725 
-0.000346259 
-0.000348653 
-0.000348876 
-0.000346916 
-0.000342783 
-0.000336509 
-0.000328146 
-0.000317769 
-0.000305476 
-0.000291391 
-0.000275658 
-0.000258448 
-0.000239957 
-0.000220403 
-0.000200031 
-0.000179105 
-0.000157914 
-0.000136763 
-0.000115976 
-9.58904e-05 
-7.68526e-05 
-5.92171e-05 
-4.33402e-05 
-2.95744e-05 
-1.82506e-05 
-9.64834e-06 
-3.6914e-06 
-4.78742e-06 
-1.06491e-05 
-1.89305e-05 
-2.95816e-05 
-4.24018e-05 
-5.70839e-05 
-7.3318e-05 
-9.07918e-05 
-0.000109199 
-0.000128239 
-0.000147624 
-0.000167074 
-0.000186325 
-0.000205125 
-0.000223238 
-0.000240447 
-0.000256549 
-0.000271361 
-0.000284718 
-0.000296473 
-0.000306501 
-0.000314692 
-0.000320957 
-0.000325228 
-0.000327454 
-0.000327606 
-0.000325675 
-0.000321672 
-0.00031563 
-0.000307604 
-0.000297669 
-0.000285926 
-0.000272496 
-0.000257525 
-0.000241182 
-0.000223658 
-0.000205167 
-0.000185945 
-0.000166247 
-0.000146348 
-0.000126538 
-0.000107119 
-8.84058e-05 
-7.07179e-05 
-5.43787e-05 
-3.971e-05 
-2.70276e-05 
-1.6624e-05 
-8.74658e-06 
-3.30768e-06 
-4.41447e-06 
-9.77981e-06 
-1.73716e-05 
-2.71522e-05 
-3.89517e-05 
-5.24984e-05 
-6.75154e-05 
-8.37198e-05 
-0.000100831 
-0.000118573 
-0.000136676 
-0.000154876 
-0.000172923 
-0.000190576 
-0.00020761 
-0.000223813 
-0.00023899 
-0.000252962 
-0.000265569 
-0.000276667 
-0.000286133 
-0.000293859 
-0.000299759 
-0.000303765 
-0.00030583 
-0.000305924 
-0.000304041 
-0.000300193 
-0.000294414 
-0.000286758 
-0.000277304 
-0.00026615 
-0.000253416 
-0.000239248 
-0.000223809 
-0.000207288 
-0.000189891 
-0.000171846 
-0.000153397 
-0.000134805 
-0.000116344 
-9.82979e-05 
-8.0957e-05 
-6.46154e-05 
-4.95668e-05 
-3.61001e-05 
-2.44953e-05 
-1.50076e-05 
-7.85205e-06 
-2.9301e-06 
-4.02822e-06 
-8.88544e-06 
-1.57737e-05 
-2.46688e-05 
-3.54324e-05 
-4.78281e-05 
-6.16118e-05 
-7.65298e-05 
-9.23274e-05 
-0.00010875 
-0.000125547 
-0.000142471 
-0.000159286 
-0.000175763 
-0.000191686 
-0.000206852 
-0.000221073 
-0.000234177 
-0.000246007 
-0.000256425 
-0.000265309 
-0.000272557 
-0.000278084 
-0.000281825 
-0.000283734 
-0.000283783 
-0.000281967 
-0.000278298 
-0.00027281 
-0.00026556 
-0.000256623 
-0.000246097 
-0.000234101 
-0.000220775 
-0.00020628 
-0.000190797 
-0.000174526 
-0.000157685 
-0.000140507 
-0.000123239 
-0.00010614 
-8.94722e-05 
-7.35064e-05 
-5.85111e-05 
-4.47517e-05 
-3.24853e-05 
-2.19576e-05 
-1.33871e-05 
-6.95598e-06 
-2.55488e-06 
-3.62576e-06 
-7.95944e-06 
-1.41264e-05 
-2.21177e-05 
-3.1827e-05 
-4.30535e-05 
-5.55853e-05 
-6.91973e-05 
-8.36596e-05 
-9.87393e-05 
-0.000114204 
-0.000129823 
-0.000145374 
-0.000160641 
-0.000175418 
-0.000189512 
-0.000202742 
-0.000214944 
-0.000225967 
-0.000235677 
-0.000243959 
-0.000250713 
-0.000255858 
-0.000259331 
-0.000261087 
-0.000261102 
-0.00025937 
-0.000255904 
-0.00025074 
-0.00024393 
-0.000235549 
-0.000225693 
-0.000214477 
-0.000202036 
-0.000188527 
-0.000174122 
-0.000159013 
-0.000143407 
-0.000127527 
-0.000111604 
-9.5881e-05 
-8.06035e-05 
-6.60195e-05 
-5.23744e-05 
-3.99067e-05 
-2.88435e-05 
-1.93969e-05 
-1.17496e-05 
-6.05044e-06 
-2.1787e-06 
-3.20463e-06 
-6.9963e-06 
-1.24215e-05 
-1.94883e-05 
-2.81229e-05 
-3.81599e-05 
-4.94189e-05 
-6.17025e-05 
-7.48046e-05 
-8.8513e-05 
-0.000102614 
-0.000116893 
-0.000131142 
-0.000145157 
-0.000158746 
-0.000171724 
-0.000183921 
-0.00019518 
-0.000205359 
-0.00021433 
-0.000221982 
-0.000228221 
-0.00023297 
-0.000236169 
-0.000237775 
-0.000237766 
-0.000236137 
-0.0002329 
-0.000228089 
-0.000221758 
-0.000213976 
-0.000204836 
-0.000194449 
-0.000182943 
-0.000170468 
-0.000157187 
-0.000143284 
-0.000128953 
-0.000114404 
-9.9854e-05 
-8.55294e-05 
-7.16582e-05 
-5.8468e-05 
-4.61816e-05 
-3.50121e-05 
-2.51581e-05 
-1.68e-05 
-1.00854e-05 
-5.12933e-06 
-1.79913e-06 
-2.76334e-06 
-5.9928e-06 
-1.06548e-05 
-1.67758e-05 
-2.43148e-05 
-3.31413e-05 
-4.31048e-05 
-5.40343e-05 
-6.57463e-05 
-7.8049e-05 
-9.07461e-05 
-0.000103641 
-0.000116539 
-0.000129252 
-0.000141598 
-0.000153406 
-0.000164517 
-0.000174784 
-0.000184071 
-0.000192261 
-0.000199248 
-0.000204945 
-0.000209279 
-0.000212193 
-0.000213649 
-0.000213625 
-0.000212116 
-0.000209136 
-0.000204715 
-0.000198904 
-0.000191771 
-0.000183401 
-0.0001739 
-0.000163389 
-0.000152006 
-0.000139908 
-0.000127265 
-0.000114259 
-0.000101086 
-8.79475e-05 
-7.50532e-05 
-6.26131e-05 
-5.08353e-05 
-3.99209e-05 
-3.00595e-05 
-2.14231e-05 
-1.4162e-05 
-8.39074e-06 
-4.19004e-06 
-1.41541e-06 
-2.30236e-06 
-4.95019e-06 
-8.82942e-06 
-1.39861e-05 
-2.0411e-05 
-2.80066e-05 
-3.66504e-05 
-4.61961e-05 
-5.64817e-05 
-6.7335e-05 
-7.8578e-05 
-9.00308e-05 
-0.000101515 
-0.000112858 
-0.000123893 
-0.000134463 
-0.000144419 
-0.000153627 
-0.000161963 
-0.000169317 
-0.000175595 
-0.000180713 
-0.000184605 
-0.00018722 
-0.000188522 
-0.00018849 
-0.000187121 
-0.000184427 
-0.000180437 
-0.000175197 
-0.000168771 
-0.000161236 
-0.00015269 
-0.000143246 
-0.000133031 
-0.00012219 
-0.000110877 
-9.92634e-05 
-8.75265e-05 
-7.5853e-05 
-6.44338e-05 
-5.34607e-05 
-4.31223e-05 
-3.35992e-05 
-2.50586e-05 
-1.76485e-05 
-1.14915e-05 
-6.6716e-06 
-3.23613e-06 
-1.02974e-06 
-1.82558e-06 
-3.87757e-06 
-6.96156e-06 
-1.11426e-05 
-1.64403e-05 
-2.27873e-05 
-3.00864e-05 
-3.82134e-05 
-4.70272e-05 
-5.63749e-05 
-6.60972e-05 
-7.60329e-05 
-8.60218e-05 
-9.5908e-05 
-0.000105542 
-0.000114781 
-0.000123495 
-0.00013156 
-0.000138867 
-0.000145318 
-0.000150825 
-0.000155317 
-0.000158732 
-0.000161026 
-0.000162166 
-0.000162133 
-0.000160925 
-0.000158551 
-0.00015504 
-0.00015043 
-0.00014478 
-0.00013816 
-0.000130656 
-0.000122371 
-0.000113419 
-0.000103928 
-9.40402e-05 
-8.39067e-05 
-7.36884e-05 
-6.35528e-05 
-5.36715e-05 
-4.42164e-05 
-3.53561e-05 
-2.72507e-05 
-2.00467e-05 
-1.38698e-05 
-8.81866e-06 
-4.95028e-06 
-2.28154e-06 
-6.49195e-07 
-1.34249e-06 
-2.79723e-06 
-5.08817e-06 
-8.29595e-06 
-1.24639e-05 
-1.75494e-05 
-2.3477e-05 
-3.01431e-05 
-3.74265e-05 
-4.51945e-05 
-5.33084e-05 
-6.16276e-05 
-7.00125e-05 
-7.83278e-05 
-8.64434e-05 
-9.42368e-05 
-0.000101594 
-0.000108409 
-0.000114587 
-0.000120044 
-0.000124705 
-0.000128508 
-0.0001314 
-0.000133343 
-0.000134308 
-0.000134279 
-0.000133254 
-0.000131241 
-0.000128264 
-0.000124357 
-0.000119569 
-0.000113961 
-0.000107608 
-0.000100597 
-9.3028e-05 
-8.50117e-05 
-7.66703e-05 
-6.81352e-05 
-5.95462e-05 
-5.10489e-05 
-4.27927e-05 
-3.49273e-05 
-2.75997e-05 
-2.09487e-05 
-1.51003e-05 
-1.01603e-05 
-6.20672e-06 
-3.27522e-06 
-1.35757e-06 
-2.89141e-07 
-8.71831e-07 
-1.75329e-06 
-3.27968e-06 
-5.53961e-06 
-8.59038e-06 
-1.24077e-05 
-1.6934e-05 
-2.2085e-05 
-2.77603e-05 
-3.38497e-05 
-4.02381e-05 
-4.68091e-05 
-5.34481e-05 
-6.00439e-05 
-6.64902e-05 
-7.26874e-05 
-7.85424e-05 
-8.39701e-05 
-8.88936e-05 
-9.32441e-05 
-9.69618e-05 
-9.99959e-05 
-0.000102305 
-0.000103856 
-0.000104628 
-0.000104606 
-0.000103789 
-0.000102184 
-9.98082e-05 
-9.66905e-05 
-9.28698e-05 
-8.83955e-05 
-8.33278e-05 
-7.77375e-05 
-7.1705e-05 
-6.5321e-05 
-5.86845e-05 
-5.19032e-05 
-4.50912e-05 
-3.83682e-05 
-3.18571e-05 
-2.56818e-05 
-1.99639e-05 
-1.48189e-05 
-1.03511e-05 
-6.64716e-06 
-3.76793e-06 
-1.7345e-06 
-5.22385e-07 
2.292e-08 
-4.45789e-07 
-8.24893e-07 
-1.65962e-06 
-3.03231e-06 
-4.99956e-06 
-7.54796e-06 
-1.06352e-05 
-1.41972e-05 
-1.81578e-05 
-2.24338e-05 
-2.6939e-05 
-3.1587e-05 
-3.62931e-05 
-4.09758e-05 
-4.55577e-05 
-4.99662e-05 
-5.41342e-05 
-5.80002e-05 
-6.15085e-05 
-6.46099e-05 
-6.72613e-05 
-6.94262e-05 
-7.10747e-05 
-7.21834e-05 
-7.27361e-05 
-7.27233e-05 
-7.21429e-05 
-7.10001e-05 
-6.93074e-05 
-6.70849e-05 
-6.43606e-05 
-6.11699e-05 
-5.7556e-05 
-5.35698e-05 
-4.92695e-05 
-4.47206e-05 
-3.99953e-05 
-3.51718e-05 
-3.03336e-05 
-2.55687e-05 
-2.09678e-05 
-1.6623e-05 
-1.26252e-05 
-9.06132e-06 
-6.01057e-06 
-3.53878e-06 
-1.69161e-06 
-4.82073e-07 
1.18305e-07 
2.35954e-07 
-1.07212e-07 
-1.30965e-07 
-4.08801e-07 
-9.97098e-07 
-1.9347e-06 
-3.21427e-06 
-4.80996e-06 
-6.68305e-06 
-8.78816e-06 
-1.10766e-05 
-1.34985e-05 
-1.60048e-05 
-1.85476e-05 
-2.10812e-05 
-2.35628e-05 
-2.59521e-05 
-2.82122e-05 
-3.03094e-05 
-3.22134e-05 
-3.38971e-05 
-3.53372e-05 
-3.65136e-05 
-3.74101e-05 
-3.80139e-05 
-3.83161e-05 
-3.83113e-05 
-3.79983e-05 
-3.73797e-05 
-3.64623e-05 
-3.52568e-05 
-3.37783e-05 
-3.20461e-05 
-3.00837e-05 
-2.79189e-05 
-2.55836e-05 
-2.31139e-05 
-2.05497e-05 
-1.79342e-05 
-1.53143e-05 
-1.27392e-05 
-1.02601e-05 
-7.92962e-06 
-5.80009e-06 
-3.92226e-06 
-2.34301e-06 
-1.10207e-06 
-2.27458e-07 
2.7261e-07 
4.18009e-07 
2.87092e-07 
