0.0251592 0.00513336 -0.00874107 
0.0271164 0.00548513 -0.0094005 
0.0293132 0.00589547 -0.0100981 
0.0316032 0.00634801 -0.0108022 
0.0339397 0.00681149 -0.0115156 
0.0363193 0.00728068 -0.0122387 
0.0387438 0.00775578 -0.0129635 
0.0412066 0.0082312 -0.0136861 
0.0436998 0.00870476 -0.0144065 
0.0462046 0.00918339 -0.015113 
0.0486994 0.00965229 -0.0157994 
0.0511578 0.0101147 -0.0164578 
0.0535521 0.0105606 -0.0170775 
0.0558475 0.0109885 -0.0176527 
0.0580144 0.0113902 -0.0181703 
0.0600166 0.0117606 -0.0186229 
0.0618187 0.0120949 -0.019002 
0.0633954 0.0123812 -0.0192979 
0.0647141 0.0126204 -0.019507 
0.0657474 0.012807 -0.0196232 
0.0664743 0.0129355 -0.0196392 
0.0668761 0.0129997 -0.0195495 
0.0669285 0.0130024 -0.0193607 
0.0666378 0.0129326 -0.019065 
0.0659864 0.0128035 -0.0186664 
0.0649846 0.0125969 -0.0181672 
0.0636307 0.0123335 -0.0175722 
0.0619444 0.0119957 -0.0168839 
0.0599359 0.0116018 -0.0161168 
0.0576348 0.0111482 -0.0152736 
0.0550658 0.0106424 -0.0143625 
0.052264 0.0100831 -0.0134014 
0.0492655 0.00949021 -0.0123988 
0.0461104 0.00886012 -0.0113638 
0.0428358 0.00820587 -0.0103117 
0.0394903 0.00753064 -0.00925844 
0.0361215 0.00684805 -0.00821216 
0.0327745 0.00616288 -0.00719429 
0.0295041 0.00548674 -0.00621222 
0.0263471 0.00483137 -0.00528111 
0.0233544 0.00419897 -0.004413 
0.0205711 0.00360151 -0.00362016 
0.018033 0.00304955 -0.00291432 
0.0157841 0.00254563 -0.00230348 
0.0138517 0.00210123 -0.00179051 
0.0122567 0.00171793 -0.00138491 
0.0110056 0.00140763 -0.00107349 
0.00996432 0.0012218 -0.000740592 
0.00892946 0.000971065 -0.000722577 
0.0508781 0.0033856 -0.00628899 
0.0537516 0.00351993 -0.00698781 
0.0574698 0.0036742 -0.00748624 
0.0615656 0.00387526 -0.00789498 
0.0658057 0.00409836 -0.00826623 
0.0700936 0.00432396 -0.0086181 
0.0744002 0.00454284 -0.00895262 
0.0787105 0.00475211 -0.0092642 
0.0830052 0.00494888 -0.00955213 
0.0872599 0.00513632 -0.0098088 
0.091443 0.00530889 -0.0100264 
0.09551 0.00546845 -0.0102044 
0.0994213 0.00561098 -0.0103376 
0.103126 0.00573927 -0.0104221 
0.106576 0.00584761 -0.0104574 
0.109721 0.00593952 -0.0104394 
0.112509 0.00601061 -0.0103691 
0.114894 0.00606158 -0.0102471 
0.116832 0.00609359 -0.0100733 
0.118284 0.00610217 -0.00984982 
0.119218 0.00609011 -0.00957866 
0.119605 0.0060573 -0.00926211 
0.119425 0.00600136 -0.00890688 
0.118665 0.00592764 -0.00851532 
0.117317 0.00583393 -0.00809125 
0.115384 0.00571982 -0.0076368 
0.112876 0.00558519 -0.00716407 
0.109817 0.00543413 -0.00666991 
0.106223 0.00526601 -0.0061652 
0.102137 0.0050796 -0.00565261 
0.0975973 0.00487937 -0.00513617 
0.0926533 0.00466188 -0.00462279 
0.0873586 0.00443337 -0.00411671 
0.081779 0.00418914 -0.00362025 
0.075978 0.00393447 -0.00314062 
0.070025 0.00367085 -0.00268128 
0.0639916 0.00339984 -0.00224718 
0.0579575 0.00312108 -0.00184183 
0.0519989 0.00283984 -0.00146995 
0.0461964 0.00255596 -0.00113309 
0.0406241 0.00227384 -0.000834379 
0.0353546 0.00199516 -0.000577827 
0.0304584 0.00172329 -0.000362247 
0.0259999 0.00145885 -0.000189299 
0.0220346 0.00120641 -5.62187e-05 
0.0186062 0.000967184 3.98473e-05 
0.0157463 0.000743544 9.95979e-05 
0.0134651 0.000545281 0.000136732 
0.011652 0.000409124 0.000207006 
0.0101392 0.000239305 0.000161839 
0.0709673 0.0022628 -0.00537807 
0.0751855 0.00236288 -0.00585657 
0.080006 0.00244842 -0.00618235 
0.0851236 0.00254998 -0.00641601 
0.0903314 0.00265934 -0.00659075 
0.0955258 0.00276528 -0.00672892 
0.100663 0.00286088 -0.00683784 
0.105715 0.00294494 -0.00691598 
0.110653 0.0030168 -0.0069613 
0.115445 0.00307555 -0.00696873 
0.120047 0.00312321 -0.00693646 
0.124415 0.00315724 -0.00686488 
0.128502 0.00318203 -0.00675141 
0.132256 0.00319426 -0.00659682 
0.13563 0.00319634 -0.00640488 
0.138576 0.00319019 -0.00617477 
0.141047 0.00317536 -0.00591243 
0.143005 0.00315317 -0.00562107 
0.144413 0.00312603 -0.00530408 
0.145239 0.00309437 -0.00496764 
0.14546 0.00305944 -0.00461492 
0.14506 0.00302134 -0.00425208 
0.144026 0.00298366 -0.00388288 
0.142357 0.00294274 -0.00351168 
0.140056 0.00290263 -0.00314361 
0.137134 0.00286364 -0.00278199 
0.133607 0.00282378 -0.00243207 
0.129507 0.00278344 -0.00209394 
0.124863 0.00274252 -0.00177329 
0.119717 0.0027002 -0.00147202 
0.114117 0.00265556 -0.00119107 
0.108116 0.00260738 -0.000934541 
0.101776 0.00255519 -0.00070178 
0.0951612 0.00249766 -0.000495783 
0.0883443 0.00243353 -0.000316873 
0.0814006 0.00236234 -0.000166028 
0.0744082 0.00228398 -4.4191e-05 
0.0674486 0.00219725 4.78031e-05 
0.0606071 0.00210149 0.00011032 
0.0539665 0.00199794 0.00014401 
0.0476074 0.00188612 0.000150234 
0.0416061 0.00176698 0.000130612 
0.0360337 0.00164068 8.86771e-05 
0.0309527 0.00150802 2.78225e-05 
0.0264164 0.00136973 -4.60853e-05 
0.0224649 0.00122634 -0.000129434 
0.0191289 0.00107939 -0.000219025 
0.0164245 0.000933546 -0.000308302 
0.014287 0.000812857 -0.000348924 
0.0126194 0.000622917 -0.000443013 
0.0868213 0.00154764 -0.00474939 
0.09186 0.00159929 -0.00505276 
0.0973082 0.00163593 -0.00523459 
0.102919 0.00168086 -0.00532735 
0.108517 0.00172638 -0.00535864 
0.114009 0.0017651 -0.00535019 
0.119348 0.00179389 -0.00530891 
0.124503 0.00181041 -0.00523621 
0.129443 0.00181743 -0.0051302 
0.134129 0.0018136 -0.00499057 
0.138525 0.0018007 -0.0048175 
0.142586 0.0017809 -0.00461238 
0.146271 0.00175401 -0.00437573 
0.149538 0.00172195 -0.00411285 
0.152348 0.00168693 -0.00382604 
0.154664 0.00164986 -0.00351885 
0.156454 0.00161248 -0.00319759 
0.157691 0.00157675 -0.00286603 
0.158352 0.00154382 -0.00252853 
0.158419 0.00151573 -0.0021901 
0.15788 0.00149235 -0.00185547 
0.156729 0.00147603 -0.00152824 
0.154967 0.001466 -0.00121208 
0.152596 0.00146418 -0.000910611 
0.14963 0.00146888 -0.000626039 
0.146084 0.00148058 -0.000361101 
0.141981 0.00149906 -0.000118395 
0.137349 0.00152289 0.000101336 
0.132223 0.00155101 0.000296067 
0.126643 0.00158234 0.000465214 
0.120656 0.00161479 0.000607884 
0.114314 0.00164739 0.000723192 
0.107674 0.00167801 0.000811596 
0.100799 0.00170504 0.000872203 
0.0937585 0.0017268 0.000905431 
0.0866242 0.00174166 0.000911727 
0.0794715 0.00174838 0.000891501 
0.0723793 0.00174543 0.000845232 
0.0654281 0.00173192 0.000774365 
0.0586977 0.00170712 0.000681138 
0.0522643 0.00167075 0.000568002 
0.0461994 0.00162288 0.000438597 
0.0405669 0.00156325 0.000297069 
0.035421 0.00149286 0.000148981 
0.0308056 0.00141074 -7.57154e-07 
0.0267538 0.00131828 -0.000147684 
0.0232932 0.00121372 -0.000290619 
0.0204451 0.00110078 -0.000425645 
0.0181666 0.000994206 -0.000502663 
0.0164228 0.000767604 -0.000609813 
0.0997816 0.00106486 -0.00424522 
0.105212 0.00107826 -0.00442358 
0.110904 0.00108067 -0.0044846 
0.116626 0.00108931 -0.00446366 
0.122224 0.00109716 -0.00438893 
0.127622 0.00109787 -0.00427862 
0.13278 0.00109035 -0.00413983 
0.137666 0.0010746 -0.00397516 
0.142253 0.00105201 -0.0037837 
0.146507 0.00102344 -0.00356765 
0.150395 0.000990252 -0.00332809 
0.153884 0.000953761 -0.00306753 
0.156942 0.000915807 -0.00278965 
0.159539 0.000878171 -0.00249802 
0.161649 0.000841923 -0.00219617 
0.163248 0.000808625 -0.00188889 
0.164318 0.000780395 -0.00158009 
0.164842 0.000757739 -0.00127341 
0.164811 0.00074212 -0.000972685 
0.164217 0.000734338 -0.000681328 
0.163058 0.000735309 -0.000402573 
0.161335 0.000745194 -0.000138416 
0.159054 0.000764174 0.0001084 
0.156225 0.000792126 0.000336463 
0.152862 0.000828567 0.000543533 
0.148983 0.000873132 0.000728949 
0.144611 0.000924645 0.000891459 
0.139774 0.000982148 0.00103039 
0.134504 0.00104436 0.00114499 
0.128838 0.00110987 0.00123509 
0.122818 0.0011766 0.00130001 
0.116494 0.00124378 0.00134032 
0.109917 0.00130836 0.00135547 
0.103145 0.00136972 0.00134591 
0.0962408 0.00142527 0.00131187 
0.0892713 0.00147392 0.0012542 
0.0823065 0.00151349 0.00117351 
0.0754192 0.00154295 0.0010707 
0.0686839 0.00156096 0.000947546 
0.0621738 0.00156701 0.000806383 
0.0559587 0.00156056 0.000650274 
0.0501023 0.00154165 0.000483163 
0.0446596 0.00151062 0.000309742 
0.0396759 0.00146742 0.000135434 
0.0351845 0.00141276 -3.50984e-05 
0.0312114 0.00134547 -0.000198033 
0.0277789 0.00126509 -0.000353265 
0.0249109 0.00117113 -0.000497308 
0.0225771 0.00107283 -0.000583442 
0.0207886 0.000824285 -0.000672819 
0.110575 0.000725062 -0.003802 
0.116095 0.000715525 -0.00388972 
0.121749 0.000699008 -0.00386142 
0.127316 0.000689212 -0.00376197 
0.132671 0.000678395 -0.0036202 
0.137752 0.000663603 -0.0034519 
0.142525 0.000643889 -0.00326304 
0.146966 0.000619895 -0.00305594 
0.151051 0.000592886 -0.00283131 
0.154755 0.000563735 -0.00259162 
0.158052 0.00053404 -0.0023388 
0.160919 0.000504797 -0.00207579 
0.163336 0.000477438 -0.00180561 
0.165283 0.000453148 -0.00153148 
0.166746 0.000433034 -0.00125695 
0.167711 0.00041841 -0.000985052 
0.168169 0.000409961 -0.000718487 
0.168114 0.000408467 -0.000460279 
0.167544 0.000414777 -0.000212556 
0.166458 0.00042909 2.26053e-05 
0.164859 0.000451653 0.000243444 
0.162753 0.00048255 0.000448546 
0.160148 0.00052158 0.000636479 
0.157056 0.000568556 0.000806481 
0.153491 0.000622764 0.000957426 
0.149472 0.000683372 0.00108889 
0.14502 0.000749862 0.00120011 
0.14016 0.000820987 0.00129089 
0.134923 0.000895219 0.00136036 
0.129343 0.000971927 0.00140864 
0.123457 0.00104921 0.00143518 
0.11731 0.00112558 0.00144052 
0.110948 0.00119935 0.00142363 
0.104425 0.00126927 0.00138568 
0.0977978 0.00133313 0.0013263 
0.091127 0.00138979 0.00124631 
0.0844768 0.00143763 0.00114606 
0.0779145 0.00147532 0.00102681 
0.0715079 0.00150195 0.000890109 
0.0653238 0.0015167 0.000738311 
0.0594252 0.0015195 0.00057431 
0.0538685 0.00151065 0.000402047 
0.0487005 0.00149061 0.000226189 
0.0439572 0.00146006 5.18056e-05 
0.0396629 0.00141925 -0.000115935 
0.0358347 0.00136679 -0.00027453 
0.0324906 0.0013012 -0.000423478 
0.0296524 0.00122068 -0.000561333 
0.0273003 0.00112866 -0.000644633 
0.0254777 0.000867715 -0.000696697 
0.119676 0.000484755 -0.00341978 
0.125103 0.00046934 -0.0034447 
0.130554 0.000449091 -0.00336219 
0.135831 0.000436618 -0.00322214 
0.140832 0.000424683 -0.00305212 
0.145512 0.000411279 -0.00286474 
0.149845 0.00039685 -0.00266446 
0.153811 0.00038119 -0.00245341 
0.157391 0.000365573 -0.00223273 
0.160567 0.000350809 -0.00200435 
0.163323 0.000337477 -0.00177021 
0.165642 0.000326671 -0.0015327 
0.167513 0.000318912 -0.00129437 
0.168925 0.000315306 -0.00105761 
0.16987 0.000316429 -0.000824758 
0.170343 0.000322939 -0.000597702 
0.170342 0.000335247 -0.00037837 
0.169865 0.000353649 -0.000168461 
0.168914 0.000378555 3.08824e-05 
0.167492 0.000409902 0.000218366 
0.165606 0.000447765 0.000393031 
0.163261 0.00049187 0.000554027 
0.160469 0.000542156 0.000700686 
0.15724 0.000598013 0.000832447 
0.153591 0.000658932 0.000948442 
0.149536 0.000724539 0.00104843 
0.145099 0.000793533 0.00113173 
0.140301 0.000865752 0.00119802 
0.13517 0.000939666 0.00124654 
0.129737 0.00101418 0.00127723 
0.124039 0.00108861 0.00128961 
0.118114 0.00116115 0.00128347 
0.112006 0.00123061 0.0012583 
0.105763 0.00129578 0.00121471 
0.0994382 0.00135483 0.00115192 
0.0930871 0.00140718 0.00107106 
0.0867689 0.0014505 0.000972004 
0.0805454 0.00148456 0.000855936 
0.0744787 0.00150816 0.000724279 
0.0686296 0.00152089 0.00057903 
0.0630552 0.00152274 0.00042298 
0.0578059 0.00151421 0.000259692 
0.0529214 0.00149664 9.38944e-05 
0.0484298 0.00147034 -6.95811e-05 
0.0443471 0.00143633 -0.000225692 
0.040681 0.00139332 -0.000371669 
0.0374414 0.00133851 -0.000506768 
0.0346476 0.00126786 -0.000631464 
0.0322903 0.00117999 -0.000706392 
0.0304319 0.000914096 -0.000713074 
0.127514 0.0003276 -0.00312899 
0.132779 0.000320812 -0.00311658 
0.137976 0.000310752 -0.00301323 
0.14294 0.00030832 -0.0028666 
0.147593 0.00030855 -0.00270025 
0.1519 0.000309746 -0.00252326 
0.155841 0.000311585 -0.00233884 
0.1594 0.000314782 -0.00214857 
0.162562 0.000319405 -0.00195333 
0.165314 0.000326025 -0.00175457 
0.167645 0.000334882 -0.00155405 
0.169545 0.000346515 -0.0013534 
0.171007 0.00036121 -0.00115451 
0.172026 0.000379381 -0.00095887 
0.1726 0.000401615 -0.000767717 
0.172726 0.000427673 -0.000582403 
0.172407 0.000458024 -0.000404051 
0.171644 0.000492733 -0.000233477 
0.17044 0.000531712 -7.12838e-05 
0.1688 0.000574966 8.18093e-05 
0.166731 0.000622078 0.000225169 
0.164242 0.000673087 0.000358256 
0.161342 0.000727577 0.000480618 
0.158043 0.000785096 0.000591424 
0.154361 0.000845525 0.000690232 
0.150311 0.000908033 0.000776455 
0.145914 0.000972206 0.000849119 
0.141193 0.00103753 0.0009081 
0.136173 0.0011031 0.00095227 
0.130884 0.00116808 0.000981145 
0.12536 0.00123173 0.000994476 
0.119637 0.00129293 0.0009913 
0.113757 0.00135076 0.000971503 
0.107764 0.00140393 0.000934945 
0.101707 0.00145146 0.000881205 
0.0956395 0.00149179 0.000810674 
0.0896146 0.00152474 0.000723339 
0.0836903 0.00154846 0.000620257 
0.077924 0.00156291 0.000502477 
0.0723719 0.00156753 0.000371622 
0.0670861 0.00156299 0.000230372 
0.0621122 0.00154939 8.17293e-05 
0.0574851 0.00152889 -6.95432e-05 
0.0532256 0.00150244 -0.000218866 
0.0493421 0.00147109 -0.000360638 
0.0458319 0.00143421 -0.000491049 
0.0426945 0.00138739 -0.000609836 
0.0399432 0.00132551 -0.000718624 
0.0375786 0.00124062 -0.000782799 
0.0356764 0.000974429 -0.000741889 
0.13456 0.000246999 -0.00296939 
0.139692 0.000262257 -0.00294212 
0.144681 0.000272791 -0.00284578 
0.149403 0.000290705 -0.00271862 
0.153798 0.000312448 -0.00257827 
0.157838 0.000336542 -0.00243122 
0.161504 0.000362689 -0.00227954 
0.164783 0.000390829 -0.00212393 
0.167663 0.000420857 -0.00196537 
0.170132 0.000452999 -0.0018047 
0.172184 0.000486904 -0.00164342 
0.173812 0.000522973 -0.00148248 
0.175012 0.000561046 -0.00132309 
0.175781 0.000601385 -0.00116585 
0.17612 0.000643665 -0.00101148 
0.176029 0.000688138 -0.00086081 
0.17551 0.000734605 -0.000713948 
0.174565 0.000782585 -0.000571478 
0.173199 0.000832237 -0.000433811 
0.171418 0.000883337 -0.000301234 
0.169228 0.00093529 -0.000174571 
0.166639 0.000988106 -5.43432e-05 
0.163662 0.0010418 5.89067e-05 
0.160309 0.0010957 0.000164238 
0.156596 0.00114965 0.000260783 
0.15254 0.00120364 0.000347669 
0.148161 0.00125724 0.000423998 
0.143483 0.00130988 0.000488939 
0.138531 0.00136141 0.000541339 
0.133335 0.00141095 0.000580205 
0.127929 0.00145864 0.000605156 
0.122347 0.00150318 0.000615261 
0.116629 0.00154384 0.000609854 
0.110818 0.00158027 0.000588642 
0.10496 0.00161109 0.000551179 
0.0991047 0.00163577 0.000497421 
0.0933037 0.00165321 0.000427818 
0.0876103 0.00166277 0.000342414 
0.0820787 0.00166426 0.000242661 
0.0767608 0.00165725 0.000129813 
0.0717058 0.00164207 6.08161e-06 
0.0669556 0.0016199 -0.00012618 
0.0625421 0.00159269 -0.00026225 
0.0584807 0.0015627 -0.000397091 
0.0547712 0.00153104 -0.000524591 
0.0514008 0.00149744 -0.000640066 
0.048355 0.00145812 -0.000742447 
0.0456379 0.00140366 -0.000834634 
0.0432566 0.00132223 -0.000887086 
0.0412991 0.00105841 -0.000800779 
0.141355 0.00024217 -0.00298119 
0.146465 0.000290057 -0.0029575 
0.151371 0.000330512 -0.00289054 
0.155994 0.000377034 -0.00280249 
0.160284 0.000428445 -0.00270479 
0.164216 0.000483031 -0.00260179 
0.167773 0.00054016 -0.00249468 
0.170941 0.000599661 -0.00238363 
0.173707 0.000660613 -0.00226948 
0.176062 0.000722983 -0.00215272 
0.177999 0.000786579 -0.00203402 
0.179514 0.000850545 -0.00191379 
0.180602 0.00091514 -0.00179226 
0.181261 0.000979606 -0.00166931 
0.18149 0.00104349 -0.00154527 
0.18129 0.00110662 -0.00141987 
0.180663 0.00116801 -0.00129359 
0.17961 0.00122809 -0.00116653 
0.178137 0.00128588 -0.00103886 
0.176249 0.00134086 -0.000911663 
0.173955 0.00139373 -0.000785696 
0.171266 0.00144347 -0.000661974 
0.168194 0.00149067 -0.00054136 
0.164754 0.00153494 -0.000425692 
0.160963 0.00157675 -0.000315917 
0.156842 0.0016155 -0.000213812 
0.152414 0.00165224 -0.000120471 
0.147703 0.00168641 -3.74193e-05 
0.142737 0.00171802 3.41098e-05 
0.137547 0.00174718 9.30087e-05 
0.132167 0.00177312 0.00013842 
0.126632 0.00179609 0.000168955 
0.120982 0.0018157 0.000184265 
0.115258 0.00183084 0.000183775 
0.109505 0.00184155 0.000167028 
0.103771 0.00184654 0.00013397 
0.0981051 0.00184544 8.4517e-05 
0.0925572 0.00183799 1.93361e-05 
0.0871784 0.00182332 -6.05607e-05 
0.0820182 0.00180149 -0.000154403 
0.0771237 0.00177289 -0.000260795 
0.0725353 0.00173936 -0.000376939 
0.0682818 0.00170257 -0.000498601 
0.0643758 0.00166534 -0.000620457 
0.0608096 0.00163057 -0.000735723 
0.0575585 0.00159837 -0.000838517 
0.054594 0.00156458 -0.000927296 
0.0519032 0.00151977 -0.00100437 
0.049495 0.00144184 -0.00104551 
0.0474675 0.0011842 -0.000917371 
0.148528 0.000315242 -0.00321203 
0.153806 0.000409911 -0.00320874 
0.158827 0.000489441 -0.00319295 
0.16356 0.000575097 -0.00316418 
0.167963 0.000667037 -0.00312715 
0.172008 0.000763036 -0.00308457 
0.175676 0.00086216 -0.00303668 
0.17895 0.000963455 -0.00298311 
0.181815 0.001066 -0.00292394 
0.18426 0.0011686 -0.00285862 
0.186276 0.00127054 -0.00278651 
0.187854 0.00137043 -0.00270743 
0.188988 0.00146798 -0.00261955 
0.189671 0.00156071 -0.0025231 
0.189901 0.00164891 -0.00241731 
0.189676 0.00173076 -0.00230216 
0.188995 0.00180641 -0.00217772 
0.187862 0.00187372 -0.00204505 
0.186283 0.00193409 -0.00190525 
0.184266 0.00198665 -0.00176 
0.181823 0.00203096 -0.0016113 
0.178969 0.00206875 -0.00146135 
0.175722 0.00209953 -0.0013123 
0.172101 0.00212489 -0.00116647 
0.168129 0.00214459 -0.00102606 
0.163832 0.00216015 -0.000893297 
0.159238 0.00217134 -0.000769951 
0.154375 0.00217978 -0.000657961 
0.149275 0.00218531 -0.000558727 
0.143971 0.00218812 -0.000473653 
0.138498 0.00218877 -0.000403882 
0.132895 0.00218689 -0.000349903 
0.1272 0.00218209 -0.000312619 
0.121455 0.00217448 -0.000292487 
0.115704 0.00216289 -0.000289929 
0.109992 0.00214811 -0.00030442 
0.104366 0.00212793 -0.00033604 
0.0988731 0.00210275 -0.000383734 
0.0935625 0.00207147 -0.000447498 
0.0884815 0.00203472 -0.000526079 
0.0836748 0.00199251 -0.000617976 
0.0791828 0.00194539 -0.00072133 
0.0750341 0.00189716 -0.000832468 
0.0712385 0.00185121 -0.000945207 
0.0677817 0.00181089 -0.00105137 
0.064629 0.00177664 -0.00114563 
0.0617391 0.00174661 -0.00122696 
0.0590814 0.00171199 -0.00129574 
0.0566464 0.00164424 -0.00132867 
0.0545327 0.00139757 -0.0011608 
0.156876 0.000487172 -0.00374512 
0.162612 0.000646028 -0.00378386 
0.168045 0.000781753 -0.00385128 
0.173199 0.000924655 -0.00391245 
0.17803 0.00107687 -0.00396513 
0.182505 0.00123521 -0.00400932 
0.186595 0.00139694 -0.00404366 
0.190274 0.00156067 -0.00406532 
0.193519 0.001723 -0.00407246 
0.19631 0.00188219 -0.00406233 
0.198626 0.00203559 -0.0040319 
0.200449 0.0021803 -0.00397911 
0.201766 0.00231355 -0.00390172 
0.202563 0.00243339 -0.00380045 
0.202835 0.00253857 -0.00367402 
0.202576 0.00262712 -0.00352469 
0.201793 0.00269851 -0.00335495 
0.20049 0.00275407 -0.00316856 
0.198683 0.00279359 -0.00296851 
0.19639 0.00281828 -0.00276062 
0.193633 0.00283125 -0.0025488 
0.190438 0.00283288 -0.00233734 
0.186835 0.00282632 -0.00213083 
0.182854 0.00281336 -0.0019326 
0.178528 0.00279626 -0.00174612 
0.173891 0.0027759 -0.00157409 
0.168977 0.00275464 -0.0014186 
0.163822 0.00273267 -0.00128118 
0.158461 0.00271162 -0.00116288 
0.152929 0.00269151 -0.0010641 
0.147263 0.00267162 -0.000985571 
0.141502 0.00265283 -0.000926933 
0.135682 0.0026339 -0.000888414 
0.129846 0.00261451 -0.000869157 
0.124032 0.00259378 -0.000868646 
0.118284 0.00257006 -0.000886128 
0.112645 0.00254366 -0.00092126 
0.107159 0.00251312 -0.000972081 
0.101871 0.002477 -0.00103881 
0.0968252 0.00243586 -0.00111906 
0.0920656 0.00238836 -0.00121271 
0.087631 0.00233692 -0.00131754 
0.0835524 0.00228256 -0.00143051 
0.0798389 0.00223211 -0.00154448 
0.0764703 0.0021887 -0.0016511 
0.0734031 0.00215381 -0.00174502 
0.0705921 0.00212454 -0.00182905 
0.0679992 0.00209981 -0.00190535 
0.0655757 0.00205495 -0.00193782 
0.0633613 0.00183538 -0.00172311 
0.1676 0.000824545 -0.00475467 
0.174245 0.00107326 -0.00487668 
0.180565 0.00129714 -0.00508376 
0.18663 0.00153418 -0.00528677 
0.192377 0.00178567 -0.00547083 
0.197747 0.0020418 -0.00563114 
0.202686 0.00229833 -0.00576041 
0.207143 0.00254834 -0.00585035 
0.211068 0.00278583 -0.00589424 
0.214416 0.0030037 -0.00588525 
0.217145 0.00319629 -0.00581873 
0.219222 0.00335776 -0.00569366 
0.220623 0.00348522 -0.00551078 
0.221335 0.00357573 -0.0052748 
0.221363 0.0036286 -0.00499309 
0.220719 0.0036478 -0.004675 
0.219427 0.00363462 -0.00433213 
0.217523 0.00359536 -0.00397529 
0.21505 0.00353542 -0.00361633 
0.212054 0.00346148 -0.00326551 
0.208585 0.00337857 -0.00293162 
0.204694 0.00329328 -0.00262274 
0.200431 0.00321048 -0.00234374 
0.195843 0.00313362 -0.00209946 
0.190977 0.00306692 -0.00189172 
0.185873 0.00301215 -0.00172167 
0.18057 0.00297015 -0.00158898 
0.175106 0.00294186 -0.00149255 
0.169512 0.00292657 -0.00142998 
0.163821 0.00292341 -0.00139945 
0.158063 0.00293116 -0.00139812 
0.152269 0.00294743 -0.0014224 
0.146469 0.00296981 -0.00147047 
0.140694 0.00299665 -0.00153836 
0.134977 0.00302485 -0.00162375 
0.129351 0.00305195 -0.00172471 
0.123853 0.00307589 -0.00183827 
0.118519 0.00309477 -0.00196246 
0.113388 0.00310652 -0.00209615 
0.108499 0.00310978 -0.00223637 
0.10389 0.00310357 -0.00238235 
0.0996017 0.00308665 -0.00253276 
0.0956647 0.00306332 -0.00268459 
0.0920928 0.0030371 -0.00283184 
0.0888632 0.003017 -0.0029654 
0.0859239 0.00300266 -0.00307905 
0.0832307 0.00298711 -0.00318208 
0.0807735 0.00297411 -0.00328913 
0.0784755 0.00297501 -0.00334261 
0.076166 0.00284228 -0.00304144 
0.18286 0.00150887 -0.0065941 
0.191118 0.00186988 -0.00687228 
0.199082 0.00223615 -0.0072895 
0.206789 0.00262403 -0.00766725 
0.214089 0.00301851 -0.00797006 
0.220842 0.00339776 -0.00817758 
0.226922 0.00374285 -0.00826672 
0.232207 0.00403513 -0.00822054 
0.236595 0.00425942 -0.00802797 
0.240008 0.00440102 -0.00769006 
0.242399 0.00445612 -0.00721539 
0.243754 0.00442207 -0.0066248 
0.244094 0.00430598 -0.00594475 
0.243471 0.00411963 -0.00520706 
0.241959 0.00387803 -0.00444429 
0.239654 0.00359786 -0.00368744 
0.236658 0.00329806 -0.00296457 
0.23308 0.00299438 -0.00229783 
0.229022 0.00270194 -0.00170485 
0.224585 0.00243321 -0.00119738 
0.219857 0.00219762 -0.000782792 
0.214915 0.00200248 -0.000462627 
0.209823 0.00185175 -0.000236357 
0.204636 0.00174797 -9.95834e-05 
0.199394 0.00169073 -4.59719e-05 
0.194129 0.0016789 -6.82319e-05 
0.188865 0.00170995 -0.000158427 
0.183619 0.00177987 -0.000307009 
0.178402 0.00188439 -0.000505529 
0.173222 0.00201869 -0.000745883 
0.168088 0.00217748 -0.00101969 
0.163004 0.00235562 -0.00131961 
0.157978 0.00254778 -0.00163883 
0.153021 0.00274835 -0.00197069 
0.148143 0.00295245 -0.00231065 
0.14336 0.00315574 -0.00265327 
0.138692 0.00335292 -0.00299441 
0.134161 0.00354086 -0.00332986 
0.129791 0.0037153 -0.0036567 
0.125612 0.00387303 -0.00397188 
0.121654 0.00401164 -0.00427354 
0.117952 0.00412932 -0.00456004 
0.114539 0.00422556 -0.00482863 
0.111431 0.00430647 -0.00507503 
0.108616 0.00437939 -0.00529161 
0.106038 0.00445064 -0.00547276 
0.103646 0.00450807 -0.00562804 
0.101479 0.00453736 -0.00579408 
0.099538 0.00460545 -0.00592044 
0.0972684 0.00472353 -0.00548613 
0.206726 0.0028929 -0.00981055 
0.217506 0.00337288 -0.010299 
0.227904 0.00393241 -0.0108016 
0.237591 0.00445342 -0.0110288 
0.246185 0.00486423 -0.010923 
0.253397 0.00511463 -0.0104596 
0.25902 0.00517344 -0.00964309 
0.262928 0.00503127 -0.0085105 
0.26509 0.00469599 -0.00712676 
0.265565 0.00419582 -0.00557507 
0.264483 0.0035685 -0.00394422 
0.262034 0.00286028 -0.00232084 
0.258439 0.00211517 -0.000778711 
0.253938 0.00137496 0.000623657 
0.248763 0.000674617 0.00184563 
0.243133 4.02582e-05 0.00286372 
0.237241 -0.000509601 0.00366818 
0.231249 -0.000963085 0.00426263 
0.225288 -0.00131709 0.00465805 
0.219458 -0.0015709 0.00487262 
0.213831 -0.00173038 0.00492628 
0.208454 -0.00180079 0.00484105 
0.203354 -0.00179138 0.00463801 
0.198542 -0.00171058 0.00433748 
0.194013 -0.00156742 0.00395755 
0.189754 -0.00137074 0.00351384 
0.185746 -0.00112846 0.00302053 
0.181965 -0.000847523 0.00248886 
0.178385 -0.000534939 0.00192815 
0.17498 -0.000195917 0.00134689 
0.171724 0.000163025 0.000751646 
0.168593 0.000537653 0.00014837 
0.165567 0.00092283 -0.000458079 
0.162628 0.00131443 -0.00106312 
0.159766 0.00170798 -0.00166269 
0.156971 0.00209917 -0.00225243 
0.154242 0.00248368 -0.00282892 
0.151579 0.00285773 -0.00338758 
0.148991 0.00321657 -0.00392584 
0.146488 0.00355766 -0.00443894 
0.144085 0.0038755 -0.00492399 
0.141801 0.00416793 -0.00537665 
0.139659 0.00443005 -0.00579427 
0.137682 0.00466215 -0.00617417 
0.135872 0.00487301 -0.00651366 
0.134188 0.0050772 -0.00680371 
0.132558 0.00526391 -0.00704743 
0.131027 0.00539147 -0.0072928 
0.129795 0.00549482 -0.00756168 
0.128183 0.00593057 -0.00717809 
0.244118 0.00524718 -0.0139569 
0.256513 0.00551586 -0.0137724 
0.267209 0.00574019 -0.0128167 
0.275313 0.00559159 -0.0110815 
0.280482 0.00505959 -0.0087351 
0.282673 0.00419419 -0.0059813 
0.282058 0.00308509 -0.00304313 
0.278973 0.00183523 -0.000132176 
0.273854 0.000544907 0.00257628 
0.267185 -0.000698743 0.0049554 
0.259446 -0.00183012 0.0069296 
0.251082 -0.0028065 0.00846859 
0.242474 -0.00360414 0.00957906 
0.233932 -0.00421458 0.010295 
0.225692 -0.00464903 0.0106658 
0.217922 -0.00491968 0.0107497 
0.210726 -0.00504905 0.0106057 
0.204161 -0.00506252 0.0102902 
0.198242 -0.00498165 0.00985222 
0.192959 -0.00483026 0.00933312 
0.188283 -0.00462617 0.00876394 
0.184172 -0.00438475 0.00817084 
0.180576 -0.00411756 0.00757237 
0.177445 -0.00383728 0.00697867 
0.174729 -0.00354699 0.00639855 
0.172379 -0.00325278 0.00583501 
0.170349 -0.00295695 0.0052902 
0.168596 -0.00266121 0.0047634 
0.167082 -0.00236643 0.00425209 
0.165771 -0.0020715 0.00375608 
0.16463 -0.00177697 0.0032717 
0.16363 -0.00148238 0.00279692 
0.162746 -0.00118643 0.0023307 
0.161952 -0.000890167 0.00187054 
0.161231 -0.000592672 0.00141634 
0.160563 -0.000294986 0.000967701 
0.159935 2.15723e-06 0.000525147 
0.159334 0.000297294 9.01878e-05 
0.158753 0.000588876 -0.000335794 
0.158186 0.000874203 -0.000749383 
0.157629 0.00115104 -0.00114865 
0.157084 0.00141613 -0.00152968 
0.156554 0.00166655 -0.00189022 
0.156048 0.00189826 -0.00222677 
0.155576 0.00211134 -0.00253668 
0.155125 0.00231889 -0.00281297 
0.154612 0.0025372 -0.00303851 
0.154013 0.00271025 -0.00324758 
0.153625 0.00279914 -0.00354036 
0.15341 0.00294573 -0.00350608 
0.288059 0.00604056 -0.0120256 
0.294234 0.00489605 -0.00880634 
0.296372 0.00347293 -0.00434647 
0.294072 0.00175075 0.000199032 
0.288066 -4.54672e-05 0.00438717 
0.279236 -0.00174304 0.00794838 
0.268488 -0.00322948 0.0107475 
0.256659 -0.0044406 0.0127533 
0.244463 -0.00535245 0.0140131 
0.232464 -0.00597362 0.0146213 
0.221074 -0.00632931 0.0147016 
0.210559 -0.00646361 0.0143834 
0.201066 -0.00642553 0.013789 
0.192644 -0.00626056 0.013027 
0.185274 -0.00601319 0.0121801 
0.178893 -0.00571773 0.011317 
0.173411 -0.00540373 0.0104799 
0.168733 -0.00508992 0.00969599 
0.16476 -0.00478813 0.0089818 
0.161399 -0.00450761 0.00834096 
0.158569 -0.00425108 0.00777476 
0.156198 -0.00402155 0.00727819 
0.154222 -0.00381712 0.00684514 
0.152589 -0.00363607 0.00646734 
0.151254 -0.00347721 0.00613911 
0.15018 -0.00333743 0.00585254 
0.149333 -0.00321415 0.00560181 
0.148685 -0.00310495 0.00538054 
0.148214 -0.00300723 0.00518408 
0.147898 -0.00291911 0.00500887 
0.147719 -0.00283863 0.0048486 
0.14766 -0.00276251 0.00470198 
0.147704 -0.00269047 0.00456573 
0.147837 -0.00262062 0.00443557 
0.148046 -0.00255072 0.00431145 
0.148316 -0.00248071 0.00419015 
0.148635 -0.00240837 0.00407217 
0.148989 -0.00233501 0.00395469 
0.149368 -0.00225828 0.00383875 
0.149759 -0.00217945 0.00372397 
0.150151 -0.00209872 0.00360984 
0.150536 -0.0020159 0.00349756 
0.150907 -0.00193283 0.00338718 
0.15126 -0.00185057 0.00327959 
0.151595 -0.00177098 0.0031764 
0.151911 -0.00169182 0.00308076 
0.152145 -0.00158071 0.00301613 
0.152112 -0.00144763 0.0030203 
0.152041 -0.00147368 0.00311385 
0.152864 -0.00124545 0.0021053 
0.30572 0.00102109 0.0032308 
0.296242 -0.0010549 0.00760599 
0.283749 -0.00300616 0.0118288 
0.268928 -0.00452853 0.0147324 
0.253081 -0.0056185 0.0164265 
0.237227 -0.00630021 0.017103 
0.222113 -0.00662822 0.0169828 
0.208231 -0.00666945 0.0162906 
0.195843 -0.00649881 0.0152343 
0.185032 -0.00618684 0.0139912 
0.175755 -0.00579872 0.0126996 
0.167883 -0.00538196 0.0114538 
0.161252 -0.0049732 0.0103083 
0.155693 -0.00459121 0.00929226 
0.151039 -0.0042478 0.00841027 
0.147144 -0.00394633 0.0076574 
0.14388 -0.0036861 0.00701885 
0.141142 -0.00346392 0.00648144 
0.138842 -0.00327677 0.0060304 
0.136908 -0.00311933 0.00565271 
0.135282 -0.00298876 0.00533738 
0.133917 -0.0028813 0.0050741 
0.132774 -0.00279375 0.00485613 
0.131822 -0.00272374 0.00467709 
0.131036 -0.00266942 0.00453173 
0.130395 -0.00262899 0.00441612 
0.129882 -0.00260099 0.00432705 
0.129483 -0.0025845 0.00426121 
0.129186 -0.0025782 0.00421674 
0.128982 -0.00258123 0.00419105 
0.12886 -0.00259222 0.00418239 
0.128815 -0.00261132 0.00418955 
0.12884 -0.00263694 0.00420965 
0.128926 -0.00266719 0.00424213 
0.12907 -0.00270296 0.00428552 
0.129264 -0.00274202 0.0043373 
0.129504 -0.00278334 0.00439694 
0.12978 -0.00282532 0.00446175 
0.130088 -0.00286808 0.00453115 
0.130421 -0.00290937 0.0046022 
0.130773 -0.00294792 0.0046736 
0.131137 -0.00298399 0.00474342 
0.131509 -0.0030156 0.00480939 
0.131886 -0.00304322 0.00486976 
0.132267 -0.00306729 0.00492114 
0.132655 -0.00308881 0.004957 
0.133054 -0.00310174 0.00496337 
0.133337 -0.00304205 0.00492328 
0.133287 -0.00304921 0.00471615 
0.136555 -0.00512436 0.000742937 
0.275005 -0.00493775 0.0175639 
0.254872 -0.00562461 0.0184171 
0.235429 -0.00618882 0.0186219 
0.217264 -0.00633623 0.0179503 
0.200909 -0.0062031 0.0166906 
0.186637 -0.00587575 0.0151032 
0.174495 -0.00543957 0.0134016 
0.164356 -0.00495846 0.0117446 
0.155996 -0.00448199 0.0102268 
0.14915 -0.00403738 0.00889413 
0.143557 -0.00363842 0.00775339 
0.138985 -0.00328888 0.00679054 
0.135235 -0.00298598 0.00598289 
0.132149 -0.00272637 0.00530696 
0.129598 -0.00250436 0.00473907 
0.127481 -0.00231367 0.00426064 
0.125718 -0.00215007 0.00385498 
0.124247 -0.00200877 0.00351006 
0.123014 -0.00188661 0.00321513 
0.121981 -0.00178082 0.00296236 
0.121113 -0.00168903 0.0027448 
0.120384 -0.00160917 0.00255749 
0.119771 -0.00153978 0.00239636 
0.119256 -0.00147929 0.00225792 
0.118824 -0.00142643 0.00213928 
0.118463 -0.00138036 0.00203834 
0.11816 -0.0013403 0.00195318 
0.117908 -0.00130568 0.00188233 
0.117699 -0.00127614 0.00182481 
0.117526 -0.00125131 0.00177958 
0.117384 -0.00123135 0.001746 
0.117269 -0.00121616 0.00172308 
0.117176 -0.00120551 0.00171074 
0.117104 -0.00119981 0.0017088 
0.117049 -0.00119878 0.00171607 
0.117009 -0.00120232 0.00173268 
0.116983 -0.00121062 0.00175832 
0.116968 -0.00122344 0.00179204 
0.116964 -0.00124029 0.0018333 
0.11697 -0.00126124 0.00188174 
0.116985 -0.00128587 0.00193687 
0.117009 -0.00131413 0.00199771 
0.117043 -0.00134583 0.00206443 
0.117088 -0.00138119 0.00213623 
0.117147 -0.00142107 0.0022129 
0.117234 -0.00146854 0.00229315 
0.117381 -0.00153206 0.00237113 
0.117682 -0.00162998 0.00241278 
0.118321 -0.00179785 0.0023777 
0.119918 -0.0022021 0.00326242 
0.220553 -0.0061605 0.0188519 
0.201439 -0.00563584 0.0172507 
0.184694 -0.00524631 0.0152712 
0.170654 -0.00477079 0.0132033 
0.15916 -0.00425504 0.0112193 
0.149905 -0.00374804 0.00943167 
0.142528 -0.00328155 0.00789066 
0.136676 -0.00287046 0.00659883 
0.132042 -0.00251679 0.00553018 
0.128377 -0.00221663 0.00464883 
0.125478 -0.00196042 0.00391896 
0.12319 -0.00174016 0.00330913 
0.121387 -0.00154795 0.00279496 
0.119971 -0.0013785 0.00235614 
0.118867 -0.00122644 0.00197758 
0.118013 -0.00108737 0.00164827 
0.117359 -0.000958 0.00136018 
0.116865 -0.000836216 0.00110788 
0.116497 -0.000721231 0.000887321 
0.116225 -0.00061289 0.000695941 
0.116026 -0.000511758 0.000531927 
0.115881 -0.000419081 0.000393474 
0.115776 -0.000336068 0.000278418 
0.1157 -0.000263408 0.000184431 
0.115645 -0.000201401 0.000108826 
0.115605 -0.000149486 4.88932e-05 
0.115576 -0.000106886 1.99364e-06 
0.115554 -7.23962e-05 -3.43545e-05 
0.115537 -4.47284e-05 -6.22935e-05 
0.115523 -2.27013e-05 -8.37003e-05 
0.115512 -5.0705e-06 -0.000100232 
0.115503 9.20625e-06 -0.000113122 
0.115495 2.08922e-05 -0.000123268 
0.115488 3.06699e-05 -0.000131538 
0.115481 3.9117e-05 -0.000138502 
0.115475 4.65632e-05 -0.000144531 
0.115469 5.33168e-05 -0.000149941 
0.115463 5.95737e-05 -0.00015494 
0.115458 6.54408e-05 -0.000159612 
0.115452 7.09936e-05 -0.000164052 
0.115447 7.62512e-05 -0.000168206 
0.115442 8.12578e-05 -0.000172189 
0.115437 8.59622e-05 -0.000175808 
0.115432 9.03739e-05 -0.000179016 
0.115428 9.44106e-05 -0.000181454 
0.115424 9.78484e-05 -0.000182159 
0.115422 9.99122e-05 -0.000177843 
0.115423 9.70303e-05 -0.000158163 
0.115449 8.06611e-05 -8.87257e-05 
0.115413 5.63595e-05 -2.84123e-05 
0.172218 -0.00469735 0.0133702 
0.15958 -0.00399452 0.0115718 
0.14887 -0.00334764 0.00949697 
0.14038 -0.00284787 0.00767342 
0.133828 -0.00242352 0.00615809 
0.128841 -0.00206457 0.00491828 
0.12508 -0.00175691 0.0039079 
0.122265 -0.00149077 0.0030814 
0.120179 -0.00125808 0.00239987 
0.118657 -0.00105165 0.0018327 
0.117573 -0.00086482 0.0013591 
0.116822 -0.000693041 0.000965679 
0.11632 -0.000534622 0.000644091 
0.115995 -0.000389707 0.000388484 
0.115792 -0.000261219 0.00019394 
0.115669 -0.000153895 5.467e-05 
0.115598 -7.15211e-05 -3.68419e-05 
0.115559 -1.46924e-05 -8.96391e-05 
0.115539 1.94624e-05 -0.00011343 
0.115529 3.60816e-05 -0.000117415 
0.115525 4.09552e-05 -0.000109373 
0.115524 3.90695e-05 -9.52375e-05 
0.115525 3.39561e-05 -7.89541e-05 
0.115528 2.77385e-05 -6.2897e-05 
0.11553 2.16131e-05 -4.83825e-05 
0.115533 1.61372e-05 -3.59305e-05 
0.115536 1.15347e-05 -2.56861e-05 
0.115539 7.83046e-06 -1.7506e-05 
0.115541 4.93851e-06 -1.11238e-05 
0.115544 2.74717e-06 -6.25291e-06 
0.115545 1.12384e-06 -2.58907e-06 
0.115547 -5.62635e-08 1.36939e-07 
0.115548 -8.94136e-07 2.14354e-06 
0.115549 -1.47845e-06 3.61213e-06 
0.115551 -1.87568e-06 4.68621e-06 
0.115551 -2.1373e-06 5.47287e-06 
0.115552 -2.30549e-06 6.05639e-06 
0.115553 -2.40845e-06 6.49386e-06 
0.115554 -2.4674e-06 6.82557e-06 
0.115554 -2.49669e-06 7.08328e-06 
0.115555 -2.51316e-06 7.29358e-06 
0.115555 -2.5209e-06 7.4573e-06 
0.115556 -2.52662e-06 7.59193e-06 
0.115556 -2.53513e-06 7.69158e-06 
0.115557 -2.53667e-06 7.73206e-06 
0.115557 -2.49687e-06 7.64332e-06 
0.115557 -2.32621e-06 7.18861e-06 
0.115556 -1.38895e-06 5.46789e-06 
0.115553 -4.31785e-07 9.05708e-07 
0.115549 5.4267e-06 -1.02864e-05 
0.140526 -0.00272075 0.00729981 
0.134046 -0.00232271 0.00623807 
0.128492 -0.00182892 0.00487633 
0.124239 -0.00148924 0.00369214 
0.121157 -0.00120303 0.00272318 
0.119003 -0.000958333 0.00194278 
0.117554 -0.000743389 0.00131892 
0.116628 -0.000550375 0.000828144 
0.116069 -0.000375564 0.000454477 
0.115753 -0.000219948 0.000186221 
0.115591 -9.30408e-05 1.28953e-05 
0.115519 -6.47123e-06 -7.90951e-05 
0.115496 3.73206e-05 -0.000109568 
0.115496 4.81e-05 -0.000101822 
0.115504 4.07751e-05 -7.6402e-05 
0.115515 2.72561e-05 -4.73957e-05 
0.115525 1.42074e-05 -2.25205e-05 
0.115533 4.35899e-06 -4.74474e-06 
0.11554 -1.81198e-06 5.93973e-06 
0.115544 -4.93696e-06 1.10535e-05 
0.115547 -5.98688e-06 1.24993e-05 
0.115549 -5.84351e-06 1.18923e-05 
0.11555 -5.13093e-06 1.03467e-05 
0.115551 -4.22529e-06 8.51588e-06 
0.115551 -3.32782e-06 6.74673e-06 
0.115551 -2.53249e-06 5.19528e-06 
0.115551 -1.87141e-06 3.9097e-06 
0.115551 -1.34619e-06 2.88755e-06 
0.115551 -9.43521e-07 2.0989e-06 
0.115551 -6.44142e-07 1.50515e-06 
0.115551 -4.28173e-07 1.06806e-06 
0.115551 -2.76942e-07 7.52394e-07 
0.115551 -1.75783e-07 5.30151e-07 
0.115551 -1.11827e-07 3.77702e-07 
0.115551 -7.52771e-08 2.76981e-07 
0.115551 -5.9175e-08 2.14732e-07 
0.115551 -5.73119e-08 1.80415e-07 
0.115551 -6.59471e-08 1.66395e-07 
0.115551 -8.1651e-08 1.6699e-07 
0.115551 -1.02113e-07 1.77974e-07 
0.115551 -1.255e-07 1.95857e-07 
0.115551 -1.4998e-07 2.17608e-07 
0.115551 -1.74946e-07 2.42106e-07 
0.115551 -1.99165e-07 2.67221e-07 
0.115551 -2.22582e-07 2.93212e-07 
0.115551 -2.45967e-07 3.22464e-07 
0.115551 -2.71532e-07 3.65353e-07 
0.115551 -3.24695e-07 4.62345e-07 
0.115551 -3.26412e-07 6.56637e-07 
0.115551 -7.23882e-07 1.2888e-06 
0.124243 -0.00119693 0.00318082 
0.121363 -0.00108749 0.00273156 
0.118901 -0.000845704 0.00196417 
0.117245 -0.000646167 0.0012627 
0.116271 -0.000451071 0.000710577 
0.115756 -0.000268481 0.000314114 
0.115524 -0.000112401 6.25254e-05 
0.115453 -8.36102e-06 -6.08024e-05 
0.115456 3.39681e-05 -8.94357e-05 
0.115483 3.38037e-05 -6.78778e-05 
0.11551 1.79347e-05 -3.25087e-05 
0.115531 2.86929e-06 -3.9027e-06 
0.115543 -5.63778e-06 1.12693e-05 
0.115549 -8.07095e-06 1.5224e-05 
0.115552 -7.07627e-06 1.31015e-05 
0.115553 -4.92154e-06 8.99964e-06 
0.115553 -2.83462e-06 5.09789e-06 
0.115553 -1.26474e-06 2.19799e-06 
0.115552 -2.62565e-07 3.76518e-07 
0.115552 2.81595e-07 -5.8877e-07 
0.115551 5.15194e-07 -9.85763e-07 
0.115551 5.66527e-07 -1.05768e-06 
0.115551 5.25739e-07 -9.70485e-07 
0.115551 4.47957e-07 -8.22798e-07 
0.115551 3.62828e-07 -6.66148e-07 
0.11555 2.84251e-07 -5.23901e-07 
0.11555 2.1758e-07 -4.04526e-07 
0.11555 1.63985e-07 -3.09066e-07 
0.11555 1.22409e-07 -2.35231e-07 
0.11555 9.10874e-08 -1.7952e-07 
0.11555 6.80322e-08 -1.38284e-07 
0.11555 5.14287e-08 -1.08313e-07 
0.11555 3.97851e-08 -8.69325e-08 
0.11555 3.18663e-08 -7.20129e-08 
0.11555 2.66619e-08 -6.19261e-08 
0.11555 2.35464e-08 -5.5498e-08 
0.11555 2.18727e-08 -5.17253e-08 
0.11555 2.13054e-08 -5.00249e-08 
0.11555 2.15004e-08 -4.98204e-08 
0.11555 2.22609e-08 -5.07629e-08 
0.11555 2.33924e-08 -5.24728e-08 
0.11555 2.47657e-08 -5.47301e-08 
0.11555 2.62861e-08 -5.73058e-08 
0.11555 2.78977e-08 -6.00237e-08 
0.11555 2.95537e-08 -6.27592e-08 
0.11555 3.1192e-08 -6.54038e-08 
0.11555 3.27813e-08 -6.79401e-08 
0.11555 3.36578e-08 -7.07746e-08 
0.11555 3.33247e-08 -7.22833e-08 
0.11555 3.89878e-08 -8.26451e-08 
0.117498 -0.000396753 0.00113091 
0.116436 -0.00042659 0.000860684 
0.115732 -0.000268211 0.000363614 
0.115467 -9.65544e-05 4.25312e-05 
0.115428 1.07762e-05 -8.8057e-05 
0.115467 3.92806e-05 -9.49555e-05 
0.115512 2.636e-05 -5.36441e-05 
0.115541 7.91565e-06 -1.43356e-05 
0.115554 -1.82742e-06 4.75082e-06 
0.115556 -3.47983e-06 7.72393e-06 
0.115556 -1.80404e-06 4.28062e-06 
0.115554 4.5221e-08 4.69689e-07 
0.115553 1.05165e-06 -1.68263e-06 
0.115552 1.28078e-06 -2.25955e-06 
0.115551 1.08784e-06 -1.96697e-06 
0.115551 7.68826e-07 -1.39994e-06 
0.11555 4.78269e-07 -8.69465e-07 
0.11555 2.65541e-07 -4.78413e-07 
0.11555 1.28708e-07 -2.27669e-07 
0.11555 4.91025e-08 -8.33113e-08 
0.11555 7.03928e-09 -8.34741e-09 
0.11555 -1.27077e-08 2.59971e-08 
0.11555 -2.02559e-08 3.85826e-08 
0.11555 -2.16183e-08 4.04233e-08 
0.11555 -2.01501e-08 3.74803e-08 
0.11555 -1.76271e-08 3.28109e-08 
0.11555 -1.48809e-08 2.78535e-08 
0.11555 -1.23518e-08 2.3298e-08 
0.11555 -1.01909e-08 1.93871e-08 
0.11555 -8.415e-09 1.61546e-08 
0.11555 -7.00399e-09 1.35523e-08 
0.11555 -5.89906e-09 1.14841e-08 
0.11555 -5.04364e-09 9.85706e-09 
0.11555 -4.38835e-09 8.58366e-09 
0.11555 -3.88354e-09 7.58958e-09 
0.11555 -3.5031e-09 6.82193e-09 
0.11555 -3.21266e-09 6.23057e-09 
0.11555 -2.99454e-09 5.77983e-09 
0.11555 -2.83295e-09 5.44629e-09 
0.11555 -2.7178e-09 5.2057e-09 
0.11555 -2.6398e-09 5.0428e-09 
0.11555 -2.59603e-09 4.94398e-09 
0.11555 -2.58183e-09 4.89645e-09 
0.11555 -2.59828e-09 4.89469e-09 
0.11555 -2.64538e-09 4.92932e-09 
0.11555 -2.71747e-09 4.98385e-09 
0.11555 -2.82092e-09 5.02344e-09 
0.11555 -2.7913e-09 4.96888e-09 
0.11555 -3.09957e-09 4.33655e-09 
0.11555 -1.39218e-09 4.34287e-09 
0.115589 -2.96606e-05 0.000129945 
0.115439 -1.00997e-05 -3.23468e-05 
0.115443 3.4117e-05 -0.00010412 
0.115507 2.52186e-05 -5.88005e-05 
0.115544 6.54289e-06 -1.24735e-05 
0.115555 -1.70053e-06 5.99532e-06 
0.115554 -2.17492e-06 6.41641e-06 
0.115552 -6.98731e-07 2.41026e-06 
0.115551 1.79245e-07 -1.08436e-07 
0.11555 2.90941e-07 -6.5202e-07 
0.11555 9.95284e-08 -3.26718e-07 
0.11555 -7.54781e-08 5.90063e-08 
0.11555 -1.50702e-07 2.52498e-07 
0.11555 -1.52493e-07 2.81876e-07 
0.11555 -1.22743e-07 2.33944e-07 
0.11555 -8.81588e-08 1.69535e-07 
0.11555 -5.95957e-08 1.14789e-07 
0.11555 -3.91504e-08 7.5497e-08 
0.11555 -2.54419e-08 4.93261e-08 
0.11555 -1.64852e-08 3.23326e-08 
0.11555 -1.06324e-08 2.12359e-08 
0.11555 -6.76111e-09 1.38422e-08 
0.11555 -4.16816e-09 8.81744e-09 
0.11555 -2.42945e-09 5.37787e-09 
0.11555 -1.27624e-09 3.03914e-09 
0.11555 -5.29407e-10 1.47962e-09 
0.11555 -6.37361e-11 4.71761e-10 
0.11555 2.13764e-10 -1.56049e-10 
0.11555 3.67066e-10 -5.25339e-10 
0.11555 4.41495e-10 -7.24183e-10 
0.11555 4.67451e-10 -8.14335e-10 
0.11555 4.65198e-10 -8.37373e-10 
0.11555 4.47217e-10 -8.20498e-10 
0.11555 4.2181e-10 -7.81635e-10 
0.11555 3.93309e-10 -7.31579e-10 
0.11555 3.65143e-10 -6.77821e-10 
0.11555 3.38393e-10 -6.23852e-10 
0.11555 3.14318e-10 -5.72592e-10 
0.11555 2.93113e-10 -5.24955e-10 
0.11555 2.75502e-10 -4.8232e-10 
0.11555 2.61504e-10 -4.44921e-10 
0.11555 2.51665e-10 -4.13594e-10 
0.11555 2.46109e-10 -3.88335e-10 
0.11555 2.45165e-10 -3.69755e-10 
0.11555 2.49091e-10 -3.58081e-10 
0.11555 2.5745e-10 -3.52379e-10 
0.11555 2.70466e-10 -3.50358e-10 
0.11555 2.76585e-10 -3.40496e-10 
0.11555 3.10158e-10 -3.10619e-10 
0.11555 1.97082e-10 -2.06727e-10 
0.0239653 0.00503011 -0.0079656 
0.013186 -0.00609207 -0.00847678 
0.0140257 -0.00655115 -0.00898974 
0.0151998 -0.00709428 -0.00969418 
0.0164776 -0.00762844 -0.0104424 
0.0177876 -0.00816657 -0.0112181 
0.0191234 -0.00871322 -0.0120097 
0.0204913 -0.00927227 -0.0128125 
0.0218919 -0.0098372 -0.0136233 
0.0233226 -0.0104021 -0.0144412 
0.0247804 -0.0109674 -0.0152643 
0.0262475 -0.0115267 -0.0160804 
0.0277164 -0.0120717 -0.0168876 
0.0291679 -0.012599 -0.0176733 
0.0305851 -0.0130966 -0.0184316 
0.031948 -0.0135638 -0.0191489 
0.033238 -0.0139884 -0.0198168 
0.0344324 -0.0143646 -0.0204243 
0.0355124 -0.0146886 -0.0209583 
0.0364629 -0.0149482 -0.021415 
0.0372622 -0.0151423 -0.0217822 
0.037896 -0.0152683 -0.0220514 
0.0383534 -0.0153202 -0.0222157 
0.038618 -0.0152873 -0.0222739 
0.0386823 -0.0151844 -0.0222138 
0.0385485 -0.0149962 -0.022044 
0.0382023 -0.0147335 -0.0217521 
0.037658 -0.0143897 -0.0213509 
0.0369072 -0.013978 -0.0208308 
0.0359674 -0.013488 -0.0202091 
0.0348419 -0.0129412 -0.0194825 
0.0335518 -0.0123364 -0.0186632 
0.0321073 -0.0116777 -0.0177595 
0.030537 -0.0109772 -0.0167862 
0.0288542 -0.0102484 -0.0157496 
0.0270866 -0.00949177 -0.0146672 
0.0252525 -0.00872151 -0.0135505 
0.0233871 -0.00795024 -0.0124157 
0.0215091 -0.00718132 -0.0112784 
0.0196531 -0.00643511 -0.0101538 
0.0178446 -0.00571309 -0.00905936 
0.0161037 -0.00503267 -0.00800726 
0.0144637 -0.00439739 -0.00701517 
0.012947 -0.00381688 -0.00609759 
0.0115722 -0.00330658 -0.00526681 
0.0103697 -0.00286838 -0.00453533 
0.00934604 -0.00250375 -0.00391264 
0.00851894 -0.00222225 -0.00340521 
0.00788045 -0.00201137 -0.00300822 
0.00720601 -0.00170799 -0.00266781 
0.00661813 -0.00183141 -0.00283067 
0.0434766 -0.00505964 -0.00644131 
0.0461896 -0.0056505 -0.00679445 
0.0495642 -0.00605467 -0.00720148 
0.0532174 -0.00638575 -0.00760205 
0.0569746 -0.0066818 -0.0080038 
0.0607781 -0.00696541 -0.00839651 
0.0646156 -0.00723824 -0.00877385 
0.0684741 -0.00749339 -0.009133 
0.0723389 -0.00773095 -0.00947243 
0.0761885 -0.00794623 -0.00978341 
0.0799907 -0.00812758 -0.0100669 
0.0837066 -0.00827837 -0.0103169 
0.0872979 -0.008391 -0.0105326 
0.0907155 -0.00846352 -0.0107086 
0.0939164 -0.00849414 -0.0108447 
0.096849 -0.00847967 -0.0109368 
0.0994673 -0.00842023 -0.0109848 
0.101726 -0.00831557 -0.0109885 
0.103581 -0.00816737 -0.0109446 
0.104998 -0.00797535 -0.0108551 
0.105945 -0.00774179 -0.0107199 
0.106391 -0.00746789 -0.0105397 
0.106319 -0.00715905 -0.010319 
0.105712 -0.00681841 -0.0100574 
0.104566 -0.00644993 -0.00975465 
0.102879 -0.0060521 -0.00941671 
0.100667 -0.00564 -0.00904497 
0.0979408 -0.00520643 -0.00864362 
0.094725 -0.00476574 -0.0082135 
0.0910572 -0.0043178 -0.00776001 
0.0869726 -0.00386766 -0.00728446 
0.0825186 -0.00342013 -0.00679433 
0.0777481 -0.00298379 -0.00628759 
0.0727224 -0.00255619 -0.00577266 
0.0674993 -0.00214622 -0.00525356 
0.0621427 -0.00175695 -0.00473526 
0.0567233 -0.00139457 -0.00422 
0.051313 -0.00106001 -0.00371619 
0.0459845 -0.000760917 -0.00322542 
0.0408115 -0.000496298 -0.00275415 
0.0358595 -0.000269548 -0.00230825 
0.0311979 -8.51103e-05 -0.00189117 
0.0268907 5.78324e-05 -0.00150589 
0.0229974 0.000158046 -0.00115759 
0.0195686 0.000217447 -0.000845836 
0.0166411 0.000240446 -0.000574618 
0.0142451 0.000227089 -0.000344064 
0.0123669 0.000203502 -0.000155085 
0.0107692 0.000264618 -4.73086e-06 
0.00956084 7.96495e-05 0.000145614 
0.0660304 -0.00450695 -0.00486182 
0.070119 -0.00493817 -0.00513623 
0.074775 -0.00522353 -0.00536543 
0.0796781 -0.00541971 -0.00556992 
0.084655 -0.00556163 -0.00575387 
0.0896279 -0.005675 -0.00591721 
0.0945648 -0.0057659 -0.00605744 
0.0994404 -0.00583182 -0.00617257 
0.104229 -0.00587187 -0.00625899 
0.108895 -0.00587921 -0.00631675 
0.113396 -0.00585273 -0.00634388 
0.117688 -0.00579171 -0.00634204 
0.12172 -0.00569468 -0.00630843 
0.125442 -0.00555994 -0.00624646 
0.128804 -0.00539211 -0.00615656 
0.131755 -0.00518841 -0.00604089 
0.134249 -0.00495474 -0.00590195 
0.136243 -0.00469301 -0.0057424 
0.137698 -0.00440542 -0.00556568 
0.138581 -0.00409827 -0.00537392 
0.138868 -0.00377316 -0.00517013 
0.138538 -0.00343505 -0.0049588 
0.13758 -0.00308928 -0.00473928 
0.135993 -0.00273719 -0.00451706 
0.133775 -0.00238443 -0.00429405 
0.130936 -0.00203438 -0.00407188 
0.1275 -0.00169324 -0.00385068 
0.123493 -0.0013594 -0.00363327 
0.118946 -0.00103996 -0.00342081 
0.113904 -0.000737669 -0.00321289 
0.108415 -0.000452672 -0.00301113 
0.102536 -0.000191159 -0.00281518 
0.0963264 4.78134e-05 -0.00262599 
0.0898559 0.000259688 -0.00244314 
0.0831974 0.000444185 -0.00226729 
0.0764263 0.000599441 -0.00209926 
0.069621 0.000723743 -0.00193935 
0.0628651 0.000815093 -0.00178745 
0.0562431 0.000873961 -0.0016448 
0.0498367 0.000900029 -0.00151103 
0.0437256 0.000894532 -0.00138704 
0.0379853 0.000858142 -0.00127201 
0.0326852 0.000794184 -0.00116581 
0.0278881 0.000704842 -0.00106643 
0.0236444 0.000596712 -0.000972914 
0.0199926 0.000473162 -0.000884534 
0.0169612 0.000338196 -0.000800734 
0.0145492 0.000206812 -0.00072366 
0.0126065 0.000142353 -0.000634237 
0.0111693 -5.05141e-05 -0.000586009 
0.0834586 -0.00415034 -0.00385047 
0.0884534 -0.00443027 -0.00400322 
0.0938367 -0.00460173 -0.00411819 
0.0993576 -0.00468296 -0.0041959 
0.104863 -0.00470849 -0.004247 
0.110276 -0.00470068 -0.00427368 
0.115559 -0.00466604 -0.00427482 
0.120681 -0.00460455 -0.00425121 
0.125608 -0.00451445 -0.00420137 
0.130304 -0.0043945 -0.00412641 
0.134724 -0.00424381 -0.00402841 
0.138826 -0.00406454 -0.0039071 
0.142564 -0.00385481 -0.00376632 
0.145892 -0.00361996 -0.00360886 
0.14877 -0.00336166 -0.00343677 
0.151156 -0.00308161 -0.00325448 
0.153015 -0.00278585 -0.00306542 
0.154317 -0.00247733 -0.00287251 
0.155037 -0.00215927 -0.00267977 
0.155154 -0.00183639 -0.00248973 
0.154654 -0.0015123 -0.00230606 
0.153531 -0.00119111 -0.00213 
0.151782 -0.000874987 -0.00196512 
0.149412 -0.000569022 -0.00181147 
0.146433 -0.000274362 -0.00167079 
0.142862 6.06442e-06 -0.00154466 
0.138724 0.000268453 -0.00143253 
0.134047 0.000512142 -0.00133475 
0.12887 0.000734164 -0.00125104 
0.123235 0.000933094 -0.00118057 
0.117192 0.0011077 -0.00112325 
0.110796 0.00125541 -0.00107737 
0.104107 0.00137631 -0.00104253 
0.097193 0.00146835 -0.00101751 
0.0901243 0.00153092 -0.00100094 
0.0829762 0.00156362 -0.000992032 
0.0758267 0.00156609 -0.000989696 
0.0687569 0.00153779 -0.000992929 
0.0618495 0.00147929 -0.00100027 
0.0551849 0.00139271 -0.00101069 
0.0488401 0.00127973 -0.00102282 
0.0428864 0.00114371 -0.00103485 
0.0373879 0.000988412 -0.00104501 
0.0323983 0.000819117 -0.00105034 
0.0279612 0.000641073 -0.00104934 
0.0241087 0.000458425 -0.00103964 
0.0208685 0.000273406 -0.001022 
0.0182519 9.41263e-05 -0.000995002 
0.016153 -2.16689e-05 -0.000921667 
0.0146464 -0.000258131 -0.000858406 
0.0974769 -0.00384544 -0.00313504 
0.102935 -0.00401578 -0.00319013 
0.108633 -0.00407855 -0.00321322 
0.114341 -0.00406087 -0.00320225 
0.119927 -0.00399476 -0.00316576 
0.125327 -0.00389776 -0.00310703 
0.130503 -0.00377571 -0.0030276 
0.135425 -0.00363095 -0.00292791 
0.14006 -0.00346123 -0.00280952 
0.144373 -0.00326866 -0.00267389 
0.14833 -0.00305357 -0.00252308 
0.151893 -0.0028174 -0.00236021 
0.155027 -0.00256321 -0.00218845 
0.157698 -0.00229417 -0.00201031 
0.159878 -0.00201261 -0.00182939 
0.161539 -0.00172256 -0.00164941 
0.16266 -0.00142769 -0.00147267 
0.163225 -0.00113074 -0.00130225 
0.163218 -0.000835147 -0.00114077 
0.162633 -0.000543776 -0.000990668 
0.161466 -0.000260049 -0.000853243 
0.159718 1.45394e-05 -0.000730257 
0.157393 0.000276852 -0.000622428 
0.154503 0.000525733 -0.000530765 
0.151063 0.000758337 -0.000455559 
0.147093 0.000973701 -0.000396615 
0.142616 0.00117007 -0.000353794 
0.137663 0.00134618 -0.000326657 
0.132269 0.00150044 -0.000314357 
0.126475 0.001632 -0.000315884 
0.120325 0.00173934 -0.00033048 
0.113871 0.00182192 -0.000356231 
0.10717 0.00187852 -0.000392655 
0.100283 0.00190846 -0.000437784 
0.0932748 0.00191113 -0.000490498 
0.0862165 0.00188635 -0.000548966 
0.0791808 0.00183403 -0.000612147 
0.0722436 0.00175417 -0.000678385 
0.0654812 0.00164796 -0.000746126 
0.0589683 0.00151729 -0.000813663 
0.0527754 0.00136493 -0.000879244 
0.0469662 0.00119471 -0.000940895 
0.0415958 0.00101102 -0.000996073 
0.0367084 0.000819794 -0.00104285 
0.0323374 0.000625079 -0.00107828 
0.0285089 0.000431144 -0.00110141 
0.0252476 0.000237091 -0.00111087 
0.0225727 5.00727e-05 -0.00110409 
0.0204028 -8.01655e-05 -0.00103377 
0.0188401 -0.000315547 -0.000943021 
0.109012 -0.00354499 -0.0025899 
0.114602 -0.00363203 -0.00257695 
0.120299 -0.00360904 -0.00253782 
0.125892 -0.00351881 -0.00247155 
0.131272 -0.0033898 -0.0023865 
0.136386 -0.00323711 -0.0022855 
0.141202 -0.0030654 -0.00217036 
0.145695 -0.00287646 -0.00204237 
0.149837 -0.00267011 -0.00190343 
0.153601 -0.00244847 -0.00175571 
0.156959 -0.00221291 -0.00160141 
0.159885 -0.00196579 -0.00144318 
0.162356 -0.00170961 -0.00128358 
0.164351 -0.00144695 -0.00112534 
0.16585 -0.00118088 -0.000971116 
0.166841 -0.000914146 -0.000822893 
0.167312 -0.000648838 -0.000682934 
0.167256 -0.000387793 -0.000553113 
0.166668 -0.00013294 -0.000434777 
0.165548 0.000113768 -0.000329192 
0.163899 0.000350625 -0.000237232 
0.161727 0.000576188 -0.000159637 
0.159039 0.000788825 -9.6817e-05 
0.155849 0.000987581 -4.89146e-05 
0.152172 0.00117083 -1.56468e-05 
0.148029 0.00133801 2.84657e-06 
0.143442 0.00148764 7.34562e-06 
0.138439 0.00161901 -1.63157e-06 
0.133053 0.00173073 -2.36049e-05 
0.12732 0.00182216 -5.75142e-05 
0.121281 0.0018918 -0.000102157 
0.114982 0.00193979 -0.00015679 
0.108475 0.00196382 -0.000220009 
0.101815 0.00196459 -0.000290459 
0.0950635 0.00194062 -0.000366858 
0.0882833 0.00189222 -0.000447969 
0.0815418 0.00181876 -0.00053229 
0.0749089 0.00172091 -0.000618299 
0.0684542 0.00159969 -0.000704409 
0.0622459 0.00145727 -0.000789057 
0.0563472 0.00129639 -0.000870565 
0.0508141 0.0011211 -0.000947005 
0.0456926 0.000936301 -0.00101637 
0.0410175 0.00074712 -0.00107628 
0.036813 0.0005587 -0.00112432 
0.033098 0.000372818 -0.00115888 
0.0298936 0.000189214 -0.00117876 
0.0272209 1.13867e-05 -0.00117972 
0.0250217 -0.000118332 -0.0011048 
0.0233913 -0.000319425 -0.000989045 
0.118633 -0.00325757 -0.0021712 
0.124138 -0.00328242 -0.00212082 
0.129638 -0.00320304 -0.00205125 
0.134945 -0.0030705 -0.0019632 
0.139973 -0.00291027 -0.00186336 
0.144682 -0.00273355 -0.00175464 
0.149047 -0.00254401 -0.00163814 
0.153046 -0.00234321 -0.00151543 
0.15666 -0.00213176 -0.00138816 
0.159867 -0.00191154 -0.00125777 
0.16265 -0.00168393 -0.00112636 
0.164991 -0.00145115 -0.000995667 
0.166877 -0.00121526 -0.000867823 
0.168295 -0.000978391 -0.000744562 
0.169236 -0.000742661 -0.000627423 
0.169694 -0.000509679 -0.000517812 
0.169665 -0.000281225 -0.000416952 
0.169148 -5.89075e-05 -0.000325827 
0.168145 0.000156243 -0.000245172 
0.166657 0.000362898 -0.000175619 
0.164692 0.000560004 -0.000117518 
0.162257 0.000746632 -7.12555e-05 
0.159362 0.000921831 -3.67432e-05 
0.156019 0.00108495 -1.41347e-05 
0.152245 0.00123473 -3.33466e-06 
0.148058 0.0013705 -3.8549e-06 
0.143481 0.00149136 -1.57436e-05 
0.138537 0.00159646 -3.8369e-05 
0.133257 0.0016843 -7.10082e-05 
0.127675 0.00175461 -0.000113457 
0.121828 0.00180605 -0.000164534 
0.115758 0.00183786 -0.000223725 
0.109511 0.00184868 -0.000289836 
0.103139 0.00183871 -0.000361958 
0.0966972 0.00180618 -0.000439159 
0.0902433 0.00175168 -0.000519808 
0.08384 0.00167446 -0.000603156 
0.0775506 0.00157512 -0.000687656 
0.0714391 0.00145482 -0.000771972 
0.0655672 0.00131536 -0.000854685 
0.059992 0.00115963 -0.000934347 
0.0547627 0.000991642 -0.00100955 
0.0499173 0.000816401 -0.00107821 
0.0454825 0.000639164 -0.00113859 
0.0414731 0.00046487 -0.00118844 
0.0378998 0.000294968 -0.0012253 
0.0347776 0.000128916 -0.00124729 
0.0321289 -3.29389e-05 -0.00124957 
0.0299171 -0.000154833 -0.00116659 
0.0282044 -0.000304315 -0.00102944 
0.126806 -0.00301843 -0.00187609 
0.132125 -0.00300105 -0.00181792 
0.13735 -0.00289458 -0.00174654 
0.142322 -0.00274826 -0.0016647 
0.146977 -0.00258331 -0.00157696 
0.151283 -0.00240764 -0.00148487 
0.155222 -0.00222343 -0.00138986 
0.158776 -0.00203237 -0.0012925 
0.161931 -0.00183498 -0.00119397 
0.164671 -0.00163264 -0.00109542 
0.166985 -0.00142699 -0.000998089 
0.168863 -0.00121947 -0.000903254 
0.170296 -0.00101191 -0.000812034 
0.171279 -0.000805516 -0.000725582 
0.171808 -0.000601593 -0.000644513 
0.171883 -0.000401276 -0.00056982 
0.171502 -0.000205671 -0.000502075 
0.170669 -1.57108e-05 -0.000441597 
0.169387 0.000168091 -0.000388809 
0.167661 0.000344799 -0.000343836 
0.165498 0.000513769 -0.000307015 
0.162906 0.000674226 -0.000278337 
0.159897 0.000825657 -0.00025794 
0.156483 0.00096702 -0.000246022 
0.152679 0.0010975 -0.000242307 
0.148504 0.00121651 -0.000247036 
0.143978 0.00132247 -0.000259974 
0.139125 0.00141522 -0.000281016 
0.133973 0.00149303 -0.00030987 
0.128554 0.00155501 -0.000346203 
0.122901 0.0016006 -0.000389636 
0.117055 0.00162821 -0.000439697 
0.111058 0.0016371 -0.000495466 
0.104958 0.00162679 -0.00055649 
0.0988065 0.0015959 -0.000621516 
0.092657 0.00154488 -0.000690313 
0.0865665 0.00147253 -0.000761118 
0.0805947 0.00137998 -0.000833323 
0.0747998 0.00126791 -0.000905653 
0.0692387 0.001138 -0.000977163 
0.0639628 0.000993104 -0.0010464 
0.0590166 0.000836827 -0.00111248 
0.0544315 0.000674767 -0.00117391 
0.0502268 0.000511726 -0.00122887 
0.0464089 0.00035343 -0.00127524 
0.0429778 0.000202171 -0.00130988 
0.0399403 5.63962e-05 -0.00133076 
0.0373171 -8.69295e-05 -0.00133121 
0.0350939 -0.000197814 -0.00123772 
0.0332866 -0.000287392 -0.00108299 
0.134017 -0.00286944 -0.00171834 
0.139153 -0.00282864 -0.00167711 
0.144127 -0.00271973 -0.00162699 
0.148816 -0.00258192 -0.00157157 
0.153169 -0.00243104 -0.00151385 
0.157161 -0.00227261 -0.00145471 
0.160777 -0.00210838 -0.00139445 
0.164002 -0.00193896 -0.00133352 
0.166824 -0.00176539 -0.00127255 
0.169232 -0.00158856 -0.00121206 
0.171218 -0.00140997 -0.00115287 
0.172777 -0.00123053 -0.00109556 
0.173903 -0.00105152 -0.00104069 
0.174595 -0.000873602 -0.000988485 
0.174853 -0.000697297 -0.000939593 
0.174676 -0.000523715 -0.000894016 
0.174067 -0.000353058 -0.000851773 
0.17303 -0.000185922 -0.000813224 
0.171569 -2.28331e-05 -0.000778398 
0.169689 0.000135765 -0.000747331 
0.167398 0.000288872 -0.000720311 
0.164707 0.000435964 -0.000697648 
0.161625 0.000576333 -0.000679384 
0.158166 0.000708844 -0.000665824 
0.154346 0.000832669 -0.000657494 
0.150182 0.00094668 -0.000654492 
0.145696 0.00104976 -0.000656912 
0.140912 0.00114107 -0.000665207 
0.135857 0.00121906 -0.000679337 
0.13056 0.00128257 -0.000699555 
0.125057 0.0013309 -0.000725494 
0.119383 0.00136268 -0.00075694 
0.113582 0.00137698 -0.000793817 
0.107696 0.00137299 -0.000835413 
0.101774 0.00134989 -0.000881327 
0.095867 0.00130702 -0.000930609 
0.0900288 0.00124473 -0.000982732 
0.0843143 0.00116254 -0.00103681 
0.078778 0.0010619 -0.00109181 
0.0734726 0.000944008 -0.00114679 
0.0684459 0.000811769 -0.00120126 
0.0637383 0.000667946 -0.00125428 
0.0593773 0.000518611 -0.00130507 
0.0553751 0.000369201 -0.00135173 
0.0517295 0.000226044 -0.0013921 
0.0484291 9.27608e-05 -0.00142328 
0.0454682 -3.26983e-05 -0.00144113 
0.0428639 -0.000156166 -0.00143907 
0.0406211 -0.00025463 -0.0013339 
0.0387082 -0.000282194 -0.00116623 
0.14081 -0.00285153 -0.00171479 
0.145854 -0.00280237 -0.00171149 
0.150685 -0.00271073 -0.00170036 
0.155215 -0.00259734 -0.00168699 
0.159404 -0.00247381 -0.00167308 
0.163229 -0.00234384 -0.00165863 
0.166674 -0.00220855 -0.00164357 
0.169727 -0.00206835 -0.00162764 
0.172375 -0.00192426 -0.00161111 
0.17461 -0.00177678 -0.0015942 
0.176427 -0.00162706 -0.00157658 
0.177819 -0.00147541 -0.0015586 
0.178786 -0.00132245 -0.00153976 
0.179324 -0.00116812 -0.00151994 
0.179435 -0.00101306 -0.00149894 
0.179118 -0.00085725 -0.00147633 
0.178377 -0.000701158 -0.00145246 
0.177214 -0.000545377 -0.00142678 
0.175634 -0.000390142 -0.00139943 
0.173645 -0.000236399 -0.00137127 
0.171253 -8.53418e-05 -0.00134213 
0.168471 6.21322e-05 -0.00131285 
0.16531 0.000205316 -0.00128404 
0.161785 0.000342206 -0.00125658 
0.157914 0.000471919 -0.00123093 
0.153716 0.00059289 -0.00120839 
0.149215 0.000704011 -0.00118937 
0.144434 0.00080364 -0.00117454 
0.139403 0.000890643 -0.00116456 
0.134152 0.000963508 -0.00115936 
0.128716 0.00102172 -0.00115982 
0.123131 0.00106345 -0.0011659 
0.117437 0.00108793 -0.00117713 
0.111678 0.00109462 -0.00119375 
0.1059 0.00108242 -0.00121496 
0.100151 0.00105112 -0.0012405 
0.0944826 0.00100034 -0.00126984 
0.0889457 0.000930305 -0.00130186 
0.0835921 0.000842209 -0.0013361 
0.0784713 0.000736865 -0.001372 
0.0736293 0.000616214 -0.00140931 
0.0691036 0.000483755 -0.00144712 
0.0649191 0.000345152 -0.00148497 
0.061083 0.000206965 -0.00152194 
0.0575839 7.62275e-05 -0.00155557 
0.0543979 -4.20349e-05 -0.00158245 
0.0515046 -0.000148773 -0.00159872 
0.0489095 -0.000252837 -0.00159407 
0.0466357 -0.000337978 -0.00147827 
0.0446063 -0.000304902 -0.00130078 
0.147809 -0.0030075 -0.00189157 
0.152925 -0.00296383 -0.00194618 
0.157791 -0.0029071 -0.00199256 
0.162353 -0.00283318 -0.00203853 
0.166573 -0.00274993 -0.00208484 
0.17043 -0.00265979 -0.00213065 
0.173905 -0.00256335 -0.00217505 
0.176984 -0.00246046 -0.00221745 
0.179653 -0.00235196 -0.00225675 
0.181905 -0.00223755 -0.0022922 
0.18373 -0.00211704 -0.00232276 
0.185123 -0.00199088 -0.00234739 
0.18608 -0.00185771 -0.00236444 
0.186595 -0.00171811 -0.00237371 
0.186668 -0.00157201 -0.00237389 
0.186299 -0.00141944 -0.00236504 
0.185486 -0.00126138 -0.00234612 
0.184237 -0.00109837 -0.00231861 
0.182553 -0.000931845 -0.00228266 
0.180446 -0.00076379 -0.0022389 
0.177926 -0.000595369 -0.00218963 
0.175006 -0.000429059 -0.00213558 
0.171704 -0.000266183 -0.00207903 
0.168037 -0.000109218 -0.00202091 
0.164028 4.04364e-05 -0.00196345 
0.1597 0.000180361 -0.00190745 
0.155081 0.000309708 -0.00185506 
0.150197 0.000426405 -0.00180693 
0.145081 0.000529222 -0.001764 
0.139765 0.000617011 -0.00172727 
0.134285 0.000688346 -0.00169684 
0.128678 0.000742728 -0.00167291 
0.122985 0.000779262 -0.00165587 
0.117248 0.000796941 -0.00164517 
0.111512 0.00079548 -0.00164116 
0.105823 0.000774596 -0.00164231 
0.10023 0.000734075 -0.00164845 
0.0947815 0.000674809 -0.00165873 
0.0895266 0.000596749 -0.00167294 
0.0845126 0.000501042 -0.00169018 
0.079784 0.000389444 -0.00170975 
0.0753782 0.000265282 -0.0017324 
0.0713179 0.000133655 -0.00175771 
0.0676067 2.17875e-06 -0.0017845 
0.0642248 -0.000120026 -0.00181064 
0.0611367 -0.000227735 -0.00183402 
0.0583071 -0.000321674 -0.0018505 
0.0557225 -0.000408834 -0.00184873 
0.0534086 -0.000481402 -0.00172471 
0.0512515 -0.000389241 -0.00154067 
0.155765 -0.00340526 -0.00230463 
0.161207 -0.00338309 -0.00244741 
0.166372 -0.00338621 -0.00257962 
0.17124 -0.00337332 -0.00271368 
0.175772 -0.00335013 -0.00284888 
0.17994 -0.00331716 -0.00298205 
0.183719 -0.00327371 -0.00311086 
0.18709 -0.00321809 -0.00323201 
0.190033 -0.00314945 -0.00334294 
0.192532 -0.00306621 -0.00344031 
0.194573 -0.00296642 -0.00352093 
0.196143 -0.00284956 -0.00358166 
0.197229 -0.00271364 -0.00362119 
0.197824 -0.00256095 -0.00363782 
0.197922 -0.00239039 -0.00363099 
0.197521 -0.00220488 -0.0036013 
0.196625 -0.00200613 -0.00355131 
0.195239 -0.00179853 -0.0034822 
0.193374 -0.00158374 -0.00339755 
0.191046 -0.0013668 -0.00330144 
0.188274 -0.00115123 -0.00319623 
0.185081 -0.000939618 -0.00308649 
0.181492 -0.000735955 -0.00297516 
0.177534 -0.000542164 -0.00286568 
0.173236 -0.000361342 -0.00276012 
0.16863 -0.000195044 -0.00266136 
0.163748 -4.52659e-05 -0.0025704 
0.158625 8.7342e-05 -0.00248913 
0.153294 0.000201602 -0.0024179 
0.147791 0.000296956 -0.00235668 
0.142153 0.000372944 -0.00230617 
0.136419 0.000429398 -0.00226565 
0.130627 0.000465748 -0.00223471 
0.12482 0.000482439 -0.00221256 
0.119041 0.000479047 -0.00219774 
0.113333 0.000456723 -0.00219049 
0.107741 0.000414481 -0.00218884 
0.102311 0.000354174 -0.00219186 
0.0970897 0.000275094 -0.00219888 
0.0921218 0.000179441 -0.00220871 
0.0874505 6.77915e-05 -0.00222186 
0.0831127 -5.73697e-05 -0.00223729 
0.0791337 -0.000190386 -0.0022565 
0.0755129 -0.000322189 -0.00227808 
0.0722232 -0.000442887 -0.00230082 
0.0692199 -0.000547892 -0.00232255 
0.0664611 -0.000639177 -0.0023432 
0.063915 -0.000721068 -0.00235307 
0.0615753 -0.000780462 -0.00222939 
0.0592747 -0.000628151 -0.0020389 
0.165744 -0.00417954 -0.00309408 
0.171906 -0.00421179 -0.00337788 
0.177782 -0.00431601 -0.00364941 
0.183381 -0.00439938 -0.00392304 
0.188646 -0.00446302 -0.00419141 
0.193533 -0.00450339 -0.00444723 
0.198 -0.00451604 -0.0046815 
0.202008 -0.00449466 -0.0048865 
0.205518 -0.00443586 -0.00505343 
0.208496 -0.00433511 -0.00517549 
0.21091 -0.00419005 -0.00524721 
0.212732 -0.0040016 -0.00526602 
0.213945 -0.00377177 -0.00523126 
0.214536 -0.00350595 -0.00514526 
0.214506 -0.00321 -0.00501486 
0.21386 -0.00289253 -0.0048461 
0.212618 -0.00256275 -0.00464859 
0.210803 -0.00222848 -0.00443189 
0.208446 -0.00189858 -0.00420588 
0.205585 -0.0015809 -0.00397859 
0.202258 -0.00128054 -0.00375902 
0.198507 -0.00100366 -0.00355336 
0.194375 -0.000752903 -0.00336662 
0.189903 -0.000531139 -0.00320325 
0.185132 -0.000339263 -0.00306523 
0.180101 -0.000178084 -0.00295327 
0.174848 -4.65734e-05 -0.00286781 
0.169409 5.5786e-05 -0.00280741 
0.163821 0.000131068 -0.00277069 
0.158116 0.000180473 -0.00275572 
0.152328 0.000205249 -0.00275914 
0.146493 0.000208157 -0.00277849 
0.140644 0.000189699 -0.00281101 
0.134817 0.000152312 -0.00285345 
0.129049 9.71669e-05 -0.00290326 
0.123378 2.47959e-05 -0.00295781 
0.117844 -6.28161e-05 -0.00301495 
0.112486 -0.000164656 -0.00307284 
0.107346 -0.000280985 -0.00312921 
0.102465 -0.000409035 -0.00318317 
0.0978831 -0.000549239 -0.00323299 
0.0936397 -0.000698774 -0.00328032 
0.0897597 -0.000853888 -0.00332419 
0.0862457 -0.00100385 -0.00336718 
0.0830629 -0.00113805 -0.00340685 
0.0801588 -0.00125168 -0.00344164 
0.0774979 -0.00135497 -0.00347499 
0.0750597 -0.00145334 -0.00351014 
0.0727692 -0.0015023 -0.00340766 
0.0702882 -0.00125564 -0.00319514 
0.179563 -0.00560142 -0.00457295 
0.187084 -0.00574946 -0.00507888 
0.194339 -0.00600395 -0.00555991 
0.201317 -0.00620045 -0.00601643 
0.207903 -0.00632861 -0.00642441 
0.213999 -0.00637538 -0.00675683 
0.219508 -0.00632466 -0.00699047 
0.224341 -0.00616725 -0.00710671 
0.228418 -0.00589891 -0.00709271 
0.231677 -0.00552473 -0.00694709 
0.234071 -0.00505458 -0.00667545 
0.235581 -0.00450772 -0.00629381 
0.236209 -0.00390538 -0.0058248 
0.235979 -0.00327299 -0.0052945 
0.234938 -0.00263497 -0.00473014 
0.233148 -0.0020128 -0.00415987 
0.230682 -0.00142734 -0.00360682 
0.227619 -0.000892567 -0.00309195 
0.22404 -0.000420122 -0.00263133 
0.220026 -1.64884e-05 -0.00223681 
0.21565 0.0003143 -0.00191567 
0.21098 0.000572811 -0.00167126 
0.206077 0.000761144 -0.00150442 
0.200993 0.000883314 -0.00141202 
0.195772 0.000945235 -0.00139015 
0.190449 0.000952737 -0.00143305 
0.185055 0.000912159 -0.00153341 
0.179615 0.000830576 -0.00168368 
0.174149 0.00071401 -0.00187617 
0.168677 0.000568407 -0.00210288 
0.163213 0.000399164 -0.0023562 
0.157775 0.000211104 -0.00262886 
0.15238 8.09717e-06 -0.00291322 
0.147047 -0.000205364 -0.00320364 
0.141795 -0.000427331 -0.00349439 
0.13665 -0.000655024 -0.00377952 
0.131638 -0.000886165 -0.00405512 
0.126788 -0.00111858 -0.00431693 
0.12213 -0.00135147 -0.00456135 
0.117699 -0.00158294 -0.00478638 
0.113529 -0.00181254 -0.00499018 
0.109657 -0.00203982 -0.00517103 
0.106111 -0.00225987 -0.00533104 
0.1029 -0.00246539 -0.00547073 
0.0999902 -0.00264248 -0.00559339 
0.0973207 -0.00278716 -0.00569727 
0.0948617 -0.00291874 -0.00578254 
0.0926569 -0.00306054 -0.00587109 
0.0906143 -0.0031218 -0.00584875 
0.0878895 -0.00263526 -0.00561757 
0.200645 -0.00810643 -0.007294 
0.210436 -0.00839968 -0.00803799 
0.219869 -0.00866947 -0.00861448 
0.228738 -0.00869059 -0.00896555 
0.236776 -0.00844864 -0.00903705 
0.243763 -0.00793624 -0.00879803 
0.249521 -0.0071664 -0.00824963 
0.253919 -0.00617488 -0.00742042 
0.256888 -0.00501466 -0.006365 
0.258423 -0.00375211 -0.00515026 
0.258578 -0.00245296 -0.00385202 
0.257458 -0.00118204 -0.00254083 
0.255211 8.0252e-06 -0.00128005 
0.252005 0.00107624 -0.000120597 
0.248021 0.00199491 0.000901254 
0.243437 0.00274973 0.00176192 
0.238422 0.00333598 0.00244953 
0.233125 0.00375912 0.00296283 
0.227674 0.00402945 0.00330753 
0.222174 0.00416254 0.00349568 
0.21671 0.0041748 0.00354129 
0.21134 0.00408412 0.00346073 
0.206109 0.00390751 0.00327061 
0.201043 0.00366133 0.00298697 
0.196153 0.00335953 0.00262501 
0.191443 0.00301415 0.00219834 
0.186907 0.00263667 0.00171934 
0.182533 0.00223513 0.00119856 
0.178308 0.00181692 0.000645094 
0.174216 0.00138846 6.81478e-05 
0.17024 0.000953962 -0.000525408 
0.166366 0.00051756 -0.00112848 
0.162584 8.22312e-05 -0.00173508 
0.158884 -0.000349281 -0.00233929 
0.155263 -0.000774927 -0.00293525 
0.151722 -0.00119217 -0.00351776 
0.148267 -0.00159979 -0.00408156 
0.144907 -0.00199476 -0.00462184 
0.141658 -0.00237675 -0.00513448 
0.138537 -0.00274298 -0.00561413 
0.135567 -0.00309243 -0.00605739 
0.132775 -0.00342262 -0.00645941 
0.130187 -0.00373168 -0.00681865 
0.127821 -0.00401369 -0.0071386 
0.125659 -0.00425946 -0.00742437 
0.123639 -0.0044571 -0.00767492 
0.121716 -0.00462726 -0.00788561 
0.119997 -0.00482717 -0.00806898 
0.11858 -0.00499479 -0.00822127 
0.115883 -0.00418308 -0.0082493 
0.233894 -0.0112625 -0.010871 
0.245954 -0.0109713 -0.0108395 
0.25671 -0.0100551 -0.0101362 
0.265551 -0.00855309 -0.00881224 
0.272098 -0.00661183 -0.00698274 
0.276177 -0.00439004 -0.00480724 
0.277784 -0.00205631 -0.00246264 
0.277067 0.000230474 -0.000118014 
0.274296 0.00233829 0.00208565 
0.269817 0.00417323 0.00404342 
0.264014 0.0056791 0.00568925 
0.257272 0.00683416 0.00699285 
0.249948 0.00764641 0.0079525 
0.242353 0.0081431 0.00859187 
0.234751 0.00836599 0.00894318 
0.227341 0.00836245 0.0090505 
0.22027 0.00817955 0.00896023 
0.21364 0.00786452 0.00871468 
0.207507 0.0074556 0.00835506 
0.201898 0.00698744 0.00791358 
0.196814 0.00648381 0.00741809 
0.192239 0.0059668 0.00688971 
0.18814 0.0054502 0.00634609 
0.184485 0.00494259 0.00579596 
0.181228 0.00445002 0.00524734 
0.178329 0.00397471 0.00470403 
0.175743 0.00351794 0.00416785 
0.17343 0.00307891 0.00363889 
0.171352 0.00265532 0.00311607 
0.16947 0.0022467 0.0025984 
0.167751 0.00184982 0.00208458 
0.166167 0.00146347 0.00157282 
0.164688 0.00108594 0.0010632 
0.163295 0.000715969 0.000554829 
0.161966 0.000352862 4.85884e-05 
0.160688 -3.57491e-06 -0.000454501 
0.159448 -0.000353167 -0.000952183 
0.158239 -0.000694712 -0.0014419 
0.157059 -0.00102749 -0.00191987 
0.155906 -0.00134873 -0.00238254 
0.154786 -0.00165754 -0.00282514 
0.153704 -0.00195061 -0.00324349 
0.152673 -0.00222724 -0.00363253 
0.151707 -0.00248488 -0.00398946 
0.150812 -0.00271733 -0.00431779 
0.149945 -0.0029082 -0.00462529 
0.149016 -0.00305478 -0.00489553 
0.14813 -0.00324897 -0.00512035 
0.147603 -0.00350413 -0.00529357 
0.146133 -0.00286998 -0.00579983 
0.277987 -0.00976458 -0.00935287 
0.286877 -0.00710427 -0.00627412 
0.29203 -0.00348064 -0.00279328 
0.293052 0.000174993 0.000735957 
0.290318 0.00353962 0.00400222 
0.284455 0.00639667 0.00679803 
0.276208 0.00863227 0.00901439 
0.266335 0.0102162 0.0106211 
0.255541 0.0111848 0.0116473 
0.24443 0.011614 0.0121598 
0.23348 0.0116066 0.0122502 
0.223046 0.0112708 0.0120174 
0.213363 0.0107102 0.0115559 
0.204563 0.0100181 0.0109501 
0.196702 0.00926303 0.0102701 
0.189774 0.0085041 0.00956994 
0.183732 0.00777638 0.00888701 
0.178512 0.00710117 0.00824537 
0.174032 0.00649135 0.00765862 
0.17021 0.00594814 0.00713202 
0.166969 0.00547032 0.00666701 
0.164237 0.0050531 0.00625918 
0.161946 0.0046902 0.00590234 
0.160038 0.00437211 0.00559232 
0.158466 0.00409479 0.00532126 
0.157185 0.00385021 0.00508333 
0.156155 0.00363347 0.00487224 
0.155346 0.00343881 0.00468271 
0.154728 0.0032618 0.00451066 
0.154276 0.00310027 0.00435038 
0.153967 0.00294898 0.00419821 
0.153779 0.00280627 0.00405181 
0.153693 0.00267086 0.00390692 
0.153694 0.0025388 0.00376201 
0.153762 0.00241089 0.00361497 
0.153884 0.00228495 0.00346454 
0.154044 0.00216157 0.00331073 
0.154231 0.00203943 0.00315241 
0.154432 0.00191974 0.00299087 
0.154635 0.00180275 0.00282682 
0.154834 0.00168862 0.00266144 
0.155019 0.00157855 0.00249695 
0.155189 0.00147259 0.0023353 
0.155344 0.00137135 0.00217914 
0.155487 0.00127552 0.00203043 
0.155605 0.00119697 0.00188089 
0.155588 0.00116837 0.00173728 
0.155355 0.00116178 0.00164825 
0.155418 0.000990545 0.00159228 
0.155609 0.00143496 0.00144404 
0.30616 0.00219254 0.00249793 
0.300883 0.00594503 0.00676243 
0.291605 0.00952501 0.0098753 
0.279179 0.0119605 0.0120076 
0.26492 0.0133722 0.0132424 
0.249938 0.0139083 0.013715 
0.235103 0.0137551 0.0135855 
0.221042 0.0131083 0.0130217 
0.208158 0.0121524 0.0121803 
0.196662 0.0110435 0.0111989 
0.186611 0.00990676 0.0101829 
0.177956 0.00882347 0.00920875 
0.170588 0.00784017 0.00832001 
0.164362 0.0069801 0.0075378 
0.159125 0.00624386 0.00686751 
0.154729 0.00562489 0.00630188 
0.151042 0.00510725 0.00583116 
0.147952 0.00467727 0.00544405 
0.145361 0.00432163 0.00512716 
0.14319 0.00402688 0.00487109 
0.141373 0.00378373 0.00466521 
0.139858 0.00358217 0.00450223 
0.138601 0.00341628 0.00437548 
0.137568 0.00328019 0.00427986 
0.136728 0.00316915 0.00421091 
0.13606 0.00307971 0.00416505 
0.135544 0.003009 0.0041393 
0.135163 0.00295402 0.00413126 
0.134903 0.00291318 0.00413846 
0.134751 0.00288446 0.00415838 
0.134699 0.00286549 0.00419072 
0.134737 0.00285654 0.0042319 
0.134853 0.00285477 0.00428025 
0.135042 0.00285915 0.00433585 
0.135293 0.00287014 0.00439501 
0.135599 0.00288484 0.00445716 
0.13595 0.00290472 0.00451923 
0.136336 0.00292609 0.00458178 
0.136751 0.00295123 0.00464125 
0.137182 0.00297743 0.0046966 
0.137623 0.00300409 0.00474739 
0.138066 0.00303143 0.00479125 
0.138503 0.00305744 0.00482824 
0.138931 0.00308218 0.0048576 
0.139348 0.00310504 0.0048786 
0.139754 0.00312497 0.0048873 
0.140095 0.00316996 0.00484972 
0.140098 0.00331773 0.00480065 
0.13995 0.00327813 0.00488705 
0.144694 -0.0120492 0.355317 
0.285466 0.0144749 0.0130554 
0.266694 0.0153267 0.0141938 
0.247791 0.0155391 0.0142415 
0.229517 0.0149223 0.0136525 
0.212621 0.0137764 0.0126453 
0.197544 0.0123415 0.0114105 
0.184471 0.0108177 0.0101077 
0.173381 0.00935146 0.008855 
0.164121 0.00802807 0.00772162 
0.156462 0.00688627 0.00673826 
0.150155 0.00592697 0.00590689 
0.144965 0.00513334 0.00521435 
0.140687 0.00448013 0.00464369 
0.137148 0.00394446 0.00417409 
0.134211 0.00350286 0.00378723 
0.131764 0.00313774 0.00346737 
0.129718 0.0028337 0.00320184 
0.128002 0.00257993 0.00298001 
0.126559 0.00236685 0.00279423 
0.125344 0.0021879 0.00263767 
0.124318 0.00203678 0.00250555 
0.123453 0.00190901 0.00239452 
0.122723 0.00180143 0.0023012 
0.122109 0.00171112 0.00222331 
0.121594 0.00163539 0.00215959 
0.121163 0.00157261 0.00210868 
0.120805 0.00152119 0.00206954 
0.120511 0.00147958 0.00204178 
0.120272 0.00144726 0.00202457 
0.120083 0.00142314 0.00201801 
0.119936 0.00140696 0.00202139 
0.119828 0.00139758 0.00203453 
0.119755 0.00139477 0.00205765 
0.119712 0.00139897 0.00208949 
0.119697 0.00140839 0.00213004 
0.119708 0.0014233 0.002179 
0.11974 0.0014437 0.00223538 
0.119792 0.00146878 0.00229805 
0.119862 0.00149766 0.00236656 
0.119948 0.00153034 0.00243988 
0.120048 0.00156662 0.00251684 
0.120162 0.00160495 0.00259682 
0.12029 0.0016459 0.00267892 
0.120433 0.00168789 0.00276272 
0.1206 0.00172958 0.00284842 
0.120807 0.00176755 0.00293683 
0.121102 0.00179329 0.00302278 
0.121556 0.00179204 0.00304128 
0.122465 0.00137985 0.00306919 
0.128172 -0.000669449 0.00569661 
0.232009 0.0160853 0.0136387 
0.211941 0.0146343 0.0123535 
0.19426 0.0128292 0.0108748 
0.179189 0.0109549 0.00935209 
0.166658 0.00917614 0.007911 
0.156434 0.00760036 0.00663404 
0.148196 0.00626713 0.00555326 
0.141601 0.00517156 0.00466263 
0.136335 0.00428227 0.00393866 
0.13213 0.00356256 0.00334929 
0.128769 0.00297747 0.00286545 
0.126077 0.00249778 0.00246257 
0.123917 0.00210128 0.0021216 
0.12218 0.00176963 0.00182743 
0.120784 0.00148917 0.00156923 
0.119662 0.00124997 0.00133903 
0.118762 0.00104351 0.00113205 
0.118041 0.000864077 0.000944714 
0.117464 0.000706971 0.000775101 
0.117003 0.000569494 0.000622297 
0.116635 0.000449941 0.000486187 
0.116343 0.000347168 0.00036659 
0.116111 0.000259808 0.000263108 
0.115927 0.00018662 0.000175052 
0.115783 0.000126063 0.000101188 
0.115669 7.66457e-05 4.02093e-05 
0.11558 3.68252e-05 -9.41755e-06 
0.115511 5.01406e-06 -4.92437e-05 
0.115457 -2.01016e-05 -8.07366e-05 
0.115414 -3.97938e-05 -0.000105524 
0.11538 -5.5342e-05 -0.000124947 
0.115354 -6.77755e-05 -0.00013997 
0.115332 -7.77513e-05 -0.000151673 
0.115313 -8.60229e-05 -0.000160956 
0.115297 -9.32233e-05 -0.000168325 
0.115283 -9.96378e-05 -0.000174299 
0.115269 -0.000105608 -0.000179315 
0.115256 -0.000111342 -0.000183569 
0.115244 -0.000116927 -0.000187275 
0.115231 -0.000122505 -0.000190508 
0.115219 -0.000127879 -0.000193492 
0.115207 -0.000133356 -0.000196124 
0.115195 -0.000138639 -0.000198418 
0.115184 -0.000143874 -0.000200087 
0.115174 -0.000149137 -0.00020021 
0.115169 -0.000154911 -0.000195759 
0.11518 -0.000161887 -0.000176808 
0.115245 -0.000177877 -0.000109516 
0.115421 -0.000121953 5.58448e-05 
0.115395 -0.000239758 6.97327e-05 
0.180579 0.0114235 0.00955713 
0.166402 0.00978443 0.0077473 
0.154518 0.00789382 0.00627013 
0.145105 0.00628545 0.00504341 
0.137783 0.00496863 0.00404532 
0.132142 0.00391195 0.00324058 
0.127817 0.00306862 0.00258946 
0.124509 0.002394 0.00205696 
0.121989 0.001851 0.00161473 
0.120083 0.0014103 0.00124144 
0.118656 0.00105101 0.000922292 
0.117602 0.000756514 0.000648703 
0.116836 0.000515472 0.000416244 
0.11629 0.000321227 0.000225177 
0.115911 0.000170373 7.69634e-05 
0.115659 5.96339e-05 -2.88169e-05 
0.115503 -1.58029e-05 -9.57719e-05 
0.115416 -6.20714e-05 -0.000130124 
0.115377 -8.58024e-05 -0.000139833 
0.11537 -9.33235e-05 -0.000133097 
0.115382 -9.01677e-05 -0.000117111 
0.115403 -8.09205e-05 -9.72129e-05 
0.115428 -6.88641e-05 -7.68454e-05 
0.115453 -5.61636e-05 -5.8051e-05 
0.115475 -4.41951e-05 -4.17665e-05 
0.115495 -3.36004e-05 -2.83048e-05 
0.115511 -2.47029e-05 -1.75887e-05 
0.115524 -1.75077e-05 -9.30901e-06 
0.115535 -1.18511e-05 -3.10193e-06 
0.115543 -7.54208e-06 1.41933e-06 
0.115549 -4.33831e-06 4.62187e-06 
0.115553 -2.00984e-06 6.80558e-06 
0.115557 -3.60555e-07 8.2228e-06 
0.11556 7.67567e-07 9.0852e-06 
0.115562 1.50895e-06 9.53136e-06 
0.115563 1.96363e-06 9.70436e-06 
0.115564 2.22136e-06 9.67818e-06 
0.115566 2.33854e-06 9.52261e-06 
0.115566 2.36352e-06 9.27998e-06 
0.115567 2.33162e-06 8.99962e-06 
0.115568 2.29649e-06 8.70079e-06 
0.115568 2.24541e-06 8.39235e-06 
0.115569 2.2275e-06 8.10138e-06 
0.115569 2.24861e-06 7.80537e-06 
0.115569 2.31555e-06 7.46636e-06 
0.115569 2.43729e-06 6.94933e-06 
0.115568 2.72151e-06 5.65962e-06 
0.115563 2.67789e-06 2.76875e-06 
0.115549 1.09601e-06 -8.33248e-06 
0.115529 -4.32368e-06 -1.66385e-05 
0.145358 0.00619632 0.00524002 
0.137696 0.00524202 0.00393277 
0.131271 0.0040179 0.0029899 
0.126389 0.00300583 0.00224074 
0.122791 0.00219721 0.00164309 
0.120201 0.00156373 0.00116433 
0.118382 0.00107174 0.000775994 
0.117141 0.000691153 0.000460546 
0.116323 0.000400299 0.000212727 
0.115814 0.000188207 3.63745e-05 
0.115528 4.72256e-05 -6.80479e-05 
0.115398 -3.33473e-05 -0.000110357 
0.115367 -6.77146e-05 -0.000109038 
0.11539 -7.11301e-05 -8.43698e-05 
0.115435 -5.74107e-05 -5.23338e-05 
0.115481 -3.734e-05 -2.28706e-05 
0.115519 -1.80917e-05 -6.57499e-07 
0.115545 -3.39711e-06 1.32959e-05 
0.11556 5.75897e-06 2.01264e-05 
0.115567 1.01641e-05 2.18588e-05 
0.115569 1.13247e-05 2.05168e-05 
0.115568 1.06623e-05 1.76812e-05 
0.115566 9.20189e-06 1.43786e-05 
0.115563 7.53384e-06 1.11875e-05 
0.115561 5.96343e-06 8.39261e-06 
0.115558 4.61935e-06 6.08458e-06 
0.115556 3.52844e-06 4.26121e-06 
0.115555 2.6778e-06 2.8698e-06 
0.115554 2.03342e-06 1.83652e-06 
0.115553 1.55536e-06 1.08952e-06 
0.115552 1.20801e-06 5.61875e-07 
0.115551 9.58878e-07 1.99684e-07 
0.115551 7.84518e-07 -3.99944e-08 
0.115551 6.64069e-07 -1.91462e-07 
0.115551 5.83168e-07 -2.78279e-07 
0.11555 5.30656e-07 -3.2004e-07 
0.11555 4.98774e-07 -3.28528e-07 
0.11555 4.80987e-07 -3.14507e-07 
0.11555 4.73096e-07 -2.83623e-07 
0.11555 4.71387e-07 -2.42244e-07 
0.11555 4.73926e-07 -1.93251e-07 
0.11555 4.76638e-07 -1.40381e-07 
0.11555 4.79681e-07 -8.56886e-08 
0.11555 4.80511e-07 -3.02345e-08 
0.11555 4.78478e-07 2.49915e-08 
0.11555 4.7543e-07 8.18331e-08 
0.115551 4.71993e-07 1.57536e-07 
0.115551 5.18102e-07 2.09241e-07 
0.115552 6.31953e-07 7.41332e-07 
0.115553 1.95965e-06 9.6058e-07 
0.126366 0.00273543 0.00230141 
0.122839 0.0023316 0.00161556 
0.119923 0.00165505 0.00111113 
0.117917 0.00108125 0.000686224 
0.11664 0.000638266 0.000347016 
0.11589 0.000316972 0.000104795 
0.115511 0.000106173 -3.2367e-05 
0.115378 -8.65832e-06 -7.93096e-05 
0.115383 -5.06753e-05 -6.96631e-05 
0.115443 -4.7779e-05 -3.71984e-05 
0.115506 -2.58334e-05 -5.26651e-06 
0.115549 -3.80652e-06 1.48799e-05 
0.11557 9.10263e-06 2.19681e-05 
0.115574 1.26478e-05 2.0193e-05 
0.11557 1.07855e-05 1.45512e-05 
0.115563 7.16836e-06 8.46491e-06 
0.115558 3.78541e-06 3.58224e-06 
0.115553 1.34349e-06 3.47125e-07 
0.115551 -1.19288e-07 -1.42777e-06 
0.11555 -8.28818e-07 -2.1623e-06 
0.115549 -1.05919e-06 -2.27141e-06 
0.115549 -1.03392e-06 -2.06454e-06 
0.115549 -8.98254e-07 -1.73466e-06 
0.115549 -7.34293e-07 -1.387e-06 
0.115549 -5.81086e-07 -1.07199e-06 
0.11555 -4.52853e-07 -8.07709e-07 
0.11555 -3.52317e-07 -5.96996e-07 
0.11555 -2.76449e-07 -4.34929e-07 
0.11555 -2.20678e-07 -3.13354e-07 
0.11555 -1.80498e-07 -2.24135e-07 
0.11555 -1.51703e-07 -1.59667e-07 
0.11555 -1.31208e-07 -1.13827e-07 
0.11555 -1.16612e-07 -8.16571e-08 
0.11555 -1.06137e-07 -5.9414e-08 
0.11555 -9.85647e-08 -4.44428e-08 
0.11555 -9.31067e-08 -3.46113e-08 
0.11555 -8.90195e-08 -2.85413e-08 
0.11555 -8.60423e-08 -2.51989e-08 
0.11555 -8.37902e-08 -2.38655e-08 
0.11555 -8.21214e-08 -2.39958e-08 
0.11555 -8.07878e-08 -2.52328e-08 
0.11555 -7.96559e-08 -2.72241e-08 
0.11555 -7.86745e-08 -2.99011e-08 
0.11555 -7.76562e-08 -3.29957e-08 
0.11555 -7.6618e-08 -3.63933e-08 
0.11555 -7.56423e-08 -3.98961e-08 
0.11555 -7.51527e-08 -4.32477e-08 
0.11555 -7.74816e-08 -4.23403e-08 
0.11555 -9.59005e-08 -5.3627e-08 
0.11555 -1.31501e-07 -8.68518e-08 
0.1182 0.00103426 0.000822902 
0.116791 0.000799944 0.000406019 
0.115848 0.000376706 0.000100601 
0.115434 9.53648e-05 -5.73328e-05 
0.115346 -3.8307e-05 -9.36698e-05 
0.115404 -6.85836e-05 -6.70682e-05 
0.115489 -4.66164e-05 -2.62179e-05 
0.115545 -1.56117e-05 1.22688e-06 
0.115566 1.78822e-06 1.00029e-05 
0.115565 5.21122e-06 7.57186e-06 
0.115557 2.60492e-06 2.14676e-06 
0.115551 -4.83653e-07 -1.91026e-06 
0.115548 -2.13168e-06 -3.56805e-06 
0.115547 -2.39882e-06 -3.48718e-06 
0.115548 -1.94144e-06 -2.64665e-06 
0.115549 -1.30751e-06 -1.7024e-06 
0.115549 -7.68947e-07 -9.4134e-07 
0.11555 -3.98638e-07 -4.26783e-07 
0.11555 -1.7732e-07 -1.23184e-07 
0.11555 -5.96062e-08 3.29097e-08 
0.11555 -3.97795e-09 9.94587e-08 
0.11555 1.86557e-08 1.17864e-07 
0.11555 2.55541e-08 1.13303e-07 
0.11555 2.57955e-08 9.95455e-08 
0.11555 2.37193e-08 8.34806e-08 
0.11555 2.12033e-08 6.81962e-08 
0.11555 1.88933e-08 5.49511e-08 
0.11555 1.70109e-08 4.40425e-08 
0.11555 1.55308e-08 3.53336e-08 
0.11555 1.43664e-08 2.85209e-08 
0.11555 1.34401e-08 2.32521e-08 
0.11555 1.26748e-08 1.92012e-08 
0.11555 1.20239e-08 1.60919e-08 
0.11555 1.14553e-08 1.3702e-08 
0.11555 1.09437e-08 1.18613e-08 
0.11555 1.04883e-08 1.04416e-08 
0.11555 1.00771e-08 9.34142e-09 
0.11555 9.70401e-09 8.49583e-09 
0.11555 9.37589e-09 7.85189e-09 
0.11555 9.08478e-09 7.37594e-09 
0.11555 8.83225e-09 7.04325e-09 
0.11555 8.61434e-09 6.83469e-09 
0.11555 8.42828e-09 6.74062e-09 
0.11555 8.27022e-09 6.75411e-09 
0.11555 8.14462e-09 6.8621e-09 
0.11555 8.05134e-09 7.04907e-09 
0.11555 8.05506e-09 7.22131e-09 
0.11555 8.22616e-09 7.41904e-09 
0.11555 9.72687e-09 6.49101e-09 
0.11555 3.96291e-09 1.65345e-08 
0.115593 0.00021315 4.6036e-05 
0.115344 1.95895e-05 -9.42282e-05 
0.11538 -7.92993e-05 -7.77944e-05 
0.115486 -5.53663e-05 -2.83998e-05 
0.115549 -1.49477e-05 2.68324e-06 
0.115565 3.70646e-06 1.00062e-05 
0.11556 5.08397e-06 5.9796e-06 
0.115553 1.73588e-06 1.10585e-06 
0.115549 -3.94637e-07 -9.79671e-07 
0.115549 -7.08573e-07 -9.49016e-07 
0.11555 -2.65485e-07 -2.75303e-07 
0.11555 1.52806e-07 2.4933e-07 
0.115551 3.29861e-07 4.56911e-07 
0.115551 3.28394e-07 4.45416e-07 
0.115551 2.54779e-07 3.45692e-07 
0.115551 1.75278e-07 2.37968e-07 
0.115551 1.14278e-07 1.52879e-07 
0.115551 7.40261e-08 9.45287e-08 
0.11555 4.91594e-08 5.74117e-08 
0.11555 3.3859e-08 3.46298e-08 
0.11555 2.39844e-08 2.07238e-08 
0.11555 1.71564e-08 1.21077e-08 
0.11555 1.216e-08 6.66346e-09 
0.11555 8.41529e-09 3.19334e-09 
0.11555 5.61024e-09 9.98207e-10 
0.11555 3.54262e-09 -3.48001e-10 
0.11555 2.05495e-09 -1.13056e-09 
0.11555 1.00578e-09 -1.54762e-09 
0.11555 2.86663e-10 -1.73105e-09 
0.11555 -1.91393e-10 -1.77175e-09 
0.11555 -4.98286e-10 -1.73096e-09 
0.11555 -6.85374e-10 -1.64613e-09 
0.11555 -7.90272e-10 -1.54196e-09 
0.11555 -8.40295e-10 -1.43213e-09 
0.11555 -8.53997e-10 -1.3258e-09 
0.11555 -8.4588e-10 -1.22756e-09 
0.11555 -8.23388e-10 -1.13915e-09 
0.11555 -7.94409e-10 -1.06242e-09 
0.11555 -7.61325e-10 -9.97262e-10 
0.11555 -7.28353e-10 -9.44431e-10 
0.11555 -6.96094e-10 -9.03568e-10 
0.11555 -6.66754e-10 -8.75072e-10 
0.11555 -6.40181e-10 -8.58371e-10 
0.11555 -6.17095e-10 -8.5404e-10 
0.11555 -5.98117e-10 -8.60729e-10 
0.11555 -5.82748e-10 -8.77539e-10 
0.11555 -5.75443e-10 -8.92843e-10 
0.11555 -5.57919e-10 -9.38382e-10 
0.11555 -6.6685e-10 -7.50919e-10 
0.11555 4.06786e-10 -2.02298e-09 
