2480.26 516.223 -879.709 
2682.32 562.66 -957.173 
2903.53 611.242 -1034.26 
3136.09 661.135 -1111.38 
3377.95 712.165 -1189.2 
3627.41 764.157 -1267.43 
3883.45 816.937 -1345.24 
4143.8 870.016 -1421.95 
4406.27 922.683 -1497.06 
4669.4 974.841 -1569.15 
4930.33 1025.42 -1637.44 
5186.97 1073.9 -1700.71 
5436.66 1119.55 -1757.8 
5676.4 1161.52 -1807.7 
5904.05 1199.11 -1849.05 
6116.27 1231.61 -1880.85 
6310.44 1258.12 -1902.01 
6483.97 1278.03 -1911.47 
6633.81 1290.54 -1908.33 
6757.17 1295.25 -1891.81 
6852 1291.51 -1861.19 
6916.12 1278.6 -1815.54 
6946.36 1256.42 -1754.96 
6941.59 1224.59 -1678.54 
6899.74 1182.8 -1586.12 
6817.69 1130.74 -1477.05 
6695.02 1068.03 -1351.77 
6531.72 995.073 -1212.97 
6331.51 912.855 -1062.88 
6099.63 822.565 -904.773 
5844.85 724.973 -743.333 
5580.11 622.43 -584.878 
5321.54 517.172 -432.359 
5079.17 411.502 -284.96 
4856.79 304.357 -136.141 
4644.43 195.094 19.9332 
4430.66 80.114 185.942 
4205.32 -39.3645 354.509 
3966.77 -158.375 515.08 
3720.95 -273.786 657.059 
3473.65 -378.249 773.411 
3231.56 -467.391 863.883 
3005.61 -538.472 926.432 
2798.65 -581.149 964.125 
2582.47 -584.092 975.653 
2311.44 -535.776 916.001 
1943.31 -406.347 744.551 
1399.77 -185.087 409.033 
432.915 223.342 230.363 
2969.53 -128.83 55.6327 
3238.04 -153.493 88.4225 
3508.16 -168.325 112.126 
3776.61 -188.406 138.253 
4051.57 -210.63 166.814 
4332.07 -234.58 198.17 
4617.25 -260.051 232.11 
4905.57 -286.789 268.49 
5195.4 -314.436 307.054 
5484.52 -342.856 347.557 
5770.3 -371.598 389.624 
6050.44 -400.367 432.903 
6321.63 -428.672 477.023 
6580.86 -456.33 521.531 
6824.77 -482.67 566.028 
7049.61 -507.578 610.114 
7252.19 -530.672 653.341 
7428.85 -551.418 695.264 
7576.52 -570.047 735.465 
7692.62 -585.931 773.33 
7774.62 -598.816 808.306 
7820.34 -608.612 839.941 
7828.23 -615.086 867.807 
7797.08 -617.821 890.788 
7726.25 -616.939 908.754 
7615.17 -611.973 920.453 
7466.75 -603.313 923.926 
7287.37 -589.341 913.404 
7089.11 -568.014 885.885 
6882.84 -537.376 838.013 
6682.69 -495.815 765.751 
6505.72 -440.75 666.21 
6360.87 -369.11 544.569 
6242.64 -283.087 411.692 
6132.91 -187.704 280.219 
6009.71 -89.9909 155.845 
5857.36 5.60511 39.6597 
5675.09 95.4792 -77.9288 
5476.96 183.271 -203.435 
5277 270.784 -337.053 
5085.99 358.155 -477.303 
4909.89 443.328 -613.764 
4745.65 521.324 -737.832 
4595.01 582.707 -844.131 
4445.36 631.573 -907.785 
4228.86 666.344 -898.304 
3877.63 677.92 -810.007 
3385.21 661.76 -657.783 
2716.12 643.091 -478.48 
2095.34 530.5 -326.07 
3289.8 81.8179 -241.66 
3534.41 95.5478 -262.133 
3791.62 101.242 -271.964 
4050.8 107.451 -284.553 
4314.4 115.156 -296.553 
4580.56 122.554 -308.298 
4848.77 130.012 -319.582 
5117.83 137.485 -330.226 
5386.23 144.925 -340.129 
5652.45 152.294 -349.172 
5914.53 159.66 -357.312 
6170.57 166.873 -364.513 
6418.38 174.191 -370.698 
6655.5 181.464 -375.845 
6879.42 188.783 -380.06 
7087.63 196.338 -383.376 
7277.35 204.165 -386.091 
7446.24 212.421 -388.384 
7591.65 221.418 -390.311 
7710.15 231.12 -391.407 
7797.92 241.01 -390.729 
7851.77 250.664 -388.324 
7869.53 259.879 -383.956 
7850.38 267.53 -377.718 
7797.47 272.994 -371.963 
7721.68 276.774 -372.548 
7642.63 282.126 -386.561 
7578.57 291.917 -412.351 
7534.04 304.054 -441.648 
7512.47 313.92 -470.227 
7513.29 321.014 -486.726 
7510.56 320.529 -469.365 
7459.45 300.687 -401.477 
7323.47 257.221 -288.416 
7090.25 194.166 -147.506 
6771.68 119.214 -2.38426 
6400.24 41.8975 127.83 
6011.33 -28.0879 234.842 
5624.6 -89.0496 326.293 
5248.5 -143.724 403.62 
4894.33 -190.992 464.3 
4571.78 -228.912 509.051 
4285.27 -257.53 536.42 
4044.8 -275.942 543.985 
3834.28 -272.732 544.967 
3579.17 -241.863 545.628 
3226.85 -201.974 534.612 
2766.34 -161.983 515.312 
2315.46 -192.92 433.369 
1900.5 -58.8728 420.257 
3917.59 54.5403 -217.599 
4196.71 54.3464 -217.777 
4473.17 55.6148 -218.399 
4747.48 56.5881 -219.435 
5021.66 56.5223 -217.747 
5293.49 55.5588 -214.643 
5562 53.9117 -209.431 
5825.52 51.3627 -202.072 
6082.24 47.9943 -192.444 
6330.31 43.686 -180.469 
6567.81 38.4735 -166.128 
6792.77 32.3466 -149.406 
7003.37 25.2679 -130.421 
7198.1 17.3594 -109.59 
7375.82 8.83383 -87.4127 
7535.56 -0.0273902 -64.2477 
7676.04 -8.9791 -40.2949 
7795.64 -17.9562 -15.4612 
7892.02 -27.0114 10.727 
7962.72 -36.8828 38.0233 
8009.82 -47.0781 62.5534 
8038.99 -55.4771 80.3969 
8056.5 -60.8849 87.6752 
8076.81 -60.9938 76.1913 
8122.02 -50.6654 37.9699 
8211.68 -25.0222 -26.6965 
8341.13 14.9648 -97.6916 
8473.81 58.7624 -149.794 
8579.06 93.3127 -179.455 
8646.92 119.238 -188.856 
8638.67 140.063 -159.601 
8494.27 143.35 -89.9333 
8203.58 133.02 -9.01315 
7799.03 118.429 54.5895 
7326.74 107.124 87.5566 
6838.14 102.421 84.0606 
6377.32 108.608 51.5085 
5950.27 123.349 13.4828 
5547.67 137.198 -24.2615 
5187.02 154.086 -71.9376 
4869.23 175.004 -116.085 
4583.55 187.416 -151.286 
4343.48 191.15 -190.649 
4160.59 191.911 -233.983 
4026.69 198.706 -267.948 
3879.47 223.388 -278.849 
3642.16 272.346 -273.392 
3160.15 347.957 -185.375 
2298.71 368.269 37.2466 
1422.94 168.171 254.338 
4529.54 54.3533 -224.973 
4818.18 57.7055 -228.613 
5105.6 60.9261 -232.108 
5391.02 63.7628 -235.095 
5672.87 66.7809 -237.006 
5949.31 69.711 -238.247 
6219.01 72.5845 -238.416 
6480.14 75.3565 -237.638 
6730.9 78.0865 -235.783 
6969.36 80.7324 -232.97 
7193.84 83.3292 -229.317 
7402.86 85.8872 -225.104 
7595.25 88.5965 -220.609 
7769.58 91.5222 -215.587 
7924.01 94.3323 -209.249 
8056.26 96.5158 -200.759 
8164.58 97.5427 -190.331 
8249.4 97.1179 -179.116 
8314.61 95.9033 -170.792 
8371.96 95.6393 -174.379 
8439.06 103.623 -194.279 
8519.54 117.604 -223.684 
8626.24 134.497 -266.155 
8778.26 157.776 -318.488 
8964.24 180.915 -357.767 
9138.46 193.984 -349.69 
9229.68 182.291 -277.732 
9225.85 140.585 -185.02 
9189.61 86.9236 -123.108 
9120.51 67.1836 -64.7584 
8921.04 56.1127 23.7084 
8580.6 48.2291 99.8243 
8173.81 41.064 124.059 
7771.37 48.5021 99.3032 
7412.64 70.752 37.0957 
7133.71 105.013 -57.2703 
6927.16 156.757 -152.63 
6734.85 215.461 -227.339 
6581.11 264.376 -326.731 
6443.1 319.34 -393.707 
6244.96 339.023 -420.684 
6074.07 352.825 -486.05 
5971.67 390.012 -558.393 
5900.91 428.132 -597.064 
5819.33 453.936 -585.095 
5663.22 443.69 -534.904 
5493.41 413.923 -519.724 
5275.79 531.984 -514.424 
4268.43 857.402 -247.882 
2070.5 722.318 139.246 
5133.09 49.9911 -225.206 
5436.2 52.1069 -227.883 
5736.92 54.6487 -229.335 
6032.76 56.8859 -229.941 
6322.35 59.0362 -229.309 
6603.97 60.9284 -227.601 
6876.03 62.6045 -224.67 
7136.87 64.0674 -220.684 
7384.87 65.4042 -215.693 
7618.34 66.6453 -209.839 
7835.7 67.7548 -203 
8035.46 68.6141 -194.925 
8215.7 69.2982 -185.034 
8374.38 68.9012 -173.394 
8512.22 68.0399 -162.4 
8632.72 68.0294 -156.661 
8743.6 70.8178 -160.031 
8852.65 79.045 -174.407 
8970.96 92.3393 -203.69 
9110.86 109.515 -239.134 
9252.25 130.645 -248.57 
9374.17 117.781 -241.818 
9541.96 100.352 -250.085 
9719.25 90.2734 -230.169 
9840.23 66.5326 -174.627 
9891.38 59.864 -106.795 
9846.53 69.241 -82.7152 
9891.49 47.6772 -188.973 
10039.3 139.56 -305.127 
10022.1 271.686 -264.468 
9668.42 322.258 -143.163 
9179.76 267.563 -89.2799 
8752.78 218.792 -91.5026 
8420.61 184.598 -105.432 
8175.51 147.938 -119.421 
8033.36 102.621 -135.264 
7928.14 83.259 -101.183 
7803.07 22.8629 -65.5343 
7740.15 -9.00997 -44.9947 
7526.68 7.25226 97.7022 
7369.82 -1.47663 74.6479 
7326.1 17.6972 75.8552 
7172.46 -31.8324 194.541 
7009.24 -111.536 265.791 
6917.63 -156.825 256.412 
6794.91 -96.2681 209.464 
6533.06 16.8692 250.783 
6387.5 -256.006 113.234 
6408.76 11.8398 -16.9837 
4378.37 959.985 385.745 
5741.7 50.1608 -231.86 
6056.3 52.275 -234.265 
6366.93 55.1991 -234.962 
6670.63 57.7874 -235.071 
6965.87 60.4534 -234.122 
7250.96 63.0302 -232.42 
7524.2 65.6998 -229.835 
7783.66 68.275 -226.188 
8027.54 70.5229 -221.133 
8254.43 72.4346 -214.792 
8463.72 73.8294 -207.976 
8655.92 75.7745 -202.532 
8831.58 78.6921 -200.243 
8995.31 82.5223 -204.842 
9153.84 91.8093 -216.544 
9304.38 101.437 -226.084 
9441.02 106.441 -220.783 
9567.59 96.307 -209.122 
9724.83 64.4609 -204.663 
9944.04 41.6252 -206.106 
10177.4 56.601 -231.808 
10565 35.1521 -425.69 
11193.4 204.362 -640.509 
11575.2 399.513 -678.973 
11797.2 461.633 -739.824 
11971.1 535.001 -808.098 
11915.6 586.111 -786.295 
12119.2 400.72 -870.871 
12249.7 710.621 -619.77 
11660.7 444.26 -265.034 
10696.5 271.065 -55.7515 
9926.86 165.14 -72.4745 
9403.18 149.929 -112.768 
9008.28 168.766 -151.42 
8695 209.552 -198.956 
8492.7 269.779 -268.449 
8328.79 323.846 -293.394 
8136.51 393.212 -347.264 
8143.04 544.323 -407.783 
7925.17 278.576 -506.709 
7977.12 246.178 -761.602 
7849.94 501.661 -849.128 
7561.44 626.054 -1169.53 
7368.21 745.71 -1493.91 
7255.94 901.07 -1647.52 
7248.99 856.7 -1537.17 
7562.84 860.082 -1070.13 
7300.79 845.495 -986.313 
7563.75 669.43 -860.449 
6769.69 1262.33 -209.753 
6371.9 51.9044 -241.225 
6698.87 54.209 -243.819 
7020.57 57.693 -244.401 
7333.66 60.8687 -244.634 
7636.3 64.3509 -243.691 
7926.03 67.6307 -241.404 
8201.04 70.323 -237.482 
8460.72 72.4044 -233.024 
8706.61 74.8055 -230.494 
8939.6 79.3955 -231.176 
9159.14 84.5571 -234.622 
9363.95 92.645 -236.579 
9547.55 95.2612 -229.732 
9715.68 92.0045 -216.534 
9871.22 78.2207 -191.03 
10028.5 47.6459 -178.346 
10275.5 32.6778 -249.96 
10767 53.3925 -492.199 
11585.2 196.736 -837.862 
12515.1 475.31 -1162.46 
13298.3 680.07 -1364.94 
14250.4 662.187 -1569.65 
15153.1 900.465 -1245.42 
14428.2 775.295 -467.14 
13327.6 243.901 27.5422 
12532.7 -149.457 480.167 
11774.8 -452.303 918.743 
10795.9 -532.422 1190.86 
10087.8 -2612.12 3188.95 
9226 -2292.52 3656.34 
8564.17 -2075.39 3392.7 
8296.82 -1727.94 3006.51 
8087.23 -1483.22 2966.08 
7832.3 -1409.44 2970.87 
7535.44 -1416.16 2966.66 
7247.27 -1525.89 2832.17 
6854.92 -1129.68 2998.82 
6337.09 -1041.07 2717.52 
5889.59 -758.399 2564.39 
5441.31 -314.044 2790.82 
5090.18 -732.206 2583.57 
4813.51 -1053.82 2325.81 
4670.15 -1246.86 2257.99 
4602.89 -1493.2 2345.92 
4635.33 -1495.14 2128.15 
4709.25 -1477.94 1768.35 
4835.82 -2187.11 1315.31 
5502.12 -3417.9 971.313 
6200.18 -2859.16 1316.69 
7209.26 -2937.68 1276.8 
7034.83 55.3797 -253.996 
7375.75 58.1383 -256.916 
7709.78 62.2968 -257.262 
8032.73 65.8539 -256.656 
8342.78 69.0678 -254.342 
8639.78 71.69 -252.52 
8926.56 75.6073 -254.298 
9203.77 82.1764 -259.638 
9465.99 91.2592 -261.797 
9699.36 94.9358 -249.594 
9908.63 86.6084 -230.51 
10102 80.1293 -208.527 
10312.5 52.0681 -230.752 
10664.7 57.5809 -365.032 
11299.1 95.2605 -646.852 
12270.4 293.365 -1079.45 
13590.9 519.119 -1534.04 
15092.3 752.408 -1801.27 
15947.3 964.174 -1293.31 
15497.9 567.992 -291.459 
14292.6 -119.213 859.795 
12454.8 -600.139 1943.95 
11163.7 -3262.44 5282.26 
9413.29 -3478.21 6353.65 
8176.1 -2994.5 5960.77 
7295.17 -2148.64 5127.63 
6373.05 -1026.07 3681.41 
5455.55 309.507 2683.78 
5345.49 304.063 1657.56 
4850.38 -478.46 1836.54 
4767.15 -1096.65 1704.07 
4764.7 -1133.89 1819.78 
4749.69 -1219.42 1925.57 
4740.13 -1313.05 1961.08 
4734.73 -1368.06 1961.95 
4706.52 -1214.96 1881.56 
4609.13 -134.578 175.299 
4756.64 -85.0176 3.02939 
4819 -15.81 22.2654 
4828.49 -8.13367 15.198 
4832.02 4.51188 2.62839 
4830.15 30.242 -14.7843 
4828.85 27.4405 -37.9188 
4842.91 28.7113 -47.743 
4857.35 51.2963 -26.5474 
4847.98 48.0422 -18.5845 
4838.53 18.5479 -10.8432 
4839.1 10.6168 20.8174 
4825.16 -2.52368 45.2807 
4862.53 -1471.97 663.07 
7740.36 60.1929 -268.963 
8095.62 62.9448 -271.104 
8442.19 66.8217 -270.375 
8778.18 69.9809 -270.907 
9105.79 74.9186 -274.542 
9423.95 82.8528 -280.065 
9720.34 91.7838 -275.27 
9978.8 87.6995 -250.874 
10210.5 76.1369 -222.442 
10460.5 46.6634 -242.002 
10870.2 58.0157 -382.017 
11490 107.982 -616.317 
12491.5 200.777 -1031.08 
13864.5 439.065 -1364.8 
15364.7 544.73 -1445.01 
15900.7 741.323 -706.577 
14955 59.7132 686.526 
13506.7 -1084.7 2979.96 
11228.9 -2841.9 6488.83 
8602.11 -3470.69 7447.69 
6753.48 -2337.69 6149.31 
5401.55 -200.46 2646.03 
5101.7 -100.993 1577.45 
4868.27 -594.47 1744.7 
4760.43 -816.509 1518.4 
4783.94 -939.148 1533.45 
4770 -618.751 986.038 
4828.66 -67.5327 22.456 
4859.82 -41.7033 12.5421 
4880.64 -53.8444 -16.0743 
4911.56 -9.84329 -55.1164 
4939.69 7.29787 -23.541 
4936.57 4.78652 -33.4373 
4936.4 6.92681 -30.0889 
4933.55 6.65678 -25.8782 
4930.51 5.88694 -23.1546 
4931.84 0.4821 -23.1857 
4919.1 16.3334 -8.24495 
4909.77 1.62133 -0.998563 
4906.52 0.800143 -2.99341 
4906.06 0.668589 -2.43424 
4905.69 0.344877 -1.70565 
4904.94 0.426103 -1.78177 
4904.6 0.591823 -1.54313 
4904.53 0.478815 -1.10576 
4904.38 0.37445 -1.20553 
4904.5 0.720621 -1.95844 
4905.57 0.801875 -1.63238 
4905.85 1.17436 -3.24151 
4912.5 -4.20936 -8.63721 
8490.91 64.0695 -282.708 
8861.86 66.7657 -285.329 
9226.02 71.9586 -287.739 
9578.75 78.7469 -289.89 
9907.12 84.6881 -279.69 
10197.6 77.4284 -250.641 
10472.4 54.7701 -233.2 
10852.2 31.5557 -321.398 
11450.8 93.0089 -534.636 
12314.3 147.567 -846.929 
13494.2 343.709 -1068.9 
14568.7 351.268 -1005.12 
15185.3 488.984 -488.63 
14533.7 57.8995 829.736 
12706.2 -1051.34 3797.57 
9447.23 -2435.32 6748.59 
6571.09 -1872.47 5818.34 
4871.2 -591.399 2617.3 
4834.13 -620.462 2022.31 
4560.5 -1030.62 1918.95 
4573.55 -667.444 1044.02 
4788.92 -27.7653 -11.2192 
4974.03 -33.8549 -50.9835 
4946.37 -30.4705 -40.7645 
4942.96 -1.27524 -42.4937 
4943.99 12.9415 -35.351 
4937.52 15.0041 -34.8654 
4923.92 12.7786 -10.2349 
4911.75 6.72628 -6.40063 
4907.37 3.24296 -3.58205 
4903.06 5.27124 -1.45323 
4901.57 1.01099 4.89996 
4899.49 -0.139887 1.96372 
4900.08 -0.107132 2.20176 
4900.41 -0.204521 1.84324 
4900.73 -0.193922 1.55088 
4900.88 -0.0186041 1.35597 
4901.63 -0.873253 1.09873 
4901.92 -0.422563 -0.0974929 
4902.41 -0.0477465 0.0252359 
4902.56 -0.0358826 0.15287 
4902.56 -0.0487997 0.111461 
4902.58 -0.0414449 0.0909565 
4902.59 -0.0433466 0.0829906 
4902.6 -0.0472928 0.068238 
4902.61 -0.0396013 0.0546963 
4902.6 -0.0275494 0.0606637 
4902.59 -0.0584002 0.0714472 
4902.59 -0.00491466 0.0804761 
4902.38 0.26876 0.2357 
9279.59 67.2046 -293.554 
9659.99 71.1161 -292.467 
10018.7 73.8566 -279.618 
10347.1 65.3269 -254.812 
10678.3 42.4914 -253.985 
11134.7 34.011 -362.276 
11815 98.6136 -593.312 
12730.1 206.468 -810.588 
13449.1 303.433 -616.639 
13942.2 162.795 -251.803 
13625.2 78.3898 709.899 
11862.4 -691.667 3034.05 
8745.12 -1795.49 5886.17 
6003.58 -1646.05 4855.02 
4932.96 -993.032 2689.45 
4538.67 -1015.35 2290.74 
4520.06 -322.976 222.431 
5027.37 40.4167 -240.259 
5071.76 17.04 -157.602 
5012.98 29.262 -122.579 
4989.52 38.0816 -80.0888 
4947.11 28.3842 -18.6028 
4903.09 10.9052 8.64647 
4896.21 5.06209 2.19627 
4895.66 2.70001 5.73206 
4895.84 -0.727117 6.34507 
4896.57 -1.33816 5.3 
4898.84 -1.51343 2.56038 
4900.84 -1.01842 0.867567 
4901.9 -0.355017 0.300369 
4902.36 -0.278969 0.555833 
4902.67 -0.418814 -0.108818 
4902.83 -0.0123327 -0.281024 
4902.89 0.0129249 -0.143586 
4902.85 0.0147813 -0.112636 
4902.82 0.0125735 -0.0906526 
4902.8 0.00662912 -0.0737073 
4902.77 0.026432 -0.0687608 
4902.75 0.0360979 -0.0245891 
4902.73 0.0159378 0.00784483 
4902.71 0.000854829 0.00199946 
4902.7 0.0012633 -0.006094 
4902.7 0.00240348 -0.00421256 
4902.7 0.00208849 -0.00365988 
4902.7 0.002126 -0.00305093 
4902.7 0.00190618 -0.00227827 
4902.7 0.001335 -0.00208417 
4902.7 0.002056 -0.00275212 
4902.7 0.00177901 -0.00045832 
4902.71 -0.0137794 -0.00926011 
10050.1 61.28 -274.1 
10406.6 53.9354 -253.355 
10766.1 35.5403 -251.203 
11218.4 29.037 -330.739 
11843.8 78.908 -501.372 
12540.4 179.609 -535.473 
12858.5 143.414 -132.611 
12733.4 -56.9299 525.128 
11630.8 -362.842 1776.61 
9594.23 -934.322 3837.9 
6877.37 -1413.38 4528.24 
5428.9 -1257.25 3087.25 
4868.69 -1347.68 2569.77 
4896.55 -38.4804 -131.876 
5020.05 78.7474 -321.788 
5029.87 112.077 -260.085 
4991.85 104.085 -170.732 
4928.72 29.7612 19.8506 
4889.03 -2.96235 39.331 
4882.12 -8.44195 31.8533 
4884.43 -9.28681 23.1918 
4890.7 -7.53189 11.5566 
4898.71 -3.92322 1.52862 
4902.26 -1.14319 -0.485714 
4903.54 -0.546107 -0.632064 
4903.61 -0.0156606 -0.855105 
4903.51 0.119641 -0.71627 
4903.28 0.158557 -0.440636 
4903.02 0.134732 -0.182182 
4902.83 0.0767619 -0.0256085 
4902.75 0.0125948 -0.0272391 
4902.71 0.0313155 -0.024599 
4902.7 0.0124215 0.0123153 
4902.69 0.00150228 0.0138671 
4902.69 -0.00197349 0.00823564 
4902.69 -0.00118029 0.00517968 
4902.69 -0.000773679 0.00367417 
4902.7 -0.000802242 0.00320071 
4902.7 -0.00133432 0.00241404 
4902.7 -0.00170652 0.000918694 
4902.7 -0.000669485 -0.000312328 
4902.7 -3.01571e-05 -0.000249954 
4902.7 -6.06806e-06 0.000193695 
4902.7 -5.46082e-05 5.31344e-05 
4902.7 -4.37163e-05 0.000109336 
4902.7 -6.02668e-05 9.22979e-05 
4902.7 -6.85938e-05 5.8864e-05 
4902.7 -6.05335e-05 0.000104072 
4902.7 -0.000165149 8.21591e-05 
4902.7 0.000426589 -2.64366e-05 
10735.7 27.8228 -230.203 
11137.7 22.1724 -262.269 
11629.8 46.5842 -342.02 
12104.9 112.783 -292.241 
12176.4 61.3822 148.621 
11669.1 -166.909 864.178 
10278.6 -452.456 1924.52 
8307.77 -889.285 3394.22 
6378.09 -1029.66 3422.05 
5288.38 -893.548 2462.25 
4984.49 -213.918 133.783 
4970.02 62.1007 -235.699 
4980.08 111.693 -216.476 
4962.89 58.7927 -51.9454 
4918.52 1.60743 48.5649 
4892.9 -20.8064 62.7387 
4885.83 -23.0114 47.9759 
4892.44 -13.544 14.5433 
4900.67 -3.44035 -2.88878 
4904.65 0.639678 -5.58312 
4905.38 1.5551 -4.70167 
4904.99 1.4002 -3.05806 
4903.95 0.922006 -1.08029 
4903.11 0.368251 -0.108612 
4902.72 0.109605 0.0892038 
4902.63 0.00360027 0.117875 
4902.61 -0.00995269 0.0931356 
4902.62 -0.0168003 0.0607799 
4902.65 -0.0152912 0.0296842 
4902.68 -0.0129761 0.00998073 
4902.69 -0.00383165 0.000321815 
4902.7 -0.00185218 0.000731399 
4902.7 -0.000493006 -2.21774e-05 
4902.7 -0.000787763 -3.88598e-05 
4902.7 -0.000104253 -0.000358222 
4902.7 -2.88727e-05 -0.000277752 
4902.7 2.80852e-05 -0.000223341 
4902.7 4.02078e-05 -0.000128123 
4902.7 6.49313e-05 -0.00010889 
4902.7 7.03155e-05 -8.30525e-05 
4902.7 7.22397e-05 -1.62631e-05 
4902.7 2.81723e-05 -3.59213e-05 
4902.7 2.92882e-06 2.19202e-05 
4902.7 -3.30753e-06 -1.07209e-05 
4902.7 -4.23671e-07 1.11037e-05 
4902.7 7.02775e-07 -2.7916e-06 
4902.7 3.94143e-06 -7.53607e-06 
4902.7 5.84864e-06 4.89804e-06 
4902.7 3.40129e-06 -6.71932e-06 
4902.7 1.36338e-06 -1.35385e-06 
11313.7 21.642 -202.609 
11605.9 56.4029 -121.705 
11550.5 26.7839 240.873 
10878.3 -130.335 870.056 
9438.8 -377.182 1695.39 
7713.87 -701.137 2388.18 
6134.02 -729.848 2246.1 
5295.49 -342.739 613.031 
5050.94 -106.568 105.612 
4979.94 33.3438 -108.598 
4959.16 60.0846 -76.9993 
4933.42 5.5077 30.9508 
4909.1 -23.6354 61.4258 
4897.99 -22.7989 38.2705 
4899.56 -9.06655 6.02586 
4903.61 0.139328 -7.10563 
4905.65 3.33873 -9.06313 
4905.32 3.14972 -5.38089 
4903.98 1.50055 -1.19984 
4902.92 0.331822 0.4515 
4902.55 -0.136886 0.67104 
4902.45 -0.177586 0.538478 
4902.5 -0.15947 0.302758 
4902.58 -0.0882017 0.0936614 
4902.67 -0.0368118 0.00300683 
4902.7 -0.00392736 -0.0129304 
4902.71 -1.22218e-05 -0.0102409 
4902.71 0.00186352 -0.00964245 
4902.71 0.0025054 -0.00560715 
4902.7 0.00178799 -0.00213863 
4902.7 0.00105448 -0.000322952 
4902.7 0.000347052 -0.00010615 
4902.7 -3.15176e-05 0.00020834 
4902.7 1.29639e-05 4.50956e-05 
4902.7 4.98071e-05 -9.03213e-06 
4902.7 1.60519e-05 -5.84061e-05 
4902.7 7.2318e-06 6.47679e-06 
4902.7 -6.89574e-06 2.62549e-05 
4902.7 -1.51656e-05 1.87766e-05 
4902.7 -7.84224e-06 1.18303e-05 
4902.7 -1.08155e-05 6.64182e-06 
4902.7 -4.05635e-06 4.55598e-06 
4902.7 -6.63871e-06 1.61856e-05 
4902.7 -6.45474e-06 9.18865e-06 
4902.7 -7.50925e-06 1.25301e-05 
4902.7 -8.1226e-06 7.71817e-06 
4902.7 -7.34118e-06 6.87929e-06 
4902.7 -7.56535e-06 5.4197e-06 
4902.7 -5.5833e-06 3.98423e-08 
4902.7 -2.01896e-06 1.66395e-06 
10992.5 -13.8511 269.118 
10314.6 -87.7462 774.129 
8989.99 -286.719 1349.2 
7422.1 -500.348 1645.16 
6034.18 -342.258 954.201 
5354 -232.248 462.703 
5085.91 -54.3451 85.048 
4995.45 36.1592 -59.8118 
4960.79 20.0457 -8.77194 
4931.86 -9.07432 35.8269 
4912.1 -18.0196 35.6535 
4904.94 -8.35073 9.48285 
4904.33 0.906988 -6.28734 
4904.74 4.07244 -8.35813 
4904.14 2.64299 -3.40077 
4903.22 0.728005 0.0842784 
4902.59 -0.256299 1.25868 
4902.41 -0.504496 1.14863 
4902.5 -0.358119 0.526855 
4902.62 -0.140383 0.115045 
4902.66 -0.0243109 -0.041888 
4902.72 -0.00112466 -0.0544198 
4902.72 0.0194789 -0.0440698 
4902.71 0.0136301 -0.0262777 
4902.71 0.00842904 -0.0102122 
4902.7 0.00220346 0.000560534 
4902.7 0.000503528 0.000724616 
4902.7 0.00022219 0.000774494 
4902.7 -0.000489736 0.000982394 
4902.7 -0.000268052 0.000662656 
4902.7 -0.000230137 0.000203356 
4902.7 -9.49648e-05 1.04193e-05 
4902.7 -8.2545e-07 3.60903e-06 
4902.7 8.49061e-06 -1.29049e-05 
4902.7 -1.76731e-05 -1.85894e-05 
4902.7 7.62828e-06 -7.23136e-06 
4902.7 4.19122e-06 -1.2188e-06 
4902.7 6.90337e-06 -1.06208e-05 
4902.7 8.44047e-06 -1.9724e-05 
4902.7 1.19397e-05 -2.25244e-05 
4902.7 1.37022e-05 -2.7449e-05 
4902.7 1.72802e-05 -2.87197e-05 
4902.7 1.85595e-05 -3.29014e-05 
4902.7 2.16059e-05 -3.69496e-05 
4902.7 2.38014e-05 -3.84318e-05 
4902.7 2.49312e-05 -4.14961e-05 
4902.7 2.80302e-05 -3.7842e-05 
4902.7 2.82613e-05 -2.66277e-05 
4902.7 2.14927e-05 -9.25057e-06 
4902.7 6.04194e-06 1.68057e-06 
8809.04 -207.826 1008.49 
7403.72 -315.543 1195.97 
6171.17 -274.321 806.492 
5458.61 -164.456 396.034 
5142.17 -32.8989 79.7999 
5024.23 11.2493 3.38827 
4969.83 -0.518974 24.0043 
4934.61 -13.2196 35.9609 
4914.6 -9.77815 18.8228 
4906.75 -1.89947 1.64997 
4904.74 1.97424 -4.26607 
4904.02 1.58908 -2.00422 
4903.23 0.181155 0.716309 
4902.78 -0.640501 1.60907 
4902.62 -0.5633 0.987251 
4902.69 -0.267237 0.278912 
4902.71 -0.0298575 -0.0468669 
4902.73 0.0278416 -0.141579 
4902.74 0.0474682 -0.0930044 
4902.72 0.0262333 -0.0325436 
4902.7 0.0115961 -0.00889565 
4902.7 0.00319893 -0.00148658 
4902.7 -0.000427394 0.00497715 
4902.7 -0.000919414 0.0015342 
4902.7 -0.000706831 0.00159067 
4902.7 -0.000441394 0.000770585 
4902.7 -4.61882e-05 0.000126765 
4902.7 -0.000182731 -2.50981e-06 
4902.7 6.07485e-05 -7.83146e-05 
4902.7 4.56518e-05 -7.56169e-05 
4902.7 2.41784e-05 -9.98333e-05 
4902.7 3.4693e-05 -5.12631e-05 
4902.7 2.41372e-05 -3.35112e-05 
4902.7 1.85493e-05 -4.46837e-05 
4902.7 2.96349e-05 -4.17714e-05 
4902.7 2.18588e-05 -3.23417e-05 
4902.7 1.98329e-05 -2.97955e-05 
4902.7 1.60088e-05 -2.34338e-05 
4902.7 1.21438e-05 -1.32283e-05 
4902.7 6.10859e-06 -1.24375e-06 
4902.7 -7.08928e-07 1.08085e-05 
4902.7 -7.94101e-06 2.33807e-05 
4902.7 -1.52778e-05 3.46249e-05 
4902.7 -2.21426e-05 4.57056e-05 
4902.7 -2.87283e-05 5.54958e-05 
4902.7 -3.59687e-05 6.15932e-05 
4902.7 -3.62108e-05 7.28969e-05 
4902.7 -4.30468e-05 6.23694e-05 
4902.7 -2.84784e-05 2.7637e-05 
4902.7 -2.1845e-06 -1.61177e-05 
6420.91 -192.768 749.942 
5630.28 -139.009 406.338 
5235.32 -47.7408 144.756 
5064.97 -8.55687 50.5531 
4985.4 -8.70041 39.9578 
4941.34 -10.5499 30.2127 
4918.52 -5.83394 13.2732 
4909 -0.923719 1.93049 
4905.59 0.518467 -0.399657 
4904.21 0.0106985 0.620451 
4903.36 -0.414583 1.20208 
4902.95 -0.421097 0.732053 
4902.82 -0.131966 0.155373 
4902.73 0.0363846 -0.152661 
4902.75 0.0672481 -0.147969 
4902.73 0.0435034 -0.0628933 
4902.72 0.0120988 0.00146759 
4902.68 0.00544491 0.00847829 
4902.7 -0.00872329 0.0122781 
4902.7 -0.00259496 0.00709735 
4902.7 -0.00201316 0.000255902 
4902.7 -0.00023 -0.000277469 
4902.7 -0.000159517 0.000280894 
4902.7 0.000217156 -0.000103151 
4902.7 -0.0001185 8.93648e-05 
4902.7 3.12839e-05 3.66888e-05 
4902.7 -5.6205e-05 -7.46713e-05 
4902.7 4.52931e-05 -6.68072e-05 
4902.7 2.20624e-05 1.70919e-06 
4902.7 -1.29555e-05 3.27096e-06 
4902.7 -5.83394e-06 3.31299e-05 
4902.7 -2.5224e-05 6.78234e-05 
4902.7 -4.43214e-05 8.96737e-05 
4902.7 -5.61557e-05 0.000112004 
4902.7 -7.23176e-05 0.00013464 
4902.7 -8.28469e-05 0.00015051 
4902.7 -9.22788e-05 0.000162131 
4902.7 -9.88058e-05 0.000168966 
4902.7 -0.000102603 0.000170635 
4902.7 -0.000103533 0.000167027 
4902.7 -0.000101762 0.000159206 
4902.7 -9.78674e-05 0.00014819 
4902.7 -9.2305e-05 0.000134916 
4902.7 -8.56944e-05 0.000120709 
4902.7 -7.85952e-05 0.000106244 
4902.7 -7.17275e-05 9.28954e-05 
4902.7 -6.25249e-05 8.94982e-05 
4902.7 -8.26881e-05 6.13274e-05 
4902.7 -9.5022e-05 3.8541e-05 
4902.7 -0.000111177 3.45671e-05 
5379.15 -52.4478 233.908 
5127.98 -23.8648 90.1674 
5013.57 -11.7487 50.6885 
4955.09 -9.18687 30.8516 
4925.6 -5.01063 14.29 
4912.44 -1.61367 4.75075 
4907.01 -0.385598 1.72024 
4904.67 -0.336869 1.20229 
4903.54 -0.284082 0.800197 
4902.98 -0.157056 0.284917 
4902.86 -0.019709 -0.00392035 
4902.71 0.0501434 -0.055089 
4902.76 -0.0140461 -0.0227049 
4902.73 0.0177553 0.0236727 
4902.7 -0.0122949 0.0237994 
4902.7 -0.00759268 0.0182793 
4902.69 -0.00586268 0.00515334 
4902.7 -0.00104906 -0.00173187 
4902.7 0.00120057 -0.00400945 
4902.7 0.000796172 -0.000534295 
4902.7 0.000540787 -0.000784996 
4902.7 3.13701e-05 0.000274419 
4902.7 -3.15791e-05 0.000264802 
4902.7 -0.000127756 0.00011367 
4902.7 -3.48076e-05 6.06953e-05 
4902.7 -6.68511e-05 9.81689e-05 
4902.7 -5.55174e-05 0.000112684 
4902.7 -8.07722e-05 0.000164937 
4902.7 -9.37524e-05 0.00015193 
4902.7 -7.7829e-05 0.000128052 
4902.7 -6.65097e-05 0.00010036 
4902.7 -4.5208e-05 5.2769e-05 
4902.7 -1.46263e-05 -3.61329e-06 
4902.7 1.93317e-05 -6.58392e-05 
4902.7 5.77537e-05 -0.000133345 
4902.7 9.80097e-05 -0.000202371 
4902.7 0.000138964 -0.000270512 
4902.7 0.000179264 -0.000334883 
4902.7 0.000217414 -0.000393828 
4902.7 0.00025254 -0.000445765 
4902.7 0.000283955 -0.000490008 
4902.7 0.000311425 -0.000526305 
4902.7 0.000334823 -0.000554922 
4902.7 0.000354361 -0.000576466 
4902.7 0.000370176 -0.000592035 
4902.7 0.000383225 -0.000602019 
4902.7 0.000394381 -0.000610864 
4902.7 0.000415139 -0.000618017 
4902.7 0.000464392 -0.000510539 
4902.7 0.000478823 -9.64609e-05 
5063.59 -13.8598 75.133 
4979.03 -9.94499 37.289 
4937.51 -5.55166 19.2044 
4917.88 -2.38074 7.99278 
4909.24 -0.856463 3.27133 
4905.5 -0.42698 1.55086 
4903.87 -0.239562 0.769408 
4903.14 -0.112085 0.291166 
4902.9 -0.0378487 0.0818637 
4902.74 0.0120063 0.028759 
4902.77 -0.0347241 0.00297732 
4902.74 0.0226914 0.0297989 
4902.67 -0.00463478 0.00300503 
4902.71 -0.0130301 0.0135516 
4902.69 0.0039921 -0.0010517 
4902.7 -0.00136508 -0.00374413 
4902.7 0.00159512 -0.00286521 
4902.7 0.000554126 -0.00113786 
4902.7 0.000160333 0.000524861 
4902.7 -0.000321963 0.000706919 
4902.7 -0.000188334 0.000319862 
4902.7 -0.000130592 0.000153055 
4902.7 -5.32594e-05 5.18567e-06 
4902.7 1.61828e-05 -9.00403e-05 
4902.7 5.405e-05 -0.0001274 
4902.7 9.9487e-05 -0.000214338 
4902.7 0.000148807 -0.000298394 
4902.7 0.000199645 -0.000390468 
4902.7 0.000250609 -0.000468722 
4902.7 0.0002887 -0.000525871 
4902.7 0.000316962 -0.000564342 
4902.7 0.000333234 -0.000578678 
4902.7 0.000334703 -0.000568072 
4902.7 0.000322417 -0.000533565 
4902.7 0.000296673 -0.000476752 
4902.7 0.000258787 -0.000400647 
4902.7 0.000210613 -0.000308824 
4902.7 0.000154219 -0.000205487 
4902.7 9.19876e-05 -9.5156e-05 
4902.7 2.65012e-05 1.8052e-05 
4902.7 -4.01921e-05 0.000130215 
4902.7 -0.000106011 0.000237973 
4902.7 -0.00016902 0.000338501 
4902.7 -0.0002279 0.000429422 
4902.7 -0.000281196 0.000508828 
4902.7 -0.000327064 0.000576956 
4902.7 -0.000371814 0.000628377 
4902.7 -0.000410116 0.000664095 
4902.7 -0.000457037 0.000587543 
4902.7 -0.000113721 0.000377129 
4957.37 -5.36954 27.8643 
4927.18 -3.29961 12.4142 
4913.22 -1.33833 5.40801 
4907.14 -0.613911 2.36128 
4904.55 -0.297177 1.07872 
4903.41 -0.141741 0.446251 
4902.99 -0.059429 0.177009 
4902.77 -0.0151501 0.0766286 
4902.77 -0.0366689 0.00910111 
4902.74 0.0234902 0.0186145 
4902.68 -0.00324634 -0.000700969 
4902.73 -0.0168208 0.0167788 
4902.69 0.00926903 -0.000797663 
4902.7 -0.00223894 -0.00519197 
4902.7 0.00133285 -0.000177383 
4902.7 0.000947664 -0.00260779 
4902.7 0.00052196 3.16959e-05 
4902.7 0.000150583 9.92529e-05 
4902.7 6.54398e-05 -5.7574e-05 
4902.7 0.000190562 -0.000448205 
4902.7 0.000262051 -0.000530107 
4902.7 0.000297662 -0.000528011 
4902.7 0.000294445 -0.000499173 
4902.7 0.000269076 -0.000432609 
4902.7 0.000222798 -0.000341955 
4902.7 0.000157328 -0.000216404 
4902.7 7.08779e-05 -5.57621e-05 
4902.7 -3.26488e-05 0.00013266 
4902.7 -0.000150439 0.000340231 
4902.7 -0.000275533 0.000556783 
4902.7 -0.000403665 0.000774057 
4902.7 -0.000530016 0.000983828 
4902.7 -0.000650093 0.00117894 
4902.7 -0.000760476 0.00135386 
4902.7 -0.000858492 0.00150474 
4902.7 -0.000942658 0.0016293 
4902.7 -0.00101188 0.00172691 
4902.7 -0.00106638 0.00179851 
4902.7 -0.00110729 0.00184568 
4902.7 -0.00113552 0.00187141 
4902.7 -0.00115277 0.00187881 
4902.7 -0.001161 0.00187174 
4902.7 -0.00116243 0.00185375 
4902.69 -0.00115877 0.00182841 
4902.69 -0.00115247 0.00179902 
4902.69 -0.00114485 0.00176869 
4902.69 -0.00113575 0.00173732 
4902.69 -0.00111155 0.00173425 
4902.69 -0.00118436 0.00175918 
4902.69 -0.0017158 0.00134966 
4920.68 -1.62341 9.402 
4910.3 -0.957729 3.92427 
4905.85 -0.447426 1.7268 
4904 -0.194704 0.705705 
4903.23 -0.0667697 0.292163 
4902.85 -0.0216302 0.124916 
4902.78 -0.0369974 0.0278507 
4902.73 0.0233406 0.0157161 
4902.69 -0.00824092 -0.00756061 
4902.75 -0.0134665 0.013822 
4902.7 0.0132684 0.00309118 
4902.7 -0.00376505 -0.00218553 
4902.7 -0.00048305 0.00180656 
4902.7 0.000689112 -0.00250821 
4902.7 0.000109499 0.000693423 
4902.7 1.23254e-05 0.000325697 
4902.7 -0.000228177 0.000333024 
4902.7 -0.000101679 0.000108294 
4902.7 -0.000108588 0.000167904 
4902.7 -0.000192935 0.000411218 
4902.7 -0.000334023 0.000687062 
4902.7 -0.000480488 0.000931891 
4902.7 -0.000613862 0.00114679 
4902.7 -0.000729136 0.00133042 
4902.7 -0.000821742 0.00147359 
4902.7 -0.000888207 0.00157096 
4902.7 -0.00092587 0.00161799 
4902.7 -0.000933798 0.00161407 
4902.7 -0.000912735 0.00156134 
4902.7 -0.000865078 0.00146469 
4902.69 -0.000793917 0.00133024 
4902.69 -0.000703577 0.00116553 
4902.69 -0.00059818 0.000978079 
4902.69 -0.000482339 0.00077602 
4902.69 -0.000360549 0.000566553 
4902.69 -0.000236407 0.000356231 
4902.69 -0.000113698 0.000150837 
4902.69 5.17028e-06 -4.50902e-05 
4902.69 0.0001178 -0.000228371 
4902.69 0.000222442 -0.000396133 
4902.69 0.000318039 -0.000547027 
4902.69 0.000403954 -0.000680222 
4902.69 0.000480043 -0.000795787 
4902.69 0.000546155 -0.000893861 
4902.69 0.000602555 -0.000975379 
4902.69 0.000649874 -0.00104061 
4902.69 0.000685432 -0.00109136 
4902.69 0.000705536 -0.00113855 
4902.69 0.000849187 -0.00114299 
4902.69 0.000930743 -0.000860793 
4908.49 -0.519364 3.1509 
4905.04 -0.294669 1.24336 
4903.63 -0.113769 0.49734 
4903.05 -0.0522349 0.215852 
4902.87 -0.0465986 0.0846294 
4902.75 0.0162809 0.0384055 
4902.69 -0.0130345 -0.00364799 
4902.76 -0.0134912 0.00643062 
4902.7 0.0193353 0.00417859 
4902.7 -0.00851109 0.00407889 
4902.7 -0.00310748 0.00693526 
4902.7 -0.00017789 -0.0026545 
4902.7 -0.000124793 0.000556761 
4902.7 -0.000240104 0.0010367 
4902.7 -0.000720196 0.00119678 
4902.7 -0.000632473 0.0010574 
4902.7 -0.000624268 0.00108882 
4902.7 -0.00064824 0.0011666 
4902.7 -0.000648361 0.00115602 
4902.7 -0.000600094 0.00104641 
4902.7 -0.000504763 0.000858404 
4902.7 -0.000376066 0.000626004 
4902.7 -0.000227016 0.000367161 
4902.7 -6.69029e-05 9.26218e-05 
4902.7 9.73507e-05 -0.000186084 
4902.7 0.000259477 -0.00045848 
4902.7 0.000413832 -0.000715521 
4902.7 0.000556147 -0.000949794 
4902.7 0.000682824 -0.00115625 
4902.7 0.000791961 -0.00133165 
4902.7 0.000882552 -0.00147467 
4902.7 0.000954481 -0.00158583 
4902.7 0.00100859 -0.00166661 
4902.7 0.00104639 -0.0017196 
4902.7 0.00106945 -0.0017482 
4902.7 0.00108002 -0.00175585 
4902.7 0.00108025 -0.00174635 
4902.7 0.00107189 -0.00172346 
4902.7 0.00105746 -0.0016907 
4902.7 0.00103866 -0.00165115 
4902.7 0.00101736 -0.00160763 
4902.7 0.000994677 -0.00156259 
4902.7 0.000971966 -0.00151797 
4902.7 0.000950437 -0.0014755 
4902.7 0.000930762 -0.00143648 
4902.7 0.000913486 -0.00140187 
4902.7 0.000901327 -0.00137226 
4902.7 0.000890414 -0.00134413 
4902.7 0.000817307 -0.00135132 
4902.7 0.00104021 -0.0013542 
4904.55 -0.145088 1.00975 
4903.41 -0.0752199 0.386814 
4902.98 -0.0512376 0.152495 
4902.8 0.000939518 0.0721134 
4902.69 -0.0163706 0.0167638 
4902.76 -0.0173265 0.00718224 
4902.7 0.0220399 0.000813756 
4902.7 -0.0110346 0.00466324 
4902.7 -0.00434397 0.012069 
4902.69 7.59888e-05 -0.0034052 
4902.7 0.000278348 -0.000828173 
4902.7 0.000578702 -0.000301056 
4902.7 -0.000105093 0.000302978 
4902.7 3.30416e-05 -3.41454e-05 
4902.7 0.000227214 -0.000432292 
4902.7 0.00038526 -0.000648637 
4902.7 0.000514779 -0.000866936 
4902.7 0.000636278 -0.00107744 
4902.7 0.000741683 -0.00125595 
4902.7 0.000822316 -0.00138743 
4902.7 0.000875204 -0.00146973 
4902.7 0.000901577 -0.00150803 
4902.7 0.000904708 -0.00150841 
4902.7 0.000888191 -0.00147646 
4902.7 0.000855388 -0.00141772 
4902.7 0.000809853 -0.00133803 
4902.7 0.000755032 -0.00124302 
4902.7 0.000693906 -0.00113823 
4902.7 0.000629593 -0.0010285 
4902.7 0.000564328 -0.000917801 
4902.7 0.000500179 -0.000809502 
4902.7 0.000438674 -0.000706195 
4902.7 0.000380871 -0.000609584 
4902.7 0.000327547 -0.000520839 
4902.7 0.000279107 -0.00044076 
4902.7 0.000235723 -0.000369373 
4902.7 0.000197321 -0.000306593 
4902.7 0.000163839 -0.000252174 
4902.7 0.000134774 -0.000205288 
4902.7 0.000109864 -0.000165417 
4902.7 8.86924e-05 -0.000131788 
4902.7 7.09292e-05 -0.000103846 
4902.7 5.61634e-05 -8.07983e-05 
4902.7 4.39602e-05 -6.20151e-05 
4902.7 3.41002e-05 -4.69413e-05 
4902.7 2.62956e-05 -3.50528e-05 
4902.7 1.93808e-05 -2.61847e-05 
4902.7 1.75494e-05 -1.97775e-05 
4902.7 2.69952e-05 -1.2417e-05 
4902.7 -0.000101427 -1.7601e-05 
4903.14 -0.136822 0.374228 
4902.87 -0.0638025 0.140817 
4902.75 -0.0185552 0.0453143 
4902.73 -0.014227 0.0196868 
4902.7 0.0085156 -0.00273675 
4902.7 -0.0045051 -0.00120841 
4902.71 -0.00328039 0.0100813 
4902.7 0.00261501 -0.0049091 
4902.7 0.000994822 -0.00204832 
4902.7 0.00155979 -0.00212279 
4902.7 0.000602672 -0.00105903 
4902.7 0.000597962 -0.000878388 
4902.7 0.000627556 -0.00105057 
4902.7 0.000622387 -0.00102999 
4902.7 0.000561269 -0.000931668 
4902.7 0.000488532 -0.000811259 
4902.7 0.000418492 -0.00069693 
4902.7 0.000350761 -0.000584457 
4902.7 0.000286761 -0.000476059 
4902.7 0.000228205 -0.000376083 
4902.7 0.000176301 -0.000287342 
4902.7 0.000131478 -0.000210443 
4902.7 9.36509e-05 -0.000145314 
4902.7 6.23932e-05 -9.1441e-05 
4902.7 3.7134e-05 -4.80141e-05 
4902.7 1.72123e-05 -1.39381e-05 
4902.7 1.92606e-06 1.18871e-05 
4902.7 -9.39741e-06 3.06329e-05 
4902.7 -1.74663e-05 4.35858e-05 
4902.7 -2.28972e-05 5.17997e-05 
4902.7 -2.62557e-05 5.63207e-05 
4902.7 -2.80273e-05 5.80291e-05 
4902.7 -2.86191e-05 5.76772e-05 
4902.7 -2.83812e-05 5.58864e-05 
4902.7 -2.75633e-05 5.31356e-05 
4902.7 -2.63922e-05 4.98488e-05 
4902.7 -2.50264e-05 4.62826e-05 
4902.7 -2.35817e-05 4.26734e-05 
4902.7 -2.21427e-05 3.91647e-05 
4902.7 -2.07594e-05 3.58632e-05 
4902.7 -1.9484e-05 3.28318e-05 
4902.7 -1.83289e-05 3.01005e-05 
4902.7 -1.7317e-05 2.76965e-05 
4902.7 -1.64387e-05 2.56161e-05 
4902.7 -1.57127e-05 2.38543e-05 
4902.7 -1.51496e-05 2.23864e-05 
4902.7 -1.4535e-05 2.12255e-05 
4902.7 -1.50444e-05 2.04516e-05 
4902.7 -1.47103e-05 1.93394e-05 
4902.7 1.19183e-06 1.66557e-05 
2330.11 451.915 -762.485 
1309.94 -490.429 -783.647 
1385.99 -579.555 -857.875 
1497.98 -630.549 -927.483 
1625.16 -680.681 -998.228 
1760.74 -730.552 -1069.72 
1903.76 -780.589 -1141.87 
2053.42 -830.975 -1214.04 
2208.92 -880.853 -1285.63 
2369.05 -929.661 -1355.96 
2533.47 -977.542 -1424.18 
2700.65 -1023.22 -1489.27 
2870.14 -1066.44 -1550.29 
3040.62 -1106.37 -1606.18 
3210.89 -1142.16 -1655.99 
3379.77 -1173.55 -1698.51 
3546.03 -1199.35 -1732.88 
3708.01 -1219.17 -1757.98 
3864.46 -1232.36 -1772.87 
4014.1 -1238.08 -1776.67 
4155 -1235.86 -1768.73 
4285.5 -1225.41 -1748.13 
4404.73 -1206.32 -1714.15 
4510.89 -1177.46 -1666.88 
4601.86 -1139.73 -1605.54 
4677.39 -1092.28 -1529.81 
4734.42 -1034.63 -1439.89 
4772.72 -967.365 -1335.01 
4788.56 -889.451 -1216.72 
4782.98 -803.629 -1086.68 
4755.52 -711.201 -947.685 
4708.73 -614.621 -802.511 
4646.61 -516.566 -656.407 
4578.46 -422.697 -513.572 
4513.27 -334.612 -378.388 
4462.12 -254.063 -249.093 
4428.07 -173.937 -123.271 
4406.27 -89.9719 5.24494 
4385.67 5.00417 136.397 
4353.17 107.603 265.636 
4300.16 212.86 388.473 
4225.78 315.397 496.1 
4134.03 406.786 585.447 
4029.97 484.03 655.678 
3921.1 542.761 701.022 
3788.53 585.902 714.266 
3549.15 627.757 668.446 
3097.78 641.91 522.861 
2319.79 617.923 266.584 
1257.28 483.664 9.80136 
-445.414 641.616 -174.399 
3250.77 -8.49187 132.308 
3547.87 11.9138 153.384 
3848.86 24.4814 176.776 
4157.63 39.6444 203.479 
4476.31 56.9572 232.631 
4803.63 76.4866 264.081 
5138.14 98.1784 297.541 
5477.89 122.01 332.762 
5820.51 147.856 369.411 
6163.45 175.685 407.122 
6503.42 205.278 445.625 
6837.33 236.498 484.358 
7161.31 269.149 523.145 
7471.83 303.037 561.404 
7764.56 337.917 598.899 
8035.72 373.565 635.333 
8281.22 409.706 670.178 
8496.94 445.944 703.391 
8679.89 482.013 734.418 
8826.3 517.368 762.803 
8933.3 551.555 788.119 
8998.42 584.047 810.011 
9019.01 614.471 827.801 
8993.58 641.872 841.023 
8920.8 666.237 848.965 
8799.21 686.165 850.96 
8629.39 700.792 844.108 
8415.69 705.728 825.535 
8166.05 698.942 792.123 
7888.21 678.258 741.651 
7593.93 640.856 671.364 
7296.94 584.156 579.589 
7007.61 511.026 470.985 
6726.02 428.516 353.751 
6443.14 346.126 236.682 
6146.09 268.289 124.561 
5822.28 196.014 16.1553 
5470.55 120.803 -96.6108 
5100.51 36.2711 -219.359 
4722.64 -60.2536 -354.781 
4351.2 -170.928 -499.431 
3996.45 -286.944 -647.128 
3664.2 -400.859 -790.128 
3370.55 -509.559 -922.067 
3105.24 -589.464 -1025.87 
2818.84 -616.524 -1073.43 
2487.39 -588.029 -1029.22 
2095.77 -487.211 -882.82 
1639.9 -343.622 -608.818 
938.837 -13.8191 -556.748 
3116.31 -198.661 -187.629 
3346.79 -216.28 -197.477 
3592.64 -221.231 -207.051 
3838.66 -230.386 -218.229 
4088.02 -239.256 -228.968 
4339.99 -248.051 -239.757 
4593.79 -256.562 -250.432 
4848.2 -264.605 -260.956 
5101.79 -272.097 -271.236 
5352.93 -278.89 -281.338 
5599.59 -284.977 -291.194 
5839.96 -290.239 -300.888 
6071.46 -294.636 -310.387 
6291.76 -298.051 -319.757 
6498.18 -300.54 -329.076 
6687.78 -302 -338.484 
6857.89 -302.6 -348.045 
7005.86 -302.374 -357.957 
7128.88 -301.293 -368.056 
7224.3 -299.056 -377.609 
7289.19 -294.929 -385.957 
7321.35 -288.926 -392.675 
7319.36 -281.02 -397.113 
7283.61 -271.107 -399.319 
7216.54 -260.876 -401.27 
7126.04 -254.453 -407.621 
7027.6 -258.328 -422.799 
6937.73 -272.733 -445.688 
6865.72 -293.277 -471.38 
6822.93 -318.534 -495.741 
6816.06 -341.488 -508.91 
6832.72 -345.126 -492.52 
6841.77 -310.9 -435.01 
6809.66 -237.237 -337.286 
6713.02 -133.483 -211.676 
6549.64 -18.4007 -74.6721 
6334.61 90.67 56.9025 
6093.33 182.308 177.643 
5842.15 261.6 288.755 
5589.39 330.143 388.912 
5344.35 385.839 475.969 
5110.55 428.933 545.661 
4890.87 456.048 594.512 
4692.92 465.071 621.015 
4476.78 478.309 625.026 
4159.05 501.315 606.909 
3714.82 515.945 559.318 
3165.54 513.26 492.384 
2671.09 434.694 325.302 
2142.93 365.54 258.411 
3809.36 -190.203 -149.098 
4087.3 -190.263 -150.618 
4361.18 -190.347 -152.082 
4636.14 -191.61 -151.441 
4912.39 -190.162 -149.305 
5188.27 -187.623 -145.58 
5462.62 -183.346 -139.996 
5733.92 -177.221 -132.546 
6000.4 -169.16 -123.103 
6260.29 -159.062 -111.65 
6511.64 -146.902 -98.1875 
6752.5 -132.68 -82.6954 
6980.86 -116.402 -65.4004 
7194.87 -98.3641 -46.6561 
7392.95 -78.9111 -26.8808 
7573.5 -58.3284 -6.52624 
7734.88 -36.8922 14.1793 
7875.28 -14.6538 35.255 
7992.32 8.72436 56.8232 
8083.19 32.9106 77.7754 
8147.35 55.5285 95.0401 
8186.34 74.2442 105.566 
8202.74 86.0188 105.284 
8205.5 84.7562 87.4672 
8209.93 63.6677 46.5235 
8234.59 20.5373 -15.1798 
8284.66 -32.1626 -82.5917 
8341.95 -75.5388 -137.736 
8390.19 -105.216 -176.333 
8421.21 -119.588 -194.865 
8393.96 -98.9195 -180.684 
8257.88 -39.6747 -136.832 
7990.05 35.7912 -83.5864 
7606.94 102.841 -40.9454 
7144.06 146.405 -20.0814 
6650.03 157.886 -24.9085 
6167.08 141.972 -49.4778 
5708.94 117.329 -79.4245 
5275.28 90.4084 -111.816 
4879.66 54.755 -149.62 
4526.04 17.2306 -185.212 
4214.07 -15.7644 -215.917 
3953.4 -49.2605 -246.202 
3755.12 -84.2591 -275.25 
3595.27 -104.742 -306.922 
3394.42 -99.6505 -339.063 
3074.01 -74.8652 -351.848 
2532.58 -0.670295 -285.009 
1840.08 82.6419 -53.2045 
1204.66 261.481 47.6689 
4417.24 -198.065 -156.034 
4700.32 -200.53 -159.588 
4981.93 -202.47 -163.272 
5262.15 -204.115 -166.551 
5538.42 -204.745 -169.473 
5809.65 -204.834 -171.816 
6074.2 -203.908 -173.636 
6330.35 -202.114 -174.932 
6576.14 -199.293 -175.714 
6809.68 -195.557 -176.041 
7029.14 -190.931 -176.013 
7232.89 -185.627 -175.875 
7419.6 -179.901 -175.741 
7588.16 -173.774 -175.262 
7737.47 -166.93 -173.879 
7865.87 -158.731 -171.05 
7972.09 -149.123 -166.722 
8055.77 -138.858 -162.367 
8117.19 -129.719 -161.535 
8163.73 -128.212 -170.706 
8207.14 -137.246 -190.406 
8255.05 -155.201 -218.345 
8324.21 -186.366 -256.425 
8434.76 -228.516 -297.852 
8591.47 -266.607 -323.532 
8768.35 -273.567 -310.972 
8904.1 -230.41 -252.957 
8976.03 -162.334 -180.851 
9011.64 -106.493 -128.377 
8978.44 -43.2131 -75.9433 
8806.51 44.1275 -17.0197 
8481.65 121.244 27.9335 
8073.89 159.33 36.6889 
7642.76 156.953 10.9917 
7230.94 119.868 -42.5742 
6879.26 54.3134 -117.525 
6582.54 -12.7063 -193.77 
6295.69 -65.0566 -261.296 
6048.2 -130.754 -338.316 
5821.62 -176.292 -391.951 
5580 -193.118 -422.211 
5371.92 -230.239 -464.3 
5225.68 -284.146 -504.31 
5125.34 -327.324 -523.015 
5027.49 -330.394 -514.42 
4874.26 -299.41 -499.336 
4702.89 -286.444 -546.545 
4217.9 -201.947 -637.96 
2783.13 132.977 -487.666 
1089.36 325.349 -100.533 
5031.35 -200.171 -151.668 
5330.23 -201.967 -154.657 
5626.4 -202.431 -156.968 
5918.41 -202.166 -158.497 
6204.41 -200.747 -159.32 
6483 -198.383 -159.365 
6752.41 -194.886 -158.689 
7010.95 -190.363 -157.341 
7256.8 -184.772 -155.421 
7488.32 -178.297 -152.938 
7704.13 -171.038 -149.817 
7902.99 -163.056 -145.965 
8083.17 -153.727 -140.786 
8242.78 -143.039 -134.887 
8380.14 -131.71 -130.319 
8496.01 -122.331 -129.868 
8594.98 -118.544 -137.066 
8681.3 -122.234 -153.58 
8769.73 -137.5 -178.221 
8882.5 -164.427 -204.322 
9004.87 -176.306 -209.223 
9142.58 -185.244 -207.605 
9328.69 -200.344 -208.693 
9526.6 -192.664 -187.094 
9690.62 -160.861 -150.725 
9750.73 -100.576 -122.753 
9678.66 -58.7799 -117.155 
9669.47 -113.896 -219.009 
9685.2 -193.537 -307.405 
9547.38 -161.059 -306.171 
9159.75 -67.511 -244.124 
8723.17 -18.3869 -216.658 
8341.44 -21.616 -216.582 
8038.6 -42.9987 -225.075 
7825.32 -72.8575 -235.395 
7723.56 -105.719 -245.704 
7639.26 -95.4469 -229.623 
7562.79 -84.1952 -225.342 
7550.69 -89.7072 -211.956 
7388.35 -25.0246 -147.427 
7248.03 -53.3404 -151.231 
7208.62 -84.9998 -139.811 
7137.98 -34.8979 -79.1316 
7063.47 14.0291 -46.6769 
6970.27 43.615 -74.2932 
6734.44 53.5282 -82.0946 
6397.98 97.219 -0.51986 
6410.29 73.1179 -181.605 
5647.73 270.124 -613.416 
2580.5 620.13 -395.465 
5639.46 -206.304 -155.255 
5949.96 -207.701 -157.883 
6255.46 -207.252 -159.967 
6554.4 -206.17 -161.63 
6844.83 -204.074 -162.796 
7125.18 -201.163 -163.533 
7393.68 -197.342 -163.728 
7648.79 -192.631 -163.182 
7888.97 -186.968 -161.865 
8112.67 -180.371 -159.91 
8318.51 -173.163 -158.307 
8505.16 -165.613 -157.967 
8671.99 -158.602 -160.09 
8822.29 -156.434 -168.107 
8962.24 -159.302 -179.06 
9099.37 -166.538 -186.832 
9233.32 -170.337 -185.924 
9376.36 -171.939 -174.908 
9568.33 -186.985 -172.906 
9785.94 -199.152 -195.492 
9952.94 -197.098 -239.21 
10248.6 -328.396 -408.745 
10611.2 -451.174 -583.323 
10781.6 -475.128 -651.286 
10876.4 -498.277 -729.122 
10901.3 -482.06 -786.906 
10882 -489.956 -749.254 
11284.5 -653.276 -842.58 
11241.7 -434.696 -554.129 
10837.3 -70.9894 -355.61 
10111.1 119.848 -214.229 
9505.45 94.3389 -181.947 
9040.74 46.1696 -176.431 
8661.96 8.07525 -178.791 
8350.25 -38.9061 -185.921 
8123.4 -96.4577 -193.704 
7878.3 -100.887 -228.606 
7660.08 -209.98 -284.529 
7380.34 -159.245 -271.277 
7136.96 -174.244 -454.239 
7260.61 -294.361 -595.268 
7015.21 -158.146 -555.928 
6633.3 -172.667 -598.456 
6394.7 -258.845 -657.532 
6289.33 -338.728 -637.542 
6396.59 -457.97 -672.167 
6289.1 -265.111 -857.628 
6197.77 -597.811 -601.287 
6742.18 -465.384 -629.214 
4547.65 657.682 -661.664 
6265.55 -214.447 -161.696 
6587.73 -215.782 -164.703 
6903.03 -214.964 -167.275 
7210.02 -213.599 -169.511 
7506.41 -211.138 -171.073 
7790.59 -207.637 -171.634 
8060.81 -202.944 -171.412 
8315.6 -197.659 -171.539 
8554.3 -192.828 -173.758 
8776.34 -188.737 -177.774 
8983.83 -187.021 -183.571 
9177.88 -185.326 -185.695 
9360.08 -183.993 -183.317 
9537.23 -182.891 -173.75 
9711.23 -171.823 -157.828 
9877.1 -168.714 -167.642 
10065.7 -201.94 -250.177 
10399.9 -349.369 -454.449 
10887.4 -581.098 -769.44 
11389 -765.381 -1033.78 
11947.8 -917.256 -1188.59 
12981.7 -1244.24 -1320.98 
13636.7 -936.779 -1079.17 
13308.1 -353.026 -495.274 
13062.2 -70.9197 -25.8455 
12883.4 187.377 361.702 
12443.6 477.951 552.467 
11806.6 668.727 1123.41 
11626.4 1120.46 1071.1 
10550.3 1583.85 1715.85 
9585.65 2099.48 2366.53 
9047.04 2257.61 2662.19 
8648.21 2541.57 2939.01 
8305.98 2952.21 3230.43 
7987.07 3516.17 3580.32 
7724.37 4152.18 3937.05 
7259.43 4895.53 4603.66 
6689.59 4982.44 4642.54 
6084.88 3272.3 3091.93 
5780.66 1006.86 1522.91 
5504.11 998.712 1539.08 
5331.27 1020.7 1567.14 
5294.44 914.338 1604.17 
5298.14 880.449 1616.55 
5351.93 865.848 1629.65 
5421.45 844.995 1617.07 
5688.05 934.121 1740.11 
6580.51 4073.01 4543.84 
7547.69 3510.61 2331.23 
8200.79 3264.75 -5327.39 
6920.76 -225.041 -171.218 
7255.98 -226.362 -174.618 
7582.62 -225.114 -177.297 
7899.17 -223.041 -179.097 
8202.98 -219.591 -180.375 
8492.87 -216.129 -183.041 
8768.8 -214.174 -188.725 
9032.18 -214.375 -195.939 
9283.09 -213.211 -197.703 
9517.22 -206.259 -189.151 
9738.4 -198.609 -179.08 
9932.63 -180.94 -169.472 
10125.1 -191.015 -209.45 
10384.8 -259.16 -323.808 
10790.2 -435.906 -596.669 
11386.2 -737.981 -955.789 
12337.6 -1096.34 -1315.68 
13640.6 -1421.82 -1471.31 
14545.6 -1157.14 -1033.48 
14985.1 -487.438 -180.056 
14861.9 274.554 658.548 
14275.9 987.684 1774.03 
13728.9 2360.75 2732.14 
11747.1 4590.86 4791.5 
10053.3 5927.49 6483.55 
8632.46 7131.53 7793.45 
7237 7103.06 7296.57 
5766.66 2647.71 3437.79 
5625.52 883.634 1523.29 
5324.08 1007.39 1432.87 
5331.65 788.142 1466.05 
5325.85 788.044 1476.34 
5289.56 853.299 1447.07 
5228.1 877.359 1417.98 
5143.34 881.542 1389.59 
5004.36 784.19 1451.21 
4910.49 1159.09 1229.74 
4951.1 692.569 1278.41 
4909.6 546.511 1263.99 
4898.76 490.28 1179.84 
4829.97 286.813 835.901 
4760.76 -40.5756 193.677 
4771.15 -245.601 -218.75 
4810.17 -304.553 -274.38 
4791.91 -478.824 -356.454 
4763.89 -470.21 -70.2671 
4831.99 287.115 921.612 
4912.83 670.483 1280.97 
4935.18 668.532 1424.1 
5038.42 1914.12 2409.81 
7616.51 -237.498 -182.384 
7966.14 -238.155 -185.346 
8305.15 -236.072 -188.01 
8632.75 -234.45 -192.283 
8948.18 -234.22 -199.217 
9252.88 -235.195 -205.159 
9543.6 -230.148 -199.028 
9815.43 -216.493 -182.152 
10056.6 -193.249 -167.219 
10292.7 -204.149 -208.141 
10599.5 -279.629 -328.354 
11025 -433.162 -547.225 
11780.5 -764.863 -883.864 
12892 -1107.97 -1130.93 
14266.2 -1347.48 -1220.8 
15153.1 -862.01 -450.246 
15539.7 33.6007 623.039 
15437.8 1143.75 1877.83 
13661.7 4279.33 4556.72 
11119.8 6569.13 6728.15 
8498.19 7740.71 7326.59 
5988.41 4635.85 4133.7 
5600.49 1134.23 1464.46 
5227.07 992.29 1218.65 
5105.17 618.679 1192.29 
5033.9 537.84 1158.54 
4878.98 654.883 906.081 
4863.31 400.309 557.6 
4855.15 311.192 334.173 
4824.97 8.44692 -111.263 
4890.9 -52.9943 -87.7212 
4865.31 -41.6523 -104.549 
4864.51 -54.2089 -112.707 
4868.78 -51.9274 -104.821 
4872.99 -46.4833 -94.0328 
4873.8 -42.8018 -87.5678 
4884.2 -42.677 -93.2901 
4895.46 -19.3613 -22.1693 
4898.5 -4.42109 -16.3783 
4898.84 -5.28 -13.4843 
4899.58 -4.0108 -11.6086 
4900.5 -1.51893 -9.70977 
4900.93 -2.14425 -7.58644 
4901.22 -2.73704 -5.95707 
4901.43 -1.71086 -5.61724 
4901.22 -1.97416 -6.1873 
4900.22 -5.90026 -7.97819 
4899.1 -5.4052 -11.7495 
4898.79 -9.52196 -14.7003 
4910.98 -48.5811 -47.4466 
8358.63 -249.509 -192.859 
8722.72 -250.183 -197.109 
9076.07 -249.652 -202.441 
9419.31 -248.863 -204.67 
9748.08 -240.644 -193.948 
10054.6 -221.049 -173.723 
10335.8 -207.336 -178.666 
10654 -263.592 -282.443 
11073.3 -389.848 -456.666 
11780.3 -671.037 -716.849 
12773.3 -882.273 -835.544 
13908.8 -1037.02 -850.126 
14888 -710.752 -218.364 
15054.2 335.492 718.375 
14258.2 2550.78 3264.39 
11789.8 5482.25 5412 
8522.98 6562.48 6200.57 
6263.91 3009.7 3009.68 
5357.09 1618.17 1332.33 
4870.5 905.732 1066.94 
4725.08 472.638 677.872 
4719.85 -243.241 -426.36 
4839.61 -21.8584 -139.91 
4892.91 -17.6185 -94.9193 
4880.72 -45.3052 -91.4103 
4873 -46.3686 -84.4925 
4873.68 -54.6462 -78.3396 
4898.54 -15.2403 -26.6462 
4895.09 -10.8184 -17.15 
4902.68 -7.03223 -4.98879 
4905.96 -6.21597 8.37246 
4905.11 4.98821 8.97962 
4905.61 3.00811 9.26133 
4905.32 3.36388 8.5225 
4904.91 3.00804 7.40335 
4904.65 2.6258 6.5334 
4904.28 2.11845 6.29687 
4903.32 3.00179 2.51584 
4902.76 0.428472 0.812012 
4902.91 0.188122 0.744187 
4902.88 0.275173 0.626035 
4902.84 0.229152 0.517752 
4902.83 0.201372 0.457538 
4902.81 0.205792 0.398606 
4902.79 0.200125 0.336518 
4902.78 0.17837 0.312598 
4902.8 0.201552 0.385202 
4902.86 0.24778 0.418278 
4902.85 0.202201 0.579526 
4902.2 0.442888 1.84821 
9141.99 -259.205 -200.075 
9518.88 -256.963 -198.489 
9881.16 -246.864 -186.924 
10223.1 -229.235 -171.586 
10551.1 -227.687 -192.65 
10924.3 -296.798 -310.714 
11447.4 -468.162 -491.991 
12261.1 -668.403 -595.285 
13142.6 -653.336 -411.337 
14020.7 -491.386 -40.6239 
14107.8 435.595 730.335 
13157.2 2317.47 2940.68 
11020.8 4578.47 4765.19 
8272.32 4030.59 4014.51 
6375.32 2335.48 1921.35 
5058.49 1449.33 1231.53 
4668.32 1101.36 -24.3525 
4608.54 -279.843 -411.313 
4802.94 -127.503 -269.928 
4845.58 -120.915 -179.158 
4863.7 -106.565 -129.561 
4904.19 -24.7742 -29.5112 
4913.7 8.0169 17.4053 
4906.07 -0.362277 13.529 
4907.24 4.50894 16.736 
4908.17 7.80808 15.635 
4907.41 7.72054 13.4846 
4903.71 4.39079 5.82375 
4903.37 1.98233 2.66497 
4903.36 0.623612 1.56459 
4902.89 1.07443 0.740619 
4902.4 0.185789 -0.825943 
4902.48 -0.300429 -0.646362 
4902.53 -0.20891 -0.564567 
4902.56 -0.174592 -0.464325 
4902.59 -0.145297 -0.382502 
4902.61 -0.113293 -0.337712 
4902.64 -0.158007 -0.228182 
4902.7 -0.0927769 -0.0628699 
4902.7 -0.0162895 -0.023414 
4902.69 -0.00322381 -0.0263258 
4902.69 -0.0115106 -0.0227969 
4902.69 -0.00995601 -0.0193508 
4902.69 -0.00937211 -0.0170675 
4902.7 -0.00900686 -0.0145721 
4902.7 -0.00765353 -0.0125849 
4902.7 -0.00664709 -0.0133092 
4902.7 -0.00999857 -0.0139706 
4902.69 0.001379 -0.0143062 
4902.72 -0.00383082 -0.0600119 
9935.18 -248.211 -177.537 
10304.7 -233.331 -163.955 
10662.5 -231.91 -180.045 
11055.6 -285.985 -267.669 
11592 -423.793 -379.157 
12313.5 -497.337 -314.576 
13014.1 -331.395 56.1363 
13314.4 236.338 590.767 
12423.8 1289.36 1286.27 
11033.9 3294.79 3665.37 
8770.95 3302.97 3098.19 
6622.18 2568.19 1791.69 
5108.91 2018.83 814.887 
4511.31 -122.686 -377.984 
4469.3 -322.436 -526.99 
4667.36 -244.493 -334.015 
4815.64 -221.738 -154.167 
4971.15 23.6974 59.8643 
4951.48 40.729 66.0086 
4932.58 33.4125 52.4566 
4921.14 27.5749 37.553 
4907.44 15.5101 15.4983 
4901.22 3.13322 0.668593 
4902.2 0.104914 -0.864072 
4902.05 -0.359237 -2.14665 
4901.88 -0.968665 -2.23051 
4902.02 -0.968805 -1.88132 
4902.41 -0.690623 -1.07597 
4902.65 -0.357443 -0.426347 
4902.67 -0.104005 -0.147853 
4902.64 -0.0591348 -0.138501 
4902.7 -0.0660786 -0.000259343 
4902.72 0.00319743 0.0465478 
4902.71 0.0154763 0.037943 
4902.71 0.0128084 0.0277342 
4902.71 0.00880138 0.0209759 
4902.7 0.00628699 0.0167788 
4902.7 0.00636089 0.0136346 
4902.7 0.00621094 0.00797363 
4902.7 0.00382301 0.00215486 
4902.7 0.000648161 0.000417507 
4902.7 -0.000113518 0.000744875 
4902.7 0.000412569 0.000644963 
4902.7 0.000250783 0.000583217 
4902.7 0.000320112 0.000540185 
4902.7 0.000307229 0.000475297 
4902.7 0.000229501 0.000462507 
4902.7 0.000316651 0.000543113 
4902.7 0.000273736 0.000207647 
4902.7 -0.00120743 0.0017103 
10663.9 -221.418 -151.807 
11044 -245.726 -191.147 
11508.3 -318.163 -235.669 
12068.2 -320.792 -112.236 
12531 -77.3007 310.228 
12300.7 600.822 733.164 
10969.2 1812.98 1557.78 
9344.7 3051.01 2796.21 
7391.62 2613.89 2052.88 
5818.32 1764.89 1070.83 
4747.2 185.318 -231.192 
4509.25 -228.275 -416.731 
4737.94 -212.934 -210.545 
4955.44 -56.4733 8.72835 
5006.95 46.4816 93.4162 
4985.58 65.3039 90.7927 
4946.87 55.6724 58.2804 
4903.45 17.9109 6.98413 
4894.15 -2.17523 -8.82765 
4895.47 -5.89243 -10.083 
4897.65 -5.56381 -8.11362 
4900.36 -3.97652 -4.7431 
4902.39 -1.61019 -1.35408 
4902.81 -0.320485 -0.118415 
4902.83 0.00937275 0.219769 
4902.83 0.122111 0.263354 
4902.79 0.11816 0.22818 
4902.74 0.0901237 0.153001 
4902.72 0.0514967 0.0774047 
4902.7 0.0244255 0.0211458 
4902.7 0.00486906 0.00939984 
4902.7 0.00390885 0.00361476 
4902.7 0.000969676 -0.000215591 
4902.7 0.000399965 -0.00200311 
4902.7 -0.000547835 -0.00157147 
4902.7 -0.000482489 -0.00116086 
4902.7 -0.000409921 -0.000850284 
4902.7 -0.00027579 -0.00066854 
4902.7 -0.000261878 -0.000502543 
4902.7 -0.000257584 -0.00027595 
4902.7 -0.000102283 -9.50033e-05 
4902.7 -8.22765e-05 -5.94832e-06 
4902.7 2.03151e-05 -2.12317e-05 
4902.7 -2.46431e-05 -1.14833e-05 
4902.7 5.50703e-06 -1.83881e-05 
4902.7 -8.14008e-06 -2.38522e-05 
4902.7 -2.10435e-05 -1.6329e-05 
4902.7 -5.40286e-08 -1.72902e-05 
4902.7 -1.49376e-05 -1.5637e-05 
4902.7 2.60983e-05 -1.15953e-05 
11287.9 -211.718 -117.45 
11667.1 -169.252 4.90835 
11897.3 70.1731 349.984 
11430 684.741 732.913 
10031.7 1701.56 1349.88 
8325.95 2904.49 2139.51 
6725.02 1758.92 1244.05 
5604.66 660.675 319.208 
4865.07 133.919 -156.611 
4742.62 -102.334 -216.312 
4909.77 -90.2996 -33.397 
5002.22 24.4157 71.4254 
4988.68 62.4548 75.7787 
4931.78 41.489 29.7112 
4897.08 7.70516 -5.05061 
4889.01 -7.12674 -15.297 
4891.66 -10.2993 -13.8092 
4898.86 -6.51757 -5.86142 
4903.03 -1.67175 -0.382049 
4903.82 0.348588 1.20557 
4903.67 0.763157 1.24423 
4903.31 0.673022 0.934127 
4902.92 0.412324 0.43319 
4902.72 0.145872 0.113167 
4902.68 0.0256791 -0.00629365 
4902.68 -0.0099028 -0.0239374 
4902.69 -0.0108347 -0.0258547 
4902.69 -0.0122784 -0.0197944 
4902.7 -0.0082731 -0.0116494 
4902.7 -0.00409004 -0.00447789 
4902.7 -0.00127392 -0.0013086 
4902.7 -0.000532955 -0.000105308 
4902.7 0.000128681 -2.62564e-05 
4902.7 1.17756e-05 3.19299e-05 
4902.7 6.75894e-06 3.49866e-05 
4902.7 -5.3821e-05 4.46195e-05 
4902.7 5.31848e-06 5.90582e-05 
4902.7 2.9485e-05 5.1307e-05 
4902.7 2.73654e-05 3.12352e-05 
4902.7 1.57846e-05 2.04871e-05 
4902.7 1.17933e-05 5.69984e-06 
4902.7 -1.90785e-06 1.31537e-05 
4902.7 1.44424e-05 9.52778e-06 
4902.7 5.40766e-06 1.32722e-05 
4902.7 1.18777e-05 1.14138e-05 
4902.7 6.47442e-06 1.05454e-05 
4902.7 5.40811e-06 9.76567e-06 
4902.7 6.45862e-06 4.36439e-06 
4902.7 -1.88242e-06 1.73822e-06 
4902.7 6.13256e-07 -4.47089e-07 
11302.7 151.716 336.059 
10820 628.409 682.815 
9566.21 1243.03 1006.27 
7993.05 1802.86 1339.14 
6480.38 929.899 581.362 
5524.3 511.179 220.351 
4971.05 119.8 -73.4031 
4885.79 -67.0012 -87.9601 
4954.78 -21.8281 3.38631 
4976.71 30.1028 46.1847 
4942.93 38.0571 29.6213 
4903.9 11.8359 -1.55925 
4889.74 -5.94553 -13.9778 
4893.65 -9.25162 -10.1761 
4901.04 -4.10421 -2.418 
4904.28 -0.15269 1.40463 
4904.81 1.3587 2.30698 
4904.02 1.36681 1.5796 
4903.11 0.666356 0.53356 
4902.66 0.174892 0.00424293 
4902.59 -0.0448253 -0.104686 
4902.62 -0.0615731 -0.123124 
4902.64 -0.0578322 -0.0800335 
4902.67 -0.034964 -0.0369932 
4902.7 -0.0157523 -0.00675311 
4902.7 -0.000879028 0.000133543 
4902.7 0.000427574 0.00172155 
4902.7 0.000639962 0.00230886 
4902.7 0.00123346 0.00167997 
4902.7 0.000852353 0.000889639 
4902.7 0.000380933 0.000265927 
4902.7 8.6031e-05 5.1756e-05 
4902.7 2.11242e-05 -4.12021e-06 
4902.7 -9.78892e-06 -1.00676e-06 
4902.7 -1.01232e-05 -2.25914e-05 
4902.7 -9.54625e-06 -2.3853e-06 
4902.7 3.69107e-06 -3.3145e-06 
4902.7 -6.24081e-07 -8.31445e-06 
4902.7 -7.74357e-06 -1.06478e-05 
4902.7 -8.42901e-06 -1.31152e-05 
4902.7 -1.249e-05 -1.51076e-05 
4902.7 -1.19824e-05 -1.72305e-05 
4902.7 -1.42441e-05 -2.241e-05 
4902.7 -1.84357e-05 -2.52629e-05 
4902.7 -1.96922e-05 -2.79845e-05 
4902.7 -2.30847e-05 -2.94047e-05 
4902.7 -2.1731e-05 -2.64703e-05 
4902.7 -1.52539e-05 -1.7017e-05 
4902.7 -5.74159e-06 -2.55467e-06 
4902.7 1.29246e-06 4.59531e-06 
9351.66 899.428 771.007 
7877.26 1070.01 748.665 
6458.5 806.055 448.229 
5524.56 435.219 152.118 
5047.2 90.7142 -49.0542 
4974.6 -5.22951 -29.3388 
4981.76 14.9838 19.8573 
4962.6 35.4131 30.8395 
4923.46 21.1802 10.2586 
4900.85 2.97438 -4.82209 
4897.58 -4.6672 -6.46117 
4902.1 -2.61483 -1.51504 
4905.01 0.452729 1.85575 
4905.05 1.73989 2.19165 
4903.72 1.13661 0.999821 
4902.85 0.367339 0.102653 
4902.49 -0.0433595 -0.226835 
4902.5 -0.171848 -0.252117 
4902.6 -0.118921 -0.131766 
4902.67 -0.0444333 -0.038988 
4902.69 -0.0135772 -0.00504135 
4902.71 -0.00238792 0.0102316 
4902.71 0.00640558 0.00748991 
4902.7 0.00234386 0.00506006 
4902.7 0.00221051 0.00220328 
4902.7 0.00116081 0.000567018 
4902.7 0.000144845 0.000178661 
4902.7 0.000120751 -0.000163664 
4902.7 -8.24223e-05 -0.000124076 
4902.7 -6.61905e-05 -0.000120783 
4902.7 -9.45376e-05 -7.7748e-05 
4902.7 -4.82556e-05 -3.45119e-05 
4902.7 -1.80582e-05 -3.01679e-05 
4902.7 -2.75841e-05 -4.24478e-05 
4902.7 -3.29644e-05 -2.94498e-05 
4902.7 -2.30499e-05 -3.13435e-05 
4902.7 -2.54497e-05 -3.25514e-05 
4902.7 -2.5437e-05 -3.07194e-05 
4902.7 -2.27634e-05 -2.51081e-05 
4902.7 -1.73957e-05 -1.85721e-05 
4902.7 -1.19751e-05 -1.08242e-05 
4902.7 -5.09238e-06 -3.30816e-06 
4902.7 5.80812e-07 4.42094e-06 
4902.7 6.96416e-06 1.21191e-05 
4902.7 1.30217e-05 1.88616e-05 
4902.7 1.5729e-05 2.39262e-05 
4902.7 2.65314e-05 2.77838e-05 
4902.7 2.78125e-05 1.5884e-05 
4902.7 1.70149e-05 -7.62273e-06 
4902.7 -3.52142e-06 -2.28919e-05 
6629.2 740.788 402.691 
5673.21 427.733 154.159 
5194.68 152.728 14.4543 
5043.1 45.0249 3.49473 
4998.26 36.0859 24.1481 
4955 30.436 18.9835 
4920.42 14.4646 4.50079 
4905.02 1.98873 -2.74047 
4903.5 -0.911077 -1.61122 
4904.81 0.296929 0.722001 
4904.66 1.18524 1.33994 
4903.59 0.819516 0.601572 
4902.69 0.217343 -0.0983715 
4902.43 -0.174509 -0.306302 
4902.53 -0.173808 -0.208551 
4902.67 -0.0852889 -0.0548183 
4902.7 0.00208973 0.00022756 
4902.71 0.00530242 0.0318038 
4902.72 0.017435 0.0210311 
4902.7 0.00929319 0.00805526 
4902.7 0.00144831 0.00137605 
4902.7 -0.000201254 0.000101735 
4902.7 0.000371224 -0.000711801 
4902.7 -0.000312283 -0.000115828 
4902.7 0.00013587 -5.76585e-05 
4902.7 -1.28092e-05 -1.66246e-05 
4902.7 -4.12598e-05 -0.000136685 
4902.7 -8.09707e-05 -3.19287e-05 
4902.7 -1.82576e-05 -1.35484e-05 
4902.7 -1.71264e-05 -2.05022e-05 
4902.7 -7.18464e-06 1.58936e-05 
4902.7 1.98501e-05 3.90474e-05 
4902.7 3.38431e-05 5.3708e-05 
4902.7 4.72016e-05 7.81363e-05 
4902.7 6.66231e-05 9.58356e-05 
4902.7 7.97147e-05 0.000112656 
4902.7 9.2296e-05 0.000127557 
4902.7 0.000102627 0.000139627 
4902.7 0.000110549 0.000147852 
4902.7 0.000115063 0.000152393 
4902.7 0.000116626 0.000153831 
4902.7 0.000115759 0.000152521 
4902.7 0.000112691 0.000149286 
4902.7 0.000108388 0.000144624 
4902.7 0.000102939 0.000139271 
4902.7 9.58479e-05 0.000135612 
4902.7 0.000101152 0.000134305 
4902.7 6.54709e-05 0.000124453 
4902.7 2.96342e-05 9.86484e-05 
4902.7 -2.83567e-06 5.1688e-05 
5362.48 236.326 66.6409 
5117.54 91.1624 24.3544 
5018.77 48.6541 22.0701 
4961.8 30.684 14.7894 
4926.22 14.479 4.3988 
4910.74 4.54501 -0.0402745 
4906.39 1.39319 0.0702504 
4905.12 1.07687 0.717057 
4903.89 0.824059 0.51312 
4903.03 0.295706 0.074896 
4902.64 0.016438 -0.166952 
4902.62 -0.0955673 -0.0817822 
4902.75 -0.0233548 -0.0237945 
4902.73 0.0207018 0.0328787 
4902.74 0.0256733 0.0374429 
4902.71 0.0206534 0.0171552 
4902.7 0.00710985 0.00406552 
4902.69 -0.00123111 -0.00529879 
4902.7 -0.00450028 -0.00267779 
4902.7 -0.000731613 -0.0021365 
4902.7 -0.0011599 -0.000278344 
4902.7 0.00024707 0.000180557 
4902.7 0.000197529 0.000233448 
4902.7 0.000115687 3.18333e-05 
4902.7 2.32876e-06 6.47644e-05 
4902.7 4.45011e-05 3.34355e-05 
4902.7 4.46785e-05 0.000123087 
4902.7 0.000107274 0.000145291 
4902.7 0.000115832 0.000132067 
4902.7 0.000106989 0.000134524 
4902.7 0.000106002 0.000116147 
4902.7 8.72937e-05 8.44609e-05 
4902.7 6.06627e-05 4.83718e-05 
4902.7 3.01898e-05 4.25852e-06 
4902.7 -6.78425e-06 -4.51574e-05 
4902.7 -4.68344e-05 -9.82508e-05 
4902.7 -8.92346e-05 -0.000152884 
4902.7 -0.000131703 -0.000207043 
4902.7 -0.000172945 -0.000259078 
4902.7 -0.000211541 -0.000307547 
4902.7 -0.000246532 -0.000351524 
4902.7 -0.000277231 -0.000390394 
4902.7 -0.000303335 -0.000423854 
4902.7 -0.000324713 -0.000451959 
4902.7 -0.000341873 -0.000475023 
4902.7 -0.00035426 -0.000493799 
4902.7 -0.000358844 -0.000514421 
4902.7 -0.000385181 -0.000502622 
4902.7 -0.000296897 -0.000379118 
4902.7 -6.60795e-05 -2.28828e-05 
5058.9 72.8125 23.5066 
4982.89 37.4707 15.7228 
4938.2 19.0313 6.55549 
4917.05 7.82105 1.82291 
4908.79 3.08827 0.731489 
4905.58 1.46964 0.565977 
4903.94 0.769587 0.295684 
4903.12 0.27959 0.0576523 
4902.82 0.0921051 -0.0362063 
4902.73 0.00309902 0.00466582 
4902.81 0.00981906 0.00943317 
4902.7 0.0393756 0.00675305 
4902.72 -0.0071546 0.0277485 
4902.71 0.0215587 -0.00339953 
4902.68 -0.00333127 -0.00173812 
4902.69 -0.00287607 -0.00413889 
4902.7 -0.00358419 -0.00226867 
4902.7 -0.00128887 -0.000230245 
4902.7 0.000355984 0.000917963 
4902.7 0.000719273 0.000527661 
4902.7 0.000327861 0.000323169 
4902.7 0.000196549 0.000142977 
4902.7 5.16117e-05 -1.60467e-05 
4902.7 -1.73768e-05 -2.54792e-05 
4902.7 -1.62307e-05 -7.24737e-05 
4902.7 -6.74466e-05 -0.000132098 
4902.7 -0.000117875 -0.00021128 
4902.7 -0.000184749 -0.000297324 
4902.7 -0.000251064 -0.000366854 
4902.7 -0.000304579 -0.000429458 
4902.7 -0.000351658 -0.00047915 
4902.7 -0.00038645 -0.000510751 
4902.7 -0.000406437 -0.000524913 
4902.7 -0.00041193 -0.000520756 
4902.7 -0.000402414 -0.000498795 
4902.7 -0.000378948 -0.000460543 
4902.7 -0.000342876 -0.000408153 
4902.7 -0.000296332 -0.000344496 
4902.7 -0.000241866 -0.000272684 
4902.7 -0.000182048 -0.000195795 
4902.7 -0.000119485 -0.000116841 
4902.7 -5.65711e-05 -3.87526e-05 
4902.7 4.50254e-06 3.59836e-05 
4902.7 6.18073e-05 0.000105046 
4902.7 0.000113563 0.000166673 
4902.7 0.000160412 0.000220561 
4902.7 0.000192714 0.000262969 
4902.7 0.000217806 0.000273219 
4902.7 0.000237555 9.83372e-05 
4902.7 0.000390144 -0.000222224 
4956.19 27.0884 8.87697 
4926.72 12.4626 3.87382 
4912.64 5.27495 1.42243 
4907.03 2.29769 0.712888 
4904.52 1.06764 0.33822 
4903.41 0.430872 0.126323 
4902.96 0.183179 0.0324609 
4902.78 0.0562276 0.0272542 
4902.79 0.0154057 -0.00207261 
4902.69 0.0269174 -0.00388991 
4902.73 -0.0157267 0.0251887 
4902.72 0.0277012 -0.00667363 
4902.68 -0.00531022 -0.00360362 
4902.7 -0.00419539 -0.000638383 
4902.7 -0.000149047 -0.00329871 
4902.7 -0.00260159 -0.000655286 
4902.7 0.000112664 -5.00379e-05 
4902.7 0.000226274 0.000237525 
4902.7 0.000143283 -0.000194551 
4902.7 -0.000269256 -0.000397928 
4902.7 -0.000354417 -0.000466493 
4902.7 -0.000379715 -0.000475698 
4902.7 -0.000385319 -0.000458387 
4902.7 -0.000365604 -0.000421567 
4902.7 -0.000338599 -0.000367539 
4902.7 -0.000288803 -0.000279196 
4902.7 -0.0002116 -0.000159773 
4902.7 -0.000110487 -1.19448e-05 
4902.7 1.14252e-05 0.000154637 
4902.7 0.000146621 0.000334652 
4902.7 0.000290235 0.000521359 
4902.7 0.000436825 0.000707448 
4902.7 0.000580477 0.000887308 
4902.7 0.000716762 0.00105583 
4902.7 0.00084164 0.00120919 
4902.7 0.000952348 0.00134454 
4902.7 0.00104706 0.00146065 
4902.7 0.00112495 0.00155719 
4902.7 0.00118583 0.0016346 
4902.7 0.00123095 0.00169417 
4902.7 0.00126129 0.00173795 
4902.7 0.00127899 0.00176827 
4902.7 0.00128609 0.00178746 
4902.7 0.00128453 0.0017983 
4902.7 0.00127648 0.00180301 
4902.7 0.00126497 0.00180246 
4902.7 0.00124586 0.00180227 
4902.7 0.00125595 0.00183979 
4902.7 0.00116805 0.00195382 
4902.7 0.000808905 0.00145834 
4919.56 9.09595 2.55184 
4910.03 3.92133 1.18608 
4905.73 1.7047 0.494029 
4903.94 0.699548 0.187316 
4903.17 0.298656 0.0656429 
4902.85 0.109338 0.0358842 
4902.79 0.0350151 -0.00457386 
4902.68 0.0213086 -0.00645605 
4902.74 -0.0231421 0.0191608 
4902.73 0.0261947 -0.00901692 
4902.68 -0.00131098 -0.000377628 
4902.71 -0.00175405 0.00334644 
4902.7 0.00242917 -0.00270983 
4902.7 -0.00272032 0.000361782 
4902.7 0.000842113 0.000171063 
4902.7 0.000247883 0.000651309 
4902.7 0.000344844 0.000187304 
4902.7 -1.83445e-05 -9.82653e-06 
4902.7 -5.09653e-05 7.18347e-05 
4902.7 9.66119e-05 0.00030601 
4902.7 0.000299967 0.000552506 
4902.7 0.000484899 0.000773394 
4902.7 0.000656854 0.000977688 
4902.7 0.000815541 0.00115845 
4902.7 0.000954527 0.00131019 
4902.7 0.00106875 0.00142588 
4902.7 0.00115205 0.00150044 
4902.7 0.00120169 0.00153192 
4902.7 0.00121638 0.0015215 
4902.7 0.00119781 0.0014716 
4902.7 0.00114828 0.00138672 
4902.7 0.001072 0.00127219 
4902.7 0.000973265 0.001134 
4902.7 0.000857385 0.000978595 
4902.69 0.000729469 0.000811831 
4902.69 0.000594316 0.000639595 
4902.69 0.000456722 0.00046675 
4902.69 0.000320696 0.000297625 
4902.69 0.000189051 0.000135902 
4902.69 6.49361e-05 -1.56879e-05 
4902.69 -4.9833e-05 -0.00015518 
4902.69 -0.000153778 -0.000281276 
4902.69 -0.000246353 -0.000393003 
4902.69 -0.000326869 -0.000490054 
4902.69 -0.000395682 -0.000572237 
4902.69 -0.000452297 -0.000639013 
4902.69 -0.000499595 -0.000692034 
4902.69 -0.000529912 -0.000771669 
4902.69 -0.00050233 -0.000749135 
4902.69 -0.000649849 0.000109316 
4908.03 3.04992 0.794609 
4904.89 1.25486 0.335939 
4903.56 0.496755 0.129619 
4903.06 0.200874 0.0728933 
4902.86 0.0918544 0.0103321 
4902.7 0.0437688 0.00112264 
4902.74 -0.0218812 0.015669 
4902.74 0.0211394 -0.0151558 
4902.69 -0.00252619 0.00556682 
4902.72 0.00426019 0.00978499 
4902.7 0.00766544 -0.00154382 
4902.7 -0.00336407 -4.76922e-05 
4902.7 0.000389116 0.00019408 
4902.7 0.00060481 0.00119337 
4902.7 0.000919239 0.000960593 
4902.7 0.00071901 0.000878694 
4902.7 0.000771996 0.00102042 
4902.7 0.000897947 0.00113254 
4902.7 0.00096777 0.00115304 
4902.7 0.000948491 0.00106217 
4902.7 0.000855971 0.000900522 
4902.7 0.000720714 0.000697841 
4902.7 0.000557298 0.000467474 
4902.7 0.000372771 0.000218096 
4902.7 0.000175479 -4.01036e-05 
4902.7 -2.67834e-05 -0.000297708 
4902.7 -0.000226412 -0.000546153 
4902.7 -0.000416627 -0.000778144 
4902.7 -0.000592304 -0.000988497 
4902.7 -0.000749391 -0.00117355 
4902.7 -0.000885267 -0.0013313 
4902.7 -0.000999045 -0.00146137 
4902.7 -0.00109029 -0.00156443 
4902.7 -0.00115997 -0.00164214 
4902.7 -0.00120973 -0.0016969 
4902.7 -0.00124134 -0.00173146 
4902.7 -0.00125743 -0.0017487 
4902.7 -0.00126032 -0.00175209 
4902.7 -0.00125271 -0.00174445 
4902.7 -0.00123683 -0.00172869 
4902.7 -0.00121499 -0.00170718 
4902.7 -0.00118932 -0.0016823 
4902.7 -0.00116135 -0.00165613 
4902.7 -0.00113277 -0.00163025 
4902.7 -0.00110487 -0.00160598 
4902.7 -0.00107841 -0.00158513 
4902.7 -0.00105401 -0.00156577 
4902.7 -0.00103752 -0.00153314 
4902.7 -0.00101921 -0.00163125 
4902.7 -0.000808224 -0.00191381 
4904.34 0.982298 0.222895 
4903.35 0.388655 0.108083 
4902.97 0.151721 0.0374887 
4902.75 0.0784653 0.013895 
4902.74 -0.000716283 0.0214494 
4902.73 0.0221062 -0.0181805 
4902.68 -0.00643924 0.00529716 
4902.73 0.00395188 0.0145999 
4902.7 0.0137429 -0.00134893 
4902.69 -0.00439831 -0.000818623 
4902.7 -0.000507809 -0.00129286 
4902.7 -0.000382469 0.000427085 
4902.7 0.000559688 0.000361399 
4902.7 0.000203118 -0.000140786 
4902.7 -0.000131991 -0.00039783 
4902.7 -0.000293354 -0.00061101 
4902.7 -0.000466972 -0.000837842 
4902.7 -0.00065412 -0.00106449 
4902.7 -0.000826306 -0.00125498 
4902.7 -0.000964864 -0.00139671 
4902.7 -0.00106474 -0.00148938 
4902.7 -0.00112887 -0.00153942 
4902.7 -0.0011613 -0.00155236 
4902.7 -0.00116561 -0.00153249 
4902.7 -0.00114525 -0.00148487 
4902.7 -0.00110427 -0.00141491 
4902.7 -0.00104693 -0.00132795 
4902.7 -0.000977412 -0.00122939 
4902.7 -0.000900022 -0.00112388 
4902.7 -0.000818105 -0.00101561 
4902.7 -0.00073485 -0.00090803 
4902.7 -0.000652875 -0.000803801 
4902.7 -0.000574012 -0.00070497 
4902.7 -0.000499682 -0.000613019 
4902.7 -0.000431061 -0.000528784 
4902.7 -0.000368536 -0.000452705 
4902.7 -0.00031236 -0.000385008 
4902.7 -0.000262795 -0.000325236 
4902.7 -0.000219262 -0.000273112 
4902.7 -0.000181582 -0.000228107 
4902.7 -0.000149194 -0.000189735 
4902.7 -0.000121833 -0.000157325 
4902.7 -9.88865e-05 -0.000130211 
4902.7 -7.9842e-05 -0.000107904 
4902.7 -6.42716e-05 -8.98363e-05 
4902.7 -5.17081e-05 -7.53462e-05 
4902.7 -4.20054e-05 -6.55868e-05 
4902.7 -3.23818e-05 -6.19114e-05 
4902.7 -4.34003e-05 -3.12575e-06 
4902.7 -2.98625e-05 -0.000105155 
4903.18 0.340847 0.116317 
4902.87 0.139582 0.0386325 
4902.76 0.0390865 0.0196984 
4902.72 0.026271 -0.00390869 
4902.68 -0.00761173 -0.00439795 
4902.73 -0.00190981 0.0110169 
4902.7 0.0129044 -0.00372331 
4902.7 -0.00559485 -0.0021808 
4902.7 -0.00128626 -0.00315556 
4902.7 -0.00213017 -0.00132764 
4902.7 -0.00070227 -0.000774443 
4902.7 -0.000649388 -0.00108997 
4902.7 -0.000856071 -0.0011757 
4902.7 -0.000885793 -0.00111804 
4902.7 -0.000815744 -0.000985363 
4902.7 -0.000723023 -0.000862348 
4902.7 -0.000632341 -0.000737211 
4902.7 -0.000538104 -0.000610166 
4902.7 -0.000443119 -0.000487222 
4902.7 -0.000352547 -0.000373967 
4902.7 -0.000270196 -0.000273305 
4902.7 -0.000197302 -0.000185914 
4902.7 -0.00013432 -0.000111691 
4902.7 -8.12541e-05 -5.02299e-05 
4902.7 -3.7741e-05 -7.17887e-07 
4902.7 -3.04436e-06 3.78969e-05 
4902.7 2.36598e-05 6.67617e-05 
4902.7 4.32977e-05 8.73362e-05 
4902.7 5.70358e-05 0.000100929 
4902.7 6.58349e-05 0.000108857 
4902.7 7.07049e-05 0.000112301 
4902.7 7.25201e-05 0.000112336 
4902.7 7.20534e-05 0.000109875 
4902.7 6.99606e-05 0.000105624 
4902.7 6.67534e-05 0.00010028 
4902.7 6.29055e-05 9.42859e-05 
4902.7 5.87094e-05 8.80283e-05 
4902.7 5.44407e-05 8.18e-05 
4902.7 5.02568e-05 7.57918e-05 
4902.7 4.62919e-05 7.01661e-05 
4902.7 4.26262e-05 6.49955e-05 
4902.7 3.92944e-05 6.0351e-05 
4902.7 3.63287e-05 5.62437e-05 
4902.7 3.37226e-05 5.2698e-05 
4902.7 3.14907e-05 4.96935e-05 
4902.7 2.95953e-05 4.71628e-05 
4902.7 2.79288e-05 4.55471e-05 
4902.7 2.72029e-05 4.37121e-05 
4902.7 2.74083e-05 3.54643e-05 
4902.7 5.05388e-06 7.96667e-05 
