3.55859e-05 
4.44457e-05 
4.57779e-05 
4.21895e-05 
3.69705e-05 
3.15837e-05 
2.66775e-05 
2.24505e-05 
1.89057e-05 
1.59695e-05 
1.35469e-05 
1.15456e-05 
9.88493e-06 
8.49741e-06 
7.32837e-06 
6.33385e-06 
5.47874e-06 
4.73495e-06 
4.07988e-06 
3.49521e-06 
2.96588e-06 
2.4793e-06 
2.02474e-06 
1.59278e-06 
1.17492e-06 
7.63175e-07 
3.49772e-07 
-7.31938e-08 
-5.14093e-07 
-9.82128e-07 
-1.48776e-06 
-2.04322e-06 
-2.66316e-06 
-3.36548e-06 
-4.17237e-06 
-5.11163e-06 
-6.21843e-06 
-7.53745e-06 
-9.12542e-06 
-1.1054e-05 
-1.34123e-05 
-1.63079e-05 
-1.98626e-05 
-2.41953e-05 
-2.93755e-05 
-3.5319e-05 
-4.1513e-05 
-4.66584e-05 
-4.71867e-05 
-3.98793e-05 
7.73948e-05 
0.00010072 
0.000102997 
9.48428e-05 
8.37586e-05 
7.23039e-05 
6.17896e-05 
5.25895e-05 
4.47478e-05 
3.81431e-05 
3.26064e-05 
2.79638e-05 
2.40578e-05 
2.07528e-05 
1.79358e-05 
1.55142e-05 
1.34121e-05 
1.15679e-05 
9.93111e-06 
8.4602e-06 
7.12046e-06 
5.88254e-06 
4.72106e-06 
3.61353e-06 
2.53945e-06 
1.47945e-06 
4.14575e-07 
-6.74444e-07 
-1.80798e-06 
-3.00831e-06 
-4.30059e-06 
-5.71395e-06 
-7.28288e-06 
-9.04901e-06 
-1.10632e-05 
-1.33881e-05 
-1.6102e-05 
-1.93019e-05 
-2.3109e-05 
-2.76722e-05 
-3.31723e-05 
-3.98202e-05 
-4.78442e-05 
-5.74573e-05 
-6.87488e-05 
-8.15318e-05 
-9.46862e-05 
-0.00010578 
-0.000106712 
-8.51375e-05 
9.94484e-05 
0.000135233 
0.000144392 
0.000138153 
0.000125839 
0.000111509 
9.74121e-05 
8.44682e-05 
7.30143e-05 
6.3068e-05 
5.45123e-05 
4.71775e-05 
4.08859e-05 
3.54714e-05 
3.07868e-05 
2.67058e-05 
2.31215e-05 
1.99441e-05 
1.70982e-05 
1.45201e-05 
1.21555e-05 
9.95792e-06 
7.88613e-06 
5.90331e-06 
3.97542e-06 
2.07012e-06 
1.55554e-07 
-1.8006e-06 
-3.83244e-06 
-5.97696e-06 
-8.2755e-06 
-1.07753e-05 
-1.35315e-05 
-1.66092e-05 
-2.00866e-05 
-2.40576e-05 
-2.86362e-05 
-3.39593e-05 
-4.01908e-05 
-4.75228e-05 
-5.61717e-05 
-6.6365e-05 
-7.8303e-05 
-9.20841e-05 
-0.000107518 
-0.000123853 
-0.000138934 
-0.000148572 
-0.00014247 
-0.00010729 
0.000109757 
0.000156213 
0.000173831 
0.000172611 
0.000162224 
0.000147666 
0.000131981 
0.000116698 
0.000102561 
8.98427e-05 
7.85785e-05 
6.86794e-05 
6.00053e-05 
5.24004e-05 
4.5713e-05 
3.98033e-05 
3.45471e-05 
2.98355e-05 
2.55741e-05 
2.16807e-05 
1.80838e-05 
1.47202e-05 
1.15332e-05 
8.47144e-06 
5.48659e-06 
2.53244e-06 
-4.36704e-07 
-3.46722e-06 
-6.60783e-06 
-9.91098e-06 
-1.34346e-05 
-1.72438e-05 
-2.14131e-05 
-2.60289e-05 
-3.1192e-05 
-3.70201e-05 
-4.36506e-05 
-5.12419e-05 
-5.99726e-05 
-7.00361e-05 
-8.16247e-05 
-9.48976e-05 
-0.000109912 
-0.000126506 
-0.000144048 
-0.000161096 
-0.000174539 
-0.000179013 
-0.000163742 
-0.000116892 
0.000111298 
0.000165389 
0.000191132 
0.000196495 
0.000190311 
0.00017785 
0.000162612 
0.000146629 
0.000131053 
0.000116469 
0.000103125 
9.10759e-05 
8.02704e-05 
7.0606e-05 
6.19584e-05 
5.41994e-05 
4.72054e-05 
4.08622e-05 
3.50659e-05 
2.97227e-05 
2.47485e-05 
2.0067e-05 
1.56084e-05 
1.1308e-05 
7.10425e-06 
2.93784e-06 
-1.25026e-06 
-5.51997e-06 
-9.93382e-06 
-1.45586e-05 
-1.94669e-05 
-2.47391e-05 
-3.04651e-05 
-3.67462e-05 
-4.36969e-05 
-5.14459e-05 
-6.01364e-05 
-6.99228e-05 
-8.09644e-05 
-9.341e-05 
-0.000107368 
-0.000122857 
-0.000139707 
-0.000157417 
-0.000174885 
-0.00019006 
-0.00019924 
-0.000196662 
-0.000172477 
-0.000117377 
0.000108536 
0.000167293 
0.00019963 
0.000211482 
0.000210381 
0.000201359 
0.000188026 
0.000172706 
0.000156867 
0.00014137 
0.000126691 
0.000113051 
0.000100519 
8.90759e-05 
7.86507e-05 
6.91484e-05 
6.04643e-05 
5.24924e-05 
4.51305e-05 
3.82817e-05 
3.18558e-05 
2.57682e-05 
1.99399e-05 
1.42957e-05 
8.76348e-06 
3.27273e-06 
-2.24701e-06 
-7.86717e-06 
-1.36619e-05 
-1.97096e-05 
-2.6094e-05 
-3.29061e-05 
-4.02448e-05 
-4.82183e-05 
-5.69438e-05 
-6.65466e-05 
-7.71564e-05 
-8.89002e-05 
-0.000101888 
-0.000116188 
-0.000131786 
-0.000148522 
-0.000165977 
-0.000183325 
-0.000199086 
-0.000210828 
-0.000214665 
-0.000205054 
-0.000173639 
-0.000113601 
0.00010346 
0.000164494 
0.00020168 
0.000219224 
0.000223262 
0.000218289 
0.000207767 
0.000194115 
0.000178988 
0.000163457 
0.00014819 
0.000133571 
0.0001198 
0.000106953 
9.50308e-05 
8.39879e-05 
7.37527e-05 
6.42405e-05 
5.53611e-05 
4.70234e-05 
3.9138e-05 
3.16182e-05 
2.43802e-05 
1.73426e-05 
1.0426e-05 
3.5518e-06 
-3.3587e-06 
-1.03854e-05 
-1.76108e-05 
-2.51206e-05 
-3.30054e-05 
-4.13605e-05 
-5.0287e-05 
-5.98905e-05 
-7.02797e-05 
-8.15624e-05 
-9.38386e-05 
-0.000107188 
-0.000121649 
-0.00013719 
-0.000153658 
-0.000170707 
-0.000187698 
-0.000203551 
-0.000216546 
-0.000224104 
-0.000222463 
-0.000206668 
-0.000169964 
-0.000107608 
9.74585e-05 
0.000159012 
0.000199422 
0.000221551 
0.000230255 
0.000229379 
0.000222074 
0.000210701 
0.000196983 
0.000182119 
0.000166918 
0.000151902 
0.000137387 
0.000123547 
0.000110461 
9.81401e-05 
8.65572e-05 
7.56577e-05 
6.53725e-05 
5.56238e-05 
4.63299e-05 
3.74078e-05 
2.87741e-05 
2.03459e-05 
1.20404e-05 
3.7749e-06 
-4.53385e-06 
-1.29704e-05 
-2.16211e-05 
-3.05749e-05 
-3.99235e-05 
-4.97606e-05 
-6.01817e-05 
-7.12816e-05 
-8.31502e-05 
-9.58666e-05 
-0.000109489 
-0.000124036 
-0.000139465 
-0.000155639 
-0.000172271 
-0.00018886 
-0.000204592 
-0.000218226 
-0.000227941 
-0.000231193 
-0.000224545 
-0.000203774 
-0.000163581 
-0.000100805 
9.11987e-05 
0.000152052 
0.000194342 
0.000219934 
0.000232602 
0.000235536 
0.000231503 
0.000222703 
0.00021083 
0.000197137 
0.000182522 
0.000167605 
0.000152802 
0.000138372 
0.000124467 
0.00011116 
9.84699e-05 
8.6379e-05 
7.48451e-05 
6.38101e-05 
5.32061e-05 
4.29586e-05 
3.29899e-05 
2.32198e-05 
1.35666e-05 
3.94773e-06 
-5.72055e-06 
-1.55231e-05 
-2.5546e-05 
-3.58763e-05 
-4.66014e-05 
-5.78078e-05 
-6.95788e-05 
-8.19906e-05 
-9.51068e-05 
-0.00010897 
-0.000123587 
-0.000138915 
-0.00015483 
-0.000171095 
-0.000187312 
-0.000202858 
-0.000216809 
-0.000227848 
-0.000234164 
-0.000233373 
-0.00022246 
-0.000197941 
-0.000155739 
-9.38433e-05 
8.50573e-05 
0.000144401 
0.000187515 
0.000215552 
0.000231414 
0.000237692 
0.000236751 
0.000230575 
0.000220765 
0.000208564 
0.000194909 
0.000180486 
0.000165779 
0.000151121 
0.000136727 
0.000122725 
0.000109183 
9.61191e-05 
8.3523e-05 
7.13598e-05 
5.95792e-05 
4.81204e-05 
3.69152e-05 
2.58905e-05 
1.49699e-05 
4.07464e-06 
-6.87506e-06 
-1.79601e-05 
-2.9262e-05 
-4.08612e-05 
-5.28363e-05 
-6.52608e-05 
-7.82005e-05 
-9.17078e-05 
-0.000105815 
-0.000120524 
-0.000135791 
-0.000151511 
-0.000167487 
-0.0001834 
-0.000198765 
-0.000212882 
-0.000224768 
-0.000233105 
-0.000236169 
-0.000231812 
-0.00021746 
-0.000190303 
-0.000147245 
-8.70837e-05 
7.92039e-05 
0.000136521 
0.000179662 
0.000209285 
0.0002276 
0.000236684 
0.000238522 
0.000234859 
0.000227161 
0.000216621 
0.000204172 
0.000190529 
0.000176226 
0.000161645 
0.000147054 
0.000132632 
0.000118486 
0.000104675 
9.12174e-05 
7.8104e-05 
6.53051e-05 
5.27763e-05 
4.04625e-05 
2.83011e-05 
1.62244e-05 
4.1615e-06 
-7.9597e-06 
-2.0212e-05 
-3.26683e-05 
-4.53987e-05 
-5.84682e-05 
-7.19338e-05 
-8.58397e-05 
-0.000100212 
-0.000115049 
-0.000130312 
-0.00014591 
-0.000161683 
-0.000177371 
-0.000192595 
-0.000206811 
-0.000219275 
-0.000229 
-0.000234714 
-0.000234833 
-0.000227471 
-0.000210477 
-0.000181621 
-0.000138572 
-8.06813e-05 
7.37105e-05 
0.000128688 
0.000171271 
0.000201775 
0.000221879 
0.000233229 
0.00023747 
0.000236106 
0.000230455 
0.000221624 
0.000210516 
0.000197849 
0.000184176 
0.000169918 
0.00015538 
0.000140779 
0.000126262 
0.000111921 
9.78031e-05 
8.39255e-05 
7.02798e-05 
5.684e-05 
4.35661e-05 
3.04087e-05 
1.73115e-05 
4.21389e-06 
-8.94517e-06 
-2.22258e-05 
-3.5689e-05 
-4.9391e-05 
-6.33807e-05 
-7.76957e-05 
-9.2357e-05 
-0.000107363 
-0.000122679 
-0.00013823 
-0.000153881 
-0.000169425 
-0.000184558 
-0.000198855 
-0.000211742 
-0.000222466 
-0.000230067 
-0.000233356 
-0.000230915 
-0.000221119 
-0.000202201 
-0.000172409 
-0.00013 
-7.46975e-05 
6.85917e-05 
0.000121056 
0.000162659 
0.000193485 
0.000214806 
0.000227917 
0.000234168 
0.000234838 
0.000231089 
0.000223931 
0.000214213 
0.000202634 
0.000189752 
0.000176003 
0.00016172 
0.00014715 
0.000132469 
0.000117799 
0.000103215 
8.87568e-05 
7.44394e-05 
6.02551e-05 
4.61808e-05 
3.2182e-05 
1.8216e-05 
4.23426e-06 
-9.81097e-06 
-2.39633e-05 
-3.82697e-05 
-5.27706e-05 
-6.7497e-05 
-8.24658e-05 
-9.76747e-05 
-0.000113095 
-0.000128661 
-0.000144265 
-0.000159736 
-0.000174831 
-0.000189214 
-0.000202435 
-0.000213911 
-0.000222904 
-0.000228506 
-0.000229635 
-0.000225042 
-0.000213352 
-0.000193125 
-0.000163001 
-0.000121682 
-6.91389e-05 
6.38348e-05 
0.000113706 
0.000154031 
0.000184744 
0.000206803 
0.000221223 
0.000229102 
0.00023152 
0.000229486 
0.000223905 
0.000215563 
0.000205122 
0.000193129 
0.000180025 
0.000166156 
0.000151789 
0.000137125 
0.000122308 
0.000107437 
9.25759e-05 
7.77586e-05 
6.29969e-05 
4.82853e-05 
3.36054e-05 
1.89297e-05 
4.22511e-06 
-1.05402e-05 
-2.53971e-05 
-4.03754e-05 
-5.54981e-05 
-7.07774e-05 
-8.62095e-05 
-0.000101769 
-0.000117401 
-0.000133016 
-0.000148474 
-0.000163578 
-0.00017806 
-0.000191563 
-0.00020363 
-0.000213685 
-0.000221024 
-0.00022481 
-0.000224071 
-0.000217726 
-0.000204623 
-0.000183603 
-0.000153615 
-0.000113699 
-6.39872e-05 
5.94146e-05 
0.000106674 
0.000145517 
0.00017578 
0.000198186 
0.000213522 
0.000222679 
0.00022656 
0.000226032 
0.000221898 
0.00021487 
0.000205569 
0.000194516 
0.000182146 
0.00016881 
0.000154787 
0.000140291 
0.000125488 
0.000110496 
9.5397e-05 
8.02451e-05 
6.50702e-05 
4.98842e-05 
3.46854e-05 
1.94628e-05 
4.19961e-06 
-1.11199e-05 
-2.65123e-05 
-4.19909e-05 
-5.75609e-05 
-7.32155e-05 
-8.89306e-05 
-0.000104659 
-0.000120325 
-0.000135813 
-0.000150962 
-0.000165556 
-0.000179309 
-0.000191857 
-0.000202746 
-0.000211424 
-0.000217232 
-0.000219409 
-0.000217097 
-0.000209371 
-0.000195276 
-0.000173883 
-0.000144388 
-0.000106088 
-5.9213e-05 
5.53014e-05 
9.99706e-05 
0.000137197 
0.000166757 
0.000189191 
0.000205109 
0.00021523 
0.000220303 
0.000221069 
0.000218231 
0.000212429 
0.000204233 
0.000194135 
0.000182553 
0.000169835 
0.000156262 
0.000142062 
0.000127412 
0.000112444 
9.72603e-05 
8.19295e-05 
6.64991e-05 
5.09976e-05 
3.54398e-05 
1.98312e-05 
4.17129e-06 
-1.15403e-05 
-2.73045e-05 
-4.31179e-05 
-5.89685e-05 
-7.48313e-05 
-9.06635e-05 
-0.000106399 
-0.00012194 
-0.000137156 
-0.000151867 
-0.000165844 
-0.000178794 
-0.000190354 
-0.000200085 
-0.000207465 
-0.000211889 
-0.000212673 
-0.000209072 
-0.000200298 
-0.000185567 
-0.00016414 
-0.000135407 
-9.88585e-05 
-5.47837e-05 
5.14656e-05 
9.35917e-05 
0.000129118 
0.000157785 
0.000179994 
0.000196216 
0.000207025 
0.000213043 
0.000214897 
0.000213198 
0.000208516 
0.000201367 
0.000192209 
0.000181439 
0.000169394 
0.000156354 
0.000142551 
0.00012817 
0.000113356 
9.8224e-05 
8.28574e-05 
6.73189e-05 
5.16525e-05 
3.58887e-05 
2.00484e-05 
4.14711e-06 
-1.18006e-05 
-2.77801e-05 
-4.3772e-05 
-5.97475e-05 
-7.5665e-05 
-9.14644e-05 
-0.000107063 
-0.000122348 
-0.000137172 
-0.000151346 
-0.000164633 
-0.00017674 
-0.000187312 
-0.000195933 
-0.000202116 
-0.000205313 
-0.000204918 
-0.000200287 
-0.000190757 
-0.000175687 
-0.000154495 
-0.000126723 
-9.20056e-05 
-5.06672e-05 
4.78794e-05 
8.7526e-05 
0.000121306 
0.00014894 
0.000170725 
0.00018702 
0.000198282 
0.000205023 
0.000207773 
0.000207058 
0.00020338 
0.000197205 
0.000188954 
0.000178997 
0.000167657 
0.000155209 
0.000141882 
0.000127867 
0.000113318 
9.83581e-05 
8.30848e-05 
6.75733e-05 
5.18816e-05 
3.60545e-05 
2.01274e-05 
4.13076e-06 
-1.19065e-05 
-2.7955e-05 
-4.398e-05 
-5.99376e-05 
-7.5771e-05 
-9.14053e-05 
-0.000106743 
-0.000121661 
-0.000135999 
-0.000149564 
-0.000162114 
-0.000173364 
-0.000182974 
-0.000190551 
-0.00019565 
-0.000197779 
-0.000196406 
-0.000190978 
-0.000180943 
-0.00016578 
-0.000145032 
-0.000118363 
-8.55172e-05 
-4.68339e-05 
4.45182e-05 
8.17588e-05 
0.000113774 
0.000140277 
0.000161483 
0.000177661 
0.000189176 
0.000196446 
0.000199915 
0.000200036 
0.000197248 
0.000191966 
0.000184574 
0.000175415 
0.000164794 
0.000152975 
0.000140185 
0.000126614 
0.000112422 
9.77401e-05 
8.26743e-05 
6.73114e-05 
5.17214e-05 
3.59618e-05 
2.00814e-05 
4.12441e-06 
-1.18673e-05 
-2.78503e-05 
-4.37761e-05 
-5.95873e-05 
-7.52136e-05 
-9.05678e-05 
-0.000105542 
-0.000120001 
-0.000133782 
-0.000146686 
-0.000158476 
-0.000168876 
-0.000177563 
-0.000184175 
-0.000188308 
-0.000189521 
-0.000187355 
-0.000181336 
-0.000171009 
-0.000155951 
-0.00013581 
-0.000110342 
-7.93772e-05 
-4.32572e-05 
4.13604e-05 
7.62741e-05 
0.000106526 
0.000131831 
0.000152338 
0.000168249 
0.000179849 
0.000187478 
0.00019151 
0.000192328 
0.000190317 
0.000185845 
0.000179257 
0.000170869 
0.000160965 
0.000149799 
0.000137589 
0.000124525 
0.000110767 
9.64514e-05 
8.16925e-05 
6.65855e-05 
5.12106e-05 
3.56367e-05 
1.9924e-05 
4.12884e-06 
-1.16947e-05 
-2.7491e-05 
-4.31994e-05 
-5.87504e-05 
-7.40627e-05 
-8.9039e-05 
-0.000103562 
-0.000117492 
-0.000130662 
-0.000142874 
-0.000153897 
-0.000163468 
-0.000171286 
-0.000177016 
-0.000180297 
-0.000180739 
-0.000177944 
-0.000171514 
-0.000161071 
-0.000146278 
-0.000126867 
-0.000102665 
-7.35681e-05 
-3.99138e-05 
3.83874e-05 
7.10563e-05 
9.95625e-05 
0.000123626 
0.000143345 
0.000158866 
0.000170412 
0.000178258 
0.000182712 
0.000184104 
0.000182764 
0.000179018 
0.000173174 
0.000165521 
0.000156325 
0.000145821 
0.000134221 
0.000121709 
0.000108448 
9.45737e-05 
8.02067e-05 
6.54489e-05 
5.03892e-05 
3.51053e-05 
1.9668e-05 
4.14384e-06 
-1.14026e-05 
-2.69048e-05 
-4.22916e-05 
-5.74838e-05 
-7.23907e-05 
-8.69072e-05 
-0.00010091 
-0.000114256 
-0.000126778 
-0.000138281 
-0.000148544 
-0.000157318 
-0.000164324 
-0.000169258 
-0.000171796 
-0.000171599 
-0.000168322 
-0.000161633 
-0.00015122 
-0.00013682 
-0.000118227 
-9.53295e-05 
-6.80726e-05 
-3.67836e-05 
3.55833e-05 
6.60906e-05 
9.28793e-05 
0.000115677 
0.000134544 
0.00014958 
0.000160958 
0.000168897 
0.000173655 
0.000175507 
0.00017474 
0.000171638 
0.000166479 
0.000159522 
0.000151012 
0.000141171 
0.000130199 
0.000118276 
0.000105559 
9.21871e-05 
7.82834e-05 
6.39547e-05 
4.92963e-05 
3.43937e-05 
1.9326e-05 
4.16835e-06 
-1.10055e-05 
-2.61202e-05 
-4.10958e-05 
-5.58449e-05 
-7.02699e-05 
-8.42599e-05 
-9.76884e-05 
-0.00011041 
-0.00012226 
-0.00013305 
-0.000142569 
-0.000150584 
-0.00015684 
-0.000161061 
-0.00016296 
-0.000162241 
-0.00015861 
-0.00015179 
-0.000141528 
-0.000127617 
-0.000109907 
-8.83316e-05 
-6.2874e-05 
-3.38488e-05 
3.29345e-05 
6.13636e-05 
8.64711e-05 
0.000107995 
0.000125963 
0.000140441 
0.000151558 
0.00015949 
0.000164446 
0.000166659 
0.000166375 
0.000163843 
0.000159308 
0.000153005 
0.000145158 
0.000135972 
0.000125637 
0.000114324 
0.000102189 
8.93685e-05 
7.59867e-05 
6.21539e-05 
4.79701e-05 
3.35266e-05 
1.89095e-05 
4.20061e-06 
-1.05188e-05 
-2.51661e-05 
-3.96544e-05 
-5.38902e-05 
-6.77706e-05 
-8.11812e-05 
-9.39935e-05 
-0.000106063 
-0.000117229 
-0.000127311 
-0.00013611 
-0.000143409 
-0.000148976 
-0.000152563 
-0.000153916 
-0.00015278 
-0.000148906 
-0.000142063 
-0.000132047 
-0.0001187 
-0.000101916 
-8.16638e-05 
-5.79564e-05 
-3.10942e-05 
3.04294e-05 
5.68631e-05 
8.03319e-05 
0.000100585 
0.000117625 
0.000131489 
0.000142272 
0.000150111 
0.000155176 
0.000157664 
0.000157783 
0.00015575 
0.000151782 
0.00014609 
0.000138876 
0.000130332 
0.000120635 
0.000109948 
9.84214e-05 
8.61899e-05 
7.3377e-05 
6.00948e-05 
4.64464e-05 
3.25276e-05 
1.8429e-05 
4.23831e-06 
-9.95775e-06 
-2.40709e-05 
-3.8009e-05 
-5.16741e-05 
-6.496e-05 
-7.77504e-05 
-8.99169e-05 
-0.000101318 
-0.000111797 
-0.000121183 
-0.00012929 
-0.000135917 
-0.000140855 
-0.000143881 
-0.000144775 
-0.000143314 
-0.00013929 
-0.000132511 
-0.000122818 
-0.00011009 
-9.42579e-05 
-7.53175e-05 
-5.33053e-05 
-2.85065e-05 
2.80581e-05 
5.2578e-05 
7.44551e-05 
9.34495e-05 
0.000109545 
0.000122755 
0.000133146 
0.000140823 
0.000145923 
0.000148609 
0.00014906 
0.000147462 
0.000144006 
0.000138881 
0.000132271 
0.000124351 
0.000115287 
0.000105233 
9.43327e-05 
8.27179e-05 
7.05103e-05 
5.78224e-05 
4.47588e-05 
3.1418e-05 
1.78942e-05 
4.27876e-06 
-9.33728e-06 
-2.28617e-05 
-3.61989e-05 
-4.92479e-05 
-6.19009e-05 
-7.40413e-05 
-8.55423e-05 
-9.62659e-05 
-0.000106063 
-0.00011477 
-0.000122216 
-0.000128217 
-0.000132583 
-0.000135117 
-0.000135626 
-0.000133921 
-0.000129825 
-0.000123184 
-0.000113872 
-0.000101802 
-8.6933e-05 
-6.92834e-05 
-4.89072e-05 
-2.6074e-05 
2.5812e-05 
4.84985e-05 
6.8834e-05 
8.65902e-05 
0.000101735 
0.000114263 
0.000124217 
0.000131675 
0.000136748 
0.000139568 
0.000140287 
0.000139065 
0.000136071 
0.000131472 
0.000125433 
0.000118117 
0.000109676 
0.000100256 
8.99923e-05 
7.90134e-05 
6.74381e-05 
5.53778e-05 
4.29377e-05 
3.02175e-05 
1.73133e-05 
4.319e-06 
-8.67176e-06 
-2.15643e-05 
-3.42608e-05 
-4.66592e-05 
-5.86513e-05 
-7.01214e-05 
-8.09457e-05 
-9.09912e-05 
-0.000100115 
-0.000108167 
-0.000114985 
-0.000120404 
-0.000124251 
-0.000126355 
-0.000126547 
-0.000124665 
-0.000120564 
-0.000114118 
-0.000105232 
-9.38444e-05 
-7.99395e-05 
-6.3552e-05 
-4.47495e-05 
-2.37866e-05 
2.36838e-05 
4.46157e-05 
6.34622e-05 
8.00061e-05 
9.42028e-05 
0.000106032 
0.000115516 
0.000122711 
0.000127703 
0.000130602 
0.000131533 
0.000130636 
0.000128055 
0.000123942 
0.000118444 
0.000111709 
0.000103877 
9.50851e-05 
8.54624e-05 
7.5131e-05 
6.42065e-05 
5.27985e-05 
4.10109e-05 
2.89437e-05 
1.66937e-05 
4.35593e-06 
-7.97474e-06 
-2.02025e-05 
-3.22288e-05 
-4.39517e-05 
-5.52637e-05 
-6.60517e-05 
-7.61956e-05 
-8.55681e-05 
-9.40346e-05 
-0.000101454 
-0.000107678 
-0.000112557 
-0.000115937 
-0.000117666 
-0.000117599 
-0.000115599 
-0.000111547 
-0.000105341 
-9.69126e-05 
-8.62227e-05 
-7.32734e-05 
-5.81134e-05 
-4.08207e-05 
-2.16349e-05 
2.16671e-05 
4.09218e-05 
5.83333e-05 
7.36955e-05 
8.69534e-05 
9.80743e-05 
0.000107064 
0.000113961 
0.000118831 
0.000121761 
0.000122856 
0.000122236 
0.000120027 
0.000116362 
0.000111373 
0.000105193 
9.79545e-05 
8.97822e-05 
8.07985e-05 
7.11197e-05 
6.08572e-05 
5.01175e-05 
3.90029e-05 
2.76122e-05 
1.60417e-05 
4.3864e-06 
-7.2588e-06 
-1.87982e-05 
-3.01339e-05 
-4.11648e-05 
-5.17859e-05 
-6.1887e-05 
-7.13527e-05 
-8.00622e-05 
-8.7889e-05 
-9.4702e-05 
-0.000100367 
-0.000104746 
-0.000107705 
-0.000109109 
-0.000108834 
-0.000106766 
-0.000102805 
-9.68757e-05 
-8.89265e-05 
-7.89388e-05 
-6.69296e-05 
-5.29581e-05 
-3.71102e-05 
-1.96111e-05 
1.97563e-05 
3.74097e-05 
5.34414e-05 
6.7656e-05 
7.99901e-05 
9.04011e-05 
9.88816e-05 
0.000105454 
0.000110166 
0.000113087 
0.000114306 
0.000113921 
0.000112044 
0.00010879 
0.000104279 
9.8631e-05 
9.19657e-05 
8.44005e-05 
7.60493e-05 
6.70225e-05 
5.74267e-05 
4.73645e-05 
3.69356e-05 
2.62366e-05 
1.53626e-05 
4.40735e-06 
-6.53545e-06 
-1.73712e-05 
-2.80037e-05 
-3.83339e-05 
-4.82598e-05 
-5.76753e-05 
-6.64704e-05 
-7.45308e-05 
-8.17386e-05 
-8.79729e-05 
-9.31108e-05 
-9.70297e-05 
-9.96089e-05 
-0.000100733 
-0.000100294 
-9.81979e-05 
-9.43648e-05 
-8.87367e-05 
-8.12805e-05 
-7.19925e-05 
-6.09021e-05 
-4.80767e-05 
-3.36081e-05 
-1.77077e-05 
1.79464e-05 
3.40728e-05 
4.87806e-05 
6.18846e-05 
7.33145e-05 
8.30198e-05 
9.09819e-05 
9.72097e-05 
0.000101737 
0.000104617 
0.000105922 
0.000105736 
0.000104154 
0.000101278 
9.72145e-05 
9.20722e-05 
8.59601e-05 
7.89864e-05 
7.12575e-05 
6.28773e-05 
5.39471e-05 
4.45654e-05 
3.4828e-05 
2.48291e-05 
1.46611e-05 
4.41583e-06 
-5.81512e-06 
-1.59393e-05 
-2.5863e-05 
-3.54903e-05 
-4.47228e-05 
-5.34592e-05 
-6.15952e-05 
-6.90237e-05 
-7.5635e-05 
-8.13182e-05 
-8.59619e-05 
-8.94561e-05 
-9.16946e-05 
-9.25771e-05 
-9.20125e-05 
-8.99223e-05 
-8.62442e-05 
-8.09358e-05 
-7.39786e-05 
-6.53817e-05 
-5.51843e-05 
-4.34601e-05 
-3.03053e-05 
-1.59183e-05 
1.62333e-05 
3.09056e-05 
4.43457e-05 
5.63782e-05 
6.69274e-05 
7.59359e-05 
8.33761e-05 
8.92458e-05 
9.35659e-05 
9.63772e-05 
9.77372e-05 
9.77168e-05 
9.63974e-05 
9.38682e-05 
9.02234e-05 
8.55609e-05 
7.998e-05 
7.35801e-05 
6.64599e-05 
5.87169e-05 
5.04465e-05 
4.17426e-05 
3.26969e-05 
2.33999e-05 
1.39411e-05 
4.40912e-06 
-5.1071e-06 
-1.45182e-05 
-2.37336e-05 
-3.26613e-05 
-4.12073e-05 
-4.92753e-05 
-5.67673e-05 
-6.35833e-05 
-6.96221e-05 
-7.47821e-05 
-7.89629e-05 
-8.20663e-05 
-8.39989e-05 
-8.46745e-05 
-8.40161e-05 
-8.19598e-05 
-7.84576e-05 
-7.34807e-05 
-6.70228e-05 
-5.91033e-05 
-4.97694e-05 
-3.90997e-05 
-2.71935e-05 
-1.42371e-05 
1.46132e-05 
2.79029e-05 
4.01319e-05 
5.11338e-05 
6.08284e-05 
6.91531e-05 
7.60726e-05 
8.15754e-05 
8.5672e-05 
8.83918e-05 
8.97803e-05 
8.98962e-05 
8.88092e-05 
8.65969e-05 
8.33427e-05 
7.91343e-05 
7.40617e-05 
6.8216e-05 
6.16883e-05 
5.45695e-05 
4.69491e-05 
3.89157e-05 
3.05565e-05 
2.1958e-05 
1.32057e-05 
4.38474e-06 
-4.41956e-06 
-1.31215e-05 
-2.16345e-05 
-2.98707e-05 
-3.77412e-05 
-4.51552e-05 
-5.20211e-05 
-5.82461e-05 
-6.3737e-05 
-6.84017e-05 
-7.21495e-05 
-7.48936e-05 
-7.65521e-05 
-7.70511e-05 
-7.63263e-05 
-7.43263e-05 
-7.10155e-05 
-6.63764e-05 
-6.04131e-05 
-5.31533e-05 
-4.46507e-05 
-3.49874e-05 
-2.42651e-05 
-1.26589e-05 
1.30829e-05 
2.50604e-05 
3.61348e-05 
4.61483e-05 
5.50169e-05 
6.26739e-05 
6.90776e-05 
7.42091e-05 
7.80698e-05 
8.06794e-05 
8.20733e-05 
8.22996e-05 
8.14175e-05 
7.94943e-05 
7.66037e-05 
7.28239e-05 
6.82361e-05 
6.29235e-05 
5.69699e-05 
5.04594e-05 
4.34755e-05 
3.61014e-05 
2.84193e-05 
2.0511e-05 
1.24578e-05 
4.34052e-06 
-3.75957e-06 
-1.17611e-05 
-1.95818e-05 
-2.71389e-05 
-3.43485e-05 
-4.11259e-05 
-4.73857e-05 
-5.30424e-05 
-5.8011e-05 
-6.22077e-05 
-6.55515e-05 
-6.79655e-05 
-6.93787e-05 
-6.97277e-05 
-6.89596e-05 
-6.70339e-05 
-6.39253e-05 
-5.9626e-05 
-5.41484e-05 
-4.75274e-05 
-3.98217e-05 
-3.11159e-05 
-2.15135e-05 
-1.1179e-05 
1.16398e-05 
2.23743e-05 
3.23507e-05 
4.14189e-05 
4.9492e-05 
5.65e-05 
6.23961e-05 
6.7155e-05 
7.07709e-05 
7.32553e-05 
7.46347e-05 
7.49483e-05 
7.42459e-05 
7.25858e-05 
7.00326e-05 
6.66561e-05 
6.25293e-05 
5.77276e-05 
5.23278e-05 
4.64074e-05 
4.00437e-05 
3.33142e-05 
2.6296e-05 
1.90656e-05 
1.16997e-05 
4.27464e-06 
-3.1332e-06 
-1.0447e-05 
-1.75896e-05 
-2.44832e-05 
-3.10495e-05 
-3.72099e-05 
-4.28856e-05 
-4.7998e-05 
-5.24698e-05 
-5.62255e-05 
-5.9193e-05 
-6.13044e-05 
-6.24983e-05 
-6.2721e-05 
-6.19291e-05 
-6.00917e-05 
-5.71921e-05 
-5.32308e-05 
-4.82271e-05 
-4.22213e-05 
-3.52762e-05 
-2.74784e-05 
-1.89325e-05 
-9.79347e-06 
1.02816e-05 
1.98417e-05 
2.87765e-05 
3.69434e-05 
4.4253e-05 
5.06327e-05 
5.60317e-05 
6.04198e-05 
6.37849e-05 
6.61319e-05 
6.74797e-05 
6.78598e-05 
6.73139e-05 
6.58923e-05 
6.36514e-05 
6.06532e-05 
5.69632e-05 
5.26494e-05 
4.77818e-05 
4.24312e-05 
3.66689e-05 
3.05665e-05 
2.41956e-05 
1.76276e-05 
1.09338e-05 
4.1856e-06 
-2.54552e-06 
-9.18789e-06 
-1.56696e-05 
-2.19182e-05 
-2.78614e-05 
-3.34265e-05 
-3.85412e-05 
-4.3134e-05 
-4.71349e-05 
-5.04762e-05 
-5.30938e-05 
-5.49283e-05 
-5.59266e-05 
-5.60437e-05 
-5.52447e-05 
-5.35063e-05 
-5.08196e-05 
-4.71915e-05 
-4.2647e-05 
-3.72309e-05 
-3.10091e-05 
-2.40693e-05 
-1.65171e-05 
-8.49897e-06 
9.00689e-06 
1.74602e-05 
2.54099e-05 
3.272e-05 
3.92992e-05 
4.5073e-05 
4.99876e-05 
5.40087e-05 
5.71194e-05 
5.93191e-05 
6.06205e-05 
6.10485e-05 
6.06378e-05 
5.94313e-05 
5.74786e-05 
5.48343e-05 
5.15566e-05 
4.77071e-05 
4.33487e-05 
3.8546e-05 
3.33642e-05 
2.7869e-05 
2.21263e-05 
1.62019e-05 
1.01619e-05 
4.07232e-06 
-2.00069e-06 
-7.99081e-06 
-1.38316e-05 
-1.94563e-05 
-2.47984e-05 
-2.97915e-05 
-3.43697e-05 
-3.84682e-05 
-4.2024e-05 
-4.49768e-05 
-4.72699e-05 
-4.88515e-05 
-4.96761e-05 
-4.97062e-05 
-4.89139e-05 
-4.72829e-05 
-4.48102e-05 
-4.15082e-05 
-3.74064e-05 
-3.25529e-05 
-2.70157e-05 
-2.08838e-05 
-1.42633e-05 
-7.29274e-06 
7.81446e-06 
1.52283e-05 
2.22495e-05 
2.87477e-05 
3.46305e-05 
3.9822e-05 
4.42663e-05 
4.7926e-05 
5.07808e-05 
5.28254e-05 
5.40675e-05 
5.45264e-05 
5.4231e-05 
5.32178e-05 
5.15298e-05 
4.92151e-05 
4.63256e-05 
4.2916e-05 
3.90431e-05 
3.47651e-05 
3.01412e-05 
2.52312e-05 
2.00951e-05 
1.47932e-05 
9.38604e-06 
3.93406e-06 
-1.50208e-06 
-6.86163e-06 
-1.20837e-05 
-1.71076e-05 
-2.18725e-05 
-2.63182e-05 
-3.03851e-05 
-3.4015e-05 
-3.71516e-05 
-3.97414e-05 
-4.17344e-05 
-4.30859e-05 
-4.37569e-05 
-4.37165e-05 
-4.29429e-05 
-4.14253e-05 
-3.91658e-05 
-3.61809e-05 
-3.25036e-05 
-2.81844e-05 
-2.32929e-05 
-1.79185e-05 
-1.21679e-05 
-6.17278e-06 
6.70387e-06 
1.31455e-05 
1.92946e-05 
2.50265e-05 
3.02474e-05 
3.48811e-05 
3.88703e-05 
4.21759e-05 
4.47746e-05 
4.66578e-05 
4.78294e-05 
4.8304e-05 
4.81053e-05 
4.72644e-05 
4.58186e-05 
4.38099e-05 
4.12841e-05 
3.82898e-05 
3.48778e-05 
3.11001e-05 
2.70101e-05 
2.26614e-05 
1.81085e-05 
1.34058e-05 
8.60819e-06 
3.77048e-06 
-1.05233e-06 
-5.80516e-06 
-1.04329e-05 
-1.48807e-05 
-1.90936e-05 
-2.30176e-05 
-2.65992e-05 
-2.97866e-05 
-3.25297e-05 
-3.47814e-05 
-3.6498e-05 
-3.76409e-05 
-3.81771e-05 
-3.80812e-05 
-3.73365e-05 
-3.59368e-05 
-3.3888e-05 
-3.121e-05 
-2.79378e-05 
-2.41239e-05 
-1.98386e-05 
-1.51712e-05 
-1.0229e-05 
-5.13782e-06 
5.67526e-06 
1.1212e-05 
1.65458e-05 
2.15568e-05 
2.6151e-05 
3.0252e-05 
3.38024e-05 
3.67619e-05 
3.91057e-05 
4.08228e-05 
4.1914e-05 
4.23902e-05 
4.22709e-05 
4.15825e-05 
4.03569e-05 
3.8631e-05 
3.64447e-05 
3.38409e-05 
3.08646e-05 
2.75619e-05 
2.39803e-05 
2.01677e-05 
1.61726e-05 
1.20439e-05 
7.83046e-06 
3.58161e-06 
-6.53438e-07 
-4.82536e-06 
-8.88487e-06 
-1.27828e-05 
-1.64704e-05 
-1.98993e-05 
-2.30223e-05 
-2.57934e-05 
-2.81686e-05 
-3.01067e-05 
-3.15698e-05 
-3.25247e-05 
-3.29436e-05 
-3.28058e-05 
-3.2099e-05 
-3.08204e-05 
-2.89788e-05 
-2.65962e-05 
-2.37093e-05 
-2.0371e-05 
-1.66519e-05 
-1.26412e-05 
-8.446e-06 
-4.18741e-06 
4.72937e-06 
9.42901e-06 
1.40044e-05 
1.83403e-05 
2.23429e-05 
2.5937e-05 
2.90653e-05 
3.16878e-05 
3.3779e-05 
3.53264e-05 
3.63286e-05 
3.67938e-05 
3.67377e-05 
3.61827e-05 
3.51564e-05 
3.36903e-05 
3.18194e-05 
2.95811e-05 
2.70147e-05 
2.41608e-05 
2.1061e-05 
1.77576e-05 
1.42935e-05 
1.07115e-05 
7.05517e-06 
3.36784e-06 
-3.06916e-07 
-3.92553e-06 
-7.44448e-06 
-1.08204e-05 
-1.40104e-05 
-1.69718e-05 
-1.96633e-05 
-2.20446e-05 
-2.40775e-05 
-2.57261e-05 
-2.69579e-05 
-2.77445e-05 
-2.80627e-05 
-2.78957e-05 
-2.72345e-05 
-2.60792e-05 
-2.44404e-05 
-2.23414e-05 
-1.98192e-05 
-1.69267e-05 
-1.37339e-05 
-1.03292e-05 
-6.81953e-06 
-3.32198e-06 
3.86753e-06 
7.79841e-06 
1.16726e-05 
1.53793e-05 
1.88258e-05 
2.19387e-05 
2.46624e-05 
2.69578e-05 
2.87995e-05 
3.01747e-05 
3.10807e-05 
3.15232e-05 
3.15153e-05 
3.10759e-05 
3.02283e-05 
2.89997e-05 
2.74202e-05 
2.55221e-05 
2.33393e-05 
2.09071e-05 
1.82614e-05 
1.54391e-05 
1.24773e-05 
9.41334e-06 
6.28495e-06 
3.12991e-06 
-1.38948e-08 
-3.10857e-06 
-6.11629e-06 
-8.99939e-06 
-1.17205e-05 
-1.42429e-05 
-1.65307e-05 
-1.85491e-05 
-2.02651e-05 
-2.16481e-05 
-2.26702e-05 
-2.33075e-05 
-2.35406e-05 
-2.33561e-05 
-2.27476e-05 
-2.17169e-05 
-2.02759e-05 
-1.8448e-05 
-1.62699e-05 
-1.37933e-05 
-1.1087e-05 
-8.23755e-06 
-5.3517e-06 
-2.54292e-06 
3.09163e-06 
6.32288e-06 
9.55332e-06 
1.26767e-05 
1.56026e-05 
1.82605e-05 
2.05975e-05 
2.25762e-05 
2.41729e-05 
2.53746e-05 
2.61782e-05 
2.65879e-05 
2.66144e-05 
2.62734e-05 
2.55849e-05 
2.45719e-05 
2.32599e-05 
2.16765e-05 
1.98505e-05 
1.78119e-05 
1.55916e-05 
1.32206e-05 
1.07309e-05 
8.15423e-06 
5.52281e-06 
2.86888e-06 
2.24769e-07 
-2.37717e-06 
-4.90465e-06 
-7.32555e-06 
-9.60804e-06 
-1.17208e-05 
-1.36331e-05 
-1.53157e-05 
-1.67404e-05 
-1.78812e-05 
-1.87148e-05 
-1.92211e-05 
-1.9384e-05 
-1.91929e-05 
-1.86431e-05 
-1.77379e-05 
-1.64892e-05 
-1.49199e-05 
-1.30651e-05 
-1.09748e-05 
-8.71502e-06 
-6.37034e-06 
-4.04601e-06 
-1.85261e-06 
2.40379e-06 
5.00538e-06 
7.64972e-06 
1.02356e-05 
1.26765e-05 
1.49058e-05 
1.68746e-05 
1.85484e-05 
1.99054e-05 
2.09339e-05 
2.16305e-05 
2.19985e-05 
2.20468e-05 
2.17885e-05 
2.12402e-05 
2.04213e-05 
1.9353e-05 
1.80584e-05 
1.65617e-05 
1.48878e-05 
1.30624e-05 
1.11116e-05 
9.06184e-06 
6.93977e-06 
4.77219e-06 
2.58602e-06 
4.0823e-07 
-1.73419e-06 
-3.81431e-06 
-5.80531e-06 
-7.68063e-06 
-9.41412e-06 
-1.09803e-05 
-1.23545e-05 
-1.35135e-05 
-1.44356e-05 
-1.51013e-05 
-1.54941e-05 
-1.56009e-05 
-1.5413e-05 
-1.49275e-05 
-1.41477e-05 
-1.30854e-05 
-1.17617e-05 
-1.02097e-05 
-8.47608e-06 
-6.62352e-06 
-4.733e-06 
-2.90742e-06 
-1.25445e-06 
1.80632e-06 
3.84894e-06 
5.96492e-06 
8.05922e-06 
1.00507e-05 
1.18786e-05 
1.34986e-05 
1.48805e-05 
1.60052e-05 
1.68624e-05 
1.74493e-05 
1.77686e-05 
1.78276e-05 
1.76372e-05 
1.72111e-05 
1.65651e-05 
1.57168e-05 
1.46848e-05 
1.34889e-05 
1.21493e-05 
1.0687e-05 
9.12314e-06 
7.47913e-06 
5.77662e-06 
4.03734e-06 
2.28311e-06 
5.3581e-07 
-1.18266e-06 
-2.85044e-06 
-4.44576e-06 
-5.94708e-06 
-7.33313e-06 
-8.58319e-06 
-9.67725e-06 
-1.05963e-05 
-1.13228e-05 
-1.18409e-05 
-1.21371e-05 
-1.22008e-05 
-1.20252e-05 
-1.16081e-05 
-1.09529e-05 
-1.00702e-05 
-8.97909e-06 
-7.7092e-06 
-6.30304e-06 
-4.8186e-06 
-3.33191e-06 
-1.94184e-06 
-7.52679e-07 
1.30051e-06 
2.85509e-06 
4.50033e-06 
6.14892e-06 
7.72732e-06 
9.18186e-06 
1.04745e-05 
1.15795e-05 
1.24813e-05 
1.31717e-05 
1.36484e-05 
1.3914e-05 
1.39744e-05 
1.38386e-05 
1.35175e-05 
1.30238e-05 
1.23714e-05 
1.15751e-05 
1.06504e-05 
9.61336e-06 
8.48029e-06 
7.26782e-06 
5.99275e-06 
4.67199e-06 
3.32256e-06 
1.96153e-06 
6.06023e-07 
-7.26822e-07 
-2.01988e-06 
-3.25611e-06 
-4.41858e-06 
-5.49063e-06 
-6.45595e-06 
-7.2988e-06 
-8.00421e-06 
-8.55828e-06 
-8.94846e-06 
-9.16407e-06 
-9.19672e-06 
-9.04101e-06 
-8.69525e-06 
-8.16247e-06 
-7.45159e-06 
-6.57893e-06 
-5.57008e-06 
-4.46228e-06 
-3.30731e-06 
-2.1745e-06 
-1.15643e-06 
-3.527e-07 
8.87412e-07 
2.02473e-06 
3.25658e-06 
4.50573e-06 
5.70852e-06 
6.81994e-06 
7.80899e-06 
8.65543e-06 
9.34716e-06 
9.87823e-06 
1.02473e-05 
1.04568e-05 
1.05114e-05 
1.04183e-05 
1.01859e-05 
9.82401e-06 
9.3432e-06 
8.75471e-06 
8.07023e-06 
7.30179e-06 
6.46168e-06 
5.56232e-06 
4.61628e-06 
3.63619e-06 
2.63476e-06 
1.62472e-06 
6.1888e-07 
-3.69971e-07 
-1.32903e-06 
-2.24553e-06 
-3.10681e-06 
-3.90035e-06 
-4.61389e-06 
-5.23557e-06 
-5.75409e-06 
-6.15889e-06 
-6.44044e-06 
-6.59054e-06 
-6.60273e-06 
-6.47281e-06 
-6.19942e-06 
-5.78488e-06 
-5.23623e-06 
-4.56655e-06 
-3.79675e-06 
-2.95785e-06 
-2.09398e-06 
-1.26575e-06 
-5.56565e-07 
-5.89403e-08 
5.61858e-07 
1.35083e-06 
2.22603e-06 
3.12293e-06 
3.9899e-06 
4.7918e-06 
5.50531e-06 
6.1157e-06 
6.61458e-06 
6.99808e-06 
7.26576e-06 
7.41963e-06 
7.46358e-06 
7.40285e-06 
7.24375e-06 
6.99331e-06 
6.65917e-06 
6.24932e-06 
5.77208e-06 
5.23595e-06 
4.64959e-06 
4.02173e-06 
3.36118e-06 
2.67682e-06 
1.97754e-06 
1.27227e-06 
5.69973e-07 
-1.20372e-07 
-7.8978e-07 
-1.42928e-06 
-2.02996e-06 
-2.58299e-06 
-3.0797e-06 
-3.51168e-06 
-3.87088e-06 
-4.14974e-06 
-4.34142e-06 
-4.43996e-06 
-4.44061e-06 
-4.3402e-06 
-4.13761e-06 
-3.83437e-06 
-3.43555e-06 
-2.95085e-06 
-2.39614e-06 
-1.79553e-06 
-1.18424e-06 
-6.12046e-07 
-1.49569e-07 
1.21553e-07 
3.23541e-07 
8.31572e-07 
1.40661e-06 
2.00025e-06 
2.57476e-06 
3.10556e-06 
3.57698e-06 
3.97956e-06 
4.30817e-06 
4.56073e-06 
4.73736e-06 
4.83973e-06 
4.87065e-06 
4.83377e-06 
4.73335e-06 
4.57406e-06 
4.36094e-06 
4.09919e-06 
3.79423e-06 
3.45154e-06 
3.07669e-06 
2.6753e-06 
2.25301e-06 
1.8155e-06 
1.36846e-06 
9.17611e-07 
4.68684e-07 
2.74294e-08 
-4.00393e-07 
-8.09024e-07 
-1.19273e-06 
-1.54581e-06 
-1.86267e-06 
-2.13785e-06 
-2.3661e-06 
-2.54247e-06 
-2.66243e-06 
-2.722e-06 
-2.71796e-06 
-2.64809e-06 
-2.51149e-06 
-2.30901e-06 
-2.04389e-06 
-1.72259e-06 
-1.356e-06 
-9.61096e-07 
-5.63408e-07 
-2.00086e-07 
7.4545e-08 
1.94383e-07 
1.42789e-07 
4.30061e-07 
7.6043e-07 
1.10307e-06 
1.43417e-06 
1.73915e-06 
2.00914e-06 
2.23903e-06 
2.42622e-06 
2.56987e-06 
2.67029e-06 
2.72866e-06 
2.74675e-06 
2.72674e-06 
2.67112e-06 
2.5826e-06 
2.46403e-06 
2.31839e-06 
2.14871e-06 
1.95806e-06 
1.74955e-06 
1.52631e-06 
1.29149e-06 
1.04822e-06 
7.99676e-07 
5.49024e-07 
2.99448e-07 
5.41409e-08 
-1.83692e-07 
-4.10845e-07 
-6.24113e-07 
-8.20315e-07 
-9.96307e-07 
-1.14901e-06 
-1.27546e-06 
-1.37284e-06 
-1.43855e-06 
-1.47028e-06 
-1.46612e-06 
-1.42474e-06 
-1.34549e-06 
-1.22875e-06 
-1.0763e-06 
-8.91811e-07 
-6.81682e-07 
-4.56186e-07 
-2.31133e-07 
-3.00857e-08 
1.12063e-07 
1.50864e-07 
4.90973e-08 
1.72828e-07 
3.08293e-07 
4.47596e-07 
5.81464e-07 
7.04359e-07 
8.12872e-07 
9.05059e-07 
9.7998e-07 
1.03737e-06 
1.07742e-06 
1.10066e-06 
1.10784e-06 
1.09986e-06 
1.07774e-06 
1.04257e-06 
9.95506e-07 
9.3773e-07 
8.70449e-07 
7.94887e-07 
7.12277e-07 
6.23855e-07 
5.30865e-07 
4.34549e-07 
3.36157e-07 
2.36942e-07 
1.3816e-07 
4.10734e-08 
-5.30503e-08 
-1.42942e-07 
-2.27333e-07 
-3.0496e-07 
-3.74575e-07 
-4.34954e-07 
-4.84911e-07 
-5.23318e-07 
-5.4913e-07 
-5.61416e-07 
-5.59401e-07 
-5.42526e-07 
-5.10525e-07 
-4.63541e-07 
-4.0229e-07 
-3.283e-07 
-2.44268e-07 
-1.54587e-07 
-6.60987e-08 
1.08652e-08 
6.11858e-08 
6.39639e-08 
