-0.00202321 
0.0131408 
0.0269816 
0.0400306 
0.0524182 
0.06406 
0.0750266 
0.0853722 
0.0950161 
0.103912 
0.111773 
0.118176 
0.122385 
0.123393 
0.119971 
0.111071 
0.0966119 
0.0780915 
0.0584347 
0.040603 
0.0263909 
0.0160468 
0.00899374 
0.00451792 
0.00195461 
0.000689155 
0.000147825 
1.41563e-05 
8.98457e-07 
6.52303e-08 
5.04261e-09 
2.26883e-10 
0.000609203 
0.00531459 
0.0099436 
0.0136518 
0.0171512 
0.0195586 
0.0226944 
0.0233847 
0.0270642 
0.0235278 
0.0221581 
0.0188237 
0.0183921 
0.0180771 
0.0157226 
0.0131546 
0.0113407 
0.0100369 
0.00637638 
0.00361993 
0.0025272 
-0.000867801 
-0.00331654 
-0.00440265 
-0.0056376 
-0.00630114 
-0.00686968 
-0.00690564 
-8.39725e-12 
-8.59326e-11 
-3.61313e-09 
-1.27362e-06 
-2.32359e-05 
6.98137e-05 
0.000445695 
0.00117144 
0.00238462 
0.00354596 
0.00567222 
0.00266213 
7.90069e-11 
9.25298e-12 
1.02024e-12 
2.33989e-13 
1.39234e-13 
1.46951e-13 
1.9903e-13 
3.12074e-13 
5.50609e-13 
1.05009e-12 
2.04708e-12 
3.99365e-12 
8.03941e-12 
1.87487e-11 
4.48069e-11 
2.13597e-11 
3.18587e-10 
-4.61048e-11 
-0.00913649 
0.00578968 
0.0202331 
0.0336215 
0.0463469 
0.0583053 
0.0696275 
0.0802558 
0.0902871 
0.0995731 
0.107998 
0.115193 
0.120612 
0.123362 
0.122315 
0.116245 
0.104482 
0.0877022 
0.0682152 
0.0491541 
0.0330211 
0.0207724 
0.0121592 
0.00648037 
0.00303659 
0.000845919 
0.00119807 
0.000351846 
5.01629e-05 
3.56343e-06 
2.38702e-07 
1.81319e-08 
0.0100653 
1.34051e-09 
0.00653307 
0.00358275 
0.000265219 
0.0102879 
0.00786024 
0.0188724 
0.0117064 
0.0156838 
0.018476 
0.0215533 
0.0507602 
0.0240717 
0.0282241 
0.0242847 
0.0227498 
0.0485359 
0.0475128 
0.0187316 
0.0435539 
0.0141741 
0.0111418 
0.0323104 
0.00782015 
0.0223357 
0.00507248 
0.00271074 
0.000831636 
0.0084013 
-0.00222578 
-0.00427076 
0.00186256 
-0.00466868 
-0.00595273 
-0.00664007 
-0.00468047 
-0.00720438 
-0.00458754 
-0.0085605 
-4.93061e-10 
-6.53461e-10 
-2.65146e-09 
-1.05397e-07 
-6.8155e-06 
-4.52827e-06 
0.000199249 
0.000740726 
0.000743346 
0.0015647 
0.00176909 
0.00248671 
0.00300516 
0.0050722 
0.00624107 
0.00491973 
0.00487006 
0.00541155 
0.00122874 
2.77267e-11 
2.92218e-12 
4.35497e-13 
1.62281e-13 
1.36894e-13 
1.67313e-13 
2.45264e-13 
4.09591e-13 
7.57148e-13 
1.46707e-12 
2.85931e-12 
5.60641e-12 
1.19578e-11 
3.02259e-11 
3.73154e-11 
2.28228e-12 
0.00238295 
0.0173389 
0.031069 
0.0439744 
0.0561468 
0.0676308 
0.0784007 
0.088594 
0.0980043 
0.106601 
0.114056 
0.119854 
0.123137 
0.122843 
0.117772 
0.107048 
0.0910402 
0.0718564 
0.0525932 
0.0358065 
0.0228295 
0.0135703 
0.00738845 
0.00355489 
0.00144259 
0.000447777 
7.14491e-05 
5.18813e-06 
3.45378e-07 
2.62995e-08 
2.18933e-09 
0.0146064 
0.0226879 
0.0310273 
0.0377223 
0.0440642 
0.048577 
0.0536639 
0.0534532 
0.0516203 
0.046753 
0.0414408 
0.0371277 
0.0295302 
0.0246472 
0.0201431 
0.0157123 
0.0105121 
0.00655738 
0.00345761 
0.000512438 
-0.00183264 
-0.00365669 
1.16555e-08 
3.51659e-07 
-1.82842e-05 
0.000142623 
0.000464526 
0.000701993 
9.79054e-11 
1.14683e-11 
1.3935e-12 
3.76414e-13 
2.65515e-13 
3.02362e-13 
4.25494e-13 
6.89874e-13 
1.25954e-12 
2.47293e-12 
4.92741e-12 
9.84019e-12 
2.04379e-11 
5.02139e-11 
1.26051e-10 
-3.20741e-11 
0.0243386 
0.0375878 
0.0501672 
0.0619641 
0.0731218 
0.0835805 
0.0933858 
0.102411 
0.110497 
0.117202 
0.121867 
0.123517 
0.120967 
0.113147 
0.0996132 
0.0816076 
0.0620379 
0.0437257 
0.028803 
0.0177638 
0.0101322 
0.00521708 
0.00232406 
2.03306e-05 
1.30441e-06 
9.41898e-08 
7.49201e-09 
0.0344223 
0.0409364 
0.0464386 
0.0533365 
0.0499642 
0.0131391 
-0.0027683 
2.88269e-13 
2.73317e-13 
3.5162e-13 
5.32789e-13 
9.20643e-13 
1.75872e-12 
3.49368e-12 
6.95802e-12 
1.40204e-11 
3.11302e-11 
8.29467e-11 
7.89585e-11 
0.000200191 
0.0268987 
0.055682 
0.0347955 
0.0452179 
0.0393824 
0.0271893 
0.0180452 
0.00490622 
-0.000739996 
0.0002537 
1.42507e-05 
-1.89633e-05 
-5.58095e-08 
6.43317e-13 
3.6617e-12 
3.49092e-11 
0.0186865 
0.0232341 
0.0326283 
0.0456918 
0.0579492 
0.0694321 
0.0802044 
0.0903292 
0.0996244 
0.108054 
0.115312 
0.120737 
0.12348 
0.122438 
0.116427 
0.104825 
0.0880822 
0.0686767 
0.049884 
0.0337052 
0.0213668 
0.0125785 
0.00677088 
0.00319822 
0.00126103 
1.18248e-05 
0.000355142 
0.0414792 
5.62306e-07 
4.35185e-08 
3.90835e-09 
0.0523639 
0.0115039 
0.016097 
6.06277e-10 
0.0112909 
3.13036e-11 
0.0171331 
0.0229411 
0.00499986 
0.0472548 
0.0561818 
0.0830039 
0.0621601 
0.0666629 
0.0706193 
0.074028 
0.0844838 
0.086346 
0.0942092 
0.0981916 
0.0805665 
0.062555 
0.0809887 
0.0776913 
0.0301148 
0.0689854 
0.0740096 
0.051417 
0.0555203 
0.0765 
0.0904106 
0.0887834 
0.0591343 
0.0732904 
0.0695776 
0.0382054 
0.0345608 
0.0460907 
0.0415955 
0.0407001 
0.0165277 
0.0260695 
0.00199568 
0.019158 
0.00634853 
0.00411407 
0.00940474 
0.00676473 
0.00871385 
0.0122226 
0.000573943 
9.4406e-13 
-2.14098e-08 
-2.08485e-06 
-4.73967e-09 
1.64858e-09 
2.03861e-12 
5.97742e-05 
-3.10148e-07 
2.10021e-06 
0.000325252 
0.000451385 
0.000876383 
9.63827e-05 
0.000101807 
0.000163532 
0.00266918 
0.00109099 
0.00436276 
0.00204353 
0.00803007 
0.00884407 
0.00507738 
-1.97762e-11 
5.56896e-10 
1.27872e-09 
2.29828e-10 
4.14697e-12 
5.21158e-12 
9.0967e-11 
2.59318e-10 
1.00973e-10 
1.21284e-12 
2.62617e-12 
1.71603e-12 
1.03128e-11 
3.36929e-11 
1.16167e-11 
9.68997e-13 
1.36832e-12 
2.23607e-12 
4.11581e-12 
8.3463e-12 
1.75296e-11 
3.63714e-11 
7.47315e-11 
1.65017e-10 
4.39157e-10 
3.16696e-10 
-4.84847e-11 
-3.78717e-10 
-1.75112e-10 
0.0257849 
0.0234173 
0.0303554 
-5.52529e-10 
0.0788896 
0.0917163 
0.0714081 
0.0657934 
0.0808327 
0.0771322 
0.00437768 
0.0101396 
0.00645571 
0.00350553 
0.00377909 
0.00486443 
0.00884854 
0.0101894 
0.0106637 
0.000715733 
0.000881646 
0.000467363 
0.0352731 
0.0432331 
0.0777023 
0.0854638 
0.088182 
0.0441254 
0.0224235 
0.0320937 
0.028239 
0.0112396 
-0.00107954 
0.00128977 
-1.57092e-09 
0.0392581 
0.0519276 
0.0637477 
0.0749128 
0.0853105 
0.0950853 
0.10395 
0.111865 
0.118292 
0.122513 
0.123512 
0.120104 
0.111361 
0.0969525 
0.0784849 
0.0590469 
0.041346 
0.0270596 
0.0165728 
0.00934207 
0.00474954 
0.00151774 
0.00206641 
4.73516e-05 
0.0815258 
7.43032e-07 
2.45057e-06 
1.53114e-07 
1.27997e-08 
0.0162587 
0.0729048 
0.0295068 
0.0933518 
0.0968039 
0.099456 
0.0575533 
0.030049 
0.0777897 
0.0820472 
0.0493997 
0.113027 
0.0943895 
0.0825811 
0.0864097 
0.0529753 
0.0835363 
0.0796723 
0.120945 
0.123641 
0.0651429 
0.122117 
0.0152015 
0.117541 
0.110859 
0.0365242 
0.0138878 
0.000775932 
0.102793 
0.0937744 
0.000232994 
0.0838552 
0.0733032 
0.0371163 
0.0619988 
0.0499684 
1.70631e-07 
0.0012415 
8.91893e-06 
0.0114318 
0.0499703 
0.00190502 
0.0064304 
0.0677729 
0.00611255 
0.0561138 
8.98995e-13 
1.12444e-12 
1.72365e-12 
2.99411e-12 
5.80142e-12 
1.20791e-11 
2.53158e-11 
5.20055e-11 
1.08994e-10 
2.63463e-10 
7.15564e-10 
0.0889373 
0.000143845 
0.0787062 
0.00465831 
-0.0030176 
0.0934816 
0.047808 
0.0608679 
0.0570125 
5.02666e-09 
0.00367286 
0.00757401 
0.0138146 
0.0231291 
0.0360684 
0.0526917 
0.0717042 
0.0909053 
0.106966 
0.117686 
0.122901 
0.123323 
0.120125 
0.114416 
0.106963 
0.0983828 
0.0925835 
1.00891e-09 
3.67226e-10 
1.61799e-10 
7.7058e-11 
1.4899e-05 
0.0248423 
0.0360447 
0.00448766 
0.0215216 
0.001915 
0.0957869 
0.0620007 
1.57831e-09 
0.00161248 
0.0029416 
1.66028e-08 
1.99646e-07 
0.000204632 
3.63616e-06 
0.00241231 
0.00537925 
0.0103674 
0.0180764 
0.0291515 
0.0440311 
0.0620297 
0.00718337 
0.00924449 
-0.00121405 
0.00175516 
0.0436288 
1.46356e-12 
0.00718488 
7.02535e-05 
1.8514e-05 
5.66894e-08 
0.0366272 
0.067643 
0.0183055 
1.72998e-09 
5.9859e-10 
2.38342e-10 
1.11449e-10 
5.30887e-11 
2.48579e-11 
1.15722e-11 
0.00277825 
5.74706e-12 
3.18364e-12 
1.9926e-12 
1.48588e-12 
1.66928e-12 
2.47828e-12 
4.20825e-12 
8.04826e-12 
1.69197e-11 
3.64056e-11 
0.00894836 
5.3518e-05 
4.06662e-12 
4.22705e-07 
0.0523672 
0.0393313 
0.0757051 
2.17575e-06 
0.0319658 
0.109532 
0.0959958 
0.0500521 
0.108916 
0.116024 
0.0244189 
0.121279 
0.0825823 
0.123766 
0.122382 
0.104431 
0.115988 
6.48376e-10 
0.104037 
0.000165621 
8.52065e-05 
0.0871697 
0.0677964 
0.0491103 
0.033327 
0.0211676 
0.0124925 
0.00673733 
1.95277e-08 
0.0757278 
0.0776027 
0.0706427 
2.25993e-07 
0.00206911 
0.0410977 
6.6779e-08 
7.95481e-08 
2.31909e-08 
0.00319233 
0.00238469 
0.0960951 
0.0984764 
0.0897557 
1.5755e-11 
8.27969e-12 
0.0626709 
0.028129 
0.0309005 
0.0338081 
0.0388951 
1.97215e-09 
0.109996 
0.0692075 
4.27057e-09 
0.119859 
0.117208 
0.110726 
0.112339 
0.106043 
0.00227821 
0.0102337 
0.11894 
0.118284 
0.120793 
0.00102481 
0.0101159 
0.104864 
0.107985 
6.05991e-09 
2.3376e-09 
0.0862081 
2.12049e-11 
6.20826e-06 
0.000713361 
0.000904213 
0.0162216 
0.019102 
5.07312e-12 
0.00840217 
0.0102327 
0.0644144 
0.0873403 
1.58153e-10 
6.85676e-11 
1.50637e-11 
2.77454e-11 
4.28368e-12 
6.25999e-12 
7.02035e-12 
6.36803e-12 
8.61251e-12 
1.10831e-11 
1.10455e-11 
1.46885e-11 
1.99333e-11 
0.00345227 
4.52824e-11 
8.8684e-11 
1.04512e-10 
1.36788e-10 
2.11326e-10 
3.24113e-05 
3.48516e-10 
7.46303e-10 
1.65161e-09 
2.59629e-09 
3.55167e-09 
5.72589e-09 
0.0912195 
0.0899814 
0.0948353 
-3.23079e-10 
1.27142e-05 
0.0810526 
0.0849233 
0.0701344 
0.0685909 
0.0742728 
0.109063 
0.109808 
0.116026 
0.116235 
0.0557859 
0.0012923 
5.0133e-06 
8.97711e-09 
0.00153535 
0.00147773 
0.00223676 
0.0206211 
0.122925 
0.123695 
0.0688742 
0.0584754 
0.0628469 
0.101968 
0.0648368 
0.0261959 
0.0236527 
0.0316645 
0.0178195 
0.04598 
0.0505866 
0.110648 
0.0484122 
0.0462285 
0.0538772 
5.75467e-09 
4.3695e-05 
7.18907e-09 
2.63895e-07 
0.116645 
0.116041 
4.28501e-06 
0.0392519 
0.058913 
0.100554 
0.112659 
0.123634 
7.62756e-10 
1.86785e-11 
7.76702e-12 
0.0804173 
0.0102166 
0.00929393 
0.058239 
0.0516827 
0.0408048 
0.0354474 
0.0267726 
0.0164363 
0.00747328 
0.0609869 
0.0178019 
0.00472348 
0.0286586 
0.0750572 
0.0961174 
0.0431666 
0.0680409 
0.00466858 
0.00466897 
0.0612017 
0.108508 
0.0816866 
0.10643 
0.0350952 
0.116277 
0.120708 
0.091389 
0.108031 
0.0556514 
0.061791 
0.0704536 
0.0656572 
0.00330845 
0.0122108 
0.0117878 
9.04232e-09 
0.110877 
0.103854 
0.0267902 
0.00151226 
0.123825 
0.0878944 
0.122631 
3.0654e-11 
3.93292e-11 
0.0230302 
0.0253455 
0.000102824 
0.0227528 
0.0169736 
0.111799 
0.11555 
0.0535048 
0.0449782 
0.0994632 
0.0100953 
0.0875824 
4.81536e-12 
9.83046e-12 
6.74379e-12 
2.70855e-05 
0.0952951 
2.62428e-10 
3.06029e-11 
5.32865e-07 
2.44354e-07 
0.07972 
0.0440359 
0.0567687 
5.85654e-11 
3.36152e-06 
2.36682e-10 
5.10558e-10 
1.09679e-09 
0.112273 
0.073312 
0.0785416 
0.0990096 
0.00623896 
0.000938794 
0.000762407 
3.21984e-10 
0.0325685 
0.0304343 
0.0373288 
0.0145708 
0.0177336 
0.013528 
0.018809 
0.0152239 
0.106472 
0.112927 
0.074302 
0.108271 
0.087325 
0.0969538 
0.0926132 
0.0779168 
0.101525 
0.0922124 
0.0403429 
0.0484521 
0.0437128 
0.00806836 
0.0931138 
0.0122175 
3.97558e-11 
9.34806e-09 
0.0979662 
0.00789584 
0.122888 
0.115265 
0.0136493 
0.0227623 
0.0053022 
0.00362825 
0.0815366 
0.0155265 
0.101104 
2.89335e-10 
7.56481e-10 
8.68838e-11 
0.00835841 
2.32168e-09 
1.07564e-09 
4.85204e-10 
7.25038e-10 
1.57735e-09 
4.74332e-05 
0.123089 
0.125181 
0.0030985 
0.0347921 
0.0696167 
2.09453e-08 
0.122263 
0.125141 
5.40573e-07 
0.0121955 
0.0998871 
0.112621 
0.0830798 
0.117028 
3.34036e-08 
0.085778 
0.000247849 
0.0568741 
0.0823274 
0.0698642 
0.0324327 
0.07703 
0.0045815 
0.00350208 
0.0206305 
0.00654116 
0.00511122 
0.0839124 
0.0261049 
0.0278019 
0.0221479 
0.101943 
0.00906873 
0.00991328 
0.00722877 
0.0397262 
0.0344179 
0.110612 
0.10785 
0.076144 
0.0176417 
0.0160122 
0.0172724 
0.0132125 
0.0437611 
7.15437e-05 
0.0401864 
0.114535 
0.0625277 
0.0664338 
1.3963e-10 
0.00399398 
0.0135469 
0.121496 
0.113788 
0.116388 
0.0875356 
0.00997145 
1.96709e-09 
0.10614 
0.123491 
0.000985903 
0.00125375 
0.00065471 
1.05038e-08 
0.0105168 
0.000816134 
0.000939006 
0.000396116 
1.36075e-09 
3.73112e-06 
6.34609e-06 
0.0149405 
3.28808e-10 
7.16155e-09 
1.48976e-08 
3.16037e-09 
2.07935e-09 
2.72152e-09 
4.21885e-09 
4.79749e-09 
6.56389e-09 
1.00325e-08 
0.105036 
0.0486093 
0.0505754 
0.0467923 
2.26543e-05 
0.0063123 
0.0133077 
0.0663837 
0.0594647 
0.123767 
0.122844 
0.000447163 
0.124126 
0.124056 
0.0655852 
2.10416e-10 
2.59119e-10 
3.98997e-10 
9.47522e-11 
1.72848e-10 
0.119385 
0.0595406 
0.0640704 
0.000100385 
0.101832 
0.105229 
0.0961936 
0.0125359 
0.0124128 
0.01512 
0.110146 
0.11305 
0.115325 
0.112934 
0.0394918 
0.101287 
0.105158 
7.26432e-08 
0.00025095 
0.000217817 
0.0154719 
0.0165812 
0.017373 
0.0171148 
0.0160592 
0.0194626 
0.0177779 
0.116288 
0.000164595 
0.000241024 
0.1243 
0.0863775 
0.128589 
2.88875e-07 
0.0410936 
6.06843e-09 
2.03105e-09 
0.0503777 
0.0478906 
0.122825 
0.0772212 
0.00017236 
0.000105222 
0.120389 
0.119454 
0.0301583 
0.129122 
0.119544 
0.0950541 
0.119271 
0.119805 
0.0934333 
4.43715e-08 
0.125073 
0.0738792 
0.0810045 
0.0890307 
0.045797 
0.0419054 
0.115749 
0.0439444 
0.0475088 
0.102888 
0.00200771 
0.094807 
0.0713448 
0.113786 
1.81263e-08 
1.79662e-08 
6.48468e-09 
0.085724 
0.0788144 
2.51035e-11 
4.71074e-11 
0.0690596 
0.00229845 
5.86229e-11 
0.00544859 
0.102867 
0.0971334 
0.0034986 
0.0763286 
0.0903571 
0.127004 
0.116574 
0.0913499 
0.092508 
0.128972 
0.124582 
1.61855e-11 
6.41277e-10 
5.30085e-10 
7.97116e-10 
0.0208343 
0.0250242 
0.00143696 
0.124147 
0.023158 
0.025231 
6.61945e-11 
8.30422e-11 
1.1843e-10 
0.123377 
2.66572e-05 
2.15421e-08 
1.55656e-08 
9.84075e-07 
4.498e-07 
3.27633e-06 
0.12368 
0.0903912 
0.0877875 
0.0940985 
1.74153e-11 
2.4564e-11 
8.75489e-11 
0.125772 
0.109307 
1.93409e-11 
2.54734e-11 
3.19278e-11 
0.00141918 
0.00165209 
0.0973081 
0.0962621 
0.10085 
0.0715904 
0.0641152 
0.122031 
0.0362409 
1.70646e-10 
8.59424e-10 
1.05453e-09 
1.72552e-09 
3.40784e-11 
4.27963e-11 
5.91438e-11 
0.107611 
0.1112 
0.116831 
0.0516168 
0.0533258 
1.97799e-05 
0.0768998 
0.0755892 
0.0810586 
0.124791 
0.124253 
0.126891 
0.12784 
0.0399711 
0.0448449 
0.0550933 
0.0589808 
0.0324498 
0.0300793 
0.0368318 
0.000506202 
0.02141 
0.022578 
0.0817093 
0.0699643 
0.104472 
0.10749 
0.00234784 
2.39762e-08 
3.26074e-08 
5.11462e-08 
0.0533223 
0.0555472 
0.057951 
3.524e-05 
0.00509944 
0.0995272 
0.00740668 
0.00708291 
0.00964044 
0.104552 
0.111437 
0.109768 
0.121992 
0.121614 
0.123295 
0.11624 
0.11842 
0.120257 
0.108759 
8.10518e-06 
0.089151 
0.133193 
0.123608 
0.0857195 
0.134049 
0.0487145 
0.0980674 
0.025673 
0.0312024 
0.0265687 
0.10227 
9.06326e-06 
0.131864 
0.0241588 
0.025345 
0.0546254 
0.129869 
0.0729184 
0.0531901 
0.000394404 
0.0883032 
0.124555 
0.0384081 
0.111936 
2.74863e-11 
6.8984e-11 
3.48232e-11 
0.0646968 
0.00605512 
0.118995 
0.0994671 
0.0654417 
5.69989e-10 
0.00191766 
0.00433117 
0.00561801 
3.771e-05 
2.09135e-05 
0.133251 
0.135401 
0.10473 
0.0464049 
0.0404898 
6.79546e-08 
0.115913 
0.000824911 
0.000531245 
1.3341e-10 
0.12641 
0.000756664 
0.000869749 
0.000526158 
0.106939 
0.000688993 
0.000773762 
1.98771e-10 
0.128315 
3.95663e-06 
0.122759 
0.0429498 
5.29739e-10 
0.126965 
0.111586 
0.000133494 
0.000492345 
4.29762e-05 
0.0581956 
0.107651 
0.110833 
0.000257021 
0.000419232 
0.000191121 
0.0552263 
0.0487367 
0.122106 
0.120006 
0.000396549 
0.123925 
0.000455429 
0.118264 
0.0670594 
0.000383818 
0.00117991 
0.001381 
0.000812718 
0.0586602 
0.0661467 
0.0607318 
0.000450155 
0.0328413 
0.030716 
0.0379568 
0.00436702 
0.111532 
0.00294407 
0.00329907 
0.00219185 
0.0803541 
0.134108 
0.128816 
4.48894e-07 
0.0744452 
0.0673461 
0.131815 
0.0206932 
0.0917675 
0.135371 
0.0940936 
0.104169 
0.0981868 
0.0547395 
0.12554 
0.0514376 
0.00221266 
4.3501e-06 
0.136334 
0.101661 
4.06669e-08 
1.22273e-10 
0.0005423 
0.0595128 
0.0610334 
0.134085 
0.0716294 
1.02774e-09 
8.68728e-10 
9.00647e-08 
0.0595547 
0.108716 
0.00245003 
0.0841241 
0.0770675 
0.0930506 
5.78881e-11 
0.0251493 
0.0434301 
0.124285 
0.00625749 
0.00484236 
0.120167 
4.45672e-09 
0.0210285 
0.113233 
0.107143 
0.00755913 
0.00799694 
2.58551e-10 
0.0867532 
0.0803818 
0.0577375 
0.0852734 
0.0154645 
0.0960719 
0.000555456 
0.11449 
0.115142 
0.0609597 
0.00159398 
0.075992 
0.104908 
0.0838277 
1.77563e-10 
2.08957e-10 
3.07758e-10 
0.114516 
0.000405607 
1.86812e-06 
1.7174e-08 
0.122789 
1.36643e-07 
9.57395e-08 
2.25321e-09 
0.0656347 
0.113273 
0.00868407 
0.00687336 
0.00125272 
0.128299 
0.0831348 
0.0872846 
3.8017e-10 
4.53137e-10 
6.74597e-10 
0.0635498 
0.0647444 
0.0936498 
0.0313106 
4.45215e-08 
9.18115e-08 
0.0478694 
0.052885 
0.117695 
0.0010005 
8.50709e-11 
1.42973e-10 
1.22554e-05 
3.06603e-05 
0.123309 
0.125308 
0.116343 
0.103421 
0.106808 
6.9097e-09 
0.134058 
0.0432593 
5.9822e-10 
1.69422e-09 
1.93209e-10 
2.13609e-07 
1.10859e-08 
1.36081e-08 
2.14584e-08 
0.0932907 
0.0866734 
0.000652828 
0.0839356 
0.0880143 
0.0785056 
0.0772621 
0.0827261 
0.0684411 
0.0177502 
0.131901 
0.115868 
0.000390949 
1.35215e-09 
1.58472e-09 
2.54263e-09 
0.0580719 
6.46883e-11 
8.69345e-11 
1.01768e-10 
0.0369551 
0.0391815 
0.0281494 
0.029028 
0.000355336 
0.000227486 
0.0331661 
0.120441 
0.120874 
0.115972 
0.121885 
0.117691 
0.128708 
0.0729501 
0.0207472 
0.130394 
0.0375258 
0.0108975 
0.014295 
0.013607 
0.0173418 
0.0198959 
0.0212871 
0.0166388 
0.130668 
0.136227 
0.134353 
0.0906879 
0.124159 
0.124669 
0.118998 
0.0117264 
0.0127392 
0.00948614 
0.000709185 
0.000710928 
0.110364 
0.108688 
1.03408e-08 
4.466e-09 
0.0267637 
0.000949513 
0.000945441 
0.134022 
0.0958887 
0.0987354 
0.023142 
0.137295 
0.0979056 
0.0988826 
0.0300299 
0.111438 
0.0506795 
0.0466012 
0.0535383 
0.139522 
1.82915e-06 
0.0329156 
0.037934 
0.033128 
0.049165 
0.0994806 
0.000635598 
0.12288 
0.122598 
0.124048 
0.0627223 
0.0734253 
0.00384921 
0.0006065 
0.124037 
0.00217014 
1.36876e-07 
1.88102e-07 
2.81429e-07 
1.74731e-09 
8.8785e-11 
2.20343e-10 
1.07895e-10 
0.0937439 
0.131349 
0.0012688 
0.00110483 
0.00142512 
0.0585025 
0.128426 
0.129754 
0.101565 
0.103595 
0.095602 
0.00467503 
0.139323 
0.0301132 
0.0263504 
0.0340386 
3.48676e-08 
6.78729e-06 
4.38999e-09 
3.93486e-09 
0.105032 
0.136487 
0.000796232 
2.77514e-08 
0.0661387 
0.113177 
0.0447631 
0.115553 
0.000116103 
1.29569e-07 
0.136592 
0.0103103 
0.0369379 
0.0318007 
0.00645993 
0.0958931 
0.0658994 
0.0607076 
0.0683222 
0.0899056 
7.77733e-09 
0.132456 
0.138328 
0.140604 
0.139614 
0.119605 
0.118472 
2.19542e-06 
1.10099e-06 
6.85774e-06 
0.100233 
0.0043734 
0.00583928 
1.47871e-06 
0.00355432 
0.000797598 
0.000988837 
0.00108002 
0.00196445 
0.00183061 
0.00321645 
5.75877e-08 
0.000173584 
0.0974803 
8.24945e-08 
0.119901 
0.0238872 
0.0307862 
0.0332886 
0.0747682 
0.0494181 
0.0534774 
0.1129 
0.135669 
0.137008 
0.0612019 
0.103526 
0.0553637 
0.104689 
0.138685 
0.138498 
0.100628 
7.65942e-05 
0.0255895 
0.0241057 
0.116685 
0.0447422 
0.100755 
0.127804 
0.0950209 
0.0996626 
0.107663 
0.0755145 
0.0806429 
0.00044969 
0.0874261 
0.0824822 
0.0889989 
0.054763 
0.140934 
0.0725395 
0.122646 
0.121911 
0.0512339 
0.0382194 
0.0406643 
0.0012854 
0.0269928 
0.00407448 
0.00411792 
0.137659 
5.74581e-10 
0.0672692 
3.22036e-09 
0.0814678 
0.0748085 
0.0389612 
0.0716026 
5.77721e-10 
0.00146945 
0.0734724 
0.0196906 
0.133651 
0.132511 
0.134944 
0.121682 
0.122031 
2.53897e-05 
5.01551e-06 
2.33757e-06 
0.00178402 
1.31924e-05 
1.42022e-08 
0.0688951 
0.00104752 
0.107396 
0.0059253 
0.00452442 
0.11605 
0.116625 
0.000376252 
2.07226e-09 
3.63637e-09 
0.109344 
0.112504 
0.00046723 
6.08252e-07 
3.9721e-07 
8.03972e-07 
0.0470138 
0.0560595 
0.0611625 
3.75516e-10 
6.34032e-10 
1.36207e-09 
2.36797e-09 
0.139314 
0.124505 
0.124583 
0.126125 
0.011237 
0.102536 
0.0822397 
0.0751405 
2.38043e-08 
1.08542e-08 
0.140732 
7.69585e-08 
1.49072e-07 
0.132301 
0.000225192 
0.00773843 
0.00785456 
0.0690889 
0.0701749 
0.0908926 
0.0949268 
0.135118 
0.111533 
0.112695 
0.11505 
0.113617 
7.81471e-09 
1.46976e-08 
0.119553 
0.0532779 
0.0334557 
2.68675e-07 
2.36531e-07 
0.0674879 
0.124082 
0.128855 
0.125131 
0.110009 
0.105556 
2.27733e-10 
0.0233458 
0.131194 
5.17561e-08 
9.6257e-08 
0.0493495 
0.0438618 
0.0147844 
0.0121718 
0.0791923 
0.080382 
0.00114513 
0.0628324 
0.0654118 
0.0559339 
0.040892 
0.0384881 
0.0458675 
0.109525 
0.0151735 
0.0185357 
0.0112841 
0.0105199 
0.0142155 
0.124983 
0.00272229 
0.00302807 
0.00199108 
0.00830046 
0.00906958 
0.00653802 
0.108699 
0.0996172 
0.0938983 
0.118415 
0.000538533 
0.0203561 
0.0190696 
0.000838132 
0.0723595 
0.114418 
4.05473e-05 
0.00132128 
2.30825e-10 
0.109129 
0.119145 
0.000473537 
0.120857 
0.138756 
6.17118e-07 
0.112142 
0.10428 
0.105165 
0.000105314 
0.0463223 
0.0963558 
1.44876e-09 
0.122341 
0.0354348 
0.0708869 
0.090917 
0.0431161 
0.0373741 
4.98879e-09 
5.68498e-09 
8.79297e-09 
0.00381276 
0.102045 
0.0999909 
0.00157913 
0.0498251 
0.121578 
0.0382778 
0.142391 
0.00474402 
0.104411 
0.105943 
6.26548e-10 
0.000180616 
4.75944e-07 
0.0432192 
1.54672e-09 
0.0229689 
4.21918e-05 
0.136562 
0.00181936 
0.076801 
0.00102558 
0.0334274 
0.12842 
1.56682e-07 
0.117755 
0.118198 
8.9351e-10 
0.120956 
0.00138559 
0.000723761 
0.102503 
3.57853e-07 
0.114504 
2.71121e-08 
0.119248 
0.12132 
0.139945 
1.83488e-07 
0.124101 
0.122429 
1.15222e-06 
0.000208149 
0.000247489 
0.0609432 
0.0784946 
0.0287387 
0.024413 
0.136355 
0.000329179 
0.0058159 
5.28298e-08 
0.105916 
0.0857396 
0.0846525 
0.0898499 
0.118388 
0.122946 
0.119107 
0.0603103 
0.0009397 
0.000516527 
2.37706e-10 
3.25958e-10 
3.96991e-10 
7.61653e-07 
0.101168 
0.0961465 
0.0998801 
0.0776988 
0.0260582 
0.0653803 
0.0653492 
0.140736 
0.141385 
0.110321 
0.0203956 
0.0242518 
0.0389001 
0.112536 
0.114022 
0.107787 
0.0629985 
0.141696 
0.126157 
0.0703795 
4.32419e-09 
2.75213e-08 
1.40568e-07 
7.57054e-08 
1.44135e-07 
0.106286 
1.38228e-07 
0.106969 
9.36414e-05 
1.46998e-06 
0.0304493 
1.03399e-08 
0.0839404 
0.0841911 
1.57845e-09 
9.45536e-07 
0.0854907 
0.0158667 
0.125194 
0.105726 
0.124871 
0.071821 
0.0981985 
0.0849443 
0.00240141 
0.0447842 
4.20257e-06 
0.0491925 
0.0543652 
0.0508233 
0.142532 
0.0601862 
0.0302715 
0.00435781 
0.00561901 
0.00425932 
0.0771776 
0.134065 
0.143359 
0.142875 
0.0193031 
0.0180971 
0.0758784 
0.123631 
0.123836 
0.00277216 
0.00247377 
0.00150304 
9.92355e-10 
0.13938 
7.295e-05 
0.134593 
0.0812749 
0.0823589 
0.00107012 
0.106181 
0.000144639 
1.81119e-08 
1.66787e-08 
0.125399 
0.124662 
0.111065 
0.100281 
0.0568465 
0.0548219 
0.030278 
6.24902e-05 
0.00157372 
0.0915279 
0.0938482 
0.0847547 
0.13136 
0.128855 
0.131899 
1.81229e-06 
7.68577e-07 
0.0069665 
0.118908 
0.102189 
0.000574654 
0.10858 
1.82295e-05 
0.103017 
0.0911108 
0.133434 
0.00156569 
0.114717 
0.115267 
3.69064e-07 
2.72129e-07 
0.000218169 
0.000669118 
0.114856 
0.117677 
3.11127e-05 
3.06014e-06 
6.36087e-06 
4.85865e-07 
0.124327 
0.125411 
0.064604 
0.0695843 
0.0756292 
0.000378686 
0.141279 
6.80372e-09 
1.16982e-08 
0.00133776 
3.55619e-09 
0.14047 
5.81469e-05 
0.0704832 
0.137015 
0.0735709 
0.00626325 
0.0789635 
0.0978289 
0.101649 
0.13865 
0.137153 
0.1395 
0.000853763 
0.000954641 
1.00157e-05 
0.121032 
0.142177 
0.143745 
0.142794 
0.120624 
3.87804e-08 
7.42707e-08 
2.58172e-09 
4.51888e-09 
0.0646146 
0.129965 
0.00791704 
0.00622499 
0.000720257 
0.000994764 
8.42425e-05 
0.130505 
1.41535e-05 
0.00136125 
7.46105e-09 
0.0633862 
0.0608694 
0.0743724 
0.122999 
0.123261 
0.0660608 
0.000181484 
0.0438839 
6.00325e-08 
2.90008e-08 
0.0706766 
0.0516593 
0.0540503 
0.0453024 
8.88741e-07 
0.0106801 
0.00863925 
0.0419067 
0.0190051 
0.0152753 
0.0947668 
0.0890242 
0.000278557 
0.0381873 
4.72919e-06 
7.00419e-10 
0.0918104 
0.0895093 
0.126802 
0.106577 
0.0789289 
0.0140398 
0.0150715 
0.0115319 
8.9283e-07 
0.0377428 
2.3629e-08 
2.81048e-08 
4.15675e-08 
0.124856 
0.0729104 
0.0786272 
0.0794678 
0.0406151 
8.95498e-10 
7.5055e-06 
1.91167e-08 
0.142006 
0.0049203 
0.000710923 
0.000530039 
0.000857392 
4.35804e-07 
0.00120775 
0.102566 
8.60838e-05 
0.131802 
0.00278391 
0.000803881 
0.108928 
0.00349789 
0.0109764 
0.122484 
8.1157e-06 
0.141916 
5.17778e-07 
0.110385 
0.111094 
0.00159766 
0.0218512 
0.0957806 
3.36687e-07 
0.133965 
0.00214511 
0.00222012 
0.00041855 
0.12012 
0.134299 
0.121139 
0.140241 
1.57733e-09 
1.86262e-06 
1.74856e-06 
0.000298241 
0.00194607 
0.116176 
0.13989 
0.00174887 
0.00705455 
0.11883 
0.120584 
2.68839e-09 
0.0853298 
2.83707e-05 
0.0800006 
6.65754e-05 
0.000504453 
0.000731111 
0.0274922 
0.0232514 
6.13376e-09 
0.00959533 
0.0472494 
0.0491104 
0.0550614 
0.0503675 
8.95102e-05 
0.0707487 
0.0845973 
0.1433 
0.000140264 
0.00275038 
0.00035345 
0.000364314 
0.137364 
0.14018 
0.137652 
1.56743e-09 
4.34264e-05 
0.00012932 
0.0351761 
0.000820436 
0.0962697 
0.020405 
0.0137034 
0.0461167 
0.0951496 
0.0917885 
0.0615298 
0.0754013 
0.033988 
0.0291228 
0.130995 
0.000218304 
0.00233184 
0.0832786 
0.0838158 
2.16585e-05 
3.80867e-09 
2.79346e-07 
4.50415e-08 
0.089647 
0.0897245 
0.124073 
0.0899341 
0.0835418 
0.101203 
0.0777627 
0.0331923 
0.000779557 
0.0360498 
0.00614866 
0.128861 
0.0410244 
0.142128 
3.37239e-08 
0.0928987 
0.0968929 
0.0603809 
0.140487 
0.111287 
0.0846173 
0.00359865 
0.000605573 
0.143664 
0.0569198 
0.0626592 
0.143268 
0.0588862 
0.0679243 
0.0951669 
0.000133346 
0.128636 
0.000919187 
0.122157 
6.35893e-07 
0.0801666 
0.0826463 
0.0730293 
0.0794015 
0.00278229 
3.95982e-05 
0.142247 
1.28804e-06 
0.114228 
0.116714 
0.0916128 
0.0183003 
0.0171539 
0.112331 
6.23942e-05 
0.0896246 
0.111582 
3.61287e-06 
0.112972 
0.119834 
2.77177e-07 
0.122063 
0.000233316 
0.0741957 
0.138163 
0.122724 
0.0729709 
3.08568e-08 
0.000104003 
6.39201e-07 
0.124342 
0.124521 
0.000558144 
0.120635 
0.0013594 
0.00117084 
0.00927863 
0.0103874 
0.124725 
0.12483 
0.113826 
0.144143 
0.104552 
0.108171 
0.084346 
0.0899163 
0.137852 
0.000161464 
0.0848867 
0.0800435 
0.0877432 
0.0866978 
0.0919204 
0.00357241 
0.0739931 
0.0305747 
0.125592 
0.125693 
0.000746941 
0.000512061 
0.00534819 
0.00406778 
0.0896768 
1.58574e-07 
1.11701e-08 
1.12008e-08 
1.98222e-08 
0.0873475 
0.00141627 
0.00154701 
0.112015 
0.0265235 
0.0619771 
0.0932133 
0.0906088 
0.00131713 
0.116892 
0.131365 
0.134765 
0.0414469 
0.0358817 
0.144474 
0.000195645 
0.00750457 
0.00592218 
0.075814 
0.118106 
0.123897 
0.124355 
0.0250767 
0.0180859 
0.0147918 
0.0464077 
0.00175006 
0.0587973 
0.105413 
0.0802594 
0.000447107 
0.104346 
0.106222 
0.0983798 
0.131313 
0.127463 
0.065511 
0.125796 
0.122123 
0.125404 
0.0899875 
2.12998e-05 
6.54944e-09 
3.32841e-05 
0.00335166 
0.00447227 
0.00111786 
0.0551827 
0.00261371 
0.00226552 
0.000193993 
0.0682709 
0.0612154 
0.070693 
0.00282674 
0.000284582 
0.112846 
0.00269803 
0.0654371 
0.0557135 
0.0803483 
0.0779068 
0.000418811 
3.26285e-05 
0.0870782 
0.102103 
0.0965046 
0.0814832 
0.0858423 
0.123976 
0.000851657 
0.000140776 
0.000985021 
0.036263 
0.0606246 
0.138013 
0.08895 
0.0899562 
0.0013757 
0.14294 
0.0952547 
0.0949732 
0.0261325 
0.0313537 
0.144588 
0.0849765 
0.000149646 
0.0904979 
0.0681725 
0.0964952 
0.085231 
0.123548 
0.000653123 
5.23716e-07 
0.0676273 
0.0208065 
0.117551 
0.118901 
0.14371 
2.21554e-06 
0.116619 
0.116075 
0.119384 
0.0833738 
0.00234489 
0.110096 
0.112169 
0.050507 
0.00660513 
7.29639e-05 
0.000105091 
4.98224e-05 
1.44963e-07 
0.134611 
0.12053 
0.135194 
0.121312 
0.00359227 
2.0249e-05 
0.00367182 
0.00409608 
0.00465876 
0.135182 
0.0702308 
0.0899324 
0.0900483 
1.25749e-06 
0.109769 
0.00112537 
0.00029995 
0.124937 
0.125303 
0.0762939 
0.0757014 
1.75929e-07 
0.0726091 
0.00167915 
0.11271 
0.00154696 
4.22306e-05 
1.98716e-06 
9.01334e-05 
0.0622032 
5.1319e-06 
0.00265637 
0.00261331 
0.137578 
2.98047e-05 
3.86453e-05 
0.000436536 
0.0034703 
0.0262332 
0.0221605 
0.0558105 
0.124718 
7.48601e-08 
0.114924 
0.0835417 
0.0793573 
0.0190517 
0.0230324 
0.012761 
0.00216867 
0.00272138 
0.101124 
0.0938064 
0.103888 
0.144773 
0.0497842 
0.0435974 
0.0806091 
9.31797e-05 
0.115805 
0.117123 
0.111342 
0.0914358 
0.0923529 
3.27207e-05 
0.0135657 
0.0165406 
0.0100816 
0.00817094 
4.99174e-05 
0.123715 
0.107691 
0.125669 
0.125788 
0.125664 
0.0132746 
0.0142198 
0.0108645 
0.0790269 
0.00188132 
8.27276e-05 
9.4903e-08 
1.74289e-07 
0.144885 
0.00115616 
0.0707499 
0.0318542 
0.065181 
3.94307e-05 
0.0560402 
0.134993 
0.127822 
0.0999445 
0.103768 
0.00178031 
0.00194147 
0.141773 
1.91814e-05 
0.0563682 
0.0693695 
0.137734 
0.0822694 
7.52185e-06 
0.122278 
7.87986e-06 
0.0614215 
0.0566015 
0.118887 
0.000665789 
0.140139 
0.121735 
0.14018 
1.122e-06 
0.13769 
0.0948296 
0.0948195 
8.39615e-06 
0.0710713 
0.0770731 
0.125742 
0.13469 
0.00031726 
0.0004493 
0.000220491 
0.143821 
0.142211 
0.0364225 
0.0409603 
0.00336734 
0.0032845 
0.00372239 
0.118467 
0.144359 
0.072941 
0.050421 
0.00565291 
4.2411e-07 
0.00159387 
0.144651 
0.125798 
0.125831 
1.9167e-05 
0.131537 
0.0810452 
0.117962 
0.14424 
0.000320215 
0.104377 
0.102459 
6.23779e-07 
5.311e-06 
2.78009e-06 
7.36408e-06 
1.4601e-05 
1.14504e-06 
2.24911e-06 
0.126574 
0.0785659 
6.20983e-06 
0.120136 
9.14817e-07 
1.43309e-06 
0.000498867 
3.0634e-06 
2.24061e-06 
4.645e-06 
0.00132476 
0.00254251 
0.00217717 
0.094091 
0.0962709 
0.0872827 
8.98716e-08 
0.0664149 
0.139691 
0.00204914 
0.117787 
0.00952927 
0.00831946 
0.0118889 
0.110975 
0.11433 
0.00124104 
0.00152766 
0.000862264 
0.000748259 
0.0881147 
4.76844e-06 
0.000922242 
7.98481e-08 
0.0479882 
0.144461 
7.39554e-05 
0.000126011 
0.12151 
0.121572 
0.123896 
0.000187236 
0.000185303 
0.0825863 
0.0790848 
3.22023e-07 
0.000263954 
0.0325549 
0.0277961 
4.78714e-08 
0.00508467 
0.00392401 
0.114673 
0.0173284 
0.0162156 
0.128402 
0.128688 
5.87039e-07 
0.143473 
0.0520908 
1.00859e-05 
0.0443992 
0.0403872 
0.0447837 
6.63424e-06 
1.57564e-05 
0.117849 
0.0778547 
0.131619 
0.101533 
2.23536e-05 
0.0754349 
0.100588 
1.59635e-05 
0.11153 
0.125454 
0.129028 
0.0888842 
0.0803568 
0.0775146 
3.74709e-07 
0.00257968 
0.00136767 
0.0017231 
0.0658939 
0.0682993 
0.0589144 
1.57536e-05 
0.0499678 
0.0320878 
0.077236 
0.130405 
4.54458e-05 
1.72676e-05 
0.0941715 
0.0950739 
0.144729 
0.000392016 
0.126425 
0.11585 
0.121121 
0.0548773 
0.0855554 
0.0499958 
0.142303 
0.126123 
0.123199 
0.142822 
0.000395565 
0.140227 
0.10529 
0.000546138 
0.00226691 
0.000112941 
0.131642 
0.134926 
0.131898 
9.92933e-06 
0.0457635 
0.0998848 
0.104831 
0.099669 
2.26265e-05 
0.0857747 
0.00504759 
0.00605649 
0.044917 
0.139995 
0.000136471 
0.00192938 
0.126285 
0.059274 
1.33178e-05 
0.0478173 
6.81732e-07 
0.00141661 
2.54066e-05 
0.107854 
0.106039 
0.0900742 
4.58618e-05 
0.000640241 
3.21335e-05 
5.40564e-05 
1.12291e-05 
9.97247e-08 
2.05736e-07 
3.25925e-07 
0.001044 
0.14472 
0.0197457 
3.80282e-06 
0.144177 
0.141998 
0.119703 
0.118189 
0.108587 
0.109049 
6.33745e-08 
3.87317e-07 
0.000416839 
0.0706212 
0.0700354 
0.0278828 
0.0234628 
0.0280916 
7.47478e-05 
0.136319 
0.0034268 
2.44703e-05 
0.0397711 
0.0343748 
0.142711 
0.141699 
0.142909 
6.19004e-07 
5.93402e-06 
1.87467e-05 
1.08242e-06 
1.36383e-05 
2.20869e-05 
9.97744e-06 
4.28254e-06 
3.48541e-05 
1.09865e-07 
2.04252e-06 
0.000737034 
0.120327 
0.122864 
5.0995e-07 
0.0728742 
1.34343e-06 
5.2395e-08 
0.00701946 
0.00560489 
0.125261 
0.00245956 
0.132262 
0.108787 
0.126869 
0.126812 
0.0883357 
0.074971 
0.13212 
0.00182548 
4.16458e-05 
0.00215698 
0.0634024 
0.048864 
0.0443099 
7.47431e-05 
0.0688539 
0.125799 
7.25797e-08 
0.0651658 
1.16539e-06 
0.106739 
0.110306 
0.00266519 
0.00268425 
0.0973798 
8.29544e-05 
0.000486537 
0.14285 
1.4686e-07 
1.11868e-07 
1.91676e-07 
1.64442e-07 
3.15086e-07 
1.7053e-07 
3.60451e-07 
0.114875 
0.0022485 
0.0965446 
3.57828e-07 
8.72633e-08 
7.39874e-07 
4.89064e-07 
1.01103e-07 
0.0905381 
0.144462 
0.115294 
0.0948009 
0.053364 
7.77883e-06 
0.143522 
0.125989 
0.124615 
1.0695e-06 
0.125775 
2.0936e-05 
0.107978 
0.133687 
2.18452e-07 
0.103683 
0.101893 
0.000242394 
0.000360743 
0.000167607 
4.57779e-05 
0.00476882 
0.00535518 
2.32283e-07 
0.00418769 
0.00423751 
0.00480251 
0.00746039 
0.00873832 
0.0802541 
0.126447 
0.132849 
6.5437e-05 
0.137669 
0.000728637 
0.142008 
0.0991007 
0.140004 
0.0657296 
0.114501 
0.115919 
0.109724 
0.00279085 
0.00245026 
2.93306e-07 
0.0164273 
0.0153492 
0.144736 
0.036158 
0.0315985 
0.0575208 
0.0633993 
0.0824124 
0.075172 
0.000888071 
0.129615 
0.0808185 
0.0887875 
0.00216916 
0.0542739 
0.0564904 
0.0478176 
3.26706e-07 
0.123531 
0.120816 
0.00151688 
0.00192501 
0.0947197 
0.0937873 
0.0944825 
0.119887 
0.143557 
0.0249997 
0.0210471 
2.67973e-07 
2.51016e-08 
5.25574e-08 
0.122481 
2.44002e-08 
1.0182e-07 
2.11395e-07 
0.113375 
0.102313 
0.100351 
6.96481e-05 
0.109889 
0.125932 
1.66785e-05 
3.06396e-07 
4.34275e-07 
2.6845e-07 
0.116958 
3.10763e-07 
4.90388e-07 
1.72934e-06 
3.33619e-06 
7.05671e-07 
0.000338482 
3.45509e-06 
0.0702802 
0.0663771 
0.0661967 
0.000738248 
0.000854539 
0.129191 
0.00274105 
0.0847256 
1.13274e-05 
0.000439113 
0.13867 
0.0133291 
0.0124562 
0.00335644 
0.00256161 
0.00308681 
0.135563 
0.00361653 
0.0371185 
4.73769e-05 
0.0399023 
0.0353798 
0.0394836 
0.0992647 
0.0921671 
0.102457 
0.0417485 
0.14085 
0.138331 
0.140751 
0.121069 
1.67996e-06 
0.126124 
0.126946 
0.126992 
0.0169846 
0.106661 
2.38909e-07 
0.121345 
1.88493e-06 
6.04136e-07 
2.9714e-06 
1.14892e-06 
0.0204635 
4.60905e-07 
4.97448e-07 
0.135064 
0.118061 
9.31917e-07 
5.63892e-05 
0.00942474 
0.0101206 
0.00757039 
0.105301 
5.95441e-07 
2.77918e-06 
0.0427992 
5.4267e-07 
0.0637933 
0.091748 
0.0938882 
0.0847078 
0.119277 
3.29901e-07 
0.101227 
0.099311 
2.73567e-05 
2.70434e-05 
5.34638e-05 
0.14036 
5.83857e-07 
9.58239e-06 
0.0951635 
0.144453 
0.116767 
0.00334717 
9.53373e-06 
2.43983e-06 
0.0010664 
0.126461 
0.0147716 
3.69306e-05 
2.52088e-05 
1.45304e-07 
0.124555 
7.6187e-07 
0.0994442 
0.0029302 
0.00307859 
0.0387673 
0.0993603 
0.134993 
0.137743 
0.1351 
0.000131689 
0.0607101 
0.000833441 
0.0398949 
1.97608e-05 
9.56818e-07 
6.55183e-05 
5.48874e-06 
0.0867723 
6.57636e-07 
2.96534e-07 
0.126901 
0.000127166 
0.000108262 
0.102233 
0.101453 
0.106028 
0.0968955 
0.0949003 
1.24517e-06 
0.122363 
0.0282058 
1.06741e-06 
0.127424 
0.126918 
8.1013e-07 
0.141561 
0.057003 
0.00300282 
1.60596e-06 
0.0122708 
0.143031 
0.00150943 
0.109974 
0.144207 
4.22591e-06 
6.91951e-06 
3.29443e-06 
0.122228 
0.143986 
0.143827 
2.05626e-06 
8.66687e-07 
5.84274e-06 
0.0379648 
0.0206307 
0.0244447 
0.000581353 
0.000117664 
0.0310717 
0.0265085 
0.000253647 
0.0037615 
0.114321 
0.113214 
0.000682471 
0.0577706 
0.00032954 
0.0991275 
0.0992693 
0.143856 
0.0690419 
0.0656545 
3.29526e-06 
0.123605 
0.11806 
0.122354 
0.00126016 
2.70696e-05 
0.124878 
0.124604 
0.126784 
1.0589e-06 
0.00131837 
0.00171649 
0.129245 
0.11031 
0.114973 
1.26168e-07 
8.63061e-06 
5.17897e-06 
0.144306 
4.58431e-06 
5.44323e-06 
7.02849e-06 
0.000603643 
0.000715547 
0.103652 
0.114015 
0.0362018 
0.0922823 
0.0956565 
0.0927574 
1.96475e-06 
0.11856 
0.142586 
0.0327393 
0.000332047 
5.13311e-06 
1.35652e-05 
2.26663e-05 
0.000512065 
0.000709781 
0.0046978 
0.00372135 
0.0339302 
0.127168 
0.13508 
0.132289 
0.0036465 
0.0667262 
0.0980395 
9.99307e-05 
7.83068e-07 
9.61521e-07 
0.0375715 
2.01084e-06 
0.0145173 
0.0558534 
0.0472063 
0.113183 
0.116431 
0.000398163 
0.00357738 
6.82291e-05 
8.45416e-05 
4.29675e-05 
4.98733e-05 
1.07849e-06 
2.97031e-06 
0.0987876 
0.00402029 
0.00367697 
0.0466354 
0.11371 
0.109218 
0.0148755 
0.0178143 
0.126099 
0.109525 
3.16389e-06 
2.6818e-06 
1.28973e-06 
0.000606037 
0.0005171 
5.94989e-07 
0.0413431 
0.104019 
0.00325574 
0.000109241 
0.0925536 
0.0902607 
1.46427e-06 
0.108273 
0.000178361 
0.00658168 
0.00775637 
1.95311e-06 
3.07803e-06 
2.13461e-06 
4.50336e-06 
8.08918e-06 
1.28949e-05 
0.000132259 
8.16838e-06 
0.132268 
0.0638831 
5.68622e-07 
1.27684e-05 
0.0525192 
0.000128292 
0.11906 
0.121864 
4.38307e-06 
0.000156264 
0.000188767 
1.66714e-06 
1.55428e-06 
0.0448556 
0.124375 
0.103429 
7.33185e-06 
0.108295 
0.108056 
0.000187678 
3.63288e-06 
0.00521879 
0.10424 
0.103518 
0.0535066 
0.000144677 
0.143709 
8.60396e-06 
6.9198e-06 
0.000173572 
0.13756 
0.137552 
0.0539141 
0.0628724 
0.0966462 
0.0973914 
0.0610787 
0.0673915 
0.0754976 
0.000618657 
7.65118e-05 
5.71844e-07 
8.09459e-07 
8.78687e-07 
0.12818 
0.106064 
0.100034 
0.104583 
0.140277 
0.0250229 
0.0700202 
6.4791e-08 
0.0436072 
0.0379183 
1.41238e-06 
1.57919e-06 
0.142904 
0.113003 
0.107844 
0.000136405 
1.34704e-05 
8.52164e-06 
0.0502752 
9.72569e-06 
0.0518519 
0.12815 
0.000225532 
0.000208807 
0.0343232 
0.00132269 
0.142478 
0.118655 
0.114524 
0.099674 
0.00267977 
0.00327731 
4.19506e-06 
3.27615e-06 
3.95537e-08 
0.0988882 
0.144143 
0.0125487 
2.35775e-06 
1.56661e-06 
0.0187523 
0.0155758 
7.44775e-06 
0.000360344 
0.141476 
0.139744 
0.126115 
0.130749 
0.000947009 
0.0264017 
4.47502e-06 
0.000175454 
0.000630387 
0.10383 
0.0116643 
0.0306941 
0.129541 
0.133911 
0.000931004 
2.32896e-05 
1.56229e-05 
0.00103465 
0.00105885 
0.00442955 
0.00450824 
1.38942e-08 
0.00230929 
0.00175084 
0.0577559 
0.0538506 
0.0106972 
0.127848 
0.127715 
0.137215 
0.137149 
0.0311944 
0.0295951 
0.129143 
0.125741 
5.13347e-05 
5.69852e-05 
8.08697e-05 
0.00547867 
0.0871678 
0.0792521 
0.0914561 
0.0293414 
0.12745 
0.127804 
0.126675 
0.0913465 
0.0891522 
1.1797e-06 
0.13471 
0.00932297 
0.000130623 
8.8036e-07 
0.0324704 
0.0118519 
0.0109541 
0.000803481 
0.0451384 
1.41926e-05 
2.06084e-06 
1.54488e-06 
8.45471e-07 
4.9275e-07 
4.93749e-07 
0.000272802 
0.00433628 
0.0853161 
0.000159216 
4.14033e-06 
0.123014 
0.119891 
1.17273e-05 
5.14137e-06 
2.3706e-06 
0.00480738 
0.00021908 
0.00406816 
0.119313 
0.00416953 
0.00488187 
0.000322039 
0.106934 
0.099915 
2.11783e-05 
0.0491549 
0.0569919 
0.0535336 
0.103364 
0.108887 
0.118459 
0.0237731 
0.0251819 
0.0199959 
0.0577752 
0.051107 
0.141986 
0.0355234 
0.102147 
0.101462 
0.106205 
0.099904 
0.103557 
0.100269 
2.5802e-05 
0.107478 
0.000165349 
0.108416 
0.109066 
4.71877e-05 
0.136835 
0.143125 
1.66225e-06 
0.137217 
0.00027802 
0.143118 
0.0481123 
0.0531954 
0.139989 
0.128743 
0.0949009 
0.143443 
9.24756e-07 
1.32471e-06 
1.14213e-06 
0.000261076 
0.000278362 
0.000513475 
0.00041656 
0.121887 
0.000289148 
1.81985e-05 
8.55305e-06 
0.112583 
0.055502 
0.0505313 
0.0524334 
0.0230435 
3.95874e-06 
2.23779e-05 
2.65875e-05 
3.29229e-05 
0.0300842 
0.000309235 
6.12004e-05 
1.3618e-06 
0.0387717 
0.00608615 
0.00608226 
0.00671623 
0.105135 
0.000318957 
0.00123497 
4.10143e-06 
1.08913e-06 
8.99448e-06 
6.76994e-06 
0.0110028 
0.00942364 
0.0131805 
0.00555449 
0.0459041 
0.0420765 
7.61194e-07 
0.000333472 
0.129237 
1.56212e-05 
1.993e-05 
2.23429e-05 
0.0455344 
0.00135156 
0.000300722 
0.000211358 
0.00148546 
0.00149694 
0.0511822 
3.67879e-05 
0.00157539 
0.00239274 
0.00293998 
1.22018e-06 
0.0210988 
1.26095e-06 
0.0253974 
1.86395e-06 
5.48869e-06 
1.16818e-05 
0.000347217 
0.0425993 
0.00158768 
3.98569e-06 
1.90104e-06 
1.40796e-06 
1.8334e-06 
0.00216931 
0.00260612 
0.000551102 
6.70331e-06 
8.33588e-06 
1.0106e-05 
1.57042e-05 
1.90251e-05 
0.126073 
0.123958 
0.134566 
0.131859 
1.12527e-05 
9.8811e-06 
0.00217109 
0.13708 
0.13334 
0.00801228 
0.000207568 
0.142845 
0.00867514 
0.0311319 
0.010362 
0.00111436 
0.00112452 
0.124158 
8.5404e-07 
1.88533e-05 
3.14464e-06 
0.000364467 
0.000348227 
0.000439216 
3.55578e-06 
3.16609e-06 
5.92722e-06 
0.0833604 
0.0901491 
0.00537611 
0.000479875 
0.00020517 
8.56684e-05 
2.40471e-06 
6.2247e-06 
0.000384618 
0.0251998 
0.00452281 
2.00615e-05 
0.0440038 
0.136734 
0.0175027 
0.111907 
0.111622 
7.39268e-06 
2.87746e-06 
0.112627 
0.129531 
3.50829e-05 
0.0800308 
0.0782699 
0.117454 
0.000685268 
0.000417561 
0.0866796 
9.12611e-06 
1.14974e-05 
0.0930336 
0.0412462 
0.000798401 
0.000398743 
0.0066295 
0.00678091 
0.103402 
0.110257 
0.139761 
2.26889e-06 
0.115043 
0.108533 
0.113212 
3.3186e-05 
2.22568e-05 
0.000557988 
0.000458455 
6.58064e-06 
2.05633e-06 
2.62943e-06 
0.0340001 
0.0384683 
0.141738 
0.079675 
0.0819476 
0.072327 
0.139313 
0.139191 
1.98849e-06 
2.25527e-06 
0.00157108 
2.46752e-06 
0.143193 
0.107361 
0.0280861 
0.121675 
0.117622 
0.0412955 
0.000318618 
0.0954404 
0.142893 
0.139691 
0.098229 
0.00641255 
0.00686111 
0.00502775 
9.69505e-05 
0.128529 
0.00526351 
0.0217165 
2.7585e-06 
9.52647e-07 
0.103861 
0.0975041 
0.00435975 
0.00515635 
0.132603 
0.0412115 
3.26954e-06 
0.000955593 
0.129221 
0.111275 
0.105733 
0.0880851 
0.00569907 
0.00299038 
0.0430306 
2.28499e-06 
3.29653e-06 
2.80443e-06 
1.99005e-06 
1.43114e-06 
0.00152764 
0.126359 
0.126545 
4.05275e-06 
0.00047308 
0.132707 
0.123223 
0.00802888 
0.00766471 
2.60745e-05 
0.00067815 
0.0367406 
0.0670573 
0.142293 
0.0885108 
0.0862794 
1.87993e-06 
0.0137666 
0.0112288 
0.11543 
0.0598402 
0.00873884 
2.63806e-06 
2.73438e-06 
1.95484e-05 
1.45214e-05 
2.42859e-06 
1.82034e-06 
2.32318e-06 
0.00022943 
2.63439e-06 
0.118616 
4.26068e-06 
0.0460639 
0.0425477 
6.26953e-05 
6.8168e-05 
0.00196858 
0.0020275 
0.00114986 
8.70124e-07 
0.0542867 
0.062265 
0.0280202 
1.38588e-06 
0.128289 
0.128225 
0.129349 
0.125623 
0.128589 
0.00145001 
0.00151763 
0.00102996 
1.49757e-06 
0.127888 
0.126762 
5.30484e-05 
4.94236e-06 
0.00617375 
0.00570525 
0.00152997 
0.00719399 
4.82661e-06 
0.00827458 
0.0075208 
0.00163038 
3.5537e-05 
0.000596668 
0.0286822 
2.5431e-06 
0.0738333 
0.0926687 
0.128315 
0.000357516 
0.000466186 
0.109306 
4.26143e-06 
8.49321e-06 
0.000664687 
0.117437 
0.0264656 
0.0252449 
0.00291438 
1.33632e-05 
0.0400582 
0.132512 
5.68716e-05 
0.00205496 
0.00248299 
0.00598665 
0.128684 
0.000705641 
3.45874e-05 
0.129795 
0.127274 
3.91183e-06 
0.00220277 
0.00218676 
0.00295561 
4.41802e-06 
0.141937 
4.88784e-06 
1.56689e-06 
0.13909 
1.16225e-05 
1.48005e-06 
0.00015466 
0.000786725 
0.000558591 
0.000730605 
0.00079638 
0.111429 
3.72698e-06 
0.138535 
0.141012 
0.142112 
0.14085 
2.01259e-06 
3.74024e-06 
0.110998 
0.0349585 
0.00634793 
0.0176754 
3.31728e-06 
0.0294214 
0.0342387 
0.110814 
2.18238e-06 
3.47127e-05 
1.32989e-05 
1.81208e-05 
1.62221e-05 
0.0262836 
0.113803 
0.0358297 
0.0389238 
0.0432001 
3.39735e-06 
0.0766622 
0.0789969 
0.0692732 
0.127531 
0.127381 
0.0839525 
0.0548699 
0.0739632 
0.0655106 
0.0775727 
0.089104 
0.00109076 
0.140917 
0.138648 
0.140475 
0.0388234 
3.14014e-06 
4.11647e-06 
4.15781e-06 
0.000939111 
0.0010842 
0.00126845 
7.45324e-05 
0.00854447 
0.000103489 
3.12366e-06 
3.93037e-06 
5.45399e-06 
4.986e-06 
4.20367e-06 
3.07296e-06 
4.22747e-06 
3.85467e-06 
0.00830691 
0.00810837 
0.00989534 
0.000143296 
0.022613 
0.00592808 
0.000269675 
6.90002e-05 
0.0356206 
0.0324466 
0.0456282 
0.0424053 
0.00352555 
0.00125713 
0.00143893 
0.00173789 
0.0243822 
0.0209912 
0.0229163 
4.74108e-05 
0.127213 
5.52255e-06 
0.121109 
0.0464564 
0.0238545 
0.136319 
0.114896 
3.15861e-05 
0.00394262 
0.00424125 
0.00470558 
0.00301073 
0.000658923 
0.121174 
0.123841 
0.0321138 
0.0275433 
0.000190731 
0.000136285 
0.000212112 
0.000114282 
0.117743 
0.11723 
0.120763 
0.00519697 
0.00834902 
0.00781262 
7.85996e-06 
0.00713589 
0.12814 
0.00203332 
0.00206384 
4.83785e-05 
0.000876443 
0.0443015 
0.000757341 
0.000946365 
4.74123e-06 
0.128143 
0.0854971 
0.0832727 
0.106637 
0.000131585 
0.000921858 
0.118761 
0.0036784 
1.95116e-05 
0.0425416 
0.0495311 
5.66626e-05 
5.81643e-06 
0.115093 
0.112902 
9.92777e-05 
0.00010504 
0.0340811 
0.068344 
0.0667332 
0.000103118 
9.01783e-05 
0.128274 
2.05611e-05 
0.0788177 
4.14542e-05 
0.13219 
5.8851e-05 
8.52306e-05 
3.24014e-06 
0.104658 
0.102321 
0.0482674 
0.109216 
0.113105 
0.000413558 
4.59652e-06 
5.8805e-06 
0.0177863 
0.0147507 
0.00675135 
0.104637 
0.104097 
0.108514 
0.138291 
0.136451 
0.141512 
0.142275 
0.0404295 
8.17927e-06 
0.0329202 
0.114726 
0.135936 
0.000341405 
0.000240039 
0.122285 
6.07872e-06 
6.40574e-06 
0.139944 
0.142085 
0.0318458 
0.0718086 
0.0157886 
0.0225554 
0.0334968 
0.0151936 
3.80475e-05 
2.33793e-06 
0.0723359 
0.0720133 
0.0640149 
0.0569311 
0.00662653 
0.00761308 
0.0819037 
0.121378 
5.75914e-06 
0.101436 
0.0948045 
9.57359e-06 
1.23205e-05 
0.128913 
1.38351e-05 
9.72481e-06 
0.128395 
0.00978812 
0.00780703 
0.00054701 
4.50625e-06 
4.95623e-06 
0.000124998 
0.0446169 
0.0405798 
0.0418041 
0.0223092 
0.0211799 
6.94919e-06 
8.24974e-06 
0.0870784 
0.00949531 
0.0101836 
0.00865192 
4.89019e-05 
5.92945e-05 
7.16249e-05 
0.000448579 
4.65766e-06 
4.5857e-06 
0.00219099 
0.00708967 
3.9946e-06 
5.54027e-06 
0.0767786 
0.000815041 
0.128027 
0.000224321 
0.000115083 
5.02189e-06 
0.0128341 
0.140198 
0.141857 
8.48071e-06 
6.32411e-06 
1.15646e-05 
0.124963 
0.0944396 
0.00251718 
0.13019 
0.130199 
0.00237374 
0.0016997 
0.112959 
0.0359705 
0.032889 
2.63044e-05 
1.96259e-05 
3.71773e-05 
4.81274e-05 
5.17045e-05 
0.00286274 
0.00277461 
0.00296621 
0.00303695 
0.0311901 
0.00591614 
0.126001 
7.53744e-06 
6.98224e-06 
0.0275162 
0.116491 
0.116068 
0.0293973 
0.131722 
1.11745e-05 
0.129731 
0.000332197 
0.00278354 
8.91659e-05 
0.00137281 
0.0726594 
0.000815144 
0.0676076 
1.89126e-05 
0.113192 
0.0997319 
0.0923376 
0.097479 
0.00079544 
0.00144112 
0.126674 
0.125866 
0.00404225 
0.0230245 
0.115955 
0.0048302 
2.199e-05 
2.63334e-05 
0.13142 
0.109277 
0.00328832 
0.0307861 
0.126406 
0.125487 
8.8391e-06 
0.107146 
0.126911 
0.0207185 
0.0202173 
0.0166091 
0.000502509 
0.141367 
0.141761 
0.141147 
0.0112569 
5.3196e-05 
0.0306402 
0.0340754 
9.88339e-06 
7.07496e-06 
0.133887 
6.63254e-05 
0.121226 
0.120908 
0.117289 
0.117675 
0.000368468 
0.000186465 
0.000178221 
0.000289143 
0.123344 
0.140269 
1.48385e-05 
0.0363469 
0.0266791 
0.0041045 
0.110795 
0.0189631 
1.13473e-05 
1.28971e-05 
1.67267e-05 
3.16817e-05 
0.114649 
0.114504 
1.33617e-06 
0.0736281 
0.0759139 
0.0662197 
0.00394784 
0.00398777 
0.00502112 
0.139228 
8.62566e-05 
4.97754e-06 
6.90055e-06 
6.13588e-06 
0.0601089 
0.0523297 
0.0634394 
0.0969769 
0.00556067 
0.00873094 
0.0270549 
0.0246601 
0.00680807 
4.15157e-05 
9.59089e-06 
1.26015e-05 
0.12823 
0.0357163 
0.0330448 
0.0628533 
0.0609236 
0.121174 
9.44581e-06 
0.00505258 
0.0276861 
0.140233 
0.0298598 
0.00337021 
0.00380714 
0.0105623 
0.000753994 
0.129592 
0.1296 
0.13038 
0.0185842 
0.043662 
0.0378349 
0.125786 
0.0244024 
0.00664469 
0.00126107 
0.0137471 
0.107373 
3.97332e-05 
2.85659e-05 
0.120914 
0.124668 
0.120549 
8.61051e-05 
0.000607433 
0.00840084 
0.00827874 
9.54867e-06 
2.54168e-05 
1.73333e-05 
0.0103614 
1.62958e-05 
0.121391 
0.117403 
0.000118873 
0.0655965 
0.0583968 
0.0564495 
0.0123207 
0.0014868 
0.00178368 
0.126399 
0.109417 
0.093835 
0.0326694 
0.0383588 
0.0018896 
0.0801563 
1.02495e-05 
0.110453 
0.111086 
3.05187e-05 
0.130835 
0.110998 
0.000928549 
0.118983 
0.0101223 
2.15989e-05 
1.89006e-05 
0.0162363 
0.000152344 
0.000144776 
0.103419 
2.78101e-05 
0.0168191 
0.00551794 
0.0025558 
0.000881088 
0.0034309 
0.000160072 
7.64291e-06 
0.0928467 
0.0900277 
0.00191652 
9.86738e-06 
0.000736971 
0.000162882 
0.013028 
0.0105953 
0.0176258 
0.000107844 
0.136204 
0.137481 
0.00587234 
1.25011e-05 
0.00134643 
0.00126254 
0.0016605 
0.119453 
0.133669 
0.13091 
0.0244894 
0.0260575 
0.00929424 
7.26952e-06 
0.0311317 
0.137516 
0.139954 
0.139143 
1.11754e-05 
1.1598e-05 
0.00119449 
0.00151404 
0.00166448 
0.123332 
0.00915302 
0.00433062 
5.27734e-05 
0.0197053 
0.000996188 
0.106919 
0.114112 
0.0178091 
0.089765 
0.0824104 
0.0624964 
0.0613253 
0.0518965 
0.0453632 
0.00959677 
0.010722 
0.0219426 
0.0248633 
0.000150686 
0.000129398 
0.140535 
2.16416e-05 
0.00670148 
2.27899e-05 
0.0705286 
0.0777846 
1.2229e-05 
7.74431e-06 
0.000994846 
0.140839 
0.0194528 
0.0176845 
0.120016 
0.12302 
0.13497 
6.93116e-06 
1.49916e-05 
1.77801e-05 
7.0945e-06 
9.15554e-06 
8.86068e-06 
0.0274887 
0.0114165 
9.36573e-06 
1.23687e-05 
0.130228 
0.128978 
0.0350126 
0.0317474 
0.0326121 
0.0249324 
0.0995883 
6.19014e-06 
0.0024866 
0.0031213 
0.0015093 
2.487e-05 
0.11252 
0.121763 
0.121192 
4.95571e-05 
1.2075e-05 
0.000236943 
0.000206582 
0.119518 
0.00244913 
0.130722 
0.136853 
9.40443e-05 
0.113821 
0.117142 
0.0229436 
0.0256172 
0.0051982 
0.00471108 
0.0754304 
0.116011 
8.60431e-06 
0.0135386 
0.127766 
0.00340866 
0.0128595 
0.125986 
0.0121711 
0.00217552 
0.106155 
9.47089e-05 
0.000131531 
0.00381325 
0.00162593 
0.00238608 
0.138594 
0.130922 
0.130826 
0.0254778 
0.139543 
0.140733 
0.00349407 
9.25889e-05 
0.0827844 
8.40318e-05 
6.17889e-05 
4.26981e-05 
0.000107076 
0.00610673 
0.00654293 
0.00710858 
0.127924 
0.129701 
6.32752e-05 
4.63843e-05 
0.12495 
0.0101765 
0.00350761 
0.000160422 
0.125345 
0.0615018 
0.122621 
0.000209862 
0.00219531 
0.0569772 
0.0549963 
0.120009 
8.57965e-06 
0.0836602 
0.0879215 
0.080441 
0.0854377 
1.94452e-05 
0.0038292 
0.135176 
0.107078 
3.48384e-05 
0.00274258 
0.0138778 
0.0114373 
0.0139453 
0.123893 
0.127389 
0.123416 
2.04673e-05 
2.25238e-05 
0.00135667 
4.2363e-05 
0.122182 
0.00344773 
7.46393e-06 
4.81054e-05 
5.78544e-05 
0.132847 
0.000882152 
0.000282399 
1.4309e-05 
1.71795e-05 
0.00454305 
0.000153345 
0.000128739 
5.89846e-05 
0.113821 
0.132748 
0.000717463 
1.12881e-05 
1.24263e-05 
0.0276246 
2.22547e-05 
2.97398e-05 
2.88907e-05 
0.000273036 
0.0206923 
0.0989686 
0.10662 
0.098601 
0.106181 
0.00157844 
0.0726348 
0.0704147 
0.139534 
0.0203165 
0.00040559 
1.39956e-05 
0.00516194 
5.49152e-05 
0.000226809 
0.000546987 
1.07545e-05 
1.48041e-05 
1.32755e-05 
0.00749257 
3.71582e-05 
8.9493e-05 
0.0189394 
0.0988489 
0.0919449 
0.00156313 
0.00190326 
0.000230964 
0.00496501 
0.00547534 
0.00565174 
0.125372 
0.125138 
0.127794 
0.00109336 
0.0661933 
0.0168176 
1.20033e-05 
0.0277896 
0.0251428 
0.121646 
0.120321 
0.0205421 
0.00256514 
0.0525101 
0.0506874 
0.131032 
0.13071 
0.00149341 
0.00199612 
0.00121662 
6.57603e-05 
0.124173 
0.00447201 
0.00515706 
0.0224015 
0.00276643 
0.000116138 
0.000187784 
0.0337647 
0.000621342 
0.140472 
0.000188148 
1.95922e-05 
0.000120097 
0.113247 
0.0118398 
0.00026833 
0.000207696 
0.00027777 
0.00011128 
0.00269102 
0.131305 
0.11939 
0.048401 
0.0468155 
0.040423 
0.04715 
0.0026159 
0.00297903 
0.0806511 
0.123196 
0.0291122 
0.134327 
0.00656812 
0.100884 
0.057267 
0.134109 
0.136709 
0.11503 
0.116792 
0.000128773 
0.119001 
0.00343318 
0.135375 
2.58549e-05 
0.0121948 
0.00316195 
0.0538811 
0.126272 
0.125495 
2.18743e-05 
0.00197673 
0.0014525 
0.135234 
0.000316623 
0.000282513 
0.0287825 
0.132769 
0.0800013 
0.0771553 
5.10841e-05 
0.007847 
0.130267 
0.000267811 
0.137224 
0.131772 
0.138871 
0.000115975 
0.00014865 
0.00244234 
0.00306792 
2.26554e-05 
2.79725e-05 
0.023382 
0.0248071 
1.66348e-05 
0.114306 
0.115926 
0.108972 
0.0232961 
0.000466224 
1.72649e-05 
0.00224996 
0.00265419 
0.00278393 
0.0909403 
0.131256 
0.00021744 
2.94296e-05 
0.0091938 
0.00730689 
0.0234934 
0.0262386 
0.0672195 
0.0156688 
0.0769729 
0.0694691 
0.0526329 
0.0516609 
0.0408761 
0.0351511 
0.00354804 
0.000166399 
0.139172 
0.139599 
0.0185251 
0.000509187 
4.4175e-05 
3.16174e-05 
0.00829091 
5.16149e-05 
0.119295 
0.119967 
0.121998 
0.129524 
0.124486 
0.128592 
0.000271075 
0.000214863 
0.122512 
0.000223463 
0.120417 
0.0129859 
0.0609086 
0.00623335 
0.132117 
0.131944 
4.37838e-05 
3.88124e-05 
0.0165524 
0.00895305 
1.54829e-05 
1.21376e-05 
0.0173074 
0.000394109 
0.00045391 
0.000945069 
0.0638946 
0.0708869 
2.9983e-05 
0.0593904 
1.53596e-05 
1.91479e-05 
1.92017e-05 
1.71654e-05 
2.36447e-05 
3.10244e-05 
0.127979 
0.12528 
0.000103141 
2.51457e-05 
0.0209403 
0.0187183 
0.0270595 
0.024588 
0.0252353 
0.00419064 
0.00500582 
0.0021623 
0.0185831 
0.0203399 
0.000297872 
0.138364 
0.000730386 
2.53644e-05 
3.06583e-05 
3.53273e-05 
0.000233111 
0.000286453 
0.000316835 
1.19743e-05 
0.00205429 
0.000329714 
0.138696 
0.00424422 
0.000492461 
0.000437745 
0.00482851 
0.0043684 
0.00384969 
0.00307725 
2.75036e-05 
2.32079e-05 
0.0188838 
0.0181034 
0.000294154 
0.000430457 
0.000246657 
0.00905597 
0.00971791 
0.0102079 
0.00529815 
0.00595711 
0.00689647 
0.00223297 
0.00200834 
0.000140398 
0.000242673 
0.0981599 
0.000467756 
0.0909467 
0.0035936 
0.0306865 
0.0365209 
0.0864272 
0.126662 
4.36382e-05 
0.129758 
0.0962498 
7.41514e-05 
0.114237 
0.112514 
0.00340557 
0.0137474 
0.00468302 
0.0203541 
0.0172551 
0.126404 
0.00251079 
0.0192747 
0.0842168 
0.000119705 
6.60189e-05 
0.0757041 
0.0684675 
0.0731683 
0.0253541 
0.0141619 
0.003821 
2.12149e-05 
0.0013229 
0.000374914 
0.137949 
0.0143253 
6.85355e-05 
0.076242 
0.0631029 
5.2804e-05 
0.0148195 
0.0110412 
0.0958592 
0.00212868 
0.131286 
0.00036982 
0.00990977 
0.00996131 
0.0598977 
0.0578142 
0.0133523 
0.000134728 
0.00048284 
0.00076621 
8.5565e-05 
3.38858e-05 
0.0167182 
0.0496193 
0.00275082 
2.03838e-05 
0.00674333 
0.0511113 
0.0431445 
0.124842 
0.12496 
0.00280006 
0.00679734 
0.0175062 
0.0143358 
0.0193723 
6.07855e-05 
0.0868205 
0.079313 
3.15256e-05 
0.00466911 
0.135727 
0.0051508 
0.0104249 
0.0471244 
0.130454 
0.128816 
0.00148884 
0.0113273 
0.131726 
0.132079 
0.131029 
0.0715756 
9.00612e-05 
0.112344 
0.105512 
0.139067 
0.13925 
0.13876 
0.136422 
0.000301099 
0.11739 
0.00183484 
2.95777e-05 
3.11744e-05 
3.95164e-05 
4.47134e-05 
0.0489656 
0.0425559 
0.0825732 
4.68727e-05 
0.0129476 
0.0145661 
0.000104671 
0.000121407 
0.00128861 
0.00148742 
0.000897939 
0.000598784 
0.00853582 
0.00015818 
0.00267354 
0.00061291 
0.000143844 
0.00421785 
0.0036823 
0.0277531 
0.0394117 
0.0379962 
0.00335114 
0.0042339 
0.00447133 
0.127592 
0.0747551 
0.0508841 
2.67807e-05 
0.131544 
0.130392 
0.0891146 
0.000795547 
0.000558257 
0.110438 
3.80517e-05 
0.0169321 
0.016293 
0.0212404 
4.54377e-05 
0.000453663 
0.0691834 
0.00012077 
0.000153587 
0.0491658 
0.00042547 
0.0676892 
0.0652405 
0.117983 
3.12912e-05 
2.82375e-05 
0.00120124 
0.00762949 
0.00919931 
0.137654 
0.129795 
0.00324154 
0.000256584 
0.00422698 
0.00512052 
0.0132841 
0.00730327 
0.00798899 
4.77587e-05 
5.97225e-05 
0.0211868 
0.0231056 
0.104895 
0.106791 
0.0984004 
7.17295e-05 
5.2125e-05 
0.01309 
0.132872 
0.0975838 
0.0972657 
0.0114975 
5.35437e-05 
0.000520936 
0.132623 
0.133138 
0.112155 
0.0547009 
0.0895922 
0.0813697 
0.0890413 
7.03223e-05 
0.00650384 
0.0452419 
0.0432643 
0.0313033 
0.026481 
0.136303 
0.134315 
0.0001013 
6.93499e-05 
0.0128559 
0.00623214 
0.000114326 
5.70848e-05 
0.00579588 
0.0415801 
0.0144684 
0.000708946 
0.00682105 
0.00766109 
0.00801236 
0.0444833 
0.0376442 
0.0455706 
0.0452863 
0.0146164 
0.00291832 
3.32809e-05 
4.16982e-05 
0.015387 
0.127474 
5.46144e-05 
0.123084 
0.104762 
0.111308 
0.000252916 
0.000858913 
0.000821391 
3.87419e-05 
3.27814e-05 
0.000575257 
0.000464354 
6.20497e-05 
0.000579297 
0.0553211 
0.000321597 
0.0122408 
0.00738305 
0.134659 
0.133968 
0.00448972 
0.00404945 
0.00568963 
8.8018e-05 
8.19911e-05 
0.0120359 
0.0021666 
0.00181099 
0.118898 
0.0189295 
0.0199331 
0.125097 
0.00617652 
0.00729148 
0.135366 
0.137238 
0.0151868 
0.064035 
0.0567525 
0.000478456 
0.000537685 
0.000687648 
0.000649603 
0.000581305 
0.136103 
7.62455e-05 
8.52453e-05 
0.00328927 
0.000505168 
0.132938 
6.09993e-05 
4.93201e-05 
5.38559e-05 
0.122627 
0.00679661 
0.129284 
0.13303 
0.121341 
0.0837223 
0.000231344 
0.0184834 
0.0196495 
0.0282256 
0.0328017 
0.00243577 
0.127558 
0.131803 
3.16526e-05 
0.104285 
0.102351 
0.0384979 
0.118471 
0.116729 
0.00564837 
0.000913302 
0.000185297 
0.0117745 
0.061353 
0.00951207 
0.0460717 
0.000721071 
0.00736277 
5.29201e-05 
0.00936202 
0.00795398 
0.137139 
0.00164586 
0.00195648 
0.0173199 
0.00339436 
0.109178 
0.0113523 
0.0100166 
0.0136083 
0.00248399 
0.00240683 
0.00339938 
0.00010922 
0.132626 
0.132208 
0.108035 
0.00387038 
0.00465642 
0.00446817 
0.00522055 
0.0479448 
0.000981887 
0.0011549 
9.66071e-05 
0.000115128 
0.000131002 
0.0143662 
0.00338042 
0.0130071 
0.013844 
0.000191387 
0.00634265 
0.00350752 
0.0352946 
0.0338307 
0.00109153 
0.00086922 
0.000999243 
0.00117268 
0.0153006 
0.00929819 
0.0107542 
0.000491763 
0.000600789 
0.000645594 
0.00456968 
0.00528784 
0.0135697 
0.0113096 
0.015586 
0.00484453 
0.00537685 
0.0966162 
0.000308993 
0.0212035 
0.00805603 
0.127464 
0.124342 
0.0738109 
0.076143 
0.0663259 
0.0382326 
0.0326908 
0.000619681 
0.00285241 
0.137769 
6.51635e-05 
0.0190541 
0.103396 
0.10203 
0.00447061 
0.129691 
0.115549 
0.109902 
0.0161028 
0.00031388 
0.128726 
0.114122 
0.107604 
0.112634 
0.0666308 
0.0531165 
0.059439 
0.000541006 
0.000665831 
0.000124837 
0.000159076 
0.0104432 
0.0109747 
0.00858822 
0.00881876 
0.0100547 
0.0191888 
0.00388374 
0.00416551 
0.00481735 
0.0161923 
0.131605 
0.0193429 
0.02423 
0.0043341 
0.127304 
0.00557399 
5.31603e-05 
0.00374647 
0.124729 
0.0368803 
0.0419115 
0.135246 
0.059508 
6.05345e-05 
0.013478 
0.00544298 
0.00113073 
0.000929611 
0.000273726 
0.0398943 
0.0103308 
8.32854e-05 
7.60807e-05 
0.130233 
0.000266356 
0.000338385 
0.0637587 
0.0613186 
0.00082731 
0.00882021 
0.000119422 
0.0319346 
0.0307773 
0.0569159 
0.0549288 
6.6947e-05 
0.00966792 
0.000704819 
0.137464 
0.00161232 
0.0890918 
0.0882986 
0.00682726 
0.00795212 
0.06486 
0.000102597 
0.132398 
0.0214716 
0.0933444 
0.0955161 
0.0860362 
0.101523 
0.00553678 
7.26696e-05 
0.00420758 
0.0994542 
0.125331 
0.00056938 
0.00935096 
6.50401e-05 
0.000135038 
0.000110146 
0.0724956 
0.129386 
0.0363782 
0.0348906 
0.133499 
0.132894 
0.134587 
0.133652 
0.131724 
7.41483e-05 
0.0232956 
0.00300975 
0.00269758 
6.36435e-05 
0.000145166 
0.000168005 
0.00887422 
0.00126061 
0.138257 
0.137985 
0.0387548 
0.0336796 
0.0396638 
7.51765e-05 
9.44553e-05 
0.121787 
0.117134 
4.23075e-05 
0.0955699 
0.000499263 
0.00121155 
0.00113643 
0.0432622 
0.00127132 
0.129223 
0.010475 
0.13136 
0.00112785 
0.131262 
0.00106532 
0.132738 
0.0151836 
0.0145774 
0.127945 
0.0517377 
0.0450956 
0.000247623 
0.130468 
0.131114 
0.128373 
0.0001096 
0.000138884 
0.000136327 
0.00539608 
0.00175321 
0.00192389 
0.00119242 
0.138086 
0.136864 
0.137734 
0.000101271 
0.00014751 
0.00107887 
0.00127735 
7.77394e-05 
0.0401324 
0.000163586 
0.000994053 
0.122075 
0.117092 
0.12087 
0.0453524 
0.00279432 
0.0123626 
0.0244311 
0.0281066 
0.128254 
0.00691463 
0.0309686 
0.0034858 
0.0521642 
0.0114203 
0.00699825 
0.00785721 
7.57232e-05 
0.0923501 
0.0902004 
0.000726356 
0.0963712 
0.000132327 
0.000349456 
0.000277036 
0.000583697 
9.58547e-05 
0.0569023 
0.130878 
0.130183 
0.0061384 
0.00731082 
0.00113182 
0.00137262 
0.136941 
0.132552 
0.00622857 
0.00580087 
0.00700896 
0.0795006 
0.0796221 
0.00165732 
0.00136692 
0.000113287 
0.0243982 
0.000127177 
0.0129459 
0.000106077 
0.000141414 
0.000130473 
0.0284812 
0.027118 
0.0434743 
0.01001 
0.136536 
0.00169562 
0.0174587 
0.0373316 
0.0869276 
0.000113355 
0.000141011 
0.00014961 
0.000175122 
0.000208368 
0.000218798 
0.118741 
0.000396772 
0.00139042 
0.016788 
0.00218235 
0.00030544 
0.0108977 
0.0131922 
0.0357556 
0.0934034 
0.000426945 
0.000600787 
0.00051369 
0.133659 
0.00246234 
0.000125846 
0.105279 
0.0984422 
0.000251817 
7.38968e-05 
8.82405e-05 
9.5658e-05 
7.68838e-05 
0.0572294 
0.000280376 
0.000147217 
0.0705847 
0.00686505 
0.0290284 
0.0180451 
0.000168984 
0.136341 
0.000174708 
0.00550493 
0.00792536 
0.1313 
0.13401 
0.133837 
0.000274846 
0.00303659 
0.00312013 
0.0136238 
0.012966 
0.00217804 
0.000525164 
0.000447358 
0.0367392 
0.00388443 
0.00116137 
0.000977184 
0.0461507 
0.0118091 
0.0491256 
0.00116184 
0.00141853 
0.0854137 
0.00561017 
0.000352773 
0.00259782 
0.00228752 
0.11438 
0.0478626 
0.0529196 
0.0471614 
0.0508711 
0.0549593 
0.0260805 
0.0248443 
0.12965 
0.133512 
0.0800797 
0.0788969 
0.0100832 
0.0116419 
0.000223184 
0.00444672 
0.00675173 
0.0186793 
0.00817734 
0.00730759 
0.131114 
0.0706334 
0.00760051 
0.132337 
0.130452 
0.00199819 
0.00169923 
0.00156334 
0.000156786 
0.000229321 
0.000304036 
0.000206915 
0.0504479 
0.000136052 
0.0151129 
0.000224225 
0.00615349 
0.000269807 
0.000226944 
0.000307872 
0.000262371 
0.136681 
0.136526 
0.109732 
0.108414 
0.00183181 
0.0022886 
0.0337874 
0.0338271 
0.0287974 
0.0307638 
0.00159049 
0.00182656 
0.00205897 
0.000173664 
0.0132024 
0.113267 
0.107111 
0.00105523 
0.0214094 
0.00180786 
0.0109958 
0.0148666 
0.0333032 
0.126664 
0.12305 
0.000150695 
0.0609397 
0.06316 
0.053847 
0.0406255 
0.0348063 
0.0619818 
0.117989 
0.122931 
0.000208582 
0.000270502 
0.000281697 
0.113269 
0.133988 
0.0176422 
0.0295914 
0.0321312 
0.00901969 
0.00282917 
0.00256619 
0.00522512 
0.00885008 
0.00822388 
0.00633728 
0.000276258 
0.000239735 
0.0142833 
0.000167627 
0.09153 
0.000889966 
0.00175366 
0.00198908 
0.00218545 
0.104542 
0.103142 
0.0990391 
0.00786363 
0.00984934 
0.000166624 
0.000210613 
0.00152531 
0.0889716 
0.000273265 
0.000333358 
0.000348675 
0.0868448 
0.0100898 
0.136158 
0.0303459 
0.0202548 
0.00319519 
0.00124193 
0.0352762 
0.04011 
0.0399623 
0.00990396 
0.0152696 
0.00243976 
0.00727067 
0.000584102 
0.134514 
0.0422572 
0.0730538 
0.0223858 
0.027739 
0.134261 
0.00964718 
0.0108468 
0.00208882 
0.136186 
0.0287073 
0.00431793 
0.0827014 
0.0805023 
0.135592 
0.136106 
0.0171608 
0.0729218 
0.0269081 
0.0282733 
0.0224785 
0.135062 
0.135223 
0.134897 
0.135131 
0.067203 
0.135775 
0.016294 
0.00909208 
0.00950776 
0.0143759 
0.000732952 
0.0437839 
0.0156636 
0.000375805 
0.135665 
0.133625 
0.135345 
0.000387382 
0.100705 
0.00738912 
0.00784228 
0.00576409 
0.00852323 
0.00904708 
0.0102567 
0.0792338 
0.0770101 
0.00103349 
0.00265658 
0.00296371 
0.000339606 
0.133905 
0.134174 
0.13284 
0.00022575 
0.00986565 
0.010938 
0.0111694 
0.105827 
0.000235426 
0.0230381 
0.0765804 
0.00029593 
0.000795733 
0.0831785 
0.000172848 
0.00021803 
0.0929233 
0.0852723 
0.135057 
0.134999 
0.0125035 
0.000204397 
0.000289347 
0.097374 
0.127692 
0.00771254 
0.0269117 
0.0134405 
0.0247194 
0.135515 
0.0210484 
0.000593261 
0.00182488 
0.00237309 
0.000595889 
0.134391 
0.0104467 
0.00891161 
0.0383146 
0.069396 
0.00176915 
0.00205946 
0.00208584 
0.0161153 
0.0700921 
0.0687026 
0.00212888 
0.00253436 
0.0992744 
0.00792529 
0.000243519 
0.000327068 
0.134521 
0.0438908 
0.0310317 
0.0207058 
0.0195721 
0.0223285 
0.126673 
0.0598334 
0.0577855 
0.0350842 
0.00249551 
0.0723255 
0.0197142 
0.00319327 
0.00276343 
0.00373896 
0.000649101 
0.000480532 
0.00279981 
0.010634 
0.0234647 
0.0178122 
0.00321068 
0.000303718 
0.000394857 
0.000534748 
0.000431379 
0.000508962 
0.012299 
0.0116156 
0.0417617 
0.0469945 
0.00465034 
0.00351375 
0.0114215 
0.00116087 
0.00142295 
0.00287295 
0.125587 
0.0748223 
0.0826488 
0.102176 
0.0949931 
0.0245394 
0.12425 
0.0589529 
0.120096 
0.11494 
0.00096165 
0.000351703 
0.0488417 
0.0508416 
0.0423914 
0.000221084 
0.00026696 
0.00028248 
0.122358 
0.12668 
0.0249642 
0.0207376 
0.00676468 
0.021247 
0.0361085 
0.000485838 
0.00320865 
0.000547385 
0.000539568 
0.0108992 
0.00411872 
0.0754247 
0.00141202 
0.0949187 
0.0936628 
0.128838 
0.125561 
0.104746 
0.111041 
0.000385584 
0.0880541 
0.0801173 
0.0869784 
0.0295439 
0.000348468 
0.000431165 
0.000569397 
0.000719326 
0.0253364 
0.000348781 
0.00327012 
0.00408292 
0.011427 
0.000545696 
0.000657428 
0.0006964 
0.0125999 
0.000535141 
0.0262163 
0.00869793 
0.0453708 
0.0503505 
0.000779619 
0.0733186 
0.000597623 
0.0004752 
0.00165154 
0.134488 
0.134789 
0.0253086 
0.131506 
0.0386222 
0.0383722 
0.0335403 
0.0657096 
0.011077 
0.0316569 
0.0101582 
0.0115575 
0.0103194 
0.0189047 
0.0661646 
0.00542594 
0.0297167 
0.0295644 
0.00361733 
0.0137151 
0.000713579 
0.0140262 
0.000957961 
0.00134111 
0.000838598 
0.00485812 
0.00874167 
0.00332735 
0.0165287 
0.0109409 
0.034918 
0.0308657 
0.033642 
0.00032224 
0.0138979 
0.0482232 
0.0129582 
0.0160468 
0.0114446 
0.000447024 
0.000650985 
0.000406825 
0.00688367 
0.00227975 
0.00308489 
0.00350279 
0.00370991 
0.0178388 
0.00646773 
0.0068691 
0.00500622 
0.000495967 
0.0284059 
0.00429505 
0.121543 
0.000471041 
0.119753 
0.118143 
0.0910597 
0.0230737 
0.0181138 
0.000481199 
0.000595448 
0.000618612 
0.00802629 
0.000635138 
0.00530315 
0.00433918 
0.00547354 
0.00501814 
0.0636371 
0.0136756 
0.014209 
0.0694435 
0.000358902 
0.000478615 
0.000437643 
0.00580192 
0.00745313 
0.132318 
0.0793198 
0.0714635 
0.133275 
0.133164 
0.000617645 
0.00206917 
0.0175251 
0.0137653 
0.0331164 
0.0121566 
0.0128017 
0.0143536 
0.00153712 
0.131369 
0.000799218 
0.00445417 
0.00182661 
0.0370887 
0.0417473 
0.00421244 
0.0599947 
0.00301037 
0.0604681 
0.0588766 
0.0625531 
0.00358717 
0.00998221 
0.000534558 
0.000703286 
0.0641543 
0.0185955 
0.116036 
0.0639877 
0.134243 
0.0213962 
0.000986856 
0.0636659 
0.0193117 
0.0325086 
0.00924552 
0.0258291 
0.0150269 
0.002977 
0.0191289 
0.00450653 
0.000992368 
0.0380143 
0.00103651 
0.0197995 
0.00214445 
0.000616618 
0.000668525 
0.0111047 
0.0104545 
0.0266411 
0.0153289 
0.00277273 
0.00210375 
0.0160083 
0.00099162 
0.00123905 
0.132443 
0.129797 
0.126198 
0.129561 
0.0147505 
0.110703 
0.112463 
0.104218 
0.0248668 
0.00387671 
0.0564451 
0.0544065 
0.0891958 
0.0814348 
0.0196198 
0.00120682 
0.00130704 
0.0618948 
0.0710724 
0.0156682 
0.110227 
0.00117898 
0.000969719 
0.0288693 
0.0242391 
0.00256004 
0.00488698 
0.00432327 
0.0180685 
0.0839969 
0.116279 
0.0896115 
0.0966711 
0.131956 
0.129697 
0.00073093 
0.000817996 
0.00693899 
0.00113648 
0.000784443 
0.0195154 
0.128705 
0.12849 
0.000786274 
0.085506 
0.122961 
0.118235 
0.000665731 
0.0051514 
0.021077 
0.00112893 
0.00139954 
0.00561173 
0.00703963 
0.00106044 
0.0517754 
0.0050311 
0.00567822 
0.00360388 
0.115447 
0.120648 
0.0545519 
0.0533765 
0.00421923 
0.0157105 
0.0583123 
0.0147325 
0.0755684 
0.00772881 
0.000429231 
0.000488096 
0.000574446 
0.021271 
0.0469248 
0.0408677 
0.0473144 
0.128144 
0.00539918 
0.0561503 
0.0126834 
0.0121777 
0.0148585 
0.0215414 
0.0189028 
0.025403 
0.00598688 
0.110209 
0.102534 
0.00905674 
0.000925834 
0.00125411 
0.0528662 
0.0511318 
0.0137547 
0.0132986 
0.00363454 
0.0458642 
0.039706 
0.000795885 
0.00107895 
0.000865708 
0.00638085 
0.0025402 
0.000972004 
0.00119776 
0.00864477 
0.0789113 
0.0556167 
0.0153506 
0.0654061 
0.0579126 
0.00120751 
0.0780061 
0.132624 
0.131098 
0.128333 
0.130816 
0.0165996 
0.0125139 
0.0148884 
0.00118798 
0.00141158 
0.00148717 
0.0010907 
0.00129809 
0.00135284 
0.00495203 
0.0149432 
0.00655322 
0.00647822 
0.00504424 
0.0318194 
0.0510029 
0.0495122 
0.00568024 
0.0170556 
0.0194875 
0.00118794 
0.00112671 
0.00143866 
0.0537887 
0.00117789 
0.0164328 
0.0152657 
0.0212242 
0.0175488 
0.0736602 
0.0808845 
0.0684053 
0.00815729 
0.0955144 
0.00598162 
0.00562725 
0.00100974 
0.00760034 
0.108369 
0.00708678 
0.000706237 
0.000834061 
0.00149784 
0.0134599 
0.00157802 
0.00665207 
0.00727527 
0.00159862 
0.028576 
0.0113444 
0.00697953 
0.0178785 
0.0302306 
0.00185712 
0.023143 
0.0107216 
0.124965 
0.120258 
0.124763 
0.00593311 
0.0261479 
0.0277178 
0.0988218 
0.0911621 
0.108074 
0.000774831 
0.00591893 
0.0751015 
0.0672328 
0.105836 
0.00401628 
0.00428595 
0.00298972 
0.00817527 
0.00127553 
0.00137974 
0.0698257 
0.127612 
0.128511 
0.124443 
0.0475535 
0.00424041 
0.0355138 
0.00363798 
0.00191378 
0.0020866 
0.00209711 
0.00722738 
0.00875795 
0.00777 
0.101705 
0.0477221 
0.0680073 
0.00656766 
0.123899 
0.114966 
0.108817 
0.0100787 
0.00944471 
0.0018134 
0.059258 
0.049241 
0.00907909 
0.010928 
0.00225738 
0.0019379 
0.00563214 
0.12412 
0.00180402 
0.00211987 
0.119488 
0.00131836 
0.03116 
0.0360983 
0.0083673 
0.0461569 
0.0448756 
0.00966622 
0.0440573 
0.00180729 
0.00217214 
0.0606236 
0.00680762 
0.100928 
0.107716 
0.1139 
0.0180319 
0.000882275 
0.0429559 
0.0446256 
0.0370356 
0.00163501 
0.00135562 
0.00217414 
0.0115566 
0.0936173 
0.0138478 
0.0089879 
0.0103199 
0.0867419 
0.0266336 
0.0222966 
0.0128173 
0.00160544 
0.00784463 
0.00754686 
0.00790613 
0.00835008 
0.00942079 
0.0024009 
0.0979616 
0.00577228 
0.00157152 
0.0464236 
0.00131662 
0.00123671 
0.00184554 
0.0704662 
0.00656281 
0.0183592 
0.0161214 
0.00416955 
0.00853727 
0.00943045 
0.00976601 
0.014564 
0.0522434 
0.0455063 
0.023691 
0.00202153 
0.00235803 
0.00245748 
0.0412543 
0.0398081 
0.119079 
0.0199131 
0.0179627 
0.00118732 
0.0794072 
0.0111702 
0.00178928 
0.0587205 
0.065391 
0.000850805 
0.00213745 
0.0106247 
0.00214337 
0.0151156 
0.0123399 
0.00732401 
0.0953455 
0.00935506 
0.041078 
0.0356153 
0.0403595 
0.00946967 
0.0929521 
0.0328564 
0.0278629 
0.00909646 
0.00849073 
0.00287065 
0.00255886 
0.00217621 
0.0859639 
0.00166964 
0.0367107 
0.0142335 
0.042455 
0.0411253 
0.0628107 
0.124819 
0.120255 
0.125425 
0.0240426 
0.0165396 
0.016571 
0.0197369 
0.00225869 
0.00243036 
0.00258713 
0.0125366 
0.0106165 
0.119158 
0.0542623 
0.00162119 
0.00977903 
0.113297 
0.0849706 
0.0769182 
0.026996 
0.0023057 
0.0556221 
0.015527 
0.0610783 
0.0538245 
0.0931088 
0.0047393 
0.00225766 
0.117973 
0.0449055 
0.038094 
0.00237552 
0.0227833 
0.00299081 
0.00304514 
0.00577599 
0.00667982 
0.00349026 
0.103779 
0.0976449 
0.0084989 
0.00318074 
0.00958881 
0.0634248 
0.0229861 
0.112318 
0.0030409 
0.057283 
0.00306759 
0.00362237 
0.0135883 
0.0158602 
0.00212772 
0.00256023 
0.00239605 
0.00306461 
0.00358665 
0.100279 
0.0126781 
0.050616 
0.00909371 
0.0118742 
0.00204881 
0.00334462 
0.00377963 
0.00400647 
0.00113458 
0.0137876 
0.0994749 
0.01974 
0.0848922 
0.113489 
0.0026799 
0.00335319 
0.00367884 
0.00610174 
0.0183781 
0.0314409 
0.0474621 
0.0494027 
0.01941 
0.108189 
0.0118833 
0.0123783 
0.0139993 
0.0266305 
0.0229143 
0.0309208 
0.0179723 
0.085701 
0.00498979 
0.0209156 
0.106533 
0.0431654 
0.000830001 
0.122586 
0.0336738 
0.0777146 
0.0701262 
0.0629404 
0.0696059 
0.0193815 
0.00996676 
0.0112512 
0.0108053 
0.0128616 
0.014518 
0.0405941 
0.0348431 
0.0388226 
0.0869464 
0.0110529 
0.0112549 
0.0131939 
0.000726237 
0.00303162 
0.00353218 
0.00353998 
0.0342045 
0.0382373 
0.0371575 
0.00978558 
0.0159401 
0.0024833 
0.00483347 
0.0103781 
0.00507015 
0.030221 
0.0702717 
0.0626145 
0.0194124 
0.0202783 
0.0230141 
0.0156269 
0.0244332 
0.0203475 
0.115751 
0.034618 
0.0300341 
0.0335111 
0.0210279 
0.0839863 
0.091581 
0.0419353 
0.0151184 
0.00658752 
0.105607 
0.00360569 
0.0350383 
0.0339688 
0.0188003 
0.00536878 
0.00589066 
0.00644468 
0.00882148 
0.00365521 
0.0173534 
0.0146957 
0.0419754 
0.0136769 
0.0481781 
0.0828955 
0.0770758 
0.00343578 
0.00273784 
0.1 
0.0134271 
0.00375069 
0.0287885 
0.0276618 
0.00547701 
0.00474544 
0.0124257 
0.109793 
0.0137157 
0.0146693 
0.00376018 
0.0122368 
0.013712 
0.0117744 
0.0130386 
0.0132136 
0.0378102 
0.00373775 
0.0048587 
0.00563816 
0.0196976 
0.0219218 
0.00328736 
0.0457719 
0.0514291 
0.00853966 
0.0189496 
0.0255218 
0.024419 
0.00695989 
0.0363957 
0.00473996 
0.00541854 
0.00545051 
0.00507134 
0.00566227 
0.00456196 
0.00406879 
0.00367226 
0.037322 
0.0175906 
0.0197352 
0.00347012 
0.0875303 
0.00774851 
0.0142635 
0.0169915 
0.0174154 
0.0201011 
0.00403699 
0.0940994 
0.00411909 
0.0839989 
0.00607767 
0.00403745 
0.0761879 
0.0690867 
0.00505681 
0.0979357 
0.0327534 
0.0309484 
0.00521906 
0.00591657 
0.0794289 
0.0165605 
0.0103821 
0.0315526 
0.0304075 
0.0952522 
0.0136038 
0.0795037 
0.0903722 
0.0714068 
0.0763732 
0.0736366 
0.0160115 
0.0350506 
0.0394608 
0.0109268 
0.0224116 
0.00538709 
0.0561454 
0.0494962 
0.0176302 
0.0143247 
0.0280115 
0.0317357 
0.0758581 
0.00562716 
0.00536944 
0.00425598 
0.028438 
0.0863647 
0.00700116 
0.0684826 
0.0134914 
0.0164042 
0.0322294 
0.0259792 
0.0059624 
0.00771822 
0.0177623 
0.0385103 
0.0258678 
0.0249508 
0.0820447 
0.0747963 
0.0802726 
0.061777 
0.0708587 
0.0714314 
0.0956729 
0.0168121 
0.0186286 
0.0234998 
0.00737829 
0.00807938 
0.018105 
0.0192056 
0.0280409 
0.0548553 
0.0139153 
0.0519931 
0.0150224 
0.0620025 
0.00734999 
0.105454 
0.0187855 
0.0985706 
0.0174952 
0.0157422 
0.0209498 
0.0205201 
0.0491228 
0.0229281 
0.0438201 
0.0833095 
0.00836399 
0.00763241 
0.0270419 
0.0878124 
0.0278681 
0.0447536 
0.0185307 
0.0241989 
0.0541869 
0.00688203 
0.0642684 
0.0236952 
0.00820033 
0.0337491 
0.0571469 
0.0751608 
0.0721577 
0.0423463 
0.00903392 
0.00860544 
0.0507693 
0.00950175 
0.0122761 
0.00796984 
0.0647661 
0.015396 
0.0101075 
0.0294045 
0.0163427 
0.0179233 
0.00780662 
0.00694535 
0.0227524 
0.0117836 
0.0107402 
0.0143524 
0.0162386 
0.0131622 
0.0174461 
0.00537355 
0.0243345 
0.0539906 
0.0607573 
0.0262382 
0.0257842 
0.0222415 
0.0106515 
0.00805637 
0.0244651 
0.020397 
0.0260062 
0.0343911 
0.0220659 
0.0247603 
0.00903632 
0.0206023 
0.0214496 
0.0172634 
0.00857243 
0.0397031 
0.0227311 
0.0718724 
0.0699 
0.054344 
0.0190405 
0.020189 
0.0648884 
0.0579172 
0.0587999 
0.0516634 
0.0070121 
0.00978141 
0.037888 
0.052085 
0.0286908 
0.0665796 
0.0599733 
0.0655892 
0.0245401 
0.0662897 
0.0393673 
0.0479256 
0.0299971 
0.0102114 
0.0115467 
0.0480101 
0.0189235 
0.0247631 
0.0262998 
0.0114554 
0.0118835 
0.0108921 
0.0296139 
0.0619728 
0.0303934 
0.0440841 
0.0642226 
0.0248445 
0.00989976 
0.0425016 
0.0280169 
0.0501954 
0.0214862 
0.0201215 
0.0474009 
0.0196346 
0.0219862 
0.0234969 
0.0241496 
0.00779456 
0.0240132 
0.0238484 
0.0410528 
0.0411497 
0.0259957 
0.0255156 
0.0229475 
0.00961796 
0.0105703 
0.0109739 
0.0267796 
0.0211365 
0.0134506 
0.0301416 
0.0231102 
0.02834 
0.0550116 
0.0344331 
0.0191972 
0.0333138 
0.0261924 
0.0116482 
0.0129698 
0.0374161 
0.0312491 
0.0162132 
0.0147745 
0.0197707 
0.0285394 
0.020947 
0.0109692 
0.0401633 
0.0468925 
0.0526006 
0.0325451 
0.012742 
0.0359609 
0.0137911 
0.0161387 
0.0356983 
0.0155785 
0.0143489 
0.0222607 
0.0313117 
0.026553 
0.0134071 
0.050434 
0.0293206 
0.0287311 
0.0460205 
0.0176091 
0.038341 
0.015162 
0.0627192 
0.0340718 
0.0166882 
0.0531921 
0.0146419 
0.0321075 
0.0309065 
0.0576213 
0.0573572 
0.060089 
0.0281992 
0.0182515 
0.052672 
0.0401522 
0.0361419 
0.0213414 
0.0343437 
0.0449693 
0.0408331 
0.0200033 
0.0364805 
0.0305618 
0.0449495 
