0.0349715 
0.0374392 
0.0408532 
0.0446448 
0.04863 
0.0527478 
0.0569803 
0.0613111 
0.0657198 
0.0701892 
0.0747006 
0.0792283 
0.0837526 
0.0882408 
0.0926728 
0.0970179 
0.101246 
0.10534 
0.109268 
0.113001 
0.116521 
0.119814 
0.12284 
0.125603 
0.128074 
0.130256 
0.132126 
0.133697 
0.134953 
0.135904 
0.13656 
0.136933 
0.137031 
0.136879 
0.136493 
0.135898 
0.135127 
0.134201 
0.133161 
0.132027 
0.13083 
0.129592 
0.128296 
0.126899 
0.125302 
0.123346 
0.120901 
0.118099 
0.115757 
0.0584162 
0.0596011 
0.0637054 
0.0689014 
0.0745323 
0.0803447 
0.0862434 
0.0921854 
0.0981357 
0.104067 
0.109951 
0.115749 
0.121433 
0.126966 
0.132313 
0.137442 
0.142316 
0.146904 
0.151176 
0.155105 
0.158666 
0.161837 
0.164601 
0.166944 
0.168854 
0.170327 
0.171356 
0.171957 
0.172126 
0.171881 
0.171238 
0.17022 
0.168853 
0.167169 
0.165199 
0.162985 
0.160562 
0.157977 
0.155276 
0.152504 
0.149713 
0.146947 
0.144248 
0.141631 
0.139064 
0.13645 
0.133609 
0.13037 
0.126872 
0.124357 
0.0783625 
0.0805063 
0.0856072 
0.0918353 
0.098458 
0.10518 
0.111883 
0.118512 
0.125025 
0.131392 
0.137575 
0.14354 
0.149253 
0.154682 
0.159791 
0.164555 
0.168939 
0.172923 
0.176484 
0.1796 
0.182258 
0.184447 
0.186158 
0.187391 
0.188145 
0.188425 
0.188236 
0.187599 
0.186528 
0.185044 
0.183174 
0.180944 
0.178393 
0.175551 
0.172459 
0.16916 
0.165696 
0.162113 
0.158461 
0.154789 
0.151153 
0.147607 
0.144206 
0.140983 
0.137934 
0.134981 
0.131951 
0.128637 
0.125065 
0.122187 
0.0966641 
0.0995494 
0.105294 
0.112091 
0.119189 
0.12628 
0.133235 
0.139992 
0.146511 
0.152756 
0.158699 
0.164306 
0.169554 
0.174412 
0.178861 
0.18288 
0.18645 
0.189559 
0.1922 
0.194362 
0.196044 
0.197247 
0.197977 
0.198237 
0.198043 
0.197406 
0.196342 
0.194873 
0.193021 
0.190812 
0.188271 
0.18543 
0.182322 
0.17898 
0.17544 
0.17174 
0.16792 
0.164019 
0.160082 
0.156155 
0.152289 
0.148538 
0.144964 
0.141615 
0.138516 
0.13562 
0.132777 
0.12974 
0.126355 
0.123069 
0.114032 
0.117451 
0.123576 
0.130603 
0.137799 
0.144868 
0.151682 
0.158179 
0.164325 
0.170087 
0.175445 
0.180378 
0.184871 
0.188908 
0.192482 
0.195585 
0.198215 
0.200374 
0.202065 
0.203296 
0.204075 
0.204417 
0.204335 
0.203846 
0.202969 
0.201723 
0.200132 
0.198216 
0.196 
0.193509 
0.190767 
0.187803 
0.184642 
0.181313 
0.177843 
0.174263 
0.170603 
0.166892 
0.163165 
0.159458 
0.155811 
0.152274 
0.148903 
0.145761 
0.142893 
0.140301 
0.137867 
0.135325 
0.132319 
0.128747 
0.130584 
0.134353 
0.140607 
0.147556 
0.154515 
0.161216 
0.167543 
0.173445 
0.178895 
0.183872 
0.188368 
0.192378 
0.195899 
0.198934 
0.20149 
0.203576 
0.205206 
0.206395 
0.207162 
0.207525 
0.207507 
0.20713 
0.206417 
0.205392 
0.204078 
0.2025 
0.200679 
0.198639 
0.196402 
0.193989 
0.19142 
0.188716 
0.185895 
0.182977 
0.17998 
0.176921 
0.17382 
0.170695 
0.167565 
0.164454 
0.161389 
0.158405 
0.15555 
0.152886 
0.150477 
0.148368 
0.146504 
0.144633 
0.142239 
0.138697 
0.146071 
0.149997 
0.156093 
0.162638 
0.169014 
0.174997 
0.180497 
0.185476 
0.189924 
0.193838 
0.197225 
0.200096 
0.202469 
0.204364 
0.205804 
0.206816 
0.207427 
0.207666 
0.207564 
0.207151 
0.206457 
0.205512 
0.204344 
0.20298 
0.201445 
0.199764 
0.197958 
0.196046 
0.194047 
0.191976 
0.189846 
0.187669 
0.185456 
0.183217 
0.180957 
0.178685 
0.176408 
0.17413 
0.17186 
0.169605 
0.167377 
0.165198 
0.163097 
0.161127 
0.159361 
0.157876 
0.156697 
0.155649 
0.15417 
0.151225 
0.159936 
0.163795 
0.169402 
0.175181 
0.180611 
0.185521 
0.189857 
0.193605 
0.196776 
0.199387 
0.201466 
0.203044 
0.204157 
0.204842 
0.205139 
0.205087 
0.204727 
0.204098 
0.203237 
0.202181 
0.200964 
0.199617 
0.19817 
0.196649 
0.195076 
0.193472 
0.191853 
0.190234 
0.188626 
0.187036 
0.185473 
0.183937 
0.182434 
0.180963 
0.179522 
0.178112 
0.176725 
0.175363 
0.174021 
0.172697 
0.171389 
0.170105 
0.16886 
0.167686 
0.166652 
0.165856 
0.165398 
0.165245 
0.164958 
0.163348 
0.171388 
0.174931 
0.179691 
0.184333 
0.188465 
0.191981 
0.194869 
0.197146 
0.198847 
0.200014 
0.200694 
0.200937 
0.200796 
0.200321 
0.199562 
0.19857 
0.197387 
0.196059 
0.194623 
0.193115 
0.191567 
0.190007 
0.188457 
0.186939 
0.185467 
0.184055 
0.182712 
0.181446 
0.180259 
0.179154 
0.17813 
0.177184 
0.176314 
0.175513 
0.174777 
0.174096 
0.173465 
0.172877 
0.172321 
0.171792 
0.171283 
0.170789 
0.170314 
0.169874 
0.169519 
0.16935 
0.16952 
0.170163 
0.171122 
0.171419 
0.179549 
0.182528 
0.186109 
0.1893 
0.191863 
0.19377 
0.195053 
0.195763 
0.195959 
0.195704 
0.195062 
0.194098 
0.19287 
0.191438 
0.189855 
0.188167 
0.186419 
0.184646 
0.182883 
0.181157 
0.179489 
0.177899 
0.176398 
0.175 
0.173708 
0.172531 
0.171467 
0.170517 
0.169679 
0.168949 
0.168324 
0.167797 
0.167363 
0.167013 
0.166741 
0.166538 
0.166399 
0.166312 
0.166271 
0.166269 
0.166295 
0.166344 
0.166412 
0.166504 
0.166647 
0.166926 
0.167509 
0.168659 
0.170565 
0.172772 
0.183674 
0.185893 
0.188071 
0.18964 
0.190534 
0.190804 
0.190526 
0.189778 
0.18864 
0.187187 
0.185491 
0.183619 
0.181629 
0.179574 
0.1775 
0.175445 
0.173439 
0.171508 
0.169672 
0.167945 
0.166336 
0.164854 
0.1635 
0.162276 
0.161181 
0.160213 
0.159369 
0.158642 
0.158029 
0.157523 
0.15712 
0.156812 
0.156595 
0.156461 
0.156404 
0.156418 
0.156498 
0.156637 
0.156829 
0.157066 
0.157346 
0.15766 
0.158004 
0.158375 
0.158789 
0.159296 
0.160042 
0.161334 
0.163629 
0.167119 
0.183421 
0.18479 
0.185528 
0.185519 
0.184871 
0.183706 
0.182133 
0.180249 
0.178138 
0.175877 
0.173532 
0.171158 
0.168802 
0.166502 
0.164286 
0.162177 
0.16019 
0.158334 
0.156614 
0.155035 
0.153593 
0.152287 
0.151114 
0.150066 
0.14914 
0.148329 
0.147627 
0.147028 
0.146527 
0.146117 
0.145794 
0.145553 
0.145389 
0.145298 
0.145275 
0.145317 
0.145419 
0.145578 
0.145791 
0.146055 
0.146366 
0.146722 
0.147119 
0.147556 
0.148037 
0.148588 
0.149304 
0.150448 
0.152576 
0.156406 
0.179042 
0.179615 
0.179091 
0.177781 
0.175938 
0.173737 
0.171306 
0.168739 
0.166116 
0.163496 
0.160927 
0.158448 
0.156082 
0.15385 
0.151761 
0.149821 
0.148032 
0.14639 
0.14489 
0.143527 
0.142294 
0.141183 
0.140186 
0.139296 
0.138506 
0.137809 
0.137199 
0.13667 
0.136217 
0.135836 
0.135521 
0.135269 
0.135078 
0.134943 
0.134864 
0.134837 
0.134861 
0.134934 
0.135056 
0.135224 
0.13544 
0.135702 
0.136011 
0.136367 
0.136773 
0.137242 
0.13782 
0.138674 
0.140278 
0.143585 
0.171417 
0.171372 
0.169945 
0.167774 
0.165215 
0.162471 
0.159665 
0.15688 
0.154172 
0.151579 
0.149126 
0.14683 
0.144695 
0.142725 
0.140917 
0.139262 
0.137755 
0.136384 
0.135142 
0.134018 
0.133003 
0.132087 
0.131263 
0.130523 
0.12986 
0.129267 
0.12874 
0.128272 
0.127861 
0.127501 
0.12719 
0.126924 
0.126701 
0.12652 
0.126378 
0.126275 
0.126209 
0.12618 
0.126188 
0.126233 
0.126316 
0.126439 
0.126603 
0.126813 
0.127071 
0.127384 
0.127774 
0.12832 
0.129307 
0.131562 
0.161861 
0.161441 
0.159541 
0.156991 
0.154197 
0.151362 
0.148593 
0.145949 
0.143463 
0.141151 
0.139019 
0.137064 
0.135281 
0.13366 
0.132192 
0.130864 
0.129664 
0.128581 
0.127606 
0.126726 
0.125934 
0.12522 
0.124577 
0.123998 
0.123478 
0.12301 
0.12259 
0.122215 
0.121879 
0.121581 
0.121317 
0.121084 
0.120881 
0.120706 
0.120557 
0.120433 
0.120333 
0.120257 
0.120205 
0.120176 
0.120171 
0.120192 
0.120239 
0.120316 
0.120427 
0.120576 
0.120774 
0.121051 
0.121533 
0.122697 
0.151786 
0.151218 
0.149228 
0.146703 
0.144048 
0.141446 
0.138983 
0.136696 
0.134599 
0.132691 
0.130965 
0.129411 
0.128015 
0.126765 
0.125646 
0.124646 
0.123753 
0.122956 
0.122246 
0.121613 
0.121048 
0.120545 
0.120097 
0.119698 
0.119343 
0.119027 
0.118747 
0.118498 
0.118277 
0.118082 
0.117911 
0.11776 
0.117628 
0.117513 
0.117414 
0.11733 
0.117259 
0.117201 
0.117155 
0.117121 
0.117098 
0.117086 
0.117087 
0.117101 
0.11713 
0.117176 
0.117244 
0.117344 
0.11752 
0.117968 
0.142369 
0.141805 
0.139986 
0.137745 
0.135449 
0.133257 
0.131232 
0.129393 
0.127743 
0.126271 
0.124965 
0.123811 
0.122793 
0.121898 
0.121113 
0.120425 
0.119823 
0.119296 
0.118836 
0.118435 
0.118086 
0.117783 
0.117519 
0.11729 
0.117092 
0.11692 
0.116772 
0.116643 
0.116532 
0.116437 
0.116354 
0.116283 
0.116222 
0.11617 
0.116125 
0.116087 
0.116056 
0.116029 
0.116007 
0.11599 
0.115977 
0.115968 
0.115963 
0.115963 
0.115967 
0.115977 
0.115993 
0.11602 
0.116068 
0.116202 
0.134353 
0.133865 
0.132341 
0.130502 
0.128657 
0.126933 
0.125377 
0.123997 
0.122787 
0.121734 
0.120821 
0.120034 
0.119358 
0.118779 
0.118285 
0.117865 
0.117509 
0.117208 
0.116954 
0.11674 
0.11656 
0.116409 
0.116283 
0.116177 
0.116089 
0.116014 
0.115952 
0.1159 
0.115856 
0.115819 
0.115788 
0.115762 
0.11574 
0.115721 
0.115706 
0.115693 
0.115682 
0.115673 
0.115665 
0.115659 
0.115654 
0.11565 
0.115648 
0.115647 
0.115647 
0.115648 
0.115651 
0.115657 
0.115668 
0.115701 
0.128037 
0.127637 
0.126437 
0.125019 
0.123631 
0.122367 
0.121255 
0.120297 
0.119481 
0.118791 
0.118214 
0.117732 
0.117334 
0.117005 
0.116736 
0.116516 
0.116337 
0.116192 
0.116075 
0.11598 
0.115903 
0.115841 
0.115791 
0.11575 
0.115717 
0.11569 
0.115668 
0.11565 
0.115636 
0.115624 
0.115614 
0.115606 
0.115599 
0.115593 
0.115589 
0.115585 
0.115582 
0.115579 
0.115577 
0.115575 
0.115573 
0.115572 
0.115571 
0.115571 
0.115571 
0.115571 
0.115571 
0.115572 
0.115575 
0.115582 
0.12339 
0.123068 
0.12217 
0.121143 
0.120168 
0.119309 
0.11858 
0.117974 
0.117478 
0.117076 
0.116753 
0.116496 
0.116292 
0.116132 
0.116006 
0.115908 
0.115832 
0.115772 
0.115725 
0.115689 
0.115661 
0.115639 
0.115622 
0.115608 
0.115597 
0.115589 
0.115582 
0.115577 
0.115572 
0.115569 
0.115566 
0.115564 
0.115562 
0.11556 
0.115559 
0.115558 
0.115557 
0.115557 
0.115556 
0.115556 
0.115555 
0.115555 
0.115555 
0.115554 
0.115554 
0.115554 
0.115554 
0.115555 
0.115555 
0.115556 
0.120178 
0.119923 
0.11929 
0.118598 
0.117969 
0.117439 
0.117008 
0.116667 
0.116401 
0.116195 
0.116038 
0.115918 
0.115828 
0.11576 
0.115709 
0.11567 
0.115642 
0.11562 
0.115604 
0.115592 
0.115582 
0.115575 
0.11557 
0.115566 
0.115563 
0.11556 
0.115558 
0.115557 
0.115556 
0.115555 
0.115554 
0.115553 
0.115553 
0.115553 
0.115552 
0.115552 
0.115552 
0.115552 
0.115552 
0.115551 
0.115551 
0.115551 
0.115551 
0.115551 
0.115551 
0.115551 
0.115551 
0.115551 
0.115551 
0.115551 
0.118095 
0.117906 
0.117495 
0.117071 
0.116705 
0.116412 
0.116187 
0.116017 
0.115891 
0.115798 
0.11573 
0.115681 
0.115645 
0.11562 
0.115601 
0.115588 
0.115578 
0.115571 
0.115566 
0.115562 
0.115559 
0.115557 
0.115555 
0.115554 
0.115553 
0.115553 
0.115552 
0.115552 
0.115552 
0.115551 
0.115551 
0.115551 
0.115551 
0.115551 
0.115551 
0.115551 
0.115551 
0.115551 
0.115551 
0.115551 
0.115551 
0.115551 
0.115551 
0.115551 
0.115551 
0.115551 
0.115551 
0.115551 
0.115551 
0.115551 
0.11684 
0.116716 
0.116476 
0.116243 
0.116054 
0.11591 
0.115805 
0.115729 
0.115676 
0.115638 
0.115612 
0.115593 
0.115581 
0.115572 
0.115566 
0.115561 
0.115558 
0.115556 
0.115554 
0.115553 
0.115553 
0.115552 
0.115552 
0.115551 
0.115551 
0.115551 
0.115551 
0.115551 
0.115551 
0.115551 
0.115551 
0.115551 
0.11555 
0.11555 
0.11555 
0.11555 
0.11555 
0.11555 
0.11555 
0.11555 
0.11555 
0.11555 
0.11555 
0.11555 
0.11555 
0.11555 
0.11555 
0.11555 
0.11555 
0.11555 
0.116141 
0.116072 
0.11595 
0.115837 
0.11575 
0.115687 
0.115643 
0.115613 
0.115593 
0.115579 
0.11557 
0.115563 
0.115559 
0.115556 
0.115555 
0.115553 
0.115552 
0.115552 
0.115551 
0.115551 
0.115551 
0.115551 
0.115551 
0.115551 
0.115551 
0.115551 
0.11555 
0.11555 
0.11555 
0.11555 
0.11555 
0.11555 
0.11555 
0.11555 
0.11555 
0.11555 
0.11555 
0.11555 
0.11555 
0.11555 
0.11555 
0.11555 
0.11555 
0.11555 
0.11555 
0.11555 
0.11555 
0.11555 
0.11555 
0.11555 
0.115764 
0.115737 
0.115688 
0.115645 
0.115613 
0.115592 
0.115577 
0.115568 
0.115562 
0.115558 
0.115555 
0.115554 
0.115552 
0.115552 
0.115551 
0.115551 
0.115551 
0.115551 
0.115551 
0.115551 
0.11555 
0.11555 
0.11555 
0.11555 
0.11555 
0.11555 
0.11555 
0.11555 
0.11555 
0.11555 
0.11555 
0.11555 
0.11555 
0.11555 
0.11555 
0.11555 
0.11555 
0.11555 
0.11555 
0.11555 
0.11555 
0.11555 
0.11555 
0.11555 
0.11555 
0.11555 
0.11555 
0.11555 
0.11555 
0.11555 
0.0346118 
0.0273171 
0.0271694 
0.0292697 
0.0319831 
0.0349174 
0.037987 
0.0411653 
0.0444361 
0.0477925 
0.0512273 
0.0547161 
0.0582552 
0.0618232 
0.0654076 
0.0689872 
0.0725464 
0.0760648 
0.0795221 
0.0829094 
0.0862057 
0.089389 
0.0924477 
0.0953733 
0.0981372 
0.100746 
0.10317 
0.105426 
0.107479 
0.109354 
0.111024 
0.112498 
0.11378 
0.114886 
0.115796 
0.116538 
0.117109 
0.117528 
0.117807 
0.117957 
0.118 
0.117925 
0.117763 
0.117509 
0.117104 
0.116507 
0.115599 
0.114237 
0.112324 
0.11003 
0.107015 
0.0523348 
0.0538344 
0.0577775 
0.0626113 
0.067798 
0.073144 
0.07858 
0.0840705 
0.0895918 
0.0951139 
0.100614 
0.106058 
0.111421 
0.116666 
0.121766 
0.126687 
0.131397 
0.135869 
0.14007 
0.143981 
0.147573 
0.150827 
0.153729 
0.156258 
0.158404 
0.160162 
0.161529 
0.162508 
0.163099 
0.163317 
0.163171 
0.162686 
0.161876 
0.160775 
0.159408 
0.157808 
0.156007 
0.15405 
0.15197 
0.149814 
0.147621 
0.145426 
0.143255 
0.141108 
0.138927 
0.136594 
0.133933 
0.130828 
0.127598 
0.125677 
0.0734079 
0.0759869 
0.0811264 
0.0871977 
0.0935826 
0.10005 
0.106511 
0.112916 
0.119231 
0.125426 
0.131464 
0.137315 
0.142942 
0.148316 
0.153402 
0.158171 
0.162592 
0.166643 
0.170298 
0.173536 
0.176341 
0.178701 
0.180604 
0.18205 
0.183034 
0.183556 
0.183625 
0.183256 
0.18246 
0.181258 
0.179675 
0.177736 
0.175476 
0.172925 
0.170125 
0.167116 
0.163939 
0.16064 
0.157269 
0.153875 
0.15051 
0.147226 
0.144068 
0.141053 
0.138154 
0.135263 
0.132199 
0.128807 
0.125324 
0.123142 
0.0924127 
0.0957835 
0.101675 
0.10842 
0.11539 
0.122338 
0.129161 
0.135808 
0.142239 
0.148424 
0.154332 
0.159929 
0.165191 
0.17009 
0.174599 
0.178699 
0.18237 
0.185597 
0.188368 
0.190671 
0.192505 
0.193864 
0.194753 
0.195172 
0.195135 
0.194651 
0.193733 
0.192402 
0.190679 
0.188587 
0.186155 
0.183411 
0.180391 
0.177127 
0.173656 
0.17002 
0.166259 
0.162415 
0.158535 
0.154668 
0.150867 
0.147188 
0.143687 
0.140402 
0.137333 
0.134398 
0.13142 
0.128185 
0.124724 
0.121896 
0.110265 
0.114216 
0.120535 
0.127568 
0.134704 
0.141702 
0.148458 
0.154919 
0.161049 
0.166822 
0.172213 
0.177202 
0.181771 
0.185903 
0.189586 
0.192813 
0.195576 
0.197874 
0.199707 
0.201081 
0.201999 
0.202472 
0.202511 
0.202132 
0.201348 
0.200178 
0.198644 
0.196765 
0.194563 
0.192067 
0.189299 
0.186289 
0.183064 
0.179654 
0.176091 
0.172408 
0.168637 
0.164814 
0.160977 
0.157165 
0.153427 
0.149816 
0.14639 
0.143206 
0.14029 
0.137602 
0.134981 
0.132151 
0.128884 
0.12545 
0.127229 
0.131565 
0.138034 
0.145027 
0.151981 
0.158672 
0.165006 
0.170935 
0.176435 
0.181486 
0.186078 
0.190202 
0.193854 
0.197033 
0.199744 
0.20199 
0.203783 
0.205133 
0.206054 
0.206563 
0.206679 
0.206419 
0.205803 
0.204852 
0.203588 
0.202032 
0.200207 
0.198131 
0.195831 
0.193324 
0.190634 
0.187782 
0.184789 
0.181677 
0.178468 
0.175182 
0.171844 
0.168477 
0.165105 
0.161759 
0.158473 
0.155289 
0.152263 
0.149459 
0.146931 
0.144686 
0.142607 
0.140378 
0.137523 
0.133751 
0.143153 
0.147654 
0.153979 
0.160605 
0.16703 
0.173067 
0.178638 
0.183713 
0.188279 
0.192332 
0.195877 
0.198922 
0.201481 
0.20357 
0.205207 
0.206416 
0.207218 
0.207641 
0.207709 
0.20745 
0.206889 
0.206053 
0.204968 
0.203659 
0.202149 
0.20046 
0.198613 
0.196626 
0.194519 
0.192307 
0.190006 
0.187627 
0.185185 
0.182692 
0.180157 
0.177592 
0.175008 
0.172415 
0.169824 
0.167252 
0.164717 
0.162248 
0.159887 
0.157697 
0.155749 
0.154099 
0.152699 
0.151264 
0.149145 
0.145587 
0.157543 
0.161957 
0.1678 
0.173701 
0.179237 
0.184267 
0.188744 
0.192657 
0.196012 
0.198826 
0.201122 
0.202927 
0.204272 
0.20519 
0.205717 
0.205889 
0.205739 
0.205305 
0.20462 
0.203718 
0.202631 
0.201387 
0.200014 
0.198537 
0.196976 
0.195353 
0.193682 
0.191981 
0.190258 
0.188526 
0.18679 
0.185056 
0.18333 
0.181612 
0.179905 
0.17821 
0.176525 
0.174852 
0.173192 
0.171546 
0.169918 
0.168325 
0.166789 
0.16536 
0.164116 
0.163149 
0.162505 
0.162011 
0.161022 
0.158526 
0.16965 
0.173686 
0.178681 
0.183485 
0.18778 
0.19148 
0.194571 
0.197072 
0.199011 
0.200428 
0.201364 
0.201866 
0.20198 
0.201754 
0.201234 
0.200463 
0.199487 
0.198344 
0.19707 
0.195702 
0.194267 
0.192794 
0.191306 
0.189822 
0.18836 
0.186932 
0.18555 
0.18422 
0.182948 
0.181736 
0.180585 
0.179495 
0.178461 
0.177481 
0.17655 
0.175661 
0.174811 
0.17399 
0.173194 
0.172416 
0.171653 
0.170906 
0.170183 
0.169517 
0.168974 
0.168669 
0.168733 
0.169182 
0.169585 
0.169036 
0.178594 
0.181955 
0.185755 
0.189139 
0.191911 
0.194048 
0.195576 
0.196544 
0.197003 
0.197014 
0.196634 
0.195924 
0.194939 
0.193736 
0.192362 
0.190866 
0.189288 
0.187664 
0.18603 
0.184408 
0.182825 
0.181298 
0.179845 
0.178474 
0.177197 
0.176016 
0.174937 
0.173959 
0.173081 
0.172302 
0.171618 
0.171022 
0.170509 
0.170073 
0.169706 
0.1694 
0.169148 
0.16894 
0.16877 
0.16863 
0.16851 
0.168407 
0.168318 
0.16826 
0.168279 
0.168484 
0.169064 
0.170225 
0.171922 
0.173729 
0.183584 
0.186028 
0.188386 
0.190156 
0.191278 
0.191793 
0.191767 
0.191274 
0.190386 
0.189174 
0.187707 
0.186046 
0.184251 
0.182371 
0.180451 
0.17853 
0.17664 
0.174806 
0.173051 
0.17139 
0.169835 
0.168394 
0.167072 
0.165874 
0.164798 
0.163845 
0.16301 
0.162291 
0.161683 
0.16118 
0.160777 
0.160468 
0.160247 
0.160107 
0.160041 
0.160041 
0.160103 
0.160218 
0.160381 
0.160582 
0.160818 
0.16108 
0.161364 
0.161673 
0.162035 
0.16253 
0.163353 
0.164836 
0.16733 
0.171111 
0.184185 
0.185593 
0.186443 
0.186612 
0.186175 
0.185233 
0.183882 
0.182211 
0.180301 
0.178222 
0.176041 
0.173812 
0.171581 
0.169387 
0.16726 
0.165225 
0.163297 
0.161489 
0.15981 
0.158264 
0.15685 
0.155569 
0.154418 
0.153394 
0.152491 
0.151705 
0.15103 
0.150461 
0.149991 
0.149616 
0.14933 
0.149127 
0.149003 
0.148953 
0.148971 
0.149054 
0.149196 
0.149393 
0.149642 
0.149937 
0.150275 
0.150651 
0.151062 
0.151507 
0.151996 
0.152579 
0.153405 
0.154825 
0.157452 
0.162219 
0.180541 
0.180958 
0.180458 
0.17927 
0.177589 
0.175558 
0.173288 
0.170869 
0.168375 
0.165865 
0.163389 
0.160982 
0.158675 
0.156488 
0.154433 
0.152518 
0.150746 
0.149117 
0.147629 
0.146276 
0.145053 
0.143953 
0.142971 
0.142098 
0.141328 
0.140655 
0.140073 
0.139576 
0.13916 
0.138818 
0.138547 
0.138343 
0.138203 
0.138123 
0.1381 
0.138132 
0.138216 
0.138351 
0.138534 
0.138764 
0.13904 
0.13936 
0.139724 
0.140132 
0.140588 
0.141115 
0.141801 
0.142918 
0.145121 
0.149758 
0.173433 
0.173063 
0.171561 
0.169439 
0.166974 
0.164329 
0.161615 
0.158907 
0.156259 
0.15371 
0.151289 
0.14901 
0.146885 
0.144917 
0.143105 
0.141444 
0.139928 
0.138549 
0.137298 
0.136168 
0.135147 
0.13423 
0.133407 
0.13267 
0.132015 
0.131434 
0.130921 
0.130471 
0.130082 
0.129747 
0.129465 
0.129232 
0.129045 
0.128903 
0.128804 
0.128747 
0.12873 
0.128753 
0.128816 
0.128918 
0.129061 
0.129246 
0.129474 
0.129748 
0.130073 
0.130458 
0.130945 
0.131687 
0.13318 
0.136823 
0.164126 
0.163259 
0.161198 
0.158625 
0.155855 
0.153054 
0.150314 
0.14769 
0.145212 
0.142898 
0.140756 
0.138785 
0.136982 
0.135338 
0.133845 
0.132491 
0.131267 
0.130161 
0.129163 
0.128262 
0.127451 
0.12672 
0.126062 
0.12547 
0.124939 
0.124463 
0.124037 
0.123658 
0.12332 
0.123022 
0.12276 
0.122532 
0.122336 
0.122171 
0.122034 
0.121925 
0.121843 
0.121789 
0.121761 
0.12176 
0.121788 
0.121845 
0.121934 
0.122058 
0.122223 
0.122434 
0.12271 
0.123115 
0.123912 
0.126154 
0.154036 
0.152963 
0.150754 
0.148148 
0.145464 
0.142848 
0.140372 
0.138068 
0.135947 
0.134011 
0.132254 
0.130666 
0.129235 
0.127949 
0.126794 
0.125759 
0.124832 
0.124002 
0.123259 
0.122594 
0.122 
0.121468 
0.120992 
0.120568 
0.120188 
0.119849 
0.119546 
0.119277 
0.119037 
0.118824 
0.118636 
0.118471 
0.118326 
0.1182 
0.118092 
0.118001 
0.117925 
0.117864 
0.117818 
0.117787 
0.117769 
0.117767 
0.117781 
0.117813 
0.117865 
0.117942 
0.11805 
0.118213 
0.118534 
0.11954 
0.144398 
0.143329 
0.141269 
0.138917 
0.136562 
0.134329 
0.132267 
0.130393 
0.128704 
0.127193 
0.125848 
0.124653 
0.123595 
0.12266 
0.121835 
0.121109 
0.120469 
0.119907 
0.119413 
0.118979 
0.118598 
0.118264 
0.117972 
0.117716 
0.117492 
0.117296 
0.117126 
0.116976 
0.116847 
0.116733 
0.116635 
0.11655 
0.116476 
0.116413 
0.116358 
0.116312 
0.116273 
0.116241 
0.116215 
0.116195 
0.11618 
0.116171 
0.116168 
0.116171 
0.116181 
0.1162 
0.116229 
0.116275 
0.116372 
0.116698 
0.136037 
0.135088 
0.133335 
0.131379 
0.129465 
0.127691 
0.126091 
0.124669 
0.123418 
0.122324 
0.121372 
0.120546 
0.119832 
0.119216 
0.118688 
0.118234 
0.117846 
0.117515 
0.117234 
0.116994 
0.11679 
0.116618 
0.116471 
0.116347 
0.116243 
0.116154 
0.116079 
0.116015 
0.115961 
0.115915 
0.115876 
0.115843 
0.115815 
0.115792 
0.115772 
0.115755 
0.11574 
0.115729 
0.115719 
0.115711 
0.115705 
0.115701 
0.115698 
0.115697 
0.115698 
0.115701 
0.115707 
0.115718 
0.115742 
0.115826 
0.129331 
0.128542 
0.127146 
0.125625 
0.124172 
0.12286 
0.121707 
0.120711 
0.119858 
0.119133 
0.118522 
0.11801 
0.117581 
0.117225 
0.11693 
0.116687 
0.116487 
0.116323 
0.116189 
0.116079 
0.11599 
0.115916 
0.115856 
0.115807 
0.115767 
0.115734 
0.115707 
0.115685 
0.115666 
0.115651 
0.115638 
0.115627 
0.115619 
0.115611 
0.115605 
0.1156 
0.115596 
0.115592 
0.115589 
0.115587 
0.115585 
0.115583 
0.115582 
0.115582 
0.115582 
0.115582 
0.115583 
0.115585 
0.11559 
0.115609 
0.124312 
0.123685 
0.122636 
0.121527 
0.120501 
0.119603 
0.118841 
0.118205 
0.11768 
0.117253 
0.116906 
0.116628 
0.116405 
0.116228 
0.116087 
0.115976 
0.115889 
0.11582 
0.115766 
0.115723 
0.115689 
0.115663 
0.115642 
0.115625 
0.115612 
0.115601 
0.115593 
0.115586 
0.11558 
0.115576 
0.115572 
0.115569 
0.115567 
0.115565 
0.115563 
0.115562 
0.11556 
0.115559 
0.115559 
0.115558 
0.115558 
0.115557 
0.115557 
0.115557 
0.115557 
0.115557 
0.115557 
0.115557 
0.115558 
0.115562 
0.120787 
0.120311 
0.119571 
0.118822 
0.118156 
0.117598 
0.117144 
0.116782 
0.116498 
0.116276 
0.116105 
0.115973 
0.115873 
0.115796 
0.115738 
0.115694 
0.115661 
0.115636 
0.115616 
0.115602 
0.115591 
0.115582 
0.115576 
0.11557 
0.115566 
0.115563 
0.115561 
0.115559 
0.115558 
0.115556 
0.115555 
0.115555 
0.115554 
0.115553 
0.115553 
0.115553 
0.115552 
0.115552 
0.115552 
0.115552 
0.115552 
0.115552 
0.115552 
0.115552 
0.115552 
0.115552 
0.115552 
0.115552 
0.115552 
0.115552 
0.118465 
0.118131 
0.117651 
0.11719 
0.116801 
0.116491 
0.116251 
0.116068 
0.115932 
0.115831 
0.115756 
0.115701 
0.115661 
0.115632 
0.115611 
0.115595 
0.115584 
0.115575 
0.115569 
0.115565 
0.115561 
0.115559 
0.115557 
0.115555 
0.115554 
0.115554 
0.115553 
0.115552 
0.115552 
0.115552 
0.115551 
0.115551 
0.115551 
0.115551 
0.115551 
0.115551 
0.115551 
0.115551 
0.115551 
0.115551 
0.115551 
0.115551 
0.115551 
0.115551 
0.115551 
0.115551 
0.115551 
0.115551 
0.115551 
0.115551 
0.117048 
0.116837 
0.116556 
0.116302 
0.116098 
0.115944 
0.115831 
0.11575 
0.115691 
0.11565 
0.115621 
0.1156 
0.115586 
0.115576 
0.115568 
0.115563 
0.11556 
0.115557 
0.115555 
0.115554 
0.115553 
0.115552 
0.115552 
0.115552 
0.115551 
0.115551 
0.115551 
0.115551 
0.115551 
0.115551 
0.115551 
0.115551 
0.115551 
0.115551 
0.11555 
0.11555 
0.11555 
0.11555 
0.11555 
0.11555 
0.11555 
0.11555 
0.11555 
0.11555 
0.11555 
0.11555 
0.11555 
0.11555 
0.11555 
0.11555 
0.116251 
0.116135 
0.115989 
0.115864 
0.11577 
0.115701 
0.115654 
0.115621 
0.115598 
0.115583 
0.115573 
0.115566 
0.115561 
0.115558 
0.115555 
0.115554 
0.115553 
0.115552 
0.115552 
0.115551 
0.115551 
0.115551 
0.115551 
0.115551 
0.115551 
0.115551 
0.115551 
0.11555 
0.11555 
0.11555 
0.11555 
0.11555 
0.11555 
0.11555 
0.11555 
0.11555 
0.11555 
0.11555 
0.11555 
0.11555 
0.11555 
0.11555 
0.11555 
0.11555 
0.11555 
0.11555 
0.11555 
0.11555 
0.11555 
0.11555 
0.115828 
0.115775 
0.115713 
0.115662 
0.115625 
0.1156 
0.115583 
0.115572 
0.115564 
0.115559 
0.115556 
0.115554 
0.115553 
0.115552 
0.115552 
0.115551 
0.115551 
0.115551 
0.115551 
0.115551 
0.115551 
0.11555 
0.11555 
0.11555 
0.11555 
0.11555 
0.11555 
0.11555 
0.11555 
0.11555 
0.11555 
0.11555 
0.11555 
0.11555 
0.11555 
0.11555 
0.11555 
0.11555 
0.11555 
0.11555 
0.11555 
0.11555 
0.11555 
0.11555 
0.11555 
0.11555 
0.11555 
0.11555 
0.11555 
0.11555 
