3.71467e-05 
4.60951e-05 
4.71916e-05 
4.32554e-05 
3.77127e-05 
3.20571e-05 
2.69389e-05 
2.25478e-05 
1.88765e-05 
1.58424e-05 
1.33432e-05 
1.12812e-05 
9.57166e-06 
8.14427e-06 
6.94212e-06 
5.91968e-06 
5.04063e-06 
4.27596e-06 
3.60237e-06 
3.001e-06 
2.45634e-06 
1.95545e-06 
1.48728e-06 
1.04216e-06 
6.1134e-07 
1.86615e-07 
-2.4001e-07 
-6.76661e-07 
-1.13195e-06 
-1.61534e-06 
-2.13758e-06 
-2.71128e-06 
-3.35152e-06 
-4.07672e-06 
-4.90976e-06 
-5.87933e-06 
-7.02175e-06 
-8.38325e-06 
-1.00226e-05 
-1.20143e-05 
-1.44514e-05 
-1.74464e-05 
-2.11278e-05 
-2.5623e-05 
-3.10107e-05 
-3.72134e-05 
-4.37114e-05 
-4.91619e-05 
-4.98245e-05 
-4.21645e-05 
8.00139e-05 
0.000103616 
0.00010554 
9.68165e-05 
8.51707e-05 
7.32324e-05 
6.23235e-05 
5.281e-05 
4.4721e-05 
3.79211e-05 
3.22294e-05 
2.74624e-05 
2.34551e-05 
2.00667e-05 
1.718e-05 
1.46991e-05 
1.25458e-05 
1.06568e-05 
8.98001e-06 
7.47286e-06 
6.09971e-06 
4.83046e-06 
3.63908e-06 
2.50253e-06 
1.39979e-06 
3.11017e-07 
-7.83207e-07 
-1.90263e-06 
-3.06813e-06 
-4.30256e-06 
-5.63169e-06 
-7.08541e-06 
-8.69913e-06 
-1.05156e-05 
-1.2587e-05 
-1.49779e-05 
-1.77688e-05 
-2.10599e-05 
-2.49762e-05 
-2.96721e-05 
-3.53351e-05 
-4.21852e-05 
-5.04614e-05 
-6.03891e-05 
-7.20688e-05 
-8.53146e-05 
-9.89809e-05 
-0.000110533 
-0.000111568 
-8.91673e-05 
0.000102188 
0.000138583 
0.000147549 
0.000140768 
0.000127833 
0.000112919 
9.83142e-05 
8.49455e-05 
7.31423e-05 
6.29105e-05 
5.4121e-05 
4.65937e-05 
4.01422e-05 
3.45934e-05 
2.97947e-05 
2.56154e-05 
2.19454e-05 
1.8692e-05 
1.57778e-05 
1.31373e-05 
1.0715e-05 
8.46294e-06 
6.33902e-06 
4.30545e-06 
2.32739e-06 
3.71676e-07 
-1.59427e-06 
-3.60358e-06 
-5.69117e-06 
-7.89496e-06 
-1.02573e-05 
-1.28266e-05 
-1.56594e-05 
-1.88227e-05 
-2.23965e-05 
-2.64775e-05 
-3.11829e-05 
-3.66539e-05 
-4.30596e-05 
-5.05984e-05 
-5.94949e-05 
-6.99855e-05 
-8.22802e-05 
-9.64845e-05 
-0.000112408 
-0.000129276 
-0.000144867 
-0.00015482 
-0.000148458 
-0.000111814 
0.000112244 
0.000159489 
0.000177111 
0.000175486 
0.000164537 
0.000149395 
0.000133168 
0.000117405 
0.000102855 
8.97877e-05 
7.82282e-05 
6.80794e-05 
5.91931e-05 
5.14066e-05 
4.45621e-05 
3.85153e-05 
3.31378e-05 
2.83178e-05 
2.39579e-05 
1.9974e-05 
1.62927e-05 
1.2849e-05 
9.58523e-06 
6.4484e-06 
3.38924e-06 
3.60398e-07 
-2.68482e-06 
-5.79388e-06 
-9.01664e-06 
-1.24068e-05 
-1.60235e-05 
-1.99336e-05 
-2.42134e-05 
-2.89512e-05 
-3.42506e-05 
-4.02322e-05 
-4.70371e-05 
-5.48283e-05 
-6.37894e-05 
-7.41198e-05 
-8.60182e-05 
-9.96495e-05 
-0.000115075 
-0.000132127 
-0.000150159 
-0.000167678 
-0.000181474 
-0.000185977 
-0.000170046 
-0.000121316 
0.000113354 
0.000168265 
0.000194157 
0.000199267 
0.000192633 
0.000179651 
0.000163892 
0.000147422 
0.000131411 
0.000116443 
0.000102765 
9.04256e-05 
7.93681e-05 
6.94838e-05 
6.06431e-05 
5.27129e-05 
4.55658e-05 
3.90841e-05 
3.31609e-05 
2.77003e-05 
2.26157e-05 
1.78292e-05 
1.32692e-05 
8.86949e-06 
4.5673e-06 
3.01857e-07 
-3.98708e-06 
-8.3607e-06 
-1.28829e-05 
-1.7622e-05 
-2.26522e-05 
-2.80554e-05 
-3.39236e-05 
-4.03604e-05 
-4.7483e-05 
-5.54231e-05 
-6.43272e-05 
-7.43536e-05 
-8.56657e-05 
-9.84159e-05 
-0.000112716 
-0.000128583 
-0.000145844 
-0.000163983 
-0.000181862 
-0.000197363 
-0.000206667 
-0.000203811 
-0.000178642 
-0.000121453 
0.000110137 
0.00016963 
0.000202179 
0.000213894 
0.000212454 
0.000202997 
0.000189199 
0.000173421 
0.000157153 
0.000141267 
0.000126238 
0.000112287 
9.94794e-05 
8.77908e-05 
7.71467e-05 
6.74477e-05 
5.85854e-05 
5.04507e-05 
4.29383e-05 
3.59491e-05 
2.93903e-05 
2.31757e-05 
1.72241e-05 
1.14589e-05 
5.80645e-06 
1.94615e-07 
-5.44835e-06 
-1.11953e-05 
-1.71219e-05 
-2.3308e-05 
-2.98391e-05 
-3.68078e-05 
-4.43151e-05 
-5.24712e-05 
-6.13957e-05 
-7.12163e-05 
-8.20654e-05 
-9.40723e-05 
-0.000107349 
-0.000121964 
-0.000137903 
-0.000154998 
-0.000172819 
-0.000190514 
-0.000206557 
-0.000218444 
-0.000222174 
-0.000212032 
-0.000179419 
-0.000117249 
0.000104632 
0.000166251 
0.000203644 
0.000221114 
0.000224897 
0.000219568 
0.000208644 
0.000194582 
0.000179055 
0.000163149 
0.000147537 
0.000132603 
0.000118547 
0.000105443 
9.32871e-05 
8.20318e-05 
7.1602e-05 
6.19101e-05 
5.28633e-05 
4.4368e-05 
3.63326e-05 
2.86685e-05 
2.12899e-05 
1.41139e-05 
7.05945e-06 
4.63463e-08 
-7.00552e-06 
-1.41774e-05 
-2.15531e-05 
-2.92202e-05 
-3.72706e-05 
-4.58012e-05 
-5.49146e-05 
-6.47183e-05 
-7.53227e-05 
-8.68371e-05 
-9.93626e-05 
-0.000112979 
-0.000127726 
-0.000143569 
-0.000160347 
-0.000177706 
-0.000194987 
-0.000211077 
-0.000224211 
-0.000231738 
-0.000229793 
-0.000213277 
-0.000175261 
-0.000110834 
9.82485e-05 
0.000160207 
0.000200766 
0.000222835 
0.000231334 
0.000230162 
0.000222512 
0.000210778 
0.000196699 
0.000181488 
0.00016596 
0.000150639 
0.000135843 
0.000121745 
0.000108421 
9.58825e-05 
8.40972e-05 
7.30092e-05 
6.25467e-05 
5.263e-05 
4.31753e-05 
3.40976e-05 
2.53118e-05 
1.67333e-05 
8.27774e-06 
-1.39002e-07 
-8.60161e-06 
-1.71958e-05 
-2.60093e-05 
-3.51325e-05 
-4.4658e-05 
-5.46811e-05 
-6.52984e-05 
-7.66055e-05 
-8.86934e-05 
-0.000101642 
-0.000115508 
-0.00013031 
-0.000146003 
-0.000162443 
-0.000179336 
-0.000196163 
-0.000212093 
-0.00022585 
-0.000235567 
-0.000238634 
-0.000231526 
-0.000209912 
-0.000168369 
-0.000103641 
9.16572e-05 
0.000152727 
0.000195075 
0.000220583 
0.000233062 
0.000235737 
0.000231403 
0.000222283 
0.000210088 
0.00019608 
0.000181163 
0.000165961 
0.000150891 
0.000136212 
0.000122076 
0.000108553 
9.5661e-05 
8.33801e-05 
7.16665e-05 
6.046e-05 
4.96908e-05 
3.92828e-05 
2.91566e-05 
1.92304e-05 
9.42124e-06 
-3.54969e-07 
-1.01831e-05 
-2.01491e-05 
-3.03401e-05 
-4.08442e-05 
-5.17497e-05 
-6.31437e-05 
-7.51101e-05 
-8.77256e-05 
-0.000101054 
-0.000115136 
-0.000129978 
-0.000145534 
-0.000161676 
-0.000178159 
-0.000194573 
-0.000210281 
-0.000224336 
-0.000235388 
-0.000241584 
-0.000240483 
-0.000229 
-0.00020357 
-0.000160035 
-9.63335e-05 
8.52314e-05 
0.000144608 
0.000187672 
0.000215575 
0.000231236 
0.000237268 
0.000236053 
0.000229589 
0.000219488 
0.000207003 
0.000193074 
0.00017839 
0.000163436 
0.000148546 
0.000133933 
0.000119725 
0.000105989 
9.27411e-05 
7.99694e-05 
6.76375e-05 
5.56938e-05 
4.40758e-05 
3.27138e-05 
2.15336e-05 
1.04573e-05 
-5.94814e-07 
-1.17036e-05 
-2.29509e-05 
-3.44187e-05 
-4.61884e-05 
-5.83387e-05 
-7.09436e-05 
-8.40687e-05 
-9.77661e-05 
-0.000112067 
-0.000126972 
-0.000142435 
-0.000158346 
-0.000174503 
-0.000190577 
-0.000206074 
-0.000220274 
-0.000232175 
-0.000240427 
-0.00024327 
-0.000238508 
-0.000223515 
-0.000195424 
-0.000151084 
-8.92711e-05 
7.91352e-05 
0.000136313 
0.00017929 
0.00020871 
0.000226793 
0.000235624 
0.000237198 
0.000233266 
0.000225303 
0.000214504 
0.000201806 
0.000187928 
0.0001734 
0.000158608 
0.000143817 
0.000129204 
0.000114878 
0.000100895 
8.72713e-05 
7.39981e-05 
6.10439e-05 
4.83629e-05 
3.58989e-05 
2.35883e-05 
1.13625e-05 
-8.50692e-07 
-1.31235e-05 
-2.55298e-05 
-3.81425e-05 
-5.10322e-05 
-6.42639e-05 
-7.78943e-05 
-9.19672e-05 
-0.000106507 
-0.000121512 
-0.000136941 
-0.000152699 
-0.000168619 
-0.000184438 
-0.000199765 
-0.000214045 
-0.00022652 
-0.000236179 
-0.000241726 
-0.000241544 
-0.000233711 
-0.000216038 
-0.000186255 
-0.000141994 
-8.26059e-05 
7.34348e-05 
0.000128117 
0.000170422 
0.000200647 
0.000220474 
0.000231549 
0.00023552 
0.000233895 
0.000227993 
0.000218923 
0.000207589 
0.000194707 
0.000180834 
0.000166386 
0.000151668 
0.000136897 
0.000122219 
0.000107722 
9.34537e-05 
7.94304e-05 
6.56425e-05 
5.20628e-05 
3.86506e-05 
2.53556e-05 
1.2121e-05 
-1.11491e-06 
-1.44118e-05 
-2.78311e-05 
-4.14341e-05 
-5.52771e-05 
-6.9409e-05 
-8.38668e-05 
-9.86704e-05 
-0.000113817 
-0.000129269 
-0.000144949 
-0.000160719 
-0.000176365 
-0.000191577 
-0.000205921 
-0.00021881 
-0.000229477 
-0.000236943 
-0.000239998 
-0.000237197 
-0.00022689 
-0.000207279 
-0.000176587 
-0.000133048 
-7.63943e-05 
6.81395e-05 
0.000120169 
0.000161385 
0.000191854 
0.000212843 
0.000225646 
0.000231611 
0.000232017 
0.000228023 
0.000220638 
0.000210711 
0.000198938 
0.000185875 
0.000171958 
0.000157518 
0.000142799 
0.000127977 
0.000113172 
9.8457e-05 
8.38725e-05 
6.94308e-05 
5.51238e-05 
4.0928e-05 
2.68083e-05 
1.27215e-05 
-1.38091e-06 
-1.55435e-05 
-2.98134e-05 
-4.42375e-05 
-5.88562e-05 
-7.36999e-05 
-8.87847e-05 
-0.000104107 
-0.000119635 
-0.000135304 
-0.000150999 
-0.000166546 
-0.000181698 
-0.00019611 
-0.000209323 
-0.000220744 
-0.000229621 
-0.000235032 
-0.000235875 
-0.000230883 
-0.000218659 
-0.000197744 
-0.000166761 
-0.000124397 
-7.06384e-05 
6.32327e-05 
0.000112545 
0.000152383 
0.00018266 
0.00020433 
0.000218403 
0.000225973 
0.000228115 
0.000225833 
0.000220031 
0.000211491 
0.000200871 
0.000188716 
0.000175464 
0.000161458 
0.000146965 
0.000132182 
0.000117253 
0.000102274 
8.73079e-05 
7.23883e-05 
5.75258e-05 
4.27145e-05 
2.79356e-05 
1.31619e-05 
-1.63942e-06 
-1.64988e-05 
-3.14488e-05 
-4.65195e-05 
-6.17336e-05 
-7.71024e-05 
-9.2621e-05 
-0.000108262 
-0.00012397 
-0.000139649 
-0.00015516 
-0.000170298 
-0.000184792 
-0.000198276 
-0.000210285 
-0.000220235 
-0.00022741 
-0.000230959 
-0.000229897 
-0.000223127 
-0.000209485 
-0.000187794 
-0.000156996 
-0.00011612 
-6.53157e-05 
5.86853e-05 
0.000105277 
0.000143542 
0.000173296 
0.000195255 
0.000210202 
0.00021902 
0.000222606 
0.000221823 
0.000217467 
0.000210247 
0.000200778 
0.000189578 
0.000177078 
0.000163626 
0.000149497 
0.000134906 
0.000120014 
0.000104937 
8.97582e-05 
7.45288e-05 
5.92783e-05 
4.40182e-05 
2.87466e-05 
1.34524e-05 
-1.8809e-06 
-1.72687e-05 
-3.2728e-05 
-4.82717e-05 
-6.39045e-05 
-7.96188e-05 
-9.5389e-05 
-0.000111166 
-0.000126872 
-0.000142388 
-0.000157551 
-0.000172138 
-0.000185859 
-0.000198344 
-0.000209132 
-0.000217662 
-0.000223266 
-0.000225171 
-0.000222511 
-0.000214348 
-0.000199717 
-0.000177681 
-0.000147428 
-0.000108249 
-6.03933e-05 
5.44649e-05 
9.83733e-05 
0.000134941 
0.000163922 
0.000185854 
0.00020134 
0.00021109 
0.000215847 
0.000216345 
0.00021328 
0.000207287 
0.000198929 
0.000188695 
0.000176998 
0.000164182 
0.000150525 
0.000136251 
0.000121534 
0.000106507 
9.12683e-05 
7.58862e-05 
6.0407e-05 
4.48588e-05 
2.92561e-05 
1.36041e-05 
-2.0978e-06 
-1.78495e-05 
-3.3652e-05 
-4.95013e-05 
-6.53846e-05 
-8.12758e-05 
-9.71304e-05 
-0.00011288 
-0.000128427 
-0.000143634 
-0.000158321 
-0.000172252 
-0.000185131 
-0.000196589 
-0.00020618 
-0.000213376 
-0.000217564 
-0.000218052 
-0.000214087 
-0.000204873 
-0.000189619 
-0.000167579 
-0.000138142 
-0.000100791 
-5.58354e-05 
5.05393e-05 
9.18254e-05 
0.000126621 
0.000154648 
0.000176304 
0.000192051 
0.000202457 
0.000208134 
0.000209704 
0.000207769 
0.000202893 
0.000195586 
0.0001863 
0.000175427 
0.000163299 
0.000150193 
0.000136336 
0.000121912 
0.000107063 
9.1901e-05 
7.65095e-05 
6.09495e-05 
4.52644e-05 
2.94841e-05 
1.36293e-05 
-2.28496e-06 
-1.82435e-05 
-3.42315e-05 
-5.02287e-05 
-6.62056e-05 
-8.21194e-05 
-9.79084e-05 
-0.000113488 
-0.000128743 
-0.000143523 
-0.000157636 
-0.000170841 
-0.000182841 
-0.000193277 
-0.000201726 
-0.000207696 
-0.000210634 
-0.000209926 
-0.000204923 
-0.000194957 
-0.000179382 
-0.000157612 
-0.000129187 
-9.37374e-05 
-5.16074e-05 
4.68792e-05 
8.56193e-05 
0.000118608 
0.000145548 
0.000166733 
0.000182513 
0.00019334 
0.000199715 
0.000202163 
0.000201201 
0.000197324 
0.000190991 
0.000182617 
0.000172566 
0.000161155 
0.000148656 
0.000135295 
0.000121257 
0.000106696 
9.1731e-05 
7.64585e-05 
6.09523e-05 
4.52695e-05 
2.94542e-05 
1.35415e-05 
-2.43882e-06 
-1.84572e-05 
-3.44839e-05 
-5.04834e-05 
-6.64112e-05 
-8.22089e-05 
-9.78003e-05 
-0.000113086 
-0.00012794 
-0.000142202 
-0.000155672 
-0.000168108 
-0.000179219 
-0.000188663 
-0.000196041 
-0.000200905 
-0.000202757 
-0.000201061 
-0.000195261 
-0.000184799 
-0.000169152 
-0.000147861 
-0.000120587 
-8.70739e-05 
-4.76775e-05 
4.34582e-05 
7.97377e-05 
0.00011091 
0.000136673 
0.000157236 
0.000172864 
0.000183914 
0.000190794 
0.000193943 
0.000193804 
0.000190809 
0.000185367 
0.000177854 
0.000168607 
0.000157926 
0.00014607 
0.000133261 
0.000119687 
0.000105504 
9.08397e-05 
7.57992e-05 
6.04672e-05 
4.49128e-05 
2.91926e-05 
1.33548e-05 
-2.55718e-06 
-1.85006e-05 
-3.4432e-05 
-5.03022e-05 
-6.60529e-05 
-8.16126e-05 
-9.68928e-05 
-0.000111783 
-0.000126148 
-0.00013982 
-0.0001526 
-0.000164247 
-0.000174481 
-0.000182977 
-0.000189369 
-0.000193249 
-0.000194174 
-0.00019168 
-0.000185292 
-0.00017455 
-0.000159032 
-0.000138382 
-0.000112356 
-8.07815e-05 
-4.40173e-05 
4.02534e-05 
7.41624e-05 
0.000103529 
0.000128055 
0.000147884 
0.000163212 
0.000174319 
0.000181537 
0.00018523 
0.000185776 
0.00018355 
0.000178913 
0.000172204 
0.000163732 
0.000153777 
0.000142585 
0.00013037 
0.000117319 
0.000103589 
8.93121e-05 
7.4601e-05 
5.9549e-05 
4.4235e-05 
2.87266e-05 
1.30834e-05 
-2.63908e-06 
-1.83863e-05 
-3.41024e-05 
-4.97261e-05 
-6.51874e-05 
-8.04038e-05 
-9.52766e-05 
-0.000109687 
-0.000123494 
-0.000136528 
-0.000148588 
-0.000159443 
-0.000168825 
-0.000176431 
-0.000181926 
-0.000184941 
-0.000185088 
-0.000181965 
-0.000175172 
-0.000164329 
-0.0001491 
-0.000129212 
-0.000104495 
-7.48404e-05 
-4.06021e-05 
3.72449e-05 
6.88758e-05 
9.64639e-05 
0.000119716 
0.000138728 
0.00015364 
0.000164669 
0.000172082 
0.000176181 
0.000177287 
0.000175723 
0.000171807 
0.000165841 
0.000158108 
0.000148864 
0.000138343 
0.000126751 
0.000114267 
0.000101049 
8.72327e-05 
7.2934e-05 
5.82534e-05 
4.32776e-05 
2.80837e-05 
1.27409e-05 
-2.68466e-06 
-1.81283e-05 
-3.35235e-05 
-4.87987e-05 
-6.38739e-05 
-7.86577e-05 
-9.30439e-05 
-0.000106908 
-0.000120105 
-0.000132466 
-0.000143794 
-0.000153868 
-0.000162434 
-0.000169213 
-0.000173898 
-0.000176163 
-0.000175668 
-0.000172066 
-0.000165022 
-0.000154226 
-0.000139412 
-0.000120374 
-9.69998e-05 
-6.9231e-05 
-3.741e-05 
3.44159e-05 
6.38614e-05 
8.97071e-05 
0.000111669 
0.000129804 
0.00014421 
0.00015505 
0.000162539 
0.000166926 
0.000168481 
0.000167481 
0.000164204 
0.00015892 
0.000151883 
0.000143331 
0.000133479 
0.000122524 
0.00011064 
9.79817e-05 
8.4684e-05 
7.08667e-05 
5.66348e-05 
4.20814e-05 
2.72907e-05 
1.23404e-05 
-2.69496e-06 
-1.77418e-05 
-3.27249e-05 
-4.75641e-05 
-6.21716e-05 
-7.64491e-05 
-9.02847e-05 
-0.000103551 
-0.000116101 
-0.000127769 
-0.000138365 
-0.000147677 
-0.000155469 
-0.000161485 
-0.000165449 
-0.00016707 
-0.000166053 
-0.000162103 
-0.000154939 
-0.00014431 
-0.000130007 
-0.000111881 
-8.98638e-05 
-6.39346e-05 
-3.44224e-05 
3.17518e-05 
5.9104e-05 
8.32515e-05 
0.000103921 
0.000121141 
0.000134971 
0.000145534 
0.000153 
0.000157573 
0.000159478 
0.000158953 
0.00015624 
0.000151577 
0.000145194 
0.000137306 
0.000128115 
0.000117804 
0.000106542 
9.44766e-05 
8.17441e-05 
6.84644e-05 
5.47455e-05 
4.06851e-05 
2.63732e-05 
1.18937e-05 
-2.67177e-06 
-1.72426e-05 
-3.17364e-05 
-4.60664e-05 
-6.01387e-05 
-7.385e-05 
-8.70852e-05 
-9.97151e-05 
-0.000111595 
-0.000122561 
-0.000132433 
-0.00014101 
-0.000148075 
-0.000153394 
-0.000156718 
-0.000157792 
-0.000156361 
-0.000152174 
-0.000144998 
-0.000134632 
-0.000120915 
-0.000103741 
-8.30775e-05 
-5.89338e-05 
-3.16229e-05 
2.92403e-05 
5.45898e-05 
7.7089e-05 
9.64769e-05 
0.000112756 
0.00012596 
0.000136177 
0.000143539 
0.000148211 
0.00015038 
0.000150251 
0.000148032 
0.000143933 
0.000138158 
0.000130906 
0.00012236 
0.000112694 
0.000102064 
9.06178e-05 
7.84858e-05 
6.57881e-05 
5.26344e-05 
3.91253e-05 
2.53546e-05 
1.14114e-05 
-2.61758e-06 
-1.66463e-05 
-3.0587e-05 
-4.43478e-05 
-5.78307e-05 
-7.09292e-05 
-8.35264e-05 
-9.54937e-05 
-0.000106688 
-0.000116954 
-0.000126117 
-0.000133992 
-0.000140378 
-0.000145061 
-0.000147823 
-0.000148438 
-0.000146686 
-0.000142357 
-0.000135259 
-0.000125231 
-0.000112153 
-9.59546e-05 
-7.66303e-05 
-5.42122e-05 
-2.89972e-05 
2.68705e-05 
5.03066e-05 
7.12111e-05 
8.93357e-05 
0.000104664 
0.000117206 
0.000127022 
0.000134214 
0.000138912 
0.000141274 
0.000141469 
0.00013968 
0.00013609 
0.000130882 
0.000124234 
0.000116314 
0.000107285 
9.72943e-05 
8.64819e-05 
7.49757e-05 
6.28941e-05 
5.03466e-05 
3.74353e-05 
2.42566e-05 
1.09029e-05 
-2.53542e-06 
-1.59685e-05 
-2.93046e-05 
-4.24486e-05 
-5.52998e-05 
-6.77503e-05 
-7.96832e-05 
-9.09714e-05 
-0.000101477 
-0.000111048 
-0.000119525 
-0.000126731 
-0.000132485 
-0.000136595 
-0.000138864 
-0.000139098 
-0.000137107 
-0.000132716 
-0.000125768 
-0.000116137 
-0.000103735 
-8.85207e-05 
-7.05109e-05 
-4.97549e-05 
-2.65329e-05 
2.46333e-05 
4.6243e-05 
6.56092e-05 
8.24966e-05 
9.68729e-05 
0.00010873 
0.000118105 
0.000125073 
0.000129738 
0.000132228 
0.000132687 
0.000131271 
0.000128139 
0.000123455 
0.000117379 
0.000110064 
0.00010166 
9.23076e-05 
8.21378e-05 
7.12745e-05 
5.98334e-05 
4.7923e-05 
3.56455e-05 
2.30985e-05 
1.03762e-05 
-2.42864e-06 
-1.52238e-05 
-2.79153e-05 
-4.04061e-05 
-5.25944e-05 
-6.43721e-05 
-7.56236e-05 
-8.6225e-05 
-9.6043e-05 
-0.000104935 
-0.000112748 
-0.000119323 
-0.000124493 
-0.000128084 
-0.000129925 
-0.000129847 
-0.000127687 
-0.0001233 
-0.000116559 
-0.000107368 
-9.56663e-05 
-8.1435e-05 
-6.4708e-05 
-4.5548e-05 
-2.42189e-05 
2.25206e-05 
4.23888e-05 
6.02752e-05 
7.59564e-05 
8.9388e-05 
0.000100547 
0.000109452 
0.000116155 
0.000120737 
0.000123303 
0.000123971 
0.000122876 
0.000120157 
0.000115957 
0.00011042 
0.000103687 
9.58938e-05 
8.71722e-05 
7.76469e-05 
6.7436e-05 
5.66517e-05 
4.54003e-05 
3.37829e-05 
2.18973e-05 
9.83822e-06 
-2.30083e-06 
-1.44264e-05 
-2.64436e-05 
-3.82548e-05 
-4.97585e-05 
-6.08476e-05 
-7.14092e-05 
-8.13232e-05 
-9.04623e-05 
-9.86917e-05 
-0.00010587 
-0.00011185 
-0.000116479 
-0.000119605 
-0.000121076 
-0.000120745 
-0.000118475 
-0.000114147 
-0.000107659 
-9.89398e-05 
-8.79507e-05 
-7.46918e-05 
-5.92101e-05 
-4.15787e-05 
-2.20454e-05 
2.05252e-05 
3.87351e-05 
5.52008e-05 
6.97114e-05 
8.22123e-05 
9.26685e-05 
0.000101083 
0.000107489 
0.000111949 
0.000114545 
0.000115377 
0.000114557 
0.000112208 
0.000108454 
0.000103425 
9.72481e-05 
9.00483e-05 
8.19476e-05 
7.30633e-05 
6.35081e-05 
5.33895e-05 
4.28108e-05 
3.18716e-05 
2.06681e-05 
9.29456e-06 
-2.15566e-06 
-1.35893e-05 
-2.49117e-05 
-3.6026e-05 
-4.68318e-05 
-5.72245e-05 
-6.70945e-05 
-7.63265e-05 
-8.47997e-05 
-9.23878e-05 
-9.89597e-05 
-0.00010438 
-0.000108513 
-0.000111222 
-0.000112374 
-0.000111842 
-0.000109513 
-0.000105287 
-9.9087e-05 
-9.08606e-05 
-8.05878e-05 
-6.82839e-05 
-5.4006e-05 
-3.78352e-05 
-2.00038e-05 
1.86411e-05 
3.52734e-05 
5.03785e-05 
6.37572e-05 
7.53466e-05 
8.51023e-05 
9.3014e-05 
9.91004e-05 
0.000103406 
0.000105994 
0.000106949 
0.000106365 
0.000104346 
0.000101004 
9.64517e-05 
9.08052e-05 
8.41789e-05 
7.66853e-05 
6.84343e-05 
5.95323e-05 
5.0082e-05 
4.01831e-05 
2.99322e-05 
1.94236e-05 
8.74991e-06 
-1.99683e-06 
-1.27245e-05 
-2.33398e-05 
-3.37476e-05 
-4.38498e-05 
-5.3545e-05 
-6.27276e-05 
-7.12879e-05 
-7.9112e-05 
-8.60821e-05 
-9.20773e-05 
-9.69747e-05 
-0.000100652 
-0.000102987 
-0.000103865 
-0.000103179 
-0.000100831 
-9.67439e-05 
-9.08568e-05 
-8.31357e-05 
-7.35755e-05 
-6.22035e-05 
-4.9085e-05 
-3.43066e-05 
-1.80861e-05 
1.68626e-05 
3.19962e-05 
4.58009e-05 
5.80887e-05 
6.87903e-05 
7.78532e-05 
8.52565e-05 
9.10062e-05 
9.51317e-05 
9.76829e-05 
9.87263e-05 
9.83417e-05 
9.66186e-05 
9.36539e-05 
8.95488e-05 
8.4407e-05 
7.83328e-05 
7.143e-05 
6.38006e-05 
5.55448e-05 
4.67601e-05 
3.75418e-05 
2.79829e-05 
1.81749e-05 
8.20802e-06 
-1.82792e-06 
-1.18429e-05 
-2.1746e-05 
-3.14446e-05 
-4.08438e-05 
-4.9846e-05 
-5.83505e-05 
-6.62535e-05 
-7.34482e-05 
-7.98253e-05 
-8.52738e-05 
-8.96824e-05 
-9.29411e-05 
-9.49434e-05 
-9.55888e-05 
-9.47857e-05 
-9.24549e-05 
-8.85332e-05 
-8.29773e-05 
-7.5767e-05 
-6.69097e-05 
-5.64425e-05 
-4.44364e-05 
-3.09828e-05 
-1.62854e-05 
1.51849e-05 
2.88966e-05 
4.14611e-05 
5.2701e-05 
6.25415e-05 
7.09241e-05 
7.78188e-05 
8.32209e-05 
8.71476e-05 
8.96358e-05 
9.07384e-05 
9.05218e-05 
8.90625e-05 
8.64446e-05 
8.27576e-05 
7.80946e-05 
7.25502e-05 
6.62195e-05 
5.91972e-05 
5.15766e-05 
4.345e-05 
3.49077e-05 
2.60389e-05 
1.69312e-05 
7.67184e-06 
-1.6524e-06 
-1.09544e-05 
-2.01464e-05 
-2.9139e-05 
-3.78412e-05 
-4.61598e-05 
-5.39996e-05 
-6.12628e-05 
-6.785e-05 
-7.36601e-05 
-7.85919e-05 
-8.25449e-05 
-8.54209e-05 
-8.71264e-05 
-8.75745e-05 
-8.66879e-05 
-8.44019e-05 
-8.06673e-05 
-7.54541e-05 
-6.87544e-05 
-6.05855e-05 
-5.09923e-05 
-4.00506e-05 
-2.78547e-05 
-1.45953e-05 
1.36039e-05 
2.59687e-05 
3.73529e-05 
4.75891e-05 
5.65981e-05 
6.43163e-05 
7.07065e-05 
7.57549e-05 
7.94686e-05 
8.18732e-05 
8.30101e-05 
8.29338e-05 
8.17092e-05 
7.94091e-05 
7.61126e-05 
7.19027e-05 
6.68649e-05 
6.10861e-05 
5.46535e-05 
4.76541e-05 
4.01742e-05 
3.2299e-05 
2.41131e-05 
1.57002e-05 
7.14363e-06 
-1.47354e-06 
-1.00678e-05 
-1.85549e-05 
-2.68497e-05 
-3.48655e-05 
-4.25141e-05 
-4.97058e-05 
-5.63493e-05 
-6.23525e-05 
-6.76225e-05 
-7.20673e-05 
-7.55964e-05 
-7.81228e-05 
-7.95643e-05 
-7.98465e-05 
-7.89046e-05 
-7.66862e-05 
-7.31543e-05 
-6.82902e-05 
-6.2096e-05 
-5.45971e-05 
-4.58448e-05 
-3.59181e-05 
-2.49138e-05 
-1.30102e-05 
1.21156e-05 
2.32069e-05 
3.34704e-05 
4.27481e-05 
5.09572e-05 
5.803e-05 
6.39235e-05 
6.86162e-05 
7.21067e-05 
7.44112e-05 
7.55611e-05 
7.56005e-05 
7.45842e-05 
7.2575e-05 
6.96424e-05 
6.586e-05 
6.13051e-05 
5.60566e-05 
5.01945e-05 
4.37994e-05 
3.69514e-05 
2.97306e-05 
2.22166e-05 
1.44884e-05 
6.6251e-06 
-1.29437e-06 
-9.19068e-06 
-1.69839e-05 
-2.45933e-05 
-3.19371e-05 
-3.89325e-05 
-4.54955e-05 
-5.15414e-05 
-5.69853e-05 
-6.17424e-05 
-6.57293e-05 
-6.88649e-05 
-7.10722e-05 
-7.22796e-05 
-7.24235e-05 
-7.14501e-05 
-6.93177e-05 
-6.59996e-05 
-6.14865e-05 
-5.57888e-05 
-4.89386e-05 
-4.0992e-05 
-3.20305e-05 
-2.21525e-05 
-1.15252e-05 
1.0717e-05 
2.06066e-05 
2.98086e-05 
3.81737e-05 
4.5616e-05 
5.20648e-05 
5.74721e-05 
6.18103e-05 
6.50709e-05 
6.72621e-05 
6.84068e-05 
6.85403e-05 
6.77082e-05 
6.59646e-05 
6.33702e-05 
5.99904e-05 
5.58943e-05 
5.11535e-05 
4.58411e-05 
4.0031e-05 
3.37976e-05 
2.72153e-05 
2.03583e-05 
1.3301e-05 
6.11752e-06 
-1.11766e-06 
-8.32987e-06 
-1.54439e-05 
-2.2384e-05 
-2.90734e-05 
-3.5435e-05 
-4.13909e-05 
-4.68629e-05 
-5.17731e-05 
-5.60446e-05 
-5.96019e-05 
-6.23729e-05 
-6.42897e-05 
-6.52901e-05 
-6.53201e-05 
-6.43353e-05 
-6.23033e-05 
-5.92063e-05 
-5.50426e-05 
-4.98292e-05 
-4.3604e-05 
-3.64265e-05 
-2.838e-05 
-1.95643e-05 
-1.01359e-05 
9.40536e-06 
1.81638e-05 
2.6363e-05 
3.38618e-05 
4.05717e-05 
4.64196e-05 
5.13537e-05 
5.53413e-05 
5.83682e-05 
6.04357e-05 
6.15597e-05 
6.17677e-05 
6.10979e-05 
5.95961e-05 
5.73153e-05 
5.43134e-05 
5.06519e-05 
4.63955e-05 
4.16105e-05 
3.63646e-05 
3.07259e-05 
2.47633e-05 
1.85457e-05 
1.21421e-05 
5.62177e-06 
-9.45919e-07 
-7.49123e-06 
-1.3944e-05 
-2.02337e-05 
-2.6289e-05 
-3.20386e-05 
-3.74106e-05 
-4.23335e-05 
-4.67362e-05 
-5.05491e-05 
-5.37047e-05 
-5.61387e-05 
-5.77915e-05 
-5.86095e-05 
-5.8547e-05 
-5.7568e-05 
-5.56478e-05 
-5.27759e-05 
-4.89569e-05 
-4.42136e-05 
-3.85877e-05 
-3.21417e-05 
-2.49601e-05 
-1.71433e-05 
-8.83861e-06 
8.17861e-06 
1.58753e-05 
2.31302e-05 
2.98093e-05 
3.58221e-05 
4.10937e-05 
4.55692e-05 
4.92122e-05 
5.20036e-05 
5.39394e-05 
5.50293e-05 
5.52947e-05 
5.47666e-05 
5.34843e-05 
5.14934e-05 
4.88451e-05 
4.5594e-05 
4.17981e-05 
3.75173e-05 
3.28129e-05 
2.77474e-05 
2.23836e-05 
1.67851e-05 
1.10154e-05 
5.13853e-06 
-7.81377e-07 
-6.67981e-06 
-1.2492e-05 
-1.81526e-05 
-2.35963e-05 
-2.87573e-05 
-3.35701e-05 
-3.79695e-05 
-4.18912e-05 
-4.52726e-05 
-4.80533e-05 
-5.01766e-05 
-5.15903e-05 
-5.22485e-05 
-5.21127e-05 
-5.11539e-05 
-4.93542e-05 
-4.67088e-05 
-4.32278e-05 
-3.89381e-05 
-3.38846e-05 
-2.81318e-05 
-2.17648e-05 
-1.48848e-05 
-7.63021e-06 
7.03521e-06 
1.37389e-05 
2.01076e-05 
2.60137e-05 
3.13654e-05 
3.60862e-05 
4.01193e-05 
4.34252e-05 
4.59812e-05 
4.7779e-05 
4.88235e-05 
4.91305e-05 
4.87253e-05 
4.76411e-05 
4.59174e-05 
4.35988e-05 
4.07339e-05 
3.73741e-05 
3.35733e-05 
2.93869e-05 
2.48712e-05 
2.00835e-05 
1.50816e-05 
9.92373e-06 
4.66826e-06 
-6.25993e-07 
-5.89997e-06 
-1.10944e-05 
-1.61495e-05 
-2.10057e-05 
-2.56032e-05 
-2.98825e-05 
-3.37847e-05 
-3.7252e-05 
-4.02285e-05 
-4.26606e-05 
-4.44983e-05 
-4.56964e-05 
-4.62153e-05 
-4.60232e-05 
-4.5097e-05 
-4.34243e-05 
-4.10051e-05 
-3.78535e-05 
-3.39995e-05 
-2.94905e-05 
-2.43922e-05 
-1.87898e-05 
-1.27849e-05 
-6.50841e-06 
5.97429e-06 
1.17532e-05 
1.72936e-05 
2.24737e-05 
2.72005e-05 
3.13969e-05 
3.50045e-05 
3.79822e-05 
4.03043e-05 
4.19595e-05 
4.29485e-05 
4.32828e-05 
4.29829e-05 
4.20767e-05 
4.0598e-05 
3.85858e-05 
3.60827e-05 
3.31345e-05 
2.9789e-05 
2.60957e-05 
2.21052e-05 
1.78692e-05 
1.34398e-05 
8.86955e-06 
4.21137e-06 
-4.81467e-07 
-5.15546e-06 
-9.75686e-06 
-1.42317e-05 
-1.85261e-05 
-2.25862e-05 
-2.63585e-05 
-2.97903e-05 
-3.28301e-05 
-3.5428e-05 
-3.7537e-05 
-3.91133e-05 
-4.01176e-05 
-4.05165e-05 
-4.02835e-05 
-3.94005e-05 
-3.78595e-05 
-3.56644e-05 
-3.28323e-05 
-2.93954e-05 
-2.54023e-05 
-2.09195e-05 
-1.60319e-05 
-1.08411e-05 
-5.47158e-06 
4.99561e-06 
9.91781e-06 
1.46877e-05 
1.91888e-05 
2.33272e-05 
2.70259e-05 
3.0226e-05 
3.2885e-05 
3.49759e-05 
3.64848e-05 
3.74097e-05 
3.77584e-05 
3.75473e-05 
3.67996e-05 
3.55446e-05 
3.38158e-05 
3.16505e-05 
2.90889e-05 
2.61733e-05 
2.29475e-05 
1.94566e-05 
1.57465e-05 
1.18636e-05 
7.8551e-06 
3.76825e-06 
-3.49264e-07 
-4.44954e-06 
-8.48447e-06 
-1.24058e-05 
-1.61654e-05 
-1.97153e-05 
-2.30079e-05 
-2.59964e-05 
-2.86352e-05 
-3.08806e-05 
-3.26913e-05 
-3.40293e-05 
-3.48608e-05 
-3.51574e-05 
-3.48973e-05 
-3.40667e-05 
-3.2661e-05 
-3.06868e-05 
-2.81634e-05 
-2.5124e-05 
-2.1618e-05 
-1.77115e-05 
-1.3489e-05 
-9.05198e-06 
-4.51889e-06 
4.09961e-06 
8.2333e-06 
1.22905e-05 
1.61595e-05 
1.97463e-05 
2.29743e-05 
2.5785e-05 
2.81359e-05 
2.9999e-05 
3.13591e-05 
3.22122e-05 
3.25633e-05 
3.24254e-05 
3.1818e-05 
3.07658e-05 
2.92978e-05 
2.74463e-05 
2.52463e-05 
2.27347e-05 
1.99501e-05 
1.69318e-05 
1.37204e-05 
1.03568e-05 
6.88254e-06 
3.33936e-06 
-2.30631e-07 
-3.78512e-06 
-7.28164e-06 
-1.06776e-05 
-1.39306e-05 
-1.69984e-05 
-1.9839e-05 
-2.24116e-05 
-2.46763e-05 
-2.65949e-05 
-2.81316e-05 
-2.92536e-05 
-2.9932e-05 
-3.01428e-05 
-2.98684e-05 
-2.9098e-05 
-2.783e-05 
-2.60726e-05 
-2.38463e-05 
-2.11847e-05 
-1.81367e-05 
-1.47677e-05 
-1.11609e-05 
-7.41731e-06 
-3.65035e-06 
3.28742e-06 
6.70128e-06 
1.01039e-05 
1.33877e-05 
1.64594e-05 
1.92439e-05 
2.16837e-05 
2.37372e-05 
2.53768e-05 
2.65866e-05 
2.73612e-05 
2.77037e-05 
2.76245e-05 
2.71397e-05 
2.62702e-05 
2.50407e-05 
2.34791e-05 
2.16155e-05 
1.94816e-05 
1.71108e-05 
1.45374e-05 
1.17964e-05 
8.92326e-06 
5.95413e-06 
2.9253e-06 
-1.26644e-07 
-3.16492e-06 
-6.15261e-06 
-9.05273e-06 
-1.18284e-05 
-1.4443e-05 
-1.68603e-05 
-1.90447e-05 
-2.0962e-05 
-2.25792e-05 
-2.38655e-05 
-2.47929e-05 
-2.5337e-05 
-2.54777e-05 
-2.52004e-05 
-2.44972e-05 
-2.33683e-05 
-2.1823e-05 
-1.98819e-05 
-1.7578e-05 
-1.49591e-05 
-1.20888e-05 
-9.04853e-06 
-5.93819e-06 
-2.8668e-06 
2.56085e-06 
5.32427e-06 
8.13042e-06 
1.0876e-05 
1.3469e-05 
1.5837e-05 
1.79248e-05 
1.96924e-05 
2.11133e-05 
2.2172e-05 
2.28625e-05 
2.31866e-05 
2.31524e-05 
2.27734e-05 
2.2067e-05 
2.10543e-05 
1.97588e-05 
1.82059e-05 
1.64229e-05 
1.4438e-05 
1.22804e-05 
9.98003e-06 
7.56711e-06 
5.0724e-06 
2.52688e-06 
-3.82255e-08 
-2.59154e-06 
-5.10157e-06 
-7.53677e-06 
-9.86569e-06 
-1.20571e-05 
-1.40801e-05 
-1.59046e-05 
-1.75012e-05 
-1.88421e-05 
-1.99012e-05 
-2.06548e-05 
-2.10825e-05 
-2.11674e-05 
-2.08978e-05 
-2.02678e-05 
-1.92786e-05 
-1.79399e-05 
-1.62717e-05 
-1.43055e-05 
-1.20868e-05 
-9.67693e-06 
-7.15421e-06 
-4.61689e-06 
-2.16993e-06 
1.92223e-06 
4.10548e-06 
6.37354e-06 
8.62747e-06 
1.07782e-05 
1.27569e-05 
1.45117e-05 
1.60054e-05 
1.72134e-05 
1.81214e-05 
1.87233e-05 
1.90202e-05 
1.90185e-05 
1.87293e-05 
1.81673e-05 
1.73498e-05 
1.62964e-05 
1.50286e-05 
1.35688e-05 
1.19408e-05 
1.01689e-05 
8.27793e-06 
6.29321e-06 
4.24034e-06 
2.14519e-06 
3.37658e-08 
-2.06774e-06 
-4.13306e-06 
-6.13589e-06 
-8.04998e-06 
-9.84929e-06 
-1.15081e-05 
-1.30012e-05 
-1.43042e-05 
-1.53938e-05 
-1.62484e-05 
-1.68483e-05 
-1.71764e-05 
-1.7219e-05 
-1.69665e-05 
-1.64145e-05 
-1.55647e-05 
-1.44265e-05 
-1.30184e-05 
-1.13698e-05 
-9.52287e-06 
-7.53522e-06 
-5.48145e-06 
-3.45684e-06 
-1.56227e-06 
1.37427e-06 
3.04852e-06 
4.83697e-06 
6.64576e-06 
8.39045e-06 
1.00071e-05 
1.14485e-05 
1.26813e-05 
1.36835e-05 
1.44425e-05 
1.49527e-05 
1.5215e-05 
1.52345e-05 
1.50202e-05 
1.45842e-05 
1.39406e-05 
1.31056e-05 
1.20965e-05 
1.09317e-05 
9.6304e-06 
8.21241e-06 
6.69791e-06 
5.10741e-06 
3.4617e-06 
1.78172e-06 
8.86001e-08 
-1.59644e-06 
-3.2521e-06 
-4.85702e-06 
-6.38991e-06 
-7.82963e-06 
-9.15526e-06 
-1.03464e-05 
-1.13831e-05 
-1.22465e-05 
-1.29189e-05 
-1.33843e-05 
-1.36288e-05 
-1.36413e-05 
-1.3414e-05 
-1.29435e-05 
-1.22317e-05 
-1.1287e-05 
-1.01257e-05 
-8.77419e-06 
-7.27059e-06 
-5.66751e-06 
-4.03445e-06 
-2.46212e-06 
-1.04689e-06 
9.19442e-07 
2.15648e-06 
3.5237e-06 
4.93368e-06 
6.30862e-06 
7.59124e-06 
8.74002e-06 
9.72628e-06 
1.05315e-05 
1.1145e-05 
1.15624e-05 
1.17843e-05 
1.18151e-05 
1.16618e-05 
1.13343e-05 
1.08437e-05 
1.02029e-05 
9.42558e-06 
8.52626e-06 
7.52003e-06 
6.42243e-06 
5.24928e-06 
4.01667e-06 
2.74086e-06 
1.43824e-06 
1.25353e-07 
-1.1812e-06 
-2.46474e-06 
-3.70855e-06 
-4.89594e-06 
-6.01032e-06 
-7.03528e-06 
-7.95474e-06 
-8.75308e-06 
-9.41538e-06 
-9.92768e-06 
-1.02773e-05 
-1.04531e-05 
-1.04464e-05 
-1.02508e-05 
-9.86373e-06 
-9.28677e-06 
-8.52694e-06 
-7.5981e-06 
-6.52266e-06 
-5.33372e-06 
-4.07779e-06 
-2.81759e-06 
-1.63724e-06 
-6.27374e-07 
5.59882e-07 
1.43163e-06 
2.43563e-06 
3.49301e-06 
4.53509e-06 
5.51283e-06 
6.39161e-06 
7.1481e-06 
7.76757e-06 
8.24183e-06 
8.56767e-06 
8.74571e-06 
8.77945e-06 
8.67462e-06 
8.43867e-06 
8.08031e-06 
7.60923e-06 
7.03585e-06 
6.37114e-06 
5.62644e-06 
4.81342e-06 
3.94393e-06 
3.03001e-06 
2.0838e-06 
1.11757e-06 
1.43662e-07 
-8.25525e-07 
-1.77752e-06 
-2.69982e-06 
-3.57994e-06 
-4.40544e-06 
-5.16401e-06 
-5.84355e-06 
-6.4323e-06 
-6.91898e-06 
-7.293e-06 
-7.54469e-06 
-7.66559e-06 
-7.64884e-06 
-7.4896e-06 
-7.18569e-06 
-6.73823e-06 
-6.15268e-06 
-5.43998e-06 
-4.61818e-06 
-3.71456e-06 
-2.7683e-06 
-1.83362e-06 
-9.85434e-07 
-3.0663e-07 
2.94543e-07 
8.7179e-07 
1.56977e-06 
2.32098e-06 
3.06844e-06 
3.77285e-06 
4.40733e-06 
4.9543e-06 
5.40296e-06 
5.74759e-06 
5.98613e-06 
6.1193e-06 
6.14988e-06 
6.08219e-06 
5.9217e-06 
5.67475e-06 
5.34831e-06 
4.94982e-06 
4.48707e-06 
3.96811e-06 
3.40115e-06 
2.79454e-06 
2.15674e-06 
1.49629e-06 
8.21775e-07 
1.41854e-07 
-5.34766e-07 
-1.19934e-06 
-1.84308e-06 
-2.45721e-06 
-3.03297e-06 
-3.56167e-06 
-4.03475e-06 
-4.44387e-06 
-4.781e-06 
-5.03855e-06 
-5.20957e-06 
-5.28792e-06 
-5.26853e-06 
-5.1478e-06 
-4.92393e-06 
-4.59757e-06 
-4.17251e-06 
-3.65672e-06 
-3.0637e-06 
-2.41437e-06 
-1.73961e-06 
-1.0834e-06 
-5.08555e-07 
-8.71103e-08 
1.21818e-07 
4.72927e-07 
9.2064e-07 
1.41248e-06 
1.90563e-06 
2.37163e-06 
2.79164e-06 
3.15376e-06 
3.45095e-06 
3.67963e-06 
3.83875e-06 
3.92903e-06 
3.95252e-06 
3.91221e-06 
3.81183e-06 
3.65559e-06 
3.44809e-06 
3.1942e-06 
2.899e-06 
2.56768e-06 
2.20555e-06 
1.81798e-06 
1.41041e-06 
9.88293e-07 
5.57154e-07 
1.22535e-07 
-3.09985e-07 
-7.34798e-07 
-1.14627e-06 
-1.53875e-06 
-1.9066e-06 
-2.24421e-06 
-2.54606e-06 
-2.8067e-06 
-3.02092e-06 
-3.18374e-06 
-3.29055e-06 
-3.33726e-06 
-3.32045e-06 
-3.23758e-06 
-3.08731e-06 
-2.86985e-06 
-2.58754e-06 
-2.24557e-06 
-1.85304e-06 
-1.42446e-06 
-9.81881e-07 
-5.57701e-07 
-1.9975e-07 
3.46737e-08 
2.5634e-08 
2.1273e-07 
4.64031e-07 
7.45069e-07 
1.02833e-06 
1.29626e-06 
1.53762e-06 
1.74552e-06 
1.91604e-06 
2.04733e-06 
2.13898e-06 
2.19155e-06 
2.20635e-06 
2.1852e-06 
2.13027e-06 
2.04402e-06 
1.92908e-06 
1.78821e-06 
1.62428e-06 
1.44021e-06 
1.23896e-06 
1.02355e-06 
7.96995e-07 
5.62341e-07 
3.22655e-07 
8.10215e-08 
-1.59457e-07 
-3.95658e-07 
-6.24443e-07 
-8.42659e-07 
-1.04716e-06 
-1.23479e-06 
-1.40245e-06 
-1.54708e-06 
-1.66571e-06 
-1.75552e-06 
-1.81385e-06 
-1.83834e-06 
-1.82696e-06 
-1.77818e-06 
-1.69111e-06 
-1.56575e-06 
-1.4033e-06 
-1.20666e-06 
-9.81067e-07 
-7.35164e-07 
-4.82422e-07 
-2.43188e-07 
-4.83026e-08 
6.38645e-08 
1.40012e-09 
7.58332e-08 
1.74952e-07 
2.86683e-07 
3.99611e-07 
5.06581e-07 
6.02984e-07 
6.86028e-07 
7.54153e-07 
8.06645e-07 
8.43365e-07 
8.64581e-07 
8.7084e-07 
8.62884e-07 
8.416e-07 
8.07969e-07 
7.63041e-07 
7.07917e-07 
6.43727e-07 
5.71625e-07 
4.92781e-07 
4.08373e-07 
3.19591e-07 
2.27628e-07 
1.33688e-07 
3.89802e-08 
-5.52782e-08 
-1.47861e-07 
-2.37537e-07 
-3.23065e-07 
-4.03205e-07 
-4.76719e-07 
-5.42378e-07 
-5.98973e-07 
-6.45329e-07 
-6.80317e-07 
-7.02883e-07 
-7.12072e-07 
-7.07067e-07 
-6.87237e-07 
-6.52212e-07 
-6.0197e-07 
-5.36986e-07 
-4.5843e-07 
-3.68468e-07 
-2.70704e-07 
-1.70845e-07 
-7.75305e-08 
-3.96169e-09 
3.3815e-08 
