1.64342e+07 4.68579e+07 -6.71945e+07 
1.6694e+07 6.29071e+07 -8.9493e+07 
1.72336e+07 4.8244e+07 -6.37572e+07 
1.72254e+07 1.06099e+08 -1.41139e+08 
1.73035e+07 2.73138e+07 -3.64439e+07 
1.83407e+07 1.36655e+08 -1.85347e+08 
1.88762e+07 1.91531e+07 -2.52857e+07 
1.98857e+07 1.4468e+08 -2.00033e+08 
2.13626e+07 4.76546e+06 -6.31622e+06 
2.14237e+07 9.09913e+07 -1.23488e+08 
2.11689e+07 4.46651e+06 -6.14443e+06 
2.0786e+07 4.79097e+06 -6.15751e+06 
1.9753e+07 4.58535e+06 -5.88295e+06 
1.84294e+07 4.1328e+06 -5.25362e+06 
1.65674e+07 3.79187e+06 -4.65996e+06 
1.42071e+07 3.56695e+06 -4.03236e+06 
1.34482e+07 1.92697e+06 -4.4255e+06 
1.45883e+07 1.55461e+06 -4.48509e+06 
1.34124e+07 1.10799e+06 -2.55428e+06 
1.52372e+07 -802106 -1.65286e+06 
2.19309e+07 -724453 -2.7653e+06 
2.75418e+07 1.72662e+06 -5.18984e+06 
2.99796e+07 4.38741e+06 -7.07768e+06 
2.92126e+07 6.35132e+06 -7.20105e+06 
2.78491e+07 6.12876e+06 -7.33585e+06 
2.79471e+07 6.25568e+06 -7.78144e+06 
2.8157e+07 6.30375e+06 -8.02534e+06 
2.88633e+07 6.39144e+06 -8.24431e+06 
2.97961e+07 6.29536e+06 -8.02196e+06 
3.05555e+07 5.88255e+06 -7.42537e+06 
3.10911e+07 5.40626e+06 -6.78127e+06 
3.14313e+07 4.95809e+06 -6.2357e+06 
3.16174e+07 4.5779e+06 -5.77334e+06 
3.17027e+07 4.24912e+06 -5.39659e+06 
3.17065e+07 3.96479e+06 -5.07594e+06 
3.17826e+07 3.63482e+06 -4.77749e+06 
3.18577e+07 3.32492e+06 -4.43901e+06 
3.15601e+07 3.13802e+06 -4.03991e+06 
3.07221e+07 2.98851e+06 -3.58226e+06 
2.95325e+07 2.746e+06 -3.11199e+06 
2.8403e+07 2.42385e+06 -2.74548e+06 
2.78772e+07 2.07829e+06 -2.56011e+06 
2.81612e+07 1.75998e+06 -2.41398e+06 
2.89828e+07 1.67478e+06 -2.09209e+06 
3.00459e+07 1.58266e+06 -1.44025e+06 
3.10008e+07 1.20117e+06 -691927 
3.07717e+07 576839 -369548 
3.07793e+07 206756 -231463 
3.0886e+07 128978 -105071 
1.87773e+07 -3.24158e+06 2.62777e+06 
2.10921e+07 -2.75047e+06 2.4581e+06 
2.204e+07 -2.201e+06 2.38715e+06 
2.12389e+07 -2.22949e+06 3.78157e+06 
1.94071e+07 -1.93378e+06 3.10404e+06 
1.76499e+07 -2.5988e+06 4.78299e+06 
1.57877e+07 -2.67762e+06 4.32734e+06 
1.44898e+07 -3.39396e+06 5.91302e+06 
1.30417e+07 -5.28623e+06 8.44922e+06 
1.1833e+07 -6.31956e+06 1.10275e+07 
1.02891e+07 -1.00638e+07 1.63524e+07 
9.75287e+06 -9.25292e+06 1.33958e+07 
1.01135e+07 -7.76725e+06 1.16314e+07 
9.55151e+06 -6.78243e+06 1.03045e+07 
8.72242e+06 -5.94606e+06 8.99107e+06 
7.99165e+06 -4.94748e+06 7.50415e+06 
7.29308e+06 -3.99305e+06 6.04433e+06 
6.67454e+06 -2.44307e+06 3.60104e+06 
8.18445e+06 -3.05577e+06 3.14154e+06 
1.04251e+07 -2.25272e+06 1.67179e+06 
1.11025e+07 -549121 414073 
1.17136e+07 -458305 1.07083e+06 
1.52748e+07 -3.30496e+06 3.05054e+06 
2.3052e+07 -5.87517e+06 4.64235e+06 
2.84332e+07 -5.08663e+06 5.32296e+06 
2.82976e+07 -3.48557e+06 5.01248e+06 
2.78604e+07 -3.71206e+06 5.2688e+06 
2.7899e+07 -3.75932e+06 5.53545e+06 
2.76296e+07 -3.75637e+06 5.57935e+06 
2.71198e+07 -3.56781e+06 5.51805e+06 
2.66923e+07 -3.41641e+06 5.13677e+06 
2.66657e+07 -3.21195e+06 4.64417e+06 
2.68385e+07 -2.95032e+06 4.22756e+06 
2.70452e+07 -2.70932e+06 3.87426e+06 
2.72611e+07 -2.48786e+06 3.5083e+06 
2.7508e+07 -2.25545e+06 3.1631e+06 
2.77309e+07 -2.02481e+06 2.81926e+06 
2.80069e+07 -1.80706e+06 2.46919e+06 
2.82927e+07 -1.54889e+06 2.0944e+06 
2.83995e+07 -1.19531e+06 1.64329e+06 
2.8277e+07 -789846 1.0755e+06 
2.81369e+07 -426058 477378 
2.82837e+07 -200180 -23593 
2.88383e+07 -69026.9 -306852 
2.97465e+07 -148584 -363113 
3.05156e+07 -142297 -232015 
3.11476e+07 -286645 -128786 
3.16303e+07 -196118 -470671 
3.18033e+07 116022 -247907 
3.18667e+07 246223 -277422 
8.87794e+06 -679487 543374 
1.04436e+07 -1.03806e+06 960864 
1.19143e+07 -1.14134e+06 1.30805e+06 
1.26567e+07 -765291 882847 
1.28787e+07 -424008 720942 
1.27454e+07 215473 -368686 
1.30194e+07 607743 -1.00353e+06 
1.34681e+07 1.29129e+06 -2.28238e+06 
1.43442e+07 1.82855e+06 -3.0105e+06 
1.53241e+07 2.41523e+06 -4.28311e+06 
1.85762e+07 2.80462e+06 -6.63157e+06 
2.29022e+07 5.19106e+06 -8.72407e+06 
2.22329e+07 6.32702e+06 -7.23956e+06 
2.07071e+07 6.08253e+06 -7.13669e+06 
1.95469e+07 7.43544e+06 -9.42047e+06 
1.96262e+07 8.90353e+06 -1.23088e+07 
2.0258e+07 8.88286e+06 -1.21453e+07 
1.99625e+07 8.84416e+06 -1.07038e+07 
1.83395e+07 7.64292e+06 -8.21049e+06 
1.78759e+07 3.78998e+06 -4.70537e+06 
1.80828e+07 2.72751e+06 -3.22441e+06 
1.79795e+07 1.64014e+06 -2.18944e+06 
1.81135e+07 575959 -1.78319e+06 
1.98655e+07 -389344 -1.78934e+06 
2.44458e+07 -1.27819e+06 -1.79706e+06 
2.87614e+07 -217628 -1.73971e+06 
2.79976e+07 34257.5 -1.92232e+06 
3.02988e+07 877285 -3.45834e+06 
3.22377e+07 2.16725e+06 -3.89516e+06 
3.19952e+07 2.61723e+06 -3.3957e+06 
3.11543e+07 2.31055e+06 -2.94299e+06 
3.06765e+07 1.82863e+06 -2.55779e+06 
3.04105e+07 1.45142e+06 -2.21484e+06 
3.02998e+07 1.19024e+06 -1.99067e+06 
3.04769e+07 976044 -1.92025e+06 
3.08759e+07 905548 -1.87349e+06 
3.12549e+07 879398 -1.79957e+06 
3.15322e+07 822218 -1.69367e+06 
3.18114e+07 694970 -1.56961e+06 
3.21232e+07 579197 -1.46825e+06 
3.24306e+07 502527 -1.42084e+06 
3.27647e+07 459474 -1.42375e+06 
3.31101e+07 432794 -1.40522e+06 
3.33566e+07 405142 -1.22174e+06 
3.32628e+07 349374 -970178 
3.3343e+07 32669.8 -703924 
3.32982e+07 195713 -705276 
3.35256e+07 353065 -711810 
3.40815e+07 527618 -589209 
3.40331e+07 791208 -241967 
9.86977e+06 177602 -945766 
1.10701e+07 307144 -1.00173e+06 
1.20205e+07 353032 -916902 
1.26754e+07 315394 -655817 
1.30452e+07 269632 -546242 
1.34082e+07 99453.4 -278342 
1.38038e+07 -90088 -116494 
1.46022e+07 -463851 204793 
1.57725e+07 -802416 514028 
1.71545e+07 -1.13994e+06 856356 
1.90748e+07 -1.85571e+06 1.51818e+06 
2.33262e+07 -3.70708e+06 3.23213e+06 
2.53629e+07 -3.26312e+06 4.58032e+06 
2.41521e+07 -3.00975e+06 4.41397e+06 
2.37396e+07 -2.97787e+06 3.97781e+06 
2.30803e+07 -2.59472e+06 3.88526e+06 
2.20206e+07 -2.61876e+06 4.27206e+06 
2.09874e+07 -2.82342e+06 4.40644e+06 
1.93953e+07 -2.40875e+06 4.26212e+06 
1.7406e+07 -1.99208e+06 3.45793e+06 
1.57656e+07 -1.42785e+06 2.80591e+06 
1.45588e+07 -1.06134e+06 1.78511e+06 
1.42211e+07 -618538 953036 
1.49338e+07 -625126 416920 
1.63139e+07 -619148 375083 
1.78664e+07 -812911 1.55194e+06 
1.85564e+07 -1.19047e+06 2.2355e+06 
2.04085e+07 -2.68196e+06 2.78408e+06 
2.50008e+07 -3.78403e+06 3.57677e+06 
2.86078e+07 -3.09108e+06 3.19583e+06 
2.93394e+07 -1.8505e+06 2.4664e+06 
2.91274e+07 -1.29543e+06 1.88326e+06 
2.90689e+07 -1.01374e+06 1.46252e+06 
2.91684e+07 -790480 1.16684e+06 
2.93232e+07 -696544 957722 
2.95355e+07 -621371 949624 
2.96679e+07 -634698 1.0085e+06 
2.98287e+07 -657677 997903 
2.99852e+07 -636835 944251 
3.02116e+07 -627922 847207 
3.05682e+07 -608765 743994 
3.11228e+07 -636776 629292 
3.19641e+07 -645076 468316 
3.28963e+07 -529009 304479 
3.3534e+07 -286311 123079 
3.36863e+07 4171.86 -69577.1 
3.45129e+07 -212402 -405033 
3.55888e+07 144936 -681289 
3.55966e+07 300775 -330042 
3.56972e+07 72305.5 -344256 
1.13801e+07 -6288.12 -594494 
1.2475e+07 -22640.7 -426917 
1.33087e+07 -44916.4 -302584 
1.3949e+07 -18389.2 -291279 
1.44236e+07 48604.3 -316713 
1.47624e+07 135888 -403858 
1.50291e+07 204986 -456564 
1.53281e+07 230809 -542732 
1.58959e+07 188161 -609996 
1.66901e+07 189651 -656134 
1.75385e+07 216498 -688307 
1.84741e+07 175638 -759564 
1.9955e+07 -20015.9 -690433 
2.07126e+07 463243 -808613 
2.03222e+07 835683 -1.03859e+06 
2.0494e+07 676257 -1.21586e+06 
2.09227e+07 988304 -1.48007e+06 
2.1026e+07 1.25846e+06 -1.80101e+06 
2.17809e+07 1.18339e+06 -2.36823e+06 
2.21039e+07 1.98701e+06 -2.79782e+06 
2.22622e+07 2.05677e+06 -3.14925e+06 
2.22497e+07 2.34083e+06 -3.33456e+06 
2.25505e+07 2.17653e+06 -3.35809e+06 
2.24293e+07 2.38048e+06 -3.05125e+06 
2.31714e+07 1.50891e+06 -2.95395e+06 
2.48553e+07 1.44519e+06 -2.92604e+06 
2.54526e+07 1.62477e+06 -2.9688e+06 
2.48515e+07 2.36521e+06 -2.8241e+06 
2.46995e+07 1.48812e+06 -2.54857e+06 
2.56181e+07 914649 -1.81642e+06 
2.70024e+07 379262 -1.06449e+06 
2.8087e+07 223183 -904338 
2.90038e+07 319505 -941750 
2.96034e+07 360633 -891548 
3.00651e+07 392875 -825416 
3.04699e+07 324048 -770445 
3.03552e+07 417544 -625187 
3.02235e+07 251951 -622577 
3.04167e+07 199402 -622773 
3.06102e+07 191696 -586784 
3.08553e+07 137560 -546019 
3.11621e+07 89486.5 -495526 
3.16375e+07 -2000.43 -409377 
3.21378e+07 -54669.6 -194355 
3.27143e+07 -262593 -36689.3 
3.33477e+07 -323188 -33397.4 
3.41619e+07 -247083 -226170 
3.5381e+07 -287868 59763.9 
3.48667e+07 -70051 888769 
3.53005e+07 -451207 83015.3 
1.254e+07 97781.3 -570440 
1.32709e+07 87124.2 -388848 
1.3833e+07 27510.8 -296254 
1.44667e+07 -24957.9 -292167 
1.51909e+07 -17552.7 -352781 
1.59229e+07 40271 -439943 
1.65526e+07 135037 -519001 
1.69748e+07 214709 -521552 
1.72777e+07 183513 -445270 
1.7629e+07 52119.5 -262037 
1.79307e+07 -63279.3 14499.6 
1.85001e+07 -339491 89201.5 
1.96554e+07 -512140 -19160.6 
2.10893e+07 -447174 -106966 
2.25161e+07 -248019 -436763 
2.38989e+07 86484.9 -1.09082e+06 
2.57159e+07 345206 -1.59156e+06 
2.60141e+07 1.2069e+06 -1.22038e+06 
2.49745e+07 913350 -681886 
2.52678e+07 -51445.4 -220625 
2.54542e+07 -14003.5 152518 
2.57261e+07 -403935 404986 
2.57647e+07 -361020 560869 
2.54879e+07 -472917 816813 
2.44832e+07 -258129 866382 
2.41871e+07 -799065 1.3782e+06 
2.44772e+07 -1.34541e+06 2.21508e+06 
2.57775e+07 -2.20663e+06 1.73116e+06 
2.52732e+07 -807241 1.82165e+06 
2.50668e+07 -1.47033e+06 1.8792e+06 
2.54794e+07 -1.45337e+06 1.71196e+06 
2.65466e+07 -1.50422e+06 1.34061e+06 
2.79943e+07 -1.36804e+06 1.1119e+06 
2.87075e+07 -996416 1.14593e+06 
2.88747e+07 -1.04156e+06 1.0948e+06 
2.92203e+07 -1.11074e+06 861038 
2.99516e+07 -574166 781164 
3.01859e+07 -550657 513508 
3.0506e+07 -541629 368995 
3.10508e+07 -411369 222113 
3.16719e+07 -297587 30970.1 
3.2363e+07 -172217 -156125 
3.31359e+07 -30259.2 -375671 
3.38316e+07 163937 -514117 
3.41617e+07 330223 -638101 
3.47271e+07 318690 -682471 
3.58897e+07 163954 -1.01804e+06 
3.64719e+07 556643 -21846.1 
3.40863e+07 555907 361599 
3.2661e+07 -924790 -6441.94 
1.33068e+07 -41477.9 -239251 
1.3787e+07 -67914.2 -130730 
1.42742e+07 -97286.2 -190614 
1.50085e+07 -94608.9 -332217 
1.58972e+07 -34166.6 -406725 
1.67083e+07 16725.5 -361449 
1.74419e+07 -19209.2 -292111 
1.82291e+07 -64654.7 -349564 
1.92294e+07 -11497 -663099 
2.06142e+07 198903 -1.22381e+06 
2.16786e+07 769579 -1.56681e+06 
2.15811e+07 1.2283e+06 -1.50649e+06 
2.2176e+07 769958 -1.66654e+06 
2.3781e+07 598562 -1.6827e+06 
2.52115e+07 567783 -1.44868e+06 
2.69138e+07 154013 -1.22436e+06 
2.88865e+07 -201586 -863895 
3.04945e+07 -210113 -187758 
2.92828e+07 449692 210688 
2.72949e+07 447281 121822 
2.68077e+07 -158787 21447.2 
2.71172e+07 91027.5 -487011 
2.76634e+07 243243 -742302 
2.77511e+07 474236 -852476 
2.76483e+07 731752 -1.03142e+06 
2.73254e+07 1.01615e+06 -1.64941e+06 
2.42333e+07 2.59151e+06 -906170 
2.47432e+07 -153112 -3.46754e+06 
2.79329e+07 2.30342e+06 -2.52679e+06 
2.75712e+07 2.10219e+06 -3.53395e+06 
2.88102e+07 2.65783e+06 -4.18493e+06 
3.00134e+07 2.75858e+06 -4.40483e+06 
3.16554e+07 3.01828e+06 -4.3035e+06 
3.18242e+07 3.3004e+06 -3.53248e+06 
3.10704e+07 2.95281e+06 -3.09597e+06 
3.13067e+07 2.5407e+06 -3.03237e+06 
3.27889e+07 2.4825e+06 -2.99419e+06 
3.24795e+07 2.40957e+06 -2.78152e+06 
3.27126e+07 2.36615e+06 -2.81574e+06 
3.32656e+07 2.11301e+06 -2.68526e+06 
3.3931e+07 1.95637e+06 -2.54615e+06 
3.45737e+07 1.78532e+06 -2.36961e+06 
3.53827e+07 1.55193e+06 -2.22582e+06 
3.62388e+07 1.39157e+06 -1.99868e+06 
3.69893e+07 1.32186e+06 -1.84679e+06 
3.72637e+07 1.42442e+06 -1.52639e+06 
3.79826e+07 825238 -1.685e+06 
3.7811e+07 1.56836e+06 -518264 
3.68345e+07 1.9793e+06 -1.74785e+06 
3.4939e+07 2.57598e+06 -1.34573e+06 
1.45446e+07 180440 -630504 
1.51139e+07 317484 -698907 
1.56051e+07 349980 -741075 
1.62858e+07 261804 -721135 
1.7053e+07 164061 -569805 
1.749e+07 124171 -306997 
1.76048e+07 46539.5 -110486 
1.82587e+07 -190409 -272672 
2.00617e+07 -354509 -763941 
2.29844e+07 -349149 -1.31734e+06 
2.63126e+07 -84974.9 -1.53607e+06 
2.77516e+07 707712 -1.19209e+06 
2.68391e+07 997901 -842075 
2.71046e+07 172443 -660929 
2.81101e+07 13351.5 -504866 
2.87588e+07 138173 -674539 
3.10658e+07 -25996.5 -1.66059e+06 
3.38859e+07 980297 -2.45309e+06 
3.48224e+07 2.0821e+06 -2.88503e+06 
3.3325e+07 3.14476e+06 -3.02785e+06 
3.33523e+07 1.63921e+06 -4.30906e+06 
3.36983e+07 3.27181e+06 -3.7594e+06 
3.44538e+07 2.82002e+06 -4.00692e+06 
3.48965e+07 2.64486e+06 -3.44997e+06 
3.49925e+07 2.54e+06 -3.28408e+06 
3.52646e+07 1.81318e+06 -2.92908e+06 
3.69216e+07 801068 -2.03227e+06 
3.51794e+07 1.88992e+06 -2.29691e+06 
3.62798e+07 131242 1.4805e+06 
3.35487e+07 -1.97384e+06 4.36914e+06 
3.27474e+07 -2.44583e+06 6.51267e+06 
3.20113e+07 -6.03196e+06 8.31486e+06 
3.20024e+07 -9.19476e+06 9.31539e+06 
3.24644e+07 -9.97537e+06 1.01039e+07 
3.19079e+07 -9.00395e+06 9.19045e+06 
3.09449e+07 -8.21595e+06 8.84591e+06 
2.96303e+07 -9.7115e+06 1.01991e+07 
2.8049e+07 -1.08043e+07 1.09445e+07 
3.01486e+07 -1.09682e+07 1.22759e+07 
3.11229e+07 -9.79029e+06 1.14726e+07 
3.16447e+07 -8.85427e+06 1.0871e+07 
3.22146e+07 -8.37411e+06 1.06286e+07 
3.28723e+07 -8.021e+06 1.0515e+07 
3.34913e+07 -7.7417e+06 1.04965e+07 
3.37884e+07 -7.72679e+06 1.05629e+07 
3.36204e+07 -7.59768e+06 1.06878e+07 
3.29518e+07 -7.34187e+06 1.05756e+07 
3.36691e+07 -6.66456e+06 1.11079e+07 
3.30629e+07 -9.60153e+06 1.19045e+07 
3.8092e+07 -1.07757e+07 8.63208e+06 
1.55159e+07 36115.8 -286304 
1.57826e+07 -41539.2 61307.4 
1.58246e+07 -229769 309403 
1.63846e+07 -505915 184852 
1.81677e+07 -635454 -480434 
2.08069e+07 -174732 -1.40849e+06 
2.24794e+07 836258 -1.8403e+06 
2.25099e+07 1.27962e+06 -1.69899e+06 
2.30301e+07 696859 -1.50228e+06 
2.50094e+07 98385.5 -1.26215e+06 
2.76139e+07 -180800 -921321 
2.97335e+07 -66323.2 -667662 
3.05071e+07 529637 -1.03708e+06 
3.02665e+07 1.11305e+06 -1.66603e+06 
3.18654e+07 943700 -2.48531e+06 
3.47401e+07 1.35582e+06 -3.19941e+06 
3.59252e+07 1.99229e+06 -2.39209e+06 
3.75019e+07 223262 -383271 
3.74324e+07 -1.12993e+06 2.18242e+06 
3.6145e+07 -2.51102e+06 4.00544e+06 
3.38464e+07 -2.59752e+06 4.46335e+06 
3.26502e+07 -7.37764e+06 1.32853e+07 
3.01562e+07 -9.17582e+06 1.48397e+07 
2.71942e+07 -1.86262e+07 2.30179e+07 
2.2827e+07 -2.38836e+07 3.82819e+07 
2.0287e+07 -2.1724e+07 3.91081e+07 
1.81011e+07 -1.98753e+07 3.49058e+07 
1.55995e+07 -1.67011e+07 2.8827e+07 
1.34072e+07 -1.87475e+07 3.05212e+07 
1.11157e+07 -1.53275e+07 2.16044e+07 
9.55506e+06 -1.16922e+07 1.59063e+07 
8.32049e+06 -6.23184e+06 8.71423e+06 
7.86655e+06 -3.81016e+06 5.98803e+06 
7.73963e+06 -3.8565e+06 5.64154e+06 
7.61002e+06 -4.24146e+06 5.16889e+06 
7.57799e+06 -4.25488e+06 4.10573e+06 
7.36654e+06 -2.74547e+06 2.74009e+06 
7.21768e+06 -786193 2.61761e+06 
7.27085e+06 -779092 2.72724e+06 
7.3918e+06 -1.61591e+06 2.99275e+06 
7.48612e+06 -1.63649e+06 2.99085e+06 
7.52537e+06 -1.76671e+06 3.11103e+06 
7.51904e+06 -1.97019e+06 3.23582e+06 
7.44487e+06 -1.93103e+06 3.16766e+06 
7.2873e+06 -1.51283e+06 2.79838e+06 
7.10467e+06 -592730 1.90532e+06 
7.02289e+06 122481 853948 
7.05769e+06 9768.24 637488 
7.16631e+06 -1.60294e+06 2.07736e+06 
7.31434e+06 -2.7917e+06 499393 
1.56818e+07 -225458 -22949.2 
1.62694e+07 -125125 -194414 
1.66265e+07 139613 -462334 
1.70312e+07 225300 -731201 
1.88108e+07 -138506 -1.15821e+06 
2.23302e+07 -409301 -1.31854e+06 
2.54936e+07 -196823 -838207 
2.66765e+07 198140 -627969 
2.75137e+07 424426 -1.40698e+06 
2.95663e+07 692200 -2.27805e+06 
3.24721e+07 982524 -2.77328e+06 
3.47174e+07 1.33529e+06 -2.18624e+06 
3.52201e+07 1.09285e+06 -712658 
3.39868e+07 -50397.3 1.03706e+06 
3.08615e+07 -944622 3.17921e+06 
2.70648e+07 -2.95674e+06 6.66561e+06 
2.24663e+07 -1.22453e+07 2.49816e+07 
1.7884e+07 -1.64869e+07 2.84134e+07 
1.52917e+07 -1.33507e+07 2.51695e+07 
1.28416e+07 -6.32731e+06 1.27543e+07 
1.04543e+07 -3.54363e+06 8.09271e+06 
8.58032e+06 -2.9411e+06 6.63594e+06 
7.84443e+06 -2.01964e+06 4.89396e+06 
7.609e+06 -1.19044e+06 2.63773e+06 
7.55099e+06 -1.55071e+06 2.57491e+06 
7.53453e+06 -1.60387e+06 2.36497e+06 
7.39012e+06 -1.48706e+06 2.07158e+06 
7.25556e+06 -418868 515578 
7.2628e+06 -447426 235481 
7.30253e+06 -199135 147814 
7.31423e+06 -94822.8 11044.2 
7.36648e+06 -24451.9 -15501.7 
7.37909e+06 -3957.54 -24530.8 
7.38026e+06 -1501.12 -22366.3 
7.3783e+06 4150.06 -27781.6 
7.37462e+06 1364.94 -11673.6 
7.36679e+06 -3489.31 -15916.8 
7.3749e+06 -4912.48 -23162.1 
7.37649e+06 7533.07 -25477 
7.37802e+06 4359.99 -23985.6 
7.37948e+06 5859.85 -15666.4 
7.37632e+06 3586.81 -16705.1 
7.37624e+06 5061.39 -17684.1 
7.37675e+06 6547.38 -18190.8 
7.37718e+06 8141.64 -19122.6 
7.37707e+06 10300.4 -19126.8 
7.37534e+06 13306.2 -16877.2 
7.37307e+06 10900.8 -13769.4 
7.37528e+06 9544.46 -16301.7 
7.36469e+06 36342.2 14460.4 
1.53502e+07 -244960 -54182.3 
1.6549e+07 -396518 -373054 
1.82364e+07 -216366 -727336 
1.96489e+07 207139 -1.06338e+06 
2.17942e+07 248910 -1.87178e+06 
2.61361e+07 184402 -2.79112e+06 
3.12961e+07 727022 -3.43922e+06 
3.44001e+07 1.96645e+06 -3.52221e+06 
3.3555e+07 2.6867e+06 -2.11652e+06 
3.08568e+07 1.30185e+06 496836 
2.73119e+07 -1.17518e+06 4.12485e+06 
2.2932e+07 -3.23146e+06 7.79091e+06 
1.74132e+07 -1.32201e+07 2.75178e+07 
1.36497e+07 -1.62639e+07 2.68922e+07 
1.20104e+07 -7.1609e+06 1.34619e+07 
1.01388e+07 -2.25738e+06 6.13406e+06 
8.39106e+06 -215933 2.37807e+06 
7.80841e+06 -207959 729915 
7.54902e+06 -372157 872151 
7.34013e+06 -264574 294882 
7.42257e+06 -339205 24116.7 
7.41582e+06 -58577.3 -142050 
7.41251e+06 -9637.41 -83025.5 
7.42938e+06 18371.5 -78448.3 
7.43519e+06 25519.8 -90085.9 
7.43031e+06 31898.3 -93218.8 
7.42503e+06 38269.9 -91801.3 
7.42183e+06 35467.1 -87820.3 
7.38553e+06 52875.7 -57859 
7.36311e+06 24287.9 -14907.5 
7.34841e+06 10865.2 -4957.49 
7.34565e+06 2945.57 2003.82 
7.34456e+06 712.437 2912.3 
7.34449e+06 165.264 2237.17 
7.34477e+06 143.03 2007.58 
7.34553e+06 -464.959 1419.28 
7.34577e+06 276.774 820.381 
7.34563e+06 658.701 1447.94 
7.34586e+06 -500.037 1850.45 
7.3458e+06 -188.887 1119.15 
7.34594e+06 -182.334 1320.98 
7.34583e+06 -293.117 933.009 
7.34601e+06 -349.126 944.449 
7.34611e+06 -418.309 857.183 
7.3462e+06 -466.302 802.417 
7.34626e+06 -508.227 712.261 
7.34636e+06 -526.648 684.355 
7.34638e+06 -495.756 641.577 
7.34629e+06 -485.696 848.086 
7.3469e+06 -3159.24 -500.234 
1.72334e+07 154207 -1.29287e+06 
2.0202e+07 426689 -2.70962e+06 
2.51963e+07 989012 -4.29658e+06 
2.96066e+07 2.32543e+06 -4.95253e+06 
3.08849e+07 3.01236e+06 -3.99814e+06 
3.06496e+07 1.81537e+06 -1.59674e+06 
2.93224e+07 -64115.4 2.26575e+06 
2.62022e+07 -2.88425e+06 6.64296e+06 
2.18017e+07 -4.59773e+06 9.32815e+06 
1.71985e+07 -1.81793e+07 3.11431e+07 
1.41966e+07 -8.64862e+06 1.63887e+07 
1.07553e+07 -667340 5.08766e+06 
8.54439e+06 1.06079e+06 821981 
7.51167e+06 1.51636e+06 -922093 
7.29015e+06 444470 -353506 
7.33143e+06 -149618 23980.2 
7.36366e+06 -75261.5 -67477.1 
7.37334e+06 -13831.4 -14915.5 
7.40242e+06 23555.9 -27076 
7.39507e+06 53448.7 -58993.4 
7.35571e+06 66200.8 -46574.5 
7.34041e+06 21839.3 7351.49 
7.33624e+06 2664 10714.5 
7.33422e+06 -2011.52 12506.7 
7.33445e+06 -2855.21 12142.2 
7.3359e+06 -2820.16 11105.1 
7.33766e+06 -3057.74 10387.3 
7.33856e+06 -2178.08 9249.75 
7.34278e+06 -4088.21 6836.14 
7.34571e+06 -2982.87 2145.01 
7.34724e+06 -1132.17 254.636 
7.34762e+06 -218.97 -213.451 
7.34771e+06 -42.3805 -201.68 
7.34771e+06 -10.8164 -181.577 
7.3477e+06 -11.1062 -141.669 
7.34766e+06 35.6445 -112.097 
7.34762e+06 17.7405 -47.7231 
7.34762e+06 -41.634 -61.5107 
7.34761e+06 18.4089 -97.0917 
7.3476e+06 34.2067 -52.363 
7.34759e+06 -4.73963 -52.9136 
7.34759e+06 16.883 -55.3096 
7.34759e+06 20.8199 -38.5125 
7.34758e+06 21.6373 -35.8937 
7.34758e+06 20.999 -31.2403 
7.34757e+06 22.4356 -27.441 
7.34757e+06 21.3064 -22.4546 
7.34757e+06 19.9675 -21.0843 
7.34757e+06 9.25873 -26.6739 
7.34756e+06 104.858 -49.8276 
2.51472e+07 1.56684e+06 -4.37012e+06 
2.87608e+07 1.8686e+06 -3.99143e+06 
3.18006e+07 818364 -2.00836e+06 
3.27842e+07 -425094 1.91825e+06 
2.951e+07 -2.16336e+06 5.96337e+06 
2.28099e+07 -3.03066e+06 8.02907e+06 
1.62857e+07 -1.09993e+07 2.28628e+07 
1.2172e+07 -5.9342e+06 1.20541e+07 
9.1314e+06 1.29888e+06 1.68299e+06 
7.5198e+06 376375 -286480 
7.01446e+06 903291 -277777 
7.08319e+06 -2.12018e+06 2.15439e+06 
7.2596e+06 -264705 219032 
7.40055e+06 -186600 111872 
7.40738e+06 30742 5848.08 
7.3581e+06 57722.5 -32983.6 
7.33684e+06 19886.6 11249.3 
7.33194e+06 -1285.21 13820.9 
7.3314e+06 -9641.72 16133.2 
7.33529e+06 -12450 17999 
7.34282e+06 -11100.9 11449.5 
7.34793e+06 -4522.09 1058.56 
7.34913e+06 -739.233 -1457.55 
7.34928e+06 294.032 -1720.52 
7.34916e+06 381.45 -1541.49 
7.34886e+06 355.508 -1275.29 
7.34859e+06 293.849 -1055.51 
7.3484e+06 186.021 -870.822 
7.348e+06 312.279 -659.982 
7.3477e+06 282.921 -268.763 
7.34756e+06 123.135 -46.3328 
7.34752e+06 25.9488 16.894 
7.34751e+06 0.866904 11.8217 
7.34751e+06 1.46477 8.56599 
7.34751e+06 1.65508 7.85144 
7.34752e+06 -1.11905 7.25911 
7.34752e+06 -2.89796 3.17463 
7.34752e+06 1.85077 1.52002 
7.34752e+06 0.0925568 4.75055 
7.34752e+06 -2.81928 2.7493 
7.34752e+06 -0.0627532 1.43367 
7.34752e+06 -0.162037 2.97314 
7.34752e+06 -1.34769 2.0928 
7.34752e+06 -1.15659 1.57004 
7.34752e+06 -1.04162 1.43474 
7.34752e+06 -0.998583 1.29367 
7.34752e+06 -0.981746 1.09855 
7.34752e+06 -0.914812 0.927204 
7.34752e+06 -0.684015 0.892089 
7.34752e+06 -1.30067 2.51824 
3.28075e+07 551337 -1.33201e+06 
3.19718e+07 -115327 2.60545e+06 
2.65353e+07 -1.72393e+06 6.04939e+06 
1.93198e+07 -5.17056e+06 1.54789e+07 
1.32381e+07 -8.23928e+06 1.65788e+07 
9.85116e+06 266918 3.07669e+06 
8.1572e+06 425994 -351945 
7.93304e+06 3.46945e+06 -5.12938e+06 
7.58546e+06 -973002 2.12464e+06 
7.46134e+06 -252165 214672 
7.52886e+06 -133251 63610.5 
7.40484e+06 124404 -178180 
7.3494e+06 96434.3 -97705.1 
7.32399e+06 30896.3 -25461.1 
7.32942e+06 -16791.5 23296.8 
7.34149e+06 -19292.3 15392.4 
7.35013e+06 -5470.72 -1653.72 
7.35194e+06 970.929 -4929.33 
7.35149e+06 2614.23 -4757.29 
7.35022e+06 2539.76 -4013.37 
7.34861e+06 1856.09 -2252.28 
7.34755e+06 815.175 -425.892 
7.34727e+06 162.48 173.569 
7.34727e+06 -39.5043 226.088 
7.3473e+06 -54.1394 183.561 
7.34735e+06 -44.3877 143.914 
7.3474e+06 -34.8183 104.821 
7.34743e+06 -20.6475 77.6757 
7.34747e+06 -25.2835 56.7576 
7.3475e+06 -24.3587 24.4811 
7.34752e+06 -10.4372 3.83907 
7.34752e+06 -2.32763 -1.55354 
7.34752e+06 0.208841 -1.59006 
7.34752e+06 0.189719 -0.72107 
7.34752e+06 -0.0168326 -0.447685 
7.34752e+06 -0.004919 -0.338027 
7.34752e+06 0.165644 -0.105898 
7.34752e+06 -0.0705126 0.197271 
7.34752e+06 -0.169926 0.0609309 
7.34752e+06 0.0499149 0.0662197 
7.34752e+06 -0.0426695 0.216518 
7.34752e+06 -0.141645 0.126076 
7.34752e+06 -0.0559837 0.0764071 
7.34752e+06 -0.0349682 0.111976 
7.34752e+06 -0.0493239 0.103767 
7.34752e+06 -0.0511636 0.0931818 
7.34752e+06 -0.0349928 0.0872823 
7.34752e+06 -0.0115936 0.0829258 
7.34752e+06 -0.0307378 0.0802028 
7.34752e+06 -0.12493 0.0486575 
2.62575e+07 -2.05803e+06 6.54315e+06 
1.82375e+07 -5.46445e+06 1.66287e+07 
1.16719e+07 -4.77151e+06 1.17386e+07 
8.52241e+06 856981 1.93589e+06 
7.72771e+06 3.95858e+06 -6.59894e+06 
7.66051e+06 494603 -1.44356e+06 
7.43957e+06 -432258 398266 
7.48799e+06 -281311 358462 
7.379e+06 4150.73 13274.8 
7.30023e+06 99139.3 -93125.5 
7.2964e+06 15638.5 -10199.2 
7.32737e+06 -38746.6 55533.1 
7.34703e+06 -27025 29905.3 
7.35367e+06 -4977.79 1278.19 
7.3532e+06 5736.76 -9116.17 
7.34972e+06 5562 -5900.06 
7.34723e+06 1684.08 -200.963 
7.34653e+06 -199.21 1264.39 
7.34664e+06 -602.554 1158.61 
7.34695e+06 -511.916 816.872 
7.34727e+06 -323.646 411.375 
7.34747e+06 -141.364 94.7654 
7.34753e+06 -31.3708 -22.3872 
7.34754e+06 5.89688 -35.6332 
7.34754e+06 9.7502 -27.3532 
7.34754e+06 7.17658 -20.5272 
7.34753e+06 5.64478 -14.5941 
7.34753e+06 3.7534 -9.72289 
7.34753e+06 3.06706 -6.51208 
7.34753e+06 2.64998 -3.15895 
7.34752e+06 1.22439 -0.75605 
7.34752e+06 0.316131 0.0149376 
7.34752e+06 0.0212514 0.234221 
7.34752e+06 -0.0689879 0.286677 
7.34752e+06 -0.0924164 0.298325 
7.34752e+06 -0.105021 0.289279 
7.34752e+06 -0.115327 0.260671 
7.34752e+06 -0.105363 0.210937 
7.34752e+06 -0.0834739 0.175468 
7.34752e+06 -0.0800967 0.148042 
7.34752e+06 -0.0694657 0.110585 
7.34752e+06 -0.0502637 0.085675 
7.34752e+06 -0.041569 0.0710942 
7.34752e+06 -0.0358401 0.0549142 
7.34752e+06 -0.0291303 0.0419486 
7.34752e+06 -0.026955 0.0329822 
7.34752e+06 -0.0241655 0.0268695 
7.34752e+06 -0.00778704 0.0233555 
7.34752e+06 0.00740486 0.0150225 
7.34752e+06 -0.00364368 0.00673925 
1.04024e+07 -3.58681e+06 8.81997e+06 
7.68675e+06 594009 1.63881e+06 
7.3488e+06 2.16012e+06 -5.12914e+06 
7.51068e+06 -205888 175584 
7.506e+06 -327916 256535 
7.41735e+06 -55006.8 139186 
7.31127e+06 124585 -154070 
7.31903e+06 60661.4 -89087.2 
7.34353e+06 -8370.84 8997.96 
7.35821e+06 -28731.9 31400 
7.35945e+06 -2221.15 -2762.89 
7.35369e+06 12183.5 -17653.9 
7.34818e+06 7455.43 -8266.78 
7.34596e+06 946.84 438.338 
7.34604e+06 -1621.74 2784.48 
7.34685e+06 -1426.99 1759.14 
7.34746e+06 -507.282 279.167 
7.34766e+06 -4.5842 -238.416 
7.34766e+06 116.081 -248.828 
7.3476e+06 99.2923 -163.294 
7.34755e+06 58.8588 -79.6063 
7.34752e+06 26.0909 -24.4286 
7.34751e+06 7.61037 -2.80432 
7.34752e+06 0.899893 1.13383 
7.34752e+06 -0.275223 0.808643 
7.34752e+06 -0.138984 0.592926 
7.34752e+06 -0.127663 0.607927 
7.34752e+06 -0.151769 0.567836 
7.34752e+06 -0.185448 0.547456 
7.34752e+06 -0.231969 0.464938 
7.34752e+06 -0.180955 0.352576 
7.34752e+06 -0.129499 0.30748 
7.34752e+06 -0.115909 0.272461 
7.34752e+06 -0.103231 0.225376 
7.34752e+06 -0.0874547 0.176077 
7.34752e+06 -0.0698026 0.130047 
7.34752e+06 -0.052729 0.0911919 
7.34752e+06 -0.037932 0.0606184 
7.34752e+06 -0.0262682 0.0373148 
7.34752e+06 -0.0164932 0.0197321 
7.34752e+06 -0.00884938 0.00770711 
7.34752e+06 -0.00372788 -0.000437725 
7.34752e+06 2.50195e-05 -0.00620221 
7.34752e+06 0.00324054 -0.00986201 
7.34752e+06 0.00596645 -0.0119614 
7.34752e+06 0.00678229 -0.0132232 
7.34752e+06 0.0042422 -0.0137333 
7.34752e+06 0.00502092 -0.0125731 
7.34752e+06 0.0150954 -0.0146439 
7.34752e+06 0.0236577 -0.0205188 
7.26691e+06 350599 -1.41437e+06 
7.54956e+06 -142393 117210 
7.47261e+06 -127809 151005 
7.344e+06 39125 -8475.67 
7.30563e+06 68116.1 -84815.6 
7.33728e+06 1776.26 -11918.3 
7.35456e+06 -33164.1 43268.9 
7.3524e+06 -13941.3 19672.3 
7.34784e+06 3599.83 -4901.35 
7.34522e+06 7242.31 -8720.06 
7.3448e+06 285.7 1391.59 
7.34588e+06 -3432.15 5338.54 
7.34718e+06 -2065.18 2357.49 
7.34782e+06 -267.362 -141.052 
7.34784e+06 387.75 -715.944 
7.34766e+06 332.104 -444.445 
7.34752e+06 131.71 -111.622 
7.34748e+06 15.5695 26.475 
7.34748e+06 -16.9266 40.7506 
7.3475e+06 -15.9825 24.8031 
7.34751e+06 -8.62938 9.55737 
7.34752e+06 -3.06517 1.02843 
7.34752e+06 -0.295787 -1.64426 
7.34752e+06 0.513684 -1.48408 
7.34752e+06 0.453766 -0.733084 
7.34752e+06 0.214432 -0.185362 
7.34752e+06 0.0446639 0.107117 
7.34752e+06 -0.0456064 0.242474 
7.34752e+06 -0.0872857 0.277937 
7.34752e+06 -0.0956191 0.256372 
7.34752e+06 -0.0900708 0.210057 
7.34752e+06 -0.0763013 0.153099 
7.34752e+06 -0.0565136 0.0999693 
7.34752e+06 -0.0377358 0.058188 
7.34752e+06 -0.0224793 0.0277009 
7.34752e+06 -0.0109438 0.00697661 
7.34752e+06 -0.00278757 -0.00613116 
7.34752e+06 0.00264533 -0.0136757 
7.34752e+06 0.00601127 -0.0173947 
7.34752e+06 0.00786933 -0.0186419 
7.34752e+06 0.00871061 -0.0184301 
7.34752e+06 0.00892741 -0.0174309 
7.34752e+06 0.00869276 -0.0160617 
7.34752e+06 0.00818137 -0.0146083 
7.34752e+06 0.00791204 -0.0132515 
7.34752e+06 0.00809369 -0.0121104 
7.34752e+06 0.00711161 -0.0111885 
7.34752e+06 0.00423918 -0.00972223 
7.34752e+06 0.00423044 -0.00869739 
7.34752e+06 0.00943236 -0.0103782 
7.36682e+06 -32068 98393.7 
7.30863e+06 34947 -27566.6 
7.32624e+06 22773.5 -36054.4 
7.35341e+06 -9173.25 5615.71 
7.35689e+06 -13430.9 17509.5 
7.34939e+06 3331.1 -2761.57 
7.34606e+06 8900.08 -11995.3 
7.3467e+06 3225.07 -4407.82 
7.34762e+06 -1098.68 1667.76 
7.34804e+06 -1542.38 1943.78 
7.34811e+06 84.0394 -552.781 
7.34789e+06 889.047 -1442.32 
7.3476e+06 544.758 -655.842 
7.34744e+06 88.3766 9.6927 
7.34743e+06 -80.025 161.119 
7.34747e+06 -71.0248 96.5247 
7.3475e+06 -28.4816 24.2635 
7.34752e+06 -3.65555 -6.58454 
7.34752e+06 3.79002 -10.7582 
7.34753e+06 3.88846 -7.22715 
7.34753e+06 2.34523 -3.47891 
7.34752e+06 1.06717 -1.14834 
7.34752e+06 0.334865 -0.0592026 
7.34752e+06 0.00191375 0.325314 
7.34752e+06 -0.115568 0.406317 
7.34752e+06 -0.139682 0.374983 
7.34752e+06 -0.12872 0.302664 
7.34752e+06 -0.10464 0.218865 
7.34752e+06 -0.0764771 0.141172 
7.34752e+06 -0.0501536 0.0788411 
7.34752e+06 -0.0284452 0.0339074 
7.34752e+06 -0.0123209 0.00488851 
7.34752e+06 -0.00171265 -0.0117619 
7.34752e+06 0.0046276 -0.019878 
7.34752e+06 0.00792806 -0.02244 
7.34752e+06 0.00915916 -0.0217301 
7.34752e+06 0.00910743 -0.0193588 
7.34752e+06 0.00835053 -0.0163509 
7.34752e+06 0.00727489 -0.0133168 
7.34752e+06 0.006117 -0.010569 
7.34752e+06 0.00501663 -0.00823282 
7.34752e+06 0.00405549 -0.00633051 
7.34752e+06 0.00325323 -0.00482653 
7.34752e+06 0.00253481 -0.00365849 
7.34752e+06 0.00188579 -0.0027626 
7.34752e+06 0.00162297 -0.00212058 
7.34752e+06 0.0017869 -0.00176724 
7.34752e+06 0.00113316 -0.00145141 
7.34752e+06 -0.000544081 -0.000724432 
7.34752e+06 -0.000880463 -0.000267188 
7.33919e+06 8029.79 -25294.7 
7.35641e+06 -7794.82 7482.39 
7.35085e+06 -4217.65 6773.85 
7.34545e+06 2104.39 -1217 
7.34519e+06 1827.9 -2383.39 
7.34705e+06 -2000.08 2472.05 
7.34778e+06 -2449.86 3310.81 
7.34766e+06 -775.785 1029.35 
7.34745e+06 258.33 -398.524 
7.34737e+06 261.563 -313.229 
7.34736e+06 -92.1485 229.425 
7.34741e+06 -227.802 368.392 
7.34748e+06 -135.473 167.564 
7.34752e+06 -25.876 1.75522 
7.34753e+06 16.2529 -39.0098 
7.34753e+06 16.3547 -25.678 
7.34752e+06 7.61401 -9.40259 
7.34752e+06 2.17044 -1.73361 
7.34752e+06 0.200124 0.421007 
7.34752e+06 -0.243721 0.710877 
7.34752e+06 -0.256771 0.610532 
7.34752e+06 -0.207196 0.490597 
7.34752e+06 -0.166693 0.391687 
7.34752e+06 -0.133706 0.298203 
7.34752e+06 -0.101761 0.205872 
7.34752e+06 -0.070225 0.122918 
7.34752e+06 -0.0419716 0.0579795 
7.34752e+06 -0.0197595 0.0138954 
7.34752e+06 -0.00451601 -0.0117352 
7.34752e+06 0.00453219 -0.0236792 
7.34752e+06 0.00889038 -0.0267381 
7.34752e+06 0.0101239 -0.0248082 
7.34752e+06 0.00956314 -0.0206152 
7.34752e+06 0.00811898 -0.0158337 
7.34752e+06 0.00639013 -0.0113872 
7.34752e+06 0.00472314 -0.00768668 
7.34752e+06 0.00328597 -0.00482273 
7.34752e+06 0.00213165 -0.00272422 
7.34752e+06 0.00125138 -0.00125888 
7.34752e+06 0.000609878 -0.000281123 
7.34752e+06 0.000157278 0.000342699 
7.34752e+06 -0.000153465 0.00071878 
7.34752e+06 -0.000346585 0.000926246 
7.34752e+06 -0.00045182 0.00102596 
7.34752e+06 -0.000554744 0.00106821 
7.34752e+06 -0.000680659 0.00108809 
7.34752e+06 -0.000604479 0.00105709 
7.34752e+06 -0.000329211 0.000915381 
7.34752e+06 -0.000529632 0.000886478 
7.34752e+06 -0.00126545 0.00130898 
7.35054e+06 -1925.48 5696.03 
7.34631e+06 1200.85 -789.284 
7.34711e+06 358.611 -519.338 
7.34802e+06 -655.437 476.226 
7.34802e+06 -2.23075 -180.846 
7.34767e+06 854.794 -1179.21 
7.3475e+06 697.678 -928.34 
7.34748e+06 195.873 -243.958 
7.34751e+06 -47.2579 71.629 
7.34753e+06 -28.475 18.9618 
7.34754e+06 44.0777 -89.2388 
7.34753e+06 60.1271 -98.1335 
7.34752e+06 34.2535 -46.3792 
7.34752e+06 8.82757 -6.90986 
7.34752e+06 -1.33432 4.4649 
7.34752e+06 -2.258 3.41799 
7.34752e+06 -1.0127 1.16104 
7.34752e+06 -0.252383 0.304347 
7.34752e+06 -0.0662028 0.235056 
7.34752e+06 -0.0803341 0.291219 
7.34752e+06 -0.103469 0.277347 
7.34752e+06 -0.0958092 0.204383 
7.34752e+06 -0.0688907 0.117595 
7.34752e+06 -0.0388472 0.0462493 
7.34752e+06 -0.0147208 -9.02936e-05 
7.34752e+06 0.000847056 -0.0237535 
7.34752e+06 0.00881685 -0.0314782 
7.34752e+06 0.01144 -0.0299735 
7.34752e+06 0.0109273 -0.024267 
7.34752e+06 0.00894415 -0.0175131 
7.34752e+06 0.00655736 -0.0113807 
7.34752e+06 0.00435018 -0.00654315 
7.34752e+06 0.00256268 -0.00309359 
7.34752e+06 0.00125305 -0.000846298 
7.34752e+06 0.000368174 0.00048324 
7.34752e+06 -0.000180229 0.00117019 
7.34752e+06 -0.000484247 0.00144393 
7.34752e+06 -0.000623464 0.00147226 
7.34752e+06 -0.000658922 0.00136938 
7.34752e+06 -0.000634662 0.00120924 
7.34752e+06 -0.000579288 0.00103609 
7.34752e+06 -0.000514502 0.000872116 
7.34752e+06 -0.00045306 0.00072745 
7.34752e+06 -0.000387962 0.000605461 
7.34752e+06 -0.000320747 0.000503217 
7.34752e+06 -0.000289617 0.000428464 
7.34752e+06 -0.000303639 0.000386753 
7.34752e+06 -0.000235298 0.000333652 
7.34752e+06 -8.36073e-05 0.000225427 
7.34752e+06 -4.79697e-05 0.000278765 
7.34685e+06 446.149 -1044.99 
7.3475e+06 -60.715 -136.617 
7.34742e+06 175.848 -364.347 
7.34738e+06 314.074 -370.433 
7.34743e+06 -61.9625 199.216 
7.34747e+06 -301.543 463.85 
7.34749e+06 -207.933 282.395 
7.3475e+06 -56.9541 65.3603 
7.3475e+06 4.82791 -11.0264 
7.34751e+06 -0.338264 4.20886 
7.34751e+06 -13.3518 23.1698 
7.34752e+06 -13.4338 20.168 
7.34752e+06 -6.66207 8.19182 
7.34752e+06 -1.36525 0.588683 
7.34752e+06 0.477434 -1.08992 
7.34752e+06 0.464192 -0.455679 
7.34752e+06 0.0938681 0.177398 
7.34752e+06 -0.102051 0.345836 
7.34752e+06 -0.128323 0.264486 
7.34752e+06 -0.0887858 0.137098 
7.34752e+06 -0.0435234 0.0410091 
7.34752e+06 -0.0115337 -0.01317 
7.34752e+06 0.00599753 -0.0353622 
7.34752e+06 0.012963 -0.0382327 
7.34752e+06 0.0136265 -0.0318101 
7.34752e+06 0.0112785 -0.0225307 
7.34752e+06 0.00801608 -0.0138239 
7.34752e+06 0.00496041 -0.00708935 
7.34752e+06 0.00257816 -0.00254809 
7.34752e+06 0.000945574 0.000131778 
7.34752e+06 -4.06211e-05 0.00146136 
7.34752e+06 -0.000550497 0.00192315 
7.34752e+06 -0.00074401 0.00189214 
7.34752e+06 -0.000751521 0.00162881 
7.34752e+06 -0.000664509 0.00129006 
7.34752e+06 -0.000542603 0.000960861 
7.34752e+06 -0.00041703 0.000679577 
7.34752e+06 -0.000304762 0.00045772 
7.34752e+06 -0.000213175 0.000291639 
7.34752e+06 -0.000142025 0.000172275 
7.34752e+06 -8.77193e-05 8.99116e-05 
7.34752e+06 -4.74434e-05 3.42741e-05 
7.34752e+06 -2.04666e-05 -2.5176e-06 
7.34752e+06 -3.9359e-06 -2.42993e-05 
7.34752e+06 1.04406e-05 -3.82073e-05 
7.34752e+06 2.65455e-05 -4.90712e-05 
7.34752e+06 2.81512e-05 -5.27949e-05 
7.34752e+06 1.1835e-05 -4.28064e-05 
7.34752e+06 1.5382e-05 -5.21913e-05 
7.34752e+06 8.82787e-05 -6.38456e-05 
7.34757e+06 -102.845 214.217 
7.34752e+06 -21.8561 59.7833 
7.34759e+06 -104.904 198.74 
7.34756e+06 -144.996 218.642 
7.34751e+06 -4.38749 -27.4881 
7.34751e+06 81.7777 -142.436 
7.34752e+06 60.4034 -92.0063 
7.34752e+06 20.5931 -28.8448 
7.34752e+06 4.06967 -6.59377 
7.34753e+06 3.83003 -7.4549 
7.34753e+06 5.0172 -8.42932 
7.34752e+06 3.69331 -5.33257 
7.34752e+06 1.56059 -1.65346 
7.34752e+06 0.192322 0.286127 
7.34752e+06 -0.263611 0.666816 
7.34752e+06 -0.254741 0.439038 
7.34752e+06 -0.137386 0.175835 
7.34752e+06 -0.0481956 0.0250695 
7.34752e+06 -0.00270207 -0.0363281 
7.34752e+06 0.014936 -0.0510748 
7.34752e+06 0.0185357 -0.0453728 
7.34752e+06 0.0159494 -0.032711 
7.34752e+06 0.011339 -0.0198581 
7.34752e+06 0.00683254 -0.00975612 
7.34752e+06 0.00333693 -0.00308216 
7.34752e+06 0.00103279 0.000634832 
7.34752e+06 -0.000256348 0.00224832 
7.34752e+06 -0.000823516 0.0025871 
7.34752e+06 -0.000950115 0.00228343 
7.34752e+06 -0.000848646 0.00174488 
7.34752e+06 -0.000661009 0.00119771 
7.34752e+06 -0.000463581 0.000742802 
7.34752e+06 -0.00029565 0.000406482 
7.34752e+06 -0.000167966 0.000180234 
7.34752e+06 -7.85114e-05 4.05156e-05 
7.34752e+06 -2.05327e-05 -3.78172e-05 
7.34752e+06 1.28495e-05 -7.57598e-05 
7.34752e+06 3.11098e-05 -8.84297e-05 
7.34752e+06 3.91069e-05 -8.77212e-05 
7.34752e+06 4.03833e-05 -8.02423e-05 
7.34752e+06 3.80185e-05 -6.9998e-05 
7.34752e+06 3.47589e-05 -5.99015e-05 
7.34752e+06 3.13842e-05 -5.10993e-05 
7.34752e+06 2.75983e-05 -4.2896e-05 
7.34752e+06 2.31534e-05 -3.54731e-05 
7.34752e+06 1.99361e-05 -3.03635e-05 
7.34752e+06 2.02481e-05 -2.77802e-05 
7.34752e+06 1.93034e-05 -2.33955e-05 
7.34752e+06 7.82841e-06 -2.02508e-05 
7.34752e+06 1.98096e-07 -1.88601e-05 
7.3475e+06 23.8716 -59.7926 
7.34752e+06 4.84297 -11.9801 
7.34749e+06 29.2099 -53.3243 
7.34749e+06 50.3494 -84.9833 
7.34751e+06 15.4049 -20.2572 
7.34752e+06 -12.4737 23.445 
7.34752e+06 -12.2395 19.872 
7.34752e+06 -4.83939 7.41502 
7.34752e+06 -1.53712 2.67239 
7.34752e+06 -1.42224 2.71933 
7.34752e+06 -1.48925 2.62609 
7.34752e+06 -1.05575 1.69161 
7.34752e+06 -0.517407 0.72098 
7.34752e+06 -0.167066 0.157822 
7.34752e+06 -0.0143105 -0.0507048 
7.34752e+06 0.0294149 -0.0884595 
7.34752e+06 0.032659 -0.0739351 
7.34752e+06 0.0256649 -0.0511596 
7.34752e+06 0.0175211 -0.0308987 
7.34752e+06 0.0104179 -0.0153592 
7.34752e+06 0.00503327 -0.00499949 
7.34752e+06 0.00151564 0.000747609 
7.34752e+06 -0.000391591 0.00312421 
7.34752e+06 -0.00115479 0.0034791 
7.34752e+06 -0.00124636 0.00288173 
7.34752e+06 -0.00102574 0.00200965 
7.34752e+06 -0.00071811 0.0012106 
7.34752e+06 -0.000437254 0.000613269 
7.34752e+06 -0.000225594 0.000226102 
7.34752e+06 -8.62357e-05 7.36161e-06 
7.34752e+06 -5.21713e-06 -9.58978e-05 
7.34752e+06 3.46171e-05 -0.000128631 
7.34752e+06 4.87968e-05 -0.000124877 
7.34752e+06 4.92937e-05 -0.000104408 
7.34752e+06 4.20579e-05 -8.01069e-05 
7.34752e+06 3.3923e-05 -5.75812e-05 
7.34752e+06 2.52571e-05 -3.95455e-05 
7.34752e+06 1.79519e-05 -2.54614e-05 
7.34752e+06 1.19427e-05 -1.5771e-05 
7.34752e+06 7.96565e-06 -9.1787e-06 
7.34752e+06 4.88766e-06 -4.76364e-06 
7.34752e+06 2.62835e-06 -1.64906e-06 
7.34752e+06 1.12265e-06 3.15372e-07 
7.34752e+06 5.06549e-08 1.52131e-06 
7.34752e+06 -6.00638e-07 2.1998e-06 
7.34752e+06 -1.21392e-06 2.68814e-06 
7.34752e+06 -1.78672e-06 2.92067e-06 
7.34752e+06 -1.47788e-06 2.68882e-06 
7.34752e+06 -2.89542e-07 1.89138e-06 
7.34752e+06 -4.6799e-06 -8.34493e-07 
7.3475e+06 -4.14879 12.0438 
7.34751e+06 -0.487667 -2.29934 
7.34752e+06 -2.9438 3.55415 
7.34753e+06 -10.1795 17.5149 
7.34753e+06 -5.13517 8.04078 
7.34752e+06 0.938728 -2.15773 
7.34752e+06 1.78128 -3.209 
7.34752e+06 0.825178 -1.46605 
7.34752e+06 0.335157 -0.616085 
7.34752e+06 0.297125 -0.526523 
7.34752e+06 0.272216 -0.457142 
7.34752e+06 0.183116 -0.300867 
7.34752e+06 0.0973949 -0.161511 
7.34752e+06 0.047203 -0.0803731 
7.34752e+06 0.0239721 -0.0406835 
7.34752e+06 0.0129491 -0.0198599 
7.34752e+06 0.006334 -0.00702122 
7.34752e+06 0.00192947 0.000657901 
7.34752e+06 -0.000620169 0.00412863 
7.34752e+06 -0.00164845 0.00468408 
7.34752e+06 -0.00170453 0.00376875 
7.34752e+06 -0.00131746 0.00245796 
7.34752e+06 -0.000840346 0.00131836 
7.34752e+06 -0.000444397 0.000534364 
7.34752e+06 -0.000177417 8.54988e-05 
7.34752e+06 -2.58179e-05 -0.000121388 
7.34752e+06 4.42143e-05 -0.000182638 
7.34752e+06 6.50863e-05 -0.000170654 
7.34752e+06 6.12478e-05 -0.00013138 
7.34752e+06 4.79239e-05 -8.90782e-05 
7.34752e+06 3.32646e-05 -5.39789e-05 
7.34752e+06 2.06125e-05 -2.89308e-05 
7.34752e+06 1.16055e-05 -1.26563e-05 
7.34752e+06 5.29323e-06 -3.06859e-06 
7.34752e+06 1.88161e-06 1.69263e-06 
7.34752e+06 -6.24996e-07 3.83549e-06 
7.34752e+06 -1.30645e-06 4.12545e-06 
7.34752e+06 -1.57927e-06 3.88856e-06 
7.34752e+06 -1.54458e-06 3.37548e-06 
7.34752e+06 -1.58489e-06 2.96417e-06 
7.34752e+06 -1.41249e-06 2.39205e-06 
7.34752e+06 -1.17677e-06 1.91132e-06 
7.34752e+06 -9.57386e-07 1.43984e-06 
7.34752e+06 -7.24108e-07 1.00936e-06 
7.34752e+06 -5.4186e-07 7.22358e-07 
7.34752e+06 -3.94558e-07 4.79906e-07 
7.34752e+06 -2.75732e-07 2.97852e-07 
7.34752e+06 -4.40537e-07 1.82079e-07 
7.34752e+06 9.81806e-07 7.36342e-07 
7.34752e+06 -8.25835e-06 -6.58027e-06 
7.34752e+06 3.11203 -6.38459 
7.34752e+06 0.839424 -3.27559 
7.34752e+06 -0.0623672 -0.408999 
7.34752e+06 1.35292 -2.37343 
7.34752e+06 0.965768 -1.64898 
7.34752e+06 0.0586443 -0.126298 
7.34752e+06 -0.184675 0.297098 
7.34752e+06 -0.123189 0.241991 
7.34752e+06 -0.0704699 0.173664 
7.34752e+06 -0.0507378 0.124993 
7.34752e+06 -0.0310587 0.067509 
7.34752e+06 -0.0124933 0.0229367 
7.34752e+06 -0.00272773 0.00388795 
7.34752e+06 -0.000605102 0.00138301 
7.34752e+06 -0.0013733 0.00347416 
7.34752e+06 -0.00206512 0.00453697 
7.34752e+06 -0.00197669 0.00387447 
7.34752e+06 -0.0014196 0.00247314 
7.34752e+06 -0.000804211 0.00118803 
7.34752e+06 -0.000342898 0.00034555 
7.34752e+06 -7.33273e-05 -7.59803e-05 
7.34752e+06 4.90238e-05 -0.000218323 
7.34752e+06 8.34442e-05 -0.00021692 
7.34752e+06 7.60134e-05 -0.0001621 
7.34752e+06 5.5088e-05 -0.000101536 
7.34752e+06 3.4159e-05 -5.39719e-05 
7.34752e+06 1.81676e-05 -2.29247e-05 
7.34752e+06 7.95629e-06 -5.54433e-06 
7.34752e+06 2.14559e-06 2.63782e-06 
7.34752e+06 -6.71712e-07 5.31517e-06 
7.34752e+06 -1.68459e-06 5.33834e-06 
7.34752e+06 -1.71715e-06 4.29858e-06 
7.34752e+06 -1.47925e-06 3.12355e-06 
7.34752e+06 -1.0851e-06 1.93945e-06 
7.34752e+06 -7.54304e-07 1.09772e-06 
7.34752e+06 -4.04645e-07 5.66017e-07 
7.34752e+06 -2.67287e-07 2.69766e-07 
7.34752e+06 -1.56888e-07 7.60753e-08 
7.34752e+06 -2.63909e-08 -8.67894e-08 
7.34752e+06 7.55071e-08 -2.17982e-07 
7.34752e+06 1.29746e-07 -2.87261e-07 
7.34752e+06 1.39109e-07 -2.88551e-07 
7.34752e+06 1.79141e-07 -2.8501e-07 
7.34752e+06 1.84837e-07 -2.7376e-07 
7.34752e+06 1.8463e-07 -2.8265e-07 
7.34752e+06 1.70551e-07 -2.5569e-07 
7.34752e+06 1.90188e-07 -2.48827e-07 
7.34752e+06 1.68272e-07 -2.26711e-07 
7.34752e+06 6.7836e-08 -1.55706e-07 
7.34752e+06 -2.13549e-07 -1.74231e-06 
1.60264e+07 3.22089e+07 -4.89942e+07 
9.17204e+06 -8.13529e+06 -1.01978e+07 
9.8187e+06 -6.4529e+06 -7.69401e+06 
8.58377e+06 -3.58611e+06 -5.48138e+06 
1.12926e+07 -2.02834e+07 -2.05676e+07 
8.63586e+06 -8.64136e+06 -1.52845e+07 
1.11836e+07 -2.91355e+07 -2.84056e+07 
9.70668e+06 -3.6373e+06 -6.14838e+06 
1.22616e+07 -4.92667e+07 -5.03822e+07 
1.18127e+07 -4.50728e+06 -5.87651e+06 
1.36601e+07 -5.55519e+07 -7.36126e+07 
1.29091e+07 -3.97019e+07 -5.99384e+07 
1.27822e+07 -5.33199e+07 -7.8097e+07 
1.19529e+07 -3.51612e+07 -5.08845e+07 
1.13074e+07 -2.90861e+07 -4.06309e+07 
1.05081e+07 -3.91831e+07 -5.77937e+07 
9.28911e+06 -4.15353e+07 -6.24281e+07 
7.61762e+06 -3.96563e+07 -6.06191e+07 
7.88147e+06 -3.31142e+07 -5.12215e+07 
8.87331e+06 -1.80668e+07 -2.86011e+07 
1.05798e+07 -4.87307e+06 -4.32251e+06 
1.519e+07 -3.74725e+06 -1.42118e+06 
1.91083e+07 -2.46984e+06 -2.90605e+06 
2.10902e+07 -2.79124e+06 -4.81218e+06 
2.08846e+07 -3.54838e+06 -5.78764e+06 
1.95907e+07 -4.60492e+06 -6.39349e+06 
1.89158e+07 -6.13591e+06 -7.72603e+06 
1.86878e+07 -6.71077e+06 -8.31333e+06 
1.88732e+07 -7.21824e+06 -8.7495e+06 
1.96166e+07 -7.76887e+06 -8.86638e+06 
2.07461e+07 -7.61597e+06 -8.33665e+06 
2.19214e+07 -6.83722e+06 -7.48426e+06 
2.28858e+07 -5.95777e+06 -6.66184e+06 
2.36485e+07 -5.22288e+06 -5.99034e+06 
2.42317e+07 -4.6369e+06 -5.45243e+06 
2.46837e+07 -4.17502e+06 -5.02053e+06 
2.50985e+07 -3.84777e+06 -4.60138e+06 
2.55798e+07 -3.54381e+06 -4.25088e+06 
2.59313e+07 -3.15025e+06 -3.99246e+06 
2.58673e+07 -2.73894e+06 -3.6926e+06 
2.53895e+07 -2.37647e+06 -3.28214e+06 
2.47374e+07 -2.06797e+06 -2.81651e+06 
2.42928e+07 -1.91121e+06 -2.37689e+06 
2.44839e+07 -1.91888e+06 -2.01633e+06 
2.54668e+07 -1.96149e+06 -1.68667e+06 
2.70214e+07 -1.90672e+06 -1.15955e+06 
2.88805e+07 -1.42718e+06 -493234 
3.04065e+07 -574014 -173843 
3.0305e+07 -374502 -173334 
3.04905e+07 -148925 -35603.6 
3.04353e+07 55684.3 -248991 
2.32108e+07 858514 2.06496e+06 
2.45648e+07 928718 1.68322e+06 
2.51838e+07 785299 1.80245e+06 
2.44492e+07 2.61974e+06 2.57989e+06 
2.31163e+07 1.56388e+06 2.77293e+06 
2.2476e+07 3.51993e+06 3.98807e+06 
2.16192e+07 2.69968e+06 4.48378e+06 
2.14253e+07 4.63065e+06 5.58647e+06 
2.04321e+07 3.87096e+06 5.81536e+06 
2.02711e+07 5.34729e+06 7.01033e+06 
1.89162e+07 6.21943e+06 8.64318e+06 
1.89255e+07 7.07301e+06 1.02061e+07 
1.85845e+07 7.84234e+06 1.05652e+07 
1.75029e+07 8.06908e+06 1.06464e+07 
1.60494e+07 7.58804e+06 9.89554e+06 
1.44141e+07 6.2948e+06 7.96597e+06 
1.27812e+07 5.41817e+06 6.51711e+06 
1.22509e+07 3.28461e+06 5.31755e+06 
1.35537e+07 2.61788e+06 3.74011e+06 
1.27497e+07 1.7647e+06 1.42364e+06 
1.26368e+07 402152 1.32745e+06 
1.70963e+07 661665 4.51259e+06 
2.64562e+07 1.76656e+06 6.97477e+06 
3.46287e+07 2.91485e+06 6.32616e+06 
3.64473e+07 4.37205e+06 4.94145e+06 
3.51963e+07 4.08676e+06 4.94728e+06 
3.54034e+07 4.13052e+06 5.37683e+06 
3.5357e+07 4.37399e+06 5.56119e+06 
3.52387e+07 4.73822e+06 5.7925e+06 
3.46191e+07 5.00772e+06 5.9604e+06 
3.39235e+07 4.90543e+06 5.82699e+06 
3.34868e+07 4.64031e+06 5.51495e+06 
3.31963e+07 4.37237e+06 5.19157e+06 
3.2956e+07 4.14802e+06 4.87358e+06 
3.27687e+07 3.91769e+06 4.55845e+06 
3.25904e+07 3.70978e+06 4.24979e+06 
3.24201e+07 3.48015e+06 3.96998e+06 
3.22363e+07 3.2463e+06 3.63645e+06 
3.18617e+07 3.02418e+06 3.15746e+06 
3.10982e+07 2.75824e+06 2.53729e+06 
3.00713e+07 2.35021e+06 1.85915e+06 
2.92028e+07 1.81769e+06 1.254e+06 
2.89616e+07 1.29037e+06 840128 
2.93189e+07 902952 614251 
3.02272e+07 747479 478915 
3.09597e+07 741419 430761 
3.13011e+07 710021 155580 
3.14216e+07 -106214 -222253 
3.12839e+07 -123764 -258413 
3.13574e+07 -136674 -211679 
1.12514e+07 188927 1.56272e+06 
1.33654e+07 576099 1.9062e+06 
1.4375e+07 1.10291e+06 1.71754e+06 
1.40052e+07 764600 939597 
1.31983e+07 829083 352201 
1.18553e+07 -134226 -690473 
1.10832e+07 -492803 -1.49063e+06 
1.03137e+07 -1.5368e+06 -2.51076e+06 
1.00772e+07 -1.82819e+06 -3.24472e+06 
9.9218e+06 -2.79085e+06 -4.28151e+06 
1.12817e+07 -4.44149e+06 -6.45043e+06 
1.27102e+07 -5.31598e+06 -7.37143e+06 
1.25273e+07 -7.31034e+06 -1.03467e+07 
1.13428e+07 -8.51853e+06 -1.19388e+07 
1.07875e+07 -8.3516e+06 -1.13184e+07 
1.12194e+07 -8.76097e+06 -1.15244e+07 
1.17429e+07 -9.14287e+06 -1.21086e+07 
1.15097e+07 -9.0553e+06 -1.1972e+07 
1.13396e+07 -8.7131e+06 -9.45467e+06 
1.31637e+07 -6.98732e+06 -6.46831e+06 
1.43932e+07 -4.46121e+06 -4.43908e+06 
1.50039e+07 -3.00698e+06 -3.39652e+06 
1.596e+07 -2.9553e+06 -2.83066e+06 
1.93609e+07 -3.45273e+06 -1.49133e+06 
2.39325e+07 -2.93851e+06 -1.72988e+06 
2.49624e+07 -884975 -2.21709e+06 
2.51591e+07 -1.50747e+06 -2.39312e+06 
2.6677e+07 -2.52937e+06 -3.45124e+06 
2.72666e+07 -2.68183e+06 -3.65519e+06 
2.69179e+07 -2.36544e+06 -3.27883e+06 
2.67415e+07 -2.12769e+06 -2.79369e+06 
2.69658e+07 -1.85201e+06 -2.38712e+06 
2.71997e+07 -1.58297e+06 -2.07826e+06 
2.74354e+07 -1.41197e+06 -1.8534e+06 
2.78504e+07 -1.34792e+06 -1.75702e+06 
2.83286e+07 -1.28383e+06 -1.69251e+06 
2.87464e+07 -1.19031e+06 -1.60216e+06 
2.91729e+07 -1.08815e+06 -1.45637e+06 
2.96599e+07 -969448 -1.33261e+06 
3.01049e+07 -854698 -1.26354e+06 
3.04948e+07 -790885 -1.23387e+06 
3.09095e+07 -780843 -1.21953e+06 
3.14087e+07 -797313 -1.14234e+06 
3.18292e+07 -636748 -987269 
3.21731e+07 -584484 -647568 
3.24142e+07 -322408 -686044 
3.25975e+07 -408860 -647630 
3.31241e+07 -518103 -648082 
3.32229e+07 -453192 -688682 
3.27908e+07 -138392 -517808 
9.36153e+06 -839580 -722374 
1.04272e+07 -881723 -750772 
1.1408e+07 -799635 -657670 
1.21596e+07 -506653 -469038 
1.26933e+07 -447195 -339638 
1.3395e+07 -229297 -66257.9 
1.43105e+07 -214058 236551 
1.58491e+07 -41297.8 664744 
1.75842e+07 143474 984683 
1.98753e+07 236816 1.57702e+06 
2.47616e+07 21774 3.39695e+06 
3.10262e+07 1.82971e+06 4.42376e+06 
3.05895e+07 3.5491e+06 3.80763e+06 
2.93039e+07 3.22843e+06 3.62099e+06 
2.83939e+07 2.68634e+06 3.15439e+06 
2.77873e+07 2.60101e+06 3.47175e+06 
2.72212e+07 3.10866e+06 4.03735e+06 
2.61099e+07 3.64829e+06 3.96251e+06 
2.34869e+07 3.83669e+06 3.47834e+06 
2.09558e+07 3.20732e+06 3.05225e+06 
1.83808e+07 2.8687e+06 2.52839e+06 
1.65928e+07 2.12696e+06 1.91437e+06 
1.58735e+07 1.24796e+06 1.55302e+06 
1.69327e+07 743257 1.56259e+06 
1.95182e+07 624792 2.47844e+06 
2.21883e+07 2.11524e+06 3.81176e+06 
2.33803e+07 2.16141e+06 4.19689e+06 
2.80003e+07 1.79044e+06 5.01398e+06 
3.22128e+07 2.284e+06 4.1914e+06 
3.30038e+07 2.37722e+06 2.7021e+06 
3.21361e+07 2.02265e+06 2.02672e+06 
3.14087e+07 1.63387e+06 1.69267e+06 
3.10342e+07 1.31897e+06 1.41372e+06 
3.08603e+07 1.09871e+06 1.23714e+06 
3.09948e+07 928933 1.18529e+06 
3.12449e+07 944349 1.23352e+06 
3.14243e+07 1.01071e+06 1.28127e+06 
3.15618e+07 1.04307e+06 1.27056e+06 
3.16805e+07 1.02301e+06 1.25402e+06 
3.18894e+07 959933 1.218e+06 
3.22201e+07 863616 1.17409e+06 
3.27647e+07 725579 1.08451e+06 
3.34355e+07 550436 873649 
3.39017e+07 429359 543479 
3.40202e+07 289232 212811 
3.38466e+07 31134.1 73782 
3.45864e+07 -227182 -341301 
3.51865e+07 -395095 -446171 
3.49123e+07 -204211 -293311 
3.48766e+07 165465 -491009 
1.14649e+07 -613411 -237790 
1.25921e+07 -443833 -141301 
1.33852e+07 -307035 -120166 
1.38764e+07 -268533 -199010 
1.41757e+07 -255118 -290376 
1.43652e+07 -314853 -390701 
1.45509e+07 -355720 -440855 
1.49189e+07 -475545 -441271 
1.5596e+07 -560196 -429003 
1.64166e+07 -605733 -415733 
1.72367e+07 -646724 -401981 
1.86155e+07 -849338 -177355 
1.97562e+07 -503948 -534510 
1.92089e+07 -459107 -1.04623e+06 
1.88679e+07 -702969 -974378 
1.90332e+07 -794696 -1.24562e+06 
1.87066e+07 -1.00994e+06 -1.6864e+06 
1.84303e+07 -1.40252e+06 -1.93705e+06 
1.84183e+07 -1.64288e+06 -2.75505e+06 
1.79404e+07 -1.93142e+06 -2.91177e+06 
1.77717e+07 -2.03297e+06 -3.1947e+06 
1.77959e+07 -2.23104e+06 -3.0529e+06 
1.82697e+07 -2.16438e+06 -3.05288e+06 
1.8734e+07 -2.18165e+06 -2.32624e+06 
2.02369e+07 -2.21386e+06 -2.25625e+06 
2.12779e+07 -1.82646e+06 -2.5781e+06 
2.14592e+07 -1.68067e+06 -2.95397e+06 
2.09538e+07 -1.94894e+06 -2.21766e+06 
2.24055e+07 -1.87109e+06 -1.44865e+06 
2.48489e+07 -1.36739e+06 -543510 
2.65033e+07 -695474 -340774 
2.74582e+07 -594635 -466879 
2.81708e+07 -608175 -574978 
2.87183e+07 -582968 -595981 
2.9168e+07 -586341 -564931 
2.9439e+07 -452032 -610616 
2.92909e+07 -335303 -467055 
2.94519e+07 -375215 -424346 
2.97114e+07 -391330 -427998 
2.99879e+07 -402250 -370177 
3.03587e+07 -387273 -312560 
3.08535e+07 -394244 -213079 
3.16121e+07 -366046 -72702.7 
3.23768e+07 -230386 149092 
3.31515e+07 -75010.1 213041 
3.37409e+07 -44577.6 60521.6 
3.47631e+07 -426703 251404 
3.60333e+07 -82053.9 283117 
3.52181e+07 629973 395709 
3.58888e+07 -149509 -123319 
1.2464e+07 -525731 -263426 
1.32263e+07 -368174 -168885 
1.3861e+07 -308265 -122040 
1.45116e+07 -306348 -140075 
1.5142e+07 -336043 -222142 
1.5711e+07 -366855 -327863 
1.61634e+07 -385818 -414191 
1.65444e+07 -382321 -391379 
1.70502e+07 -371507 -242343 
1.77058e+07 -276565 -39812.8 
1.83338e+07 -151447 214951 
1.92275e+07 -175591 318045 
2.05033e+07 -269622 259832 
2.17025e+07 -213511 75451.6 
2.23489e+07 -335482 -457933 
2.32278e+07 -846871 -922072 
2.44295e+07 -911786 -1.38242e+06 
2.42613e+07 -513866 -928783 
2.45684e+07 -459846 8604.77 
2.56246e+07 34571.4 99159.3 
2.60388e+07 118899 473224 
2.65189e+07 372770 460651 
2.66312e+07 480915 657103 
2.62107e+07 914540 574525 
2.58399e+07 571984 1.22955e+06 
2.67729e+07 675479 1.83093e+06 
2.73847e+07 1.14973e+06 2.00565e+06 
2.81884e+07 1.33736e+06 909518 
2.70885e+07 869449 1.39548e+06 
2.73673e+07 814607 1.20987e+06 
2.77221e+07 588901 1.11494e+06 
2.8711e+07 308015 927176 
2.98209e+07 306042 711213 
3.01304e+07 464248 747108 
3.03365e+07 572121 737691 
3.07885e+07 357391 558058 
3.07567e+07 395613 363695 
3.08311e+07 179972 184478 
3.11502e+07 41824.1 67527.3 
3.15039e+07 -58228.3 -64063.7 
3.19397e+07 -193938 -195102 
3.24069e+07 -321357 -334206 
3.29463e+07 -448997 -477183 
3.33175e+07 -437972 -614476 
3.36318e+07 -571509 -573146 
3.42722e+07 -660336 -571057 
3.54921e+07 -963086 -638591 
3.55272e+07 41142.9 -234880 
3.34969e+07 521458 183340 
3.44694e+07 -213313 707251 
1.34249e+07 -274727 -59509 
1.38873e+07 -173406 -45892.1 
1.43769e+07 -232010 -96725.5 
1.50951e+07 -352819 -168368 
1.59422e+07 -411040 -189936 
1.67655e+07 -390806 -138985 
1.75119e+07 -344296 -124618 
1.81468e+07 -371519 -291018 
1.87813e+07 -589242 -671318 
1.94888e+07 -893267 -1.23544e+06 
1.97037e+07 -950182 -1.58156e+06 
1.97388e+07 -1.0752e+06 -1.26852e+06 
2.09848e+07 -1.32994e+06 -1.16274e+06 
2.26975e+07 -1.3245e+06 -1.16983e+06 
2.44902e+07 -1.28226e+06 -894897 
2.67416e+07 -1.23968e+06 -645765 
2.92414e+07 -1.15964e+06 -399789 
2.98213e+07 -215988 -821748 
2.78344e+07 16993.1 -782167 
2.65835e+07 -259480 -202700 
2.64428e+07 -240901 -559480 
2.64557e+07 -572269 -726243 
2.65682e+07 -606486 -933605 
2.62925e+07 -713415 -1.16171e+06 
2.55552e+07 -612834 -1.53306e+06 
2.44251e+07 -467425 -1.89049e+06 
2.10402e+07 94734.3 -696619 
2.42681e+07 -2.25334e+06 -1.95086e+06 
2.39108e+07 -874239 -2.21637e+06 
2.38068e+07 -1.74133e+06 -2.73051e+06 
2.46292e+07 -2.02057e+06 -2.83564e+06 
2.61703e+07 -2.37159e+06 -2.84103e+06 
2.77108e+07 -2.16766e+06 -2.64415e+06 
2.79112e+07 -1.4783e+06 -2.1454e+06 
2.78545e+07 -1.42418e+06 -1.75073e+06 
2.85744e+07 -1.75592e+06 -1.67176e+06 
2.96795e+07 -1.20539e+06 -1.83522e+06 
2.97802e+07 -1.09723e+06 -1.43864e+06 
3.01629e+07 -1.1877e+06 -1.26849e+06 
3.09391e+07 -1.143e+06 -1.1875e+06 
3.1788e+07 -1.08918e+06 -1.07914e+06 
3.26882e+07 -1.02441e+06 -934697 
3.37944e+07 -977155 -821853 
3.47869e+07 -845275 -766654 
3.54645e+07 -764211 -817093 
3.576e+07 -607201 -636800 
3.73202e+07 -841545 -564152 
3.59163e+07 432625 -490265 
3.4634e+07 47834.4 -712441 
3.32789e+07 -1.85907e+06 -48643 
1.40947e+07 -471365 -493429 
1.45037e+07 -496817 -553766 
1.50735e+07 -571652 -515529 
1.59529e+07 -600698 -418479 
1.6836e+07 -462193 -298768 
1.73556e+07 -231204 -139905 
1.77277e+07 -163594 26761.3 
1.86314e+07 -383913 -34546.3 
2.04742e+07 -834414 -331066 
2.32616e+07 -1.32995e+06 -700719 
2.56895e+07 -1.27418e+06 -1.23668e+06 
2.58326e+07 -747308 -1.42758e+06 
2.56935e+07 -889030 -654204 
2.69225e+07 -816679 -404186 
2.77405e+07 -517425 -459490 
2.85622e+07 -768563 -425023 
3.04068e+07 -1.31822e+06 -1.22883e+06 
3.15073e+07 -1.33194e+06 -2.03451e+06 
3.05384e+07 -1.02736e+06 -2.87261e+06 
2.85935e+07 -1.04464e+06 -2.45931e+06 
2.94132e+07 -2.06691e+06 -3.4459e+06 
2.95908e+07 -1.88435e+06 -2.59984e+06 
3.05972e+07 -2.01973e+06 -2.4869e+06 
3.09171e+07 -1.81231e+06 -2.55934e+06 
3.13043e+07 -1.67125e+06 -2.32126e+06 
3.2847e+07 -2.21107e+06 -1.91055e+06 
3.26154e+07 -1.08164e+06 -3.86861e+06 
3.38938e+07 -3.87204e+06 -961763 
3.61326e+07 -331795 -388966 
3.64123e+07 -191612 919169 
3.70735e+07 1.21419e+06 2.97906e+06 
3.78351e+07 2.81329e+06 4.92677e+06 
3.92869e+07 3.59443e+06 5.18492e+06 
3.89531e+07 4.44275e+06 4.49355e+06 
3.7777e+07 4.17495e+06 4.06949e+06 
3.7235e+07 4.16632e+06 4.69171e+06 
3.75719e+07 4.82232e+06 5.36709e+06 
3.73911e+07 2.99493e+06 4.61349e+06 
3.85641e+07 3.10504e+06 3.99726e+06 
3.91145e+07 2.87658e+06 3.81434e+06 
3.96383e+07 2.71643e+06 3.78155e+06 
4.01441e+07 2.57899e+06 3.71754e+06 
4.07207e+07 2.54174e+06 3.70843e+06 
4.11181e+07 2.73726e+06 3.76828e+06 
4.13939e+07 3.00406e+06 3.84987e+06 
4.09513e+07 3.41704e+06 3.84523e+06 
4.14235e+07 2.54904e+06 4.3339e+06 
4.0211e+07 3.75203e+06 4.258e+06 
4.37598e+07 3.22474e+06 3.99306e+06 
4.0571e+07 5.94742e+06 -2.54423e+06 
1.56123e+07 -293906 -31745.5 
1.607e+07 -36519.7 202322 
1.64201e+07 75050.6 375488 
1.71828e+07 -115734 253436 
1.85352e+07 -608631 -427428 
1.98292e+07 -1.10011e+06 -1.43029e+06 
2.01935e+07 -1.23797e+06 -1.85958e+06 
2.0538e+07 -1.33057e+06 -1.38538e+06 
2.23378e+07 -1.47903e+06 -830442 
2.52752e+07 -1.43586e+06 -407649 
2.8184e+07 -1.03186e+06 -156284 
2.94117e+07 -330261 -557790 
2.87545e+07 -206666 -1.27211e+06 
2.86221e+07 -983041 -1.29226e+06 
3.01916e+07 -1.6491e+06 -1.83428e+06 
3.2201e+07 -2.01377e+06 -2.36343e+06 
3.4971e+07 -2.18827e+06 -657456 
3.8678e+07 -854374 640035 
4.00527e+07 675987 1.77793e+06 
3.95211e+07 1.81244e+06 1.91615e+06 
3.87799e+07 327823 3.8727e+06 
3.91259e+07 3.84808e+06 4.37526e+06 
3.85522e+07 5.73896e+06 9.60898e+06 
3.67371e+07 7.64663e+06 1.0339e+07 
3.37845e+07 1.41578e+07 1.94876e+07 
3.02523e+07 3.50882e+07 4.54374e+07 
2.7242e+07 5.20494e+07 6.52251e+07 
2.38366e+07 6.24694e+07 7.06507e+07 
1.96279e+07 8.56499e+07 7.06818e+07 
1.63358e+07 5.15807e+07 5.03901e+07 
1.34849e+07 4.17704e+07 3.76058e+07 
1.14504e+07 1.8354e+07 2.31758e+07 
1.0488e+07 1.04106e+07 1.73086e+07 
1.02757e+07 9.47886e+06 1.79118e+07 
1.02966e+07 1.35697e+07 2.32402e+07 
9.98768e+06 1.97109e+07 2.75673e+07 
8.94932e+06 1.16231e+07 1.86392e+07 
8.26588e+06 1.14115e+06 6.38908e+06 
8.39025e+06 1.18466e+06 5.32545e+06 
8.78029e+06 1.82381e+06 7.42736e+06 
9.06496e+06 1.78077e+06 9.82333e+06 
9.24922e+06 1.607e+06 1.16534e+07 
9.25952e+06 1.29836e+06 1.31397e+07 
9.00617e+06 714881 1.45319e+07 
8.53274e+06 -430130 1.44282e+07 
8.04076e+06 -2.18218e+06 1.32609e+07 
8.05848e+06 -3.89259e+06 1.40626e+07 
8.44926e+06 -5.84753e+06 1.97897e+07 
6.94456e+06 -1.86593e+06 -717280 
9.79613e+06 -8.27349e+06 2.50191e+07 
1.59466e+07 -88608.4 23948.4 
1.60778e+07 -131643 -292605 
1.60248e+07 -323919 -536414 
1.6684e+07 -752889 -494802 
1.92661e+07 -1.3869e+06 -390606 
2.31208e+07 -1.50964e+06 -337412 
2.5533e+07 -771178 -470738 
2.57733e+07 -443229 -886857 
2.63077e+07 -1.11869e+06 -1.34846e+06 
2.82053e+07 -1.77692e+06 -1.67508e+06 
3.09178e+07 -2.10768e+06 -1.81793e+06 
3.32638e+07 -1.78967e+06 -1.40942e+06 
3.4385e+07 -896850 -389743 
3.4356e+07 320169 609899 
3.44324e+07 1.33666e+06 3.26737e+06 
3.46884e+07 3.56467e+06 6.44151e+06 
3.16172e+07 6.59763e+06 7.71389e+06 
2.75187e+07 3.3068e+07 3.77939e+07 
2.25299e+07 6.05407e+07 6.18743e+07 
1.82015e+07 2.51418e+07 2.49966e+07 
1.47322e+07 1.39309e+07 1.45064e+07 
1.14924e+07 9.12959e+06 8.1441e+06 
1.013e+07 4.34005e+06 4.64032e+06 
8.8366e+06 1.00637e+06 1.88336e+06 
8.65766e+06 982918 1.48469e+06 
8.42785e+06 1.02652e+06 1.24189e+06 
8.14635e+06 979617 1.12378e+06 
7.73784e+06 964970 951677 
7.8278e+06 915733 781715 
7.53113e+06 218279 184264 
7.40779e+06 54084.7 35193.8 
7.34428e+06 -10532.2 -48838.3 
7.33301e+06 -31175.3 -70203.2 
7.32578e+06 -34476.5 -82506.9 
7.32733e+06 -49393.5 -76876.8 
7.34539e+06 -8962.2 -44236.5 
7.33595e+06 -26000 -49621.4 
7.32102e+06 -48034.1 -94357.9 
7.31808e+06 -54384.4 -94603.9 
7.326e+06 -62494.2 -91818.6 
7.33178e+06 -44327.9 -78976.1 
7.32974e+06 -47109.8 -83163 
7.32554e+06 -52333.1 -91733.1 
7.32109e+06 -55015.5 -102318 
7.31734e+06 -56803 -112115 
7.31982e+06 -53412.6 -108513 
7.32907e+06 -47081 -78712.6 
7.33347e+06 -51848.4 -62248.7 
7.30348e+06 -99656.9 -128900 
7.28132e+06 11408.6 -28658.9 
1.57319e+07 -238667 53574.1 
1.68459e+07 -517163 -219367 
1.79525e+07 -700529 -652524 
1.88741e+07 -987151 -970287 
2.13201e+07 -1.81684e+06 -1.20857e+06 
2.55647e+07 -2.44667e+06 -1.74211e+06 
2.92221e+07 -2.45575e+06 -2.64642e+06 
3.06497e+07 -2.05355e+06 -2.88209e+06 
3.09809e+07 -1.1812e+06 -1.0197e+06 
3.17851e+07 370082 1.84392e+06 
3.24788e+07 2.43107e+06 4.75418e+06 
3.02756e+07 5.53582e+06 6.69084e+06 
2.56782e+07 1.70164e+07 1.85892e+07 
2.14319e+07 4.18442e+07 4.54738e+07 
1.70535e+07 2.4174e+07 2.21116e+07 
1.19677e+07 7.53224e+06 5.07622e+06 
8.46702e+06 1.55582e+06 775697 
7.8626e+06 138777 434840 
7.58838e+06 350676 461780 
7.4064e+06 531419 475872 
7.39701e+06 1.79234e+06 -1.80939e+06 
7.23363e+06 -141200 -265686 
7.25295e+06 -124867 -216064 
7.27272e+06 -105020 -191039 
7.25626e+06 -131504 -222802 
7.25585e+06 -143225 -227394 
7.2413e+06 -141200 -231552 
7.26029e+06 -131247 -210994 
7.28914e+06 -113591 -100665 
7.31679e+06 -36495.1 -44343.4 
7.34092e+06 -15178.3 -3240.12 
7.34909e+06 -708.923 7593.39 
7.35044e+06 3266.72 9781.08 
7.34975e+06 2924.24 8616.06 
7.3497e+06 3067.38 8376.46 
7.34878e+06 2425.24 5037.22 
7.34873e+06 747.863 5194.94 
7.3492e+06 1476.43 7433.57 
7.34968e+06 3690.09 6626.37 
7.3492e+06 2245.76 6296.27 
7.34873e+06 2880.57 5731.56 
7.34861e+06 2342.94 5381.52 
7.34866e+06 2465.68 5160.53 
7.34867e+06 2437.45 4907.4 
7.34865e+06 2431.73 4671.15 
7.34866e+06 2317.39 4432.15 
7.34863e+06 2291.93 4157.25 
7.34854e+06 2099.28 4042.13 
7.34792e+06 3268.08 4320.26 
7.34995e+06 3003.5 -4499.36 
1.62624e+07 -1.13459e+06 -1.26215e+06 
1.86685e+07 -2.23781e+06 -2.18532e+06 
2.22552e+07 -3.12134e+06 -3.46935e+06 
2.50084e+07 -3.14133e+06 -3.93036e+06 
2.73408e+07 -2.65888e+06 -2.42891e+06 
3.06868e+07 -1.39892e+06 334937 
3.34404e+07 1.01884e+06 3.92436e+06 
3.40039e+07 4.07696e+06 6.5601e+06 
3.01885e+07 6.51671e+06 7.16538e+06 
2.44356e+07 1.67591e+07 1.57864e+07 
1.70174e+07 1.51539e+07 9.46125e+06 
1.05271e+07 5.01728e+06 1.4483e+06 
7.64452e+06 737206 -535718 
7.11896e+06 -626689 -229341 
7.18316e+06 -454570 23886.4 
7.2273e+06 1.02022e+06 -1.03764e+06 
7.27019e+06 -16335.4 -142947 
7.39352e+06 13632.8 -28152.4 
7.33234e+06 -10314.7 -88838.3 
7.30145e+06 -53454 -95001.8 
7.32519e+06 -81760.9 -9734.97 
7.35635e+06 -2870.29 32577.4 
7.35611e+06 9763.42 28426 
7.36017e+06 16068.4 32127.8 
7.36007e+06 16406.3 31964.7 
7.35976e+06 15581.1 30469 
7.35975e+06 15188.1 28088.7 
7.35902e+06 13260.8 26806.2 
7.35434e+06 12139.8 14182.8 
7.35014e+06 5123.44 4034.08 
7.34808e+06 1453.54 253.423 
7.34734e+06 21.875 -644.291 
7.34724e+06 -195.832 -769.719 
7.34731e+06 -227.019 -656.893 
7.34737e+06 -186.77 -576.956 
7.34742e+06 -207.834 -381.779 
7.34745e+06 -72.1666 -268.123 
7.34745e+06 -38.9397 -378.155 
7.34741e+06 -180.246 -358.925 
7.34744e+06 -110.622 -250.117 
7.34746e+06 -91.0144 -275.134 
7.34747e+06 -122.612 -240.187 
7.34747e+06 -106.541 -216.783 
7.34748e+06 -103.321 -192.577 
7.34748e+06 -98.0893 -175.418 
7.34748e+06 -95.1381 -156.562 
7.34749e+06 -86.0563 -143.959 
7.34748e+06 -78.6373 -137.375 
7.34749e+06 -86.2544 -185.7 
7.3475e+06 -409.992 79.3599 
2.21659e+07 -3.14935e+06 -3.15143e+06 
2.69434e+07 -3.19931e+06 -2.00139e+06 
3.29082e+07 -2.18358e+06 240495 
3.62915e+07 719516 3.01329e+06 
3.43556e+07 3.88638e+06 4.67463e+06 
2.83483e+07 5.56189e+06 5.64117e+06 
2.09743e+07 1.31705e+07 1.04036e+07 
1.32385e+07 1.07695e+07 4.13019e+06 
7.89989e+06 1.8698e+06 -19457.7 
7.08147e+06 -128354 -249066 
7.32269e+06 -33853.7 1.05515e+06 
7.53723e+06 1.89311e+06 1.30161e+06 
7.56166e+06 5.36377e+06 4.4763e+06 
7.53072e+06 181856 27962.7 
7.3593e+06 33283.3 -35021.7 
7.33313e+06 -44294.8 -10468.6 
7.36296e+06 1442.68 36737.3 
7.35294e+06 8523.44 27810 
7.36132e+06 16151.2 31531.1 
7.36543e+06 21741.5 29452.2 
7.35744e+06 17651.9 12194.9 
7.34805e+06 3610.25 -2194.36 
7.34632e+06 -1019.49 -4092.09 
7.34572e+06 -2130.46 -4378.82 
7.34585e+06 -2076.45 -4015.36 
7.3461e+06 -1765.77 -3399.7 
7.34623e+06 -1511.15 -2921.18 
7.34638e+06 -1182.89 -2596.71 
7.34679e+06 -1067.83 -1528.33 
7.34722e+06 -578.509 -485.917 
7.34746e+06 -178.599 -38.5196 
7.34753e+06 -7.52819 48.1325 
7.34754e+06 11.9788 42.501 
7.34754e+06 10.6824 38.8891 
7.34753e+06 9.7047 35.3158 
7.34753e+06 12.9129 25.8722 
7.34753e+06 7.78933 12.8083 
7.34753e+06 -0.070143 16.3171 
7.34753e+06 7.88785 17.9284 
7.34753e+06 7.26391 9.95812 
7.34753e+06 1.77636 10.2139 
7.34753e+06 5.27573 11.092 
7.34753e+06 5.23821 8.88765 
7.34753e+06 4.35756 7.648 
7.34753e+06 3.95854 6.71671 
7.34753e+06 3.82515 5.99739 
7.34753e+06 3.50777 5.25176 
7.34752e+06 3.06992 4.85084 
7.34753e+06 2.04183 5.8995 
7.34752e+06 11.7731 7.74007 
3.36418e+07 -1.60973e+06 210138 
3.43029e+07 1.39235e+06 2.67374e+06 
3.08864e+07 3.96566e+06 4.62996e+06 
2.35666e+07 5.88899e+06 4.91021e+06 
1.54124e+07 1.35088e+07 6.8121e+06 
9.01246e+06 3.67692e+06 505451 
7.44332e+06 -357546 -1.37217e+06 
7.61013e+06 -1.75559e+06 -591407 
7.80765e+06 3.01401e+06 1.90083e+06 
7.69841e+06 5.31524e+06 4.69189e+06 
7.37825e+06 155738 -152265 
7.16908e+06 -166976 -190158 
7.24096e+06 -109447 -72583.1 
7.33096e+06 -46356.4 16378.3 
7.36184e+06 19710.4 28379.4 
7.35818e+06 20935.9 10489.1 
7.34457e+06 1190.9 -8224.47 
7.34366e+06 -4216.8 -9168.69 
7.34304e+06 -5289.76 -8375.39 
7.34332e+06 -5044.04 -6625.73 
7.34531e+06 -3291.48 -2972.25 
7.34716e+06 -894.074 -75.3727 
7.34765e+06 76.8216 555.861 
7.34772e+06 275.433 548.51 
7.34771e+06 254.922 476.161 
7.34766e+06 205.048 374.497 
7.34764e+06 154.322 288.206 
7.34762e+06 109.547 233.79 
7.34758e+06 90.2535 142.632 
7.34755e+06 52.47 48.5229 
7.34753e+06 16.5288 6.95497 
7.34752e+06 1.45348 -3.47899 
7.34752e+06 -1.60845 -2.81501 
7.34752e+06 -0.907275 -2.11119 
7.34752e+06 -0.579526 -1.93259 
7.34752e+06 -0.650808 -1.61254 
7.34752e+06 -0.591835 -0.655311 
7.34752e+06 0.125605 -0.428669 
7.34752e+06 -0.0678415 -0.698358 
7.34752e+06 -0.293776 -0.267215 
7.34752e+06 0.116796 -0.0725519 
7.34752e+06 0.0726556 -0.258426 
7.34752e+06 -0.0985386 -0.209496 
7.34752e+06 -0.0451269 -0.125025 
7.34752e+06 -0.0262691 -0.0913447 
7.34752e+06 -0.0215727 -0.0799566 
7.34752e+06 -0.0136939 -0.0780279 
7.34752e+06 -0.0173018 -0.0529443 
7.34752e+06 -0.019001 -0.00532637 
7.34752e+06 -0.126368 -0.137228 
3.04145e+07 4.62927e+06 4.71078e+06 
2.1512e+07 1.22807e+07 8.54428e+06 
1.26627e+07 1.15183e+07 4.75636e+06 
7.67502e+06 2.7772e+06 -93417.7 
7.28045e+06 -1.92215e+06 -1.55475e+06 
7.79269e+06 474734 1.27157e+06 
8.01807e+06 3.62695e+06 4.00978e+06 
7.75693e+06 417596 204133 
7.27674e+06 65265 -62903.7 
7.23688e+06 -88755 -30340.2 
7.35816e+06 -27639.3 51105.1 
7.40848e+06 53860.9 64347.1 
7.37536e+06 35676.2 19586 
7.34768e+06 5736.42 -7384.28 
7.33868e+06 -9074.43 -12668.6 
7.34315e+06 -7470.3 -4824.45 
7.34796e+06 -908.544 1453.93 
7.34871e+06 1181.43 2344.52 
7.34862e+06 1345.12 1926.19 
7.34834e+06 1051.23 1313.21 
7.3479e+06 591.93 578.079 
7.34758e+06 177.518 66.4614 
7.34748e+06 -2.82841 -74.8183 
7.34748e+06 -40.3477 -74.1564 
7.34749e+06 -36.0763 -58.5095 
7.3475e+06 -27.679 -45.0339 
7.34751e+06 -20.1042 -31.7025 
7.34751e+06 -13.2922 -22.7855 
7.34752e+06 -9.53487 -13.9953 
7.34752e+06 -5.71974 -5.15922 
7.34752e+06 -1.97649 -1.03825 
7.34752e+06 -0.382863 0.0763847 
7.34752e+06 0.112378 0.290591 
7.34752e+06 0.215977 0.306699 
7.34752e+06 0.239498 0.32234 
7.34752e+06 0.249956 0.318602 
7.34752e+06 0.250061 0.264158 
7.34752e+06 0.197155 0.20582 
7.34752e+06 0.159692 0.193103 
7.34752e+06 0.153386 0.156098 
7.34752e+06 0.113211 0.11101 
7.34752e+06 0.0804709 0.097216 
7.34752e+06 0.0733238 0.0854594 
7.34752e+06 0.0605968 0.0680347 
7.34752e+06 0.0452978 0.0573437 
7.34752e+06 0.034799 0.0497721 
7.34752e+06 0.033606 0.0356273 
7.34752e+06 0.0382722 0.0181927 
7.34752e+06 0.0244192 0.0198577 
7.34752e+06 -0.00952512 0.0595376 
1.14056e+07 8.65872e+06 3.63643e+06 
7.20872e+06 2.17684e+06 104040 
7.28167e+06 -1.51711e+06 -517381 
7.7184e+06 1.80438e+06 1.20197e+06 
7.82644e+06 307936 208558 
7.37703e+06 199797 4143.23 
7.15639e+06 -142853 -112897 
7.2698e+06 -106033 -42579.8 
7.38023e+06 -3450.74 24883 
7.37793e+06 34268.5 11397.2 
7.33984e+06 1459.74 -17126.9 
7.32899e+06 -18148.7 -19556.5 
7.34035e+06 -10112.3 -5412.45 
7.34862e+06 -513.892 2876.03 
7.3504e+06 2908.33 3844.21 
7.349e+06 2190.04 1719.79 
7.34756e+06 468.205 -82.6027 
7.34721e+06 -219.573 -492.969 
7.34725e+06 -290.94 -404.787 
7.34734e+06 -210.354 -251.458 
7.34743e+06 -110.992 -109.56 
7.34749e+06 -38.2162 -22.0448 
7.34752e+06 -6.01793 5.60879 
7.34752e+06 1.8374 7.32181 
7.34752e+06 2.08243 5.13161 
7.34752e+06 1.50668 3.84312 
7.34753e+06 1.2017 2.7498 
7.34753e+06 0.904424 1.92587 
7.34752e+06 0.747288 1.29334 
7.34752e+06 0.605257 0.665406 
7.34752e+06 0.389557 0.344323 
7.34752e+06 0.285041 0.263744 
7.34752e+06 0.245065 0.222548 
7.34752e+06 0.206546 0.183965 
7.34752e+06 0.166763 0.144073 
7.34752e+06 0.12729 0.107473 
7.34752e+06 0.0922253 0.0772589 
7.34752e+06 0.064417 0.0539936 
7.34752e+06 0.0432682 0.0344223 
7.34752e+06 0.0257825 0.0196635 
7.34752e+06 0.0137141 0.0100725 
7.34752e+06 0.00598262 0.00261373 
7.34752e+06 2.14387e-06 -0.00338144 
7.34752e+06 -0.00397392 -0.00751959 
7.34752e+06 -0.00649982 -0.00962407 
7.34752e+06 -0.00937286 -0.00899824 
7.34752e+06 -0.0107194 -0.00904876 
7.34752e+06 -0.00454493 -0.0169226 
7.34752e+06 -0.00231435 -0.0268455 
7.34752e+06 -0.0128523 -0.0222215 
7.11942e+06 -5.7497e+06 -4.70354e+06 
7.56666e+06 97571.2 -13045.9 
7.54754e+06 182434 70650.8 
7.26e+06 7848.05 -44581.9 
7.27405e+06 -96031.7 -27107.7 
7.35766e+06 -29990 8638.03 
7.3998e+06 43077.2 34775.3 
7.36321e+06 24418 9526.25 
7.33638e+06 -2312.27 -8444.83 
7.33923e+06 -10181.9 -4114.3 
7.35091e+06 159.584 5429 
7.35305e+06 5601.77 5844.84 
7.34942e+06 2893.55 1585.77 
7.3471e+06 73.1118 -786.348 
7.34672e+06 -763.562 -997.217 
7.34708e+06 -548.645 -481.312 
7.34743e+06 -161.594 -52.4839 
7.34755e+06 19.6606 79.5853 
7.34755e+06 48.9188 72.5691 
7.34754e+06 34.1099 41.6963 
7.34753e+06 15.5147 16.1681 
7.34752e+06 3.6738 2.21896 
7.34752e+06 -0.92834 -1.91851 
7.34752e+06 -1.53336 -1.77221 
7.34752e+06 -0.954526 -0.932865 
7.34752e+06 -0.384229 -0.389526 
7.34752e+06 -0.0448398 -0.0826249 
7.34752e+06 0.133702 0.0888561 
7.34752e+06 0.206018 0.161868 
7.34752e+06 0.211502 0.183132 
7.34752e+06 0.189291 0.164117 
7.34752e+06 0.149218 0.121348 
7.34752e+06 0.103971 0.0801093 
7.34752e+06 0.0657695 0.0472994 
7.34752e+06 0.0365978 0.023041 
7.34752e+06 0.0158819 0.00622186 
7.34752e+06 0.00207618 -0.00476937 
7.34752e+06 -0.00649883 -0.0114319 
7.34752e+06 -0.0113386 -0.0150048 
7.34752e+06 -0.0135843 -0.0165337 
7.34752e+06 -0.0142181 -0.0168472 
7.34752e+06 -0.0139613 -0.0163778 
7.34752e+06 -0.0131929 -0.0154639 
7.34752e+06 -0.0120716 -0.014615 
7.34752e+06 -0.0107517 -0.0140954 
7.34752e+06 -0.00997528 -0.0129777 
7.34752e+06 -0.0104101 -0.0102793 
7.34752e+06 -0.00882443 -0.00937674 
7.34752e+06 -0.00504874 -0.0138301 
7.34752e+06 -0.00439501 -0.0194462 
7.40174e+06 98974 56748.3 
7.28909e+06 -16553.2 -10016.4 
7.32484e+06 -42303.7 -7335.09 
7.36757e+06 1730.32 8088.64 
7.36307e+06 21390 6436.34 
7.3387e+06 1433.37 -6776.19 
7.33404e+06 -12254.8 -9482.49 
7.3447e+06 -5701.24 -1814.5 
7.35058e+06 1206.7 2301.81 
7.34934e+06 2454.16 987.149 
7.3464e+06 -200.992 -1485.56 
7.34595e+06 -1522.21 -1621.28 
7.34696e+06 -801.056 -478.47 
7.34758e+06 -43.3239 167.317 
7.34768e+06 173.305 229.437 
7.3476e+06 120.332 111.069 
7.34753e+06 36.9921 18.1354 
7.34751e+06 -3.61456 -14.3605 
7.34751e+06 -11.5364 -15.2147 
7.34752e+06 -8.5898 -9.06588 
7.34752e+06 -4.41323 -3.84955 
7.34752e+06 -1.61012 -0.938456 
7.34752e+06 -0.248492 0.184396 
7.34752e+06 0.249045 0.437411 
7.34752e+06 0.367728 0.417874 
7.34752e+06 0.351429 0.344371 
7.34752e+06 0.290935 0.262013 
7.34752e+06 0.217495 0.181518 
7.34752e+06 0.146901 0.112864 
7.34752e+06 0.0884499 0.0600437 
7.34752e+06 0.0445503 0.0234405 
7.34752e+06 0.0148054 0.000870733 
7.34752e+06 -0.0032114 -0.0119428 
7.34752e+06 -0.0129936 -0.0182041 
7.34752e+06 -0.0172445 -0.02017 
7.34752e+06 -0.0180247 -0.0195886 
7.34752e+06 -0.0168612 -0.0176789 
7.34752e+06 -0.0147668 -0.0152342 
7.34752e+06 -0.0123889 -0.0127292 
7.34752e+06 -0.0100921 -0.0104175 
7.34752e+06 -0.00804794 -0.00841843 
7.34752e+06 -0.00632303 -0.00675687 
7.34752e+06 -0.00494354 -0.00537266 
7.34752e+06 -0.00387345 -0.00422784 
7.34752e+06 -0.0029431 -0.00349536 
7.34752e+06 -0.00210015 -0.00323174 
7.34752e+06 -0.00191737 -0.00255529 
7.34752e+06 -0.00229842 -0.000949052 
7.34752e+06 -0.00154052 -0.000374872 
7.34752e+06 0.000168499 -0.0026298 
7.33256e+06 -26477.8 -13205 
7.36073e+06 6565.98 3055.1 
7.35223e+06 8506.31 2757.69 
7.34354e+06 -594.095 -921.934 
7.34613e+06 -3803.1 196.557 
7.35133e+06 1491.62 3014.06 
7.35103e+06 3436.44 2580.46 
7.3481e+06 1335.25 399.435 
7.34683e+06 -354.96 -502.554 
7.34723e+06 -462.293 -113.717 
7.34785e+06 142.215 414.515 
7.3479e+06 388.655 413.266 
7.34765e+06 205.038 132.169 
7.34749e+06 16.2576 -32.6223 
7.34747e+06 -40.4105 -53.3566 
7.3475e+06 -30.0674 -27.8491 
7.34751e+06 -11.81 -7.534 
7.34752e+06 -2.31458 0.399305 
7.34753e+06 0.525155 1.77193 
7.34753e+06 0.892641 1.35275 
7.34752e+06 0.70146 0.814997 
7.34752e+06 0.50464 0.484022 
7.34752e+06 0.37559 0.316727 
7.34752e+06 0.281768 0.220732 
7.34752e+06 0.199258 0.146002 
7.34752e+06 0.125485 0.0826331 
7.34752e+06 0.0657058 0.0341666 
7.34752e+06 0.0231317 0.00224214 
7.34752e+06 -0.00322192 -0.0155803 
7.34752e+06 -0.0169262 -0.0232272 
7.34752e+06 -0.0219833 -0.024446 
7.34752e+06 -0.0218479 -0.0221827 
7.34752e+06 -0.0190868 -0.0183597 
7.34752e+06 -0.0153249 -0.0141945 
7.34752e+06 -0.0115285 -0.0103679 
7.34752e+06 -0.00819492 -0.00717209 
7.34752e+06 -0.00550098 -0.00466631 
7.34752e+06 -0.00344642 -0.00279385 
7.34752e+06 -0.00195294 -0.00145058 
7.34752e+06 -0.000913271 -0.000518143 
7.34752e+06 -0.00021686 0.000108785 
7.34752e+06 0.000234178 0.000507281 
7.34752e+06 0.000511813 0.000744776 
7.34752e+06 0.000651995 0.000912556 
7.34752e+06 0.00070514 0.0010546 
7.34752e+06 0.000799562 0.00103259 
7.34752e+06 0.000917717 0.000804463 
7.34752e+06 0.000677448 0.000908847 
7.34752e+06 0.000283427 0.00161651 
7.34752e+06 0.000596635 0.00208383 
7.35258e+06 5551.83 3301.76 
7.34591e+06 -1184.68 -307.772 
7.34732e+06 -1175.64 -231.961 
7.34794e+06 396.87 -196.459 
7.3469e+06 263.208 -783.024 
7.34609e+06 -952.367 -1176.65 
7.34659e+06 -971.844 -709.66 
7.34736e+06 -309.646 -104.869 
7.34761e+06 78.7891 79.7417 
7.3475e+06 58.6489 -26.1753 
7.34739e+06 -70.3321 -124.011 
7.34741e+06 -102.9 -105.651 
7.34748e+06 -54.7587 -38.1565 
7.34752e+06 -10.0665 1.62248 
7.34753e+06 4.81624 8.76517 
7.34753e+06 4.38954 4.78835 
7.34753e+06 1.66917 1.36568 
7.34752e+06 0.402063 0.190677 
7.34752e+06 0.177862 0.0799719 
7.34752e+06 0.220295 0.160011 
7.34752e+06 0.234749 0.180415 
7.34752e+06 0.18915 0.138555 
7.34752e+06 0.118564 0.0763628 
7.34752e+06 0.0540112 0.0232623 
7.34752e+06 0.0088466 -0.0103722 
7.34752e+06 -0.0162827 -0.026144 
7.34752e+06 -0.0263046 -0.0298039 
7.34752e+06 -0.0270065 -0.0268459 
7.34752e+06 -0.0230357 -0.021157 
7.34752e+06 -0.0174563 -0.0150591 
7.34752e+06 -0.0119986 -0.00972192 
7.34752e+06 -0.00746307 -0.0055668 
7.34752e+06 -0.00406598 -0.00261521 
7.34752e+06 -0.00173238 -0.000680073 
7.34752e+06 -0.000255191 0.000481439 
7.34752e+06 0.000592541 0.00110021 
7.34752e+06 0.00101325 0.00136483 
7.34752e+06 0.00116382 0.00141367 
7.34752e+06 0.00115562 0.00134348 
7.34752e+06 0.00106546 0.00121669 
7.34752e+06 0.000941122 0.00107287 
7.34752e+06 0.00080886 0.00093395 
7.34752e+06 0.000687756 0.000802735 
7.34752e+06 0.000584275 0.000682218 
7.34752e+06 0.000482828 0.000600376 
7.34752e+06 0.000392832 0.000566885 
7.34752e+06 0.000376934 0.000483535 
7.34752e+06 0.000382059 0.000317098 
7.34752e+06 0.000223776 0.00030598 
7.34752e+06 0.000157621 0.000613848 
7.34617e+06 -902.34 -752.72 
7.34713e+06 122.717 -252.532 
7.34694e+06 -113.305 -297.892 
7.3474e+06 -346.046 35.6247 
7.34795e+06 85.0898 409.122 
7.34802e+06 413.337 435.179 
7.34775e+06 294.359 210.454 
7.34754e+06 78.0526 32.3708 
7.3475e+06 -15.6374 -8.4686 
7.34753e+06 -4.53311 16.1596 
7.34755e+06 20.4196 31.35 
7.34755e+06 22.0827 22.6588 
7.34753e+06 10.3917 7.59232 
7.34752e+06 1.43077 -0.417431 
7.34752e+06 -1.11437 -1.59736 
7.34752e+06 -0.67421 -0.607458 
7.34752e+06 0.0355184 0.126661 
7.34752e+06 0.293351 0.298096 
7.34752e+06 0.256992 0.214629 
7.34752e+06 0.144878 0.0975116 
7.34752e+06 0.0514126 0.0166644 
7.34752e+06 -0.00441304 -0.024158 
7.34752e+06 -0.0293172 -0.037478 
7.34752e+06 -0.0348036 -0.0358296 
7.34752e+06 -0.0304479 -0.0279813 
7.34752e+06 -0.0225559 -0.0189711 
7.34752e+06 -0.0146135 -0.0111782 
7.34752e+06 -0.00816636 -0.00540729 
7.34752e+06 -0.00360755 -0.00162681 
7.34752e+06 -0.000751092 0.000550189 
7.34752e+06 0.0008079 0.00159499 
7.34752e+06 0.00148988 0.00192144 
7.34752e+06 0.00163826 0.00184811 
7.34752e+06 0.00150701 0.00158761 
7.34752e+06 0.00125595 0.00126932 
7.34752e+06 0.000979553 0.000962713 
7.34752e+06 0.000726312 0.000699004 
7.34752e+06 0.000515665 0.000488302 
7.34752e+06 0.00035064 0.000327328 
7.34752e+06 0.000227479 0.000208172 
7.34752e+06 0.000139401 0.000122206 
7.34752e+06 7.69089e-05 6.27427e-05 
7.34752e+06 3.25316e-05 2.39608e-05 
7.34752e+06 6.55558e-06 -4.66408e-06 
7.34752e+06 -8.99762e-06 -2.87784e-05 
7.34752e+06 -2.60914e-05 -3.81568e-05 
7.34752e+06 -4.11933e-05 -2.70608e-05 
7.34752e+06 -2.46906e-05 -3.53179e-05 
7.34752e+06 -1.6462e-05 -8.66205e-05 
7.34752e+06 3.74442e-06 -0.000138726 
7.34775e+06 174.919 165.294 
7.34774e+06 -22.9212 139.543 
7.34788e+06 114.09 209.54 
7.34765e+06 203.194 67.4577 
7.34736e+06 -6.42197 -121.727 
7.34733e+06 -133.646 -144.611 
7.34743e+06 -94.4461 -71.8097 
7.3475e+06 -29.9815 -18.4776 
7.34752e+06 -4.23888 -5.85518 
7.34751e+06 -5.21907 -8.95303 
7.34751e+06 -7.94 -9.20948 
7.34752e+06 -5.84641 -5.26469 
7.34752e+06 -2.17951 -1.31367 
7.34752e+06 0.0575991 0.507276 
7.34752e+06 0.630138 0.704663 
7.34752e+06 0.45939 0.386293 
7.34752e+06 0.19577 0.114722 
7.34752e+06 0.0361307 -0.0135465 
7.34752e+06 -0.0304941 -0.0525907 
7.34752e+06 -0.0479059 -0.0537054 
7.34752e+06 -0.0439817 -0.0419408 
7.34752e+06 -0.0326352 -0.0277852 
7.34752e+06 -0.0205978 -0.0155906 
7.34752e+06 -0.0108258 -0.00679926 
7.34752e+06 -0.00412549 -0.0013433 
7.34752e+06 -0.000189409 0.00149854 
7.34752e+06 0.0017002 0.00258303 
7.34752e+06 0.0022887 0.0026533 
7.34752e+06 0.00217276 0.00224072 
7.34752e+06 0.00175378 0.00167938 
7.34752e+06 0.00127105 0.00114367 
7.34752e+06 0.000840398 0.000709322 
7.34752e+06 0.000503962 0.000391098 
7.34752e+06 0.000265328 0.000175835 
7.34752e+06 0.000108881 4.08553e-05 
7.34752e+06 1.30757e-05 -3.59592e-05 
7.34752e+06 -3.96272e-05 -7.49596e-05 
7.34752e+06 -6.38857e-05 -9.05164e-05 
7.34752e+06 -7.19553e-05 -9.19474e-05 
7.34752e+06 -7.08569e-05 -8.58834e-05 
7.34752e+06 -6.44172e-05 -7.75119e-05 
7.34752e+06 -5.65192e-05 -6.89338e-05 
7.34752e+06 -4.95991e-05 -6.0079e-05 
7.34752e+06 -4.273e-05 -5.11499e-05 
7.34752e+06 -3.53377e-05 -4.44855e-05 
7.34752e+06 -2.92768e-05 -4.1523e-05 
7.34752e+06 -2.79803e-05 -3.74301e-05 
7.34752e+06 -2.50555e-05 -2.82252e-05 
7.34752e+06 -2.31237e-05 -2.08235e-05 
7.34752e+06 -6.72788e-06 -4.76314e-05 
7.34746e+06 -57.1829 -45.5815 
7.34746e+06 5.06644 -39.2397 
7.34738e+06 -30.1676 -76.4044 
7.34743e+06 -77.9002 -51.7284 
7.34753e+06 -21.3537 12.7093 
7.34756e+06 24.0546 32.4707 
7.34755e+06 21.3601 18.6904 
7.34753e+06 7.71537 6.19948 
7.34753e+06 2.0714 2.97822 
7.34753e+06 2.24457 3.25861 
7.34753e+06 2.54379 2.82176 
7.34752e+06 1.79194 1.61007 
7.34752e+06 0.810955 0.557786 
7.34752e+06 0.192999 0.0302958 
7.34752e+06 -0.0459791 -0.115623 
7.34752e+06 -0.0907756 -0.109105 
7.34752e+06 -0.0753046 -0.0735974 
7.34752e+06 -0.051508 -0.044229 
7.34752e+06 -0.0312953 -0.0237192 
7.34752e+06 -0.0160754 -0.00997427 
7.34752e+06 -0.00581196 -0.00162589 
7.34752e+06 8.75123e-05 0.00254399 
7.34752e+06 0.00272375 0.00390189 
7.34752e+06 0.00332279 0.00370073 
7.34752e+06 0.00289755 0.00285342 
7.34752e+06 0.00211762 0.00190175 
7.34752e+06 0.00134892 0.00110148 
7.34752e+06 0.00074371 0.000529225 
7.34752e+06 0.000330396 0.00016913 
7.34752e+06 8.13772e-05 -2.94517e-05 
7.34752e+06 -4.94387e-05 -0.00011916 
7.34752e+06 -0.000103202 -0.000144859 
7.34752e+06 -0.000114249 -0.000136828 
7.34752e+06 -0.000103016 -0.000114047 
7.34752e+06 -8.37267e-05 -8.85611e-05 
7.34752e+06 -6.33175e-05 -6.51034e-05 
7.34752e+06 -4.5992e-05 -4.5464e-05 
7.34752e+06 -3.1384e-05 -3.04853e-05 
7.34752e+06 -2.0686e-05 -1.99899e-05 
7.34752e+06 -1.32308e-05 -1.24232e-05 
7.34752e+06 -8.0887e-06 -6.97925e-06 
7.34752e+06 -4.31995e-06 -3.33616e-06 
7.34752e+06 -1.8163e-06 -9.47889e-07 
7.34752e+06 -1.16598e-07 5.62329e-07 
7.34752e+06 8.51386e-07 1.71209e-06 
7.34752e+06 1.49352e-06 2.60914e-06 
7.34752e+06 2.17781e-06 2.56783e-06 
7.34752e+06 2.97198e-06 1.61421e-06 
7.34752e+06 -2.39833e-06 4.5989e-06 
7.34752e+06 -4.2918e-06 5.98317e-06 
7.34752e+06 13.0877 11.4652 
7.34752e+06 -3.4994 4.69473 
7.34754e+06 -0.187921 13.9953 
7.34755e+06 16.3823 15.4985 
7.34753e+06 7.94658 1.90845 
7.34752e+06 -2.80752 -5.0197 
7.34752e+06 -3.7969 -3.70651 
7.34752e+06 -1.60419 -1.49163 
7.34752e+06 -0.524111 -0.759405 
7.34752e+06 -0.467922 -0.702266 
7.34752e+06 -0.471187 -0.569881 
7.34752e+06 -0.335053 -0.344548 
7.34752e+06 -0.182527 -0.164056 
7.34752e+06 -0.0867153 -0.0677751 
7.34752e+06 -0.0406635 -0.0270955 
7.34752e+06 -0.0189506 -0.00976995 
7.34752e+06 -0.00670612 -0.000624898 
7.34752e+06 0.000593987 0.00426303 
7.34752e+06 0.00406496 0.00587432 
7.34752e+06 0.00475709 0.00532424 
7.34752e+06 0.00394733 0.00384557 
7.34752e+06 0.00266801 0.00231026 
7.34752e+06 0.00150376 0.00112398 
7.34752e+06 0.000670016 0.000366756 
7.34752e+06 0.000169177 -3.66535e-05 
7.34752e+06 -7.96936e-05 -0.000202788 
7.34752e+06 -0.000169759 -0.000233573 
7.34752e+06 -0.000174425 -0.000201512 
7.34752e+06 -0.000142792 -0.000149667 
7.34752e+06 -0.000102492 -9.95204e-05 
7.34752e+06 -6.63654e-05 -5.9716e-05 
7.34752e+06 -3.86386e-05 -3.18723e-05 
7.34752e+06 -1.99853e-05 -1.36046e-05 
7.34752e+06 -7.64571e-06 -3.33958e-06 
7.34752e+06 -1.39326e-06 2.53039e-06 
7.34752e+06 2.39697e-06 4.6278e-06 
7.34752e+06 3.40869e-06 5.23518e-06 
7.34752e+06 3.81698e-06 4.94515e-06 
7.34752e+06 3.36631e-06 4.59551e-06 
7.34752e+06 3.13679e-06 3.91978e-06 
7.34752e+06 2.682e-06 3.27257e-06 
7.34752e+06 2.28618e-06 2.71512e-06 
7.34752e+06 1.87261e-06 2.18626e-06 
7.34752e+06 1.40229e-06 1.7211e-06 
7.34752e+06 1.04222e-06 1.29611e-06 
7.34752e+06 7.61328e-07 9.17734e-07 
7.34752e+06 5.28572e-07 7.96042e-07 
7.34752e+06 3.59788e-07 4.48788e-07 
7.34752e+06 9.00117e-07 1.243e-06 
7.34752e+06 -4.0732e-06 -1.11995e-06 
7.34751e+06 -6.65635 -5.74519 
7.34752e+06 -3.72748 -1.68643 
7.34752e+06 -0.0220062 -1.76557 
7.34752e+06 -2.48029 -3.0437 
7.34752e+06 -1.78474 -1.11396 
7.34752e+06 -0.00356786 0.425435 
7.34752e+06 0.428048 0.556171 
7.34752e+06 0.279037 0.322519 
7.34752e+06 0.170342 0.19195 
7.34752e+06 0.130082 0.130805 
7.34752e+06 0.0813198 0.0743035 
7.34752e+06 0.0343001 0.0315919 
7.34752e+06 0.00944146 0.0119522 
7.34752e+06 0.00326542 0.00729547 
7.34752e+06 0.0041151 0.00709967 
7.34752e+06 0.00501823 0.00635969 
7.34752e+06 0.0043599 0.00450564 
7.34752e+06 0.00286797 0.00245609 
7.34752e+06 0.00143243 0.000909919 
7.34752e+06 0.000452606 2.85255e-05 
7.34752e+06 -6.0147e-05 -0.000335972 
7.34752e+06 -0.00024826 -0.000398336 
7.34752e+06 -0.000261072 -0.000326927 
7.34752e+06 -0.000203309 -0.000221866 
7.34752e+06 -0.000133054 -0.000129253 
7.34752e+06 -7.49626e-05 -6.33245e-05 
7.34752e+06 -3.52151e-05 -2.30316e-05 
7.34752e+06 -1.17053e-05 -1.70174e-06 
7.34752e+06 3.66255e-07 7.44227e-06 
7.34752e+06 5.22641e-06 9.78902e-06 
7.34752e+06 6.2586e-06 8.94616e-06 
7.34752e+06 5.49018e-06 7.14688e-06 
7.34752e+06 4.28153e-06 4.97753e-06 
7.34752e+06 2.95755e-06 3.2854e-06 
7.34752e+06 1.83662e-06 1.86012e-06 
7.34752e+06 1.00157e-06 1.07914e-06 
7.34752e+06 6.14374e-07 5.25433e-07 
7.34752e+06 3.8756e-07 2.02524e-07 
7.34752e+06 1.40957e-07 -9.36641e-08 
7.34752e+06 -7.12978e-08 -2.54806e-07 
7.34752e+06 -1.71054e-07 -3.19682e-07 
7.34752e+06 -1.86022e-07 -3.38071e-07 
7.34752e+06 -2.17061e-07 -3.19411e-07 
7.34752e+06 -2.01878e-07 -3.01018e-07 
7.34752e+06 -2.06136e-07 -2.64434e-07 
7.34752e+06 -1.91019e-07 -2.2635e-07 
7.34752e+06 -2.02561e-07 -2.04166e-07 
7.34752e+06 -2.03453e-07 -1.29831e-07 
7.34752e+06 4.09314e-07 -6.10926e-07 
7.34752e+06 -9.67813e-06 5.31434e-06 
