2.80585e+06 
2.80585e+06 
2.80585e+06 
2.80585e+06 
2.80585e+06 
2.80651e+06 
2.92751e+06 
5.48467e+06 
8.15463e+06 
6.76551e+06 
8.14862e+06 
7.9343e+06 
7.35919e+06 
6.20473e+06 
3.66197e+06 
2.15558e+06 
1.60329e+06 
1.32168e+06 
1.14718e+06 
1.02627e+06 
936583 
866937 
810999 
764875 
725976 
692608 
663604 
638234 
615785 
595747 
577788 
561619 
546934 
533505 
521186 
509905 
499569 
490107 
481571 
474004 
467147 
460189 
453755 
446871 
433491 
496782 
472533 
610652 
758598 
1.06456e+06 
1.42937e+06 
1.88057e+06 
2.47677e+06 
3.27447e+06 
4.2635e+06 
5.29288e+06 
6.05275e+06 
6.23043e+06 
6.16736e+06 
6.26979e+06 
6.28305e+06 
6.35053e+06 
6.42084e+06 
6.46818e+06 
6.48461e+06 
6.46281e+06 
6.39456e+06 
6.27277e+06 
6.09246e+06 
5.85183e+06 
5.55323e+06 
5.20458e+06 
4.82062e+06 
4.42263e+06 
4.03599e+06 
3.68621e+06 
3.39364e+06 
3.16896e+06 
3.01158e+06 
2.91177e+06 
2.8549e+06 
2.82605e+06 
2.81315e+06 
2.80813e+06 
2.80645e+06 
2.80598e+06 
2.80587e+06 
2.80585e+06 
2.80585e+06 
2.80585e+06 
2.80585e+06 
2.80585e+06 
2.80585e+06 
2.80585e+06 
2.80585e+06 
2.80585e+06 
2.80585e+06 
2.80585e+06 
2.80585e+06 
2.80585e+06 
2.80585e+06 
2.80585e+06 
2.80585e+06 
2.80585e+06 
2.80585e+06 
2.80585e+06 
2.80585e+06 
2.80585e+06 
2.80585e+06 
2.80585e+06 
2.80585e+06 
2.80585e+06 
2.80585e+06 
2.80585e+06 
2.80588e+06 
2.81656e+06 
3.56077e+06 
7.72057e+06 
6.54757e+06 
7.38862e+06 
7.18889e+06 
6.91867e+06 
6.57335e+06 
5.11447e+06 
2.69478e+06 
1.82526e+06 
1.44332e+06 
1.22552e+06 
1.0818e+06 
978396 
899738 
837552 
786905 
744650 
708684 
677610 
650520 
626678 
605492 
586521 
569494 
554106 
540079 
527205 
515423 
504626 
494728 
485719 
477642 
470519 
463657 
456708 
451230 
638712 
591373 
708082 
905147 
1.23865e+06 
1.64089e+06 
2.15646e+06 
2.84844e+06 
3.75034e+06 
4.7903e+06 
5.72707e+06 
6.27732e+06 
6.17359e+06 
6.29953e+06 
6.3877e+06 
6.44804e+06 
6.48067e+06 
6.47902e+06 
6.43497e+06 
6.34073e+06 
6.19012e+06 
5.97965e+06 
5.70943e+06 
5.38441e+06 
5.01581e+06 
4.62186e+06 
4.22624e+06 
3.85503e+06 
3.53185e+06 
3.2726e+06 
3.08229e+06 
2.95533e+06 
2.87894e+06 
2.83782e+06 
2.81821e+06 
2.81001e+06 
2.80705e+06 
2.80614e+06 
2.8059e+06 
2.80585e+06 
2.80585e+06 
2.80585e+06 
2.80585e+06 
2.80585e+06 
2.80585e+06 
2.80585e+06 
2.80585e+06 
2.80585e+06 
2.80585e+06 
2.80585e+06 
2.80585e+06 
2.80585e+06 
2.80585e+06 
2.80585e+06 
2.80585e+06 
2.80585e+06 
2.80585e+06 
2.80585e+06 
2.80585e+06 
2.80585e+06 
2.80585e+06 
2.80585e+06 
2.80585e+06 
2.80585e+06 
2.80585e+06 
2.80585e+06 
2.80585e+06 
2.80585e+06 
2.80585e+06 
2.80852e+06 
3.12261e+06 
5.59646e+06 
2.32892e+06 
1.7809e+06 
1.48044e+06 
1.28804e+06 
1.15269e+06 
1.05151e+06 
972627 
909126 
856659 
812381 
774385 
741447 
712602 
687077 
664324 
643973 
625643 
608976 
593734 
579812 
567067 
555376 
544695 
535056 
526483 
518435 
510895 
506057 
1.15164e+06 
833600 
2.01022e+06 
2.64927e+06 
3.49795e+06 
4.51722e+06 
5.51825e+06 
6.41001e+06 
6.35071e+06 
6.45346e+06 
6.41964e+06 
6.33851e+06 
6.2036e+06 
6.01082e+06 
5.75956e+06 
5.45346e+06 
5.1017e+06 
4.72001e+06 
4.32989e+06 
3.95594e+06 
3.62196e+06 
3.34594e+06 
3.13638e+06 
2.99122e+06 
2.9002e+06 
2.84897e+06 
2.82333e+06 
2.81205e+06 
2.80775e+06 
2.80634e+06 
2.80595e+06 
2.80586e+06 
2.80585e+06 
2.80585e+06 
2.80585e+06 
2.80585e+06 
2.80585e+06 
2.80585e+06 
2.80585e+06 
2.80585e+06 
2.80585e+06 
2.80585e+06 
2.80585e+06 
2.80585e+06 
2.80585e+06 
2.80585e+06 
2.80585e+06 
2.80585e+06 
2.80585e+06 
2.80585e+06 
2.80585e+06 
2.80585e+06 
2.80585e+06 
2.80585e+06 
2.806e+06 
2.8432e+06 
4.26843e+06 
1.61185e+06 
1.37496e+06 
1.21503e+06 
1.09872e+06 
1.00978e+06 
939252 
881715 
833631 
792687 
757340 
726564 
699462 
675377 
653875 
634582 
617113 
601186 
586614 
573298 
561094 
549904 
539748 
530667 
522458 
514550 
508048 
503017 
1.75507e+06 
2.30553e+06 
3.04684e+06 
3.99376e+06 
5.0399e+06 
5.90674e+06 
6.45507e+06 
6.44199e+06 
6.38544e+06 
6.27811e+06 
6.11457e+06 
5.89238e+06 
5.61293e+06 
5.28246e+06 
4.91335e+06 
4.5245e+06 
4.13933e+06 
3.78263e+06 
3.47591e+06 
3.23275e+06 
3.05624e+06 
2.93979e+06 
2.87054e+06 
2.83374e+06 
2.81645e+06 
2.80935e+06 
2.80683e+06 
2.80608e+06 
2.80589e+06 
2.80585e+06 
2.80585e+06 
2.80585e+06 
2.80585e+06 
2.80585e+06 
2.80585e+06 
2.80585e+06 
2.80585e+06 
2.80585e+06 
2.80585e+06 
2.80585e+06 
2.80585e+06 
2.80585e+06 
2.80585e+06 
2.80585e+06 
2.80585e+06 
2.80585e+06 
2.00759e+06 
2.81835e+06 
3.63278e+06 
984702 
1.33337e+06 
1.53212e+06 
6.38072e+06 
6.4326e+06 
6.44781e+06 
2.80585e+06 
2.80585e+06 
2.80585e+06 
2.80585e+06 
2.80585e+06 
2.80585e+06 
2.80833e+06 
3.09607e+06 
4.15397e+06 
3.45116e+06 
5.12948e+06 
4.86241e+06 
2.07095e+06 
3.02866e+06 
989327 
4.76919e+06 
5.47031e+06 
2.30736e+06 
2.40175e+06 
3.57378e+06 
3.57468e+06 
1.73759e+06 
1.51431e+06 
1.35418e+06 
1.2334e+06 
1.13894e+06 
1.06288e+06 
1.00003e+06 
946875 
901347 
861995 
827552 
796999 
769839 
745674 
723900 
704035 
685890 
669420 
654375 
640567 
627999 
616780 
606759 
596778 
589031 
590240 
630165 
1.75502e+06 
6.28448e+06 
1.33637e+06 
841121 
909729 
1.53375e+06 
1.43346e+06 
1.64007e+06 
2.30086e+06 
3.03693e+06 
3.98128e+06 
5.03068e+06 
5.90541e+06 
6.06933e+06 
6.34111e+06 
2.80585e+06 
6.32748e+06 
6.25316e+06 
6.19472e+06 
6.3379e+06 
6.25966e+06 
6.32284e+06 
6.26522e+06 
6.16164e+06 
6.00714e+06 
5.79996e+06 
5.542e+06 
5.23863e+06 
4.89966e+06 
4.54023e+06 
4.17927e+06 
3.83758e+06 
3.53492e+06 
3.28613e+06 
3.09788e+06 
2.96802e+06 
2.88719e+06 
2.84226e+06 
2.8202e+06 
2.81076e+06 
2.80728e+06 
2.8062e+06 
2.80592e+06 
2.80586e+06 
2.80585e+06 
2.80585e+06 
2.80585e+06 
2.80585e+06 
2.80585e+06 
2.80585e+06 
2.80585e+06 
2.80585e+06 
2.80585e+06 
2.80585e+06 
2.80585e+06 
2.80585e+06 
2.80585e+06 
2.80585e+06 
2.80585e+06 
2.80585e+06 
2.80585e+06 
2.80585e+06 
2.80585e+06 
2.80585e+06 
2.80585e+06 
2.80585e+06 
2.80585e+06 
2.80585e+06 
2.80585e+06 
2.80585e+06 
2.80585e+06 
2.80585e+06 
2.80585e+06 
2.80585e+06 
2.61667e+06 
2.69767e+06 
2.80585e+06 
2.80585e+06 
2.80585e+06 
6.10171e+06 
4.97338e+06 
2.80585e+06 
2.80585e+06 
2.80585e+06 
2.80585e+06 
3.08121e+06 
2.80585e+06 
2.80585e+06 
2.806e+06 
2.84029e+06 
4.51279e+06 
4.33984e+06 
2.80585e+06 
2.80649e+06 
4.15764e+06 
4.23605e+06 
4.66143e+06 
4.16399e+06 
1.83525e+06 
1.6159e+06 
1.88595e+06 
1.71058e+06 
2.17026e+06 
1.42817e+06 
1.28985e+06 
1.18349e+06 
1.099e+06 
1.03005e+06 
972406 
923255 
880976 
844248 
811822 
783024 
757422 
734541 
713752 
694750 
677464 
661738 
647327 
634122 
622229 
611700 
601789 
592305 
588444 
1.87488e+06 
2.00811e+06 
1.1554e+06 
6.25598e+06 
2.14505e+06 
1.24701e+06 
1.07294e+06 
743623 
3.24693e+06 
3.48631e+06 
2.80585e+06 
2.64192e+06 
3.72039e+06 
4.50553e+06 
5.51215e+06 
6.2563e+06 
6.33641e+06 
6.30972e+06 
2.80585e+06 
6.24521e+06 
6.24496e+06 
6.22652e+06 
6.22624e+06 
2.81514e+06 
6.2994e+06 
6.21953e+06 
6.09095e+06 
5.9101e+06 
5.67709e+06 
5.39551e+06 
5.07278e+06 
4.72139e+06 
4.35865e+06 
4.00472e+06 
3.68029e+06 
3.40316e+06 
3.18437e+06 
3.0261e+06 
2.92226e+06 
2.86109e+06 
2.8291e+06 
2.8144e+06 
2.80856e+06 
2.80657e+06 
2.80601e+06 
2.80587e+06 
2.80585e+06 
2.80585e+06 
2.80585e+06 
2.80585e+06 
2.80585e+06 
2.80585e+06 
2.80585e+06 
2.80585e+06 
2.80585e+06 
2.80585e+06 
2.80585e+06 
2.80585e+06 
2.80589e+06 
2.80585e+06 
2.45905e+06 
2.80585e+06 
2.80585e+06 
2.80585e+06 
2.80585e+06 
2.80585e+06 
2.80585e+06 
5.99485e+06 
2.80585e+06 
2.80585e+06 
1.03473e+06 
2.80585e+06 
2.80585e+06 
2.80585e+06 
2.80585e+06 
2.80585e+06 
2.80585e+06 
2.80585e+06 
2.80585e+06 
2.80585e+06 
2.80587e+06 
2.806e+06 
2.80654e+06 
2.80847e+06 
2.81422e+06 
2.82873e+06 
2.86032e+06 
2.92048e+06 
3.0219e+06 
3.17509e+06 
3.38483e+06 
3.64824e+06 
3.9548e+06 
630398 
629244 
638528 
649599 
660874 
673528 
687611 
703023 
719813 
738244 
758561 
780840 
2.80585e+06 
805306 
832598 
863356 
898039 
937272 
2.80585e+06 
982331 
2.80585e+06 
2.80585e+06 
2.80585e+06 
2.80585e+06 
2.80585e+06 
2.80585e+06 
2.80585e+06 
2.80585e+06 
2.80585e+06 
2.80585e+06 
2.80585e+06 
2.80585e+06 
2.80586e+06 
2.80591e+06 
2.80618e+06 
2.80722e+06 
2.81063e+06 
2.81994e+06 
2.84173e+06 
2.88603e+06 
2.96527e+06 
3.09156e+06 
3.27289e+06 
3.51033e+06 
3.79704e+06 
4.11934e+06 
4.45973e+06 
4.80023e+06 
5.12431e+06 
5.41828e+06 
5.67273e+06 
5.88199e+06 
6.04306e+06 
6.15625e+06 
5.27382e+06 
4.2317e+06 
627898 
633386 
644075 
655110 
667013 
680398 
695152 
711233 
728799 
748159 
769448 
792771 
818555 
847511 
880165 
917017 
2.90848e+06 
958980 
1.00751e+06 
1.0642e+06 
1.13112e+06 
1.21179e+06 
1.31162e+06 
1.43856e+06 
6.22542e+06 
1.60557e+06 
1.09619e+06 
1.16945e+06 
1.25888e+06 
1.98562e+06 
1.37104e+06 
1.51596e+06 
4.28841e+06 
4.63106e+06 
4.96526e+06 
5.72491e+06 
2.82532e+06 
4.75951e+06 
5.27575e+06 
5.55086e+06 
5.78326e+06 
5.96862e+06 
6.10546e+06 
6.19599e+06 
2.80585e+06 
2.80585e+06 
2.80585e+06 
2.80585e+06 
2.80585e+06 
2.80585e+06 
2.80585e+06 
6.02602e+06 
2.45383e+06 
2.80589e+06 
2.80585e+06 
3.51569e+06 
1.10009e+06 
3.67477e+06 
2.19123e+06 
1.60961e+06 
3.8821e+06 
2.80585e+06 
1.2679e+06 
2.86967e+06 
3.99199e+06 
4.34504e+06 
1.79163e+06 
1.69435e+06 
1.77598e+06 
2.37651e+06 
2.46205e+06 
1.4693e+06 
1.35823e+06 
1.3109e+06 
1.42867e+06 
1.37929e+06 
2.80585e+06 
2.80585e+06 
1.15921e+06 
2.80585e+06 
2.89535e+06 
1.04936e+06 
1.00492e+06 
965551 
930821 
2.80585e+06 
900133 
872439 
847104 
824118 
803410 
784501 
767125 
751384 
737593 
725234 
712438 
1.87471e+06 
1.07648e+06 
6.05435e+06 
2.59944e+06 
2.68005e+06 
6.05177e+06 
5.93721e+06 
720775 
705098 
4.74965e+06 
3.70868e+06 
2.80585e+06 
5.18185e+06 
4.22039e+06 
4.47752e+06 
6.04101e+06 
5.90616e+06 
6.04301e+06 
5.93506e+06 
2.80585e+06 
2.80585e+06 
6.04995e+06 
5.92092e+06 
1.90427e+06 
1.99003e+06 
2.80585e+06 
2.80585e+06 
2.80585e+06 
5.97443e+06 
5.89019e+06 
5.76874e+06 
5.60831e+06 
5.4115e+06 
5.30058e+06 
5.17227e+06 
4.92302e+06 
4.64119e+06 
4.4943e+06 
4.57125e+06 
4.4372e+06 
709739 
747808 
763116 
4.04512e+06 
3.75481e+06 
3.48981e+06 
3.26434e+06 
3.08791e+06 
2.96303e+06 
2.88412e+06 
2.8402e+06 
2.81894e+06 
2.81011e+06 
2.80701e+06 
2.80611e+06 
2.80589e+06 
2.80585e+06 
2.80585e+06 
2.80585e+06 
2.80585e+06 
2.80585e+06 
2.80585e+06 
2.80585e+06 
2.80585e+06 
2.80585e+06 
2.80585e+06 
2.80585e+06 
2.80586e+06 
2.80585e+06 
2.80585e+06 
2.80585e+06 
2.80585e+06 
2.80585e+06 
2.80585e+06 
2.80585e+06 
2.80585e+06 
2.80585e+06 
2.80585e+06 
4.88793e+06 
2.80585e+06 
2.80585e+06 
2.80585e+06 
2.80585e+06 
2.80585e+06 
3.19596e+06 
3.24868e+06 
3.57905e+06 
3.60521e+06 
3.89852e+06 
2.80585e+06 
2.80585e+06 
2.80585e+06 
2.80585e+06 
1.12849e+06 
1.18816e+06 
2.80585e+06 
2.80585e+06 
915039 
963706 
1.19253e+06 
1.25529e+06 
3.2362e+06 
3.45869e+06 
2.81466e+06 
2.83633e+06 
6.02668e+06 
5.92868e+06 
2.14275e+06 
2.00129e+06 
2.28792e+06 
2.80585e+06 
2.80585e+06 
6.08021e+06 
908567 
844292 
1.00262e+06 
2.80585e+06 
2.80585e+06 
2.80585e+06 
5.9138e+06 
5.71808e+06 
5.88864e+06 
2.80585e+06 
1.22036e+06 
3.29972e+06 
3.4125e+06 
980296 
2.80585e+06 
3.39592e+06 
5.93184e+06 
1.43546e+06 
3.98601e+06 
1.01674e+06 
947634 
4.33683e+06 
4.31008e+06 
2.03589e+06 
6.00405e+06 
1.87551e+06 
1.54396e+06 
1.41068e+06 
1.53517e+06 
1.48324e+06 
1.68892e+06 
2.80585e+06 
3.84206e+06 
3.34528e+06 
3.51328e+06 
1.22864e+06 
1.07382e+06 
1.02645e+06 
984648 
997939 
2.80585e+06 
1.29319e+06 
885972 
859481 
835307 
813507 
793753 
775611 
759031 
744253 
731378 
718760 
707280 
2.94e+06 
2.12299e+06 
1.64116e+06 
1.53461e+06 
1.75268e+06 
4.30026e+06 
4.1948e+06 
2.80585e+06 
3.95411e+06 
2.81719e+06 
1.33435e+06 
3.01933e+06 
2.80585e+06 
4.3881e+06 
4.01275e+06 
4.39407e+06 
2.27853e+06 
5.26438e+06 
5.93673e+06 
5.83436e+06 
5.69328e+06 
5.51422e+06 
5.27471e+06 
783719 
5.05578e+06 
4.78447e+06 
3.74767e+06 
3.61818e+06 
3.8978e+06 
3.61666e+06 
4.02197e+06 
3.3714e+06 
3.16965e+06 
3.01919e+06 
2.91844e+06 
2.85857e+06 
2.82745e+06 
2.81347e+06 
2.80812e+06 
2.80641e+06 
2.80596e+06 
2.80586e+06 
2.80585e+06 
2.80585e+06 
2.80585e+06 
2.80585e+06 
2.80585e+06 
2.80585e+06 
2.80585e+06 
1.15842e+06 
5.85913e+06 
3.23673e+06 
2.80585e+06 
2.80603e+06 
2.80651e+06 
2.62224e+06 
5.88577e+06 
2.80585e+06 
2.80585e+06 
2.80585e+06 
2.80812e+06 
2.80585e+06 
1.24999e+06 
2.80585e+06 
2.80585e+06 
2.80585e+06 
2.80585e+06 
2.80585e+06 
2.80585e+06 
2.80585e+06 
2.80586e+06 
2.80595e+06 
2.8064e+06 
2.80585e+06 
2.80585e+06 
2.80585e+06 
2.80585e+06 
2.80585e+06 
2.80585e+06 
2.80585e+06 
2.80585e+06 
2.80589e+06 
2.8061e+06 
2.80699e+06 
2.81014e+06 
2.81921e+06 
2.84115e+06 
2.88646e+06 
2.96741e+06 
3.09417e+06 
2.81359e+06 
2.82799e+06 
3.27072e+06 
745210 
755993 
5.45936e+06 
5.61446e+06 
5.06338e+06 
1.3419e+06 
1.16662e+06 
749606 
763084 
776817 
791170 
807658 
825971 
845947 
867740 
891896 
918667 
947987 
799158 
816601 
835752 
856590 
4.16144e+06 
770062 
5.00086e+06 
1.61212e+06 
1.03683e+06 
1.08093e+06 
1.13084e+06 
1.10508e+06 
1.0582e+06 
879497 
904961 
933005 
2.86012e+06 
3.49233e+06 
2.92175e+06 
3.02462e+06 
3.01199e+06 
5.37051e+06 
5.54084e+06 
5.67974e+06 
5.78499e+06 
5.49303e+06 
5.82563e+06 
5.7365e+06 
4.7016e+06 
4.94832e+06 
4.82752e+06 
3.88343e+06 
3.17633e+06 
3.37649e+06 
2.80585e+06 
2.80867e+06 
2.80585e+06 
2.80585e+06 
2.80585e+06 
2.80585e+06 
5.5366e+06 
2.80961e+06 
1.16667e+06 
889658 
2.97969e+06 
3.17158e+06 
5.6535e+06 
4.18976e+06 
982473 
1.192e+06 
1.24715e+06 
828328 
875959 
2.80585e+06 
2.80585e+06 
5.46198e+06 
2.98798e+06 
2.80585e+06 
2.80585e+06 
2.16929e+06 
1.94591e+06 
2.84875e+06 
1.69859e+06 
5.5673e+06 
5.39524e+06 
5.17804e+06 
2.80585e+06 
2.80585e+06 
2.80585e+06 
1.24742e+06 
1.2778e+06 
1.33704e+06 
1.21887e+06 
1.30524e+06 
1.27532e+06 
1.12077e+06 
2.88749e+06 
1.06251e+06 
1.02833e+06 
996953 
1.04336e+06 
4.2557e+06 
955950 
931910 
909774 
899455 
941524 
1.34295e+06 
4.99777e+06 
864527 
5.2448e+06 
5.09673e+06 
850158 
4.37116e+06 
4.34628e+06 
3.3543e+06 
857573 
897962 
3.6476e+06 
3.68688e+06 
5.67074e+06 
5.51684e+06 
2.05037e+06 
2.13128e+06 
1.77153e+06 
1.84753e+06 
2.80585e+06 
1.14293e+06 
1.19601e+06 
4.77978e+06 
5.61732e+06 
1.5204e+06 
5.67388e+06 
5.53025e+06 
2.80585e+06 
2.80585e+06 
5.6362e+06 
5.47205e+06 
2.46162e+06 
2.80585e+06 
2.30529e+06 
2.38774e+06 
5.47383e+06 
5.65793e+06 
5.50174e+06 
5.33037e+06 
4.95306e+06 
5.36459e+06 
5.30722e+06 
5.15128e+06 
4.01115e+06 
4.86894e+06 
4.77901e+06 
2.97235e+06 
3.28744e+06 
3.75752e+06 
828228 
867555 
3.51049e+06 
2.81848e+06 
3.00278e+06 
3.10504e+06 
3.03237e+06 
3.04137e+06 
3.63212e+06 
3.64725e+06 
2.92442e+06 
2.92928e+06 
3.39484e+06 
3.41109e+06 
2.84059e+06 
2.82724e+06 
2.82788e+06 
2.80585e+06 
2.80782e+06 
2.80629e+06 
2.80592e+06 
2.80586e+06 
2.80585e+06 
2.80585e+06 
2.80585e+06 
2.80585e+06 
2.80585e+06 
2.80585e+06 
2.80585e+06 
1.31041e+06 
1.371e+06 
2.80585e+06 
2.80585e+06 
2.80585e+06 
3.03216e+06 
2.80585e+06 
2.80585e+06 
2.80606e+06 
2.80688e+06 
2.80585e+06 
2.61637e+06 
2.79454e+06 
2.80585e+06 
2.80585e+06 
2.80585e+06 
2.80585e+06 
2.80585e+06 
2.80585e+06 
2.80585e+06 
1.1694e+06 
1.25206e+06 
2.80585e+06 
2.80585e+06 
2.80585e+06 
3.94359e+06 
2.80585e+06 
2.80585e+06 
3.9436e+06 
3.96351e+06 
833993 
872282 
2.80585e+06 
2.80585e+06 
1.34571e+06 
1.40762e+06 
2.80585e+06 
2.80585e+06 
1.08079e+06 
1.13138e+06 
1.42583e+06 
3.44719e+06 
3.68273e+06 
2.80585e+06 
2.80585e+06 
2.80969e+06 
2.80971e+06 
2.80586e+06 
2.8059e+06 
1.3841e+06 
1.44737e+06 
5.67287e+06 
5.56525e+06 
5.52726e+06 
841739 
888983 
879959 
5.03235e+06 
4.91652e+06 
872122 
913413 
4.47204e+06 
4.74174e+06 
2.80585e+06 
2.80585e+06 
5.59429e+06 
5.4494e+06 
5.42364e+06 
3.08617e+06 
3.15411e+06 
2.80585e+06 
2.80585e+06 
2.80585e+06 
5.20257e+06 
4.20311e+06 
4.19428e+06 
2.97916e+06 
2.90397e+06 
2.95916e+06 
2.25132e+06 
1.58895e+06 
1.47114e+06 
5.24658e+06 
4.28844e+06 
4.29568e+06 
3.7699e+06 
2.80585e+06 
2.91022e+06 
1.49067e+06 
3.41039e+06 
3.06696e+06 
905683 
5.03943e+06 
5.1072e+06 
3.52683e+06 
952295 
2.64156e+06 
1.00068e+06 
943673 
1.53778e+06 
1.04507e+06 
1.01226e+06 
968835 
987823 
920604 
2.92427e+06 
1.43463e+06 
1.53594e+06 
880487 
2.94853e+06 
1.57409e+06 
1.6446e+06 
1.85344e+06 
1.07619e+06 
1.11221e+06 
1.22072e+06 
4.13537e+06 
4.70339e+06 
4.68548e+06 
2.72141e+06 
1.17303e+06 
1.10013e+06 
2.02518e+06 
2.54348e+06 
1.77283e+06 
1.63317e+06 
2.80585e+06 
2.80585e+06 
2.80585e+06 
2.90359e+06 
4.84991e+06 
5.4163e+06 
4.01326e+06 
3.88456e+06 
5.29249e+06 
2.80585e+06 
1.0283e+06 
3.89263e+06 
5.49259e+06 
1.15157e+06 
2.80585e+06 
3.19032e+06 
3.11632e+06 
2.8418e+06 
2.86011e+06 
2.89075e+06 
2.80585e+06 
3.27556e+06 
3.65865e+06 
2.81298e+06 
2.80681e+06 
2.80604e+06 
2.80588e+06 
2.80585e+06 
2.80585e+06 
2.80585e+06 
2.80585e+06 
2.80585e+06 
2.80585e+06 
2.80585e+06 
2.80585e+06 
931348 
2.00158e+06 
4.24129e+06 
2.80585e+06 
5.36437e+06 
2.81878e+06 
2.80585e+06 
3.20895e+06 
2.84726e+06 
2.28569e+06 
2.13578e+06 
2.43981e+06 
1.01533e+06 
957037 
1.08967e+06 
4.48128e+06 
4.44465e+06 
2.80585e+06 
2.80585e+06 
2.80585e+06 
2.80585e+06 
2.80585e+06 
2.80585e+06 
2.80585e+06 
2.80585e+06 
2.80592e+06 
2.80627e+06 
2.80781e+06 
2.82426e+06 
2.80585e+06 
3.3026e+06 
2.94121e+06 
4.97947e+06 
1.01413e+06 
975470 
1.05933e+06 
1.09383e+06 
2.80585e+06 
963618 
921927 
1.93118e+06 
4.13002e+06 
5.2498e+06 
2.80585e+06 
2.80585e+06 
2.80585e+06 
2.80585e+06 
2.80585e+06 
2.80587e+06 
3.20372e+06 
2.80603e+06 
2.86217e+06 
2.80679e+06 
2.81309e+06 
2.80585e+06 
2.80585e+06 
1.12129e+06 
2.71236e+06 
5.2332e+06 
2.89176e+06 
1.35984e+06 
3.92545e+06 
4.80404e+06 
3.5149e+06 
1.87233e+06 
2.80585e+06 
2.18967e+06 
2.80585e+06 
1.79075e+06 
4.24371e+06 
992143 
4.41159e+06 
4.87152e+06 
999195 
1.04294e+06 
4.93802e+06 
1.03858e+06 
2.80585e+06 
1.30433e+06 
1.17334e+06 
2.80585e+06 
1.23456e+06 
4.03889e+06 
4.05318e+06 
1.07732e+06 
1.09141e+06 
1.13704e+06 
1.01645e+06 
4.23402e+06 
4.96895e+06 
4.81093e+06 
2.80585e+06 
4.8378e+06 
4.717e+06 
1.02708e+06 
1.0703e+06 
3.97134e+06 
2.42134e+06 
1.19297e+06 
1.24224e+06 
1.75416e+06 
4.62273e+06 
1.49572e+06 
4.64793e+06 
2.80585e+06 
5.14702e+06 
1.67524e+06 
5.07007e+06 
4.11844e+06 
3.75681e+06 
4.16082e+06 
2.84003e+06 
5.27179e+06 
2.885e+06 
2.9604e+06 
3.07721e+06 
3.14859e+06 
5.02277e+06 
5.16923e+06 
4.99039e+06 
4.1455e+06 
4.15445e+06 
4.19653e+06 
3.68513e+06 
2.80585e+06 
1.39084e+06 
1.4477e+06 
2.83398e+06 
4.99725e+06 
4.83333e+06 
4.58602e+06 
2.80749e+06 
1.13747e+06 
1.1849e+06 
3.05235e+06 
1.87503e+06 
2.83795e+06 
1.05085e+06 
1.0948e+06 
2.80617e+06 
3.22516e+06 
3.80688e+06 
3.8278e+06 
2.93263e+06 
2.81788e+06 
2.80922e+06 
2.8092e+06 
2.80661e+06 
2.80658e+06 
3.32946e+06 
3.34795e+06 
2.8059e+06 
2.80585e+06 
2.80585e+06 
2.80585e+06 
2.80585e+06 
2.80585e+06 
2.80585e+06 
2.80585e+06 
1.53514e+06 
1.59811e+06 
2.80585e+06 
2.80585e+06 
2.80673e+06 
4.73259e+06 
2.80585e+06 
2.80585e+06 
2.80585e+06 
2.80585e+06 
4.33249e+06 
4.32717e+06 
3.44304e+06 
3.46351e+06 
2.80585e+06 
2.80585e+06 
1.24729e+06 
5.04644e+06 
4.87332e+06 
2.80585e+06 
2.83323e+06 
4.15098e+06 
4.17001e+06 
962052 
2.29884e+06 
2.37746e+06 
3.19703e+06 
1.57776e+06 
1.64201e+06 
2.80585e+06 
2.80585e+06 
1.25653e+06 
1.30905e+06 
3.74843e+06 
3.79346e+06 
2.80585e+06 
2.81238e+06 
2.81243e+06 
2.80589e+06 
2.80602e+06 
1.62431e+06 
1.68976e+06 
2.82692e+06 
2.82744e+06 
3.66875e+06 
3.91613e+06 
2.80585e+06 
2.80585e+06 
2.78711e+06 
2.97338e+06 
2.80585e+06 
2.80585e+06 
1.27963e+06 
1.35856e+06 
1.33306e+06 
1.00708e+06 
1.05049e+06 
4.75922e+06 
4.47811e+06 
5.08852e+06 
2.80585e+06 
2.80585e+06 
2.84103e+06 
2.84214e+06 
3.13234e+06 
3.14548e+06 
2.86203e+06 
2.86406e+06 
959360 
1.00632e+06 
989971 
2.80585e+06 
2.80585e+06 
2.80585e+06 
4.69238e+06 
4.62074e+06 
4.90514e+06 
4.7871e+06 
4.76291e+06 
2.82048e+06 
1.6405e+06 
4.53666e+06 
2.83497e+06 
2.80585e+06 
2.80585e+06 
2.80585e+06 
2.81432e+06 
2.55846e+06 
1.08211e+06 
4.59856e+06 
4.15552e+06 
4.17942e+06 
1.33097e+06 
2.79029e+06 
4.48157e+06 
4.45729e+06 
2.80585e+06 
2.80585e+06 
4.64854e+06 
2.80585e+06 
2.80585e+06 
1.42384e+06 
1.48208e+06 
1.05957e+06 
1.38596e+06 
1.22183e+06 
1.15479e+06 
2.80585e+06 
1.10603e+06 
1.74204e+06 
2.80585e+06 
4.00277e+06 
1.2134e+06 
4.58867e+06 
1.15232e+06 
1.7307e+06 
1.41561e+06 
3.28834e+06 
4.54348e+06 
4.55151e+06 
4.50818e+06 
4.7394e+06 
4.76941e+06 
4.69525e+06 
1.85588e+06 
1.92841e+06 
1.28599e+06 
2.63751e+06 
4.39736e+06 
5.19642e+06 
1.26371e+06 
2.09226e+06 
2.80746e+06 
1.06377e+06 
1.03461e+06 
983409 
1.86127e+06 
2.80585e+06 
2.80585e+06 
4.2461e+06 
1.79919e+06 
1.70556e+06 
2.80585e+06 
971165 
1.02177e+06 
1.00969e+06 
4.85392e+06 
5.01506e+06 
2.80585e+06 
2.80585e+06 
2.82211e+06 
1.12231e+06 
1.20272e+06 
2.2676e+06 
1.16821e+06 
2.80585e+06 
2.80585e+06 
3.06258e+06 
2.98583e+06 
1.10821e+06 
2.80616e+06 
2.80598e+06 
3.57147e+06 
2.80597e+06 
3.9438e+06 
2.9378e+06 
2.89191e+06 
3.56277e+06 
3.41251e+06 
2.92804e+06 
3.0953e+06 
3.70713e+06 
5.0672e+06 
2.80589e+06 
2.80586e+06 
2.80586e+06 
2.80585e+06 
2.80585e+06 
2.80585e+06 
2.8233e+06 
4.67297e+06 
2.80585e+06 
3.24116e+06 
1.08605e+06 
1.33408e+06 
1.43388e+06 
4.89306e+06 
2.80585e+06 
2.80585e+06 
2.81808e+06 
1.64264e+06 
1.53537e+06 
1.75512e+06 
4.24818e+06 
2.50036e+06 
2.80585e+06 
1.1403e+06 
5.19134e+06 
2.43717e+06 
2.59953e+06 
2.80585e+06 
2.80585e+06 
4.96693e+06 
5.12218e+06 
5.09552e+06 
4.94101e+06 
4.91549e+06 
2.80585e+06 
5.03592e+06 
3.35355e+06 
2.80585e+06 
2.16932e+06 
2.00523e+06 
2.80585e+06 
2.80585e+06 
2.80585e+06 
2.99332e+06 
2.89526e+06 
3.58454e+06 
2.80585e+06 
2.80585e+06 
2.80585e+06 
3.67052e+06 
2.81692e+06 
1.82493e+06 
2.80585e+06 
4.43796e+06 
1.18435e+06 
4.55322e+06 
2.66193e+06 
1.34227e+06 
3.11077e+06 
4.2181e+06 
3.07392e+06 
4.55976e+06 
4.40248e+06 
2.80585e+06 
2.80585e+06 
1.41644e+06 
2.80585e+06 
2.80585e+06 
4.52416e+06 
2.80585e+06 
4.18803e+06 
2.80873e+06 
4.47883e+06 
4.74575e+06 
2.81516e+06 
3.37892e+06 
1.45878e+06 
1.94032e+06 
1.14916e+06 
1.28142e+06 
4.51747e+06 
1.92688e+06 
2.0811e+06 
2.00126e+06 
1.52966e+06 
1.56388e+06 
1.62133e+06 
2.80585e+06 
3.75332e+06 
2.13685e+06 
2.00079e+06 
2.27883e+06 
2.82137e+06 
4.51996e+06 
2.80866e+06 
1.55718e+06 
2.80641e+06 
2.80585e+06 
2.80585e+06 
2.80585e+06 
2.80585e+06 
2.80585e+06 
2.0787e+06 
2.80585e+06 
4.65882e+06 
4.56808e+06 
4.40453e+06 
2.80585e+06 
2.80585e+06 
2.80585e+06 
3.28748e+06 
3.35472e+06 
3.476e+06 
3.53718e+06 
2.81159e+06 
2.81698e+06 
2.81156e+06 
4.26967e+06 
4.27768e+06 
2.00676e+06 
2.15042e+06 
2.07652e+06 
2.80585e+06 
2.94046e+06 
3.99035e+06 
2.80585e+06 
1.15924e+06 
1.20415e+06 
4.6798e+06 
4.49779e+06 
1.30013e+06 
1.34926e+06 
4.16296e+06 
4.18145e+06 
1.22974e+06 
4.09471e+06 
4.1127e+06 
2.99949e+06 
3.00696e+06 
3.39275e+06 
2.80585e+06 
2.80585e+06 
2.81019e+06 
1.11272e+06 
2.80715e+06 
2.8071e+06 
4.72019e+06 
3.50033e+06 
3.52215e+06 
3.86132e+06 
3.90617e+06 
2.80587e+06 
2.80587e+06 
4.33876e+06 
4.34066e+06 
2.80585e+06 
2.80585e+06 
3.16319e+06 
3.177e+06 
2.80585e+06 
2.80585e+06 
2.81084e+06 
2.80593e+06 
2.80592e+06 
2.80585e+06 
2.80585e+06 
4.39474e+06 
4.38988e+06 
3.62658e+06 
3.64958e+06 
4.51925e+06 
2.80585e+06 
2.80585e+06 
2.80585e+06 
3.87586e+06 
3.89882e+06 
1.19858e+06 
1.24399e+06 
2.80585e+06 
2.80585e+06 
1.51856e+06 
2.80585e+06 
2.80585e+06 
1.44255e+06 
1.49698e+06 
4.03288e+06 
4.06767e+06 
4.52269e+06 
4.444e+06 
2.80595e+06 
1.87981e+06 
1.94743e+06 
2.84079e+06 
3.89115e+06 
3.60789e+06 
4.13469e+06 
2.80585e+06 
2.80585e+06 
2.9626e+06 
3.15348e+06 
2.80585e+06 
2.80585e+06 
2.82605e+06 
2.82636e+06 
1.6013e+06 
1.65949e+06 
4.52271e+06 
4.45558e+06 
4.46403e+06 
2.86326e+06 
2.86504e+06 
1.36598e+06 
1.41639e+06 
4.51821e+06 
4.41798e+06 
3.26563e+06 
3.2827e+06 
2.89571e+06 
2.89889e+06 
4.53906e+06 
2.79824e+06 
2.87375e+06 
1.24645e+06 
1.29347e+06 
2.80585e+06 
2.80703e+06 
2.80607e+06 
2.80772e+06 
1.72817e+06 
1.15909e+06 
4.42561e+06 
2.80585e+06 
4.40812e+06 
2.80585e+06 
3.72425e+06 
2.80585e+06 
2.80585e+06 
4.46988e+06 
4.44925e+06 
2.80585e+06 
3.08439e+06 
2.80585e+06 
2.80585e+06 
1.24387e+06 
1.32902e+06 
2.80808e+06 
2.80742e+06 
4.43069e+06 
2.9476e+06 
4.52072e+06 
4.01159e+06 
1.64141e+06 
1.70098e+06 
2.53882e+06 
4.16225e+06 
1.32028e+06 
1.14229e+06 
4.23608e+06 
2.00524e+06 
3.18225e+06 
3.39881e+06 
2.80585e+06 
2.15577e+06 
2.22979e+06 
1.1711e+06 
1.5866e+06 
1.49842e+06 
1.39088e+06 
1.09999e+06 
2.80638e+06 
2.80607e+06 
1.77491e+06 
2.94552e+06 
1.68374e+06 
1.79161e+06 
1.74514e+06 
1.22938e+06 
2.84163e+06 
1.39205e+06 
1.36976e+06 
1.84025e+06 
2.80585e+06 
2.73849e+06 
2.80585e+06 
3.77678e+06 
1.4694e+06 
1.21595e+06 
4.40202e+06 
4.54665e+06 
1.27608e+06 
1.21372e+06 
4.20152e+06 
2.80836e+06 
1.89172e+06 
3.16158e+06 
3.46618e+06 
4.48045e+06 
4.63533e+06 
2.80585e+06 
2.80585e+06 
2.80854e+06 
2.80606e+06 
2.80585e+06 
2.80861e+06 
1.19557e+06 
2.80585e+06 
4.46864e+06 
4.50774e+06 
1.76027e+06 
1.88128e+06 
1.33002e+06 
1.26365e+06 
2.00878e+06 
3.96971e+06 
3.99811e+06 
2.59578e+06 
2.76436e+06 
2.80585e+06 
2.80585e+06 
2.82925e+06 
2.87404e+06 
1.46961e+06 
1.5252e+06 
3.87904e+06 
3.53814e+06 
3.92742e+06 
2.80585e+06 
2.81041e+06 
4.58194e+06 
4.4112e+06 
4.40082e+06 
4.53094e+06 
3.02189e+06 
4.52373e+06 
4.40232e+06 
2.80585e+06 
1.19157e+06 
1.138e+06 
4.18712e+06 
2.61612e+06 
2.42819e+06 
1.44237e+06 
2.80587e+06 
4.40161e+06 
1.25955e+06 
1.31148e+06 
2.80586e+06 
2.8983e+06 
3.96951e+06 
2.80585e+06 
2.80585e+06 
2.80585e+06 
1.32215e+06 
4.1387e+06 
2.80585e+06 
2.80585e+06 
2.03017e+06 
1.44969e+06 
4.1587e+06 
1.37047e+06 
1.49339e+06 
2.80585e+06 
4.49247e+06 
4.46867e+06 
4.46288e+06 
1.77847e+06 
4.16655e+06 
3.64683e+06 
2.13824e+06 
2.28008e+06 
1.57723e+06 
4.12575e+06 
3.99839e+06 
1.15317e+06 
1.12642e+06 
1.25863e+06 
3.5621e+06 
2.80586e+06 
3.01196e+06 
4.2554e+06 
3.32094e+06 
2.80585e+06 
4.19685e+06 
2.80681e+06 
3.81277e+06 
3.86238e+06 
1.33705e+06 
1.3838e+06 
2.80585e+06 
3.19407e+06 
3.94793e+06 
2.80585e+06 
2.80585e+06 
4.17718e+06 
1.47078e+06 
1.522e+06 
4.0122e+06 
4.02904e+06 
3.09422e+06 
3.10434e+06 
4.24011e+06 
4.25288e+06 
2.80585e+06 
2.80585e+06 
2.80585e+06 
4.35824e+06 
4.30633e+06 
4.35999e+06 
4.31388e+06 
3.02452e+06 
4.10372e+06 
2.08755e+06 
2.1571e+06 
4.42753e+06 
4.60617e+06 
4.45588e+06 
4.42865e+06 
2.80807e+06 
2.80799e+06 
2.80599e+06 
3.69361e+06 
3.71685e+06 
4.10249e+06 
4.13514e+06 
2.80589e+06 
2.80589e+06 
4.39577e+06 
4.39159e+06 
2.81063e+06 
2.81053e+06 
2.80585e+06 
2.80585e+06 
3.30835e+06 
3.32557e+06 
2.80585e+06 
2.80585e+06 
2.80585e+06 
2.80585e+06 
2.80585e+06 
2.80585e+06 
2.80585e+06 
2.80585e+06 
2.80657e+06 
2.80623e+06 
2.8062e+06 
2.80585e+06 
2.80585e+06 
2.80585e+06 
2.80585e+06 
1.60846e+06 
1.66245e+06 
4.41862e+06 
4.4084e+06 
3.82366e+06 
3.84622e+06 
1.3532e+06 
1.4003e+06 
2.80585e+06 
2.80585e+06 
2.80585e+06 
1.29848e+06 
2.14985e+06 
2.21999e+06 
2.80585e+06 
2.80585e+06 
1.63954e+06 
1.69576e+06 
4.19359e+06 
4.21784e+06 
1.53805e+06 
1.43752e+06 
1.64852e+06 
1.51868e+06 
1.56986e+06 
3.13796e+06 
2.80585e+06 
2.80585e+06 
2.80585e+06 
2.83941e+06 
1.38912e+06 
1.43686e+06 
1.8226e+06 
1.88183e+06 
2.80649e+06 
2.80824e+06 
3.16818e+06 
3.23814e+06 
1.54687e+06 
1.62939e+06 
1.59813e+06 
2.21952e+06 
2.28936e+06 
4.22368e+06 
4.14064e+06 
4.11358e+06 
3.97988e+06 
3.43245e+06 
3.45287e+06 
2.9472e+06 
2.95204e+06 
1.40888e+06 
1.4572e+06 
1.18415e+06 
2.80597e+06 
2.80622e+06 
4.42483e+06 
4.40129e+06 
3.01926e+06 
1.36893e+06 
1.30911e+06 
3.09732e+06 
2.8928e+06 
2.8064e+06 
2.8064e+06 
2.83981e+06 
2.82444e+06 
2.38173e+06 
2.80625e+06 
2.80611e+06 
4.40039e+06 
4.21347e+06 
2.50595e+06 
2.32881e+06 
1.87105e+06 
1.93112e+06 
4.01678e+06 
4.15012e+06 
2.42948e+06 
4.18026e+06 
4.22179e+06 
3.20758e+06 
4.32004e+06 
2.80585e+06 
2.14387e+06 
1.42919e+06 
3.48104e+06 
1.55477e+06 
3.58469e+06 
2.47158e+06 
2.54571e+06 
3.96928e+06 
2.80585e+06 
3.96386e+06 
3.54431e+06 
4.02631e+06 
2.80585e+06 
4.01074e+06 
2.80676e+06 
4.10441e+06 
4.06099e+06 
3.3884e+06 
2.81557e+06 
2.81548e+06 
2.80585e+06 
2.80585e+06 
2.29725e+06 
2.36724e+06 
4.08057e+06 
2.80585e+06 
4.00914e+06 
4.16895e+06 
1.54484e+06 
2.90101e+06 
2.86313e+06 
2.80585e+06 
2.80585e+06 
2.80585e+06 
2.80585e+06 
3.704e+06 
2.80585e+06 
4.41088e+06 
1.41794e+06 
2.80593e+06 
2.86435e+06 
2.80585e+06 
2.80623e+06 
2.80649e+06 
1.83771e+06 
1.73906e+06 
2.80585e+06 
4.0405e+06 
2.23867e+06 
2.31469e+06 
1.89077e+06 
2.01782e+06 
4.17556e+06 
3.76062e+06 
3.78671e+06 
1.35155e+06 
1.29764e+06 
4.37363e+06 
4.28852e+06 
4.18123e+06 
4.22207e+06 
2.75878e+06 
2.93534e+06 
2.80585e+06 
3.5633e+06 
3.33372e+06 
3.74585e+06 
2.80585e+06 
2.80585e+06 
2.89643e+06 
3.02232e+06 
1.67089e+06 
1.72887e+06 
3.65472e+06 
3.6974e+06 
4.34841e+06 
4.29573e+06 
1.50015e+06 
4.09699e+06 
3.9494e+06 
2.80585e+06 
2.09775e+06 
1.97543e+06 
4.17622e+06 
4.07459e+06 
2.80955e+06 
1.35559e+06 
2.80586e+06 
4.23903e+06 
1.47849e+06 
2.80585e+06 
2.81829e+06 
3.30115e+06 
3.06366e+06 
3.35083e+06 
2.80585e+06 
4.12439e+06 
2.8065e+06 
2.80587e+06 
2.80586e+06 
2.82325e+06 
2.8563e+06 
2.36585e+06 
2.45336e+06 
1.70231e+06 
1.60322e+06 
3.11323e+06 
2.80585e+06 
1.62715e+06 
1.67955e+06 
2.80585e+06 
4.26051e+06 
2.50958e+06 
4.2173e+06 
4.22938e+06 
1.70356e+06 
1.76259e+06 
1.65071e+06 
1.70453e+06 
1.32841e+06 
4.16162e+06 
3.6976e+06 
1.92226e+06 
2.04027e+06 
1.98444e+06 
3.3487e+06 
2.80585e+06 
2.80585e+06 
2.80779e+06 
4.06548e+06 
1.67494e+06 
1.75579e+06 
1.72942e+06 
4.1656e+06 
4.19471e+06 
2.43016e+06 
2.28328e+06 
2.58387e+06 
3.66063e+06 
1.49752e+06 
2.8075e+06 
2.80742e+06 
2.80585e+06 
3.81509e+06 
3.22183e+06 
3.23475e+06 
3.75236e+06 
4.02161e+06 
4.02794e+06 
4.33975e+06 
4.28886e+06 
4.29732e+06 
3.80266e+06 
3.85673e+06 
2.80963e+06 
2.80951e+06 
3.89436e+06 
2.80595e+06 
4.22515e+06 
4.24659e+06 
2.80592e+06 
2.80591e+06 
4.36718e+06 
4.39931e+06 
2.81392e+06 
2.81374e+06 
2.80585e+06 
2.80585e+06 
3.48692e+06 
3.50644e+06 
2.80585e+06 
3.89965e+06 
2.80585e+06 
2.80585e+06 
2.80585e+06 
2.80585e+06 
2.9521e+06 
1.53462e+06 
1.81053e+06 
4.39026e+06 
4.37184e+06 
4.16146e+06 
4.05163e+06 
4.01504e+06 
4.03432e+06 
2.80595e+06 
1.5158e+06 
1.56507e+06 
2.80585e+06 
2.80585e+06 
2.43361e+06 
2.50728e+06 
4.32799e+06 
4.39551e+06 
2.80585e+06 
2.80585e+06 
1.84832e+06 
1.9058e+06 
4.22809e+06 
4.24283e+06 
1.55554e+06 
1.6051e+06 
1.30707e+06 
2.05332e+06 
3.72174e+06 
3.61217e+06 
3.62734e+06 
3.64961e+06 
3.02368e+06 
3.0308e+06 
1.5789e+06 
1.62837e+06 
1.46784e+06 
4.13989e+06 
1.79832e+06 
4.10392e+06 
3.9436e+06 
4.33361e+06 
4.30373e+06 
1.44534e+06 
2.43819e+06 
2.30122e+06 
3.71907e+06 
2.80591e+06 
2.80589e+06 
2.80585e+06 
2.69487e+06 
2.96904e+06 
2.7741e+06 
4.37387e+06 
4.37179e+06 
2.80608e+06 
2.80599e+06 
2.80596e+06 
1.5846e+06 
2.82448e+06 
3.12348e+06 
1.65379e+06 
2.40616e+06 
2.11079e+06 
2.17022e+06 
2.80585e+06 
2.80585e+06 
4.03358e+06 
3.71306e+06 
4.11047e+06 
2.80585e+06 
2.5813e+06 
2.80585e+06 
3.71883e+06 
3.51489e+06 
2.80585e+06 
2.80585e+06 
2.80585e+06 
2.79799e+06 
2.86972e+06 
2.80645e+06 
2.80585e+06 
2.80585e+06 
3.5573e+06 
2.80585e+06 
2.80867e+06 
2.81516e+06 
2.28701e+06 
1.86451e+06 
1.77175e+06 
1.5463e+06 
1.48101e+06 
2.80585e+06 
2.8221e+06 
2.82189e+06 
2.80587e+06 
2.59724e+06 
2.66627e+06 
3.82097e+06 
3.94846e+06 
2.93216e+06 
2.80585e+06 
2.80585e+06 
3.3645e+06 
3.64845e+06 
3.7812e+06 
2.80585e+06 
2.80585e+06 
2.80585e+06 
3.82287e+06 
4.34337e+06 
4.38597e+06 
4.3936e+06 
3.94025e+06 
2.8059e+06 
2.80585e+06 
4.10288e+06 
2.80605e+06 
4.20442e+06 
4.13738e+06 
4.00382e+06 
3.96605e+06 
1.53129e+06 
4.3433e+06 
3.61132e+06 
2.80618e+06 
2.80638e+06 
4.4133e+06 
4.38249e+06 
2.80594e+06 
2.95586e+06 
2.89815e+06 
1.36637e+06 
4.17105e+06 
2.56603e+06 
2.64266e+06 
2.03021e+06 
2.15251e+06 
4.0588e+06 
3.99897e+06 
3.55557e+06 
3.57409e+06 
4.00358e+06 
3.9393e+06 
3.76447e+06 
1.6582e+06 
1.77822e+06 
3.58225e+06 
2.80585e+06 
2.80585e+06 
1.88472e+06 
1.94522e+06 
2.80585e+06 
3.45233e+06 
3.48637e+06 
2.1135e+06 
2.00316e+06 
4.15834e+06 
4.10559e+06 
3.67219e+06 
3.55317e+06 
1.73476e+06 
1.82361e+06 
1.78677e+06 
1.51423e+06 
1.45692e+06 
3.85972e+06 
3.77304e+06 
3.3274e+06 
2.80585e+06 
3.91685e+06 
3.57598e+06 
3.37187e+06 
2.80585e+06 
3.87768e+06 
3.12863e+06 
3.98641e+06 
2.89962e+06 
2.86074e+06 
3.78785e+06 
1.55463e+06 
2.86969e+06 
2.96047e+06 
3.58859e+06 
3.72595e+06 
2.76381e+06 
4.25264e+06 
1.70837e+06 
2.80585e+06 
2.80585e+06 
4.0539e+06 
2.80585e+06 
2.6664e+06 
2.74454e+06 
3.59209e+06 
2.80588e+06 
2.80587e+06 
3.94901e+06 
1.92131e+06 
1.98353e+06 
1.84182e+06 
1.66562e+06 
2.80585e+06 
2.42629e+06 
2.58423e+06 
4.30608e+06 
4.2542e+06 
4.22317e+06 
2.83665e+06 
2.83656e+06 
1.7862e+06 
2.80871e+06 
4.08271e+06 
2.80585e+06 
2.80585e+06 
1.95983e+06 
2.0227e+06 
2.81939e+06 
3.13891e+06 
3.30814e+06 
2.80712e+06 
3.03135e+06 
2.80586e+06 
4.23365e+06 
4.24666e+06 
3.6859e+06 
4.0582e+06 
4.10276e+06 
2.81234e+06 
2.81217e+06 
4.15643e+06 
2.80585e+06 
4.36058e+06 
2.80585e+06 
2.80585e+06 
2.80597e+06 
2.80595e+06 
2.80588e+06 
3.38376e+06 
2.80585e+06 
2.80585e+06 
3.69007e+06 
4.37595e+06 
4.36727e+06 
2.80585e+06 
2.80585e+06 
3.5339e+06 
3.55041e+06 
4.15029e+06 
4.18635e+06 
2.80585e+06 
2.80585e+06 
3.82872e+06 
3.73485e+06 
4.17922e+06 
4.19294e+06 
1.6896e+06 
1.73906e+06 
2.80585e+06 
2.80585e+06 
2.80623e+06 
2.80618e+06 
3.34633e+06 
1.48106e+06 
1.52872e+06 
1.56692e+06 
4.35726e+06 
4.00942e+06 
2.80585e+06 
2.80585e+06 
2.06925e+06 
4.15353e+06 
4.16243e+06 
1.72914e+06 
1.78254e+06 
3.61964e+06 
3.5507e+06 
2.8059e+06 
1.81494e+06 
1.86912e+06 
2.7481e+06 
3.83659e+06 
3.8577e+06 
3.13343e+06 
3.14315e+06 
1.75618e+06 
1.80655e+06 
3.96837e+06 
3.98937e+06 
4.26024e+06 
4.26717e+06 
2.80585e+06 
2.80585e+06 
3.64549e+06 
3.51585e+06 
2.80585e+06 
4.19338e+06 
4.15709e+06 
2.80586e+06 
2.37016e+06 
2.23703e+06 
1.76393e+06 
2.85268e+06 
4.37658e+06 
4.36186e+06 
4.24947e+06 
2.35676e+06 
2.80585e+06 
4.38567e+06 
3.88791e+06 
2.80585e+06 
2.80585e+06 
1.64971e+06 
2.80585e+06 
2.80585e+06 
3.44046e+06 
3.24185e+06 
3.99161e+06 
3.81658e+06 
2.7556e+06 
2.93474e+06 
2.80585e+06 
2.80585e+06 
1.89848e+06 
2.80585e+06 
2.65955e+06 
2.42742e+06 
2.58894e+06 
2.81819e+06 
2.84133e+06 
4.27898e+06 
4.34306e+06 
1.89422e+06 
1.83725e+06 
4.00384e+06 
2.86112e+06 
2.83261e+06 
2.83216e+06 
2.80585e+06 
2.89843e+06 
2.96711e+06 
3.12563e+06 
2.80585e+06 
2.06487e+06 
2.81914e+06 
2.88424e+06 
2.73147e+06 
4.10163e+06 
3.62416e+06 
3.75912e+06 
4.22026e+06 
3.80453e+06 
3.00804e+06 
3.19023e+06 
3.07023e+06 
3.81384e+06 
2.80585e+06 
2.80613e+06 
3.39958e+06 
3.25088e+06 
3.70912e+06 
2.80586e+06 
4.2933e+06 
4.25707e+06 
1.65023e+06 
2.80696e+06 
3.03523e+06 
2.95083e+06 
3.2149e+06 
3.3484e+06 
1.79658e+06 
1.92637e+06 
2.90327e+06 
2.97844e+06 
3.59029e+06 
1.86782e+06 
1.92596e+06 
3.25062e+06 
3.38275e+06 
2.14793e+06 
2.26784e+06 
3.82739e+06 
3.76928e+06 
3.36994e+06 
3.37005e+06 
4.01547e+06 
4.2713e+06 
2.12638e+06 
2.02154e+06 
2.80585e+06 
2.17304e+06 
2.23414e+06 
2.80585e+06 
2.80585e+06 
2.80593e+06 
2.1122e+06 
2.1751e+06 
3.28179e+06 
3.30831e+06 
3.94508e+06 
3.82908e+06 
3.88794e+06 
3.31744e+06 
3.22074e+06 
3.26549e+06 
4.32292e+06 
1.92817e+06 
1.9823e+06 
2.80856e+06 
3.56557e+06 
3.48877e+06 
3.16339e+06 
3.19715e+06 
4.32456e+06 
2.80873e+06 
2.41454e+06 
2.29122e+06 
1.71788e+06 
4.35757e+06 
3.81552e+06 
2.80627e+06 
2.80734e+06 
3.70539e+06 
4.2463e+06 
3.67938e+06 
2.80686e+06 
1.71846e+06 
3.29601e+06 
3.43217e+06 
2.80588e+06 
2.98535e+06 
3.56559e+06 
3.65316e+06 
2.80587e+06 
2.80585e+06 
2.80585e+06 
4.27688e+06 
4.36558e+06 
4.3454e+06 
2.80586e+06 
1.63582e+06 
2.80585e+06 
4.36091e+06 
3.03918e+06 
2.80585e+06 
2.73369e+06 
2.58667e+06 
2.15328e+06 
2.21893e+06 
1.97188e+06 
2.07264e+06 
2.02243e+06 
2.80585e+06 
1.90184e+06 
1.8491e+06 
1.95303e+06 
2.80585e+06 
3.37108e+06 
1.97789e+06 
2.8559e+06 
2.85541e+06 
3.95022e+06 
2.89366e+06 
2.8936e+06 
2.01417e+06 
2.06929e+06 
2.80585e+06 
2.80585e+06 
2.8059e+06 
2.80589e+06 
3.01193e+06 
3.08888e+06 
4.23442e+06 
2.8077e+06 
4.33677e+06 
4.31461e+06 
2.81081e+06 
2.8105e+06 
2.81718e+06 
2.81707e+06 
2.80585e+06 
2.80585e+06 
2.80585e+06 
2.80585e+06 
2.80604e+06 
2.80601e+06 
4.1492e+06 
2.80585e+06 
2.80585e+06 
2.80585e+06 
3.57712e+06 
2.04537e+06 
2.1055e+06 
4.20709e+06 
2.80585e+06 
3.73616e+06 
3.75098e+06 
4.27e+06 
4.29493e+06 
3.52364e+06 
3.44063e+06 
4.29554e+06 
2.80585e+06 
2.80585e+06 
2.80647e+06 
2.80638e+06 
2.80585e+06 
4.00587e+06 
4.01193e+06 
2.80589e+06 
2.80592e+06 
1.83586e+06 
1.91468e+06 
4.23941e+06 
4.25125e+06 
1.91191e+06 
1.98024e+06 
3.35251e+06 
2.19497e+06 
2.26182e+06 
3.81316e+06 
3.82025e+06 
2.80585e+06 
3.49129e+06 
3.40265e+06 
2.82865e+06 
2.82863e+06 
3.04064e+06 
2.80585e+06 
2.80585e+06 
3.11671e+06 
3.19613e+06 
3.89892e+06 
3.91258e+06 
4.03715e+06 
4.05277e+06 
3.28195e+06 
1.93866e+06 
1.99143e+06 
4.14854e+06 
4.1628e+06 
4.09471e+06 
4.33768e+06 
4.33481e+06 
2.91164e+06 
4.01112e+06 
3.97178e+06 
3.49611e+06 
2.30176e+06 
3.31878e+06 
3.12455e+06 
4.29409e+06 
4.30562e+06 
4.27577e+06 
2.30115e+06 
3.46691e+06 
3.2829e+06 
4.3189e+06 
2.80607e+06 
2.80586e+06 
3.00754e+06 
2.91732e+06 
1.74175e+06 
2.96314e+06 
3.09462e+06 
3.20222e+06 
3.64583e+06 
2.23834e+06 
3.86659e+06 
3.6882e+06 
2.80586e+06 
2.95518e+06 
2.80585e+06 
2.80585e+06 
2.60049e+06 
3.70116e+06 
4.36313e+06 
4.15748e+06 
2.10181e+06 
2.8491e+06 
2.02644e+06 
2.80585e+06 
4.06424e+06 
2.95181e+06 
2.84913e+06 
2.84851e+06 
2.80749e+06 
3.19292e+06 
3.27299e+06 
2.8079e+06 
2.81247e+06 
2.60312e+06 
4.26178e+06 
4.16223e+06 
1.70525e+06 
3.77213e+06 
4.34666e+06 
1.95436e+06 
2.48906e+06 
3.43984e+06 
3.58731e+06 
2.80585e+06 
2.80585e+06 
2.80585e+06 
2.80585e+06 
4.12822e+06 
4.08545e+06 
3.34734e+06 
2.80585e+06 
3.43125e+06 
1.96833e+06 
3.23987e+06 
3.31067e+06 
2.0742e+06 
2.13626e+06 
1.87674e+06 
2.2553e+06 
2.11898e+06 
2.44722e+06 
3.5894e+06 
3.52723e+06 
4.2344e+06 
3.19005e+06 
3.18219e+06 
2.80588e+06 
2.43164e+06 
3.29279e+06 
3.43465e+06 
2.30586e+06 
2.35414e+06 
2.41876e+06 
3.15068e+06 
3.16896e+06 
3.37724e+06 
3.70623e+06 
3.58049e+06 
3.643e+06 
3.1205e+06 
2.96526e+06 
2.12729e+06 
2.19255e+06 
3.28577e+06 
3.21548e+06 
3.29057e+06 
3.13992e+06 
3.45238e+06 
3.59892e+06 
4.05912e+06 
4.17095e+06 
3.05539e+06 
2.92679e+06 
3.07862e+06 
4.35369e+06 
3.26646e+06 
3.17496e+06 
4.30093e+06 
2.35353e+06 
3.5952e+06 
2.69129e+06 
2.74164e+06 
1.90048e+06 
3.36819e+06 
1.96219e+06 
3.56194e+06 
3.62406e+06 
1.91346e+06 
4.24505e+06 
2.80591e+06 
4.26814e+06 
4.23238e+06 
3.39802e+06 
2.35046e+06 
2.2354e+06 
2.80617e+06 
2.80588e+06 
3.11388e+06 
2.80616e+06 
2.80693e+06 
2.80587e+06 
3.82128e+06 
2.80585e+06 
2.80961e+06 
4.22077e+06 
3.52084e+06 
3.38208e+06 
3.4661e+06 
2.39925e+06 
2.46954e+06 
2.16507e+06 
2.82975e+06 
2.12508e+06 
3.1994e+06 
2.80881e+06 
2.22549e+06 
4.25204e+06 
2.80585e+06 
2.65947e+06 
2.53512e+06 
2.80594e+06 
2.80592e+06 
3.353e+06 
3.42581e+06 
2.94246e+06 
3.30302e+06 
3.35845e+06 
3.80436e+06 
3.20179e+06 
3.46771e+06 
3.53975e+06 
2.88508e+06 
2.88336e+06 
4.34229e+06 
2.81421e+06 
2.81333e+06 
3.1729e+06 
3.08573e+06 
2.82608e+06 
2.82548e+06 
4.3347e+06 
4.3428e+06 
4.32613e+06 
2.65444e+06 
2.51003e+06 
2.80585e+06 
3.15754e+06 
3.03391e+06 
3.07935e+06 
2.26339e+06 
2.3277e+06 
2.80585e+06 
2.1231e+06 
2.80585e+06 
3.93432e+06 
3.95229e+06 
3.23872e+06 
3.16203e+06 
2.17439e+06 
2.21467e+06 
4.22653e+06 
4.18894e+06 
3.18753e+06 
3.20346e+06 
2.80684e+06 
2.80672e+06 
2.80585e+06 
2.80585e+06 
2.4457e+06 
2.51553e+06 
2.80586e+06 
2.57083e+06 
4.01521e+06 
2.03627e+06 
2.15858e+06 
4.14777e+06 
4.16263e+06 
2.12419e+06 
2.2141e+06 
3.61597e+06 
3.62254e+06 
2.8461e+06 
2.84835e+06 
2.49186e+06 
2.56334e+06 
3.42749e+06 
4.08263e+06 
4.08057e+06 
4.20012e+06 
4.20542e+06 
3.71116e+06 
3.84052e+06 
4.27631e+06 
4.27976e+06 
2.86332e+06 
4.24216e+06 
4.28942e+06 
3.38272e+06 
3.4104e+06 
2.52596e+06 
4.15806e+06 
4.11019e+06 
2.80613e+06 
3.48555e+06 
2.80585e+06 
2.80601e+06 
3.80013e+06 
2.80586e+06 
3.58112e+06 
2.71947e+06 
2.32469e+06 
3.03876e+06 
2.88106e+06 
2.27599e+06 
3.33106e+06 
3.25716e+06 
4.28836e+06 
4.30298e+06 
2.80585e+06 
3.11839e+06 
3.0835e+06 
2.17317e+06 
2.22317e+06 
4.00219e+06 
3.45814e+06 
2.83422e+06 
2.61001e+06 
3.02576e+06 
2.87507e+06 
2.87657e+06 
2.80585e+06 
2.19882e+06 
2.80585e+06 
4.18108e+06 
4.04857e+06 
2.84097e+06 
3.50231e+06 
3.57873e+06 
2.81424e+06 
3.67101e+06 
3.73814e+06 
2.94109e+06 
2.80585e+06 
2.94632e+06 
2.98015e+06 
2.8084e+06 
4.33287e+06 
4.32224e+06 
2.05693e+06 
4.31344e+06 
4.29419e+06 
2.78402e+06 
2.93812e+06 
2.83814e+06 
3.1044e+06 
4.19058e+06 
4.3197e+06 
2.80585e+06 
2.80585e+06 
2.80585e+06 
2.80585e+06 
2.80585e+06 
2.80585e+06 
2.80585e+06 
2.16091e+06 
3.85525e+06 
4.13549e+06 
2.67125e+06 
2.47661e+06 
3.65119e+06 
3.65277e+06 
2.29387e+06 
2.36252e+06 
2.80589e+06 
4.01055e+06 
3.04639e+06 
3.03903e+06 
2.64338e+06 
2.77773e+06 
2.87579e+06 
2.61286e+06 
2.65738e+06 
3.92271e+06 
3.78453e+06 
3.87626e+06 
3.05506e+06 
3.04677e+06 
3.76085e+06 
3.50484e+06 
3.35075e+06 
3.02519e+06 
2.35218e+06 
2.42122e+06 
3.016e+06 
2.9544e+06 
3.51295e+06 
3.14048e+06 
3.84552e+06 
2.97608e+06 
2.99499e+06 
2.9776e+06 
2.90883e+06 
3.76108e+06 
3.90257e+06 
3.82678e+06 
3.66641e+06 
4.27894e+06 
3.8824e+06 
3.70666e+06 
3.31243e+06 
3.44535e+06 
3.25105e+06 
2.80607e+06 
2.80585e+06 
3.82604e+06 
4.11547e+06 
2.50023e+06 
2.80588e+06 
3.12732e+06 
2.88567e+06 
2.81038e+06 
2.33364e+06 
3.85222e+06 
2.92646e+06 
4.3246e+06 
2.80585e+06 
3.45173e+06 
3.63661e+06 
3.27557e+06 
3.01145e+06 
2.82143e+06 
2.80587e+06 
2.80585e+06 
2.92438e+06 
2.80827e+06 
2.80599e+06 
3.77992e+06 
3.84239e+06 
2.86587e+06 
2.68893e+06 
2.82491e+06 
2.92602e+06 
3.00641e+06 
2.91977e+06 
2.80585e+06 
2.89152e+06 
2.81221e+06 
3.37562e+06 
2.84024e+06 
4.06133e+06 
3.05982e+06 
3.19944e+06 
4.21336e+06 
2.80726e+06 
2.80659e+06 
2.81033e+06 
4.13823e+06 
3.62888e+06 
2.43595e+06 
2.31564e+06 
2.9681e+06 
2.85044e+06 
2.89168e+06 
2.37498e+06 
4.19812e+06 
4.04289e+06 
3.88531e+06 
3.94427e+06 
3.10866e+06 
3.08844e+06 
2.70802e+06 
2.39216e+06 
2.28077e+06 
3.98007e+06 
4.03671e+06 
4.09808e+06 
4.0454e+06 
2.44081e+06 
2.61915e+06 
2.3671e+06 
4.19614e+06 
4.02412e+06 
2.65775e+06 
2.73867e+06 
3.43335e+06 
2.88129e+06 
2.76072e+06 
2.88453e+06 
2.83335e+06 
3.44119e+06 
3.58464e+06 
4.2979e+06 
4.29989e+06 
4.2729e+06 
4.06291e+06 
4.25935e+06 
4.22329e+06 
2.81863e+06 
2.81591e+06 
4.32646e+06 
4.31545e+06 
3.5628e+06 
3.73056e+06 
3.64428e+06 
3.16804e+06 
2.80585e+06 
2.80596e+06 
2.48381e+06 
4.05329e+06 
4.1856e+06 
4.16383e+06 
2.33177e+06 
2.48937e+06 
3.72098e+06 
3.25813e+06 
2.56923e+06 
2.71378e+06 
2.61051e+06 
3.65186e+06 
3.27253e+06 
2.44747e+06 
2.78209e+06 
2.85107e+06 
2.81e+06 
2.80755e+06 
2.74592e+06 
3.05294e+06 
4.3165e+06 
2.78088e+06 
3.10305e+06 
2.82396e+06 
4.00972e+06 
2.3704e+06 
2.44287e+06 
2.9411e+06 
2.8113e+06 
2.80632e+06 
2.8064e+06 
2.80676e+06 
2.95158e+06 
3.86217e+06 
4.11038e+06 
3.11215e+06 
4.28075e+06 
3.03616e+06 
3.94719e+06 
2.97816e+06 
3.18746e+06 
4.30544e+06 
2.80585e+06 
2.80749e+06 
3.04928e+06 
3.09621e+06 
2.83634e+06 
3.92119e+06 
3.09141e+06 
2.87874e+06 
3.28842e+06 
3.15958e+06 
3.22805e+06 
2.87381e+06 
3.43804e+06 
2.88394e+06 
3.99383e+06 
3.45539e+06 
3.98436e+06 
2.96944e+06 
3.21588e+06 
2.5288e+06 
2.80585e+06 
3.69312e+06 
2.78047e+06 
3.94499e+06 
3.41177e+06 
3.20528e+06 
3.56891e+06 
2.93133e+06 
2.80585e+06 
2.95106e+06 
2.55282e+06 
2.63444e+06 
2.72533e+06 
3.87015e+06 
4.28922e+06 
2.84181e+06 
3.12423e+06 
3.43724e+06 
3.27825e+06 
2.56111e+06 
2.66764e+06 
2.87639e+06 
2.59284e+06 
2.80585e+06 
2.80585e+06 
3.83732e+06 
2.92553e+06 
2.86152e+06 
2.94231e+06 
2.66953e+06 
2.92746e+06 
2.81436e+06 
2.8216e+06 
2.49404e+06 
2.48053e+06 
2.80873e+06 
2.8091e+06 
2.81552e+06 
4.08808e+06 
3.52743e+06 
4.2363e+06 
4.23051e+06 
3.30388e+06 
3.15673e+06 
2.89798e+06 
3.92403e+06 
2.69344e+06 
3.79222e+06 
3.64964e+06 
4.12148e+06 
3.33618e+06 
4.19157e+06 
3.79296e+06 
4.27521e+06 
3.73581e+06 
2.85409e+06 
2.84168e+06 
4.16516e+06 
4.03722e+06 
3.53268e+06 
3.01491e+06 
3.32355e+06 
3.00547e+06 
3.7191e+06 
2.65617e+06 
2.5972e+06 
