0.000654623 
0.00116241 
0.00178491 
0.00256495 
0.0034847 
0.00453376 
0.00571013 
0.00701418 
0.00844345 
0.00999459 
0.0116667 
0.0134534 
0.0153502 
0.0173461 
0.0194335 
0.0215996 
0.0238285 
0.0261098 
0.0284221 
0.0307436 
0.0330564 
0.0353412 
0.0375613 
0.0397029 
0.0417304 
0.043626 
0.0453503 
0.0468875 
0.0481957 
0.0492548 
0.0500407 
0.0505278 
0.050686 
0.0505033 
0.0499548 
0.0490229 
0.0477007 
0.045965 
0.0438184 
0.0412489 
0.038268 
0.0348945 
0.0311627 
0.02715 
0.0229742 
0.0187562 
0.0145788 
0.0102142 
0.0044706 
0.00468109 
0.00561199 
0.0068354 
0.00840623 
0.0102244 
0.0122559 
0.0144866 
0.0169102 
0.0195189 
0.0223037 
0.0252585 
0.0283701 
0.0316268 
0.0350129 
0.0385095 
0.0420974 
0.0457527 
0.0494498 
0.053161 
0.0568554 
0.0605017 
0.0640661 
0.0675137 
0.0708047 
0.0739016 
0.0767674 
0.0793594 
0.0816463 
0.083583 
0.0851341 
0.0862637 
0.0869415 
0.0871316 
0.0868107 
0.0859522 
0.0845364 
0.0825388 
0.0799537 
0.0767618 
0.0729613 
0.068551 
0.0635334 
0.0579313 
0.0517874 
0.0451653 
0.0381777 
0.0309423 
0.0235471 
0.0158785 
0.00745232 
0.0111106 
0.0120785 
0.0140103 
0.016422 
0.0191422 
0.0221079 
0.0252936 
0.0286846 
0.0322657 
0.0360242 
0.0399432 
0.0440038 
0.0481863 
0.0524683 
0.056823 
0.0612256 
0.0656433 
0.0700461 
0.0744004 
0.0786686 
0.0828144 
0.0867999 
0.0905842 
0.0941298 
0.0973955 
0.10034 
0.102919 
0.105104 
0.106848 
0.108119 
0.108882 
0.109104 
0.108762 
0.107824 
0.106272 
0.10409 
0.101262 
0.0977752 
0.0936284 
0.0888143 
0.0833368 
0.0771983 
0.0704168 
0.063015 
0.0550393 
0.0465592 
0.0376603 
0.0284223 
0.0188576 
0.00890743 
0.0180194 
0.0192749 
0.0218367 
0.0249721 
0.028439 
0.0321512 
0.0360731 
0.0401836 
0.0444618 
0.048888 
0.0534401 
0.0580927 
0.0628224 
0.067599 
0.0723941 
0.0771777 
0.0819136 
0.0865696 
0.0911111 
0.0954988 
0.0996959 
0.103665 
0.107369 
0.110766 
0.113822 
0.116498 
0.118756 
0.120563 
0.121886 
0.122692 
0.122951 
0.12264 
0.121733 
0.120211 
0.118057 
0.115258 
0.111808 
0.107698 
0.102927 
0.0974973 
0.0914097 
0.0846683 
0.0772794 
0.0692485 
0.0605911 
0.0513331 
0.041523 
0.0312317 
0.0205669 
0.00970739 
0.0253095 
0.026924 
0.0300455 
0.0337965 
0.0378758 
0.0421802 
0.0466666 
0.0513067 
0.056077 
0.0609501 
0.0659002 
0.0708993 
0.0759181 
0.0809248 
0.0858892 
0.0907779 
0.0955561 
0.100191 
0.104647 
0.108891 
0.112885 
0.116596 
0.119989 
0.12303 
0.125685 
0.127923 
0.129713 
0.131025 
0.131834 
0.132112 
0.131835 
0.130986 
0.129545 
0.127498 
0.124834 
0.121545 
0.117628 
0.11308 
0.107905 
0.102106 
0.0956874 
0.0886503 
0.0809914 
0.0727003 
0.0637596 
0.0541543 
0.0438882 
0.0330183 
0.0217127 
0.0102782 
0.0329463 
0.0349251 
0.0385421 
0.0428095 
0.0473868 
0.0521562 
0.0570672 
0.0620869 
0.067187 
0.0723362 
0.0775053 
0.0826628 
0.0877777 
0.092818 
0.0977511 
0.102544 
0.107166 
0.111584 
0.115766 
0.119679 
0.123295 
0.126582 
0.129512 
0.132056 
0.134189 
0.135882 
0.137115 
0.137864 
0.138108 
0.137829 
0.137009 
0.135635 
0.133696 
0.131181 
0.128085 
0.124406 
0.120142 
0.115296 
0.109875 
0.103885 
0.097332 
0.0902161 
0.0825286 
0.0742444 
0.065319 
0.0556964 
0.0453307 
0.034243 
0.0226148 
0.0108016 
0.040901 
0.0432286 
0.0472774 
0.0519694 
0.0569384 
0.0620564 
0.0672661 
0.0725293 
0.0778137 
0.0830846 
0.0883104 
0.0934576 
0.0984944 
0.103389 
0.10811 
0.112627 
0.116911 
0.120932 
0.124664 
0.128081 
0.131157 
0.133869 
0.136196 
0.138116 
0.139611 
0.140662 
0.141254 
0.141373 
0.141005 
0.140139 
0.138767 
0.136879 
0.13447 
0.131537 
0.128079 
0.124095 
0.119591 
0.114573 
0.109047 
0.103024 
0.0965105 
0.0895087 
0.0820079 
0.0739762 
0.0653507 
0.0560389 
0.0459378 
0.0350023 
0.0233646 
0.0113438 
0.0491288 
0.0517812 
0.0561922 
0.0612135 
0.0664631 
0.0718062 
0.0771801 
0.0825407 
0.0878519 
0.0930773 
0.0981822 
0.103134 
0.107899 
0.11245 
0.116757 
0.120793 
0.124534 
0.127957 
0.131041 
0.133767 
0.136118 
0.13808 
0.139639 
0.140785 
0.141506 
0.141796 
0.141646 
0.141053 
0.140012 
0.138519 
0.136573 
0.134174 
0.131321 
0.128018 
0.124266 
0.120072 
0.115442 
0.110383 
0.104906 
0.0990212 
0.0927371 
0.0860584 
0.078976 
0.0714615 
0.0634456 
0.0548124 
0.0454054 
0.0350824 
0.0238503 
0.0118773 
0.0575455 
0.060488 
0.0651753 
0.0704096 
0.075805 
0.0812223 
0.0865926 
0.0918687 
0.0970099 
0.101979 
0.106739 
0.11126 
0.115512 
0.119469 
0.123107 
0.126405 
0.129347 
0.131917 
0.134105 
0.135901 
0.137299 
0.138295 
0.138886 
0.139074 
0.138859 
0.138244 
0.137233 
0.135832 
0.134046 
0.131882 
0.129345 
0.126442 
0.123182 
0.11957 
0.115615 
0.111326 
0.10671 
0.101776 
0.0965348 
0.0909963 
0.0851679 
0.0790582 
0.0726605 
0.065956 
0.0588857 
0.0513339 
0.043111 
0.0339727 
0.0237303 
0.012256 
0.065994 
0.0691746 
0.0740175 
0.0793083 
0.0846669 
0.0899531 
0.0950945 
0.10004 
0.104747 
0.109178 
0.113299 
0.117083 
0.120505 
0.123547 
0.126193 
0.128433 
0.13026 
0.131671 
0.132669 
0.133257 
0.133442 
0.133233 
0.132644 
0.131686 
0.130375 
0.128726 
0.126755 
0.124478 
0.12191 
0.119067 
0.115963 
0.112613 
0.109029 
0.105223 
0.101204 
0.0969842 
0.0925726 
0.0879764 
0.0832029 
0.0782597 
0.0731535 
0.0678868 
0.0624586 
0.0568591 
0.0510511 
0.0449452 
0.038363 
0.0309992 
0.0224564 
0.0121772 
0.074206 
0.077539 
0.0823609 
0.0874858 
0.0925525 
0.0974245 
0.102029 
0.106313 
0.110236 
0.113763 
0.116868 
0.119532 
0.12174 
0.123485 
0.124768 
0.125592 
0.125967 
0.125906 
0.125428 
0.124555 
0.123309 
0.121716 
0.119803 
0.117598 
0.11513 
0.112425 
0.109509 
0.106409 
0.103147 
0.099746 
0.0962262 
0.0926019 
0.0888923 
0.0851079 
0.0812575 
0.0773512 
0.073397 
0.0693956 
0.0653529 
0.0612684 
0.0571416 
0.05297 
0.0487512 
0.0444791 
0.0401345 
0.0356725 
0.0309716 
0.0257539 
0.0195059 
0.011233 
0.0817547 
0.0851061 
0.0896507 
0.0942999 
0.0987282 
0.10281 
0.106478 
0.109683 
0.112393 
0.114584 
0.116243 
0.117368 
0.117962 
0.11804 
0.117621 
0.116732 
0.115403 
0.11367 
0.111571 
0.109146 
0.106438 
0.103485 
0.100331 
0.0970119 
0.093568 
0.0900321 
0.086437 
0.0828091 
0.0791738 
0.0755525 
0.0719611 
0.0684158 
0.0649269 
0.0615001 
0.058141 
0.0548503 
0.0516301 
0.0484758 
0.0453855 
0.0423494 
0.0393629 
0.0364163 
0.0334986 
0.0305995 
0.0277109 
0.0248187 
0.0218749 
0.0187135 
0.0148778 
0.009163 
0.0880242 
0.0911929 
0.0951139 
0.0988844 
0.102239 
0.105077 
0.107344 
0.109009 
0.110056 
0.110487 
0.110312 
0.109555 
0.108252 
0.106443 
0.104176 
0.101504 
0.0984846 
0.0951734 
0.0916277 
0.0879046 
0.0840555 
0.0801313 
0.0761761 
0.0722306 
0.0683302 
0.0645058 
0.0607804 
0.057175 
0.053703 
0.0503747 
0.0471984 
0.0441741 
0.0413048 
0.0385837 
0.0360095 
0.0335752 
0.0312705 
0.0290882 
0.0270194 
0.0250499 
0.023171 
0.0213673 
0.0196254 
0.0179276 
0.0162624 
0.0146227 
0.0130066 
0.0113687 
0.00945269 
0.0062098 
0.0922107 
0.0949281 
0.0978021 
0.100227 
0.102033 
0.10316 
0.103586 
0.103311 
0.102357 
0.100759 
0.0985687 
0.0958476 
0.0926644 
0.0890944 
0.0852157 
0.0811023 
0.0768305 
0.0724682 
0.0680793 
0.0637207 
0.0594413 
0.0552801 
0.0512717 
0.0474412 
0.0438044 
0.040375 
0.0371593 
0.0341574 
0.0313675 
0.0287858 
0.0264026 
0.0242093 
0.022196 
0.0203497 
0.0186605 
0.0171165 
0.0157041 
0.0144125 
0.0132306 
0.0121462 
0.0111488 
0.0102257 
0.00936129 
0.00853918 
0.00773948 
0.00694729 
0.00615973 
0.00539259 
0.00459625 
0.00315126 
0.0934033 
0.0953568 
0.0967445 
0.0973814 
0.0972313 
0.0963011 
0.0946221 
0.0922465 
0.0892444 
0.0857011 
0.08171 
0.0773716 
0.0727856 
0.0680485 
0.06325 
0.0584721 
0.0537822 
0.04924 
0.0448908 
0.0407682 
0.0368958 
0.0332871 
0.0299496 
0.0268817 
0.0240764 
0.0215239 
0.019213 
0.017127 
0.0152517 
0.0135718 
0.0120694 
0.0107307 
0.00954101 
0.00848644 
0.007554 
0.00673094 
0.00600751 
0.00537242 
0.00481716 
0.00433221 
0.00390921 
0.00353902 
0.00321183 
0.00291418 
0.00262758 
0.00232646 
0.00198914 
0.00162294 
0.00128172 
0.000807246 
0.0907737 
0.0916701 
0.0912346 
0.0898079 
0.0875285 
0.0844952 
0.0808088 
0.0765821 
0.0719381 
0.0670023 
0.0618985 
0.0567427 
0.0516381 
0.0466709 
0.0419142 
0.0374198 
0.0332233 
0.029349 
0.025804 
0.022588 
0.0196902 
0.0170975 
0.0147898 
0.0127461 
0.0109446 
0.00936214 
0.00797793 
0.00677072 
0.0057213 
0.00481299 
0.00402843 
0.00335428 
0.00277688 
0.00228511 
0.0018687 
0.00151878 
0.00122709 
0.000986843 
0.000791881 
0.000636396 
0.000515626 
0.000424187 
0.00035684 
0.000305787 
0.00025865 
0.000194379 
8.02937e-05 
-0.000108945 
-0.000331132 
-0.000457333 
0.0838753 
0.0835364 
0.0811965 
0.0777671 
0.0735823 
0.0688406 
0.063709 
0.0583455 
0.0528995 
0.0475034 
0.0422714 
0.0372936 
0.0326375 
0.028347 
0.0244436 
0.0209349 
0.0178125 
0.0150585 
0.012649 
0.0105544 
0.00874542 
0.0071921 
0.00586484 
0.00473509 
0.00377915 
0.00297296 
0.00229629 
0.00173075 
0.00126069 
0.000872664 
0.000553665 
0.000294187 
8.53849e-05 
-8.10726e-05 
-0.000210755 
-0.000309757 
-0.000382306 
-0.000432714 
-0.000464111 
-0.000479424 
-0.000481435 
-0.000472004 
-0.000453719 
-0.000429623 
-0.000405124 
-0.000391769 
-0.000412647 
-0.000503388 
-0.000674579 
-0.000764214 
0.0729693 
0.0714282 
0.0674786 
0.0625407 
0.05712 
0.0514863 
0.0458364 
0.040327 
0.0350832 
0.0301965 
0.0257289 
0.0217109 
0.0181506 
0.0150373 
0.0123456 
0.0100435 
0.00809128 
0.00645012 
0.00508129 
0.003947 
0.00301413 
0.00225167 
0.00163305 
0.00113461 
0.000736182 
0.000420461 
0.000172838 
-1.91626e-05 
-0.000165743 
-0.0002757 
-0.00035606 
-0.00041252 
-0.000450258 
-0.000472796 
-0.000483419 
-0.000484787 
-0.000478925 
-0.000467426 
-0.000451535 
-0.000432519 
-0.000411023 
-0.000387881 
-0.000363743 
-0.000339445 
-0.000316621 
-0.000299014 
-0.000296161 
-0.000329378 
-0.000424742 
-0.000520796 
0.0592052 
0.0567413 
0.0518458 
0.0462479 
0.0405432 
0.0350101 
0.0298127 
0.0250536 
0.0207901 
0.017044 
0.0138088 
0.0110574 
0.00874862 
0.00683637 
0.00527013 
0.00400121 
0.00298348 
0.00217575 
0.00154115 
0.00104811 
0.000669221 
0.000381781 
0.00016707 
9.48915e-06 
-0.000103636 
-0.000182417 
-0.000235047 
-0.000268024 
-0.000286309 
-0.000293921 
-0.000293825 
-0.000288374 
-0.000279208 
-0.00026764 
-0.00025464 
-0.000240783 
-0.00022664 
-0.000212505 
-0.000198643 
-0.000185159 
-0.000172194 
-0.00015984 
-0.000148161 
-0.000137327 
-0.000127613 
-0.00011986 
-0.000116703 
-0.000125501 
-0.000160617 
-0.000215619 
0.0444545 
0.0415246 
0.0365237 
0.0311972 
0.0261123 
0.0214846 
0.0173996 
0.013881 
0.0109121 
0.00845363 
0.00645154 
0.00484647 
0.0035786 
0.00259106 
0.00183251 
0.00125831 
0.000829748 
0.000515279 
0.000288525 
0.000128414 
1.81037e-05 
-5.54997e-05 
-0.00010251 
-0.000130549 
-0.000145321 
-0.000150966 
-0.000150513 
-0.000146114 
-0.000139297 
-0.000131154 
-0.000122384 
-0.000113444 
-0.000104666 
-9.62659e-05 
-8.83465e-05 
-8.09588e-05 
-7.41337e-05 
-6.78514e-05 
-6.21006e-05 
-5.68446e-05 
-5.20703e-05 
-4.77418e-05 
-4.38435e-05 
-4.03825e-05 
-3.73963e-05 
-3.50472e-05 
-3.39393e-05 
-3.60216e-05 
-4.60675e-05 
-6.53586e-05 
0.0307513 
0.027839 
0.0234565 
0.0190896 
0.0151753 
0.0118285 
0.00905257 
0.00680567 
0.00502535 
0.00364189 
0.00258689 
0.00179647 
0.00121528 
0.000795552 
0.00049827 
0.000291958 
0.000151912 
5.91974e-05 
-3.06435e-07 
-3.68534e-05 
-5.77959e-05 
-6.84094e-05 
-7.22738e-05 
-7.18782e-05 
-6.89104e-05 
-6.45132e-05 
-5.94403e-05 
-5.41513e-05 
-4.89557e-05 
-4.40269e-05 
-3.94567e-05 
-3.52819e-05 
-3.15091e-05 
-2.81322e-05 
-2.51251e-05 
-2.24568e-05 
-2.01023e-05 
-1.80204e-05 
-1.61837e-05 
-1.45679e-05 
-1.31473e-05 
-1.19001e-05 
-1.08168e-05 
-9.88472e-06 
-9.10807e-06 
-8.52016e-06 
-8.24768e-06 
-8.7569e-06 
-1.12962e-05 
-1.64011e-05 
0.0195985 
0.0170656 
0.0136953 
0.0105608 
0.00792717 
0.00581646 
0.00417727 
0.00293659 
0.00201932 
0.00135619 
0.000887237 
0.000562564 
0.000342451 
0.000196292 
0.000101411 
4.14259e-05 
4.7796e-06 
-1.65398e-05 
-2.79286e-05 
-3.30379e-05 
-3.4303e-05 
-3.33088e-05 
-3.10816e-05 
-2.82614e-05 
-2.52519e-05 
-2.22975e-05 
-1.95262e-05 
-1.70068e-05 
-1.47642e-05 
-1.27931e-05 
-1.10777e-05 
-9.5949e-06 
-8.31929e-06 
-7.22422e-06 
-6.28681e-06 
-5.48573e-06 
-4.79985e-06 
-4.21333e-06 
-3.71135e-06 
-3.2818e-06 
-2.91395e-06 
-2.60023e-06 
-2.33413e-06 
-2.11167e-06 
-1.93234e-06 
-1.80122e-06 
-1.74458e-06 
-1.86359e-06 
-2.43857e-06 
-3.58093e-06 
0.0115509 
0.0095829 
0.00727219 
0.00528061 
0.00372126 
0.00255649 
0.00171473 
0.00112311 
0.000717444 
0.000445449 
0.000266922 
0.000152148 
7.99579e-05 
3.57323e-05 
9.58856e-06 
-5.09497e-06 
-1.26397e-05 
-1.58589e-05 
-1.65468e-05 
-1.58383e-05 
-1.44353e-05 
-1.27607e-05 
-1.10567e-05 
-9.45004e-06 
-8.00296e-06 
-6.73749e-06 
-5.65077e-06 
-4.73052e-06 
-3.95883e-06 
-3.31502e-06 
-2.78003e-06 
-2.33664e-06 
-1.96913e-06 
-1.66472e-06 
-1.41256e-06 
-1.20311e-06 
-1.02909e-06 
-8.84282e-07 
-7.63397e-07 
-6.62431e-07 
-5.77979e-07 
-5.07696e-07 
-4.49381e-07 
-4.01777e-07 
-3.64429e-07 
-3.38016e-07 
-3.27381e-07 
-3.52257e-07 
-4.69254e-07 
-6.97807e-07 
0.00626265 
0.00491523 
0.00350518 
0.00238757 
0.00157752 
0.00101619 
0.000638953 
0.000391543 
0.000232704 
0.00013282 
7.13781e-05 
3.45535e-05 
1.32239e-05 
1.46853e-06 
-4.5066e-06 
-7.10197e-06 
-7.80424e-06 
-7.51243e-06 
-6.7571e-06 
-5.83773e-06 
-4.91672e-06 
-4.07265e-06 
-3.33665e-06 
-2.71425e-06 
-2.19844e-06 
-1.77678e-06 
-1.43521e-06 
-1.16013e-06 
-9.39287e-07 
-7.62486e-07 
-6.20874e-07 
-5.07408e-07 
-4.16341e-07 
-3.4312e-07 
-2.84087e-07 
-2.36375e-07 
-1.97685e-07 
-1.6623e-07 
-1.40593e-07 
-1.19628e-07 
-1.0247e-07 
-8.84473e-08 
-7.70507e-08 
-6.79349e-08 
-6.09188e-08 
-5.60661e-08 
-5.40777e-08 
-5.80946e-08 
-7.85073e-08 
-1.21091e-07 
0.00264255 
0.00202209 
0.00137044 
0.000885523 
0.000555404 
0.000339554 
0.000202079 
0.000116455 
6.43075e-05 
3.33464e-05 
1.5532e-05 
5.69529e-06 
5.80016e-07 
-1.82987e-06 
-2.74892e-06 
-2.89336e-06 
-2.67265e-06 
-2.30895e-06 
-1.91812e-06 
-1.55467e-06 
-1.24023e-06 
-9.79611e-07 
-7.68931e-07 
-6.01444e-07 
-4.69833e-07 
-3.67109e-07 
-2.87261e-07 
-2.25293e-07 
-1.77281e-07 
-1.40007e-07 
-1.11044e-07 
-8.84856e-08 
-7.08524e-08 
-5.70285e-08 
-4.61424e-08 
-3.75452e-08 
-3.07184e-08 
-2.52802e-08 
-2.09284e-08 
-1.74357e-08 
-1.46208e-08 
-1.23486e-08 
-1.05166e-08 
-9.05259e-09 
-7.90509e-09 
-7.05451e-09 
-6.54049e-09 
-6.60666e-09 
-8.20001e-09 
-1.33416e-08 
-0.000612506 
-0.00156742 
-0.000912085 
-0.000487552 
-9.88214e-05 
0.000348807 
0.000873838 
0.00147762 
0.00216034 
0.00292361 
0.00376497 
0.00468061 
0.00567134 
0.00673158 
0.00785777 
0.00904337 
0.0102824 
0.0115664 
0.0128861 
0.0142344 
0.0155991 
0.0169657 
0.0183233 
0.0196615 
0.0209572 
0.0222048 
0.0233786 
0.0244787 
0.0254696 
0.0263545 
0.0271008 
0.0277014 
0.0281423 
0.0284169 
0.0284927 
0.0283762 
0.0280457 
0.0274966 
0.0267222 
0.0257079 
0.0244574 
0.0229539 
0.0212244 
0.0192767 
0.017133 
0.0148725 
0.0125834 
0.0103478 
0.00816086 
0.00550893 
-0.00113176 
0.00328781 
0.00408446 
0.00521754 
0.00657958 
0.00813331 
0.00986602 
0.0117727 
0.0138491 
0.0160903 
0.0184885 
0.0210384 
0.0237291 
0.0265511 
0.0294888 
0.0325288 
0.035651 
0.0388366 
0.0420636 
0.0453043 
0.0485362 
0.0517288 
0.0548532 
0.0578801 
0.0607704 
0.0634926 
0.0660144 
0.0683007 
0.0703179 
0.0720288 
0.073402 
0.0744026 
0.0750084 
0.07518 
0.0749032 
0.0741502 
0.0729011 
0.0711335 
0.068845 
0.066011 
0.0626352 
0.0587132 
0.0542519 
0.0492763 
0.0438396 
0.038012 
0.0319201 
0.0256785 
0.0193316 
0.0125943 
0.00441921 
0.00944477 
0.0105686 
0.0124502 
0.0147114 
0.017236 
0.0199851 
0.0229414 
0.0260934 
0.0294282 
0.0329341 
0.036595 
0.040396 
0.0443156 
0.0483354 
0.0524308 
0.0565755 
0.0607414 
0.0649006 
0.0690184 
0.0730613 
0.0769937 
0.0807807 
0.0843808 
0.0877612 
0.0908791 
0.0936929 
0.0961663 
0.0982643 
0.0999456 
0.101175 
0.101921 
0.102151 
0.101839 
0.100956 
0.0994824 
0.0974031 
0.0946971 
0.0913553 
0.0873738 
0.0827425 
0.0774671 
0.0715521 
0.0650201 
0.0579036 
0.0502656 
0.0421909 
0.0337755 
0.0250795 
0.0160329 
0.00663962 
0.0162832 
0.0178428 
0.0204161 
0.0234489 
0.0267729 
0.0303272 
0.0340843 
0.038027 
0.042135 
0.0463907 
0.0507733 
0.0552586 
0.0598237 
0.0644414 
0.069083 
0.0737192 
0.0783168 
0.0828435 
0.0872647 
0.0915423 
0.0956418 
0.0995242 
0.103154 
0.106487 
0.109493 
0.11213 
0.114361 
0.116152 
0.11747 
0.118281 
0.118556 
0.118267 
0.117392 
0.115907 
0.113797 
0.111048 
0.10765 
0.103595 
0.0988796 
0.0935051 
0.0874718 
0.0807852 
0.0734547 
0.0654956 
0.056937 
0.0478242 
0.0382212 
0.0281983 
0.0178375 
0.00766772 
0.0235859 
0.0256007 
0.0287866 
0.0324716 
0.036444 
0.0406297 
0.0449935 
0.049511 
0.0541584 
0.0589114 
0.0637446 
0.0686317 
0.0735437 
0.0784504 
0.0833218 
0.0881262 
0.0928285 
0.0973975 
0.101797 
0.105994 
0.109951 
0.113634 
0.117008 
0.12004 
0.122693 
0.124937 
0.126738 
0.128068 
0.128897 
0.129198 
0.128946 
0.128122 
0.126705 
0.12468 
0.122034 
0.118759 
0.114849 
0.110302 
0.10512 
0.0993022 
0.0928533 
0.0857742 
0.078063 
0.0697144 
0.0607231 
0.0510932 
0.0408522 
0.030076 
0.0189476 
0.00832352 
0.0312658 
0.0337206 
0.0374404 
0.0416688 
0.046165 
0.0508417 
0.0556578 
0.0605841 
0.0655925 
0.0706547 
0.0757413 
0.0808229 
0.085869 
0.0908483 
0.0957297 
0.10048 
0.105069 
0.109464 
0.113632 
0.117542 
0.121163 
0.124465 
0.127417 
0.129989 
0.132156 
0.133888 
0.135161 
0.135951 
0.136237 
0.135995 
0.13521 
0.133865 
0.131947 
0.129445 
0.126352 
0.122664 
0.118379 
0.113499 
0.108028 
0.101972 
0.0953332 
0.0881104 
0.0802928 
0.0718564 
0.0627649 
0.0529788 
0.042483 
0.0313382 
0.0197825 
0.00889161 
0.0392792 
0.0421439 
0.0463221 
0.050995 
0.0559017 
0.0609468 
0.0660817 
0.0712737 
0.0764907 
0.0817001 
0.0868713 
0.0919722 
0.0969727 
0.101841 
0.106547 
0.11106 
0.11535 
0.11939 
0.123152 
0.126609 
0.129734 
0.132504 
0.134896 
0.136887 
0.138456 
0.139583 
0.140251 
0.140443 
0.140144 
0.13934 
0.138019 
0.136171 
0.133791 
0.13087 
0.127407 
0.123403 
0.118858 
0.113778 
0.10817 
0.10204 
0.0953955 
0.088233 
0.0805375 
0.0722721 
0.0633741 
0.0537627 
0.0433685 
0.032205 
0.0205047 
0.00947972 
0.0475813 
0.050818 
0.0553756 
0.0603934 
0.0655971 
0.0708843 
0.0762032 
0.0815138 
0.086782 
0.0919729 
0.0970539 
0.101993 
0.106759 
0.111325 
0.11566 
0.119739 
0.123537 
0.127031 
0.1302 
0.133022 
0.135481 
0.137559 
0.139241 
0.140514 
0.141365 
0.141784 
0.14176 
0.141286 
0.140353 
0.138958 
0.137094 
0.134758 
0.131949 
0.128665 
0.12491 
0.120686 
0.115997 
0.110853 
0.10526 
0.099229 
0.0927671 
0.0858726 
0.0785323 
0.0707056 
0.0623151 
0.0532453 
0.043363 
0.0325967 
0.0210954 
0.0101067 
0.0560971 
0.0596538 
0.0644982 
0.0697429 
0.0751098 
0.0804916 
0.0858305 
0.0910836 
0.0962134 
0.101183 
0.105961 
0.110516 
0.114819 
0.118846 
0.122573 
0.125979 
0.129046 
0.13176 
0.134106 
0.136075 
0.137657 
0.138847 
0.139638 
0.140029 
0.140016 
0.139599 
0.13878 
0.137557 
0.135934 
0.133912 
0.131495 
0.128687 
0.12549 
0.121911 
0.117953 
0.113624 
0.108932 
0.103883 
0.0984883 
0.092757 
0.0866964 
0.0803102 
0.0735876 
0.0664969 
0.0589614 
0.0508485 
0.0419712 
0.0321401 
0.021335 
0.0106893 
0.0646843 
0.0684871 
0.0734923 
0.078809 
0.0841615 
0.0894402 
0.0945833 
0.0995443 
0.104284 
0.108768 
0.112964 
0.116845 
0.120388 
0.123576 
0.126391 
0.128823 
0.130864 
0.13251 
0.133759 
0.134613 
0.135075 
0.135151 
0.134849 
0.134178 
0.133148 
0.131769 
0.130054 
0.128013 
0.125657 
0.122998 
0.120045 
0.11681 
0.113301 
0.109527 
0.105498 
0.10122 
0.0967027 
0.0919538 
0.0869806 
0.0817907 
0.0763898 
0.070784 
0.0649677 
0.0589202 
0.0525852 
0.0458436 
0.0384851 
0.0302154 
0.0207775 
0.0109973 
0.0730961 
0.0770273 
0.0820138 
0.0871849 
0.0922768 
0.0971806 
0.101833 
0.106187 
0.110204 
0.113852 
0.117108 
0.11995 
0.122367 
0.12435 
0.125898 
0.127011 
0.127698 
0.127968 
0.127836 
0.127319 
0.126434 
0.125203 
0.123646 
0.12179 
0.119653 
0.117259 
0.114629 
0.111785 
0.108745 
0.105527 
0.102148 
0.0986213 
0.0949608 
0.0911766 
0.0872747 
0.0832683 
0.0791613 
0.0749584 
0.0706628 
0.0662781 
0.0618074 
0.0572474 
0.0525983 
0.0478502 
0.0429723 
0.0378855 
0.0324147 
0.0262277 
0.0188568 
0.0106441 
0.0809287 
0.0848131 
0.0895207 
0.0942439 
0.09874 
0.102906 
0.106683 
0.110027 
0.112906 
0.115301 
0.117198 
0.118592 
0.119488 
0.119895 
0.11983 
0.119315 
0.118375 
0.117042 
0.115347 
0.113323 
0.111008 
0.108435 
0.105641 
0.102658 
0.0995206 
0.096257 
0.0928971 
0.0894637 
0.08598 
0.0824673 
0.0789373 
0.0754077 
0.071887 
0.0683837 
0.0649025 
0.0614456 
0.0580159 
0.0546131 
0.0512326 
0.0478722 
0.0445248 
0.0411868 
0.037848 
0.0345035 
0.0311404 
0.0277274 
0.0241645 
0.0201894 
0.0152688 
0.00925305 
0.0875883 
0.0911707 
0.0952491 
0.0991286 
0.102604 
0.105589 
0.108035 
0.109914 
0.111212 
0.111927 
0.112069 
0.111658 
0.110725 
0.109304 
0.107436 
0.10517 
0.102552 
0.0996343 
0.0964654 
0.0930976 
0.089576 
0.085946 
0.0822501 
0.078523 
0.0748014 
0.0711132 
0.0674821 
0.0639285 
0.0604689 
0.0571134 
0.0538721 
0.0507502 
0.0477484 
0.0448666 
0.0421042 
0.0394543 
0.0369119 
0.0344702 
0.0321204 
0.0298527 
0.0276578 
0.0255218 
0.0234331 
0.0213779 
0.0193488 
0.017339 
0.0153214 
0.0131666 
0.0104713 
0.00681998 
0.0922815 
0.0952302 
0.0982481 
0.10082 
0.102802 
0.10414 
0.104812 
0.104817 
0.104175 
0.102915 
0.101084 
0.0987352 
0.0959291 
0.0927332 
0.0892168 
0.0854457 
0.0814894 
0.0774102 
0.0732666 
0.0691135 
0.0649951 
0.060954 
0.057022 
0.0532266 
0.0495874 
0.0461215 
0.0428354 
0.0397369 
0.0368269 
0.034103 
0.0315613 
0.0291949 
0.0269968 
0.0249571 
0.0230658 
0.021314 
0.0196889 
0.018181 
0.0167795 
0.0154722 
0.0142486 
0.0130946 
0.0119951 
0.0109335 
0.00989467 
0.00886954 
0.00785998 
0.0068474 
0.00565975 
0.00392906 
0.0940849 
0.096023 
0.0975274 
0.0983422 
0.0984142 
0.0977421 
0.0963511 
0.0942873 
0.0916127 
0.0884039 
0.0847447 
0.0807259 
0.076437 
0.0719687 
0.0674016 
0.0628128 
0.0582687 
0.0538265 
0.0495325 
0.0454221 
0.0415234 
0.0378544 
0.0344259 
0.0312425 
0.0283015 
0.0255986 
0.0231254 
0.0208701 
0.0188216 
0.0169652 
0.0152884 
0.013777 
0.0124182 
0.0111983 
0.0101054 
0.00912799 
0.00825465 
0.00747588 
0.00678104 
0.00616145 
0.0056072 
0.00510866 
0.00465332 
0.00422577 
0.00380548 
0.00337132 
0.00291427 
0.00245346 
0.00200417 
0.00143392 
0.0921208 
0.0927067 
0.0923399 
0.0911019 
0.0890639 
0.0862994 
0.0828961 
0.0789556 
0.0745881 
0.0699096 
0.0650339 
0.0600691 
0.0551132 
0.0502479 
0.0455471 
0.0410633 
0.0368363 
0.0328948 
0.0292508 
0.0259109 
0.0228711 
0.0201221 
0.0176482 
0.0154352 
0.0134626 
0.0117114 
0.0101622 
0.00879545 
0.00759468 
0.00654193 
0.00562175 
0.00482064 
0.00412477 
0.0035235 
0.00300599 
0.00256295 
0.00218602 
0.00186789 
0.00160167 
0.00138155 
0.00120117 
0.00105485 
0.000935053 
0.000831302 
0.00072716 
0.000597423 
0.000413476 
0.000175745 
-3.3116e-05 
-0.000107908 
0.0858488 
0.0848958 
0.0825535 
0.0792909 
0.0753245 
0.070813 
0.065903 
0.0607392 
0.0554598 
0.0501913 
0.0450421 
0.0401011 
0.0354382 
0.0310996 
0.0271146 
0.0234949 
0.02024 
0.0173387 
0.0147715 
0.0125158 
0.0105446 
0.00883201 
0.00735065 
0.00607451 
0.00497977 
0.00404409 
0.00324718 
0.00257124 
0.00200016 
0.00151966 
0.0011178 
0.00078379 
0.000507941 
0.000282822 
0.000101092 
-4.28906e-05 
-0.000154443 
-0.000237872 
-0.000296923 
-0.00033523 
-0.000355519 
-0.000360729 
-0.000354163 
-0.00034082 
-0.000329487 
-0.000338 
-0.000395559 
-0.000529464 
-0.000688484 
-0.00065391 
0.0754027 
0.0729979 
0.0689573 
0.0641287 
0.0588611 
0.053374 
0.0478433 
0.0424157 
0.0372123 
0.032324 
0.0278153 
0.0237221 
0.0200598 
0.0168239 
0.0139963 
0.0115502 
0.00945241 
0.00766714 
0.006159 
0.00489253 
0.00383563 
0.00295889 
0.00223549 
0.00164185 
0.00115795 
0.000765868 
0.00045051 
0.000198926 
2.18581e-07 
-0.000154702 
-0.000273575 
-0.000363013 
-0.00042804 
-0.000473214 
-0.000502307 
-0.000518194 
-0.000523528 
-0.000520013 
-0.000509674 
-0.000493741 
-0.000473315 
-0.000449621 
-0.000423546 
-0.000396707 
-0.000372223 
-0.000357167 
-0.000367951 
-0.000432056 
-0.000549488 
-0.000542224 
0.0618067 
0.0583515 
0.0532791 
0.0477109 
0.0420708 
0.0365856 
0.0314048 
0.0266266 
0.0223115 
0.0184861 
0.0151506 
0.0122848 
0.00985403 
0.00781739 
0.00612907 
0.00474305 
0.00361586 
0.00270721 
0.00198136 
0.00140658 
0.000955723 
0.000605558 
0.00033683 
0.00013326 
-1.85235e-05 
-0.000129441 
-0.000208436 
-0.000262595 
-0.000297699 
-0.000318443 
-0.00032842 
-0.000330334 
-0.000326434 
-0.000318422 
-0.000307427 
-0.000294493 
-0.000280352 
-0.000265535 
-0.000250368 
-0.000235217 
-0.000220306 
-0.000205797 
-0.000191944 
-0.000179051 
-0.000167777 
-0.000160025 
-0.00016116 
-0.000183828 
-0.000240663 
-0.000255747 
0.0468728 
0.0429839 
0.0377521 
0.0323831 
0.0272848 
0.02263 
0.0184959 
0.0149071 
0.011852 
0.00929743 
0.00719498 
0.00549013 
0.00412624 
0.00304922 
0.00220927 
0.0015626 
0.00107095 
0.000702348 
0.000430009 
0.000232216 
9.12799e-05 
-6.77938e-06 
-7.30165e-05 
-0.000115922 
-0.000141921 
-0.000155874 
-0.000161412 
-0.000161198 
-0.000157218 
-0.000150865 
-0.000143051 
-0.000134505 
-0.000125714 
-0.00011699 
-0.000108538 
-0.000100476 
-9.28816e-05 
-8.57726e-05 
-7.91811e-05 
-7.30812e-05 
-6.74977e-05 
-6.23999e-05 
-5.78189e-05 
-5.38013e-05 
-5.04729e-05 
-4.82455e-05 
-4.84785e-05 
-5.49586e-05 
-7.36736e-05 
-8.41626e-05 
0.0326908 
0.028994 
0.0243807 
0.0199334 
0.0159649 
0.0125593 
0.00971515 
0.00739342 
0.00553544 
0.00407551 
0.00294813 
0.00209172 
0.00145203 
0.000981804 
0.000641897 
0.000400531 
0.000232196 
0.000117112 
4.02954e-05 
-9.42856e-06 
-4.02688e-05 
-5.81845e-05 
-6.73485e-05 
-7.07401e-05 
-7.04559e-05 
-6.79193e-05 
-6.40782e-05 
-5.95759e-05 
-5.48391e-05 
-5.01314e-05 
-4.56057e-05 
-4.13498e-05 
-3.74124e-05 
-3.38213e-05 
-3.05575e-05 
-2.76271e-05 
-2.49951e-05 
-2.26391e-05 
-2.05384e-05 
-1.86754e-05 
-1.70224e-05 
-1.55728e-05 
-1.43187e-05 
-1.32594e-05 
-1.24238e-05 
-1.19022e-05 
-1.20016e-05 
-1.36889e-05 
-1.87342e-05 
-2.22939e-05 
0.0209287 
0.0178552 
0.014304 
0.0110918 
0.00840052 
0.0062335 
0.00453695 
0.00323986 
0.00226957 
0.00155833 
0.00104714 
0.000686644 
0.00043703 
0.000267131 
0.000153608 
7.92945e-05 
3.17958e-05 
2.3974e-06 
-1.49821e-05 
-2.44998e-05 
-2.89677e-05 
-3.02898e-05 
-2.9703e-05 
-2.80247e-05 
-2.57977e-05 
-2.33522e-05 
-2.09008e-05 
-1.85643e-05 
-1.64045e-05 
-1.44503e-05 
-1.27048e-05 
-1.11649e-05 
-9.81185e-06 
-8.63117e-06 
-7.60505e-06 
-6.71455e-06 
-5.94246e-06 
-5.27538e-06 
-4.69756e-06 
-4.19981e-06 
-3.77135e-06 
-3.4055e-06 
-3.09775e-06 
-2.8465e-06 
-2.65611e-06 
-2.5445e-06 
-2.57897e-06 
-2.97798e-06 
-4.16859e-06 
-5.07073e-06 
0.0123324 
0.0100498 
0.0076278 
0.00558262 
0.00398095 
0.00277629 
0.00189629 
0.0012693 
0.000832494 
0.00053405 
0.000333842 
0.000201861 
0.000116375 
6.20724e-05 
2.838e-05 
8.11817e-06 
-3.51439e-06 
-9.69688e-06 
-1.25065e-05 
-1.3299e-05 
-1.29466e-05 
-1.1994e-05 
-1.07734e-05 
-9.48191e-06 
-8.23314e-06 
-7.08385e-06 
-6.058e-06 
-5.16322e-06 
-4.39281e-06 
-3.73539e-06 
-3.17854e-06 
-2.70846e-06 
-2.31234e-06 
-1.97979e-06 
-1.70009e-06 
-1.4651e-06 
-1.26767e-06 
-1.10152e-06 
-9.61675e-07 
-8.44002e-07 
-7.45282e-07 
-6.632e-07 
-5.95616e-07 
-5.41963e-07 
-5.02719e-07 
-4.81107e-07 
-4.90401e-07 
-5.75207e-07 
-8.25432e-07 
-1.0195e-06 
0.00670002 
0.00517879 
0.00370743 
0.00255596 
0.0017169 
0.00112858 
0.000726929 
0.000458574 
0.00028265 
0.000169358 
9.76946e-05 
5.32424e-05 
2.63123e-05 
1.05051e-05 
1.63758e-06 
-3.00093e-06 
-5.12382e-06 
-5.80866e-06 
-5.71373e-06 
-5.23502e-06 
-4.6022e-06 
-3.94232e-06 
-3.3204e-06 
-2.76559e-06 
-2.28705e-06 
-1.88332e-06 
-1.54752e-06 
-1.27072e-06 
-1.0443e-06 
-8.59654e-07 
-7.09367e-07 
-5.87146e-07 
-4.87653e-07 
-4.06645e-07 
-3.40554e-07 
-2.8654e-07 
-2.42274e-07 
-2.06015e-07 
-1.76169e-07 
-1.51663e-07 
-1.3152e-07 
-1.15111e-07 
-1.01922e-07 
-9.16837e-08 
-8.44095e-08 
-8.06104e-08 
-8.24746e-08 
-9.79661e-08 
-1.44851e-07 
-1.83968e-07 
0.00312602 
0.0023073 
0.00156911 
0.00102889 
0.000658241 
0.000412218 
0.000252652 
0.00015117 
8.78353e-05 
4.91096e-05 
2.59662e-05 
1.25158e-05 
4.97732e-06 
9.6206e-07 
-1.00779e-06 
-1.83314e-06 
-2.04615e-06 
-1.95547e-06 
-1.73315e-06 
-1.47122e-06 
-1.21654e-06 
-9.89149e-07 
-7.9564e-07 
-6.35737e-07 
-5.06141e-07 
-4.02306e-07 
-3.1976e-07 
-2.54523e-07 
-2.03022e-07 
-1.62438e-07 
-1.30442e-07 
-1.05173e-07 
-8.51837e-08 
-6.93127e-08 
-5.66925e-08 
-4.66128e-08 
-3.85446e-08 
-3.20607e-08 
-2.68432e-08 
-2.26338e-08 
-1.92397e-08 
-1.65137e-08 
-1.43493e-08 
-1.26889e-08 
-1.15004e-08 
-1.08353e-08 
-1.09182e-08 
-1.26531e-08 
-1.87998e-08 
-2.72757e-08 
