112.68 
120.643 
129.604 
139.022 
148.783 
158.888 
169.373 
180.27 
191.596 
203.367 
215.593 
228.274 
241.416 
255.001 
269.027 
283.475 
298.32 
313.555 
329.143 
345.047 
361.24 
377.696 
394.341 
411.161 
428.087 
445.081 
462.072 
479.026 
495.851 
512.496 
528.903 
544.999 
560.697 
575.942 
590.649 
604.733 
618.133 
630.736 
642.488 
653.282 
663.05 
671.747 
679.33 
685.874 
691.6 
696.89 
702.499 
709.539 
718.215 
129.497 
134.881 
143.958 
154.422 
165.514 
177.017 
188.899 
201.174 
213.853 
226.949 
240.47 
254.407 
268.758 
283.51 
298.645 
314.145 
329.982 
346.13 
362.557 
379.23 
396.11 
413.159 
430.335 
447.592 
464.882 
482.16 
499.359 
516.452 
533.365 
550.047 
566.437 
582.478 
598.105 
613.258 
627.865 
641.871 
655.19 
667.763 
679.502 
690.337 
700.197 
708.993 
716.686 
723.253 
728.725 
733.265 
737.143 
740.836 
744.889 
749.147 
150.358 
156.094 
165.936 
177.41 
189.614 
202.256 
215.264 
228.626 
242.341 
256.413 
270.831 
285.582 
300.654 
316.026 
331.67 
347.568 
363.68 
379.98 
396.435 
413.004 
429.652 
446.337 
463.021 
479.663 
496.22 
512.648 
528.893 
544.928 
560.694 
576.148 
591.243 
605.925 
620.157 
633.874 
647.026 
659.567 
671.435 
682.566 
692.908 
702.394 
710.966 
718.56 
725.142 
730.689 
735.236 
738.884 
741.827 
744.347 
746.678 
748.47 
171.045 
177.202 
187.658 
199.887 
212.914 
226.391 
240.206 
254.326 
268.734 
283.416 
298.357 
313.534 
328.929 
344.51 
360.252 
376.126 
392.094 
408.127 
424.194 
440.254 
456.27 
472.211 
488.042 
503.721 
519.217 
534.492 
549.507 
564.233 
578.63 
592.665 
606.295 
619.489 
632.21 
644.415 
656.064 
667.12 
677.538 
687.268 
696.268 
704.49 
711.882 
718.402 
724.015 
728.702 
732.473 
735.385 
737.548 
739.104 
740.097 
740.118 
192.001 
198.613 
209.631 
222.488 
236.171 
250.302 
264.739 
279.421 
294.32 
309.405 
324.652 
340.033 
355.52 
371.081 
386.687 
402.303 
417.897 
433.437 
448.89 
464.227 
479.411 
494.415 
509.209 
523.765 
538.051 
552.042 
565.715 
579.037 
591.99 
604.549 
616.679 
628.368 
639.581 
650.295 
660.479 
670.108 
679.146 
687.562 
695.321 
702.388 
708.725 
714.297 
719.073 
723.027 
726.14 
728.418 
729.883 
730.566 
730.401 
729.039 
213.483 
220.569 
232.137 
245.551 
259.788 
274.449 
289.371 
304.472 
319.708 
335.033 
350.416 
365.821 
381.216 
396.567 
411.839 
427.001 
442.022 
456.871 
471.52 
485.939 
500.107 
513.996 
527.587 
540.858 
553.793 
566.368 
578.575 
590.394 
601.816 
612.823 
623.403 
633.541 
643.226 
652.441 
661.168 
669.392 
677.09 
684.24 
690.822 
696.81 
702.175 
706.893 
710.933 
714.259 
716.826 
718.579 
719.455 
719.379 
718.215 
715.741 
235.662 
243.228 
255.335 
269.258 
283.964 
299.049 
314.33 
329.708 
345.123 
360.519 
375.855 
391.09 
406.185 
421.107 
435.821 
450.299 
464.509 
478.425 
492.029 
505.294 
518.208 
530.75 
542.913 
554.686 
566.06 
577.028 
587.588 
597.738 
607.477 
616.8 
625.709 
634.2 
642.275 
649.926 
657.148 
663.94 
670.285 
676.176 
681.601 
686.545 
690.99 
694.918 
698.303 
701.104 
703.252 
704.641 
705.119 
704.501 
702.571 
699.266 
258.631 
266.674 
279.293 
293.664 
308.744 
324.124 
339.61 
355.087 
370.48 
385.726 
400.773 
415.576 
430.093 
444.293 
458.142 
471.615 
484.687 
497.339 
509.559 
521.331 
532.654 
543.52 
553.93 
563.888 
573.399 
582.471 
591.112 
599.337 
607.154 
614.577 
621.617 
628.286 
634.595 
640.551 
646.161 
651.43 
656.359 
660.948 
665.194 
669.091 
672.635 
675.814 
678.611 
680.99 
682.872 
684.12 
684.504 
683.722 
681.445 
677.745 
282.396 
290.893 
303.961 
318.672 
333.98 
349.47 
364.936 
380.254 
395.335 
410.108 
424.515 
438.508 
452.047 
465.102 
477.648 
489.659 
501.127 
512.042 
522.401 
532.207 
541.466 
550.191 
558.398 
566.104 
573.332 
580.106 
586.451 
592.393 
597.96 
603.177 
608.071 
612.668 
616.988 
621.054 
624.883 
628.491 
631.89 
635.088 
638.092 
640.91 
643.54 
645.987 
648.241 
650.287 
652.061 
653.427 
654.124 
653.739 
651.806 
648.452 
306.825 
315.719 
329.105 
343.968 
359.26 
374.564 
389.667 
404.434 
418.766 
432.59 
445.843 
458.48 
470.467 
481.78 
492.401 
502.325 
511.551 
520.091 
527.956 
535.17 
541.758 
547.751 
553.187 
558.101 
562.535 
566.532 
570.133 
573.383 
576.322 
578.995 
581.438 
583.69 
585.786 
587.755 
589.627 
591.428 
593.177 
594.893 
596.591 
598.281 
599.975 
601.685 
603.421 
605.186 
606.96 
608.661 
610.063 
610.731 
610.054 
608.143 
331.569 
340.74 
354.207 
368.897 
383.779 
398.436 
412.651 
426.286 
439.236 
451.429 
462.809 
473.338 
482.996 
491.773 
499.674 
506.712 
512.913 
518.309 
522.94 
526.854 
530.103 
532.742 
534.829 
536.427 
537.596 
538.398 
538.892 
539.139 
539.192 
539.104 
538.929 
538.707 
538.486 
538.3 
538.178 
538.155 
538.26 
538.506 
538.917 
539.507 
540.295 
541.289 
542.516 
544.007 
545.788 
547.863 
550.14 
552.287 
553.687 
554.367 
355.952 
365.191 
378.337 
392.342 
406.21 
419.538 
432.114 
443.803 
454.509 
464.17 
472.749 
480.231 
486.622 
491.942 
496.228 
499.529 
501.904 
503.422 
504.156 
504.186 
503.596 
502.468 
500.887 
498.935 
496.694 
494.238 
491.642 
488.969 
486.283 
483.641 
481.089 
478.677 
476.442 
474.414 
472.626 
471.097 
469.853 
468.91 
468.283 
467.981 
468.019 
468.417 
469.188 
470.379 
472.052 
474.302 
477.2 
480.661 
484.268 
488.034 
378.858 
387.821 
400.038 
412.609 
424.613 
435.685 
445.636 
454.351 
461.762 
467.841 
472.59 
476.036 
478.233 
479.252 
479.176 
478.106 
476.148 
473.413 
470.014 
466.069 
461.687 
456.977 
452.039 
446.968 
441.849 
436.764 
431.776 
426.948 
422.328 
417.958 
413.876 
410.105 
406.673 
403.587 
400.871 
398.528 
396.562 
394.98 
393.791 
392.99 
392.595 
392.602 
393.037 
393.921 
395.336 
397.414 
400.359 
404.353 
409.345 
415.501 
398.637 
406.824 
417.274 
427.421 
436.491 
444.189 
450.384 
455.012 
458.067 
459.583 
459.63 
458.31 
455.742 
452.067 
447.434 
441.996 
435.91 
429.327 
422.39 
415.234 
407.983 
400.741 
393.608 
386.662 
379.965 
373.574 
367.531 
361.862 
356.589 
351.729 
347.281 
343.251 
339.637 
336.431 
333.627 
331.221 
329.199 
327.556 
326.291 
325.394 
324.869 
324.718 
324.943 
325.572 
326.653 
328.309 
330.776 
334.419 
339.568 
346.674 
413.121 
419.887 
427.553 
434.143 
439.12 
442.327 
443.73 
443.368 
441.332 
437.758 
432.811 
426.682 
419.574 
411.693 
403.243 
394.419 
385.393 
376.327 
367.358 
358.597 
350.138 
342.05 
334.39 
327.189 
320.469 
314.236 
308.497 
303.236 
298.444 
294.108 
290.203 
286.713 
283.619 
280.9 
278.541 
276.52 
274.829 
273.451 
272.379 
271.606 
271.128 
270.949 
271.069 
271.499 
272.272 
273.468 
275.274 
278.084 
282.495 
289.332 
419.841 
424.481 
428.335 
430.318 
430.255 
428.193 
424.26 
418.636 
411.546 
403.237 
393.976 
384.028 
373.648 
363.068 
352.497 
342.11 
332.042 
322.409 
313.283 
304.716 
296.733 
289.347 
282.548 
276.321 
270.645 
265.488 
260.822 
256.612 
252.829 
249.443 
246.422 
243.743 
241.38 
239.311 
237.518 
235.984 
234.694 
233.636 
232.806 
232.193 
231.798 
231.62 
231.667 
231.945 
232.471 
233.286 
234.511 
236.448 
239.758 
245.626 
416.525 
418.451 
417.754 
414.535 
409.098 
401.764 
392.856 
382.707 
371.66 
360.042 
348.162 
336.292 
324.661 
313.454 
302.798 
292.792 
283.483 
274.895 
267.025 
259.85 
253.337 
247.447 
242.134 
237.35 
233.054 
229.2 
225.748 
222.661 
219.904 
217.449 
215.266 
213.332 
211.628 
210.131 
208.83 
207.708 
206.757 
205.966 
205.331 
204.846 
204.511 
204.328 
204.301 
204.441 
204.759 
205.28 
206.062 
207.285 
209.464 
213.874 
401.87 
400.847 
395.517 
387.343 
377.176 
365.62 
353.166 
340.243 
327.225 
314.425 
302.094 
290.413 
279.504 
269.436 
260.23 
251.878 
244.342 
237.576 
231.521 
226.115 
221.295 
217.003 
213.183 
209.785 
206.762 
204.075 
201.686 
199.563 
197.679 
196.007 
194.525 
193.217 
192.064 
191.052 
190.168 
189.403 
188.749 
188.197 
187.743 
187.384 
187.117 
186.945 
186.868 
186.896 
187.037 
187.308 
187.737 
188.41 
189.611 
192.271 
376.357 
372.702 
363.564 
351.7 
338.456 
324.635 
310.787 
297.314 
284.502 
272.543 
261.549 
251.565 
242.582 
234.563 
227.445 
221.152 
215.604 
210.724 
206.436 
202.673 
199.372 
196.475 
193.936 
191.71 
189.757 
188.047 
186.549 
185.239 
184.093 
183.092 
182.219 
181.459 
180.798 
180.226 
179.733 
179.309 
178.948 
178.644 
178.391 
178.187 
178.029 
177.916 
177.848 
177.828 
177.86 
177.953 
178.12 
178.394 
178.894 
180.078 
342.657 
337.257 
325.945 
312.409 
298.293 
284.436 
271.303 
259.161 
248.135 
238.262 
229.515 
221.83 
215.119 
209.286 
204.233 
199.87 
196.109 
192.873 
190.092 
187.708 
185.667 
183.924 
182.436 
181.169 
180.091 
179.176 
178.397 
177.737 
177.176 
176.701 
176.298 
175.956 
175.667 
175.422 
175.215 
175.041 
174.894 
174.772 
174.671 
174.589 
174.524 
174.475 
174.442 
174.425 
174.425 
174.445 
174.488 
174.566 
174.717 
175.104 
305.187 
299.232 
287.688 
274.586 
261.596 
249.438 
238.42 
228.639 
220.083 
212.676 
206.317 
200.89 
196.285 
192.394 
189.12 
186.377 
184.091 
182.191 
180.62 
179.323 
178.256 
177.381 
176.663 
176.077 
175.597 
175.205 
174.885 
174.622 
174.407 
174.23 
174.084 
173.964 
173.865 
173.783 
173.715 
173.658 
173.612 
173.573 
173.542 
173.516 
173.495 
173.48 
173.468 
173.461 
173.459 
173.461 
173.47 
173.487 
173.523 
173.623 
268.764 
263.325 
253.139 
241.998 
231.367 
221.786 
213.413 
206.233 
200.157 
195.068 
190.841 
187.359 
184.513 
182.205 
180.345 
178.856 
177.671 
176.731 
175.99 
175.407 
174.949 
174.589 
174.307 
174.085 
173.911 
173.773 
173.664 
173.577 
173.508 
173.453 
173.409 
173.373 
173.344 
173.321 
173.301 
173.286 
173.273 
173.263 
173.254 
173.247 
173.242 
173.237 
173.234 
173.232 
173.231 
173.231 
173.232 
173.236 
173.243 
173.265 
237.003 
232.724 
224.767 
216.289 
208.443 
201.599 
195.816 
191.029 
187.13 
183.998 
181.512 
179.559 
178.042 
176.872 
175.979 
175.3 
174.786 
174.398 
174.106 
173.887 
173.721 
173.596 
173.501 
173.429 
173.374 
173.332 
173.3 
173.275 
173.255 
173.24 
173.228 
173.219 
173.211 
173.205 
173.2 
173.196 
173.193 
173.191 
173.189 
173.187 
173.186 
173.185 
173.184 
173.183 
173.183 
173.183 
173.183 
173.184 
173.185 
173.189 
211.314 
208.417 
202.928 
197.223 
192.107 
187.804 
184.315 
181.555 
179.413 
177.78 
176.551 
175.638 
174.967 
174.477 
174.121 
173.863 
173.676 
173.542 
173.444 
173.373 
173.322 
173.284 
173.257 
173.236 
173.221 
173.21 
173.202 
173.195 
173.19 
173.187 
173.184 
173.182 
173.18 
173.178 
173.177 
173.177 
173.176 
173.175 
173.175 
173.174 
173.174 
173.174 
173.174 
173.174 
173.174 
173.174 
173.174 
173.174 
173.174 
173.175 
190.044 
188.825 
185.96 
183.083 
180.626 
178.662 
177.15 
176.019 
175.189 
174.59 
174.164 
173.864 
173.654 
173.508 
173.407 
173.337 
173.288 
173.254 
173.23 
173.214 
173.202 
173.194 
173.188 
173.184 
173.181 
173.179 
173.177 
173.176 
173.175 
173.174 
173.174 
173.173 
173.173 
173.173 
173.173 
173.172 
173.172 
173.172 
173.172 
173.172 
173.172 
173.172 
173.172 
173.172 
173.172 
173.172 
173.172 
173.172 
173.172 
173.172 
107.522 
102.906 
108.105 
115.967 
124.518 
133.377 
142.518 
151.971 
161.772 
171.958 
182.552 
193.557 
204.994 
216.862 
229.166 
241.893 
255.041 
268.594 
282.533 
296.856 
311.527 
326.512 
341.791 
357.343 
373.095 
389.045 
405.113 
421.289 
437.477 
453.678 
469.777 
485.739 
501.508 
517.021 
532.169 
546.922 
561.181 
574.878 
587.94 
600.267 
611.803 
622.429 
632.123 
640.84 
648.543 
655.385 
661.615 
667.73 
674.593 
683.396 
694.204 
124.975 
131.083 
140.263 
150.508 
161.259 
172.387 
183.884 
195.772 
208.069 
220.785 
233.931 
247.501 
261.496 
275.901 
290.707 
305.891 
321.433 
337.31 
353.486 
369.94 
386.628 
403.517 
420.571 
437.734 
454.964 
472.217 
489.437 
506.578 
523.575 
540.374 
556.907 
573.127 
588.947 
604.322 
619.169 
633.423 
646.995 
659.826 
671.814 
682.893 
692.981 
701.988 
709.874 
716.636 
722.312 
727.113 
731.365 
735.632 
740.554 
746.315 
146.147 
152.794 
162.904 
174.311 
186.314 
198.715 
211.476 
224.595 
238.077 
251.926 
266.134 
280.695 
295.588 
310.803 
326.315 
342.098 
358.125 
374.368 
390.791 
407.36 
424.036 
440.786 
457.561 
474.332 
491.049 
507.662 
524.127 
540.406 
556.444 
572.19 
587.597 
602.607 
617.176 
631.233 
644.731 
657.614 
669.811 
681.257 
691.893 
701.641 
710.441 
718.224 
724.958 
730.626 
735.286 
739.067 
742.214 
745.07 
747.937 
750.64 
167.07 
174.196 
185.027 
197.279 
210.185 
223.492 
237.125 
251.068 
265.306 
279.831 
294.631 
309.683 
324.969 
340.466 
356.144 
371.977 
387.932 
403.979 
420.086 
436.214 
452.333 
468.402 
484.392 
500.255 
515.966 
531.484 
546.763 
561.776 
576.481 
590.836 
604.802 
618.339 
631.408 
643.96 
655.952 
667.338 
678.072 
688.096 
697.359 
705.812 
713.395 
720.062 
725.778 
730.534 
734.357 
737.338 
739.631 
741.429 
742.805 
743.215 
188.179 
195.813 
207.257 
220.187 
233.795 
247.797 
262.087 
276.624 
291.383 
306.34 
321.473 
336.759 
352.17 
367.675 
383.248 
398.859 
414.47 
430.057 
445.585 
461.026 
476.342 
491.506 
506.489 
521.262 
535.79 
550.048 
564.006 
577.639 
590.915 
603.809 
616.286 
628.325 
639.891 
650.951 
661.473 
671.427 
680.769 
689.464 
697.473 
704.751 
711.257 
716.952 
721.803 
725.789 
728.909 
731.2 
732.732 
733.587 
733.699 
732.279 
209.759 
217.928 
229.946 
243.457 
257.645 
272.201 
286.996 
301.969 
317.079 
332.294 
347.579 
362.907 
378.245 
393.562 
408.827 
424.008 
439.076 
454.003 
468.757 
483.313 
497.648 
511.736 
525.554 
539.079 
552.293 
565.172 
577.705 
589.866 
601.645 
613.021 
623.974 
634.491 
644.55 
654.133 
663.216 
671.777 
679.79 
687.229 
694.064 
700.266 
705.801 
710.636 
714.738 
718.069 
720.6 
722.3 
723.159 
723.155 
722.15 
719.206 
232.001 
240.717 
253.287 
267.316 
281.987 
296.98 
312.146 
327.41 
342.715 
358.014 
373.271 
388.447 
403.512 
418.43 
433.171 
447.704 
462.003 
476.044 
489.804 
503.263 
516.4 
529.201 
541.654 
553.745 
565.466 
576.804 
587.756 
598.316 
608.477 
618.231 
627.577 
636.503 
645.006 
653.075 
660.699 
667.87 
674.568 
680.778 
686.485 
691.666 
696.299 
700.357 
703.808 
706.601 
708.671 
709.925 
710.261 
709.557 
707.614 
703.392 
255.017 
264.28 
277.367 
291.847 
306.9 
322.198 
337.585 
352.962 
368.266 
383.44 
398.438 
413.219 
427.749 
441.995 
455.926 
469.52 
482.754 
495.608 
508.069 
520.123 
531.766 
542.991 
553.795 
564.179 
574.145 
583.697 
592.84 
601.582 
609.93 
617.888 
625.466 
632.667 
639.498 
645.959 
652.052 
657.775 
663.124 
668.093 
672.675 
676.856 
680.63 
683.971 
686.858 
689.233 
691.008 
692.039 
692.121 
691.022 
688.456 
683.279 
278.834 
288.615 
302.154 
316.976 
332.265 
347.69 
363.08 
378.327 
393.356 
408.101 
422.514 
436.55 
450.176 
463.361 
476.084 
488.322 
500.066 
511.306 
522.04 
532.267 
541.994 
551.228 
559.984 
568.275 
576.117 
583.532 
590.537 
597.154 
603.405 
609.307 
614.883 
620.151 
625.124 
629.82 
634.247 
638.417 
642.336 
646.004 
649.425 
652.6 
655.523 
658.188 
660.579 
662.658 
664.33 
665.427 
665.668 
664.684 
662.064 
656.479 
303.343 
313.578 
327.434 
342.413 
357.705 
372.974 
388.042 
402.79 
417.135 
431.009 
444.359 
457.145 
469.336 
480.91 
491.855 
502.161 
511.833 
520.876 
529.302 
537.132 
544.385 
551.09 
557.279 
562.981 
568.233 
573.068 
577.525 
581.639 
585.444 
588.977 
592.268 
595.349 
598.247 
600.983 
603.585 
606.069 
608.447 
610.735 
612.941 
615.072 
617.132 
619.134 
621.076 
622.941 
624.674 
626.133 
627.012 
626.848 
625.035 
619.966 
328.24 
338.781 
352.716 
367.54 
382.457 
397.132 
411.382 
425.085 
438.15 
450.514 
462.128 
472.96 
482.991 
492.215 
500.636 
508.266 
515.127 
521.25 
526.669 
531.427 
535.567 
539.141 
542.197 
544.792 
546.976 
548.806 
550.329 
551.601 
552.668 
553.574 
554.368 
555.083 
555.758 
556.425 
557.104 
557.834 
558.626 
559.502 
560.472 
561.553 
562.76 
564.098 
565.595 
567.27 
569.123 
571.091 
572.963 
574.271 
574.262 
570.94 
352.897 
363.495 
377.105 
391.276 
405.241 
418.672 
431.39 
443.274 
454.243 
464.242 
473.24 
481.224 
488.202 
494.191 
499.226 
503.349 
506.614 
509.082 
510.819 
511.893 
512.38 
512.352 
511.884 
511.05 
509.921 
508.563 
507.044 
505.42 
503.747 
502.082 
500.46 
498.932 
497.528 
496.283 
495.222 
494.364 
493.737 
493.358 
493.232 
493.38 
493.809 
494.549 
495.607 
497.043 
498.91 
501.265 
504.068 
507.028 
509.408 
508.893 
376.266 
386.506 
399.178 
411.968 
424.16 
435.457 
445.694 
454.772 
462.632 
469.251 
474.63 
478.798 
481.8 
483.702 
484.578 
484.518 
483.614 
481.967 
479.675 
476.845 
473.574 
469.957 
466.088 
462.048 
457.923 
453.781 
449.686 
445.694 
441.858 
438.214 
434.804 
431.657 
428.792 
426.233 
423.999 
422.096 
420.534 
419.326 
418.475 
417.99 
417.882 
418.155 
418.84 
419.973 
421.653 
424.016 
427.216 
431.257 
435.657 
438.113 
396.762 
406.043 
416.93 
427.365 
436.741 
444.814 
451.467 
456.647 
460.347 
462.601 
463.473 
463.051 
461.445 
458.778 
455.186 
450.802 
445.768 
440.219 
434.283 
428.087 
421.736 
415.338 
408.98 
402.739 
396.68 
390.863 
385.324 
380.103 
375.227 
370.711 
366.569 
362.81 
359.436 
356.448 
353.843 
351.621 
349.774 
348.302 
347.203 
346.473 
346.118 
346.142 
346.552 
347.39 
348.726 
350.72 
353.639 
357.773 
363.041 
367.588 
412.268 
419.814 
427.873 
434.828 
440.243 
443.981 
446.01 
446.367 
445.133 
442.429 
438.406 
433.234 
427.092 
420.172 
412.653 
404.71 
396.507 
388.192 
379.892 
371.717 
363.76 
356.095 
348.78 
341.858 
335.355 
329.29 
323.672 
318.501 
313.774 
309.478 
305.605 
302.138 
299.064 
296.366 
294.03 
292.042 
290.39 
289.065 
288.057 
287.364 
286.981 
286.914 
287.166 
287.753 
288.728 
290.212 
292.46 
295.918 
300.923 
306.394 
420.322 
425.276 
429.441 
431.851 
432.339 
430.932 
427.74 
422.925 
416.684 
409.244 
400.844 
391.727 
382.126 
372.25 
362.302 
352.442 
342.808 
333.515 
324.638 
316.242 
308.364 
301.024 
294.222 
287.961 
282.223 
276.988 
272.232 
267.929 
264.056 
260.583 
257.484 
254.738 
252.317 
250.206 
248.383 
246.834 
245.543 
244.502 
243.701 
243.136 
242.805 
242.71 
242.858 
243.257 
243.934 
244.959 
246.519 
249.035 
253.14 
258.677 
418.582 
420.22 
419.696 
416.92 
412.088 
405.453 
397.294 
387.91 
377.606 
366.688 
355.436 
344.105 
332.917 
322.046 
311.632 
301.77 
292.526 
283.936 
276.007 
268.733 
262.092 
256.054 
250.584 
245.64 
241.186 
237.181 
233.587 
230.37 
227.496 
224.935 
222.662 
220.652 
218.884 
217.339 
216.002 
214.859 
213.898 
213.114 
212.497 
212.044 
211.757 
211.637 
211.691 
211.929 
212.367 
213.042 
214.056 
215.704 
218.657 
223.565 
405.571 
403.587 
398.227 
390.438 
380.835 
369.904 
358.073 
345.727 
333.211 
320.819 
308.793 
297.312 
286.508 
276.459 
267.203 
258.745 
251.066 
244.129 
237.888 
232.288 
227.275 
222.795 
218.795 
215.226 
212.045 
209.21 
206.686 
204.439 
202.442 
200.669 
199.098 
197.709 
196.486 
195.414 
194.481 
193.677 
192.994 
192.424 
191.963 
191.608 
191.36 
191.219 
191.192 
191.288 
191.519 
191.906 
192.501 
193.457 
195.244 
198.852 
381.506 
376.262 
366.839 
355.212 
342.382 
328.998 
315.543 
302.377 
289.777 
277.933 
266.964 
256.93 
247.838 
239.668 
232.371 
225.883 
220.133 
215.05 
210.564 
206.61 
203.126 
200.056 
197.353 
194.971 
192.874 
191.026 
189.4 
187.969 
186.71 
185.604 
184.633 
183.782 
183.04 
182.394 
181.834 
181.353 
180.942 
180.597 
180.312 
180.086 
179.915 
179.801 
179.745 
179.752 
179.829 
179.987 
180.252 
180.687 
181.524 
183.505 
348.775 
341.324 
329.459 
315.946 
302.02 
288.357 
275.365 
263.284 
252.243 
242.291 
233.416 
225.569 
218.675 
212.649 
207.401 
202.844 
198.893 
195.475 
192.52 
189.97 
187.771 
185.877 
184.247 
182.845 
181.643 
180.61 
179.724 
178.963 
178.312 
177.754 
177.276 
176.867 
176.518 
176.22 
175.966 
175.752 
175.571 
175.42 
175.295 
175.194 
175.116 
175.059 
175.024 
175.011 
175.023 
175.064 
175.142 
175.28 
175.561 
176.303 
311.599 
303.387 
291.068 
277.767 
264.744 
252.572 
241.506 
231.635 
222.95 
215.389 
208.86 
203.256 
198.473 
194.406 
190.962 
188.056 
185.613 
183.564 
181.854 
180.428 
179.242 
178.256 
177.44 
176.765 
176.207 
175.745 
175.364 
175.048 
174.786 
174.569 
174.389 
174.24 
174.115 
174.011 
173.924 
173.852 
173.792 
173.743 
173.702 
173.669 
173.643 
173.623 
173.61 
173.602 
173.602 
173.609 
173.626 
173.658 
173.73 
173.935 
274.798 
267.158 
256.085 
244.586 
233.769 
224.048 
215.536 
208.208 
201.978 
196.731 
192.348 
188.714 
185.721 
183.272 
181.282 
179.671 
178.375 
177.336 
176.507 
175.847 
175.323 
174.907 
174.577 
174.314 
174.106 
173.94 
173.807 
173.7 
173.615 
173.546 
173.49 
173.444 
173.407 
173.377 
173.352 
173.332 
173.315 
173.302 
173.291 
173.281 
173.274 
173.269 
173.265 
173.262 
173.261 
173.262 
173.265 
173.272 
173.287 
173.334 
242.209 
235.991 
227.162 
218.261 
210.16 
203.126 
197.178 
192.24 
188.199 
184.931 
182.318 
180.249 
178.625 
177.361 
176.384 
175.634 
175.06 
174.622 
174.289 
174.035 
173.842 
173.695 
173.582 
173.496 
173.429 
173.378 
173.338 
173.307 
173.282 
173.263 
173.248 
173.235 
173.226 
173.218 
173.212 
173.206 
173.202 
173.199 
173.196 
173.194 
173.192 
173.191 
173.19 
173.189 
173.189 
173.189 
173.189 
173.19 
173.194 
173.203 
215.62 
211.159 
204.908 
198.78 
193.385 
188.869 
185.204 
182.294 
180.023 
178.277 
176.953 
175.96 
175.222 
174.678 
174.278 
173.986 
173.772 
173.616 
173.503 
173.419 
173.358 
173.313 
173.279 
173.254 
173.236 
173.222 
173.211 
173.203 
173.197 
173.192 
173.188 
173.185 
173.183 
173.181 
173.18 
173.179 
173.178 
173.177 
173.176 
173.176 
173.175 
173.175 
173.175 
173.175 
173.175 
173.175 
173.175 
173.175 
173.175 
173.177 
194.275 
191.729 
188.145 
184.771 
181.932 
179.665 
177.914 
176.594 
175.619 
174.909 
174.4 
174.037 
173.781 
173.601 
173.475 
173.387 
173.325 
173.281 
173.251 
173.229 
173.213 
173.202 
173.195 
173.189 
173.185 
173.182 
173.179 
173.178 
173.176 
173.175 
173.175 
173.174 
173.174 
173.173 
173.173 
173.173 
173.173 
173.172 
173.172 
173.172 
173.172 
173.172 
173.172 
173.172 
173.172 
173.172 
173.172 
173.172 
173.172 
173.172 
