7.28302e-05 
7.35332e-05 
7.41039e-05 
7.45599e-05 
7.48981e-05 
7.51526e-05 
7.53447e-05 
7.54921e-05 
7.56066e-05 
7.56969e-05 
7.57691e-05 
7.58277e-05 
7.58758e-05 
7.59159e-05 
7.59497e-05 
7.59787e-05 
7.60038e-05 
7.60259e-05 
7.60456e-05 
7.60635e-05 
7.608e-05 
7.60954e-05 
7.61101e-05 
7.61244e-05 
7.61384e-05 
7.61525e-05 
7.61668e-05 
7.61816e-05 
7.61971e-05 
7.62137e-05 
7.62315e-05 
7.62511e-05 
7.62727e-05 
7.62969e-05 
7.63244e-05 
7.63559e-05 
7.63925e-05 
7.64356e-05 
7.64868e-05 
7.65486e-05 
7.66243e-05 
7.67184e-05 
7.68372e-05 
7.69898e-05 
7.71889e-05 
7.74537e-05 
7.78085e-05 
7.8293e-05 
7.89101e-05 
7.9686e-05 
7.32733e-05 
7.3754e-05 
7.42187e-05 
7.46144e-05 
7.49237e-05 
7.51636e-05 
7.53489e-05 
7.54934e-05 
7.56072e-05 
7.56979e-05 
7.5771e-05 
7.58307e-05 
7.588e-05 
7.59213e-05 
7.59562e-05 
7.59862e-05 
7.60123e-05 
7.60352e-05 
7.60557e-05 
7.60743e-05 
7.60914e-05 
7.61074e-05 
7.61226e-05 
7.61374e-05 
7.61519e-05 
7.61664e-05 
7.61811e-05 
7.61964e-05 
7.62124e-05 
7.62294e-05 
7.62478e-05 
7.62679e-05 
7.62901e-05 
7.6315e-05 
7.63432e-05 
7.63755e-05 
7.6413e-05 
7.6457e-05 
7.65092e-05 
7.6572e-05 
7.66485e-05 
7.67431e-05 
7.68614e-05 
7.70116e-05 
7.72047e-05 
7.74558e-05 
7.77821e-05 
7.82038e-05 
7.87055e-05 
7.92315e-05 
7.37743e-05 
7.40667e-05 
7.44005e-05 
7.47116e-05 
7.49722e-05 
7.51845e-05 
7.53551e-05 
7.54922e-05 
7.56027e-05 
7.56926e-05 
7.57662e-05 
7.58271e-05 
7.58779e-05 
7.59208e-05 
7.59574e-05 
7.5989e-05 
7.60166e-05 
7.6041e-05 
7.60628e-05 
7.60827e-05 
7.6101e-05 
7.61181e-05 
7.61344e-05 
7.61501e-05 
7.61656e-05 
7.61811e-05 
7.61968e-05 
7.62131e-05 
7.62301e-05 
7.62482e-05 
7.62677e-05 
7.6289e-05 
7.63125e-05 
7.63388e-05 
7.63685e-05 
7.64024e-05 
7.64416e-05 
7.64874e-05 
7.65414e-05 
7.66057e-05 
7.66833e-05 
7.67778e-05 
7.68939e-05 
7.70382e-05 
7.72181e-05 
7.7443e-05 
7.77206e-05 
7.80542e-05 
7.84149e-05 
7.87336e-05 
7.42221e-05 
7.43964e-05 
7.46219e-05 
7.48509e-05 
7.50569e-05 
7.52344e-05 
7.53834e-05 
7.55075e-05 
7.56107e-05 
7.56965e-05 
7.57682e-05 
7.58285e-05 
7.58796e-05 
7.59233e-05 
7.59609e-05 
7.59936e-05 
7.60223e-05 
7.60479e-05 
7.60709e-05 
7.60919e-05 
7.61112e-05 
7.61294e-05 
7.61467e-05 
7.61635e-05 
7.618e-05 
7.61965e-05 
7.62132e-05 
7.62305e-05 
7.62485e-05 
7.62677e-05 
7.62883e-05 
7.63107e-05 
7.63355e-05 
7.6363e-05 
7.6394e-05 
7.64292e-05 
7.64696e-05 
7.65164e-05 
7.65711e-05 
7.66355e-05 
7.6712e-05 
7.68034e-05 
7.69132e-05 
7.70456e-05 
7.7205e-05 
7.73953e-05 
7.76169e-05 
7.7864e-05 
7.81078e-05 
7.82967e-05 
7.45953e-05 
7.4698e-05 
7.48452e-05 
7.50076e-05 
7.51641e-05 
7.53066e-05 
7.54319e-05 
7.55402e-05 
7.5633e-05 
7.57122e-05 
7.578e-05 
7.5838e-05 
7.58879e-05 
7.59311e-05 
7.59687e-05 
7.60018e-05 
7.60311e-05 
7.60573e-05 
7.60811e-05 
7.61028e-05 
7.6123e-05 
7.6142e-05 
7.61602e-05 
7.61778e-05 
7.61951e-05 
7.62124e-05 
7.623e-05 
7.62481e-05 
7.6267e-05 
7.62871e-05 
7.63086e-05 
7.63319e-05 
7.63575e-05 
7.63859e-05 
7.64176e-05 
7.64535e-05 
7.64943e-05 
7.65411e-05 
7.65951e-05 
7.66578e-05 
7.67309e-05 
7.68166e-05 
7.69169e-05 
7.7034e-05 
7.71697e-05 
7.73242e-05 
7.7494e-05 
7.76702e-05 
7.78294e-05 
7.794e-05 
7.49024e-05 
7.49616e-05 
7.50548e-05 
7.51668e-05 
7.52822e-05 
7.53932e-05 
7.54954e-05 
7.5587e-05 
7.56681e-05 
7.57392e-05 
7.58013e-05 
7.58556e-05 
7.59031e-05 
7.59447e-05 
7.59815e-05 
7.60142e-05 
7.60434e-05 
7.60698e-05 
7.60938e-05 
7.6116e-05 
7.61366e-05 
7.61562e-05 
7.61749e-05 
7.6193e-05 
7.6211e-05 
7.62289e-05 
7.62471e-05 
7.62658e-05 
7.62854e-05 
7.6306e-05 
7.63281e-05 
7.6352e-05 
7.6378e-05 
7.64068e-05 
7.64387e-05 
7.64744e-05 
7.65148e-05 
7.65605e-05 
7.66125e-05 
7.6672e-05 
7.67401e-05 
7.6818e-05 
7.69069e-05 
7.70074e-05 
7.71193e-05 
7.72409e-05 
7.73671e-05 
7.74891e-05 
7.75899e-05 
7.76531e-05 
7.51544e-05 
7.51868e-05 
7.52438e-05 
7.53189e-05 
7.54021e-05 
7.54866e-05 
7.55679e-05 
7.56437e-05 
7.57128e-05 
7.57751e-05 
7.58308e-05 
7.58804e-05 
7.59245e-05 
7.59639e-05 
7.5999e-05 
7.60306e-05 
7.60592e-05 
7.60852e-05 
7.61091e-05 
7.61313e-05 
7.61521e-05 
7.61718e-05 
7.61908e-05 
7.62093e-05 
7.62276e-05 
7.62459e-05 
7.62644e-05 
7.62835e-05 
7.63034e-05 
7.63244e-05 
7.63467e-05 
7.63708e-05 
7.63969e-05 
7.64255e-05 
7.6457e-05 
7.6492e-05 
7.65311e-05 
7.65748e-05 
7.66239e-05 
7.66791e-05 
7.6741e-05 
7.68103e-05 
7.68871e-05 
7.69712e-05 
7.70613e-05 
7.71548e-05 
7.72463e-05 
7.73285e-05 
7.73899e-05 
7.74241e-05 
7.53626e-05 
7.53784e-05 
7.5411e-05 
7.54599e-05 
7.55183e-05 
7.55813e-05 
7.56448e-05 
7.57062e-05 
7.57641e-05 
7.58175e-05 
7.58665e-05 
7.5911e-05 
7.59512e-05 
7.59877e-05 
7.60207e-05 
7.60508e-05 
7.60782e-05 
7.61034e-05 
7.61268e-05 
7.61486e-05 
7.61692e-05 
7.61889e-05 
7.62079e-05 
7.62265e-05 
7.62449e-05 
7.62633e-05 
7.6282e-05 
7.63012e-05 
7.63212e-05 
7.63422e-05 
7.63645e-05 
7.63884e-05 
7.64141e-05 
7.64422e-05 
7.64728e-05 
7.65065e-05 
7.65437e-05 
7.65848e-05 
7.66303e-05 
7.66805e-05 
7.67357e-05 
7.6796e-05 
7.68611e-05 
7.69301e-05 
7.70013e-05 
7.70715e-05 
7.71364e-05 
7.71899e-05 
7.7225e-05 
7.72413e-05 
7.55361e-05 
7.55414e-05 
7.55579e-05 
7.55881e-05 
7.5628e-05 
7.5674e-05 
7.57227e-05 
7.57716e-05 
7.58192e-05 
7.58644e-05 
7.59067e-05 
7.59459e-05 
7.59821e-05 
7.60153e-05 
7.60459e-05 
7.6074e-05 
7.61e-05 
7.61241e-05 
7.61466e-05 
7.61678e-05 
7.6188e-05 
7.62073e-05 
7.62261e-05 
7.62445e-05 
7.62628e-05 
7.62811e-05 
7.62997e-05 
7.63188e-05 
7.63387e-05 
7.63594e-05 
7.63814e-05 
7.64048e-05 
7.64299e-05 
7.6457e-05 
7.64864e-05 
7.65184e-05 
7.65532e-05 
7.65913e-05 
7.66327e-05 
7.66776e-05 
7.6726e-05 
7.67777e-05 
7.6832e-05 
7.68876e-05 
7.69428e-05 
7.69946e-05 
7.70392e-05 
7.70724e-05 
7.709e-05 
7.70951e-05 
7.56822e-05 
7.5681e-05 
7.56867e-05 
7.57037e-05 
7.57299e-05 
7.57627e-05 
7.57993e-05 
7.58376e-05 
7.58762e-05 
7.59138e-05 
7.59499e-05 
7.5984e-05 
7.6016e-05 
7.60459e-05 
7.60738e-05 
7.60997e-05 
7.6124e-05 
7.61468e-05 
7.61682e-05 
7.61886e-05 
7.62081e-05 
7.62269e-05 
7.62452e-05 
7.62633e-05 
7.62812e-05 
7.62993e-05 
7.63176e-05 
7.63364e-05 
7.63558e-05 
7.63762e-05 
7.63976e-05 
7.64202e-05 
7.64444e-05 
7.64703e-05 
7.64981e-05 
7.6528e-05 
7.65603e-05 
7.6595e-05 
7.66322e-05 
7.66718e-05 
7.67137e-05 
7.67574e-05 
7.68019e-05 
7.68461e-05 
7.68881e-05 
7.69254e-05 
7.69549e-05 
7.69738e-05 
7.69797e-05 
7.69778e-05 
7.58065e-05 
7.58012e-05 
7.57998e-05 
7.58076e-05 
7.58236e-05 
7.58462e-05 
7.58731e-05 
7.59027e-05 
7.59335e-05 
7.59644e-05 
7.59947e-05 
7.6024e-05 
7.6052e-05 
7.60786e-05 
7.61038e-05 
7.61275e-05 
7.61499e-05 
7.61712e-05 
7.61914e-05 
7.62107e-05 
7.62293e-05 
7.62474e-05 
7.62651e-05 
7.62827e-05 
7.63001e-05 
7.63177e-05 
7.63355e-05 
7.63538e-05 
7.63727e-05 
7.63924e-05 
7.6413e-05 
7.64347e-05 
7.64577e-05 
7.64822e-05 
7.65082e-05 
7.65359e-05 
7.65654e-05 
7.65967e-05 
7.66297e-05 
7.66643e-05 
7.67001e-05 
7.67365e-05 
7.67726e-05 
7.68071e-05 
7.68384e-05 
7.68644e-05 
7.68828e-05 
7.68915e-05 
7.68898e-05 
7.68836e-05 
7.59134e-05 
7.59056e-05 
7.58995e-05 
7.59008e-05 
7.59094e-05 
7.59242e-05 
7.59435e-05 
7.59658e-05 
7.599e-05 
7.6015e-05 
7.60402e-05 
7.60651e-05 
7.60894e-05 
7.61128e-05 
7.61352e-05 
7.61567e-05 
7.61772e-05 
7.61968e-05 
7.62157e-05 
7.62339e-05 
7.62515e-05 
7.62688e-05 
7.62857e-05 
7.63025e-05 
7.63194e-05 
7.63363e-05 
7.63536e-05 
7.63712e-05 
7.63894e-05 
7.64082e-05 
7.64279e-05 
7.64485e-05 
7.64702e-05 
7.6493e-05 
7.65171e-05 
7.65425e-05 
7.65692e-05 
7.65971e-05 
7.66261e-05 
7.6656e-05 
7.66862e-05 
7.67162e-05 
7.6745e-05 
7.67715e-05 
7.67943e-05 
7.68116e-05 
7.68217e-05 
7.68234e-05 
7.68166e-05 
7.68078e-05 
7.60063e-05 
7.5997e-05 
7.59879e-05 
7.59847e-05 
7.59878e-05 
7.59966e-05 
7.60098e-05 
7.60263e-05 
7.60449e-05 
7.6065e-05 
7.60857e-05 
7.61066e-05 
7.61273e-05 
7.61477e-05 
7.61675e-05 
7.61868e-05 
7.62054e-05 
7.62234e-05 
7.62408e-05 
7.62578e-05 
7.62744e-05 
7.62907e-05 
7.63068e-05 
7.63228e-05 
7.63389e-05 
7.63551e-05 
7.63716e-05 
7.63884e-05 
7.64057e-05 
7.64237e-05 
7.64423e-05 
7.64616e-05 
7.64819e-05 
7.6503e-05 
7.65251e-05 
7.65482e-05 
7.65721e-05 
7.65968e-05 
7.6622e-05 
7.66475e-05 
7.66727e-05 
7.66971e-05 
7.67198e-05 
7.67397e-05 
7.67557e-05 
7.67664e-05 
7.67704e-05 
7.67672e-05 
7.67572e-05 
7.67468e-05 
7.60877e-05 
7.60775e-05 
7.60665e-05 
7.60603e-05 
7.60594e-05 
7.60637e-05 
7.60721e-05 
7.60838e-05 
7.60979e-05 
7.61136e-05 
7.61304e-05 
7.61478e-05 
7.61654e-05 
7.6183e-05 
7.62004e-05 
7.62174e-05 
7.62342e-05 
7.62505e-05 
7.62666e-05 
7.62823e-05 
7.62977e-05 
7.6313e-05 
7.63282e-05 
7.63433e-05 
7.63586e-05 
7.63739e-05 
7.63896e-05 
7.64055e-05 
7.64219e-05 
7.64388e-05 
7.64562e-05 
7.64743e-05 
7.6493e-05 
7.65124e-05 
7.65325e-05 
7.65533e-05 
7.65745e-05 
7.65961e-05 
7.66179e-05 
7.66394e-05 
7.66603e-05 
7.66798e-05 
7.66973e-05 
7.67119e-05 
7.67225e-05 
7.67281e-05 
7.67277e-05 
7.67211e-05 
7.6709e-05 
7.66979e-05 
7.61596e-05 
7.61491e-05 
7.6137e-05 
7.61286e-05 
7.61248e-05 
7.61257e-05 
7.61304e-05 
7.61382e-05 
7.61486e-05 
7.61607e-05 
7.61741e-05 
7.61884e-05 
7.62031e-05 
7.62181e-05 
7.62332e-05 
7.62483e-05 
7.62632e-05 
7.6278e-05 
7.62926e-05 
7.6307e-05 
7.63213e-05 
7.63355e-05 
7.63497e-05 
7.63639e-05 
7.63783e-05 
7.63927e-05 
7.64074e-05 
7.64224e-05 
7.64378e-05 
7.64536e-05 
7.64698e-05 
7.64865e-05 
7.65037e-05 
7.65214e-05 
7.65396e-05 
7.65581e-05 
7.65768e-05 
7.65956e-05 
7.66141e-05 
7.66321e-05 
7.66491e-05 
7.66645e-05 
7.66777e-05 
7.6688e-05 
7.66943e-05 
7.66961e-05 
7.66925e-05 
7.66836e-05 
7.66703e-05 
7.66588e-05 
7.62238e-05 
7.62131e-05 
7.62003e-05 
7.61905e-05 
7.61847e-05 
7.61829e-05 
7.61847e-05 
7.61895e-05 
7.61968e-05 
7.62059e-05 
7.62164e-05 
7.62279e-05 
7.62402e-05 
7.62529e-05 
7.62659e-05 
7.6279e-05 
7.62923e-05 
7.63055e-05 
7.63187e-05 
7.63318e-05 
7.6345e-05 
7.63581e-05 
7.63713e-05 
7.63845e-05 
7.63979e-05 
7.64114e-05 
7.64252e-05 
7.64392e-05 
7.64535e-05 
7.64681e-05 
7.64831e-05 
7.64985e-05 
7.65141e-05 
7.65301e-05 
7.65464e-05 
7.65628e-05 
7.65791e-05 
7.65953e-05 
7.6611e-05 
7.66259e-05 
7.66395e-05 
7.66514e-05 
7.66611e-05 
7.66678e-05 
7.66709e-05 
7.66697e-05 
7.66638e-05 
7.66533e-05 
7.66394e-05 
7.66279e-05 
7.62812e-05 
7.62707e-05 
7.62576e-05 
7.62468e-05 
7.62395e-05 
7.62358e-05 
7.62354e-05 
7.62377e-05 
7.62424e-05 
7.6249e-05 
7.6257e-05 
7.62662e-05 
7.62763e-05 
7.62869e-05 
7.6298e-05 
7.63094e-05 
7.63211e-05 
7.63328e-05 
7.63447e-05 
7.63566e-05 
7.63686e-05 
7.63806e-05 
7.63928e-05 
7.6405e-05 
7.64174e-05 
7.643e-05 
7.64428e-05 
7.64558e-05 
7.6469e-05 
7.64825e-05 
7.64962e-05 
7.65102e-05 
7.65244e-05 
7.65387e-05 
7.65532e-05 
7.65676e-05 
7.65818e-05 
7.65955e-05 
7.66087e-05 
7.66208e-05 
7.66316e-05 
7.66406e-05 
7.66473e-05 
7.66511e-05 
7.66517e-05 
7.66483e-05 
7.66408e-05 
7.66293e-05 
7.66151e-05 
7.66037e-05 
7.6333e-05 
7.63226e-05 
7.63095e-05 
7.62982e-05 
7.62899e-05 
7.62847e-05 
7.62825e-05 
7.62829e-05 
7.62856e-05 
7.629e-05 
7.6296e-05 
7.63031e-05 
7.63112e-05 
7.63201e-05 
7.63295e-05 
7.63393e-05 
7.63494e-05 
7.63598e-05 
7.63704e-05 
7.63811e-05 
7.6392e-05 
7.6403e-05 
7.64141e-05 
7.64254e-05 
7.64368e-05 
7.64484e-05 
7.64601e-05 
7.64721e-05 
7.64842e-05 
7.64966e-05 
7.65091e-05 
7.65218e-05 
7.65345e-05 
7.65473e-05 
7.656e-05 
7.65726e-05 
7.65848e-05 
7.65964e-05 
7.66073e-05 
7.6617e-05 
7.66253e-05 
7.66319e-05 
7.66361e-05 
7.66378e-05 
7.66363e-05 
7.66313e-05 
7.66226e-05 
7.66106e-05 
7.65964e-05 
7.65852e-05 
7.63799e-05 
7.63698e-05 
7.63568e-05 
7.63452e-05 
7.63362e-05 
7.63299e-05 
7.63264e-05 
7.63253e-05 
7.63262e-05 
7.63289e-05 
7.63331e-05 
7.63386e-05 
7.6345e-05 
7.63522e-05 
7.63601e-05 
7.63684e-05 
7.63772e-05 
7.63863e-05 
7.63957e-05 
7.64053e-05 
7.6415e-05 
7.6425e-05 
7.64351e-05 
7.64454e-05 
7.64559e-05 
7.64665e-05 
7.64773e-05 
7.64882e-05 
7.64993e-05 
7.65105e-05 
7.65218e-05 
7.65332e-05 
7.65446e-05 
7.65559e-05 
7.65671e-05 
7.65779e-05 
7.65883e-05 
7.6598e-05 
7.66068e-05 
7.66145e-05 
7.66207e-05 
7.66252e-05 
7.66275e-05 
7.66273e-05 
7.66243e-05 
7.66181e-05 
7.66087e-05 
7.65963e-05 
7.65823e-05 
7.65715e-05 
7.64225e-05 
7.64127e-05 
7.63999e-05 
7.63882e-05 
7.63788e-05 
7.63718e-05 
7.63672e-05 
7.63649e-05 
7.63644e-05 
7.63657e-05 
7.63685e-05 
7.63724e-05 
7.63774e-05 
7.63832e-05 
7.63897e-05 
7.63967e-05 
7.64043e-05 
7.64122e-05 
7.64204e-05 
7.64289e-05 
7.64377e-05 
7.64467e-05 
7.64558e-05 
7.64652e-05 
7.64747e-05 
7.64843e-05 
7.64941e-05 
7.65041e-05 
7.65141e-05 
7.65243e-05 
7.65344e-05 
7.65446e-05 
7.65547e-05 
7.65646e-05 
7.65743e-05 
7.65836e-05 
7.65923e-05 
7.66003e-05 
7.66074e-05 
7.66133e-05 
7.66178e-05 
7.66205e-05 
7.66212e-05 
7.66196e-05 
7.66154e-05 
7.66083e-05 
7.65984e-05 
7.6586e-05 
7.65723e-05 
7.65618e-05 
7.64614e-05 
7.64519e-05 
7.64394e-05 
7.64278e-05 
7.6418e-05 
7.64105e-05 
7.64052e-05 
7.64019e-05 
7.64004e-05 
7.64005e-05 
7.6402e-05 
7.64047e-05 
7.64084e-05 
7.64129e-05 
7.64182e-05 
7.64241e-05 
7.64305e-05 
7.64373e-05 
7.64445e-05 
7.6452e-05 
7.64598e-05 
7.64678e-05 
7.64761e-05 
7.64845e-05 
7.64931e-05 
7.65018e-05 
7.65107e-05 
7.65197e-05 
7.65287e-05 
7.65378e-05 
7.65469e-05 
7.65559e-05 
7.65648e-05 
7.65734e-05 
7.65818e-05 
7.65896e-05 
7.65969e-05 
7.66034e-05 
7.6609e-05 
7.66133e-05 
7.66163e-05 
7.66176e-05 
7.6617e-05 
7.66143e-05 
7.66092e-05 
7.66015e-05 
7.65913e-05 
7.6579e-05 
7.65657e-05 
7.65556e-05 
7.64969e-05 
7.64878e-05 
7.64756e-05 
7.64641e-05 
7.64542e-05 
7.64464e-05 
7.64405e-05 
7.64364e-05 
7.64341e-05 
7.64332e-05 
7.64337e-05 
7.64353e-05 
7.64379e-05 
7.64414e-05 
7.64456e-05 
7.64504e-05 
7.64558e-05 
7.64617e-05 
7.64679e-05 
7.64745e-05 
7.64814e-05 
7.64885e-05 
7.64958e-05 
7.65034e-05 
7.65111e-05 
7.6519e-05 
7.6527e-05 
7.6535e-05 
7.65431e-05 
7.65512e-05 
7.65593e-05 
7.65672e-05 
7.65749e-05 
7.65824e-05 
7.65895e-05 
7.65961e-05 
7.66021e-05 
7.66073e-05 
7.66115e-05 
7.66145e-05 
7.66162e-05 
7.66164e-05 
7.66148e-05 
7.66112e-05 
7.66054e-05 
7.65973e-05 
7.6587e-05 
7.65749e-05 
7.6562e-05 
7.65523e-05 
7.65293e-05 
7.65206e-05 
7.65088e-05 
7.64975e-05 
7.64876e-05 
7.64796e-05 
7.64733e-05 
7.64687e-05 
7.64656e-05 
7.6464e-05 
7.64636e-05 
7.64643e-05 
7.6466e-05 
7.64685e-05 
7.64718e-05 
7.64757e-05 
7.64802e-05 
7.64852e-05 
7.64905e-05 
7.64962e-05 
7.65023e-05 
7.65086e-05 
7.65151e-05 
7.65218e-05 
7.65287e-05 
7.65357e-05 
7.65428e-05 
7.655e-05 
7.65572e-05 
7.65644e-05 
7.65715e-05 
7.65784e-05 
7.65851e-05 
7.65915e-05 
7.65975e-05 
7.6603e-05 
7.66078e-05 
7.66118e-05 
7.66149e-05 
7.66168e-05 
7.66175e-05 
7.66167e-05 
7.66142e-05 
7.66099e-05 
7.66037e-05 
7.65954e-05 
7.65851e-05 
7.65732e-05 
7.65608e-05 
7.65515e-05 
7.65591e-05 
7.65507e-05 
7.65393e-05 
7.65283e-05 
7.65185e-05 
7.65103e-05 
7.65037e-05 
7.64987e-05 
7.64951e-05 
7.64929e-05 
7.64918e-05 
7.64917e-05 
7.64927e-05 
7.64944e-05 
7.64968e-05 
7.64999e-05 
7.65036e-05 
7.65077e-05 
7.65123e-05 
7.65172e-05 
7.65225e-05 
7.6528e-05 
7.65338e-05 
7.65397e-05 
7.65458e-05 
7.65521e-05 
7.65584e-05 
7.65647e-05 
7.65711e-05 
7.65774e-05 
7.65836e-05 
7.65896e-05 
7.65954e-05 
7.66008e-05 
7.66058e-05 
7.66102e-05 
7.6614e-05 
7.6617e-05 
7.66191e-05 
7.66201e-05 
7.66199e-05 
7.66183e-05 
7.66152e-05 
7.66104e-05 
7.66039e-05 
7.65954e-05 
7.65853e-05 
7.65737e-05 
7.65617e-05 
7.65529e-05 
7.65864e-05 
7.65783e-05 
7.65674e-05 
7.65566e-05 
7.6547e-05 
7.65388e-05 
7.6532e-05 
7.65267e-05 
7.65227e-05 
7.652e-05 
7.65183e-05 
7.65176e-05 
7.65179e-05 
7.65189e-05 
7.65207e-05 
7.6523e-05 
7.6526e-05 
7.65294e-05 
7.65332e-05 
7.65374e-05 
7.6542e-05 
7.65468e-05 
7.65518e-05 
7.6557e-05 
7.65624e-05 
7.65679e-05 
7.65735e-05 
7.65791e-05 
7.65847e-05 
7.65902e-05 
7.65955e-05 
7.66007e-05 
7.66056e-05 
7.66102e-05 
7.66143e-05 
7.66178e-05 
7.66207e-05 
7.66229e-05 
7.66241e-05 
7.66243e-05 
7.66234e-05 
7.66212e-05 
7.66176e-05 
7.66124e-05 
7.66056e-05 
7.65972e-05 
7.65872e-05 
7.6576e-05 
7.65645e-05 
7.65561e-05 
7.66113e-05 
7.66036e-05 
7.65931e-05 
7.65827e-05 
7.65733e-05 
7.65651e-05 
7.65583e-05 
7.65528e-05 
7.65485e-05 
7.65453e-05 
7.65432e-05 
7.6542e-05 
7.65417e-05 
7.65421e-05 
7.65433e-05 
7.6545e-05 
7.65473e-05 
7.65501e-05 
7.65533e-05 
7.65568e-05 
7.65607e-05 
7.65648e-05 
7.65692e-05 
7.65738e-05 
7.65785e-05 
7.65833e-05 
7.65882e-05 
7.65931e-05 
7.6598e-05 
7.66027e-05 
7.66074e-05 
7.66118e-05 
7.66159e-05 
7.66196e-05 
7.66229e-05 
7.66257e-05 
7.66278e-05 
7.66292e-05 
7.66298e-05 
7.66293e-05 
7.66278e-05 
7.66251e-05 
7.66211e-05 
7.66157e-05 
7.66088e-05 
7.66005e-05 
7.65907e-05 
7.65799e-05 
7.65689e-05 
7.65609e-05 
7.66342e-05 
7.66269e-05 
7.66168e-05 
7.66067e-05 
7.65975e-05 
7.65895e-05 
7.65826e-05 
7.6577e-05 
7.65725e-05 
7.6569e-05 
7.65665e-05 
7.65649e-05 
7.65641e-05 
7.65641e-05 
7.65647e-05 
7.65659e-05 
7.65676e-05 
7.65698e-05 
7.65724e-05 
7.65754e-05 
7.65787e-05 
7.65822e-05 
7.6586e-05 
7.659e-05 
7.65941e-05 
7.65983e-05 
7.66025e-05 
7.66068e-05 
7.6611e-05 
7.66151e-05 
7.6619e-05 
7.66227e-05 
7.66261e-05 
7.66292e-05 
7.66318e-05 
7.66339e-05 
7.66354e-05 
7.66361e-05 
7.6636e-05 
7.66351e-05 
7.66331e-05 
7.663e-05 
7.66257e-05 
7.66201e-05 
7.66132e-05 
7.6605e-05 
7.65955e-05 
7.65851e-05 
7.65746e-05 
7.6567e-05 
7.66551e-05 
7.66481e-05 
7.66384e-05 
7.66288e-05 
7.66198e-05 
7.66119e-05 
7.66051e-05 
7.65994e-05 
7.65948e-05 
7.65911e-05 
7.65883e-05 
7.65864e-05 
7.65852e-05 
7.65847e-05 
7.65849e-05 
7.65856e-05 
7.65868e-05 
7.65885e-05 
7.65906e-05 
7.65931e-05 
7.65958e-05 
7.65989e-05 
7.66021e-05 
7.66055e-05 
7.66091e-05 
7.66127e-05 
7.66164e-05 
7.662e-05 
7.66236e-05 
7.66271e-05 
7.66304e-05 
7.66335e-05 
7.66364e-05 
7.66388e-05 
7.66408e-05 
7.66423e-05 
7.66432e-05 
7.66434e-05 
7.66428e-05 
7.66414e-05 
7.6639e-05 
7.66357e-05 
7.66312e-05 
7.66255e-05 
7.66187e-05 
7.66106e-05 
7.66014e-05 
7.65914e-05 
7.65814e-05 
7.65742e-05 
7.66742e-05 
7.66675e-05 
7.66583e-05 
7.6649e-05 
7.66403e-05 
7.66326e-05 
7.66259e-05 
7.66202e-05 
7.66155e-05 
7.66116e-05 
7.66087e-05 
7.66064e-05 
7.6605e-05 
7.66041e-05 
7.66039e-05 
7.66042e-05 
7.6605e-05 
7.66063e-05 
7.66079e-05 
7.66099e-05 
7.66122e-05 
7.66147e-05 
7.66175e-05 
7.66204e-05 
7.66235e-05 
7.66266e-05 
7.66297e-05 
7.66329e-05 
7.6636e-05 
7.66389e-05 
7.66417e-05 
7.66442e-05 
7.66465e-05 
7.66484e-05 
7.66499e-05 
7.66509e-05 
7.66513e-05 
7.6651e-05 
7.665e-05 
7.66483e-05 
7.66456e-05 
7.6642e-05 
7.66374e-05 
7.66317e-05 
7.6625e-05 
7.66171e-05 
7.66083e-05 
7.65987e-05 
7.65892e-05 
7.65823e-05 
7.66916e-05 
7.66852e-05 
7.66764e-05 
7.66675e-05 
7.66592e-05 
7.66517e-05 
7.66451e-05 
7.66394e-05 
7.66347e-05 
7.66307e-05 
7.66276e-05 
7.66252e-05 
7.66234e-05 
7.66223e-05 
7.66218e-05 
7.66217e-05 
7.66222e-05 
7.66231e-05 
7.66243e-05 
7.66259e-05 
7.66278e-05 
7.66299e-05 
7.66322e-05 
7.66347e-05 
7.66373e-05 
7.664e-05 
7.66427e-05 
7.66453e-05 
7.66479e-05 
7.66504e-05 
7.66527e-05 
7.66548e-05 
7.66566e-05 
7.6658e-05 
7.6659e-05 
7.66596e-05 
7.66596e-05 
7.66589e-05 
7.66576e-05 
7.66556e-05 
7.66527e-05 
7.6649e-05 
7.66443e-05 
7.66387e-05 
7.6632e-05 
7.66244e-05 
7.66159e-05 
7.66068e-05 
7.65977e-05 
7.65912e-05 
7.67073e-05 
7.67013e-05 
7.66929e-05 
7.66844e-05 
7.66764e-05 
7.66691e-05 
7.66627e-05 
7.66571e-05 
7.66524e-05 
7.66484e-05 
7.66451e-05 
7.66426e-05 
7.66406e-05 
7.66393e-05 
7.66385e-05 
7.66382e-05 
7.66383e-05 
7.66389e-05 
7.66398e-05 
7.6641e-05 
7.66425e-05 
7.66443e-05 
7.66462e-05 
7.66483e-05 
7.66505e-05 
7.66528e-05 
7.66551e-05 
7.66573e-05 
7.66595e-05 
7.66616e-05 
7.66635e-05 
7.66651e-05 
7.66665e-05 
7.66675e-05 
7.66682e-05 
7.66684e-05 
7.6668e-05 
7.66671e-05 
7.66655e-05 
7.66633e-05 
7.66602e-05 
7.66564e-05 
7.66517e-05 
7.66462e-05 
7.66397e-05 
7.66323e-05 
7.66242e-05 
7.66155e-05 
7.66069e-05 
7.66008e-05 
7.67216e-05 
7.67159e-05 
7.67079e-05 
7.66998e-05 
7.66921e-05 
7.66851e-05 
7.66789e-05 
7.66734e-05 
7.66687e-05 
7.66647e-05 
7.66614e-05 
7.66587e-05 
7.66566e-05 
7.66551e-05 
7.66541e-05 
7.66535e-05 
7.66534e-05 
7.66537e-05 
7.66543e-05 
7.66553e-05 
7.66565e-05 
7.66579e-05 
7.66595e-05 
7.66613e-05 
7.66631e-05 
7.66651e-05 
7.6667e-05 
7.66689e-05 
7.66707e-05 
7.66724e-05 
7.6674e-05 
7.66753e-05 
7.66763e-05 
7.6677e-05 
7.66773e-05 
7.66772e-05 
7.66766e-05 
7.66754e-05 
7.66736e-05 
7.66712e-05 
7.66681e-05 
7.66642e-05 
7.66596e-05 
7.66541e-05 
7.66479e-05 
7.66408e-05 
7.6633e-05 
7.66247e-05 
7.66166e-05 
7.66108e-05 
7.67344e-05 
7.6729e-05 
7.67214e-05 
7.67137e-05 
7.67063e-05 
7.66996e-05 
7.66936e-05 
7.66883e-05 
7.66836e-05 
7.66797e-05 
7.66763e-05 
7.66736e-05 
7.66714e-05 
7.66697e-05 
7.66686e-05 
7.66678e-05 
7.66675e-05 
7.66676e-05 
7.6668e-05 
7.66687e-05 
7.66696e-05 
7.66708e-05 
7.66721e-05 
7.66736e-05 
7.66752e-05 
7.66768e-05 
7.66784e-05 
7.668e-05 
7.66815e-05 
7.66829e-05 
7.66842e-05 
7.66852e-05 
7.66859e-05 
7.66863e-05 
7.66864e-05 
7.6686e-05 
7.66851e-05 
7.66838e-05 
7.66819e-05 
7.66793e-05 
7.66762e-05 
7.66723e-05 
7.66678e-05 
7.66624e-05 
7.66564e-05 
7.66496e-05 
7.66422e-05 
7.66343e-05 
7.66267e-05 
7.66212e-05 
7.67458e-05 
7.67407e-05 
7.67336e-05 
7.67262e-05 
7.67192e-05 
7.67128e-05 
7.6707e-05 
7.67018e-05 
7.66973e-05 
7.66934e-05 
7.66901e-05 
7.66873e-05 
7.6685e-05 
7.66833e-05 
7.6682e-05 
7.66811e-05 
7.66806e-05 
7.66805e-05 
7.66807e-05 
7.66812e-05 
7.66819e-05 
7.66829e-05 
7.6684e-05 
7.66852e-05 
7.66865e-05 
7.66879e-05 
7.66893e-05 
7.66906e-05 
7.66919e-05 
7.66931e-05 
7.6694e-05 
7.66948e-05 
7.66953e-05 
7.66955e-05 
7.66953e-05 
7.66947e-05 
7.66937e-05 
7.66922e-05 
7.66902e-05 
7.66876e-05 
7.66844e-05 
7.66806e-05 
7.66762e-05 
7.6671e-05 
7.66652e-05 
7.66587e-05 
7.66517e-05 
7.66443e-05 
7.66371e-05 
7.66319e-05 
7.67559e-05 
7.67511e-05 
7.67444e-05 
7.67374e-05 
7.67308e-05 
7.67246e-05 
7.67191e-05 
7.67141e-05 
7.67097e-05 
7.67059e-05 
7.67026e-05 
7.66998e-05 
7.66975e-05 
7.66957e-05 
7.66943e-05 
7.66934e-05 
7.66928e-05 
7.66925e-05 
7.66925e-05 
7.66929e-05 
7.66934e-05 
7.66942e-05 
7.66951e-05 
7.66962e-05 
7.66973e-05 
7.66985e-05 
7.66996e-05 
7.67008e-05 
7.67018e-05 
7.67028e-05 
7.67036e-05 
7.67041e-05 
7.67044e-05 
7.67044e-05 
7.67041e-05 
7.67034e-05 
7.67023e-05 
7.67007e-05 
7.66986e-05 
7.6696e-05 
7.66928e-05 
7.66891e-05 
7.66847e-05 
7.66798e-05 
7.66742e-05 
7.6668e-05 
7.66614e-05 
7.66544e-05 
7.66476e-05 
7.66428e-05 
7.67647e-05 
7.67602e-05 
7.67539e-05 
7.67474e-05 
7.67411e-05 
7.67352e-05 
7.67299e-05 
7.67251e-05 
7.67209e-05 
7.67172e-05 
7.67139e-05 
7.67112e-05 
7.67089e-05 
7.67071e-05 
7.67056e-05 
7.67046e-05 
7.67039e-05 
7.67035e-05 
7.67035e-05 
7.67037e-05 
7.67041e-05 
7.67047e-05 
7.67055e-05 
7.67064e-05 
7.67074e-05 
7.67084e-05 
7.67094e-05 
7.67104e-05 
7.67113e-05 
7.67121e-05 
7.67127e-05 
7.67131e-05 
7.67133e-05 
7.67132e-05 
7.67127e-05 
7.67119e-05 
7.67107e-05 
7.6709e-05 
7.67069e-05 
7.67043e-05 
7.67012e-05 
7.66976e-05 
7.66934e-05 
7.66886e-05 
7.66833e-05 
7.66775e-05 
7.66712e-05 
7.66646e-05 
7.66582e-05 
7.66537e-05 
7.67724e-05 
7.67682e-05 
7.67623e-05 
7.67561e-05 
7.67502e-05 
7.67447e-05 
7.67396e-05 
7.6735e-05 
7.67309e-05 
7.67273e-05 
7.67242e-05 
7.67215e-05 
7.67192e-05 
7.67173e-05 
7.67159e-05 
7.67148e-05 
7.67141e-05 
7.67136e-05 
7.67135e-05 
7.67136e-05 
7.6714e-05 
7.67145e-05 
7.67152e-05 
7.6716e-05 
7.67169e-05 
7.67178e-05 
7.67187e-05 
7.67196e-05 
7.67204e-05 
7.6721e-05 
7.67215e-05 
7.67218e-05 
7.67219e-05 
7.67217e-05 
7.67211e-05 
7.67202e-05 
7.6719e-05 
7.67173e-05 
7.67152e-05 
7.67126e-05 
7.67096e-05 
7.6706e-05 
7.6702e-05 
7.66975e-05 
7.66924e-05 
7.66869e-05 
7.6681e-05 
7.66748e-05 
7.66689e-05 
7.66647e-05 
7.67789e-05 
7.6775e-05 
7.67695e-05 
7.67637e-05 
7.67581e-05 
7.67529e-05 
7.67481e-05 
7.67437e-05 
7.67398e-05 
7.67363e-05 
7.67333e-05 
7.67306e-05 
7.67284e-05 
7.67266e-05 
7.67251e-05 
7.6724e-05 
7.67233e-05 
7.67228e-05 
7.67226e-05 
7.67227e-05 
7.6723e-05 
7.67235e-05 
7.67241e-05 
7.67249e-05 
7.67257e-05 
7.67265e-05 
7.67274e-05 
7.67282e-05 
7.67289e-05 
7.67295e-05 
7.67299e-05 
7.67302e-05 
7.67302e-05 
7.67299e-05 
7.67293e-05 
7.67284e-05 
7.67271e-05 
7.67254e-05 
7.67233e-05 
7.67208e-05 
7.67179e-05 
7.67145e-05 
7.67106e-05 
7.67063e-05 
7.67015e-05 
7.66963e-05 
7.66907e-05 
7.6685e-05 
7.66795e-05 
7.66756e-05 
7.67843e-05 
7.67807e-05 
7.67756e-05 
7.67702e-05 
7.6765e-05 
7.67601e-05 
7.67555e-05 
7.67514e-05 
7.67476e-05 
7.67442e-05 
7.67413e-05 
7.67387e-05 
7.67366e-05 
7.67348e-05 
7.67333e-05 
7.67323e-05 
7.67315e-05 
7.67311e-05 
7.67309e-05 
7.6731e-05 
7.67312e-05 
7.67317e-05 
7.67323e-05 
7.6733e-05 
7.67338e-05 
7.67347e-05 
7.67355e-05 
7.67363e-05 
7.6737e-05 
7.67375e-05 
7.67379e-05 
7.67381e-05 
7.67381e-05 
7.67378e-05 
7.67372e-05 
7.67363e-05 
7.6735e-05 
7.67334e-05 
7.67313e-05 
7.67289e-05 
7.6726e-05 
7.67228e-05 
7.67191e-05 
7.67149e-05 
7.67104e-05 
7.67056e-05 
7.67004e-05 
7.6695e-05 
7.66899e-05 
7.66864e-05 
7.67887e-05 
7.67854e-05 
7.67806e-05 
7.67757e-05 
7.67708e-05 
7.67662e-05 
7.67619e-05 
7.67579e-05 
7.67543e-05 
7.67511e-05 
7.67483e-05 
7.67458e-05 
7.67437e-05 
7.6742e-05 
7.67406e-05 
7.67395e-05 
7.67388e-05 
7.67384e-05 
7.67382e-05 
7.67383e-05 
7.67386e-05 
7.67391e-05 
7.67398e-05 
7.67405e-05 
7.67413e-05 
7.67422e-05 
7.6743e-05 
7.67438e-05 
7.67445e-05 
7.67451e-05 
7.67455e-05 
7.67457e-05 
7.67457e-05 
7.67454e-05 
7.67448e-05 
7.67439e-05 
7.67427e-05 
7.67411e-05 
7.67391e-05 
7.67368e-05 
7.6734e-05 
7.67309e-05 
7.67273e-05 
7.67234e-05 
7.67192e-05 
7.67146e-05 
7.67098e-05 
7.67049e-05 
7.67002e-05 
7.66969e-05 
7.67921e-05 
7.67891e-05 
7.67847e-05 
7.67801e-05 
7.67756e-05 
7.67712e-05 
7.67672e-05 
7.67634e-05 
7.676e-05 
7.67569e-05 
7.67542e-05 
7.67518e-05 
7.67498e-05 
7.67481e-05 
7.67468e-05 
7.67458e-05 
7.67451e-05 
7.67448e-05 
7.67447e-05 
7.67448e-05 
7.67452e-05 
7.67457e-05 
7.67464e-05 
7.67472e-05 
7.67481e-05 
7.6749e-05 
7.67499e-05 
7.67508e-05 
7.67516e-05 
7.67522e-05 
7.67527e-05 
7.67529e-05 
7.6753e-05 
7.67527e-05 
7.67522e-05 
7.67513e-05 
7.67501e-05 
7.67486e-05 
7.67467e-05 
7.67444e-05 
7.67418e-05 
7.67387e-05 
7.67354e-05 
7.67317e-05 
7.67277e-05 
7.67234e-05 
7.67189e-05 
7.67144e-05 
7.67101e-05 
7.67071e-05 
7.67946e-05 
7.67918e-05 
7.67879e-05 
7.67836e-05 
7.67794e-05 
7.67754e-05 
7.67715e-05 
7.6768e-05 
7.67647e-05 
7.67617e-05 
7.67591e-05 
7.67568e-05 
7.67548e-05 
7.67532e-05 
7.6752e-05 
7.67511e-05 
7.67505e-05 
7.67502e-05 
7.67502e-05 
7.67505e-05 
7.67509e-05 
7.67516e-05 
7.67524e-05 
7.67533e-05 
7.67543e-05 
7.67553e-05 
7.67563e-05 
7.67572e-05 
7.67581e-05 
7.67588e-05 
7.67594e-05 
7.67597e-05 
7.67598e-05 
7.67597e-05 
7.67592e-05 
7.67584e-05 
7.67573e-05 
7.67558e-05 
7.6754e-05 
7.67518e-05 
7.67492e-05 
7.67464e-05 
7.67432e-05 
7.67396e-05 
7.67359e-05 
7.67319e-05 
7.67277e-05 
7.67236e-05 
7.67197e-05 
7.6717e-05 
7.67962e-05 
7.67938e-05 
7.67902e-05 
7.67863e-05 
7.67824e-05 
7.67786e-05 
7.67749e-05 
7.67715e-05 
7.67684e-05 
7.67655e-05 
7.6763e-05 
7.67607e-05 
7.67589e-05 
7.67574e-05 
7.67562e-05 
7.67554e-05 
7.67549e-05 
7.67547e-05 
7.67548e-05 
7.67552e-05 
7.67558e-05 
7.67566e-05 
7.67575e-05 
7.67586e-05 
7.67597e-05 
7.67609e-05 
7.6762e-05 
7.67631e-05 
7.67641e-05 
7.6765e-05 
7.67657e-05 
7.67661e-05 
7.67663e-05 
7.67663e-05 
7.67659e-05 
7.67652e-05 
7.67641e-05 
7.67627e-05 
7.6761e-05 
7.67589e-05 
7.67564e-05 
7.67537e-05 
7.67506e-05 
7.67472e-05 
7.67437e-05 
7.67399e-05 
7.67361e-05 
7.67323e-05 
7.67288e-05 
7.67264e-05 
7.67971e-05 
7.67949e-05 
7.67917e-05 
7.67881e-05 
7.67845e-05 
7.67809e-05 
7.67774e-05 
7.67741e-05 
7.67711e-05 
7.67683e-05 
7.67658e-05 
7.67637e-05 
7.67619e-05 
7.67605e-05 
7.67594e-05 
7.67587e-05 
7.67583e-05 
7.67583e-05 
7.67585e-05 
7.67591e-05 
7.67598e-05 
7.67608e-05 
7.67619e-05 
7.67631e-05 
7.67645e-05 
7.67658e-05 
7.67672e-05 
7.67684e-05 
7.67696e-05 
7.67707e-05 
7.67715e-05 
7.67721e-05 
7.67725e-05 
7.67725e-05 
7.67723e-05 
7.67717e-05 
7.67707e-05 
7.67694e-05 
7.67677e-05 
7.67657e-05 
7.67633e-05 
7.67606e-05 
7.67576e-05 
7.67544e-05 
7.6751e-05 
7.67475e-05 
7.6744e-05 
7.67405e-05 
7.67373e-05 
7.67352e-05 
7.67974e-05 
7.67954e-05 
7.67925e-05 
7.67893e-05 
7.67858e-05 
7.67824e-05 
7.6779e-05 
7.67758e-05 
7.67728e-05 
7.67701e-05 
7.67677e-05 
7.67656e-05 
7.67639e-05 
7.67626e-05 
7.67616e-05 
7.6761e-05 
7.67608e-05 
7.67609e-05 
7.67613e-05 
7.6762e-05 
7.6763e-05 
7.67641e-05 
7.67655e-05 
7.6767e-05 
7.67685e-05 
7.67701e-05 
7.67717e-05 
7.67732e-05 
7.67746e-05 
7.67759e-05 
7.67769e-05 
7.67777e-05 
7.67782e-05 
7.67784e-05 
7.67783e-05 
7.67778e-05 
7.6777e-05 
7.67757e-05 
7.67741e-05 
7.67721e-05 
7.67698e-05 
7.67672e-05 
7.67643e-05 
7.67612e-05 
7.67579e-05 
7.67546e-05 
7.67512e-05 
7.6748e-05 
7.67452e-05 
7.67433e-05 
7.67971e-05 
7.67954e-05 
7.67928e-05 
7.67897e-05 
7.67865e-05 
7.67831e-05 
7.67798e-05 
7.67766e-05 
7.67737e-05 
7.6771e-05 
7.67686e-05 
7.67665e-05 
7.67649e-05 
7.67636e-05 
7.67627e-05 
7.67623e-05 
7.67622e-05 
7.67625e-05 
7.67631e-05 
7.6764e-05 
7.67653e-05 
7.67667e-05 
7.67683e-05 
7.67701e-05 
7.67719e-05 
7.67738e-05 
7.67756e-05 
7.67774e-05 
7.67791e-05 
7.67806e-05 
7.67819e-05 
7.67829e-05 
7.67836e-05 
7.6784e-05 
7.6784e-05 
7.67837e-05 
7.67829e-05 
7.67818e-05 
7.67802e-05 
7.67783e-05 
7.6776e-05 
7.67734e-05 
7.67705e-05 
7.67674e-05 
7.67642e-05 
7.6761e-05 
7.67578e-05 
7.67548e-05 
7.67523e-05 
7.67506e-05 
7.67965e-05 
7.6795e-05 
7.67926e-05 
7.67897e-05 
7.67865e-05 
7.67831e-05 
7.67798e-05 
7.67766e-05 
7.67736e-05 
7.67709e-05 
7.67685e-05 
7.67664e-05 
7.67648e-05 
7.67636e-05 
7.67629e-05 
7.67625e-05 
7.67626e-05 
7.67631e-05 
7.6764e-05 
7.67652e-05 
7.67667e-05 
7.67684e-05 
7.67703e-05 
7.67724e-05 
7.67746e-05 
7.67768e-05 
7.6779e-05 
7.67811e-05 
7.6783e-05 
7.67848e-05 
7.67864e-05 
7.67877e-05 
7.67886e-05 
7.67892e-05 
7.67894e-05 
7.67892e-05 
7.67886e-05 
7.67875e-05 
7.6786e-05 
7.6784e-05 
7.67817e-05 
7.67791e-05 
7.67762e-05 
7.67731e-05 
7.67699e-05 
7.67666e-05 
7.67635e-05 
7.67607e-05 
7.67584e-05 
7.67569e-05 
7.67957e-05 
7.67943e-05 
7.67921e-05 
7.67892e-05 
7.6786e-05 
7.67826e-05 
7.67791e-05 
7.67758e-05 
7.67727e-05 
7.67699e-05 
7.67674e-05 
7.67654e-05 
7.67638e-05 
7.67627e-05 
7.6762e-05 
7.67619e-05 
7.67621e-05 
7.67629e-05 
7.6764e-05 
7.67654e-05 
7.67672e-05 
7.67693e-05 
7.67716e-05 
7.6774e-05 
7.67765e-05 
7.67791e-05 
7.67816e-05 
7.67841e-05 
7.67864e-05 
7.67886e-05 
7.67904e-05 
7.6792e-05 
7.67932e-05 
7.6794e-05 
7.67944e-05 
7.67943e-05 
7.67938e-05 
7.67928e-05 
7.67913e-05 
7.67894e-05 
7.6787e-05 
7.67843e-05 
7.67813e-05 
7.67781e-05 
7.67747e-05 
7.67715e-05 
7.67683e-05 
7.67656e-05 
7.67634e-05 
7.67621e-05 
7.6795e-05 
7.67937e-05 
7.67914e-05 
7.67885e-05 
7.67851e-05 
7.67816e-05 
7.6778e-05 
7.67745e-05 
7.67712e-05 
7.67683e-05 
7.67658e-05 
7.67637e-05 
7.67621e-05 
7.6761e-05 
7.67605e-05 
7.67605e-05 
7.67609e-05 
7.67619e-05 
7.67632e-05 
7.6765e-05 
7.67671e-05 
7.67695e-05 
7.67721e-05 
7.67749e-05 
7.67778e-05 
7.67807e-05 
7.67837e-05 
7.67865e-05 
7.67892e-05 
7.67916e-05 
7.67938e-05 
7.67957e-05 
7.67971e-05 
7.67982e-05 
7.67987e-05 
7.67988e-05 
7.67984e-05 
7.67974e-05 
7.67959e-05 
7.6794e-05 
7.67915e-05 
7.67887e-05 
7.67856e-05 
7.67822e-05 
7.67787e-05 
7.67752e-05 
7.6772e-05 
7.67692e-05 
7.6767e-05 
7.67658e-05 
7.67945e-05 
7.67932e-05 
7.67909e-05 
7.67879e-05 
7.67844e-05 
7.67807e-05 
7.67769e-05 
7.67733e-05 
7.67699e-05 
7.67668e-05 
7.67642e-05 
7.67621e-05 
7.67606e-05 
7.67595e-05 
7.6759e-05 
7.67591e-05 
7.67597e-05 
7.67608e-05 
7.67624e-05 
7.67643e-05 
7.67667e-05 
7.67693e-05 
7.67722e-05 
7.67752e-05 
7.67784e-05 
7.67816e-05 
7.67848e-05 
7.67879e-05 
7.67909e-05 
7.67936e-05 
7.6796e-05 
7.6798e-05 
7.67997e-05 
7.68009e-05 
7.68016e-05 
7.68018e-05 
7.68014e-05 
7.68005e-05 
7.6799e-05 
7.6797e-05 
7.67945e-05 
7.67916e-05 
7.67883e-05 
7.67848e-05 
7.67811e-05 
7.67775e-05 
7.67741e-05 
7.67712e-05 
7.6769e-05 
7.67678e-05 
