7.5718 
7.74239 
7.88234 
7.99774 
8.08548 
8.15253 
8.20385 
8.24353 
8.27453 
8.29905 
8.31867 
8.33457 
8.34761 
8.35844 
8.36756 
8.37534 
8.38208 
8.38801 
8.39333 
8.39818 
8.40269 
8.40697 
8.41111 
8.4152 
8.41931 
8.4235 
8.42786 
8.43245 
8.43734 
8.44262 
8.44836 
8.45468 
8.46169 
8.46954 
8.4784 
8.48848 
8.50008 
8.51353 
8.52931 
8.54804 
8.57054 
8.59794 
8.63176 
8.67415 
8.72804 
8.79759 
8.88807 
9.00723 
9.15437 
9.33835 
7.60497 
7.76159 
7.88796 
7.99404 
8.07622 
8.1405 
8.19085 
8.23064 
8.26237 
8.28791 
8.30868 
8.32573 
8.33988 
8.35176 
8.36184 
8.37051 
8.37805 
8.38472 
8.3907 
8.39615 
8.40122 
8.406 
8.41061 
8.41512 
8.41963 
8.4242 
8.42891 
8.43383 
8.43906 
8.44465 
8.45072 
8.45736 
8.46471 
8.47291 
8.48213 
8.49262 
8.50464 
8.51855 
8.53483 
8.55407 
8.57708 
8.6049 
8.63896 
8.68118 
8.73412 
8.80136 
8.88724 
8.99855 
9.13385 
9.3049 
7.74148 
7.83616 
7.92764 
8.01133 
8.08067 
8.13765 
8.18409 
8.22201 
8.25308 
8.27868 
8.29992 
8.31768 
8.33264 
8.34536 
8.35628 
8.36576 
8.37409 
8.38148 
8.38815 
8.39424 
8.39991 
8.40525 
8.41038 
8.4154 
8.42037 
8.42539 
8.43054 
8.43588 
8.44151 
8.44752 
8.45399 
8.46105 
8.46882 
8.47745 
8.48713 
8.49809 
8.51059 
8.525 
8.54174 
8.56139 
8.58465 
8.61246 
8.64597 
8.68669 
8.73643 
8.79744 
8.8718 
8.96177 
9.06141 
9.16539 
7.85741 
7.91399 
7.97648 
8.03846 
8.09335 
8.14081 
8.18114 
8.21521 
8.24396 
8.26825 
8.28884 
8.30638 
8.3214 
8.33437 
8.34565 
8.35554 
8.36432 
8.37218 
8.37932 
8.38588 
8.392 
8.39779 
8.40335 
8.40879 
8.41418 
8.41961 
8.42515 
8.4309 
8.43693 
8.44333 
8.45022 
8.45769 
8.46588 
8.47494 
8.48506 
8.49644 
8.50936 
8.52414 
8.54117 
8.56095 
8.58406 
8.61123 
8.64331 
8.68129 
8.72621 
8.77904 
8.84006 
8.9087 
8.97814 
9.04045 
7.95331 
7.98656 
8.02793 
8.07235 
8.11434 
8.15251 
8.18632 
8.2159 
8.24159 
8.26384 
8.28311 
8.29985 
8.31443 
8.3272 
8.33846 
8.34845 
8.35741 
8.36551 
8.37292 
8.37978 
8.38621 
8.39233 
8.39822 
8.40398 
8.4097 
8.41546 
8.42134 
8.42742 
8.43378 
8.44052 
8.44773 
8.45554 
8.46406 
8.47344 
8.48385 
8.4955 
8.50862 
8.52349 
8.54045 
8.55989 
8.58226 
8.60807 
8.63784 
8.6721 
8.71118 
8.75513 
8.80316 
8.85336 
8.89974 
8.9359 
8.02948 
8.04885 
8.07576 
8.10703 
8.13851 
8.16855 
8.19621 
8.2212 
8.24353 
8.26335 
8.28088 
8.2964 
8.31014 
8.32237 
8.33329 
8.3431 
8.352 
8.36012 
8.36762 
8.37461 
8.38121 
8.38752 
8.39362 
8.39961 
8.40557 
8.41157 
8.4177 
8.42403 
8.43065 
8.43765 
8.44512 
8.45316 
8.46191 
8.47149 
8.48206 
8.49379 
8.5069 
8.52161 
8.53819 
8.55693 
8.57811 
8.60206 
8.62901 
8.65909 
8.69219 
8.72779 
8.7646 
8.80035 
8.83048 
8.85095 
8.09034 
8.10132 
8.11852 
8.14024 
8.16353 
8.18681 
8.20909 
8.22986 
8.24891 
8.26621 
8.28184 
8.29593 
8.30861 
8.32006 
8.33042 
8.33986 
8.3485 
8.35648 
8.36391 
8.3709 
8.37754 
8.38393 
8.39014 
8.39627 
8.40237 
8.40854 
8.41484 
8.42135 
8.42814 
8.43531 
8.44294 
8.45114 
8.46 
8.46965 
8.48023 
8.49189 
8.50479 
8.51911 
8.53503 
8.55276 
8.57244 
8.59421 
8.6181 
8.64396 
8.67141 
8.69963 
8.72722 
8.75208 
8.77103 
8.78198 
8.13927 
8.14512 
8.15585 
8.17076 
8.1878 
8.20567 
8.2234 
8.24045 
8.25649 
8.27139 
8.2851 
8.29768 
8.3092 
8.31974 
8.32942 
8.33834 
8.3466 
8.3543 
8.36155 
8.36842 
8.37501 
8.38138 
8.38761 
8.39379 
8.39996 
8.40621 
8.41261 
8.41922 
8.42611 
8.43337 
8.44108 
8.44933 
8.4582 
8.46781 
8.47827 
8.48969 
8.50221 
8.51595 
8.53102 
8.54752 
8.56551 
8.58497 
8.60579 
8.62767 
8.65004 
8.67203 
8.69232 
8.70918 
8.72057 
8.72571 
8.17907 
8.18175 
8.18815 
8.19822 
8.21057 
8.22417 
8.23817 
8.25203 
8.2654 
8.2781 
8.29001 
8.30112 
8.31144 
8.32104 
8.32996 
8.33828 
8.34607 
8.35342 
8.3604 
8.36707 
8.37351 
8.37979 
8.38597 
8.39212 
8.3983 
8.40456 
8.41098 
8.41762 
8.42454 
8.43182 
8.43952 
8.44773 
8.45651 
8.46597 
8.47619 
8.48726 
8.49925 
8.51226 
8.52633 
8.54148 
8.5577 
8.57487 
8.59277 
8.61101 
8.62899 
8.64587 
8.66051 
8.67159 
8.67787 
8.67945 
8.21181 
8.21253 
8.21602 
8.22266 
8.23152 
8.24178 
8.25275 
8.26394 
8.27501 
8.28574 
8.29601 
8.30574 
8.31492 
8.32356 
8.3317 
8.33939 
8.34667 
8.35361 
8.36026 
8.36667 
8.37291 
8.37904 
8.38511 
8.39117 
8.39728 
8.4035 
8.40989 
8.41649 
8.42337 
8.43059 
8.43821 
8.44629 
8.45491 
8.46412 
8.474 
8.4846 
8.49596 
8.50814 
8.52112 
8.53489 
8.54934 
8.56431 
8.57952 
8.59455 
8.60882 
8.62158 
8.63191 
8.63885 
8.6417 
8.64109 
8.23907 
8.23856 
8.24011 
8.2443 
8.25055 
8.25823 
8.26678 
8.27576 
8.28487 
8.29389 
8.30267 
8.31114 
8.31925 
8.32699 
8.33438 
8.34143 
8.34818 
8.35468 
8.36096 
8.36708 
8.37307 
8.379 
8.3849 
8.39083 
8.39683 
8.40295 
8.40925 
8.41576 
8.42254 
8.42963 
8.4371 
8.44499 
8.45336 
8.46225 
8.4717 
8.48175 
8.49242 
8.5037 
8.51557 
8.52795 
8.5407 
8.55362 
8.56641 
8.57867 
8.58986 
8.59936 
8.60644 
8.6104 
8.61096 
8.60902 
8.26202 
8.26076 
8.26099 
8.26344 
8.26775 
8.27343 
8.28004 
8.28722 
8.29468 
8.30222 
8.3097 
8.31703 
8.32416 
8.33106 
8.33772 
8.34416 
8.35039 
8.35644 
8.36234 
8.36813 
8.37386 
8.37955 
8.38525 
8.39101 
8.39685 
8.40283 
8.40899 
8.41536 
8.42198 
8.4289 
8.43616 
8.4438 
8.45185 
8.46035 
8.46932 
8.47877 
8.48869 
8.49906 
8.50981 
8.52084 
8.53199 
8.54305 
8.55371 
8.56361 
8.57229 
8.57921 
8.58384 
8.58569 
8.58472 
8.582 
8.28155 
8.27982 
8.27917 
8.28038 
8.28323 
8.28737 
8.29244 
8.29814 
8.30422 
8.3105 
8.31685 
8.32318 
8.32942 
8.33554 
8.34153 
8.34738 
8.3531 
8.35872 
8.36424 
8.36971 
8.37515 
8.38059 
8.38606 
8.39161 
8.39727 
8.40307 
8.40904 
8.41522 
8.42164 
8.42833 
8.43534 
8.44267 
8.45037 
8.45843 
8.46688 
8.47569 
8.48485 
8.4943 
8.50396 
8.51372 
8.5234 
8.53278 
8.5416 
8.54952 
8.55615 
8.56107 
8.56386 
8.5642 
8.56224 
8.55906 
8.29833 
8.29632 
8.29508 
8.29538 
8.29714 
8.30009 
8.30393 
8.30843 
8.31337 
8.31859 
8.32396 
8.32941 
8.33486 
8.34028 
8.34564 
8.35094 
8.35618 
8.36137 
8.36653 
8.37166 
8.37681 
8.38199 
8.38722 
8.39255 
8.39798 
8.40357 
8.40933 
8.41529 
8.42148 
8.42791 
8.43462 
8.44162 
8.44892 
8.45651 
8.46441 
8.47257 
8.48096 
8.48951 
8.49813 
8.5067 
8.51504 
8.52295 
8.53019 
8.53646 
8.54143 
8.54478 
8.5462 
8.54549 
8.54288 
8.53947 
8.31286 
8.31069 
8.30905 
8.30871 
8.30965 
8.31167 
8.31454 
8.31806 
8.32205 
8.32637 
8.33091 
8.33558 
8.34034 
8.34512 
8.34992 
8.35472 
8.35951 
8.36429 
8.36908 
8.37389 
8.37874 
8.38365 
8.38863 
8.39372 
8.39893 
8.40429 
8.40981 
8.41553 
8.42145 
8.4276 
8.43398 
8.44061 
8.44748 
8.45459 
8.46192 
8.46942 
8.47706 
8.48475 
8.49239 
8.49987 
8.50702 
8.51364 
8.51953 
8.52443 
8.52808 
8.53021 
8.53061 
8.52916 
8.52615 
8.52265 
8.32553 
8.32328 
8.32138 
8.32057 
8.32089 
8.32219 
8.32429 
8.32701 
8.33022 
8.33379 
8.33761 
8.34162 
8.34576 
8.34998 
8.35427 
8.3586 
8.36296 
8.36737 
8.37181 
8.37631 
8.38086 
8.3855 
8.39023 
8.39506 
8.40003 
8.40515 
8.41042 
8.41587 
8.42151 
8.42735 
8.43339 
8.43963 
8.44606 
8.45267 
8.45943 
8.46629 
8.4732 
8.48007 
8.48682 
8.4933 
8.49939 
8.5049 
8.50965 
8.51342 
8.516 
8.51719 
8.51685 
8.51489 
8.51164 
8.50814 
8.33664 
8.33437 
8.3323 
8.33115 
8.331 
8.33174 
8.33322 
8.3353 
8.33786 
8.34079 
8.34401 
8.34744 
8.35104 
8.35477 
8.35859 
8.3625 
8.36648 
8.37053 
8.37464 
8.37883 
8.3831 
8.38747 
8.39194 
8.39652 
8.40124 
8.4061 
8.41111 
8.41628 
8.42162 
8.42714 
8.43282 
8.43866 
8.44465 
8.45076 
8.45696 
8.4632 
8.46942 
8.47553 
8.48145 
8.48705 
8.4922 
8.49675 
8.50053 
8.50338 
8.50511 
8.50558 
8.50468 
8.50239 
8.49902 
8.49558 
8.34644 
8.34417 
8.342 
8.34061 
8.34011 
8.34041 
8.34139 
8.34295 
8.34497 
8.34737 
8.35007 
8.35301 
8.35614 
8.35942 
8.36284 
8.36636 
8.36998 
8.3737 
8.3775 
8.3814 
8.3854 
8.3895 
8.39371 
8.39804 
8.4025 
8.4071 
8.41184 
8.41673 
8.42176 
8.42694 
8.43226 
8.4377 
8.44325 
8.44887 
8.45453 
8.46018 
8.46575 
8.47116 
8.47632 
8.48113 
8.48547 
8.48919 
8.49217 
8.49426 
8.49532 
8.49524 
8.49394 
8.49142 
8.48802 
8.48467 
8.3551 
8.35287 
8.35064 
8.34908 
8.34831 
8.34826 
8.34885 
8.34998 
8.35156 
8.35352 
8.35578 
8.35829 
8.36101 
8.3639 
8.36695 
8.37013 
8.37342 
8.37683 
8.38035 
8.38397 
8.3877 
8.39154 
8.3955 
8.39957 
8.40378 
8.40812 
8.41258 
8.41718 
8.4219 
8.42675 
8.43171 
8.43675 
8.44187 
8.44702 
8.45216 
8.45724 
8.46221 
8.46698 
8.47146 
8.47557 
8.4792 
8.48222 
8.48453 
8.486 
8.48652 
8.48602 
8.48444 
8.4818 
8.47842 
8.47518 
8.36279 
8.36059 
8.35834 
8.35666 
8.35569 
8.35538 
8.35565 
8.35644 
8.35765 
8.35923 
8.36111 
8.36326 
8.36562 
8.36818 
8.37089 
8.37376 
8.37676 
8.37988 
8.38313 
8.38648 
8.38996 
8.39355 
8.39726 
8.40109 
8.40504 
8.40912 
8.41331 
8.41762 
8.42203 
8.42655 
8.43115 
8.43581 
8.4405 
8.4452 
8.44985 
8.45441 
8.45882 
8.46301 
8.46689 
8.47038 
8.47339 
8.47582 
8.47756 
8.47853 
8.47864 
8.47782 
8.47604 
8.47334 
8.47002 
8.46691 
8.36962 
8.36747 
8.36522 
8.36347 
8.36234 
8.36182 
8.36185 
8.36234 
8.36325 
8.36451 
8.36608 
8.36791 
8.36997 
8.37222 
8.37465 
8.37723 
8.37996 
8.38282 
8.38581 
8.38892 
8.39216 
8.39551 
8.39898 
8.40257 
8.40627 
8.41008 
8.414 
8.41803 
8.42214 
8.42633 
8.43058 
8.43487 
8.43916 
8.44343 
8.44762 
8.4517 
8.4556 
8.45926 
8.4626 
8.46556 
8.46804 
8.46996 
8.47124 
8.4718 
8.47158 
8.47053 
8.46862 
8.46591 
8.46268 
8.4597 
8.37568 
8.3736 
8.37137 
8.36956 
8.36833 
8.36765 
8.36747 
8.36774 
8.36839 
8.36939 
8.37069 
8.37224 
8.37403 
8.37602 
8.37819 
8.38052 
8.383 
8.38562 
8.38838 
8.39126 
8.39426 
8.39739 
8.40062 
8.40397 
8.40743 
8.411 
8.41465 
8.4184 
8.42222 
8.42609 
8.43001 
8.43394 
8.43785 
8.44171 
8.44549 
8.44912 
8.45256 
8.45574 
8.45861 
8.46109 
8.46312 
8.46461 
8.46551 
8.46575 
8.46527 
8.46405 
8.46207 
8.45938 
8.45625 
8.45342 
8.38108 
8.37905 
8.37685 
8.37503 
8.37372 
8.37291 
8.37257 
8.37265 
8.3731 
8.37387 
8.37494 
8.37626 
8.37781 
8.37957 
8.3815 
8.38361 
8.38587 
8.38827 
8.39081 
8.39347 
8.39626 
8.39916 
8.40218 
8.4053 
8.40853 
8.41185 
8.41525 
8.41872 
8.42226 
8.42583 
8.42943 
8.43302 
8.43658 
8.44007 
8.44344 
8.44667 
8.44969 
8.45246 
8.45491 
8.45698 
8.45862 
8.45976 
8.46034 
8.46032 
8.45965 
8.45831 
8.45629 
8.45365 
8.45064 
8.44794 
8.38586 
8.3839 
8.38175 
8.37992 
8.37856 
8.37766 
8.37719 
8.37712 
8.37739 
8.37798 
8.37885 
8.37997 
8.38131 
8.38286 
8.38459 
8.38649 
8.38855 
8.39075 
8.39308 
8.39555 
8.39813 
8.40083 
8.40364 
8.40654 
8.40954 
8.41263 
8.41578 
8.419 
8.42226 
8.42555 
8.42885 
8.43212 
8.43535 
8.43849 
8.44151 
8.44436 
8.44701 
8.4494 
8.45149 
8.45321 
8.45451 
8.45535 
8.45568 
8.45545 
8.45464 
8.45322 
8.4512 
8.44863 
8.44574 
8.44318 
8.39011 
8.38821 
8.38611 
8.38429 
8.3829 
8.38193 
8.38136 
8.38116 
8.38129 
8.38172 
8.38243 
8.38337 
8.38454 
8.38591 
8.38745 
8.38917 
8.39104 
8.39306 
8.39521 
8.39748 
8.39988 
8.40238 
8.40499 
8.40769 
8.41047 
8.41333 
8.41626 
8.41923 
8.42224 
8.42526 
8.42827 
8.43125 
8.43416 
8.43698 
8.43968 
8.4422 
8.44452 
8.44658 
8.44834 
8.44976 
8.45078 
8.45137 
8.45149 
8.4511 
8.45018 
8.44872 
8.44672 
8.44423 
8.44147 
8.43904 
8.39385 
8.39202 
8.38998 
8.38818 
8.38677 
8.38576 
8.38511 
8.38481 
8.38483 
8.38513 
8.38569 
8.38649 
8.3875 
8.3887 
8.39009 
8.39164 
8.39335 
8.39519 
8.39717 
8.39927 
8.40149 
8.40381 
8.40623 
8.40873 
8.41132 
8.41397 
8.41667 
8.41941 
8.42218 
8.42494 
8.42769 
8.4304 
8.43303 
8.43556 
8.43796 
8.44019 
8.4422 
8.44398 
8.44546 
8.44662 
8.44741 
8.44779 
8.44774 
8.44723 
8.44624 
8.44476 
8.44279 
8.44039 
8.43776 
8.43546 
8.39714 
8.39539 
8.3934 
8.39164 
8.39023 
8.38918 
8.38848 
8.3881 
8.38802 
8.38821 
8.38865 
8.38932 
8.39019 
8.39126 
8.3925 
8.39391 
8.39546 
8.39715 
8.39897 
8.40091 
8.40296 
8.40512 
8.40736 
8.40968 
8.41207 
8.41453 
8.41702 
8.41955 
8.42209 
8.42462 
8.42713 
8.42958 
8.43195 
8.43422 
8.43635 
8.43831 
8.44007 
8.44159 
8.44283 
8.44377 
8.44436 
8.44458 
8.44439 
8.44379 
8.44275 
8.44127 
8.43936 
8.43706 
8.43455 
8.43238 
8.40002 
8.39834 
8.39642 
8.39469 
8.39329 
8.39223 
8.39149 
8.39105 
8.39089 
8.39099 
8.39133 
8.39189 
8.39264 
8.39359 
8.3947 
8.39597 
8.39739 
8.39894 
8.40062 
8.40241 
8.40431 
8.4063 
8.40838 
8.41053 
8.41275 
8.41502 
8.41732 
8.41965 
8.42198 
8.42429 
8.42657 
8.4288 
8.43094 
8.43297 
8.43486 
8.43659 
8.43811 
8.43941 
8.44045 
8.4412 
8.44162 
8.4417 
8.44142 
8.44075 
8.43968 
8.43822 
8.43637 
8.43417 
8.43179 
8.42973 
8.40252 
8.40091 
8.39906 
8.39738 
8.396 
8.39493 
8.39416 
8.39368 
8.39346 
8.39349 
8.39374 
8.3942 
8.39486 
8.39569 
8.39669 
8.39784 
8.39914 
8.40056 
8.40211 
8.40377 
8.40552 
8.40737 
8.4093 
8.41129 
8.41334 
8.41544 
8.41757 
8.41971 
8.42185 
8.42396 
8.42604 
8.42806 
8.42998 
8.4318 
8.43348 
8.435 
8.43633 
8.43743 
8.4383 
8.43888 
8.43918 
8.43915 
8.43878 
8.43807 
8.437 
8.43556 
8.43378 
8.43168 
8.42942 
8.42749 
8.40467 
8.40313 
8.40135 
8.39972 
8.39837 
8.39731 
8.39653 
8.39601 
8.39574 
8.39571 
8.39589 
8.39627 
8.39684 
8.39758 
8.39848 
8.39953 
8.40071 
8.40202 
8.40345 
8.40498 
8.40661 
8.40832 
8.41011 
8.41196 
8.41386 
8.4158 
8.41777 
8.41974 
8.4217 
8.42364 
8.42553 
8.42736 
8.4291 
8.43072 
8.43222 
8.43355 
8.43471 
8.43565 
8.43636 
8.43682 
8.437 
8.43689 
8.43646 
8.43572 
8.43465 
8.43326 
8.43155 
8.42955 
8.42742 
8.4256 
8.4065 
8.40503 
8.40333 
8.40175 
8.40044 
8.39939 
8.3986 
8.39806 
8.39776 
8.39768 
8.3978 
8.39812 
8.39861 
8.39927 
8.40008 
8.40103 
8.40212 
8.40333 
8.40465 
8.40607 
8.40758 
8.40917 
8.41083 
8.41255 
8.41431 
8.41611 
8.41792 
8.41974 
8.42154 
8.42332 
8.42505 
8.42671 
8.42828 
8.42974 
8.43107 
8.43224 
8.43324 
8.43405 
8.43463 
8.43498 
8.43507 
8.43489 
8.43443 
8.43368 
8.43263 
8.43128 
8.42964 
8.42775 
8.42574 
8.42402 
8.40803 
8.40663 
8.40501 
8.4035 
8.40222 
8.40119 
8.40041 
8.39986 
8.39953 
8.39941 
8.39949 
8.39974 
8.40017 
8.40076 
8.4015 
8.40237 
8.40337 
8.40448 
8.40571 
8.40703 
8.40843 
8.40991 
8.41146 
8.41306 
8.4147 
8.41636 
8.41804 
8.41972 
8.42138 
8.42301 
8.42459 
8.4261 
8.42752 
8.42884 
8.43002 
8.43106 
8.43194 
8.43262 
8.4331 
8.43336 
8.43338 
8.43316 
8.43267 
8.43191 
8.43089 
8.42959 
8.42803 
8.42625 
8.42435 
8.42274 
8.40929 
8.40796 
8.40642 
8.40497 
8.40374 
8.40274 
8.40196 
8.40141 
8.40107 
8.40092 
8.40096 
8.40117 
8.40154 
8.40207 
8.40274 
8.40354 
8.40446 
8.4055 
8.40664 
8.40787 
8.40918 
8.41056 
8.412 
8.41349 
8.41502 
8.41657 
8.41813 
8.41969 
8.42122 
8.42272 
8.42417 
8.42555 
8.42684 
8.42803 
8.42909 
8.43001 
8.43077 
8.43136 
8.43175 
8.43194 
8.43191 
8.43165 
8.43115 
8.4304 
8.42941 
8.42817 
8.4267 
8.42501 
8.42323 
8.42172 
8.41029 
8.40904 
8.40757 
8.40619 
8.40501 
8.40404 
8.40329 
8.40274 
8.40239 
8.40222 
8.40223 
8.4024 
8.40273 
8.40321 
8.40382 
8.40456 
8.40542 
8.40638 
8.40744 
8.40859 
8.40982 
8.41112 
8.41247 
8.41386 
8.41529 
8.41674 
8.4182 
8.41964 
8.42107 
8.42245 
8.42379 
8.42505 
8.42623 
8.42731 
8.42826 
8.42908 
8.42975 
8.43026 
8.43058 
8.43071 
8.43064 
8.43036 
8.42985 
8.42913 
8.42817 
8.427 
8.4256 
8.42402 
8.42235 
8.42093 
8.41106 
8.40988 
8.40849 
8.40718 
8.40605 
8.40512 
8.40439 
8.40386 
8.4035 
8.40332 
8.40331 
8.40346 
8.40375 
8.40418 
8.40475 
8.40543 
8.40623 
8.40714 
8.40813 
8.40922 
8.41037 
8.41159 
8.41286 
8.41417 
8.41552 
8.41688 
8.41824 
8.41959 
8.42092 
8.42221 
8.42344 
8.42461 
8.42569 
8.42667 
8.42754 
8.42828 
8.42887 
8.42931 
8.42958 
8.42966 
8.42956 
8.42927 
8.42877 
8.42807 
8.42716 
8.42604 
8.42473 
8.42325 
8.42169 
8.42036 
8.41161 
8.4105 
8.4092 
8.40795 
8.40689 
8.406 
8.4053 
8.40478 
8.40443 
8.40424 
8.40422 
8.40434 
8.4046 
8.405 
8.40553 
8.40617 
8.40692 
8.40777 
8.40871 
8.40974 
8.41083 
8.41198 
8.41319 
8.41443 
8.4157 
8.41698 
8.41826 
8.41953 
8.42078 
8.42199 
8.42314 
8.42422 
8.42522 
8.42612 
8.42692 
8.42758 
8.42812 
8.4285 
8.42872 
8.42878 
8.42866 
8.42836 
8.42788 
8.4272 
8.42634 
8.42529 
8.42406 
8.42268 
8.42122 
8.41999 
8.41196 
8.41092 
8.4097 
8.40853 
8.40753 
8.40669 
8.40602 
8.40552 
8.40518 
8.40499 
8.40495 
8.40506 
8.4053 
8.40568 
8.40617 
8.40677 
8.40749 
8.40829 
8.40919 
8.41016 
8.4112 
8.4123 
8.41345 
8.41463 
8.41584 
8.41706 
8.41828 
8.41948 
8.42066 
8.42179 
8.42287 
8.42389 
8.42482 
8.42566 
8.42639 
8.427 
8.42749 
8.42783 
8.42802 
8.42805 
8.42793 
8.42763 
8.42716 
8.42652 
8.42571 
8.42473 
8.42358 
8.42229 
8.42094 
8.41979 
8.41212 
8.41116 
8.41002 
8.40893 
8.40799 
8.40719 
8.40656 
8.40608 
8.40576 
8.40558 
8.40554 
8.40563 
8.40586 
8.40621 
8.40668 
8.40725 
8.40793 
8.40871 
8.40957 
8.4105 
8.4115 
8.41256 
8.41366 
8.41479 
8.41595 
8.41712 
8.41828 
8.41943 
8.42055 
8.42163 
8.42266 
8.42362 
8.4245 
8.42528 
8.42596 
8.42653 
8.42698 
8.42729 
8.42746 
8.42748 
8.42735 
8.42706 
8.42661 
8.42601 
8.42525 
8.42433 
8.42326 
8.42207 
8.42082 
8.41976 
8.41211 
8.41123 
8.41018 
8.40916 
8.40828 
8.40754 
8.40695 
8.40649 
8.40618 
8.40601 
8.40597 
8.40606 
8.40628 
8.40661 
8.40706 
8.40762 
8.40827 
8.40902 
8.40985 
8.41075 
8.41172 
8.41274 
8.41381 
8.41491 
8.41603 
8.41716 
8.41828 
8.41939 
8.42047 
8.4215 
8.42249 
8.4234 
8.42424 
8.42499 
8.42563 
8.42617 
8.42658 
8.42687 
8.42702 
8.42704 
8.42691 
8.42663 
8.42621 
8.42565 
8.42494 
8.42408 
8.4231 
8.422 
8.42085 
8.41987 
8.41195 
8.41114 
8.41018 
8.40925 
8.40843 
8.40774 
8.40718 
8.40676 
8.40647 
8.4063 
8.40627 
8.40635 
8.40656 
8.40689 
8.40732 
8.40786 
8.4085 
8.40923 
8.41004 
8.41092 
8.41187 
8.41287 
8.41391 
8.41499 
8.41608 
8.41718 
8.41828 
8.41936 
8.42041 
8.42141 
8.42237 
8.42325 
8.42406 
8.42478 
8.4254 
8.42591 
8.4263 
8.42658 
8.42672 
8.42673 
8.42661 
8.42635 
8.42595 
8.42542 
8.42476 
8.42398 
8.42307 
8.42206 
8.42101 
8.42012 
8.41165 
8.41092 
8.41004 
8.40919 
8.40844 
8.4078 
8.40728 
8.40689 
8.40661 
8.40646 
8.40643 
8.40652 
8.40672 
8.40704 
8.40747 
8.408 
8.40863 
8.40935 
8.41014 
8.41102 
8.41195 
8.41294 
8.41397 
8.41503 
8.41611 
8.4172 
8.41828 
8.41934 
8.42037 
8.42136 
8.42229 
8.42316 
8.42395 
8.42465 
8.42526 
8.42575 
8.42614 
8.4264 
8.42654 
8.42655 
8.42644 
8.42619 
8.42582 
8.42533 
8.42472 
8.424 
8.42316 
8.42225 
8.42129 
8.42048 
8.41124 
8.41058 
8.40979 
8.40902 
8.40833 
8.40774 
8.40726 
8.40689 
8.40664 
8.40649 
8.40647 
8.40656 
8.40676 
8.40708 
8.4075 
8.40803 
8.40865 
8.40937 
8.41016 
8.41103 
8.41197 
8.41295 
8.41398 
8.41504 
8.41612 
8.4172 
8.41828 
8.41934 
8.42037 
8.42135 
8.42228 
8.42314 
8.42392 
8.42461 
8.42521 
8.4257 
8.42608 
8.42634 
8.42648 
8.42649 
8.42639 
8.42616 
8.42582 
8.42536 
8.42479 
8.42412 
8.42336 
8.42253 
8.42167 
8.42094 
8.41072 
8.41014 
8.40944 
8.40874 
8.40812 
8.40757 
8.40713 
8.40678 
8.40654 
8.40641 
8.40639 
8.40648 
8.40669 
8.407 
8.40743 
8.40796 
8.40858 
8.4093 
8.4101 
8.41098 
8.41192 
8.41292 
8.41395 
8.41502 
8.41611 
8.4172 
8.41829 
8.41936 
8.42039 
8.42138 
8.42232 
8.42318 
8.42396 
8.42466 
8.42526 
8.42575 
8.42612 
8.42639 
8.42653 
8.42655 
8.42645 
8.42624 
8.42592 
8.42549 
8.42496 
8.42434 
8.42365 
8.4229 
8.42213 
8.42148 
8.41012 
8.40962 
8.40901 
8.40838 
8.40781 
8.40731 
8.40689 
8.40656 
8.40633 
8.40621 
8.40619 
8.40629 
8.40649 
8.40681 
8.40724 
8.40778 
8.40842 
8.40914 
8.40996 
8.41085 
8.41181 
8.41283 
8.41389 
8.41498 
8.41609 
8.4172 
8.41831 
8.4194 
8.42046 
8.42147 
8.42242 
8.42329 
8.42409 
8.4248 
8.4254 
8.4259 
8.42628 
8.42655 
8.4267 
8.42672 
8.42663 
8.42643 
8.42612 
8.42571 
8.42522 
8.42465 
8.42401 
8.42333 
8.42265 
8.42209 
8.40948 
8.40905 
8.40852 
8.40796 
8.40743 
8.40696 
8.40656 
8.40624 
8.40602 
8.4059 
8.40588 
8.40598 
8.40619 
8.40651 
8.40695 
8.4075 
8.40815 
8.4089 
8.40974 
8.41065 
8.41164 
8.41269 
8.41378 
8.4149 
8.41605 
8.4172 
8.41835 
8.41947 
8.42056 
8.4216 
8.42258 
8.42348 
8.4243 
8.42503 
8.42565 
8.42616 
8.42655 
8.42683 
8.42698 
8.42701 
8.42692 
8.42672 
8.42642 
8.42603 
8.42555 
8.42501 
8.42443 
8.42381 
8.4232 
8.42272 
8.40881 
8.40846 
8.40799 
8.40749 
8.407 
8.40654 
8.40615 
8.40584 
8.40561 
8.40548 
8.40546 
8.40555 
8.40577 
8.4061 
8.40655 
8.40711 
8.40778 
8.40856 
8.40943 
8.41038 
8.41141 
8.4125 
8.41364 
8.41481 
8.416 
8.41721 
8.4184 
8.41957 
8.42071 
8.42179 
8.42281 
8.42375 
8.42461 
8.42536 
8.426 
8.42653 
8.42694 
8.42722 
8.42738 
8.42741 
8.42732 
8.42712 
8.42681 
8.42642 
8.42595 
8.42543 
8.42487 
8.42431 
8.42377 
8.42336 
8.40816 
8.40787 
8.40746 
8.40699 
8.40652 
8.40607 
8.40567 
8.40534 
8.4051 
8.40496 
8.40493 
8.40502 
8.40523 
8.40557 
8.40603 
8.40662 
8.40732 
8.40813 
8.40904 
8.41004 
8.41112 
8.41226 
8.41346 
8.41469 
8.41595 
8.41721 
8.41847 
8.4197 
8.4209 
8.42204 
8.42311 
8.4241 
8.425 
8.42579 
8.42647 
8.42702 
8.42744 
8.42773 
8.42789 
8.42792 
8.42782 
8.42761 
8.42729 
8.42688 
8.4264 
8.42588 
8.42534 
8.4248 
8.42432 
8.42396 
8.40758 
8.40733 
8.40696 
8.4065 
8.40603 
8.40556 
8.40513 
8.40477 
8.4045 
8.40434 
8.40429 
8.40437 
8.40458 
8.40493 
8.40541 
8.40602 
8.40676 
8.40761 
8.40857 
8.40962 
8.41077 
8.41198 
8.41324 
8.41455 
8.41588 
8.41723 
8.41856 
8.41987 
8.42114 
8.42235 
8.42349 
8.42454 
8.42549 
8.42632 
8.42704 
8.42762 
8.42806 
8.42836 
8.42852 
8.42854 
8.42843 
8.42819 
8.42784 
8.4274 
8.42689 
8.42634 
8.42579 
8.42526 
8.4248 
8.42448 
8.4071 
8.40688 
8.40651 
8.40605 
8.40554 
8.40502 
8.40455 
8.40415 
8.40384 
8.40364 
8.40357 
8.40364 
8.40385 
8.4042 
8.4047 
8.40534 
8.40611 
8.40701 
8.40803 
8.40915 
8.41036 
8.41164 
8.41299 
8.41438 
8.4158 
8.41722 
8.41864 
8.42004 
8.42139 
8.42267 
8.42389 
8.425 
8.42601 
8.4269 
8.42766 
8.42827 
8.42874 
8.42905 
8.42921 
8.42921 
8.42908 
8.4288 
8.42841 
8.42793 
8.42737 
8.42677 
8.42618 
8.42563 
8.42517 
8.42487 
8.4068 
8.40658 
8.4062 
8.4057 
8.40514 
8.40458 
8.40406 
8.40361 
8.40326 
8.40303 
8.40293 
8.40298 
8.40319 
8.40355 
8.40407 
8.40473 
8.40554 
8.40648 
8.40754 
8.40872 
8.40999 
8.41134 
8.41276 
8.41422 
8.41571 
8.41721 
8.41871 
8.42018 
8.4216 
8.42296 
8.42423 
8.42541 
8.42647 
8.42741 
8.4282 
8.42884 
8.42933 
8.42965 
8.42981 
8.4298 
8.42964 
8.42933 
8.4289 
8.42837 
8.42775 
8.4271 
8.42646 
8.42587 
8.42539 
8.42509 
