2.99733 -0.205537 0.257698 
3.29784 -0.253469 0.336288 
3.58408 -0.295082 0.402967 
3.86919 -0.334947 0.467864 
4.15853 -0.376245 0.534529 
4.45514 -0.41981 0.604715 
4.76111 -0.46638 0.679883 
5.07767 -0.516717 0.761652 
5.40428 -0.571204 0.850624 
5.7402 -0.630014 0.947007 
6.0853 -0.693685 1.05195 
6.4385 -0.762612 1.16585 
6.79898 -0.83716 1.2898 
7.16494 -0.91776 1.42385 
7.5353 -1.00464 1.56893 
7.9084 -1.09835 1.72566 
8.28271 -1.19934 1.89439 
8.65729 -1.30802 2.07633 
9.03008 -1.42503 2.27193 
9.39832 -1.55014 2.48086 
9.76178 -1.6843 2.70406 
10.1198 -1.82786 2.94279 
10.4688 -1.98071 3.19538 
10.8093 -2.14285 3.46292 
11.1389 -2.31465 3.74492 
11.458 -2.49598 4.04075 
11.7639 -2.68582 4.34936 
12.059 -2.88524 4.67226 
12.3385 -3.09234 5.00577 
12.6032 -3.3069 5.34884 
12.8551 -3.52845 5.70123 
13.0934 -3.7559 6.06011 
13.3161 -3.98691 6.42163 
13.5291 -4.22173 6.78431 
13.7336 -4.45708 7.14425 
13.9345 -4.69212 7.49852 
14.134 -4.92296 7.84358 
14.3358 -5.14836 8.17696 
14.5431 -5.36532 8.49341 
14.7583 -5.56866 8.7874 
14.9895 -5.75478 9.05315 
15.2364 -5.91423 9.28312 
15.4993 -6.04144 9.47334 
15.792 -6.14021 9.62336 
16.1374 -6.21905 9.73866 
16.6067 -6.32488 9.81643 
17.3478 -6.48197 9.81325 
19.0871 -6.93819 9.33505 
20.8283 -6.43658 9.51303 
2.50134 -0.0767016 -0.0205194 
2.71577 -0.063625 -0.0565976 
2.95695 -0.0509644 -0.0518899 
3.18079 -0.0531165 -0.0537168 
3.40835 -0.0544627 -0.0561037 
3.64053 -0.0561246 -0.0597114 
3.8795 -0.0576261 -0.0645385 
4.12632 -0.0586997 -0.0707174 
4.3816 -0.0590104 -0.0784075 
4.64537 -0.0583622 -0.0880053 
4.91747 -0.0563634 -0.100133 
5.19802 -0.0526247 -0.115038 
5.48639 -0.0467594 -0.13341 
5.78213 -0.0383421 -0.155692 
6.08443 -0.0268555 -0.182675 
6.39252 -0.0118611 -0.214849 
6.70535 0.00719272 -0.25295 
7.02166 0.0309032 -0.297599 
7.34024 0.0594968 -0.349152 
7.65919 0.093673 -0.40826 
7.97697 0.133628 -0.475415 
8.29218 0.179673 -0.55111 
8.60311 0.232271 -0.634974 
8.90751 0.291125 -0.727462 
9.20439 0.356035 -0.828178 
9.49195 0.427288 -0.937367 
9.76895 0.504407 -1.05406 
10.0344 0.586542 -1.17814 
10.2879 0.67367 -1.30943 
10.5308 0.765147 -1.44921 
10.766 0.861366 -1.59803 
10.9967 0.962157 -1.75616 
11.2275 1.06752 -1.92497 
11.4647 1.17807 -2.10593 
11.7134 1.29486 -2.29715 
11.9759 1.41595 -2.49465 
12.2482 1.54011 -2.69221 
12.5242 1.66246 -2.88305 
12.7947 1.77964 -3.06029 
13.0531 1.88533 -3.21863 
13.2968 1.97421 -3.35103 
13.5209 2.04118 -3.44817 
13.7216 2.07772 -3.50035 
13.8979 2.07717 -3.50511 
14.0564 2.04217 -3.4669 
14.1927 1.98353 -3.38406 
14.2755 1.92622 -3.26562 
14.3626 1.8544 -3.17185 
14.185 1.99908 -2.79524 
15.4721 0.749757 -2.79806 
2.51995 -0.00137926 -0.0900473 
2.7223 -0.00298551 -0.0829963 
2.93075 -0.0111697 -0.0678668 
3.13003 -0.0162255 -0.0639914 
3.33267 -0.0195755 -0.0580154 
3.53745 -0.0240825 -0.0518119 
3.746 -0.029271 -0.0445355 
3.95873 -0.0353687 -0.0357329 
4.17578 -0.0425794 -0.0250619 
4.39706 -0.051031 -0.0122203 
4.62235 -0.0609144 0.00306302 
4.85153 -0.0724636 0.0211755 
5.08428 -0.0858068 0.0423197 
5.32035 -0.101151 0.0668265 
5.55943 -0.118684 0.0948683 
5.80131 -0.138549 0.126744 
6.04576 -0.16094 0.162544 
6.29276 -0.185924 0.202238 
6.54226 -0.213382 0.245752 
6.79428 -0.24327 0.292721 
7.04889 -0.275304 0.34281 
7.3058 -0.309191 0.396053 
7.56412 -0.344772 0.452197 
7.82277 -0.381523 0.51039 
8.08109 -0.419178 0.570026 
8.33866 -0.457275 0.630288 
8.59548 -0.495216 0.689842 
8.8534 -0.532028 0.745205 
9.11825 -0.566032 0.79328 
9.39363 -0.595217 0.833629 
9.68143 -0.619473 0.867093 
9.98417 -0.63838 0.894253 
10.3013 -0.652282 0.918361 
10.6253 -0.663854 0.947306 
10.9427 -0.676911 0.988275 
11.2379 -0.693904 1.04363 
11.4994 -0.716555 1.11117 
11.7227 -0.742883 1.18479 
11.9094 -0.770007 1.25711 
12.0635 -0.794606 1.32231 
12.1873 -0.813133 1.3786 
12.2817 -0.824984 1.42284 
12.347 -0.82764 1.45072 
12.39 -0.822679 1.45703 
12.4321 -0.812283 1.44393 
12.4685 -0.793592 1.43292 
12.5001 -0.794818 1.41811 
12.6142 -0.82068 1.39313 
13.0998 -1.02506 1.29524 
13.2031 -0.520674 1.28116 
2.70712 0.00205474 -0.100227 
2.9075 0.000181962 -0.0992753 
3.10542 0.0010261 -0.0996015 
3.30148 0.00175506 -0.10159 
3.49956 0.00197878 -0.102233 
3.69868 0.00193715 -0.10365 
3.8999 0.00195909 -0.104909 
4.10307 0.00191529 -0.106024 
4.30791 0.00187101 -0.10696 
4.51401 0.00183061 -0.107669 
4.72079 0.00182118 -0.108165 
4.92766 0.00185754 -0.108417 
5.13398 0.00192649 -0.108428 
5.33915 0.00202503 -0.108222 
5.54264 0.00218011 -0.107889 
5.74409 0.00240836 -0.107568 
5.94334 0.00278106 -0.107424 
6.14019 0.00336134 -0.107297 
6.33416 0.00397084 -0.106835 
6.52461 0.00432805 -0.105468 
6.7107 0.00394256 -0.102388 
6.89219 0.00212155 -0.0977833 
7.07118 -0.00108955 -0.0932143 
7.25092 -0.00509169 -0.0897505 
7.4355 -0.00931054 -0.0890084 
7.63151 -0.0124924 -0.0937469 
7.84803 -0.0136162 -0.107543 
8.09373 -0.0101768 -0.129752 
8.36638 -0.0027316 -0.150961 
8.65439 0.0034324 -0.163355 
8.95364 0.00384427 -0.168468 
9.25989 -0.00178835 -0.163262 
9.55551 -0.0136552 -0.140342 
9.8235 -0.0319922 -0.101223 
10.0557 -0.0557535 -0.055097 
10.2533 -0.081496 -0.0113621 
10.4259 -0.105487 0.0214537 
10.5877 -0.124538 0.0388487 
10.7459 -0.136526 0.0443196 
10.897 -0.141324 0.0462304 
11.0352 -0.142721 0.0473061 
11.1574 -0.142551 0.0466924 
11.2608 -0.141304 0.0486135 
11.3453 -0.14214 0.0530088 
11.4168 -0.143009 0.0647713 
11.4381 -0.137747 0.101607 
11.3725 -0.148439 0.142388 
11.3442 -0.207588 0.14296 
11.5072 -0.219826 0.102321 
12.1728 -0.387626 0.0560736 
2.91273 0.00275858 -0.0998899 
3.10881 0.00181619 -0.100128 
3.30682 0.00174794 -0.0999 
3.50556 0.00140437 -0.100543 
3.70562 0.00137908 -0.101111 
3.9069 0.00130512 -0.10193 
4.10986 0.00119595 -0.102469 
4.3142 0.00101124 -0.10279 
4.51959 0.000783683 -0.102779 
4.72551 0.000493322 -0.102408 
4.93147 0.000141646 -0.101688 
5.13693 -0.000238519 -0.100675 
5.34142 -0.000614074 -0.0994915 
5.5445 -0.000897774 -0.0982069 
5.74556 -0.00106686 -0.0966641 
5.94373 -0.00129207 -0.0944578 
6.13782 -0.00177016 -0.090979 
6.32663 -0.00301972 -0.086062 
6.51014 -0.00513576 -0.0805335 
6.68994 -0.00739637 -0.0763471 
6.86937 -0.00849644 -0.0771062 
7.0548 -0.00615531 -0.0863289 
7.24936 0.00182222 -0.101764 
7.45135 0.0135658 -0.12041 
7.66438 0.0264437 -0.14296 
7.89193 0.0390302 -0.165731 
8.12785 0.0479472 -0.175482 
8.35058 0.047905 -0.155075 
8.54335 0.0285888 -0.111234 
8.72554 -0.00534889 -0.0725528 
8.92073 -0.0351469 -0.0435592 
9.09983 -0.0499985 0.00121977 
9.233 -0.0640757 0.0575752 
9.32014 -0.0830539 0.108977 
9.37964 -0.101912 0.148188 
9.43203 -0.119047 0.173132 
9.50123 -0.133659 0.180565 
9.59733 -0.141951 0.180226 
9.70974 -0.143016 0.185653 
9.82992 -0.148614 0.185723 
9.96155 -0.149637 0.173388 
10.0868 -0.143179 0.167475 
10.188 -0.134816 0.171078 
10.2578 -0.126177 0.178847 
10.3061 -0.126357 0.185575 
10.3255 -0.116828 0.196778 
10.2828 -0.0806407 0.188452 
10.1839 -0.00608104 0.177859 
9.93833 -0.00168981 0.288279 
9.78943 -0.24151 0.493476 
3.12613 0.00514301 -0.103407 
3.32291 0.0039482 -0.105371 
3.52314 0.00435292 -0.106139 
3.72439 0.004491 -0.107356 
3.92686 0.00480611 -0.108276 
4.13032 0.00499429 -0.10915 
4.33475 0.00513054 -0.109736 
4.53983 0.00518838 -0.110059 
4.74523 0.00520003 -0.110099 
4.95051 0.00519899 -0.109911 
5.15514 0.00522311 -0.109458 
5.35844 0.00520704 -0.108532 
5.55956 0.00499116 -0.106812 
5.7577 0.00442059 -0.104066 
5.9524 0.0032291 -0.100592 
6.14459 0.0018653 -0.0981277 
6.33674 0.001584 -0.099452 
6.53238 0.00367474 -0.106712 
6.73352 0.0103769 -0.119356 
6.93845 0.0202021 -0.134077 
7.14385 0.0281772 -0.142778 
7.34105 0.0297852 -0.131486 
7.51843 0.0135175 -0.0997645 
7.70308 -0.0213386 -0.0722176 
7.92067 -0.0553973 -0.0521615 
8.16222 -0.0808123 -0.0297055 
8.41742 -0.0915965 -0.0176085 
8.69373 -0.0887074 -0.0616085 
9.06087 -0.0475081 -0.196535 
9.5126 0.0531423 -0.360581 
9.89988 0.205387 -0.438384 
10.0994 0.29526 -0.448966 
10.1698 0.325874 -0.465454 
10.2165 0.346274 -0.506875 
10.289 0.370686 -0.568426 
10.4154 0.400168 -0.653791 
10.6163 0.443443 -0.754191 
10.8608 0.506123 -0.836735 
11.1056 0.55226 -0.912256 
11.3718 0.606916 -0.99965 
11.5821 0.696454 -0.979685 
11.7191 0.723893 -0.945033 
11.8252 0.727945 -0.930923 
11.8958 0.724651 -0.922795 
11.8899 0.742158 -0.900089 
11.7074 0.776101 -0.768994 
11.3184 0.684997 -0.573954 
11.013 0.414411 -0.431563 
10.7685 0.315405 -0.339999 
10.0869 0.491192 -0.145725 
3.36027 0.00796482 -0.109623 
3.56041 0.00698651 -0.112827 
3.76486 0.00783285 -0.114014 
3.97049 0.00826709 -0.115701 
4.17721 0.00897052 -0.117009 
4.38451 0.00959316 -0.118248 
4.5922 0.0102486 -0.119258 
4.79979 0.0108985 -0.119998 
5.00664 0.0115057 -0.120213 
5.21188 0.0118609 -0.119613 
5.415 0.0118037 -0.118252 
5.61627 0.0113644 -0.116938 
5.81731 0.0113464 -0.117587 
6.01978 0.0128874 -0.121557 
6.2245 0.0164744 -0.129123 
6.43004 0.0229909 -0.136633 
6.62706 0.0270958 -0.133256 
6.80596 0.0218857 -0.110371 
6.96368 0.00135163 -0.0708735 
7.12337 -0.0385778 -0.0328169 
7.32752 -0.0740058 -0.0284145 
7.61326 -0.0737368 -0.095992 
8.05827 -0.0329418 -0.299106 
8.69636 0.122173 -0.566829 
9.31995 0.328247 -0.768515 
9.87996 0.47674 -0.944923 
10.3922 0.607648 -1.09697 
10.7904 0.666315 -1.11091 
11.1016 0.694126 -0.907321 
10.9914 0.571575 -0.431778 
10.4182 0.168899 0.172552 
9.77106 -0.25411 0.580548 
9.38166 -0.532843 0.831696 
9.15646 -0.736511 1.04984 
9.0113 -0.914413 1.27256 
8.89804 -1.09381 1.52174 
8.79474 -1.29097 1.82112 
8.61966 -1.50574 2.1628 
8.41302 -1.71114 2.48381 
8.26006 -1.91087 2.78283 
8.16513 -2.19612 3.06964 
7.9577 -3.01555 4.12698 
7.79932 -3.90871 5.34275 
7.73639 -4.57679 6.15295 
7.87138 -4.49921 5.87124 
8.21337 -3.48961 4.44948 
8.37422 -2.15275 2.84547 
8.49253 -1.74103 2.24907 
8.82741 -1.40716 1.7019 
9.5752 -1.03514 0.781005 
3.6173 0.010709 -0.116759 
3.82328 0.00987073 -0.120769 
4.03389 0.0110893 -0.122327 
4.24561 0.0118244 -0.124387 
4.45809 0.0128972 -0.125866 
4.67035 0.0138816 -0.127034 
4.88178 0.0147127 -0.127522 
5.09174 0.0151962 -0.127307 
5.30038 0.015319 -0.127033 
5.50918 0.0157276 -0.128427 
5.71953 0.0177726 -0.132441 
5.9303 0.0213136 -0.137474 
6.13561 0.0256734 -0.136798 
6.32403 0.0234805 -0.120973 
6.49379 0.0111346 -0.0918381 
6.65313 -0.0128347 -0.0565876 
6.83907 -0.0452888 -0.0599253 
7.13447 -0.0413804 -0.161853 
7.61975 0.0198927 -0.394818 
8.32433 0.180291 -0.716521 
9.12534 0.411831 -1.01762 
9.80978 0.57327 -1.09136 
10.3523 0.591314 -0.934207 
10.3146 0.449525 -0.189132 
9.56888 -0.15765 0.64486 
8.94224 -0.730866 1.27791 
8.41519 -1.1877 1.88529 
7.83785 -1.56372 2.45592 
7.24649 -2.77191 4.25326 
6.56957 -5.8732 8.63372 
5.93116 -9.0235 12.519 
5.47735 -11.5523 15.3168 
5.11833 -12.6262 17.0896 
4.73516 -13.1643 18.1527 
4.33203 -13.2697 18.6098 
3.92525 -12.9309 18.4722 
3.49258 -12.1423 17.7894 
3.07131 -10.9905 16.9959 
2.72501 -9.67166 15.6516 
2.3914 -8.3091 14.3412 
2.08545 -7.09545 13.5741 
1.84636 -6.88988 12.6516 
1.71194 -7.10163 11.8118 
1.65593 -7.60036 11.4018 
1.64715 -8.61827 11.4454 
1.70079 -10.9511 12.3108 
2.06594 -15.2207 14.5224 
2.53604 -19.0234 18.5064 
3.13277 -23.9172 24.8011 
3.98477 -26.9176 26.9198 
3.89903 0.0135374 -0.124803 
4.11234 0.0128733 -0.129221 
4.33005 0.0143575 -0.130713 
4.54814 0.0152352 -0.132422 
4.76588 0.0162667 -0.133073 
4.98229 0.0169334 -0.133324 
5.19787 0.017472 -0.133984 
5.41387 0.0187969 -0.136311 
5.62976 0.0214662 -0.139374 
5.83993 0.0247388 -0.137285 
6.0327 0.0224096 -0.121132 
6.20816 0.00948501 -0.0958808 
6.38179 -0.00899416 -0.0778766 
6.61013 -0.0263137 -0.123295 
6.9758 0.00569139 -0.272733 
7.51748 0.0933996 -0.512032 
8.21304 0.252952 -0.783819 
8.89215 0.403469 -0.823324 
9.31124 0.375015 -0.50921 
9.15068 0.0677511 0.279715 
8.5292 -0.538586 1.20043 
7.72601 -1.11 1.995 
6.81114 -2.28881 3.95269 
5.90665 -4.28608 6.57069 
4.93616 -6.19484 8.64068 
4.22955 -6.17467 9.30526 
3.4838 -5.23602 9.09968 
2.71112 -3.53974 8.2681 
2.1987 -1.6092 7.77728 
1.84477 -1.14181 6.48841 
1.66026 -1.65494 5.2319 
1.62944 -1.72829 4.00603 
1.62316 -1.49503 3.03357 
1.61924 -1.22555 2.31715 
1.61509 -0.969458 1.76225 
1.60852 -0.733448 1.30582 
1.58185 -0.381907 0.718283 
1.61776 -0.019653 0.0173794 
1.6401 -0.0134054 0.00317394 
1.65394 -0.000308447 0.00534148 
1.65603 0.00174382 0.000965061 
1.65771 0.00613391 -0.00225296 
1.65713 0.0130314 -0.00716681 
1.65503 0.0136898 -0.0130949 
1.65462 0.0143814 -0.015437 
1.65473 0.0132563 -0.0143166 
1.65735 0.00315 -0.0046359 
1.65515 0.00417081 0.0135164 
1.60682 0.00783866 0.0276286 
1.64 -2.67472 2.23673 
4.20473 0.0160763 -0.132246 
4.42498 0.0153968 -0.13606 
4.6484 0.0167098 -0.136417 
4.87099 0.0172049 -0.136966 
5.09264 0.018025 -0.137141 
5.31277 0.0193105 -0.137784 
5.5291 0.0212111 -0.136479 
5.73361 0.0213372 -0.126427 
5.9199 0.0129648 -0.105715 
6.10015 -0.00179755 -0.0894615 
6.32586 -0.0174036 -0.126945 
6.67391 0.0131983 -0.253179 
7.1449 0.0833708 -0.425183 
7.71541 0.180403 -0.559259 
8.15932 0.236327 -0.402207 
8.29933 0.0673103 0.0870743 
7.90022 -0.322794 0.893725 
7.16739 -0.85501 1.7506 
6.20617 -1.97915 3.69675 
4.92107 -3.19502 5.31191 
3.80956 -3.54845 5.92508 
2.81931 -2.27533 5.15825 
2.08222 -0.672968 3.80263 
1.82533 -0.283314 3.28627 
1.61973 -0.803348 2.4273 
1.6053 -0.732272 1.58239 
1.60136 -0.418235 0.914188 
1.63231 -0.0227437 0.0333289 
1.659 -0.0188783 0.0151019 
1.66325 0.0025654 0.00229963 
1.68401 -0.0299329 -0.0274609 
1.70851 0.00241716 -0.0133063 
1.70887 0.00162295 -0.0129154 
1.70848 0.00217194 -0.0123329 
1.70743 0.00234071 -0.0110297 
1.70623 0.00226841 -0.00978995 
1.70545 0.00191411 -0.00970401 
1.70342 0.0027568 -0.00349087 
1.69961 0.00215812 -0.000215367 
1.69642 0.000458713 -0.000423841 
1.69541 0.000282911 -0.00101387 
1.69527 0.000288921 -0.000835125 
1.69515 0.000232264 -0.000688008 
1.69499 0.000255339 -0.000666492 
1.69491 0.000270351 -0.000587133 
1.69492 0.000289479 -0.000607507 
1.69509 0.000336328 -0.000685471 
1.69538 0.000434435 -0.000760799 
1.69688 -0.00199836 -0.0036271 
1.7033 0.00344645 -0.00453607 
4.52685 0.0172708 -0.136022 
4.7505 0.0164191 -0.137908 
4.97513 0.0172789 -0.136279 
5.19616 0.0176114 -0.134225 
5.41022 0.0179745 -0.128276 
5.61052 0.015254 -0.114939 
5.79676 0.00599789 -0.0967878 
5.99269 -0.00844874 -0.0997788 
6.26226 -0.00461546 -0.167689 
6.63164 0.0435134 -0.282802 
7.05838 0.102156 -0.357615 
7.32664 0.140626 -0.150677 
7.27547 -0.0651777 0.301784 
6.91802 -0.320217 0.893464 
6.10718 -0.788357 1.95445 
4.95739 -1.58185 3.25917 
3.59205 -2.05398 3.98117 
2.49968 -1.43638 3.48784 
1.86713 -0.437249 2.21242 
1.60513 -0.556151 1.64686 
1.51697 -0.471093 1.00914 
1.57885 -0.0419275 0.0292964 
1.68464 -0.00281704 -0.0309947 
1.72019 -0.0257891 -0.0163057 
1.71569 -0.00314234 -0.0248415 
1.7165 0.00348614 -0.0192831 
1.71433 0.00502606 -0.0165724 
1.71032 0.00330563 -0.00737591 
1.7012 0.00428671 -0.0024752 
1.69776 0.0003569 -0.00158063 
1.69431 0.00296758 -0.00235378 
1.69425 0.000825156 0.00199664 
1.69304 3.67669e-05 0.00113379 
1.693 -7.05796e-05 0.000878415 
1.69314 -7.10897e-05 0.000745216 
1.69328 -7.53181e-05 0.000629762 
1.69338 -6.79463e-05 0.000554209 
1.6935 -0.000116657 0.000424626 
1.69368 -0.000252649 0.000220186 
1.69383 -0.000114649 -6.38649e-05 
1.694 -1.00629e-05 9.20217e-06 
1.69404 -1.34548e-05 4.04016e-05 
1.69405 -1.67617e-05 3.61452e-05 
1.69405 -1.64685e-05 3.15103e-05 
1.69405 -1.6361e-05 2.75317e-05 
1.69405 -1.47638e-05 2.53359e-05 
1.69405 -1.60572e-05 2.73378e-05 
1.69405 -2.85518e-05 2.85057e-05 
1.69401 8.31487e-05 3.44651e-05 
1.69394 -7.09201e-06 0.000374289 
4.84596 0.0160395 -0.131334 
5.06224 0.0149286 -0.127803 
5.27112 0.0138502 -0.117789 
5.46578 0.00941776 -0.102953 
5.64815 0.00101512 -0.0868588 
5.84067 -0.00981005 -0.0918755 
6.08662 -0.000698182 -0.140139 
6.38202 0.0334147 -0.196939 
6.59759 0.0771273 -0.0870206 
6.49283 -0.0420819 0.293843 
6.13496 -0.264522 0.750811 
5.43249 -0.541805 1.45015 
4.36633 -0.971429 2.26696 
3.13741 -1.19941 2.78526 
2.18228 -0.797131 2.17075 
1.72928 -0.545011 1.4078 
1.56079 -0.455006 0.853667 
1.64898 -0.0279248 -0.0222391 
1.73754 -0.00778675 -0.0667633 
1.74035 0.0184364 -0.0651677 
1.73569 0.0176712 -0.0486168 
1.7264 0.0167999 -0.0270229 
1.7058 0.0081929 -0.000302567 
1.69345 0.00391372 0.000827844 
1.69156 0.00117342 0.00350169 
1.691 -0.000106956 0.00308934 
1.69122 -0.000486784 0.00261735 
1.69168 -0.000441114 0.00171411 
1.69286 -0.00065151 0.000737627 
1.69352 -0.000221996 6.11006e-05 
1.69392 -0.00011975 0.000193311 
1.69402 -0.000124411 1.77245e-05 
1.6941 -5.25936e-05 -8.60028e-05 
1.69414 -1.94206e-06 -7.90121e-05 
1.69415 6.98843e-06 -4.86248e-05 
1.69414 5.49213e-06 -3.67161e-05 
1.69413 4.1953e-06 -2.86519e-05 
1.69412 4.08036e-06 -2.37141e-05 
1.69411 1.02987e-05 -2.18261e-05 
1.69411 1.32599e-05 -5.92198e-06 
1.6941 4.11745e-06 3.87756e-06 
1.69409 1.37084e-07 7.72511e-07 
1.69409 2.43758e-07 -7.63411e-07 
1.69409 3.91012e-07 -1.05385e-06 
1.69409 5.50048e-07 -1.07574e-06 
1.69409 6.25098e-07 -1.00679e-06 
1.69409 7.10784e-07 -1.03538e-06 
1.69409 1.10309e-06 -1.26034e-06 
1.69409 -1.10968e-08 6.40899e-09 
1.69409 -7.34725e-06 -6.29369e-06 
5.11692 0.00913563 -0.105882 
5.29967 0.00504232 -0.0892358 
5.46762 -0.00291035 -0.0698892 
5.63205 -0.0116227 -0.0620194 
5.81084 -0.00809213 -0.0710126 
5.98104 0.00651412 -0.0547531 
5.99028 0.0130994 0.137376 
5.68533 -0.139264 0.511097 
5.11322 -0.289941 0.895517 
4.23059 -0.571815 1.43387 
3.24447 -0.738142 1.90677 
2.34113 -0.596628 1.74057 
1.80545 -0.471454 1.20341 
1.68669 -0.120811 0.136916 
1.71019 -0.0195887 -0.0334563 
1.72831 0.0226747 -0.0840195 
1.73384 0.03234 -0.0700817 
1.72102 0.0211927 -0.0212285 
1.70044 0.0050237 0.00857372 
1.69141 -0.0022831 0.0133328 
1.68868 -0.00350327 0.0109734 
1.68871 -0.00339669 0.00798904 
1.69112 -0.00237126 0.00277608 
1.69313 -0.000927599 0.000202069 
1.69414 -0.000293968 -0.000365021 
1.6944 -2.16546e-05 -0.000393644 
1.69441 4.1679e-05 -0.000341761 
1.69437 5.17825e-05 -0.000249322 
1.69427 6.55975e-05 -0.000142682 
1.69418 4.86191e-05 -3.21735e-05 
1.69413 1.42299e-05 -6.29942e-07 
1.6941 5.73852e-06 -3.45417e-06 
1.69409 5.11137e-06 -1.96539e-06 
1.69409 3.7675e-06 3.75369e-06 
1.69409 5.4404e-08 3.37877e-06 
1.69409 -2.02826e-07 2.24887e-06 
1.69409 -3.18932e-07 1.47835e-06 
1.69409 -3.24446e-07 1.1493e-06 
1.69409 -3.1525e-07 8.89471e-07 
1.69409 -6.0634e-07 7.11668e-07 
1.69409 -4.73028e-07 3.16259e-07 
1.69409 -1.9965e-07 -1.68189e-07 
1.69409 1.78812e-08 -3.45584e-08 
1.69409 1.60317e-08 -5.44229e-08 
1.69409 -4.25328e-10 1.24744e-08 
1.69409 -1.94549e-08 4.45526e-08 
1.69409 -4.14007e-08 3.28144e-08 
1.69409 -3.4396e-08 2.1884e-08 
1.69409 -3.95634e-08 3.89646e-08 
1.69409 1.90029e-07 1.31869e-08 
5.26867 -0.00827228 -0.0511308 
5.39486 -0.0130062 -0.0276646 
5.50051 -0.0166776 -0.00362599 
5.55623 -0.0149439 0.0532473 
5.44148 -0.0269391 0.238444 
5.05817 -0.145234 0.538465 
4.3804 -0.244501 0.861157 
3.51432 -0.440002 1.14211 
2.70001 -0.463923 1.32662 
2.08277 -0.362323 0.985598 
1.80169 -0.133506 0.21784 
1.74499 -0.0466899 0.0375042 
1.73111 0.0153656 -0.0568655 
1.72445 0.0299512 -0.0489741 
1.71104 0.0121168 -0.00466161 
1.69851 -0.00102051 0.0134974 
1.69162 -0.00593906 0.0168462 
1.69002 -0.00621876 0.0111779 
1.692 -0.00302677 0.00245709 
1.69381 -0.000623719 -0.000969509 
1.69457 0.000253853 -0.00148181 
1.69479 0.000412901 -0.00131935 
1.69467 0.000378363 -0.0007381 
1.69438 0.000221963 -0.000209711 
1.69417 7.98267e-05 6.12662e-06 
1.6941 9.07476e-06 4.78908e-05 
1.69407 -1.02081e-06 4.23927e-05 
1.69406 -6.14454e-06 3.12929e-05 
1.69407 -6.28413e-06 1.8793e-05 
1.69408 -7.28998e-06 9.1882e-06 
1.69408 -3.30504e-06 2.13132e-06 
1.69409 -1.24077e-06 -2.18876e-07 
1.69409 1.62509e-07 -5.25424e-07 
1.69409 -4.97673e-07 5.19735e-08 
1.69409 -1.08093e-07 1.52715e-08 
1.69409 -7.22679e-08 -1.81121e-08 
1.69409 1.37601e-08 -1.08736e-07 
1.69409 3.35571e-08 -7.90273e-08 
1.69409 4.53771e-08 -4.91326e-08 
1.69409 1.2918e-08 -1.73675e-08 
1.69409 1.58047e-08 2.85459e-08 
1.69409 6.14651e-09 -3.42299e-08 
1.69409 4.99155e-09 7.60548e-09 
1.69409 4.37464e-09 -1.62492e-08 
1.69409 8.01276e-09 -1.67335e-09 
1.69409 6.06155e-09 -3.45705e-09 
1.69409 2.27362e-09 -9.75171e-09 
1.69409 4.54223e-09 3.35942e-09 
1.69409 -2.21288e-09 4.9802e-09 
1.69409 -4.04481e-09 -1.61877e-09 
5.20624 -0.0262574 0.0401583 
5.17956 -0.0258651 0.11688 
4.99792 -0.044478 0.267919 
4.5787 -0.110085 0.494538 
3.89988 -0.189419 0.721549 
3.12953 -0.31165 0.856931 
2.42787 -0.272224 0.789494 
1.98382 -0.141351 0.301392 
1.81601 -0.0736175 0.127566 
1.75198 -0.0118047 0.0106141 
1.72789 0.0158657 -0.0264176 
1.71388 0.00858109 -0.00458026 
1.70233 -0.00233135 0.0130852 
1.69571 -0.00771973 0.0168139 
1.69367 -0.00515068 0.00737578 
1.69401 -0.00163832 0.000750967 
1.6947 0.00019807 -0.00180069 
1.69494 0.000878137 -0.0021308 
1.69468 0.000682541 -0.00100704 
1.69434 0.000289149 -0.000161469 
1.69415 4.1339e-05 0.000113367 
1.69406 -2.29555e-05 0.000155585 
1.69404 -4.49958e-05 0.000128051 
1.69404 -3.68802e-05 6.84139e-05 
1.69407 -2.19101e-05 1.63059e-05 
1.69408 -5.31338e-06 -6.36452e-07 
1.69409 -2.09618e-06 -2.34958e-06 
1.69409 5.74479e-07 -3.92324e-06 
1.69409 1.07392e-06 -3.33946e-06 
1.69409 9.71154e-07 -1.87567e-06 
1.69409 6.19962e-07 -4.25629e-07 
1.69409 2.67755e-07 -2.13696e-07 
1.69409 -1.93106e-08 6.95061e-08 
1.69409 4.15272e-08 6.74719e-08 
1.69409 4.01635e-09 8.05754e-08 
1.69409 -1.26628e-08 -1.34702e-08 
1.69409 -1.19402e-08 -5.16586e-09 
1.69409 -6.7616e-09 1.0608e-08 
1.69409 -6.09533e-09 8.45564e-09 
1.69409 1.2439e-09 2.07006e-09 
1.69409 -1.90159e-09 -1.29685e-09 
1.69409 3.20953e-09 -1.11508e-08 
1.69409 1.10355e-09 2.4357e-09 
1.69409 -5.59199e-10 5.30957e-10 
1.69409 -1.76968e-09 4.31883e-09 
1.69409 -1.93922e-09 1.44476e-09 
1.69409 -3.59311e-10 5.54168e-10 
1.69409 -2.91937e-10 2.39327e-09 
1.69409 -4.279e-10 -1.57399e-09 
1.69409 1.13421e-09 -8.94571e-10 
4.66521 -0.0592576 0.261952 
4.25422 -0.0850102 0.436516 
3.63998 -0.144084 0.579962 
2.95083 -0.200852 0.627024 
2.35131 -0.149245 0.418973 
1.99091 -0.0971829 0.223486 
1.82631 -0.0385234 0.0791562 
1.75766 -0.000392558 0.00514684 
1.72924 0.00387511 0.00154671 
1.71277 -0.00233429 0.0112158 
1.70237 -0.00585285 0.0136253 
1.69716 -0.00395789 0.00675707 
1.6954 -0.00110351 0.000833804 
1.69498 0.000672064 -0.00196696 
1.6947 0.000853399 -0.00143951 
1.69441 0.000410119 -0.000405152 
1.69419 6.78791e-05 0.000146643 
1.69407 -9.28167e-05 0.000319446 
1.69404 -0.000110371 0.000226417 
1.69407 -6.87247e-05 9.43132e-05 
1.69407 -2.07541e-05 1.87306e-05 
1.69409 -1.17691e-05 -5.54181e-06 
1.69409 2.85905e-06 -9.72346e-06 
1.69409 3.0603e-06 -9.09308e-06 
1.69409 3.4732e-06 -6.55075e-06 
1.69409 8.86666e-07 -1.32926e-06 
1.69409 7.4896e-07 -1.69369e-07 
1.69409 2.27408e-07 9.82588e-08 
1.69409 -1.80312e-07 2.04503e-07 
1.69409 -5.27509e-08 3.30676e-07 
1.69409 -9.35495e-08 1.73628e-07 
1.69409 -4.48981e-08 1.71835e-08 
1.69409 8.23608e-09 7.91429e-09 
1.69409 -4.89929e-09 1.26709e-08 
1.69409 -1.13205e-08 -1.58358e-08 
1.69409 8.29981e-09 -1.55016e-08 
1.69409 4.47063e-09 -1.85327e-09 
1.69409 1.88334e-09 4.31578e-09 
1.69409 -2.07264e-09 2.15402e-09 
1.69409 -1.62182e-09 2.63876e-09 
1.69409 -2.30965e-09 1.18461e-09 
1.69409 -9.66537e-10 2.44732e-09 
1.69409 -1.67815e-09 3.00948e-09 
1.69409 -1.25514e-09 1.50566e-09 
1.69409 -1.07568e-09 1.31645e-09 
1.69409 -1.01725e-09 4.2622e-10 
1.69409 -9.94965e-10 3.39234e-10 
1.69409 -1.23074e-09 2.09589e-10 
1.69409 -1.1293e-09 2.20575e-10 
1.69409 -9.26501e-10 8.41845e-10 
3.52165 -0.112125 0.470068 
2.9123 -0.13276 0.482658 
2.3791 -0.119702 0.358479 
2.02839 -0.0733598 0.195817 
1.84944 -0.0283281 0.073323 
1.77079 -0.00658969 0.0248926 
1.73423 -0.00342089 0.015667 
1.71431 -0.0048652 0.0144499 
1.70317 -0.00385243 0.00875095 
1.69784 -0.00151756 0.0028231 
1.69572 5.32484e-05 -0.000249902 
1.69492 0.000352714 -0.000499125 
1.69449 0.000141596 2.49417e-05 
1.69424 -0.000103342 0.000373965 
1.69413 -0.000151918 0.000333237 
1.6941 -0.000100338 0.00015036 
1.6941 -3.35073e-05 3.64032e-05 
1.6941 -5.57837e-06 -1.64314e-05 
1.69411 6.20548e-06 -2.45676e-05 
1.6941 8.26514e-06 -1.2876e-05 
1.69409 3.89402e-06 -3.80175e-06 
1.69409 2.46271e-06 -3.42306e-06 
1.69409 -3.18032e-07 1.09187e-06 
1.69409 3.09346e-07 -1.17949e-07 
1.69409 -7.17964e-08 -9.41741e-09 
1.69409 6.79179e-08 1.70059e-07 
1.69409 -1.92123e-09 2.4421e-07 
1.69409 -1.17607e-07 2.25873e-08 
1.69409 3.22196e-08 7.88137e-09 
1.69409 -8.68691e-09 3.87923e-08 
1.69409 -1.59927e-08 -1.61058e-08 
1.69409 7.23932e-10 -1.33003e-08 
1.69409 -1.39317e-09 1.79932e-09 
1.69409 8.90848e-11 -6.24865e-09 
1.69409 5.69668e-09 -7.06485e-09 
1.69409 1.43216e-09 -3.18037e-09 
1.69409 3.46655e-09 -5.12231e-09 
1.69409 3.86796e-09 -8.29293e-09 
1.69409 5.68078e-09 -1.03016e-08 
1.69409 6.48788e-09 -1.09626e-08 
1.69409 7.02481e-09 -1.16566e-08 
1.69409 7.46521e-09 -1.16535e-08 
1.69409 7.64312e-09 -1.21232e-08 
1.69409 7.96667e-09 -1.22155e-08 
1.69409 8.18186e-09 -1.19514e-08 
1.69409 8.04349e-09 -1.22278e-08 
1.69409 9.02678e-09 -1.08715e-08 
1.69409 9.42255e-09 -7.81935e-09 
1.69409 8.31398e-09 -3.46304e-09 
1.69409 3.99126e-09 -7.80492e-10 
2.45466 -0.0861608 0.331761 
2.09386 -0.0658102 0.199379 
1.88962 -0.0309037 0.0923923 
1.79017 -0.0117664 0.0403075 
1.74248 -0.00610731 0.0223681 
1.71783 -0.0045249 0.0139909 
1.70495 -0.0027374 0.00721027 
1.69882 -0.00103069 0.00257144 
1.69618 -0.000211307 0.000723961 
1.69506 -8.04346e-05 0.000393694 
1.69455 -0.00012452 0.000398796 
1.69427 -0.000122467 0.000279068 
1.69418 -7.28416e-05 0.000118055 
1.69412 -8.9107e-06 8.74535e-06 
1.69411 2.67038e-06 -2.65393e-05 
1.6941 1.21704e-05 -1.84609e-05 
1.6941 2.16352e-06 -3.41033e-06 
1.69409 4.58038e-06 2.41294e-06 
1.69409 -2.77535e-06 1.8122e-06 
1.69409 -9.32782e-07 3.12238e-06 
1.69409 -5.45012e-07 1.80181e-07 
1.69409 -7.27592e-08 -5.31446e-07 
1.69409 5.33249e-08 -9.56743e-08 
1.69409 1.1374e-07 9.55101e-08 
1.69409 -6.69102e-08 2.85582e-08 
1.69409 -1.93822e-08 1.56969e-07 
1.69409 -6.60495e-08 6.83643e-09 
1.69409 1.8531e-08 -4.09858e-08 
1.69409 8.99977e-09 -2.87736e-09 
1.69409 1.22804e-09 -2.21983e-08 
1.69409 1.43803e-08 -2.11495e-08 
1.69409 9.29501e-09 -9.81878e-09 
1.69409 5.08291e-09 -6.12897e-09 
1.69409 4.28697e-09 -4.06086e-09 
1.69409 6.73409e-10 8.35678e-11 
1.69409 -4.88794e-10 4.28287e-09 
1.69409 -3.61063e-09 8.79499e-09 
1.69409 -6.44333e-09 1.35395e-08 
1.69409 -9.4323e-09 1.86242e-08 
1.69409 -1.24367e-08 2.33185e-08 
1.69409 -1.52938e-08 2.76007e-08 
1.69409 -1.79944e-08 3.14418e-08 
1.69409 -2.04411e-08 3.46834e-08 
1.69409 -2.26133e-08 3.74696e-08 
1.69409 -2.44989e-08 3.97282e-08 
1.69409 -2.64802e-08 4.10512e-08 
1.69409 -2.69794e-08 4.36567e-08 
1.69409 -3.12288e-08 3.79483e-08 
1.69409 -2.7744e-08 2.01845e-08 
1.69409 -1.42959e-08 -1.91471e-09 
1.95077 -0.0289695 0.121847 
1.82019 -0.0161204 0.0545854 
1.75686 -0.00758592 0.0284139 
1.72471 -0.00460707 0.0157991 
1.70836 -0.00262594 0.00807066 
1.70047 -0.00118973 0.00350622 
1.69693 -0.000459945 0.0014449 
1.69536 -0.00021935 0.000708743 
1.69466 -0.000137566 0.000386592 
1.69431 -6.94767e-05 0.000186377 
1.69419 -4.0153e-05 5.50576e-05 
1.69413 5.14852e-06 1.34159e-05 
1.69411 -8.14937e-06 -4.333e-06 
1.69411 3.34086e-06 4.93696e-06 
1.69409 1.05198e-06 4.36989e-06 
1.69409 -3.44898e-06 6.28534e-06 
1.69409 -1.33802e-06 2.80098e-06 
1.69409 -1.39148e-06 8.43581e-07 
1.69409 6.50858e-07 -2.00778e-06 
1.69409 1.47056e-07 -3.01337e-07 
1.69409 3.30935e-07 -3.70986e-07 
1.69409 4.37795e-08 -8.95524e-08 
1.69409 2.13775e-08 1.60629e-07 
1.69409 -6.05117e-08 6.74116e-08 
1.69409 4.74276e-09 -5.35081e-09 
1.69409 -1.25698e-08 1.74453e-09 
1.69409 7.93813e-09 -1.15705e-08 
1.69409 -8.31795e-09 2.4264e-08 
1.69409 -1.78916e-08 3.08877e-08 
1.69409 -1.70735e-08 3.47255e-08 
1.69409 -2.34174e-08 4.29314e-08 
1.69409 -2.60729e-08 4.51689e-08 
1.69409 -2.66686e-08 4.54547e-08 
1.69409 -2.71458e-08 4.44209e-08 
1.69409 -2.58328e-08 4.12136e-08 
1.69409 -2.3664e-08 3.60498e-08 
1.69409 -2.01957e-08 2.87545e-08 
1.69409 -1.56176e-08 2.01455e-08 
1.69409 -1.03015e-08 1.0341e-08 
1.69409 -4.36314e-09 -1.53278e-10 
1.69409 1.93318e-09 -1.09232e-08 
1.69409 8.37266e-09 -2.15402e-08 
1.69409 1.47126e-08 -3.16584e-08 
1.69409 2.07685e-08 -4.09555e-08 
1.69409 2.63422e-08 -4.9256e-08 
1.69409 3.14603e-08 -5.62984e-08 
1.69409 3.66808e-08 -6.04675e-08 
1.69409 3.69133e-08 -6.47095e-08 
1.69409 3.31947e-08 -4.91487e-08 
1.69409 9.41605e-09 3.77155e-09 
1.78136 -0.00829307 0.0406069 
1.73642 -0.00539099 0.0196534 
1.71419 -0.00293281 0.0103896 
1.70323 -0.00145453 0.00484754 
1.69815 -0.00063581 0.00214409 
1.69586 -0.000288647 0.000971709 
1.69486 -0.000148573 0.00045334 
1.69441 -6.78623e-05 0.000203362 
1.69422 -3.49825e-05 7.52016e-05 
1.69414 -5.73298e-06 3.31256e-05 
1.69411 -8.63297e-06 4.59682e-06 
1.69412 -1.02039e-06 8.13326e-06 
1.69408 6.56036e-06 3.85371e-06 
1.69409 -8.42333e-06 3.62749e-06 
1.69409 1.96894e-06 3.14965e-06 
1.69409 -9.13385e-07 -1.23735e-06 
1.69409 2.12686e-07 -7.07175e-07 
1.69409 2.46538e-07 -9.51142e-07 
1.69409 1.81825e-07 -1.0903e-07 
1.69409 -4.2356e-08 2.10163e-07 
1.69409 -6.21135e-08 1.78005e-07 
1.69409 -5.24691e-08 8.37304e-08 
1.69409 -4.47386e-08 6.20545e-08 
1.69409 -1.84001e-08 7.04806e-09 
1.69409 -1.59044e-08 1.99851e-08 
1.69409 -9.45608e-09 1.10611e-08 
1.69409 -5.00954e-09 2.4029e-09 
1.69409 4.64059e-09 -1.72513e-08 
1.69409 1.77978e-08 -3.91601e-08 
1.69409 2.97478e-08 -6.10322e-08 
1.69409 4.3418e-08 -8.40521e-08 
1.69409 5.71145e-08 -1.05839e-07 
1.69409 6.96274e-08 -1.2578e-07 
1.69409 8.10958e-08 -1.43027e-07 
1.69409 9.0845e-08 -1.56893e-07 
1.69409 9.85332e-08 -1.67061e-07 
1.69409 1.04084e-07 -1.73271e-07 
1.69409 1.07397e-07 -1.75607e-07 
1.69409 1.086e-07 -1.74382e-07 
1.69409 1.07885e-07 -1.70039e-07 
1.69409 1.05547e-07 -1.63154e-07 
1.69409 1.01896e-07 -1.54387e-07 
1.69409 9.73566e-08 -1.44436e-07 
1.69409 9.22952e-08 -1.33981e-07 
1.69409 8.70871e-08 -1.23705e-07 
1.69409 8.21505e-08 -1.1394e-07 
1.69409 7.65269e-08 -1.06855e-07 
1.69409 7.63037e-08 -1.04534e-07 
1.69409 9.43955e-08 -9.63635e-08 
1.69409 1.67308e-07 -1.91881e-08 
1.72397 -0.00291226 0.0147343 
1.7079 -0.00185649 0.00683112 
1.70027 -0.000849964 0.00319488 
1.69676 -0.000392079 0.00142548 
1.69524 -0.000188531 0.000640983 
1.69456 -8.27659e-05 0.000281559 
1.69428 -4.16277e-05 0.000113139 
1.69416 -1.18192e-05 5.23346e-05 
1.69412 -1.29475e-05 1.35761e-05 
1.69412 -7.18697e-07 7.05659e-06 
1.69409 5.40176e-06 3.36002e-06 
1.6941 -8.86154e-06 3.12814e-06 
1.69409 2.85724e-06 4.62077e-06 
1.69409 -9.27857e-08 -3.0643e-06 
1.69409 -4.21827e-07 5.96984e-07 
1.69409 7.1487e-07 -1.45552e-06 
1.69409 2.80317e-07 -3.78509e-07 
1.69409 1.74099e-07 1.72446e-08 
1.69409 -6.52479e-09 1.20616e-07 
1.69409 4.82319e-09 -9.70066e-09 
1.69409 2.80741e-08 -9.69479e-08 
1.69409 5.81835e-08 -1.16981e-07 
1.69409 7.13409e-08 -1.32177e-07 
1.69409 7.93306e-08 -1.37606e-07 
1.69409 8.36071e-08 -1.41314e-07 
1.69409 8.43528e-08 -1.40517e-07 
1.69409 8.05738e-08 -1.31212e-07 
1.69409 7.1591e-08 -1.12229e-07 
1.69409 5.67753e-08 -8.4384e-08 
1.69409 3.74261e-08 -4.8687e-08 
1.69409 1.36175e-08 -6.16048e-09 
1.69409 -1.38608e-08 4.14617e-08 
1.69409 -4.38491e-08 9.25893e-08 
1.69409 -7.55014e-08 1.45523e-07 
1.69409 -1.07828e-07 1.98626e-07 
1.69409 -1.39936e-07 2.50393e-07 
1.69409 -1.71035e-07 2.99582e-07 
1.69409 -2.00484e-07 3.4525e-07 
1.69409 -2.27879e-07 3.86571e-07 
1.69409 -2.52774e-07 4.23143e-07 
1.69409 -2.75038e-07 4.54778e-07 
1.69409 -2.94573e-07 4.81502e-07 
1.69409 -3.11494e-07 5.03528e-07 
1.69409 -3.25875e-07 5.2119e-07 
1.69409 -3.37991e-07 5.34839e-07 
1.69409 -3.47745e-07 5.4509e-07 
1.69409 -3.55547e-07 5.52227e-07 
1.69409 -3.63137e-07 5.61934e-07 
1.69409 -4.05882e-07 5.44533e-07 
1.69409 -4.37827e-07 3.54409e-07 
1.70406 -0.000946194 0.00511297 
1.69844 -0.000560754 0.00221226 
1.69595 -0.000264194 0.000997907 
1.69487 -0.000118526 0.000424565 
1.69442 -4.78655e-05 0.000176545 
1.69421 -1.69087e-05 7.90334e-05 
1.69413 -1.42319e-05 2.63206e-05 
1.69412 -1.92963e-06 9.96642e-06 
1.69409 3.61737e-06 1.33159e-06 
1.69411 -8.26855e-06 1.0746e-06 
1.6941 4.87363e-06 4.93888e-06 
1.69409 -2.06341e-07 -1.3662e-06 
1.69409 -1.39979e-06 1.68114e-06 
1.69409 5.50007e-07 -1.14837e-06 
1.69409 1.22796e-08 -4.95579e-08 
1.69409 6.72853e-08 2.3656e-07 
1.69409 -1.09594e-07 1.50288e-07 
1.69409 -4.77367e-08 6.12238e-08 
1.69409 -9.53957e-09 -3.22356e-08 
1.69409 2.24735e-09 -8.08674e-09 
1.69409 -2.00825e-08 5.56511e-08 
1.69409 -5.78938e-08 1.25298e-07 
1.69409 -9.76473e-08 1.89813e-07 
1.69409 -1.36922e-07 2.54097e-07 
1.69409 -1.74714e-07 3.15035e-07 
1.69409 -2.09632e-07 3.70812e-07 
1.69409 -2.40294e-07 4.19012e-07 
1.69409 -2.65526e-07 4.57455e-07 
1.69409 -2.84353e-07 4.84799e-07 
1.69409 -2.96338e-07 5.00388e-07 
1.69409 -3.0123e-07 5.04063e-07 
1.69409 -2.99221e-07 4.96363e-07 
1.69409 -2.90777e-07 4.78136e-07 
1.69409 -2.76547e-07 4.50723e-07 
1.69409 -2.57463e-07 4.15624e-07 
1.69409 -2.34383e-07 3.74469e-07 
1.69409 -2.08377e-07 3.2902e-07 
1.69409 -1.8033e-07 2.80977e-07 
1.69409 -1.51253e-07 2.31812e-07 
1.69409 -1.22047e-07 1.83038e-07 
1.69409 -9.34174e-08 1.35835e-07 
1.69409 -6.60374e-08 9.13092e-08 
1.69409 -4.0458e-08 5.02175e-08 
1.69409 -1.7135e-08 1.32903e-08 
1.69409 3.56765e-09 -1.9048e-08 
1.69409 2.13476e-08 -4.63302e-08 
1.69409 3.54069e-08 -6.90934e-08 
1.69409 5.03987e-08 -8.70555e-08 
1.69409 8.91884e-08 -7.40365e-08 
1.69409 -2.47523e-08 -1.28363e-08 
1.69732 -0.00030118 0.00172718 
1.69544 -0.000176276 0.00070931 
1.69464 -7.35889e-05 0.000294487 
1.69431 -2.95412e-05 0.000125012 
1.69418 -2.17946e-05 5.32342e-05 
1.69413 -3.21808e-06 2.20414e-05 
1.69409 1.09753e-06 5.72652e-06 
1.69411 -9.47035e-06 -1.15127e-06 
1.6941 6.96662e-06 4.4872e-06 
1.69409 -1.31092e-06 5.5579e-07 
1.69409 -2.68625e-06 4.13587e-06 
1.69409 1.45166e-07 -7.56208e-07 
1.69409 -1.09693e-07 -3.42753e-07 
1.69409 5.69451e-08 2.84555e-07 
1.69409 -1.84433e-07 2.89787e-07 
1.69409 -1.71217e-07 2.7623e-07 
1.69409 -1.55816e-07 2.48308e-07 
1.69409 -1.70188e-07 2.94345e-07 
1.69409 -1.84448e-07 3.23226e-07 
1.69409 -1.89314e-07 3.2642e-07 
1.69409 -1.78367e-07 2.99109e-07 
1.69409 -1.5361e-07 2.51869e-07 
1.69409 -1.18968e-07 1.91674e-07 
1.69409 -7.73705e-08 1.20952e-07 
1.69409 -3.04653e-08 4.21438e-08 
1.69409 2.00962e-08 -4.19992e-08 
1.69409 7.25931e-08 -1.28757e-07 
1.69409 1.25488e-07 -2.15378e-07 
1.69409 1.77196e-07 -2.99497e-07 
1.69409 2.26537e-07 -3.79064e-07 
1.69409 2.72498e-07 -4.52426e-07 
1.69409 3.14271e-07 -5.18489e-07 
1.69409 3.51439e-07 -5.76536e-07 
1.69409 3.83785e-07 -6.26181e-07 
1.69409 4.11208e-07 -6.67543e-07 
1.69409 4.33924e-07 -7.00889e-07 
1.69409 4.52243e-07 -7.26737e-07 
1.69409 4.664e-07 -7.45892e-07 
1.69409 4.77083e-07 -7.59187e-07 
1.69409 4.84715e-07 -7.67478e-07 
1.69409 4.8989e-07 -7.71606e-07 
1.69409 4.92966e-07 -7.72492e-07 
1.69409 4.94514e-07 -7.70936e-07 
1.69409 4.95016e-07 -7.67678e-07 
1.69409 4.9481e-07 -7.63394e-07 
1.69409 4.94279e-07 -7.58603e-07 
1.69409 4.94202e-07 -7.5352e-07 
1.69409 4.90067e-07 -7.48821e-07 
1.69409 4.82124e-07 -7.57636e-07 
1.69409 6.25205e-07 -7.19701e-07 
1.69512 -8.85485e-05 0.000560623 
1.6945 -4.70134e-05 0.000218677 
1.69425 -2.35354e-05 9.02214e-05 
1.69416 -1.06178e-05 3.80081e-05 
1.6941 -3.33917e-09 1.53574e-05 
1.69411 -1.12385e-05 1.64565e-06 
1.6941 7.37137e-06 2.72684e-06 
1.69409 -1.05992e-06 -3.30483e-07 
1.69409 -3.41827e-06 5.5824e-06 
1.69409 4.52399e-07 -5.10416e-07 
1.69409 -9.46176e-08 -8.97329e-07 
1.69409 3.95348e-07 -2.73133e-07 
1.69409 8.84537e-08 -1.36965e-07 
1.69409 7.45779e-08 -7.41467e-08 
1.69409 1.28206e-07 -2.33568e-07 
1.69409 1.81676e-07 -3.09653e-07 
1.69409 2.29325e-07 -3.81983e-07 
1.69409 2.73485e-07 -4.55618e-07 
1.69409 3.15296e-07 -5.25369e-07 
1.69409 3.51719e-07 -5.84902e-07 
1.69409 3.80659e-07 -6.30616e-07 
1.69409 4.01382e-07 -6.62614e-07 
1.69409 4.14211e-07 -6.81985e-07 
1.69409 4.1985e-07 -6.89733e-07 
1.69409 4.18895e-07 -6.8683e-07 
1.69409 4.12163e-07 -6.74482e-07 
1.69409 4.00542e-07 -6.54013e-07 
1.69409 3.84805e-07 -6.26999e-07 
1.69409 3.66016e-07 -5.94975e-07 
1.69409 3.44956e-07 -5.59367e-07 
1.69409 3.22494e-07 -5.21536e-07 
1.69409 2.99343e-07 -4.8273e-07 
1.69409 2.76107e-07 -4.43922e-07 
1.69409 2.53348e-07 -4.05944e-07 
1.69409 2.31437e-07 -3.69558e-07 
1.69409 2.10722e-07 -3.35188e-07 
1.69409 1.91407e-07 -3.03192e-07 
1.69409 1.73692e-07 -2.73892e-07 
1.69409 1.57546e-07 -2.47261e-07 
1.69409 1.43063e-07 -2.23401e-07 
1.69409 1.30206e-07 -2.02222e-07 
1.69409 1.18969e-07 -1.83725e-07 
1.69409 1.09258e-07 -1.67733e-07 
1.69409 1.00968e-07 -1.54104e-07 
1.69409 9.40832e-08 -1.42695e-07 
1.69409 8.84695e-08 -1.33358e-07 
1.69409 8.3886e-08 -1.26067e-07 
1.69409 8.2683e-08 -1.20286e-07 
1.69409 7.80045e-08 -1.14746e-07 
1.69409 2.26952e-08 -1.2705e-07 
1.69434 -7.48697e-05 0.00020758 
1.69419 -3.76862e-05 7.88868e-05 
1.69412 -1.15745e-05 2.84165e-05 
1.6941 -5.98916e-06 9.28523e-06 
1.6941 1.89449e-08 3.08739e-06 
1.69409 7.55514e-07 -2.66657e-06 
1.6941 -2.62803e-06 4.47627e-06 
1.69409 1.24081e-06 -1.06127e-06 
1.69409 3.35284e-07 -1.30367e-06 
1.69409 7.36497e-07 -8.31315e-07 
1.69409 3.99422e-07 -7.46851e-07 
1.69409 3.07196e-07 -4.31004e-07 
1.69409 3.06235e-07 -4.95944e-07 
1.69409 3.03256e-07 -4.96406e-07 
1.69409 2.85719e-07 -4.70102e-07 
1.69409 2.57438e-07 -4.22656e-07 
1.69409 2.28187e-07 -3.75549e-07 
1.69409 1.99642e-07 -3.2997e-07 
1.69409 1.7213e-07 -2.84879e-07 
1.69409 1.4603e-07 -2.41481e-07 
1.69409 1.21849e-07 -2.01112e-07 
1.69409 9.9916e-08 -1.64298e-07 
1.69409 8.03828e-08 -1.31305e-07 
1.69409 6.3242e-08 -1.02204e-07 
1.69409 4.84234e-08 -7.69739e-08 
1.69409 3.57903e-08 -5.54091e-08 
1.69409 2.51764e-08 -3.73149e-08 
1.69409 1.64207e-08 -2.24431e-08 
1.69409 9.29593e-09 -1.04031e-08 
1.69409 3.6042e-09 -8.84157e-10 
1.69409 -8.68802e-10 6.48055e-09 
1.69409 -4.30807e-09 1.20165e-08 
1.69409 -6.89859e-09 1.60444e-08 
1.69409 -8.80432e-09 1.8849e-08 
1.69409 -1.01524e-08 2.06574e-08 
1.69409 -1.10738e-08 2.17188e-08 
1.69409 -1.16698e-08 2.21893e-08 
1.69409 -1.20175e-08 2.22285e-08 
1.69409 -1.21846e-08 2.19611e-08 
1.69409 -1.22239e-08 2.14943e-08 
1.69409 -1.21872e-08 2.09052e-08 
1.69409 -1.2099e-08 2.02495e-08 
1.69409 -1.19881e-08 1.95809e-08 
1.69409 -1.1868e-08 1.89369e-08 
1.69409 -1.17666e-08 1.83456e-08 
1.69409 -1.16897e-08 1.78157e-08 
1.69409 -1.15906e-08 1.73849e-08 
1.69409 -1.20874e-08 1.70201e-08 
1.69409 -1.04735e-08 1.65147e-08 
1.69409 -7.44555e-09 1.59824e-08 
2.58532 -0.0307433 0.0661599 
3.02878 -0.0926499 0.376534 
3.59639 0.110757 0.466824 
3.99225 0.177225 0.546474 
4.37059 0.226899 0.622455 
4.75077 0.273375 0.701369 
5.1409 0.320057 0.784694 
5.54551 0.368483 0.873804 
5.96832 0.419851 0.970179 
6.41124 0.47602 1.07457 
6.87414 0.537518 1.18723 
7.35737 0.604073 1.30906 
7.86153 0.676908 1.44068 
8.38651 0.755971 1.58277 
8.93183 0.842512 1.73581 
9.49662 0.936068 1.90017 
10.0805 1.0374 2.07661 
10.6824 1.14689 2.26549 
11.3022 1.26429 2.46754 
11.9394 1.39082 2.68347 
12.5916 1.52702 2.91256 
13.2574 1.67155 3.15584 
13.938 1.825 3.41414 
14.631 1.98966 3.68644 
15.3343 2.16266 3.97284 
16.0474 2.3456 4.27331 
16.7685 2.53773 4.58753 
17.4956 2.73945 4.91361 
18.2284 2.94792 5.25335 
18.9646 3.16767 5.60331 
19.6988 3.39405 5.96251 
20.4318 3.6259 6.3304 
21.1622 3.86471 6.70482 
21.8841 4.10924 7.08114 
22.5961 4.3544 7.45971 
23.2986 4.60155 7.83587 
23.9899 4.847 8.20793 
24.6699 5.08977 8.57126 
25.3372 5.32652 8.92452 
25.9906 5.55664 9.2637 
26.6268 5.77715 9.58395 
27.2442 5.98266 9.88355 
27.8392 6.17209 10.1541 
28.4032 6.33795 10.3923 
28.9374 6.47247 10.6006 
29.4596 6.57236 10.7778 
30.0053 6.63607 10.9276 
30.662 6.65891 11.0177 
31.5802 6.58876 11.0018 
33.4763 6.20269 10.4968 
35.9168 5.40759 11.1272 
2.59031 -0.0297178 -0.00970133 
2.79803 -0.074298 -0.0253756 
3.02144 -0.0721245 -0.0297048 
3.24327 -0.074308 -0.0356011 
3.46783 -0.0769917 -0.0420225 
3.69674 -0.0808413 -0.049628 
3.93128 -0.0856894 -0.0587174 
4.172 -0.0915581 -0.0695888 
4.41866 -0.0984087 -0.0826641 
4.67063 -0.106386 -0.0985406 
4.92724 -0.116038 -0.117578 
5.18755 -0.127302 -0.140406 
5.45032 -0.140681 -0.167477 
5.71406 -0.156275 -0.199527 
5.97723 -0.174675 -0.237017 
6.23803 -0.196007 -0.280641 
6.49453 -0.22072 -0.331 
6.74476 -0.24927 -0.388388 
6.98668 -0.281583 -0.453512 
7.21772 -0.318212 -0.526603 
7.43584 -0.359426 -0.608104 
7.63951 -0.405693 -0.698137 
7.82633 -0.456574 -0.796717 
7.99491 -0.512852 -0.903659 
8.14401 -0.573951 -1.01917 
8.27205 -0.640613 -1.14286 
8.379 -0.712258 -1.27393 
8.4641 -0.788944 -1.41251 
8.52734 -0.870481 -1.55837 
8.57015 -0.957984 -1.71233 
8.59494 -1.05209 -1.87454 
8.60479 -1.15282 -2.04543 
8.60366 -1.26132 -2.22604 
8.59698 -1.37921 -2.41755 
8.5907 -1.50638 -2.61817 
8.58944 -1.64071 -2.82623 
8.59459 -1.77905 -3.03615 
8.60726 -1.91668 -3.24315 
8.62653 -2.04936 -3.4406 
8.65695 -2.17406 -3.62255 
8.70444 -2.28633 -3.78377 
8.77671 -2.38059 -3.915 
8.88 -2.44869 -4.01079 
9.02023 -2.48677 -4.06944 
9.20515 -2.49459 -4.08675 
9.4246 -2.46338 -4.05155 
9.65595 -2.39888 -3.91799 
9.99448 -2.34544 -3.67344 
10.7179 -2.34673 -2.5711 
12.4646 -1.85389 -3.11381 
2.54144 -0.09736 -0.0286195 
2.7618 -0.0967148 -0.0115193 
2.97817 -0.0794567 -0.0035474 
3.18824 -0.076814 0.00358957 
3.40097 -0.0730283 0.0121172 
3.61813 -0.0694684 0.0217419 
3.84112 -0.0654292 0.0329785 
4.07071 -0.0605015 0.046165 
4.30734 -0.0543702 0.0615692 
4.55121 -0.0468249 0.0794733 
4.80259 -0.0377397 0.100242 
5.06165 -0.0267536 0.124091 
5.32843 -0.0138068 0.151332 
5.60294 0.00137314 0.182156 
5.88525 0.0188227 0.216801 
6.17535 0.0387656 0.255448 
6.47315 0.0612609 0.298119 
6.77858 0.0863018 0.344706 
7.09127 0.113885 0.395042 
7.41083 0.143816 0.448703 
7.73693 0.175798 0.505426 
8.06874 0.209946 0.565043 
8.40451 0.246405 0.626953 
8.74259 0.284577 0.690791 
9.08167 0.324201 0.756056 
9.42046 0.364964 0.822076 
9.75705 0.406494 0.887444 
10.0919 0.446463 0.950413 
10.4279 0.483052 1.00867 
10.7678 0.515168 1.06234 
11.1139 0.542915 1.11194 
11.4692 0.566293 1.15819 
11.836 0.586522 1.2045 
12.2128 0.608731 1.25669 
12.591 0.639369 1.31957 
12.9581 0.681672 1.39575 
13.3022 0.735698 1.48314 
13.6137 0.797526 1.57701 
13.8869 0.861912 1.67039 
14.1197 0.923171 1.75765 
14.3079 0.979016 1.83494 
14.4469 1.02739 1.89652 
14.5328 1.06378 1.93826 
14.5775 1.07931 1.95849 
14.6087 1.07422 1.95948 
14.6249 1.06612 1.95312 
14.6671 1.04118 1.93402 
14.8717 0.968577 1.93709 
15.2035 1.00319 1.51118 
15.8121 0.340895 2.32222 
2.70574 -0.100171 -0.0495901 
2.90551 -0.098841 -0.0511501 
3.10002 -0.0983124 -0.0533993 
3.29584 -0.100444 -0.0541016 
3.49296 -0.100783 -0.0551161 
3.6918 -0.101899 -0.0561466 
3.8928 -0.102907 -0.0570575 
4.09582 -0.103731 -0.0579032 
4.30053 -0.104331 -0.0586703 
4.50645 -0.104628 -0.0593825 
4.713 -0.104636 -0.0600438 
4.91956 -0.104316 -0.0606591 
5.1255 -0.103674 -0.0612332 
5.3302 -0.102708 -0.0618139 
5.5331 -0.10147 -0.0624402 
5.73376 -0.100046 -0.0632297 
5.93202 -0.0986139 -0.0642413 
6.12778 -0.0971477 -0.0653071 
6.32097 -0.0954989 -0.0661578 
6.51164 -0.0935227 -0.0662619 
6.69961 -0.0907082 -0.065122 
6.88494 -0.0869949 -0.0630374 
7.06901 -0.0833812 -0.0610896 
7.25386 -0.0806632 -0.060381 
7.44203 -0.0802106 -0.0625908 
7.63756 -0.0835876 -0.0698244 
7.84743 -0.0936863 -0.0847252 
8.07969 -0.111813 -0.106492 
8.33591 -0.132827 -0.129137 
8.61101 -0.150855 -0.147648 
8.90478 -0.165287 -0.161551 
9.21394 -0.172714 -0.168591 
9.52321 -0.167563 -0.164539 
9.81321 -0.148428 -0.150509 
10.0712 -0.12022 -0.132601 
10.2924 -0.0900779 -0.117792 
10.4808 -0.065871 -0.11186 
10.6464 -0.0516996 -0.117874 
10.7971 -0.0469501 -0.133498 
10.9326 -0.0464478 -0.152621 
11.0509 -0.0460379 -0.172633 
11.1535 -0.0461033 -0.191564 
11.2409 -0.0445596 -0.205933 
11.3205 -0.0443872 -0.212716 
11.3957 -0.0376176 -0.205797 
11.4187 -0.00316937 -0.179013 
11.3954 0.0200205 -0.132919 
11.481 -0.0108455 -0.111011 
11.8029 -0.15373 0.00889835 
12.2805 0.0427263 -0.350236 
2.909 -0.0999291 -0.0509153 
3.10679 -0.100591 -0.050387 
3.30466 -0.100256 -0.0503896 
3.50373 -0.100846 -0.0506591 
3.7036 -0.101384 -0.0510982 
3.90518 -0.102332 -0.0513389 
4.1085 -0.103069 -0.0514212 
4.31338 -0.10364 -0.0513182 
4.51942 -0.103936 -0.0509905 
4.72612 -0.103926 -0.050436 
4.93294 -0.103594 -0.0496763 
5.13927 -0.102942 -0.0487623 
5.34455 -0.102051 -0.0477749 
5.54828 -0.100984 -0.0467229 
5.74999 -0.0997178 -0.0454481 
5.9492 -0.0981478 -0.0436665 
6.14516 -0.0958512 -0.0408845 
6.33704 -0.0925468 -0.0370528 
6.52428 -0.0885798 -0.032952 
6.70641 -0.0846036 -0.0301651 
6.88427 -0.0825209 -0.0310587 
7.06196 -0.0852962 -0.0376178 
7.242 -0.0924599 -0.0481901 
7.42613 -0.102477 -0.0605107 
7.621 -0.115758 -0.07376 
7.83493 -0.131134 -0.0838373 
8.07059 -0.143418 -0.0825005 
8.31396 -0.137894 -0.0592292 
8.54985 -0.113028 -0.0203373 
8.78523 -0.0870096 0.0160076 
9.02725 -0.0668231 0.0461446 
9.24444 -0.0382878 0.0843006 
9.4138 0.00109324 0.128349 
9.54008 0.0406784 0.169966 
9.63744 0.0726299 0.205368 
9.72332 0.0935566 0.232103 
9.81978 0.101223 0.248617 
9.9373 0.100598 0.260135 
10.0628 0.103565 0.273166 
10.1894 0.109223 0.28044 
10.3163 0.110677 0.280111 
10.4317 0.112746 0.280677 
10.5209 0.119454 0.283744 
10.5824 0.126527 0.289722 
10.6268 0.135778 0.291093 
10.6156 0.159231 0.275739 
10.5253 0.161566 0.257122 
10.4075 0.15229 0.315384 
10.35 0.203632 0.526902 
10.7156 0.233085 0.815555 
3.11718 -0.101363 -0.0547528 
3.3151 -0.103379 -0.0555858 
3.51443 -0.104004 -0.0564106 
3.71527 -0.105049 -0.0571834 
3.91718 -0.105846 -0.057846 
4.1204 -0.106658 -0.0583304 
4.32471 -0.107231 -0.058633 
4.52983 -0.10758 -0.0587393 
4.73534 -0.107637 -0.0586879 
4.94073 -0.107428 -0.0585068 
5.14552 -0.106949 -0.0581321 
5.34919 -0.106145 -0.0574126 
5.55123 -0.104922 -0.0561595 
5.751 -0.10305 -0.0542312 
5.94771 -0.100544 -0.0521377 
6.14077 -0.0979724 -0.0512444 
6.33044 -0.0965769 -0.0532065 
6.51842 -0.0985014 -0.0599173 
6.70577 -0.10398 -0.070334 
6.89611 -0.112182 -0.0805053 
7.09566 -0.121736 -0.0849196 
7.30186 -0.123415 -0.0755825 
7.51029 -0.113146 -0.0530002 
7.73923 -0.105073 -0.0346473 
7.99496 -0.10378 -0.0240664 
8.26213 -0.102577 -0.0199911 
8.507 -0.0949836 -0.0309148 
8.72812 -0.104417 -0.0827669 
8.97407 -0.170988 -0.197066 
9.255 -0.269924 -0.327246 
9.46599 -0.313739 -0.391266 
9.56114 -0.293449 -0.403867 
9.59415 -0.270642 -0.408944 
9.61408 -0.268605 -0.423911 
9.64933 -0.28519 -0.453399 
9.72553 -0.323414 -0.500762 
9.86277 -0.379451 -0.560117 
10.0218 -0.42398 -0.612446 
10.1889 -0.459594 -0.668291 
10.39 -0.518239 -0.720861 
10.5614 -0.541332 -0.722572 
10.6812 -0.533195 -0.709476 
10.7745 -0.524254 -0.707626 
10.823 -0.504846 -0.704803 
10.8106 -0.473208 -0.663737 
10.6551 -0.375155 -0.534877 
10.4634 -0.261756 -0.376808 
10.4173 -0.160186 -0.340902 
10.1892 -0.0879617 -0.397996 
9.38182 -0.0130872 -0.190111 
3.34425 -0.105614 -0.0610414 
3.54544 -0.108773 -0.062339 
3.74841 -0.109779 -0.0635114 
3.95299 -0.11111 -0.0647547 
4.15838 -0.112118 -0.0658978 
4.36452 -0.113066 -0.0669257 
4.57104 -0.113788 -0.0678017 
4.7776 -0.114262 -0.0684426 
4.9837 -0.114348 -0.0686545 
5.18878 -0.113935 -0.0682932 
5.39227 -0.112992 -0.0675326 
5.59369 -0.11185 -0.067236 
5.793 -0.111243 -0.068634 
5.99041 -0.111915 -0.0724638 
6.18702 -0.115017 -0.0786567 
6.38481 -0.119316 -0.0827107 
6.58435 -0.12116 -0.0776757 
6.78315 -0.115044 -0.0592915 
6.98179 -0.0985219 -0.0277186 
7.19154 -0.082264 -0.00407914 
7.40917 -0.0785737 -0.0152717 
7.62917 -0.0997304 -0.086183 
7.92117 -0.20489 -0.25181 
8.28566 -0.360284 -0.46169 
8.62214 -0.479964 -0.62392 
8.9524 -0.571073 -0.765837 
9.299 -0.643641 -0.850837 
9.73873 -0.721663 -0.852089 
10.1954 -0.667966 -0.675644 
10.4228 -0.384651 -0.256418 
10.4068 0.0346724 0.178275 
10.3355 0.283591 0.478461 
10.3265 0.393567 0.66373 
10.385 0.463455 0.807896 
10.4968 0.529301 0.94882 
10.6663 0.603397 1.11385 
10.8628 0.727398 1.31295 
11.0264 0.902925 1.53931 
11.1841 1.0602 1.77706 
11.3551 1.24886 1.99532 
11.3837 1.50082 2.01124 
11.3685 1.57183 2.06736 
11.3453 1.61918 2.12124 
11.3782 1.53139 2.1601 
11.5358 1.47735 2.10631 
11.5649 1.46119 1.89008 
11.1521 1.46179 1.55115 
10.7278 1.08116 1.24372 
10.5307 0.796007 0.840195 
10.3951 0.486222 0.110554 
3.59503 -0.111045 -0.0672404 
3.80174 -0.114857 -0.0689892 
4.01023 -0.116141 -0.070597 
4.22037 -0.117708 -0.0721937 
4.43093 -0.118758 -0.0735814 
4.6416 -0.11957 -0.0746187 
4.85186 -0.119902 -0.0751606 
5.06115 -0.119753 -0.0753051 
5.26899 -0.119388 -0.0758115 
5.47543 -0.119666 -0.0779048 
5.68073 -0.121091 -0.0816172 
5.88592 -0.123611 -0.0850657 
6.09062 -0.124056 -0.0819106 
6.29206 -0.118738 -0.068352 
6.49028 -0.106717 -0.0448187 
6.68173 -0.0865953 -0.0230309 
6.87036 -0.0820001 -0.0422807 
7.08361 -0.121796 -0.136999 
7.3762 -0.244661 -0.330721 
7.76535 -0.438323 -0.593744 
8.25128 -0.635846 -0.797055 
8.84527 -0.763466 -0.85498 
9.5828 -0.79236 -0.663409 
9.99141 -0.363838 -0.0607349 
10.2047 0.14469 0.589412 
10.4626 0.517205 1.1339 
10.6676 0.875242 1.6314 
10.456 1.32865 1.88598 
10.0037 1.69713 1.93839 
9.17857 2.18295 2.32729 
8.17481 4.25981 4.56802 
7.36509 7.37873 8.38305 
6.75232 10.3626 12.0498 
6.21234 12.852 15.3073 
5.69648 14.8375 18.1214 
5.17258 16.3441 20.4641 
4.61931 17.5034 22.1931 
4.01202 17.9763 23.2799 
3.4282 17.7266 23.4277 
2.82319 16.5694 22.2919 
2.35036 14.0848 19.891 
2.15688 12.2182 18.5923 
2.03886 10.9483 18.3046 
2.01713 10.069 18.9338 
2.07094 9.41528 20.6536 
2.32643 9.06421 24.3191 
2.85978 9.77431 30.2362 
3.79211 10.2159 31.2011 
4.80956 7.19466 26.0546 
6.70211 -0.726659 16.4403 
3.87058 -0.11747 -0.0737854 
4.08443 -0.121591 -0.0757066 
4.29977 -0.122817 -0.0773118 
4.51634 -0.124115 -0.0786006 
4.73249 -0.124563 -0.0794294 
4.94765 -0.124649 -0.0800928 
5.16147 -0.124806 -0.0814335 
5.37413 -0.125669 -0.0839074 
5.58624 -0.127128 -0.0858663 
5.7971 -0.126217 -0.081631 
6.00271 -0.118451 -0.067132 
6.20168 -0.10506 -0.0483724 
6.38768 -0.0903469 -0.0435451 
6.58202 -0.107345 -0.0970124 
6.82609 -0.177869 -0.220547 
7.15195 -0.316538 -0.420007 
7.63619 -0.520276 -0.596467 
8.27688 -0.637873 -0.590773 
8.97594 -0.577434 -0.287351 
9.53482 -0.159617 0.380086 
9.92713 0.426649 1.13322 
9.72447 1.10838 1.55844 
9.16839 1.62349 1.94239 
7.99068 3.93632 3.6666 
6.6092 7.53714 7.26024 
5.42095 10.9307 10.6094 
4.27508 13.1152 12.4458 
3.14519 13.0405 12.1074 
2.40022 9.07339 9.22339 
2.11362 6.26236 6.57502 
1.97579 4.08004 5.41968 
1.96918 2.93471 4.89449 
1.95186 2.43257 4.40235 
1.91455 2.15978 3.91629 
1.861 1.93304 3.44093 
1.79851 1.67924 2.99776 
1.71409 1.53414 2.44377 
1.68417 1.27488 1.95235 
1.68869 0.882794 1.58054 
1.67253 0.637318 1.23343 
1.66948 0.451541 0.964494 
1.64512 0.292616 0.687304 
1.61944 0.160723 0.410877 
1.61183 0.0891393 0.262475 
1.61072 0.100437 0.301479 
1.61271 0.307974 0.660774 
1.68022 0.755236 1.33622 
1.68156 1.1486 2.27291 
1.68293 2.19725 3.84345 
1.98501 2.72835 9.1315 
4.17136 -0.123758 -0.0793517 
4.3926 -0.12743 -0.0806753 
4.61427 -0.127823 -0.0814655 
4.83598 -0.128176 -0.0820587 
5.05605 -0.127966 -0.0828252 
5.27438 -0.127877 -0.0834071 
5.49084 -0.126783 -0.0809895 
5.70281 -0.120772 -0.0704121 
5.90692 -0.108806 -0.0543927 
6.09808 -0.0955004 -0.0492992 
6.29653 -0.111905 -0.0959712 
6.5428 -0.177192 -0.198104 
6.87492 -0.294423 -0.330429 
7.38151 -0.434712 -0.392869 
7.98153 -0.443525 -0.219899 
8.55957 -0.235596 0.209099 
8.92551 0.276976 0.840094 
8.66561 0.946105 1.23535 
7.80855 2.16066 2.2265 
6.40999 5.08816 4.46666 
4.87189 8.18326 7.0072 
3.45511 9.11776 7.91768 
2.42531 6.62077 5.94238 
2.00438 3.76479 3.51715 
1.87541 2.10701 2.65734 
1.81803 1.32847 2.17861 
1.74318 0.975667 1.71237 
1.68409 0.671295 1.15254 
1.69804 0.317596 0.703719 
1.61571 0.0270067 -0.0193159 
1.68555 -0.0185345 -0.0483807 
1.68028 -0.0186871 -0.0440505 
1.67916 -0.0214438 -0.0467887 
1.6799 -0.0219202 -0.0453794 
1.68139 -0.0204918 -0.0417997 
1.68232 -0.0187912 -0.0385118 
1.68275 -0.0207694 -0.0391674 
1.69697 -0.00710757 -0.013519 
1.69298 -0.00390386 -0.00764927 
1.69278 -0.00149572 -0.00574977 
1.6928 -0.00194857 -0.00482142 
1.69295 -0.00160811 -0.00426536 
1.69317 -0.00110719 -0.00375492 
1.6933 -0.00121658 -0.00319022 
1.69338 -0.00131975 -0.00284771 
1.69335 -0.00174368 -0.00293667 
1.69299 -0.00267076 -0.00385541 
1.69137 -0.00200061 -0.00617036 
1.69581 -0.00867935 -0.0166747 
1.69139 -0.027323 -0.0312693 
4.49209 -0.127534 -0.0815756 
4.71784 -0.129674 -0.0813931 
4.94203 -0.128383 -0.0805881 
5.16424 -0.126643 -0.0784083 
5.38202 -0.122254 -0.0723324 
5.59281 -0.113509 -0.0602055 
5.79274 -0.100742 -0.0486544 
5.9863 -0.0990549 -0.0626068 
6.2052 -0.136272 -0.126033 
6.48604 -0.212226 -0.207683 
6.90492 -0.306179 -0.221821 
7.35304 -0.241314 -0.001238 
7.74168 -0.0339876 0.359942 
7.79037 0.462783 0.767687 
7.15115 1.13082 1.20962 
6.05639 3.10403 2.79427 
4.56222 5.34107 4.37148 
3.20651 5.28903 4.64339 
2.30192 3.29333 2.81751 
1.84375 1.83122 1.61422 
1.69489 0.968815 1.1787 
1.65556 0.545668 0.59664 
1.61529 -0.0479117 -0.0701623 
1.6838 0.0024864 -0.0579602 
1.679 -0.0243453 -0.0521478 
1.68026 -0.0255666 -0.0460315 
1.68124 -0.0265072 -0.0414614 
1.69504 -0.011075 -0.0206729 
1.69079 -0.00592329 -0.00988359 
1.69175 -0.000436339 -0.00845142 
1.69486 -0.00610779 0.00217182 
1.69571 0.00166096 0.00391117 
1.69525 0.00145155 0.00375624 
1.69513 0.0013484 0.00344885 
1.69497 0.00121629 0.00304959 
1.69486 0.00107432 0.00268507 
1.69479 0.000987111 0.00245959 
1.69432 0.000893722 0.00155696 
1.69409 0.000697171 0.000599543 
1.69411 0.000109113 0.000260444 
1.69414 6.52395e-05 0.000231369 
1.69415 8.88344e-05 0.00020085 
1.69414 8.50002e-05 0.000176417 
1.69414 8.12806e-05 0.000158868 
1.69413 7.91954e-05 0.000143418 
1.69413 8.01687e-05 0.00014517 
1.69413 9.2788e-05 0.000162502 
1.69417 0.000103722 0.000166186 
1.69419 -0.000131145 0.000647941 
1.69402 0.00127197 0.00128017 
4.81664 -0.124902 -0.076424 
5.03852 -0.122856 -0.0713804 
5.25388 -0.11554 -0.0626831 
5.46031 -0.104977 -0.0501602 
5.65413 -0.0925231 -0.040464 
5.84416 -0.0933531 -0.0533399 
6.05531 -0.121593 -0.0935582 
6.33732 -0.176991 -0.108119 
6.66281 -0.142016 0.0409328 
6.90645 0.0492102 0.354942 
6.87504 0.425767 0.664015 
6.19979 1.00677 0.957195 
5.13127 2.42365 2.12294 
3.9303 3.26447 2.77132 
2.82952 2.55462 2.07437 
2.11242 1.56624 1.21666 
1.71881 0.920471 0.608575 
1.62457 -0.0190827 -0.0341739 
1.59724 -0.0628475 -0.151494 
1.64121 -0.0623753 -0.101562 
1.66076 -0.0561527 -0.0781194 
1.68888 -0.0361312 -0.0355182 
1.69923 -0.00164997 -0.00191313 
1.69812 -0.00125966 0.00664353 
1.69744 0.00294779 0.00830808 
1.69701 0.00357342 0.00771689 
1.69643 0.0035782 0.00659574 
1.69506 0.00252556 0.00435976 
1.69422 0.00147924 0.00153812 
1.69432 0.000258681 0.000835841 
1.69427 0.000447788 0.000456811 
1.69397 0.000146614 -0.000175551 
1.69398 -5.13954e-05 -0.000270159 
1.69401 -9.82251e-05 -0.000233763 
1.69403 -7.45613e-05 -0.000189497 
1.69405 -6.01476e-05 -0.000154337 
1.69405 -4.88946e-05 -0.000129764 
1.69406 -4.27844e-05 -0.000107586 
1.69408 -5.32027e-05 -6.79093e-05 
1.69409 -2.88575e-05 -1.64627e-05 
1.69409 -3.26443e-06 -6.80461e-06 
1.69409 -1.49842e-06 -6.76138e-06 
1.69409 -2.55833e-06 -6.24213e-06 
1.69409 -2.92948e-06 -5.90803e-06 
1.69409 -3.05943e-06 -5.60183e-06 
1.69409 -2.99404e-06 -5.50212e-06 
1.69409 -3.14407e-06 -5.93974e-06 
1.69409 -4.32846e-06 -5.52704e-06 
1.69409 4.72889e-06 -7.21859e-06 
1.69409 -8.43607e-06 -5.07113e-05 
5.10876 -0.106632 -0.0535113 
5.30562 -0.0948282 -0.0387746 
5.48714 -0.0801013 -0.0258764 
5.65907 -0.0731723 -0.0239922 
5.8366 -0.0793634 -0.0270422 
6.0467 -0.0844902 0.0157344 
6.21656 0.0214573 0.216932 
6.23818 0.251997 0.507784 
5.73864 0.679991 0.672211 
4.76537 1.47973 1.16755 
3.77565 2.12609 1.72667 
2.8037 1.74742 1.31668 
2.13104 1.09737 0.792609 
1.74818 0.157496 0.0413563 
1.58708 -0.0283963 -0.124103 
1.58526 -0.0864106 -0.14029 
1.63824 -0.0802533 -0.091783 
1.70269 -0.0256506 -0.0115272 
1.71683 0.00668719 0.0203241 
1.71194 0.0140661 0.0223262 
1.70644 0.0124661 0.0188159 
1.70059 0.0102277 0.0123626 
1.69473 0.00404532 0.00316936 
1.69364 0.000765666 7.88293e-05 
1.69358 -0.000191873 -0.00090844 
1.69364 -0.000409791 -0.000979424 
1.69374 -0.000429405 -0.000864589 
1.69386 -0.000346811 -0.000654221 
1.69403 -0.000242205 -0.000310285 
1.6941 -8.5523e-05 -8.75773e-05 
1.69408 -2.2671e-05 -4.46109e-05 
1.69408 -1.51696e-05 -1.65094e-05 
1.69409 -9.00923e-06 6.91591e-06 
1.69409 1.8974e-06 1.45294e-05 
1.69409 4.63382e-06 1.13684e-05 
1.69409 3.70978e-06 8.65444e-06 
1.69409 2.68854e-06 6.69956e-06 
1.69409 2.20653e-06 5.26969e-06 
1.69409 2.0406e-06 4.35909e-06 
1.69409 2.0819e-06 2.32246e-06 
1.69409 1.20829e-06 5.65901e-07 
1.69409 1.1546e-07 1.40911e-07 
1.69409 7.46536e-08 1.1378e-07 
1.69409 -6.24494e-09 1.50749e-07 
1.69409 5.97414e-08 1.86792e-07 
1.69409 1.09917e-07 1.97953e-07 
1.69409 1.15425e-07 1.80522e-07 
1.69409 9.62209e-08 1.93421e-07 
1.69409 5.81169e-08 6.59586e-08 
1.69409 -4.52043e-07 8.33858e-07 
5.30056 -0.0651476 -0.0107276 
5.44325 -0.0475964 0.00674754 
5.57023 -0.0310525 0.0294221 
5.68182 0.00235464 0.0962642 
5.70902 0.122683 0.272929 
5.5214 0.361807 0.474468 
4.82911 0.709899 0.598106 
3.88817 1.38171 0.989242 
2.97837 1.51638 1.01151 
2.3257 0.871469 0.605941 
1.93649 0.239872 0.12612 
1.67519 0.0489202 -0.0682538 
1.60918 -0.0570646 -0.111743 
1.67204 -0.0550521 -0.0443309 
1.71288 -0.00849362 0.00689282 
1.72194 0.0128214 0.025076 
1.71619 0.0183923 0.0246366 
1.70243 0.0132081 0.0114602 
1.69344 0.00336067 0.000424643 
1.69171 -0.000798563 -0.00270067 
1.69192 -0.00166165 -0.00293884 
1.69261 -0.00165788 -0.00239212 
1.69359 -0.0010091 -0.0011115 
1.69406 -0.000351246 -0.000259403 
1.69417 -5.14474e-05 4.54751e-05 
1.69417 3.93187e-05 9.52574e-05 
1.69414 4.79301e-05 9.48468e-05 
1.69412 4.14324e-05 7.52504e-05 
1.6941 2.78765e-05 4.82479e-05 
1.69409 1.71377e-05 1.83158e-05 
1.69409 5.75666e-06 5.13207e-06 
1.69409 1.48523e-06 1.07237e-06 
1.69409 -1.42694e-07 8.40301e-07 
1.69409 4.13719e-07 -4.43942e-07 
1.69409 -1.09638e-08 -5.24187e-07 
1.69409 -6.03461e-08 -5.03288e-07 
1.69409 -1.83633e-07 -4.02873e-07 
1.69409 -1.48478e-07 -3.00517e-07 
1.69409 -1.18921e-07 -1.87941e-07 
1.69409 -9.20519e-08 -1.00645e-07 
1.69409 2.47141e-11 -7.46301e-08 
1.69409 -6.67008e-08 -1.82456e-08 
1.69409 5.76528e-09 -2.01162e-08 
1.69409 -2.29642e-08 -1.44775e-08 
1.69409 -5.30002e-09 -1.23749e-08 
1.69409 -2.4291e-09 -1.24815e-08 
1.69409 -1.56622e-08 -6.44472e-09 
1.69409 -1.87556e-09 2.54698e-09 
1.69409 7.65164e-09 -2.0259e-11 
1.69409 6.94154e-09 -2.19189e-09 
5.29901 0.0062095 0.0636339 
5.32465 0.062183 0.135116 
5.24498 0.17586 0.267594 
4.95001 0.375272 0.427158 
4.269 0.620553 0.504672 
3.43951 0.96987 0.692352 
2.65548 0.677473 0.440868 
2.14751 0.306834 0.185884 
1.85519 0.148002 0.0485284 
1.69871 0.0203239 -0.0424934 
1.68414 -0.030828 -0.0363148 
1.70986 -0.0100845 6.59106e-05 
1.72382 0.0111631 0.021975 
1.71456 0.0179447 0.018023 
1.69951 0.00850428 0.00493639 
1.69275 0.00123027 -0.00178591 
1.69085 -0.00188928 -0.00401205 
1.69173 -0.00255627 -0.00316233 
1.6935 -0.00128657 -0.00104212 
1.69423 -0.000276404 2.23656e-05 
1.69437 0.000100957 0.000289145 
1.69434 0.000180984 0.000319219 
1.69424 0.000164716 0.000220566 
1.69413 9.38343e-05 9.13193e-05 
1.69409 2.97051e-05 1.71174e-05 
1.69408 2.73622e-06 -2.16946e-06 
1.69408 -8.41215e-07 -8.41949e-06 
1.69408 -4.24424e-06 -8.23079e-06 
1.69409 -4.06753e-06 -6.15333e-06 
1.69409 -2.80972e-06 -2.93461e-06 
1.69409 -9.71223e-07 -1.21075e-06 
1.69409 -5.19136e-07 -1.88908e-07 
1.69409 5.04641e-09 -5.96272e-08 
1.69409 1.66906e-09 8.55701e-08 
1.69409 9.26249e-08 6.16455e-08 
1.69409 3.8173e-10 3.61415e-08 
1.69409 2.88734e-09 3.14507e-08 
1.69409 1.44374e-08 2.56161e-08 
1.69409 1.57857e-08 1.17344e-08 
1.69409 4.57647e-09 6.79947e-09 
1.69409 6.89721e-09 -8.71626e-09 
1.69409 -1.38693e-08 -1.92377e-10 
1.69409 2.04248e-09 2.053e-10 
1.69409 -1.43124e-09 3.93419e-09 
1.69409 4.46364e-09 2.19776e-09 
1.69409 1.55735e-09 9.63031e-11 
1.69409 -1.25697e-09 1.2737e-09 
1.69409 3.54232e-09 -3.25582e-10 
1.69409 -1.28951e-09 -1.56088e-09 
1.69409 -1.46197e-09 -8.86634e-10 
4.88356 0.191382 0.244251 
4.55219 0.344457 0.367874 
3.95331 0.509702 0.419202 
3.2201 0.588516 0.423792 
2.51211 0.408548 0.234954 
2.06903 0.235726 0.112955 
1.81373 0.0920147 0.00727444 
1.72332 0.00377634 -0.023595 
1.71873 -0.00356977 -0.005651 
1.72241 0.00795034 0.0111393 
1.71459 0.0136767 0.0124629 
1.70133 0.0076078 0.00415993 
1.69339 0.0013629 -0.00190106 
1.69124 -0.00216517 -0.00353063 
1.69279 -0.00172759 -0.00171006 
1.69406 -0.000568238 -0.000223547 
1.69456 0.000104782 0.000436232 
1.69458 0.000368529 0.000540954 
1.69435 0.000275764 0.00030154 
1.69416 0.000128475 8.32547e-05 
1.69408 2.46612e-05 6.11158e-06 
1.69408 -3.05342e-06 -2.53422e-05 
1.69407 -1.23839e-05 -2.53803e-05 
1.69407 -1.12587e-05 -1.8034e-05 
1.69408 -9.30096e-06 -5.91692e-06 
1.69409 -2.0601e-06 -1.95525e-06 
1.69409 -6.17718e-07 5.53366e-09 
1.69409 -5.99821e-08 5.28887e-07 
1.69409 2.26114e-07 5.6034e-07 
1.69409 3.55431e-07 4.30051e-07 
1.69409 2.48879e-07 1.65503e-07 
1.69409 5.5671e-08 4.09925e-08 
1.69409 1.36194e-08 3.3401e-08 
1.69409 2.35363e-08 4.40731e-09 
1.69409 -7.45164e-09 -2.96083e-08 
1.69409 -2.02286e-08 -1.36786e-08 
1.69409 -7.84413e-09 -2.0028e-09 
1.69409 1.46598e-09 1.39378e-09 
1.69409 1.1572e-09 1.78141e-09 
1.69409 2.12796e-09 1.34535e-09 
1.69409 2.8149e-10 1.27808e-09 
1.69409 1.18714e-09 3.50943e-09 
1.69409 3.11768e-09 2.50342e-09 
1.69409 1.74478e-09 2.45087e-09 
1.69409 1.99659e-09 1.97716e-09 
1.69409 1.01863e-09 2.0183e-09 
1.69409 1.03784e-09 1.87424e-09 
1.69409 7.3843e-10 1.05607e-09 
1.69409 -4.2304e-10 8.78213e-10 
1.69409 5.3447e-10 3.0625e-10 
3.78053 0.410958 0.35033 
3.12252 0.447479 0.309244 
2.49464 0.352496 0.190565 
2.06595 0.204804 0.0829712 
1.83621 0.0772155 0.00969369 
1.75882 0.0228695 -0.00108759 
1.73602 0.0124642 0.00664249 
1.72237 0.0135528 0.0102391 
1.70725 0.00908589 0.00515533 
1.69734 0.00320642 0.000107777 
1.69373 -0.000312903 -0.00166509 
1.6939 -0.00068072 -0.000854222 
1.69455 -0.000102811 0.000137025 
1.69481 0.000374902 0.000574292 
1.69453 0.000377253 0.000392994 
1.69425 0.000181097 0.000136627 
1.6941 4.98164e-05 -4.91559e-06 
1.69405 -2.16875e-05 -5.37265e-05 
1.69406 -3.07272e-05 -4.75373e-05 
1.69408 -1.81871e-05 -1.91399e-05 
1.69408 -5.32322e-06 -8.64616e-06 
1.69409 -5.26533e-06 1.37863e-06 
1.69409 1.7337e-06 8.32725e-07 
1.69409 -7.36994e-08 1.12105e-06 
1.69409 2.16729e-07 4.82425e-07 
1.69409 2.5384e-07 4.76391e-07 
1.69409 2.43784e-07 1.86576e-07 
1.69409 8.81023e-08 -2.23364e-08 
1.69409 -7.58374e-09 4.95866e-08 
1.69409 4.93956e-08 1.17955e-08 
1.69409 -1.02207e-08 -1.68204e-08 
1.69409 -1.51009e-08 -1.99092e-09 
1.69409 5.44231e-09 -2.72244e-09 
1.69409 -3.90825e-09 -9.80609e-09 
1.69409 -6.7412e-09 3.61499e-10 
1.69409 7.69739e-10 -1.85556e-10 
1.69409 -3.01234e-10 -2.49652e-09 
1.69409 -2.54287e-09 -5.83494e-09 
1.69409 -5.02003e-09 -6.96769e-09 
1.69409 -5.58812e-09 -7.89895e-09 
1.69409 -6.51988e-09 -8.35038e-09 
1.69409 -6.45881e-09 -9.07926e-09 
1.69409 -7.16378e-09 -9.91923e-09 
1.69409 -7.68913e-09 -1.0347e-08 
1.69409 -7.76674e-09 -1.07e-08 
1.69409 -8.37654e-09 -1.10073e-08 
1.69409 -7.72492e-09 -1.01188e-08 
1.69409 -5.2887e-09 -7.36777e-09 
1.69409 -1.95247e-09 -2.76856e-09 
1.69409 -8.42572e-11 5.06755e-10 
2.55496 0.321942 0.182992 
2.12617 0.202326 0.0839396 
1.88926 0.0949118 0.0275559 
1.78718 0.0394147 0.010615 
1.74567 0.0209535 0.00972275 
1.72178 0.0135032 0.00716018 
1.70629 0.00727112 0.00290735 
1.6982 0.00255711 0.000131953 
1.69557 0.000599068 -0.000276931 
1.69507 0.000287673 0.000128505 
1.69485 0.000380564 0.000353795 
1.69451 0.000287198 0.000242804 
1.69422 0.000140215 4.90853e-05 
1.69407 5.12234e-06 -4.37415e-05 
1.69406 -3.0626e-05 -5.6806e-05 
1.69408 -2.69808e-05 -2.44441e-05 
1.69409 -3.49809e-06 -7.33411e-06 
1.69409 2.75104e-07 4.71653e-06 
1.6941 2.3047e-06 6.66328e-06 
1.69409 4.124e-06 2.70567e-06 
1.69409 6.63616e-07 7.07071e-07 
1.69409 -4.72253e-07 -1.43801e-07 
1.69409 -5.25235e-08 -9.06731e-08 
1.69409 2.92816e-09 -2.27519e-08 
1.69409 3.95325e-08 1.32395e-07 
1.69409 1.39725e-07 9.19595e-08 
1.69409 3.90267e-08 -6.15467e-08 
1.69409 -4.11744e-08 -6.26343e-09 
1.69409 2.64953e-09 -1.16363e-08 
1.69409 -1.51714e-08 -3.22421e-08 
1.69409 -2.16653e-08 -1.66367e-08 
1.69409 -9.74363e-09 -8.15012e-09 
1.69409 -6.64456e-09 -8.92638e-09 
1.69409 -6.70359e-09 -5.42941e-09 
1.69409 -4.01251e-09 -4.39475e-09 
1.69409 -2.99919e-09 -1.68079e-09 
1.69409 -6.61051e-10 1.07373e-09 
1.69409 1.55043e-09 4.60111e-09 
1.69409 4.50936e-09 8.28184e-09 
1.69409 7.37581e-09 1.18449e-08 
1.69409 1.01216e-08 1.53416e-08 
1.69409 1.27982e-08 1.85439e-08 
1.69409 1.5121e-08 2.1524e-08 
1.69409 1.72986e-08 2.41833e-08 
1.69409 1.92497e-08 2.64295e-08 
1.69409 2.00334e-08 2.82785e-08 
1.69409 2.32235e-08 2.92885e-08 
1.69409 2.08572e-08 2.31575e-08 
1.69409 1.18523e-08 8.01486e-09 
1.69409 -2.00726e-11 -6.37459e-09 
1.95586 0.121395 0.04425 
1.82041 0.0551834 0.0182524 
1.75866 0.0277012 0.0109114 
1.7269 0.0153699 0.00665787 
1.70914 0.00792911 0.00293881 
1.70035 0.00340901 0.000875005 
1.69679 0.00134943 0.000302974 
1.69544 0.000654003 0.000267474 
1.69476 0.000377237 0.000189658 
1.69436 0.000181458 7.86487e-05 
1.69418 5.63768e-05 -1.08933e-05 
1.69409 7.12534e-06 -2.02921e-05 
1.69411 -1.01272e-05 -8.47024e-06 
1.6941 6.91421e-06 -2.32537e-06 
1.6941 1.78054e-06 1.02725e-05 
1.6941 7.48634e-06 4.77889e-06 
1.69409 2.75492e-06 3.69353e-06 
1.69409 1.77524e-06 -1.69418e-06 
1.69409 -2.40718e-06 -7.26818e-07 
1.69409 -1.43167e-07 -8.09766e-07 
1.69409 -5.55135e-07 -3.10256e-07 
1.69409 -9.32097e-08 4.1297e-08 
1.69409 1.32882e-07 1.49518e-07 
1.69409 8.95349e-08 -2.00145e-09 
1.69409 -1.03861e-08 1.88071e-08 
1.69409 3.23018e-09 -3.85261e-08 
1.69409 -2.90269e-08 4.97937e-09 
1.69409 7.09462e-09 1.87601e-08 
1.69409 1.46909e-08 1.65836e-08 
1.69409 1.43771e-08 2.8999e-08 
1.69409 2.38696e-08 3.39548e-08 
1.69409 2.69495e-08 3.60237e-08 
1.69409 2.86221e-08 3.88635e-08 
1.69409 3.07194e-08 4.01356e-08 
1.69409 3.12646e-08 4.04026e-08 
1.69409 3.10985e-08 3.87804e-08 
1.69409 2.9231e-08 3.5766e-08 
1.69409 2.6453e-08 3.15553e-08 
1.69409 2.26578e-08 2.62205e-08 
1.69409 1.80816e-08 2.00964e-08 
1.69409 1.29501e-08 1.34838e-08 
1.69409 7.53195e-09 6.68353e-09 
1.69409 2.0505e-09 -6.92407e-12 
1.69409 -3.23977e-09 -6.34637e-09 
1.69409 -8.20256e-09 -1.21638e-08 
1.69409 -1.2899e-08 -1.68818e-08 
1.69409 -1.38585e-08 -1.99648e-08 
1.69409 -2.37244e-08 -1.63981e-08 
1.69409 -2.29484e-08 6.56747e-10 
1.69409 -8.28649e-09 2.55866e-08 
1.78026 0.0395015 0.013312 
1.73802 0.0196181 0.00786666 
1.71481 0.0102027 0.00379776 
1.70325 0.00474198 0.00150837 
1.69806 0.00206985 0.000596361 
1.69586 0.000925448 0.000303249 
1.69489 0.000437655 0.000155032 
1.69441 0.00019517 5.94466e-05 
1.69422 7.148e-05 1.2215e-05 
1.69413 3.21813e-05 -4.95884e-07 
1.69413 -2.33951e-06 5.05177e-06 
1.6941 1.669e-05 -3.84569e-06 
1.69409 -2.48369e-06 9.81957e-06 
1.6941 6.70058e-06 1.7048e-06 
1.69408 2.81024e-06 -9.0293e-08 
1.69409 -9.99806e-07 -2.13585e-07 
1.69409 -7.87776e-07 -1.09278e-06 
1.69409 -1.01833e-06 -4.40243e-07 
1.69409 -1.99207e-07 9.4673e-08 
1.69409 1.928e-07 2.12376e-07 
1.69409 1.57989e-07 1.09798e-07 
1.69409 8.50764e-08 1.11475e-07 
1.69409 6.02339e-08 1.43545e-08 
1.69409 -6.21006e-10 1.79924e-08 
1.69409 1.98115e-08 1.86202e-08 
1.69409 1.58124e-08 2.20621e-08 
1.69409 1.86545e-08 1.33623e-08 
1.69409 9.8017e-09 -1.99861e-09 
1.69409 -3.05449e-09 -1.61589e-08 
1.69409 -1.47313e-08 -3.43002e-08 
1.69409 -2.92961e-08 -5.3342e-08 
1.69409 -4.41391e-08 -7.20091e-08 
1.69409 -5.86961e-08 -9.04273e-08 
1.69409 -7.27444e-08 -1.07529e-07 
1.69409 -8.54954e-08 -1.22834e-07 
1.69409 -9.66667e-08 -1.35906e-07 
1.69409 -1.05823e-07 -1.46392e-07 
1.69409 -1.12782e-07 -1.54256e-07 
1.69409 -1.17543e-07 -1.59519e-07 
1.69409 -1.20169e-07 -1.62374e-07 
1.69409 -1.20865e-07 -1.63104e-07 
1.69409 -1.19886e-07 -1.62127e-07 
1.69409 -1.17588e-07 -1.59853e-07 
1.69409 -1.14307e-07 -1.56745e-07 
1.69409 -1.10496e-07 -1.53213e-07 
1.69409 -1.06173e-07 -1.49674e-07 
1.69409 -1.02531e-07 -1.49295e-07 
1.69409 -1.02968e-07 -1.51567e-07 
1.69409 -7.65627e-08 -1.48165e-07 
1.69409 5.33527e-09 -6.76078e-08 
1.72356 0.0142705 0.0048329 
1.708 0.00682597 0.0023741 
1.70014 0.0031292 0.000962408 
1.69672 0.00138514 0.000431801 
1.69523 0.000626163 0.000195077 
1.69455 0.000272342 8.16016e-05 
1.69428 0.000109714 2.92854e-05 
1.69415 5.02383e-05 1.251e-05 
1.69413 8.80838e-06 4.81437e-06 
1.69411 1.37652e-05 -3.49614e-06 
1.69409 -2.89852e-06 7.52541e-06 
1.69411 5.64875e-06 2.00642e-06 
1.69408 4.89871e-06 -2.79261e-06 
1.69409 -3.96752e-06 1.21134e-06 
1.69409 1.26171e-06 -1.78763e-06 
1.69409 -1.66418e-06 -7.28633e-07 
1.69409 -3.15785e-07 -3.08573e-07 
1.69409 -2.31674e-08 1.29095e-07 
1.69409 1.67857e-07 8.3016e-08 
1.69409 3.31934e-08 -1.41333e-08 
1.69409 -4.51816e-08 -8.0172e-08 
1.69409 -6.51518e-08 -9.76456e-08 
1.69409 -8.10059e-08 -1.10291e-07 
1.69409 -8.55378e-08 -1.16511e-07 
1.69409 -9.34396e-08 -1.25715e-07 
1.69409 -1.01197e-07 -1.31355e-07 
1.69409 -1.04756e-07 -1.29994e-07 
1.69409 -1.02567e-07 -1.20663e-07 
1.69409 -9.40353e-08 -1.04599e-07 
1.69409 -8.00305e-08 -8.11842e-08 
1.69409 -6.05257e-08 -5.1485e-08 
1.69409 -3.63241e-08 -1.67912e-08 
1.69409 -8.38063e-09 2.20225e-08 
1.69409 2.24262e-08 6.3621e-08 
1.69409 5.50235e-08 1.0674e-07 
1.69409 8.83519e-08 1.50191e-07 
1.69409 1.2149e-07 1.9293e-07 
1.69409 1.53583e-07 2.34016e-07 
1.69409 1.83844e-07 2.72654e-07 
1.69409 2.11764e-07 3.08295e-07 
1.69409 2.36924e-07 3.40557e-07 
1.69409 2.5908e-07 3.69243e-07 
1.69409 2.7816e-07 3.94248e-07 
1.69409 2.9414e-07 4.15633e-07 
1.69409 3.0706e-07 4.33422e-07 
1.69409 3.17504e-07 4.47825e-07 
1.69409 3.23923e-07 4.61056e-07 
1.69409 3.32192e-07 4.75869e-07 
1.69409 3.12795e-07 4.37683e-07 
1.69409 2.49557e-07 1.80554e-07 
1.70363 0.00494629 0.00149339 
1.69835 0.00220704 0.000703514 
1.6959 0.000980465 0.000294526 
1.69484 0.000417066 0.000117536 
1.6944 0.000174627 4.67668e-05 
1.6942 7.72739e-05 1.99659e-05 
1.69414 2.23023e-05 7.52714e-06 
1.6941 1.60757e-05 -3.64686e-06 
1.6941 -5.33798e-06 5.63002e-06 
1.69411 4.03731e-06 -5.70792e-07 
1.69409 5.32484e-06 -1.92505e-06 
1.69409 -2.66256e-06 2.88987e-06 
1.69409 2.60171e-06 -1.12791e-06 
1.69409 -1.48517e-06 -2.34315e-07 
1.69409 9.17446e-08 8.27482e-08 
1.69409 1.72001e-07 2.86033e-07 
1.69409 2.03826e-07 2.03016e-07 
1.69409 6.7157e-08 3.3724e-09 
1.69409 -4.70894e-08 -5.93286e-08 
1.69409 -5.72488e-08 -3.72905e-08 
1.69409 -1.83675e-08 2.56312e-08 
1.69409 2.77365e-08 8.30849e-08 
1.69409 7.07444e-08 1.40499e-07 
1.69409 1.15558e-07 1.98251e-07 
1.69409 1.60495e-07 2.55034e-07 
1.69409 2.04969e-07 3.09493e-07 
1.69409 2.46979e-07 3.59141e-07 
1.69409 2.84676e-07 4.01872e-07 
1.69409 3.16501e-07 4.3654e-07 
1.69409 3.4156e-07 4.62029e-07 
1.69409 3.59096e-07 4.77968e-07 
1.69409 3.68952e-07 4.84497e-07 
1.69409 3.712e-07 4.81999e-07 
1.69409 3.66304e-07 4.71315e-07 
1.69409 3.54964e-07 4.53411e-07 
1.69409 3.38006e-07 4.29522e-07 
1.69409 3.16492e-07 4.00907e-07 
1.69409 2.91557e-07 3.68902e-07 
1.69409 2.64112e-07 3.34836e-07 
1.69409 2.35349e-07 2.99878e-07 
1.69409 2.06164e-07 2.65142e-07 
1.69409 1.77505e-07 2.31616e-07 
1.69409 1.50018e-07 2.00159e-07 
1.69409 1.2443e-07 1.7147e-07 
1.69409 1.01139e-07 1.46187e-07 
1.69409 8.07816e-08 1.24683e-07 
1.69409 6.25099e-08 1.0592e-07 
1.69409 5.23596e-08 8.91486e-08 
1.69409 4.65598e-08 1.49839e-07 
1.69409 -4.25456e-08 3.4431e-07 
1.69712 0.0016666 0.000466017 
1.69538 0.000713793 0.000204135 
1.69461 0.000290708 7.88891e-05 
1.6943 0.000121358 3.88239e-05 
1.69418 5.11256e-05 1.42485e-05 
1.69411 2.66957e-05 8.03788e-07 
1.6941 -8.84866e-07 5.66134e-06 
1.69411 1.69597e-06 -2.70017e-06 
1.69409 4.63884e-06 -8.47747e-07 
1.6941 -1.26282e-06 5.70474e-06 
1.69409 5.26576e-06 -1.73299e-07 
1.69409 -1.22205e-06 -3.38946e-07 
1.69409 -2.98034e-07 -8.46646e-08 
1.69409 1.25609e-07 2.48588e-07 
1.69409 2.33343e-07 3.00854e-07 
1.69409 1.81937e-07 1.7427e-07 
1.69409 1.50415e-07 2.26303e-07 
1.69409 1.99572e-07 2.79105e-07 
1.69409 2.46418e-07 3.27105e-07 
1.69409 2.72952e-07 3.36992e-07 
1.69409 2.72427e-07 3.1774e-07 
1.69409 2.54358e-07 2.80977e-07 
1.69409 2.25388e-07 2.32482e-07 
1.69409 1.8698e-07 1.73269e-07 
1.69409 1.40496e-07 1.05429e-07 
1.69409 8.75072e-08 3.11014e-08 
1.69409 2.98035e-08 -4.73927e-08 
1.69409 -3.06093e-08 -1.27549e-07 
1.69409 -9.19204e-08 -2.07243e-07 
1.69409 -1.5237e-07 -2.84499e-07 
1.69409 -2.10407e-07 -3.57662e-07 
1.69409 -2.649e-07 -4.25586e-07 
1.69409 -3.14876e-07 -4.87355e-07 
1.69409 -3.59652e-07 -5.42425e-07 
1.69409 -3.98948e-07 -5.90611e-07 
1.69409 -4.32535e-07 -6.3193e-07 
1.69409 -4.60557e-07 -6.66598e-07 
1.69409 -4.83242e-07 -6.95212e-07 
1.69409 -5.01064e-07 -7.18274e-07 
1.69409 -5.14445e-07 -7.36422e-07 
1.69409 -5.23904e-07 -7.50249e-07 
1.69409 -5.30075e-07 -7.60529e-07 
1.69409 -5.33474e-07 -7.67932e-07 
1.69409 -5.34677e-07 -7.73033e-07 
1.69409 -5.34227e-07 -7.76406e-07 
1.69409 -5.32465e-07 -7.78606e-07 
1.69409 -5.29834e-07 -7.78523e-07 
1.69409 -5.28097e-07 -7.80033e-07 
1.69409 -5.17958e-07 -8.31733e-07 
1.69409 -4.55841e-07 -7.75227e-07 
1.69503 0.000542568 0.000132937 
1.69447 0.000222363 6.03829e-05 
1.69424 8.62463e-05 2.62779e-05 
1.69414 4.21469e-05 6.42686e-06 
1.6941 9.40487e-06 9.2071e-06 
1.69411 4.4024e-06 -3.4243e-06 
1.69408 3.39609e-06 -2.08811e-06 
1.6941 -3.00707e-06 6.80362e-06 
1.69409 7.3327e-06 1.16723e-07 
1.69409 -1.1978e-06 -5.27299e-07 
1.69409 -6.32391e-07 -6.57374e-07 
1.69409 -3.11406e-07 -2.10399e-07 
1.69409 -4.00001e-09 7.02573e-08 
1.69409 4.30256e-08 -1.20177e-07 
1.69409 -9.55486e-08 -2.03952e-07 
1.69409 -1.50291e-07 -2.78991e-07 
1.69409 -2.02476e-07 -3.50435e-07 
1.69409 -2.62739e-07 -4.30669e-07 
1.69409 -3.24803e-07 -5.06902e-07 
1.69409 -3.81629e-07 -5.72322e-07 
1.69409 -4.28782e-07 -6.23765e-07 
1.69409 -4.65781e-07 -6.62125e-07 
1.69409 -4.9325e-07 -6.88667e-07 
1.69409 -5.11733e-07 -7.03845e-07 
1.69409 -5.2153e-07 -7.08402e-07 
1.69409 -5.23223e-07 -7.03319e-07 
1.69409 -5.17573e-07 -6.89707e-07 
1.69409 -5.05524e-07 -6.69023e-07 
1.69409 -4.88256e-07 -6.42614e-07 
1.69409 -4.66759e-07 -6.11897e-07 
1.69409 -4.42136e-07 -5.78194e-07 
1.69409 -4.15459e-07 -5.4268e-07 
1.69409 -3.87565e-07 -5.06417e-07 
1.69409 -3.59231e-07 -4.7031e-07 
1.69409 -3.31233e-07 -4.35093e-07 
1.69409 -3.04041e-07 -4.01338e-07 
1.69409 -2.78055e-07 -3.69552e-07 
1.69409 -2.53761e-07 -3.39926e-07 
1.69409 -2.31184e-07 -3.12731e-07 
1.69409 -2.10557e-07 -2.88061e-07 
1.69409 -1.91861e-07 -2.66014e-07 
1.69409 -1.7523e-07 -2.4654e-07 
1.69409 -1.60572e-07 -2.29561e-07 
1.69409 -1.47817e-07 -2.15054e-07 
1.69409 -1.36898e-07 -2.02882e-07 
1.69409 -1.27706e-07 -1.92946e-07 
1.69409 -1.2023e-07 -1.85848e-07 
1.69409 -1.13833e-07 -1.78609e-07 
1.69409 -1.14855e-07 -1.57236e-07 
1.69409 -9.02567e-08 -2.73658e-07 
1.69436 0.000187857 6.57128e-05 
1.6942 7.74015e-05 2.49189e-05 
1.69412 2.66154e-05 8.21427e-06 
1.69411 9.52533e-06 3.14191e-06 
1.69409 3.81444e-06 -3.85993e-06 
1.6941 -4.8877e-06 4.29353e-06 
1.69409 6.29857e-06 -5.31815e-07 
1.69409 -1.44118e-06 -1.23235e-06 
1.69409 -9.07182e-07 -1.14438e-06 
1.69409 -8.03383e-07 -9.96962e-07 
1.69409 -5.93166e-07 -4.13487e-07 
1.69409 -3.15531e-07 -5.23717e-07 
1.69409 -3.92694e-07 -5.45225e-07 
1.69409 -4.1484e-07 -5.52338e-07 
1.69409 -4.0336e-07 -5.06836e-07 
1.69409 -3.69255e-07 -4.57746e-07 
1.69409 -3.33846e-07 -4.0901e-07 
1.69409 -2.98114e-07 -3.59279e-07 
1.69409 -2.61052e-07 -3.09161e-07 
1.69409 -2.23953e-07 -2.60583e-07 
1.69409 -1.88463e-07 -2.1508e-07 
1.69409 -1.55305e-07 -1.73299e-07 
1.69409 -1.24922e-07 -1.35509e-07 
1.69409 -9.75659e-08 -1.01897e-07 
1.69409 -7.33984e-08 -7.24712e-08 
1.69409 -5.23748e-08 -4.7152e-08 
1.69409 -3.44233e-08 -2.58205e-08 
1.69409 -1.94531e-08 -8.14139e-09 
1.69409 -7.15266e-09 6.19463e-09 
1.69409 2.69867e-09 1.75713e-08 
1.69409 1.04172e-08 2.63517e-08 
1.69409 1.62838e-08 3.29292e-08 
1.69409 2.05952e-08 3.76636e-08 
1.69409 2.36333e-08 4.0849e-08 
1.69409 2.56072e-08 4.28244e-08 
1.69409 2.67801e-08 4.38301e-08 
1.69409 2.73133e-08 4.40851e-08 
1.69409 2.73731e-08 4.37903e-08 
1.69409 2.70841e-08 4.31067e-08 
1.69409 2.65674e-08 4.21787e-08 
1.69409 2.59088e-08 4.10972e-08 
1.69409 2.51652e-08 3.99543e-08 
1.69409 2.43914e-08 3.88138e-08 
1.69409 2.36269e-08 3.77409e-08 
1.69409 2.29166e-08 3.67593e-08 
1.69409 2.2256e-08 3.5891e-08 
1.69409 2.16768e-08 3.53356e-08 
1.69409 2.14334e-08 3.40362e-08 
1.69409 2.07383e-08 3.25221e-08 
1.69409 7.89249e-09 6.08671e-08 
