7.32028 
7.48947 
7.62864 
7.74377 
7.83143 
7.89851 
7.94988 
7.98964 
8.02072 
8.04531 
8.06499 
8.08093 
8.09401 
8.10487 
8.11401 
8.12181 
8.12856 
8.1345 
8.13982 
8.14467 
8.14917 
8.15344 
8.15757 
8.16165 
8.16574 
8.16992 
8.17426 
8.17883 
8.18371 
8.18897 
8.1947 
8.201 
8.208 
8.21583 
8.22467 
8.23475 
8.24633 
8.25978 
8.27556 
8.29429 
8.31679 
8.34419 
8.37801 
8.42038 
8.47424 
8.54372 
8.63405 
8.75295 
8.89949 
9.08245 
7.35355 
7.50886 
7.63449 
7.74029 
7.82234 
7.8866 
7.93696 
7.97679 
8.00855 
8.03412 
8.05492 
8.072 
8.08617 
8.09807 
8.10816 
8.11683 
8.12437 
8.13104 
8.13701 
8.14246 
8.14751 
8.15228 
8.15687 
8.16137 
8.16586 
8.17042 
8.17511 
8.18002 
8.18523 
8.19081 
8.19686 
8.20349 
8.21082 
8.219 
8.22822 
8.23869 
8.2507 
8.2646 
8.28087 
8.3001 
8.3231 
8.3509 
8.38495 
8.42713 
8.48003 
8.54719 
8.63294 
8.74401 
8.87878 
9.04891 
7.48924 
7.58318 
7.67421 
7.75769 
7.82692 
7.88387 
7.93029 
7.96821 
7.99929 
8.02491 
8.04616 
8.06392 
8.07889 
8.09162 
8.10254 
8.11202 
8.12034 
8.12773 
8.13439 
8.14047 
8.14612 
8.15146 
8.15658 
8.16157 
8.16653 
8.17154 
8.17667 
8.182 
8.18761 
8.1936 
8.20007 
8.20711 
8.21487 
8.22349 
8.23315 
8.2441 
8.25659 
8.27098 
8.28772 
8.30735 
8.33061 
8.3584 
8.39189 
8.43258 
8.48229 
8.54325 
8.61752 
8.70736 
8.80669 
8.91016 
7.60453 
7.66076 
7.72299 
7.78485 
7.83966 
7.88708 
7.92738 
7.96144 
7.99018 
8.01447 
8.03506 
8.0526 
8.06762 
8.08059 
8.09186 
8.10175 
8.11052 
8.11838 
8.1255 
8.13205 
8.13816 
8.14394 
8.14949 
8.15491 
8.16029 
8.1657 
8.17123 
8.17696 
8.18297 
8.18937 
8.19624 
8.20369 
8.21187 
8.22092 
8.23103 
8.2424 
8.25531 
8.27008 
8.2871 
8.30686 
8.32996 
8.35712 
8.38919 
8.42715 
8.47205 
8.52485 
8.58583 
8.65441 
8.72371 
8.7858 
7.70005 
7.73315 
7.77439 
7.81874 
7.86067 
7.89881 
7.9326 
7.96216 
7.98783 
8.01007 
8.02934 
8.04607 
8.06064 
8.07341 
8.08466 
8.09465 
8.1036 
8.11169 
8.11909 
8.12594 
8.13236 
8.13846 
8.14434 
8.15009 
8.15579 
8.16154 
8.1674 
8.17346 
8.17981 
8.18654 
8.19374 
8.20153 
8.21004 
8.21941 
8.22981 
8.24145 
8.25455 
8.26942 
8.28637 
8.3058 
8.32816 
8.35396 
8.38373 
8.41797 
8.45705 
8.501 
8.54901 
8.59919 
8.64552 
8.68162 
7.77599 
7.79531 
7.82215 
7.85339 
7.88484 
7.91485 
7.94249 
7.96747 
7.98978 
8.00959 
8.02711 
8.04261 
8.05635 
8.06856 
8.07947 
8.08928 
8.09816 
8.10627 
8.11376 
8.12074 
8.12733 
8.13362 
8.13971 
8.14569 
8.15163 
8.15762 
8.16374 
8.17006 
8.17666 
8.18364 
8.1911 
8.19913 
8.20787 
8.21744 
8.228 
8.23972 
8.25282 
8.26753 
8.2841 
8.30282 
8.32401 
8.34795 
8.3749 
8.40498 
8.43808 
8.47369 
8.5105 
8.54626 
8.5764 
8.5969 
7.8367 
7.84769 
7.86486 
7.88658 
7.90985 
7.93312 
7.95539 
7.97614 
7.99517 
8.01246 
8.02807 
8.04214 
8.05481 
8.06625 
8.0766 
8.08602 
8.09465 
8.10262 
8.11004 
8.11701 
8.12364 
8.13001 
8.13622 
8.14233 
8.14842 
8.15457 
8.16086 
8.16735 
8.17414 
8.18129 
8.18891 
8.19709 
8.20594 
8.21559 
8.22616 
8.23781 
8.2507 
8.26501 
8.28093 
8.29865 
8.31834 
8.34011 
8.364 
8.38987 
8.41733 
8.44556 
8.47316 
8.49804 
8.51703 
8.52805 
7.88557 
7.89144 
7.90215 
7.91707 
7.93411 
7.95197 
7.9697 
7.98673 
8.00276 
8.01764 
8.03134 
8.0439 
8.0554 
8.06593 
8.07559 
8.0845 
8.09274 
8.10044 
8.10767 
8.11452 
8.12109 
8.12745 
8.13367 
8.13983 
8.14599 
8.15223 
8.15861 
8.16521 
8.17209 
8.17934 
8.18704 
8.19527 
8.20413 
8.21373 
8.22418 
8.2356 
8.24812 
8.26185 
8.27692 
8.29342 
8.31141 
8.33088 
8.35171 
8.37359 
8.39597 
8.41798 
8.43829 
8.45518 
8.46662 
8.47185 
7.92533 
7.92803 
7.93442 
7.94452 
7.95688 
7.97047 
7.98446 
7.99831 
8.01168 
8.02435 
8.03625 
8.04735 
8.05765 
8.06723 
8.07613 
8.08444 
8.09222 
8.09955 
8.10651 
8.11316 
8.11959 
8.12586 
8.13202 
8.13816 
8.14432 
8.15057 
8.15698 
8.1636 
8.17051 
8.17778 
8.18547 
8.19366 
8.20244 
8.21189 
8.2221 
8.23316 
8.24516 
8.25816 
8.27223 
8.28739 
8.30361 
8.32079 
8.33869 
8.35694 
8.37493 
8.39183 
8.40649 
8.4176 
8.42394 
8.42561 
7.95807 
7.95879 
7.96228 
7.96894 
7.97781 
7.98807 
7.99904 
8.01023 
8.02129 
8.03201 
8.04225 
8.05197 
8.06113 
8.06976 
8.07788 
8.08555 
8.09282 
8.09974 
8.10637 
8.11276 
8.11899 
8.1251 
8.13115 
8.1372 
8.1433 
8.1495 
8.15587 
8.16246 
8.16933 
8.17654 
8.18415 
8.19222 
8.20083 
8.21004 
8.21991 
8.2305 
8.24187 
8.25404 
8.26703 
8.2808 
8.29526 
8.31023 
8.32545 
8.34049 
8.35477 
8.36755 
8.3779 
8.38486 
8.38777 
8.38726 
7.98534 
7.98482 
7.98636 
7.99058 
7.99684 
8.00452 
8.01307 
8.02205 
8.03115 
8.04016 
8.04893 
8.05738 
8.06547 
8.0732 
8.08057 
8.0876 
8.09433 
8.10081 
8.10707 
8.11317 
8.11915 
8.12506 
8.13095 
8.13686 
8.14285 
8.14895 
8.15523 
8.16173 
8.1685 
8.17558 
8.18304 
8.19093 
8.19928 
8.20817 
8.21761 
8.22766 
8.23833 
8.24961 
8.26148 
8.27386 
8.28662 
8.29955 
8.31235 
8.32461 
8.33582 
8.34533 
8.35242 
8.35641 
8.35702 
8.35519 
8.0083 
8.00702 
8.00724 
8.00971 
8.01403 
8.01972 
8.02633 
8.0335 
8.04096 
8.04849 
8.05596 
8.06328 
8.07039 
8.07727 
8.08391 
8.09033 
8.09654 
8.10257 
8.10846 
8.11423 
8.11994 
8.12562 
8.1313 
8.13704 
8.14287 
8.14884 
8.15497 
8.16133 
8.16794 
8.17485 
8.1821 
8.18973 
8.19778 
8.20627 
8.21523 
8.22468 
8.23461 
8.24498 
8.25573 
8.26676 
8.27792 
8.28898 
8.29966 
8.30957 
8.31825 
8.32519 
8.32982 
8.33169 
8.33078 
8.32816 
8.02785 
8.02609 
8.02542 
8.02664 
8.0295 
8.03365 
8.03872 
8.04442 
8.0505 
8.05677 
8.06312 
8.06943 
8.07566 
8.08176 
8.08773 
8.09356 
8.09927 
8.10486 
8.11037 
8.11582 
8.12124 
8.12666 
8.13212 
8.13765 
8.14329 
8.14907 
8.15503 
8.1612 
8.16761 
8.17429 
8.18128 
8.18861 
8.1963 
8.20436 
8.2128 
8.22162 
8.23077 
8.24023 
8.24989 
8.25965 
8.26933 
8.27873 
8.28755 
8.29548 
8.30211 
8.30703 
8.30983 
8.3102 
8.30828 
8.30521 
8.04465 
8.0426 
8.04132 
8.04164 
8.04341 
8.04637 
8.05022 
8.05472 
8.05965 
8.06486 
8.07023 
8.07566 
8.0811 
8.0865 
8.09185 
8.09713 
8.10236 
8.10753 
8.11266 
8.11778 
8.12291 
8.12807 
8.13328 
8.13859 
8.14402 
8.14959 
8.15533 
8.16128 
8.16745 
8.17388 
8.18058 
8.18757 
8.19486 
8.20245 
8.21034 
8.2185 
8.22689 
8.23544 
8.24406 
8.25263 
8.26098 
8.2689 
8.27614 
8.28241 
8.28739 
8.29075 
8.29217 
8.29147 
8.28891 
8.28561 
8.0592 
8.05698 
8.0553 
8.05497 
8.05592 
8.05795 
8.06083 
8.06435 
8.06834 
8.07265 
8.07718 
8.08185 
8.08659 
8.09136 
8.09614 
8.10092 
8.10569 
8.11045 
8.11523 
8.12002 
8.12485 
8.12974 
8.13471 
8.13977 
8.14497 
8.15031 
8.15582 
8.16153 
8.16744 
8.17357 
8.17995 
8.18657 
8.19343 
8.20054 
8.20786 
8.21536 
8.223 
8.23069 
8.23834 
8.24581 
8.25296 
8.25959 
8.26548 
8.27039 
8.27403 
8.27617 
8.27658 
8.27514 
8.27217 
8.26878 
8.07189 
8.06958 
8.06763 
8.06684 
8.06716 
8.06847 
8.07057 
8.0733 
8.07651 
8.08007 
8.08389 
8.08789 
8.09201 
8.09622 
8.10049 
8.10481 
8.10916 
8.11354 
8.11797 
8.12244 
8.12698 
8.1316 
8.13631 
8.14113 
8.14608 
8.15118 
8.15644 
8.16188 
8.16751 
8.17333 
8.17936 
8.18559 
8.19202 
8.19863 
8.20538 
8.21224 
8.21915 
8.22602 
8.23277 
8.23926 
8.24534 
8.25085 
8.2556 
8.25937 
8.26196 
8.26315 
8.2628 
8.26085 
8.25766 
8.25426 
8.08302 
8.08068 
8.07856 
8.07742 
8.07728 
8.07802 
8.07951 
8.08159 
8.08415 
8.08708 
8.09029 
8.09372 
8.0973 
8.10102 
8.10483 
8.10872 
8.11268 
8.11671 
8.12081 
8.12498 
8.12923 
8.13358 
8.13803 
8.1426 
8.1473 
8.15215 
8.15714 
8.1623 
8.16763 
8.17313 
8.17881 
8.18464 
8.19062 
8.19673 
8.20293 
8.20916 
8.21538 
8.22149 
8.22741 
8.23301 
8.23816 
8.24271 
8.24649 
8.24934 
8.25107 
8.25154 
8.25064 
8.24835 
8.24503 
8.24169 
8.09283 
8.09049 
8.08826 
8.08688 
8.08639 
8.08669 
8.08768 
8.08924 
8.09127 
8.09366 
8.09636 
8.09929 
8.10241 
8.10568 
8.10908 
8.11259 
8.11619 
8.11989 
8.12368 
8.12756 
8.13154 
8.13562 
8.13981 
8.14413 
8.14858 
8.15316 
8.15789 
8.16276 
8.16778 
8.17295 
8.17826 
8.1837 
8.18924 
8.19485 
8.20051 
8.20615 
8.21172 
8.21713 
8.22229 
8.2271 
8.23143 
8.23515 
8.23813 
8.24022 
8.24127 
8.24119 
8.23989 
8.23738 
8.23403 
8.23078 
8.10151 
8.09919 
8.09691 
8.09535 
8.09459 
8.09455 
8.09515 
8.09628 
8.09786 
8.09981 
8.10207 
8.10457 
8.10728 
8.11017 
8.1132 
8.11636 
8.11964 
8.12303 
8.12653 
8.13014 
8.13385 
8.13767 
8.14161 
8.14568 
8.14987 
8.15419 
8.15864 
8.16323 
8.16794 
8.17277 
8.17772 
8.18276 
8.18786 
8.19301 
8.19815 
8.20323 
8.20819 
8.21295 
8.21744 
8.22154 
8.22517 
8.22819 
8.23049 
8.23195 
8.23248 
8.23197 
8.23038 
8.22775 
8.22442 
8.22128 
8.10921 
8.10693 
8.10462 
8.10295 
8.10198 
8.10167 
8.10195 
8.10274 
8.10395 
8.10553 
8.10741 
8.10954 
8.1119 
8.11444 
8.11715 
8.12 
8.12299 
8.12609 
8.12932 
8.13266 
8.13612 
8.1397 
8.14339 
8.14721 
8.15114 
8.1552 
8.15938 
8.16368 
8.16808 
8.17259 
8.17717 
8.18182 
8.18651 
8.1912 
8.19585 
8.20041 
8.20481 
8.20899 
8.21287 
8.21636 
8.21936 
8.22179 
8.22353 
8.22449 
8.22459 
8.22376 
8.22198 
8.21929 
8.21602 
8.21301 
8.11605 
8.11382 
8.1115 
8.10975 
8.10863 
8.10812 
8.10815 
8.10865 
8.10956 
8.11082 
8.11238 
8.1142 
8.11625 
8.11849 
8.12091 
8.12348 
8.12619 
8.12904 
8.13202 
8.13511 
8.13833 
8.14167 
8.14512 
8.14869 
8.15238 
8.15618 
8.16009 
8.1641 
8.1682 
8.17238 
8.17662 
8.1809 
8.18518 
8.18944 
8.19363 
8.1977 
8.2016 
8.20525 
8.20859 
8.21154 
8.21401 
8.21593 
8.2172 
8.21776 
8.21753 
8.21647 
8.21456 
8.21185 
8.20867 
8.2058 
8.12213 
8.11995 
8.11766 
8.11586 
8.11463 
8.11395 
8.11378 
8.11404 
8.1147 
8.1157 
8.11699 
8.11854 
8.12032 
8.1223 
8.12445 
8.12677 
8.12924 
8.13185 
8.13459 
8.13746 
8.14045 
8.14355 
8.14678 
8.15011 
8.15356 
8.15711 
8.16075 
8.16448 
8.16829 
8.17215 
8.17606 
8.17998 
8.18388 
8.18774 
8.1915 
8.19513 
8.19856 
8.20174 
8.2046 
8.20708 
8.2091 
8.21059 
8.21148 
8.21171 
8.21123 
8.20999 
8.20801 
8.20532 
8.20225 
8.19951 
8.12754 
8.12541 
8.12315 
8.12133 
8.12002 
8.11922 
8.11888 
8.11896 
8.11941 
8.12018 
8.12124 
8.12256 
8.1241 
8.12585 
8.12778 
8.12987 
8.13212 
8.1345 
8.13703 
8.13968 
8.14245 
8.14534 
8.14834 
8.15145 
8.15466 
8.15797 
8.16136 
8.16482 
8.16834 
8.17191 
8.17549 
8.17907 
8.18262 
8.1861 
8.18947 
8.19269 
8.1957 
8.19846 
8.2009 
8.20297 
8.2046 
8.20573 
8.20631 
8.20627 
8.2056 
8.20425 
8.20223 
8.19959 
8.19663 
8.19404 
8.13233 
8.13027 
8.12805 
8.12622 
8.12486 
8.12397 
8.1235 
8.12343 
8.1237 
8.12429 
8.12516 
8.12627 
8.12761 
8.12915 
8.13087 
8.13276 
8.13481 
8.13699 
8.13932 
8.14176 
8.14433 
8.14702 
8.14981 
8.1527 
8.15569 
8.15876 
8.1619 
8.16511 
8.16836 
8.17164 
8.17492 
8.17818 
8.1814 
8.18453 
8.18754 
8.19039 
8.19303 
8.19541 
8.19749 
8.1992 
8.2005 
8.20133 
8.20165 
8.20141 
8.20059 
8.19916 
8.19714 
8.19456 
8.19173 
8.18927 
8.13658 
8.13459 
8.13242 
8.1306 
8.1292 
8.12824 
8.12768 
8.12748 
8.12761 
8.12804 
8.12874 
8.12968 
8.13084 
8.1322 
8.13374 
8.13544 
8.13731 
8.13931 
8.14145 
8.14371 
8.14609 
8.14858 
8.15117 
8.15386 
8.15663 
8.15948 
8.16239 
8.16535 
8.16834 
8.17135 
8.17435 
8.17732 
8.18022 
8.18303 
8.18572 
8.18823 
8.19054 
8.19259 
8.19435 
8.19575 
8.19677 
8.19735 
8.19746 
8.19706 
8.19613 
8.19466 
8.19266 
8.19017 
8.18746 
8.18513 
8.14033 
8.13841 
8.13629 
8.13449 
8.13309 
8.13207 
8.13143 
8.13114 
8.13115 
8.13145 
8.13201 
8.1328 
8.1338 
8.135 
8.13638 
8.13792 
8.13961 
8.14145 
8.14341 
8.1455 
8.14771 
8.15001 
8.15242 
8.15491 
8.15748 
8.16012 
8.16281 
8.16554 
8.16829 
8.17104 
8.17378 
8.17647 
8.1791 
8.18162 
8.18401 
8.18622 
8.18823 
8.18999 
8.19147 
8.19262 
8.19339 
8.19377 
8.19371 
8.19319 
8.19219 
8.1907 
8.18873 
8.18633 
8.18375 
8.18155 
8.14363 
8.14177 
8.13972 
8.13795 
8.13654 
8.1355 
8.1348 
8.13443 
8.13435 
8.13453 
8.13497 
8.13563 
8.1365 
8.13756 
8.1388 
8.14019 
8.14173 
8.14341 
8.14522 
8.14715 
8.14919 
8.15133 
8.15356 
8.15587 
8.15825 
8.16069 
8.16317 
8.16568 
8.16821 
8.17073 
8.17322 
8.17566 
8.17803 
8.18028 
8.18241 
8.18436 
8.1861 
8.18761 
8.18884 
8.18977 
8.19035 
8.19056 
8.19036 
8.18975 
8.1887 
8.18721 
8.18529 
8.18299 
8.18054 
8.17846 
8.14651 
8.14473 
8.14274 
8.14101 
8.13961 
8.13855 
8.13781 
8.13738 
8.13722 
8.13732 
8.13765 
8.1382 
8.13895 
8.13989 
8.141 
8.14226 
8.14367 
8.14521 
8.14687 
8.14865 
8.15054 
8.15252 
8.15458 
8.15672 
8.15893 
8.16118 
8.16347 
8.16579 
8.1681 
8.17041 
8.17268 
8.17489 
8.17702 
8.17904 
8.18092 
8.18263 
8.18415 
8.18544 
8.18646 
8.1872 
8.18761 
8.18769 
8.18739 
8.18671 
8.18563 
8.18416 
8.1823 
8.1801 
8.17777 
8.17582 
8.14901 
8.1473 
8.14539 
8.1437 
8.14232 
8.14126 
8.14049 
8.14001 
8.13979 
8.13981 
8.14006 
8.14052 
8.14117 
8.142 
8.14299 
8.14413 
8.14542 
8.14683 
8.14837 
8.15001 
8.15176 
8.15359 
8.15551 
8.15749 
8.15953 
8.16161 
8.16373 
8.16585 
8.16798 
8.17008 
8.17215 
8.17415 
8.17607 
8.17787 
8.17954 
8.18105 
8.18237 
8.18346 
8.18431 
8.18489 
8.18517 
8.18513 
8.18475 
8.18403 
8.18294 
8.1815 
8.17971 
8.17761 
8.17541 
8.17357 
8.15116 
8.14953 
8.14769 
8.14605 
8.1447 
8.14364 
8.14286 
8.14234 
8.14207 
8.14204 
8.14221 
8.14259 
8.14315 
8.14389 
8.14478 
8.14582 
8.147 
8.1483 
8.14971 
8.15123 
8.15285 
8.15455 
8.15633 
8.15816 
8.16005 
8.16198 
8.16393 
8.16589 
8.16784 
8.16976 
8.17164 
8.17346 
8.17518 
8.1768 
8.17828 
8.17961 
8.18075 
8.18168 
8.18238 
8.18282 
8.18299 
8.18287 
8.18243 
8.18168 
8.1806 
8.17919 
8.17747 
8.17548 
8.1734 
8.17167 
8.15299 
8.15143 
8.14966 
8.14809 
8.14677 
8.14572 
8.14493 
8.1444 
8.14409 
8.14401 
8.14413 
8.14444 
8.14493 
8.14558 
8.14638 
8.14733 
8.14841 
8.1496 
8.15091 
8.15232 
8.15382 
8.1554 
8.15705 
8.15876 
8.16051 
8.16229 
8.16409 
8.1659 
8.16769 
8.16945 
8.17116 
8.17281 
8.17437 
8.17582 
8.17713 
8.1783 
8.17929 
8.18008 
8.18065 
8.18098 
8.18106 
8.18087 
8.1804 
8.17963 
8.17857 
8.17721 
8.17557 
8.17368 
8.17172 
8.17009 
8.15452 
8.15303 
8.15135 
8.14983 
8.14855 
8.14752 
8.14674 
8.14619 
8.14586 
8.14574 
8.14581 
8.14607 
8.14649 
8.14707 
8.1478 
8.14867 
8.14966 
8.15076 
8.15198 
8.15328 
8.15468 
8.15615 
8.15768 
8.15927 
8.16089 
8.16255 
8.16422 
8.16588 
8.16753 
8.16915 
8.17071 
8.17221 
8.17362 
8.17492 
8.17609 
8.17712 
8.17798 
8.17865 
8.17912 
8.17936 
8.17937 
8.17913 
8.17863 
8.17787 
8.17683 
8.17552 
8.17396 
8.17217 
8.17032 
8.1688 
8.15577 
8.15436 
8.15275 
8.1513 
8.15007 
8.14907 
8.1483 
8.14775 
8.1474 
8.14725 
8.14729 
8.14749 
8.14786 
8.14838 
8.14905 
8.14984 
8.15075 
8.15178 
8.15291 
8.15413 
8.15543 
8.1568 
8.15823 
8.15971 
8.16122 
8.16276 
8.16431 
8.16585 
8.16737 
8.16886 
8.17029 
8.17166 
8.17294 
8.17411 
8.17516 
8.17607 
8.17682 
8.17739 
8.17777 
8.17794 
8.1779 
8.17762 
8.17711 
8.17635 
8.17535 
8.1741 
8.17262 
8.17093 
8.1692 
8.16777 
8.15677 
8.15543 
8.15391 
8.15252 
8.15134 
8.15038 
8.14962 
8.14907 
8.14872 
8.14855 
8.14856 
8.14873 
8.14905 
8.14952 
8.15013 
8.15086 
8.15171 
8.15266 
8.15372 
8.15486 
8.15607 
8.15736 
8.1587 
8.16008 
8.1615 
8.16293 
8.16437 
8.16581 
8.16722 
8.16859 
8.16991 
8.17116 
8.17233 
8.17339 
8.17433 
8.17514 
8.17579 
8.17628 
8.17659 
8.17671 
8.17663 
8.17633 
8.17581 
8.17507 
8.17411 
8.17292 
8.17152 
8.16993 
8.16831 
8.16697 
8.15753 
8.15627 
8.15483 
8.15351 
8.15239 
8.15146 
8.15073 
8.15019 
8.14984 
8.14965 
8.14964 
8.14978 
8.15007 
8.1505 
8.15106 
8.15173 
8.15253 
8.15342 
8.15441 
8.15548 
8.15662 
8.15783 
8.15909 
8.16039 
8.16172 
8.16307 
8.16442 
8.16575 
8.16707 
8.16834 
8.16957 
8.17072 
8.17179 
8.17275 
8.17361 
8.17433 
8.17491 
8.17533 
8.17558 
8.17566 
8.17555 
8.17524 
8.17472 
8.17401 
8.17309 
8.17196 
8.17064 
8.16916 
8.16764 
8.16639 
8.15807 
8.15689 
8.15553 
8.15429 
8.15322 
8.15233 
8.15163 
8.15111 
8.15076 
8.15057 
8.15054 
8.15066 
8.15092 
8.15132 
8.15184 
8.15247 
8.15321 
8.15406 
8.15499 
8.156 
8.15708 
8.15823 
8.15942 
8.16065 
8.1619 
8.16317 
8.16444 
8.1657 
8.16693 
8.16812 
8.16926 
8.17033 
8.17131 
8.1722 
8.17298 
8.17363 
8.17415 
8.17452 
8.17473 
8.17477 
8.17464 
8.17433 
8.17383 
8.17314 
8.17226 
8.1712 
8.16997 
8.16858 
8.16716 
8.166 
8.15841 
8.1573 
8.15603 
8.15487 
8.15386 
8.15302 
8.15235 
8.15185 
8.15151 
8.15132 
8.15128 
8.15138 
8.15162 
8.15199 
8.15248 
8.15307 
8.15378 
8.15458 
8.15546 
8.15643 
8.15746 
8.15855 
8.15968 
8.16085 
8.16205 
8.16325 
8.16445 
8.16564 
8.16681 
8.16793 
8.169 
8.17 
8.17091 
8.17174 
8.17245 
8.17305 
8.17352 
8.17384 
8.17402 
8.17404 
8.1739 
8.17359 
8.17311 
8.17245 
8.17163 
8.17063 
8.16948 
8.16819 
8.16687 
8.16579 
8.15856 
8.15753 
8.15635 
8.15526 
8.15431 
8.15352 
8.15289 
8.15241 
8.15209 
8.1519 
8.15186 
8.15195 
8.15218 
8.15252 
8.15298 
8.15355 
8.15422 
8.15499 
8.15584 
8.15676 
8.15775 
8.1588 
8.15989 
8.16101 
8.16215 
8.16331 
8.16446 
8.16559 
8.1667 
8.16777 
8.16878 
8.16972 
8.17059 
8.17136 
8.17202 
8.17258 
8.17301 
8.1733 
8.17345 
8.17346 
8.17331 
8.17301 
8.17255 
8.17193 
8.17116 
8.17023 
8.16915 
8.16796 
8.16674 
8.16574 
8.15854 
8.15759 
8.1565 
8.15549 
8.15461 
8.15387 
8.15327 
8.15282 
8.15251 
8.15234 
8.15229 
8.15238 
8.15259 
8.15292 
8.15336 
8.15391 
8.15456 
8.1553 
8.15612 
8.15701 
8.15797 
8.15898 
8.16004 
8.16112 
8.16223 
8.16335 
8.16446 
8.16555 
8.16661 
8.16764 
8.1686 
8.16951 
8.17033 
8.17106 
8.17169 
8.17221 
8.17261 
8.17288 
8.17302 
8.17301 
8.17287 
8.17258 
8.17214 
8.17156 
8.17084 
8.16997 
8.16898 
8.16788 
8.16675 
8.16584 
8.15836 
8.1575 
8.1565 
8.15557 
8.15475 
8.15406 
8.15351 
8.15308 
8.15279 
8.15263 
8.15259 
8.15267 
8.15288 
8.1532 
8.15363 
8.15416 
8.15479 
8.15551 
8.15631 
8.15718 
8.15812 
8.15911 
8.16014 
8.1612 
8.16228 
8.16337 
8.16445 
8.16552 
8.16655 
8.16754 
8.16848 
8.16935 
8.17014 
8.17084 
8.17145 
8.17194 
8.17232 
8.17258 
8.17271 
8.1727 
8.17256 
8.17229 
8.17188 
8.17133 
8.17066 
8.16986 
8.16894 
8.16793 
8.1669 
8.16606 
8.15805 
8.15727 
8.15636 
8.15551 
8.15476 
8.15412 
8.1536 
8.15321 
8.15293 
8.15278 
8.15275 
8.15283 
8.15304 
8.15335 
8.15377 
8.15429 
8.15491 
8.15562 
8.15641 
8.15727 
8.1582 
8.15918 
8.16019 
8.16124 
8.16231 
8.16338 
8.16445 
8.1655 
8.16651 
8.16749 
8.16841 
8.16926 
8.17003 
8.17071 
8.1713 
8.17178 
8.17215 
8.17239 
8.17252 
8.17251 
8.17238 
8.17212 
8.17174 
8.17123 
8.1706 
8.16986 
8.16902 
8.1681 
8.16716 
8.1664 
8.15761 
8.15691 
8.1561 
8.15533 
8.15464 
8.15405 
8.15358 
8.15321 
8.15295 
8.15281 
8.15278 
8.15287 
8.15307 
8.15338 
8.1538 
8.15432 
8.15494 
8.15565 
8.15643 
8.15729 
8.15821 
8.15919 
8.1602 
8.16125 
8.16231 
8.16338 
8.16445 
8.16549 
8.1665 
8.16747 
8.16838 
8.16923 
8.16999 
8.17067 
8.17125 
8.17172 
8.17208 
8.17232 
8.17245 
8.17245 
8.17232 
8.17208 
8.17172 
8.17124 
8.17066 
8.16998 
8.16921 
8.16837 
8.16752 
8.16684 
8.15707 
8.15646 
8.15574 
8.15504 
8.15442 
8.15388 
8.15344 
8.15309 
8.15285 
8.15272 
8.1527 
8.15279 
8.15299 
8.1533 
8.15372 
8.15425 
8.15487 
8.15558 
8.15637 
8.15723 
8.15816 
8.15915 
8.16017 
8.16123 
8.1623 
8.16338 
8.16446 
8.16551 
8.16653 
8.1675 
8.16842 
8.16927 
8.17003 
8.17071 
8.17129 
8.17176 
8.17212 
8.17237 
8.17249 
8.1725 
8.17238 
8.17215 
8.17181 
8.17136 
8.17082 
8.17019 
8.16948 
8.16872 
8.16796 
8.16735 
8.15646 
8.15593 
8.15529 
8.15467 
8.15411 
8.15361 
8.15319 
8.15287 
8.15264 
8.15252 
8.1525 
8.15259 
8.1528 
8.15311 
8.15354 
8.15407 
8.1547 
8.15542 
8.15622 
8.1571 
8.15805 
8.15906 
8.1601 
8.16118 
8.16228 
8.16338 
8.16447 
8.16555 
8.16659 
8.16758 
8.16851 
8.16938 
8.17016 
8.17084 
8.17143 
8.17191 
8.17228 
8.17252 
8.17265 
8.17266 
8.17255 
8.17233 
8.172 
8.17158 
8.17106 
8.17048 
8.16983 
8.16914 
8.16846 
8.16792 
8.15579 
8.15534 
8.15479 
8.15424 
8.15372 
8.15325 
8.15286 
8.15255 
8.15232 
8.1522 
8.15218 
8.15228 
8.15249 
8.15281 
8.15324 
8.15378 
8.15443 
8.15517 
8.156 
8.1569 
8.15788 
8.15891 
8.15999 
8.16111 
8.16224 
8.16338 
8.16451 
8.16561 
8.16669 
8.16771 
8.16867 
8.16956 
8.17036 
8.17107 
8.17167 
8.17216 
8.17254 
8.17279 
8.17293 
8.17294 
8.17283 
8.17261 
8.17229 
8.17188 
8.17139 
8.17083 
8.17022 
8.1696 
8.16899 
8.16853 
8.1551 
8.15473 
8.15425 
8.15376 
8.15327 
8.15283 
8.15244 
8.15213 
8.15191 
8.15178 
8.15176 
8.15185 
8.15206 
8.15239 
8.15284 
8.15339 
8.15406 
8.15483 
8.15569 
8.15663 
8.15765 
8.15872 
8.15985 
8.16101 
8.16219 
8.16337 
8.16455 
8.16571 
8.16683 
8.1679 
8.1689 
8.16982 
8.17066 
8.17139 
8.17202 
8.17253 
8.17292 
8.17318 
8.17332 
8.17333 
8.17322 
8.173 
8.17267 
8.17226 
8.17177 
8.17123 
8.17065 
8.17007 
8.16953 
8.16913 
8.15442 
8.15412 
8.15371 
8.15325 
8.15279 
8.15235 
8.15196 
8.15163 
8.15139 
8.15126 
8.15123 
8.15132 
8.15153 
8.15186 
8.15232 
8.1529 
8.15359 
8.1544 
8.1553 
8.15629 
8.15735 
8.15848 
8.15967 
8.16089 
8.16213 
8.16338 
8.16462 
8.16584 
8.16702 
8.16814 
8.1692 
8.17017 
8.17105 
8.17182 
8.17248 
8.17301 
8.17342 
8.17369 
8.17383 
8.17383 
8.17371 
8.17348 
8.17314 
8.17271 
8.17221 
8.17166 
8.1711 
8.17054 
8.17005 
8.1697 
8.15381 
8.15356 
8.15319 
8.15275 
8.15229 
8.15183 
8.15141 
8.15106 
8.1508 
8.15064 
8.15059 
8.15067 
8.15089 
8.15123 
8.15171 
8.15231 
8.15304 
8.15388 
8.15483 
8.15588 
8.15701 
8.1582 
8.15946 
8.16075 
8.16207 
8.1634 
8.16471 
8.16601 
8.16726 
8.16845 
8.16957 
8.1706 
8.17154 
8.17235 
8.17305 
8.17361 
8.17403 
8.17431 
8.17445 
8.17445 
8.17431 
8.17405 
8.17368 
8.17321 
8.17268 
8.17211 
8.17153 
8.17098 
8.1705 
8.17018 
8.15331 
8.1531 
8.15274 
8.1523 
8.15181 
8.15131 
8.15086 
8.15047 
8.15017 
8.14998 
8.14991 
8.14999 
8.1502 
8.15055 
8.15105 
8.15169 
8.15245 
8.15335 
8.15435 
8.15546 
8.15666 
8.15794 
8.15927 
8.16065 
8.16205 
8.16346 
8.16486 
8.16624 
8.16757 
8.16884 
8.17003 
8.17112 
8.17211 
8.17298 
8.17371 
8.1743 
8.17474 
8.17503 
8.17516 
8.17514 
8.17498 
8.17468 
8.17426 
8.17375 
8.17316 
8.17253 
8.17191 
8.17133 
8.17085 
8.17054 
8.153 
8.1528 
8.15244 
8.15197 
8.15144 
8.1509 
8.1504 
8.14997 
8.14964 
8.14942 
8.14934 
8.1494 
8.14962 
8.14998 
8.1505 
8.15117 
8.15197 
8.15291 
8.15397 
8.15513 
8.1564 
8.15774 
8.15914 
8.16059 
8.16206 
8.16355 
8.16502 
8.16647 
8.16787 
8.16921 
8.17046 
8.17161 
8.17265 
8.17355 
8.17432 
8.17494 
8.17539 
8.17568 
8.17581 
8.17577 
8.17558 
8.17524 
8.17477 
8.1742 
8.17356 
8.17287 
8.17219 
8.17157 
8.17106 
8.17074 
