7.65399 
7.82504 
7.96523 
8.08074 
8.16851 
8.23557 
8.28687 
8.32653 
8.35752 
8.38203 
8.40163 
8.41752 
8.43055 
8.44137 
8.45048 
8.45825 
8.46499 
8.47092 
8.47623 
8.48108 
8.48559 
8.48987 
8.49401 
8.49809 
8.50219 
8.50639 
8.51074 
8.51533 
8.52022 
8.52549 
8.53123 
8.53755 
8.54455 
8.55239 
8.56124 
8.57132 
8.5829 
8.59635 
8.61212 
8.63084 
8.65333 
8.68071 
8.71453 
8.7569 
8.8108 
8.88036 
8.97087 
9.0901 
9.23742 
9.42172 
7.68714 
7.84418 
7.97079 
8.07696 
8.15918 
8.22348 
8.27383 
8.31362 
8.34534 
8.37087 
8.39163 
8.40868 
8.42282 
8.43469 
8.44477 
8.45343 
8.46097 
8.46764 
8.47362 
8.47907 
8.48413 
8.48891 
8.49352 
8.49803 
8.50253 
8.5071 
8.51181 
8.51674 
8.52196 
8.52755 
8.53362 
8.54026 
8.5476 
8.55579 
8.56501 
8.57549 
8.58751 
8.60142 
8.61769 
8.63693 
8.65992 
8.68774 
8.7218 
8.76401 
8.81697 
8.88422 
8.97014 
9.0815 
9.21697 
9.38831 
7.82391 
7.91882 
8.01045 
8.09421 
8.16358 
8.22059 
8.26703 
8.30495 
8.33602 
8.36162 
8.38286 
8.40061 
8.41557 
8.42829 
8.43921 
8.44869 
8.45701 
8.4644 
8.47107 
8.47716 
8.48282 
8.48817 
8.4933 
8.49831 
8.50328 
8.5083 
8.51344 
8.51879 
8.52442 
8.53042 
8.5369 
8.54395 
8.55172 
8.56035 
8.57002 
8.58097 
8.59347 
8.60787 
8.62461 
8.64426 
8.66752 
8.69532 
8.72883 
8.76954 
8.81929 
8.88031 
8.95469 
9.0447 
9.14443 
9.24857 
7.94005 
7.99674 
8.05931 
8.12133 
8.17625 
8.22373 
8.26407 
8.29815 
8.3269 
8.35119 
8.37178 
8.38932 
8.40434 
8.41731 
8.42858 
8.43848 
8.44725 
8.45512 
8.46225 
8.46881 
8.47493 
8.48072 
8.48628 
8.49172 
8.49711 
8.50253 
8.50808 
8.51382 
8.51985 
8.52625 
8.53313 
8.5406 
8.54879 
8.55785 
8.56796 
8.57935 
8.59226 
8.60704 
8.62407 
8.64383 
8.66694 
8.69411 
8.72619 
8.76417 
8.80909 
8.86191 
8.92294 
8.9916 
9.06108 
9.12346 
8.03608 
8.06937 
8.11078 
8.15523 
8.19724 
8.23542 
8.26925 
8.29883 
8.32452 
8.34677 
8.36605 
8.38279 
8.39737 
8.41014 
8.4214 
8.43139 
8.44035 
8.44845 
8.45586 
8.46272 
8.46915 
8.47526 
8.48115 
8.48692 
8.49264 
8.49839 
8.50427 
8.51034 
8.51671 
8.52344 
8.53066 
8.53846 
8.54698 
8.55635 
8.56676 
8.57841 
8.59152 
8.60639 
8.62335 
8.64278 
8.66515 
8.69095 
8.72072 
8.75497 
8.79406 
8.838 
8.88603 
8.93623 
8.98262 
9.01881 
8.11234 
8.13171 
8.15864 
8.18992 
8.22141 
8.25146 
8.27913 
8.30413 
8.32646 
8.34629 
8.36383 
8.37934 
8.39309 
8.40531 
8.41623 
8.42605 
8.43494 
8.44307 
8.45056 
8.45756 
8.46416 
8.47046 
8.47657 
8.48256 
8.48851 
8.49452 
8.50064 
8.50697 
8.51359 
8.52058 
8.52805 
8.53609 
8.54484 
8.55441 
8.56498 
8.57671 
8.58982 
8.60452 
8.6211 
8.63983 
8.66101 
8.68495 
8.7119 
8.74197 
8.77506 
8.81066 
8.84745 
8.8832 
8.91333 
8.93379 
8.17325 
8.18421 
8.20142 
8.22314 
8.24644 
8.26973 
8.29201 
8.31279 
8.33185 
8.34915 
8.36478 
8.37887 
8.39156 
8.403 
8.41337 
8.42281 
8.43145 
8.43943 
8.44686 
8.45385 
8.46049 
8.46688 
8.4731 
8.47922 
8.48532 
8.49149 
8.49779 
8.50429 
8.51109 
8.51826 
8.52588 
8.53407 
8.54293 
8.55259 
8.56316 
8.57482 
8.58771 
8.60202 
8.61794 
8.63566 
8.65534 
8.6771 
8.70098 
8.72684 
8.75428 
8.78249 
8.81007 
8.83492 
8.85386 
8.86479 
8.22221 
8.22804 
8.23876 
8.25367 
8.27071 
8.28858 
8.30633 
8.32338 
8.33942 
8.35432 
8.36805 
8.38063 
8.39214 
8.40269 
8.41237 
8.42129 
8.42955 
8.43726 
8.44451 
8.45138 
8.45796 
8.46434 
8.47057 
8.47674 
8.48292 
8.48917 
8.49556 
8.50217 
8.50906 
8.51632 
8.52403 
8.53227 
8.54114 
8.55075 
8.5612 
8.57262 
8.58514 
8.59887 
8.61393 
8.63043 
8.64841 
8.66787 
8.68868 
8.71054 
8.73291 
8.75489 
8.77517 
8.79202 
8.8034 
8.80851 
8.26202 
8.26468 
8.27107 
8.28114 
8.29349 
8.30709 
8.32109 
8.33496 
8.34834 
8.36104 
8.37295 
8.38407 
8.39439 
8.40399 
8.41291 
8.42123 
8.42903 
8.43638 
8.44335 
8.45003 
8.45647 
8.46275 
8.46893 
8.47508 
8.48126 
8.48752 
8.49394 
8.50058 
8.5075 
8.51477 
8.52247 
8.53067 
8.53946 
8.54891 
8.55913 
8.57019 
8.58218 
8.59518 
8.60924 
8.62439 
8.6406 
8.65777 
8.67565 
8.69388 
8.71185 
8.72873 
8.74335 
8.75443 
8.7607 
8.76225 
8.29477 
8.29547 
8.29895 
8.30559 
8.31444 
8.3247 
8.33568 
8.34688 
8.35795 
8.36868 
8.37895 
8.38868 
8.39787 
8.40652 
8.41466 
8.42235 
8.42963 
8.43657 
8.44322 
8.44963 
8.45588 
8.462 
8.46807 
8.47413 
8.48025 
8.48647 
8.49285 
8.49945 
8.50633 
8.51354 
8.52116 
8.52924 
8.53785 
8.54706 
8.55694 
8.56753 
8.57889 
8.59106 
8.60404 
8.6178 
8.63224 
8.6472 
8.6624 
8.67742 
8.69169 
8.70444 
8.71477 
8.72169 
8.72453 
8.7239 
8.32204 
8.32151 
8.32305 
8.32724 
8.33348 
8.34116 
8.34971 
8.3587 
8.36781 
8.37683 
8.38562 
8.39409 
8.4022 
8.40995 
8.41733 
8.42438 
8.43114 
8.43763 
8.44392 
8.45004 
8.45604 
8.46196 
8.46787 
8.4738 
8.4798 
8.48592 
8.49221 
8.49872 
8.50549 
8.51259 
8.52006 
8.52794 
8.53631 
8.54519 
8.55464 
8.56468 
8.57535 
8.58662 
8.59849 
8.61086 
8.6236 
8.63651 
8.6493 
8.66155 
8.67274 
8.68222 
8.68929 
8.69325 
8.6938 
8.69184 
8.34499 
8.34371 
8.34393 
8.34638 
8.35068 
8.35636 
8.36297 
8.37015 
8.37761 
8.38516 
8.39264 
8.39998 
8.40711 
8.41401 
8.42067 
8.42711 
8.43334 
8.4394 
8.4453 
8.4511 
8.45682 
8.46251 
8.46822 
8.47397 
8.47982 
8.4858 
8.49195 
8.49832 
8.50494 
8.51186 
8.51911 
8.52675 
8.5348 
8.54329 
8.55226 
8.5617 
8.57162 
8.58198 
8.59273 
8.60375 
8.6149 
8.62594 
8.6366 
8.64649 
8.65516 
8.66208 
8.6667 
8.66855 
8.66757 
8.66483 
8.36453 
8.36277 
8.36212 
8.36332 
8.36616 
8.3703 
8.37537 
8.38107 
8.38715 
8.39344 
8.39979 
8.40612 
8.41237 
8.41849 
8.42448 
8.43033 
8.43606 
8.44167 
8.4472 
8.45267 
8.45811 
8.46355 
8.46903 
8.47458 
8.48023 
8.48603 
8.492 
8.49818 
8.5046 
8.51129 
8.51829 
8.52562 
8.53331 
8.54138 
8.54982 
8.55863 
8.56778 
8.57722 
8.58688 
8.59663 
8.6063 
8.61568 
8.62449 
8.63241 
8.63903 
8.64394 
8.64673 
8.64707 
8.64509 
8.6419 
8.3813 
8.37927 
8.37802 
8.37832 
8.38008 
8.38302 
8.38687 
8.39136 
8.3963 
8.40152 
8.4069 
8.41235 
8.4178 
8.42322 
8.42859 
8.4339 
8.43914 
8.44433 
8.44948 
8.45462 
8.45977 
8.46495 
8.47018 
8.47551 
8.48095 
8.48653 
8.49229 
8.49825 
8.50443 
8.51087 
8.51757 
8.52457 
8.53186 
8.53946 
8.54734 
8.5555 
8.56388 
8.57243 
8.58105 
8.58961 
8.59794 
8.60585 
8.61308 
8.61934 
8.62432 
8.62766 
8.62908 
8.62836 
8.62574 
8.62232 
8.39583 
8.39364 
8.392 
8.39165 
8.39258 
8.3946 
8.39747 
8.40099 
8.40499 
8.40931 
8.41385 
8.41853 
8.42328 
8.42807 
8.43287 
8.43767 
8.44246 
8.44724 
8.45204 
8.45685 
8.4617 
8.46661 
8.47159 
8.47668 
8.48189 
8.48725 
8.49277 
8.49848 
8.50441 
8.51055 
8.51693 
8.52356 
8.53043 
8.53753 
8.54485 
8.55235 
8.55998 
8.56767 
8.57531 
8.58278 
8.58992 
8.59654 
8.60243 
8.60732 
8.61096 
8.61309 
8.6135 
8.61204 
8.60902 
8.60551 
8.40849 
8.40624 
8.40433 
8.40351 
8.40383 
8.40512 
8.40722 
8.40995 
8.41316 
8.41672 
8.42055 
8.42456 
8.4287 
8.43293 
8.43721 
8.44155 
8.44592 
8.45032 
8.45477 
8.45926 
8.46382 
8.46846 
8.47318 
8.47802 
8.48299 
8.4881 
8.49338 
8.49883 
8.50446 
8.5103 
8.51633 
8.52257 
8.529 
8.53561 
8.54236 
8.54922 
8.55612 
8.56299 
8.56973 
8.57621 
8.58229 
8.5878 
8.59254 
8.59631 
8.59889 
8.60008 
8.59973 
8.59777 
8.59452 
8.59101 
8.41961 
8.41732 
8.41524 
8.41409 
8.41394 
8.41468 
8.41616 
8.41824 
8.4208 
8.42373 
8.42695 
8.43038 
8.43398 
8.43771 
8.44154 
8.44545 
8.44943 
8.45348 
8.45759 
8.46178 
8.46606 
8.47042 
8.47489 
8.47948 
8.48419 
8.48905 
8.49406 
8.49924 
8.50458 
8.51008 
8.51576 
8.5216 
8.52759 
8.5337 
8.53989 
8.54613 
8.55234 
8.55845 
8.56436 
8.56996 
8.57511 
8.57965 
8.58343 
8.58628 
8.58801 
8.58848 
8.58758 
8.58528 
8.58191 
8.57845 
8.4294 
8.42712 
8.42494 
8.42355 
8.42305 
8.42334 
8.42433 
8.42588 
8.42791 
8.43031 
8.43301 
8.43595 
8.43908 
8.44237 
8.44578 
8.44931 
8.45293 
8.45665 
8.46045 
8.46435 
8.46835 
8.47245 
8.47666 
8.48099 
8.48545 
8.49005 
8.49479 
8.49968 
8.50471 
8.50989 
8.5152 
8.52064 
8.52619 
8.53181 
8.53746 
8.54311 
8.54867 
8.55408 
8.55924 
8.56404 
8.56837 
8.5721 
8.57507 
8.57716 
8.57822 
8.57813 
8.57683 
8.57432 
8.57091 
8.56755 
8.43806 
8.43581 
8.43358 
8.43202 
8.43124 
8.4312 
8.43179 
8.43292 
8.4345 
8.43645 
8.43871 
8.44123 
8.44395 
8.44685 
8.44989 
8.45307 
8.45637 
8.45978 
8.46329 
8.46692 
8.47065 
8.47449 
8.47845 
8.48253 
8.48673 
8.49107 
8.49553 
8.50013 
8.50485 
8.50969 
8.51465 
8.51969 
8.5248 
8.52995 
8.53509 
8.54017 
8.54513 
8.5499 
8.55438 
8.55849 
8.56211 
8.56513 
8.56743 
8.5689 
8.56943 
8.56892 
8.56734 
8.5647 
8.56131 
8.55807 
8.44575 
8.44354 
8.44128 
8.4396 
8.43863 
8.43832 
8.43859 
8.43937 
8.44058 
8.44216 
8.44405 
8.44619 
8.44856 
8.45112 
8.45384 
8.4567 
8.4597 
8.46283 
8.46607 
8.46943 
8.47291 
8.4765 
8.48021 
8.48404 
8.48799 
8.49206 
8.49626 
8.50056 
8.50498 
8.50949 
8.51409 
8.51874 
8.52344 
8.52813 
8.53278 
8.53734 
8.54174 
8.54593 
8.54981 
8.5533 
8.5563 
8.55873 
8.56047 
8.56144 
8.56154 
8.56072 
8.55895 
8.55625 
8.55292 
8.54981 
8.45257 
8.45042 
8.44816 
8.44641 
8.44528 
8.44476 
8.44478 
8.44528 
8.44619 
8.44745 
8.44902 
8.45085 
8.4529 
8.45516 
8.45759 
8.46017 
8.4629 
8.46576 
8.46875 
8.47187 
8.4751 
8.47845 
8.48192 
8.48551 
8.48921 
8.49303 
8.49695 
8.50097 
8.50508 
8.50927 
8.51352 
8.5178 
8.52209 
8.52636 
8.53055 
8.53463 
8.53852 
8.54218 
8.54552 
8.54847 
8.55095 
8.55287 
8.55415 
8.55471 
8.55449 
8.55344 
8.55153 
8.54882 
8.54558 
8.5426 
8.45864 
8.45654 
8.45431 
8.4525 
8.45127 
8.45059 
8.45041 
8.45067 
8.45133 
8.45233 
8.45362 
8.45518 
8.45697 
8.45895 
8.46112 
8.46346 
8.46594 
8.46856 
8.47132 
8.4742 
8.4772 
8.48033 
8.48357 
8.48692 
8.49038 
8.49394 
8.4976 
8.50134 
8.50516 
8.50903 
8.51294 
8.51687 
8.52078 
8.52464 
8.52841 
8.53204 
8.53548 
8.53866 
8.54153 
8.54401 
8.54603 
8.54753 
8.54842 
8.54866 
8.54818 
8.54696 
8.54498 
8.54229 
8.53916 
8.53632 
8.46403 
8.462 
8.45979 
8.45797 
8.45666 
8.45585 
8.45551 
8.45558 
8.45603 
8.45681 
8.45787 
8.4592 
8.46075 
8.4625 
8.46444 
8.46655 
8.4688 
8.47121 
8.47374 
8.47641 
8.4792 
8.4821 
8.48512 
8.48824 
8.49147 
8.49479 
8.49819 
8.50166 
8.5052 
8.50877 
8.51236 
8.51595 
8.51951 
8.52299 
8.52637 
8.52959 
8.53261 
8.53538 
8.53783 
8.5399 
8.54153 
8.54267 
8.54325 
8.54323 
8.54256 
8.54122 
8.53921 
8.53657 
8.53355 
8.53085 
8.46881 
8.46685 
8.46469 
8.46286 
8.46149 
8.4606 
8.46013 
8.46005 
8.46032 
8.46091 
8.46178 
8.4629 
8.46425 
8.4658 
8.46753 
8.46943 
8.47149 
8.47369 
8.47602 
8.47849 
8.48107 
8.48377 
8.48657 
8.48948 
8.49248 
8.49557 
8.49872 
8.50194 
8.5052 
8.50849 
8.51178 
8.51505 
8.51827 
8.52141 
8.52443 
8.52729 
8.52993 
8.53232 
8.5344 
8.53612 
8.53743 
8.53827 
8.53859 
8.53836 
8.53755 
8.53613 
8.53411 
8.53154 
8.52865 
8.52608 
8.47305 
8.47115 
8.46905 
8.46722 
8.46583 
8.46486 
8.4643 
8.46409 
8.46423 
8.46466 
8.46536 
8.46631 
8.46747 
8.46884 
8.47039 
8.47211 
8.47398 
8.47599 
8.47814 
8.48042 
8.48281 
8.48532 
8.48792 
8.49062 
8.49341 
8.49627 
8.49919 
8.50217 
8.50517 
8.50819 
8.5112 
8.51417 
8.51709 
8.51991 
8.5226 
8.52512 
8.52744 
8.5295 
8.53126 
8.53267 
8.5337 
8.53429 
8.53441 
8.53402 
8.5331 
8.53164 
8.52964 
8.52715 
8.52438 
8.52195 
8.4768 
8.47496 
8.47292 
8.47112 
8.46971 
8.46869 
8.46805 
8.46775 
8.46776 
8.46806 
8.46862 
8.46942 
8.47043 
8.47164 
8.47302 
8.47458 
8.47628 
8.47813 
8.48011 
8.48221 
8.48442 
8.48674 
8.48916 
8.49167 
8.49425 
8.4969 
8.4996 
8.50235 
8.50511 
8.50787 
8.51062 
8.51332 
8.51596 
8.51849 
8.52088 
8.52311 
8.52513 
8.5269 
8.52838 
8.52953 
8.53032 
8.53071 
8.53066 
8.53015 
8.52916 
8.52767 
8.52571 
8.52331 
8.52067 
8.51837 
8.48009 
8.47833 
8.47634 
8.47457 
8.47316 
8.47211 
8.47141 
8.47104 
8.47095 
8.47115 
8.47158 
8.47225 
8.47313 
8.47419 
8.47544 
8.47684 
8.47839 
8.48009 
8.48191 
8.48385 
8.4859 
8.48805 
8.49029 
8.49261 
8.49501 
8.49746 
8.49996 
8.50248 
8.50502 
8.50755 
8.51005 
8.51251 
8.51488 
8.51715 
8.51928 
8.52124 
8.52299 
8.52451 
8.52575 
8.52669 
8.52728 
8.52749 
8.52731 
8.52671 
8.52567 
8.52419 
8.52228 
8.51997 
8.51747 
8.51529 
8.48296 
8.48127 
8.47936 
8.47763 
8.47623 
8.47516 
8.47442 
8.47398 
8.47382 
8.47392 
8.47426 
8.47482 
8.47558 
8.47652 
8.47763 
8.4789 
8.48032 
8.48187 
8.48355 
8.48534 
8.48724 
8.48923 
8.49131 
8.49346 
8.49568 
8.49795 
8.50025 
8.50258 
8.50491 
8.50722 
8.5095 
8.51172 
8.51386 
8.51589 
8.51778 
8.51951 
8.52103 
8.52233 
8.52337 
8.52411 
8.52454 
8.52462 
8.52434 
8.52367 
8.5226 
8.52114 
8.51929 
8.51709 
8.5147 
8.51265 
8.48546 
8.48384 
8.48199 
8.48031 
8.47893 
8.47786 
8.47709 
8.47661 
8.47639 
8.47642 
8.47667 
8.47713 
8.47779 
8.47862 
8.47962 
8.48077 
8.48207 
8.48349 
8.48504 
8.4867 
8.48845 
8.4903 
8.49223 
8.49422 
8.49627 
8.49837 
8.5005 
8.50264 
8.50477 
8.50689 
8.50897 
8.51098 
8.51291 
8.51473 
8.51641 
8.51792 
8.51925 
8.52036 
8.52122 
8.5218 
8.52209 
8.52207 
8.5217 
8.52099 
8.51992 
8.51848 
8.5167 
8.5146 
8.51234 
8.5104 
8.48761 
8.48607 
8.48429 
8.48266 
8.4813 
8.48024 
8.47946 
8.47894 
8.47867 
8.47864 
8.47882 
8.4792 
8.47977 
8.48051 
8.48141 
8.48246 
8.48364 
8.48495 
8.48638 
8.48791 
8.48954 
8.49125 
8.49304 
8.49489 
8.49679 
8.49873 
8.50069 
8.50266 
8.50463 
8.50656 
8.50846 
8.51028 
8.51202 
8.51365 
8.51514 
8.51648 
8.51763 
8.51857 
8.51928 
8.51974 
8.51992 
8.51981 
8.51938 
8.51864 
8.51757 
8.51618 
8.51447 
8.51247 
8.51034 
8.50851 
8.48944 
8.48797 
8.48626 
8.48469 
8.48337 
8.48232 
8.48153 
8.481 
8.48069 
8.48061 
8.48073 
8.48105 
8.48154 
8.4822 
8.48301 
8.48396 
8.48505 
8.48626 
8.48758 
8.489 
8.49051 
8.4921 
8.49376 
8.49548 
8.49724 
8.49904 
8.50085 
8.50267 
8.50447 
8.50625 
8.50797 
8.50963 
8.5112 
8.51266 
8.51399 
8.51517 
8.51617 
8.51697 
8.51755 
8.5179 
8.51799 
8.51781 
8.51735 
8.5166 
8.51555 
8.5142 
8.51256 
8.51067 
8.50866 
8.50694 
8.49097 
8.48957 
8.48794 
8.48643 
8.48515 
8.48412 
8.48334 
8.48279 
8.48246 
8.48234 
8.48242 
8.48267 
8.4831 
8.48369 
8.48442 
8.4853 
8.4863 
8.48741 
8.48864 
8.48996 
8.49136 
8.49284 
8.49439 
8.49598 
8.49762 
8.49929 
8.50097 
8.50265 
8.50431 
8.50594 
8.50752 
8.50903 
8.51045 
8.51176 
8.51295 
8.51399 
8.51486 
8.51554 
8.51602 
8.51628 
8.5163 
8.51608 
8.51559 
8.51483 
8.51381 
8.51251 
8.51096 
8.50917 
8.50727 
8.50566 
8.49223 
8.4909 
8.48935 
8.4879 
8.48667 
8.48567 
8.48489 
8.48434 
8.484 
8.48385 
8.48389 
8.4841 
8.48447 
8.485 
8.48567 
8.48647 
8.48739 
8.48843 
8.48957 
8.49079 
8.49211 
8.49349 
8.49493 
8.49642 
8.49795 
8.4995 
8.50106 
8.50261 
8.50415 
8.50565 
8.5071 
8.50847 
8.50977 
8.51095 
8.51201 
8.51293 
8.5137 
8.51428 
8.51468 
8.51486 
8.51483 
8.51457 
8.51407 
8.51332 
8.51233 
8.51109 
8.50962 
8.50794 
8.50615 
8.50463 
8.49323 
8.49197 
8.4905 
8.48912 
8.48794 
8.48697 
8.48622 
8.48567 
8.48532 
8.48515 
8.48516 
8.48533 
8.48566 
8.48614 
8.48675 
8.48749 
8.48835 
8.48931 
8.49037 
8.49152 
8.49275 
8.49404 
8.4954 
8.49679 
8.49822 
8.49967 
8.50112 
8.50257 
8.50399 
8.50538 
8.50671 
8.50798 
8.50915 
8.51023 
8.51119 
8.51201 
8.51268 
8.51318 
8.5135 
8.51364 
8.51356 
8.51328 
8.51278 
8.51205 
8.5111 
8.50992 
8.50853 
8.50694 
8.50527 
8.50385 
8.494 
8.49281 
8.49142 
8.49011 
8.48898 
8.48805 
8.48732 
8.48679 
8.48643 
8.48625 
8.48624 
8.48639 
8.48668 
8.48711 
8.48768 
8.48836 
8.48916 
8.49006 
8.49106 
8.49214 
8.4933 
8.49452 
8.49579 
8.4971 
8.49844 
8.4998 
8.50116 
8.50251 
8.50384 
8.50513 
8.50637 
8.50753 
8.50861 
8.50959 
8.51046 
8.5112 
8.51179 
8.51223 
8.5125 
8.51259 
8.51249 
8.51219 
8.51169 
8.51099 
8.51008 
8.50897 
8.50766 
8.50617 
8.50461 
8.50328 
8.49454 
8.49343 
8.49213 
8.49088 
8.48982 
8.48893 
8.48823 
8.48771 
8.48736 
8.48717 
8.48714 
8.48727 
8.48753 
8.48793 
8.48846 
8.4891 
8.48985 
8.4907 
8.49164 
8.49266 
8.49376 
8.49491 
8.49611 
8.49736 
8.49862 
8.49991 
8.50119 
8.50246 
8.5037 
8.50491 
8.50606 
8.50714 
8.50814 
8.50905 
8.50984 
8.51051 
8.51104 
8.51142 
8.51165 
8.5117 
8.51158 
8.51128 
8.5108 
8.51013 
8.50926 
8.50821 
8.50699 
8.5056 
8.50414 
8.50291 
8.49489 
8.49385 
8.49263 
8.49146 
8.49045 
8.48961 
8.48895 
8.48844 
8.4881 
8.48792 
8.48788 
8.48799 
8.48823 
8.4886 
8.4891 
8.4897 
8.49041 
8.49122 
8.49212 
8.49309 
8.49413 
8.49523 
8.49638 
8.49756 
8.49877 
8.49998 
8.5012 
8.5024 
8.50358 
8.50472 
8.5058 
8.50681 
8.50774 
8.50858 
8.50931 
8.50993 
8.51041 
8.51075 
8.51094 
8.51098 
8.51085 
8.51055 
8.51008 
8.50944 
8.50863 
8.50765 
8.5065 
8.50522 
8.50386 
8.50271 
8.49505 
8.49409 
8.49295 
8.49186 
8.49091 
8.49012 
8.48949 
8.48901 
8.48869 
8.4885 
8.48847 
8.48856 
8.48879 
8.48914 
8.48961 
8.49018 
8.49086 
8.49163 
8.49249 
8.49343 
8.49443 
8.49548 
8.49658 
8.49772 
8.49887 
8.50004 
8.5012 
8.50235 
8.50348 
8.50456 
8.50558 
8.50654 
8.50742 
8.5082 
8.50889 
8.50946 
8.5099 
8.51021 
8.51038 
8.5104 
8.51027 
8.50998 
8.50953 
8.50893 
8.50817 
8.50725 
8.50619 
8.505 
8.50374 
8.50268 
8.49505 
8.49416 
8.49311 
8.49209 
8.49121 
8.49047 
8.48988 
8.48942 
8.48911 
8.48894 
8.4889 
8.48899 
8.48921 
8.48954 
8.48999 
8.49054 
8.4912 
8.49194 
8.49277 
8.49368 
8.49465 
8.49567 
8.49673 
8.49783 
8.49895 
8.50008 
8.5012 
8.50231 
8.50339 
8.50443 
8.50541 
8.50633 
8.50716 
8.50791 
8.50856 
8.50909 
8.50951 
8.50979 
8.50995 
8.50996 
8.50983 
8.50956 
8.50914 
8.50857 
8.50786 
8.50701 
8.50602 
8.50492 
8.50377 
8.50279 
8.49488 
8.49407 
8.49311 
8.49217 
8.49136 
8.49067 
8.49011 
8.48969 
8.48939 
8.48923 
8.48919 
8.48928 
8.48949 
8.48982 
8.49025 
8.49079 
8.49143 
8.49216 
8.49297 
8.49385 
8.4948 
8.49579 
8.49684 
8.49791 
8.499 
8.50011 
8.5012 
8.50228 
8.50333 
8.50434 
8.50529 
8.50617 
8.50698 
8.5077 
8.50832 
8.50883 
8.50923 
8.5095 
8.50964 
8.50965 
8.50953 
8.50927 
8.50888 
8.50835 
8.50769 
8.5069 
8.506 
8.50499 
8.50393 
8.50304 
8.49459 
8.49385 
8.49297 
8.49212 
8.49137 
8.49073 
8.49021 
8.48982 
8.48954 
8.48939 
8.48936 
8.48945 
8.48965 
8.48997 
8.4904 
8.49093 
8.49155 
8.49227 
8.49307 
8.49394 
8.49488 
8.49586 
8.49689 
8.49795 
8.49903 
8.50012 
8.5012 
8.50226 
8.50329 
8.50428 
8.50522 
8.50608 
8.50687 
8.50757 
8.50818 
8.50867 
8.50906 
8.50932 
8.50946 
8.50947 
8.50936 
8.50912 
8.50875 
8.50826 
8.50764 
8.50692 
8.50609 
8.50517 
8.50421 
8.5034 
8.49417 
8.49351 
8.49272 
8.49195 
8.49126 
8.49067 
8.49019 
8.48982 
8.48956 
8.48942 
8.4894 
8.48949 
8.48969 
8.49001 
8.49043 
8.49096 
8.49158 
8.4923 
8.49309 
8.49396 
8.49489 
8.49588 
8.49691 
8.49797 
8.49904 
8.50013 
8.5012 
8.50226 
8.50329 
8.50427 
8.5052 
8.50606 
8.50684 
8.50753 
8.50813 
8.50862 
8.509 
8.50926 
8.5094 
8.50942 
8.50931 
8.50908 
8.50874 
8.50828 
8.50771 
8.50705 
8.50629 
8.50545 
8.50459 
8.50386 
8.49365 
8.49307 
8.49237 
8.49167 
8.49104 
8.4905 
8.49006 
8.48971 
8.48947 
8.48934 
8.48932 
8.48941 
8.48961 
8.48993 
8.49036 
8.49088 
8.49151 
8.49223 
8.49303 
8.49391 
8.49485 
8.49584 
8.49688 
8.49795 
8.49903 
8.50013 
8.50122 
8.50228 
8.50332 
8.50431 
8.50524 
8.5061 
8.50689 
8.50758 
8.50818 
8.50867 
8.50905 
8.50931 
8.50945 
8.50947 
8.50938 
8.50916 
8.50884 
8.50841 
8.50788 
8.50727 
8.50657 
8.50582 
8.50505 
8.50441 
8.49305 
8.49255 
8.49194 
8.49131 
8.49074 
8.49024 
8.48982 
8.48949 
8.48926 
8.48913 
8.48912 
8.48921 
8.48942 
8.48974 
8.49017 
8.49071 
8.49134 
8.49207 
8.49289 
8.49378 
8.49474 
8.49575 
8.49681 
8.4979 
8.49901 
8.50013 
8.50124 
8.50233 
8.50338 
8.50439 
8.50534 
8.50622 
8.50701 
8.50772 
8.50832 
8.50882 
8.50921 
8.50947 
8.50962 
8.50965 
8.50956 
8.50935 
8.50904 
8.50864 
8.50814 
8.50757 
8.50694 
8.50626 
8.50557 
8.50501 
8.49241 
8.49198 
8.49145 
8.49089 
8.49036 
8.48989 
8.48949 
8.48917 
8.48895 
8.48882 
8.48881 
8.4889 
8.48911 
8.48944 
8.48988 
8.49042 
8.49108 
8.49182 
8.49266 
8.49358 
8.49457 
8.49561 
8.4967 
8.49783 
8.49898 
8.50013 
8.50127 
8.5024 
8.50348 
8.50452 
8.5055 
8.50641 
8.50723 
8.50795 
8.50857 
8.50908 
8.50948 
8.50975 
8.5099 
8.50993 
8.50985 
8.50965 
8.50935 
8.50895 
8.50848 
8.50794 
8.50735 
8.50674 
8.50613 
8.50564 
8.49174 
8.49139 
8.49092 
8.49041 
8.48992 
8.48947 
8.48908 
8.48876 
8.48854 
8.48841 
8.48839 
8.48848 
8.48869 
8.48903 
8.48947 
8.49004 
8.49071 
8.49149 
8.49235 
8.49331 
8.49434 
8.49542 
8.49656 
8.49773 
8.49893 
8.50013 
8.50132 
8.5025 
8.50363 
8.50471 
8.50573 
8.50668 
8.50753 
8.50828 
8.50893 
8.50946 
8.50986 
8.51014 
8.5103 
8.51033 
8.51024 
8.51004 
8.50974 
8.50934 
8.50888 
8.50835 
8.5078 
8.50723 
8.5067 
8.50628 
8.49109 
8.4908 
8.49039 
8.48992 
8.48945 
8.489 
8.4886 
8.48827 
8.48803 
8.48788 
8.48785 
8.48794 
8.48816 
8.4885 
8.48896 
8.48954 
8.49024 
8.49105 
8.49196 
8.49296 
8.49404 
8.49519 
8.49638 
8.49762 
8.49887 
8.50014 
8.50139 
8.50263 
8.50382 
8.50496 
8.50604 
8.50703 
8.50792 
8.50871 
8.50939 
8.50994 
8.51037 
8.51066 
8.51082 
8.51084 
8.51075 
8.51053 
8.51021 
8.5098 
8.50933 
8.5088 
8.50826 
8.50773 
8.50724 
8.50688 
8.49051 
8.49026 
8.48989 
8.48943 
8.48895 
8.48849 
8.48806 
8.4877 
8.48743 
8.48727 
8.48722 
8.4873 
8.48751 
8.48786 
8.48834 
8.48895 
8.48968 
8.49054 
8.4915 
8.49255 
8.49369 
8.4949 
8.49617 
8.49748 
8.49881 
8.50015 
8.50148 
8.50279 
8.50406 
8.50527 
8.50641 
8.50746 
8.50841 
8.50925 
8.50996 
8.51054 
8.51099 
8.51129 
8.51145 
8.51147 
8.51135 
8.51111 
8.51076 
8.51032 
8.50982 
8.50927 
8.50871 
8.50818 
8.50772 
8.5074 
8.49003 
8.48981 
8.48944 
8.48897 
8.48846 
8.48795 
8.48748 
8.48708 
8.48677 
8.48657 
8.4865 
8.48656 
8.48677 
8.48713 
8.48763 
8.48827 
8.48904 
8.48994 
8.49095 
8.49207 
8.49328 
8.49457 
8.49591 
8.4973 
8.49872 
8.50015 
8.50157 
8.50296 
8.50431 
8.5056 
8.50681 
8.50793 
8.50894 
8.50983 
8.51058 
8.5112 
8.51166 
8.51197 
8.51213 
8.51214 
8.512 
8.51173 
8.51134 
8.51085 
8.51029 
8.5097 
8.5091 
8.50855 
8.50809 
8.50779 
8.48973 
8.48951 
8.48913 
8.48863 
8.48807 
8.48751 
8.48699 
8.48653 
8.48618 
8.48595 
8.48586 
8.48591 
8.48612 
8.48648 
8.48699 
8.48766 
8.48846 
8.4894 
8.49047 
8.49164 
8.49291 
8.49427 
8.49568 
8.49714 
8.49864 
8.50014 
8.50163 
8.5031 
8.50452 
8.50588 
8.50716 
8.50833 
8.5094 
8.51033 
8.51113 
8.51177 
8.51225 
8.51257 
8.51273 
8.51273 
8.51256 
8.51226 
8.51183 
8.51129 
8.51068 
8.51003 
8.50938 
8.50879 
8.50831 
8.50801 
