0.000588326 
0.000750754 
0.000911746 
0.00103846 
0.0011485 
0.00124161 
0.00132039 
0.00138686 
0.001443 
0.00149054 
0.00153093 
0.00156536 
0.00159479 
0.00162 
0.00164161 
0.00166014 
0.00167599 
0.00168948 
0.0017009 
0.00171045 
0.00171829 
0.00172458 
0.00172941 
0.00173286 
0.00173498 
0.00173581 
0.00173535 
0.00173359 
0.00173049 
0.00172599 
0.00172001 
0.00171242 
0.00170306 
0.00169175 
0.00167821 
0.00166213 
0.00164311 
0.00162065 
0.0015941 
0.00156268 
0.00152539 
0.00148096 
0.00142785 
0.00136416 
0.00128763 
0.00119586 
0.00108587 
0.000957474 
0.000794545 
0.00062728 
0.000648116 
0.000853562 
0.00105595 
0.00122298 
0.00137385 
0.00150716 
0.00162453 
0.00172716 
0.00181659 
0.00189437 
0.00196197 
0.00202071 
0.00207176 
0.00211611 
0.0021546 
0.00218795 
0.00221675 
0.00224149 
0.00226258 
0.00228036 
0.0022951 
0.00230701 
0.00231628 
0.00232303 
0.00232734 
0.00232927 
0.00232883 
0.002326 
0.00232072 
0.00231289 
0.00230237 
0.00228896 
0.0022724 
0.00225238 
0.0022285 
0.00220027 
0.00216707 
0.00212817 
0.00208267 
0.00202949 
0.00196731 
0.00189459 
0.00180956 
0.00171022 
0.00159444 
0.0014603 
0.0013055 
0.00113083 
0.000918705 
0.000698161 
0.000232606 
0.000345642 
0.000488908 
0.000633081 
0.000778461 
0.000917378 
0.00104682 
0.0011651 
0.00127187 
0.00136745 
0.00145254 
0.00152797 
0.00159464 
0.0016534 
0.00170504 
0.00175024 
0.00178964 
0.00182375 
0.00185303 
0.00187786 
0.00189856 
0.00191539 
0.00192855 
0.00193819 
0.00194442 
0.00194729 
0.00194682 
0.00194297 
0.00193567 
0.00192479 
0.00191014 
0.00189146 
0.00186846 
0.00184073 
0.0018078 
0.00176909 
0.00172391 
0.00167145 
0.00161078 
0.00154081 
0.00146036 
0.00136817 
0.00126304 
0.00114398 
0.00101062 
0.00086391 
0.000706441 
0.000546064 
0.000384994 
0.000254901 
9.79883e-05 
0.000147577 
0.000232134 
0.000334967 
0.000451915 
0.000573696 
0.000694614 
0.00081068 
0.000919634 
0.00102032 
0.00111233 
0.00119571 
0.00127077 
0.00133796 
0.00139778 
0.00145076 
0.00149737 
0.00153807 
0.00157326 
0.00160329 
0.00162846 
0.00164902 
0.00166517 
0.00167706 
0.00168479 
0.0016884 
0.00168792 
0.00168329 
0.00167442 
0.00166117 
0.00164333 
0.00162064 
0.00159277 
0.00155931 
0.00151979 
0.00147365 
0.00142026 
0.00135891 
0.00128884 
0.00120928 
0.00111951 
0.00101901 
0.000907625 
0.000785955 
0.000655782 
0.000520889 
0.000387449 
0.000266169 
0.000164846 
0.000103102 
2.89988e-05 
3.76736e-05 
7.68471e-05 
0.000139633 
0.000222751 
0.000318416 
0.000420445 
0.000523826 
0.000625108 
0.000721979 
0.000813036 
0.000897507 
0.000975059 
0.00104564 
0.00110938 
0.0011665 
0.00121728 
0.00126201 
0.00130098 
0.00133445 
0.00136266 
0.00138582 
0.00140408 
0.00141757 
0.00142638 
0.00143053 
0.00143003 
0.00142482 
0.00141481 
0.00139985 
0.00137974 
0.00135422 
0.001323 
0.00128572 
0.00124196 
0.00119128 
0.0011332 
0.00106724 
0.000992985 
0.000910122 
0.000818586 
0.000718726 
0.000611552 
0.000499095 
0.000384789 
0.000274054 
0.000174294 
9.51952e-05 
4.33697e-05 
2.73142e-05 
-2.13164e-06 
-1.62101e-05 
-7.47378e-06 
2.33952e-05 
7.5569e-05 
0.000143747 
0.000222781 
0.000307976 
0.000395497 
0.000482404 
0.000566634 
0.000646775 
0.000721923 
0.000791546 
0.000855374 
0.000913313 
0.000965387 
0.00101169 
0.00105234 
0.0010875 
0.00111729 
0.00114186 
0.0011613 
0.0011757 
0.0011851 
0.00118953 
0.00118896 
0.00118334 
0.00117257 
0.00115652 
0.00113501 
0.00110782 
0.00107473 
0.00103544 
0.000989678 
0.000937157 
0.000877626 
0.000810913 
0.000736993 
0.000656083 
0.000568777 
0.000476225 
0.000380348 
0.000284139 
0.000191872 
0.000109103 
4.23942e-05 
-1.13041e-06 
-1.80872e-05 
-7.53945e-06 
-1.62728e-05 
-4.19152e-05 
-5.22454e-05 
-4.46067e-05 
-1.75988e-05 
2.59845e-05 
8.24524e-05 
0.000147903 
0.00021884 
0.000292339 
0.000366018 
0.000438078 
0.000507211 
0.000572504 
0.000633339 
0.000689324 
0.000740231 
0.000785942 
0.000826413 
0.00086165 
0.000891683 
0.00091655 
0.000936289 
0.000950926 
0.000960473 
0.000964917 
0.000964225 
0.000958336 
0.000947166 
0.000930602 
0.00090851 
0.000880739 
0.000847127 
0.000807516 
0.00076177 
0.000709804 
0.000651624 
0.000587381 
0.000517451 
0.000442526 
0.00036375 
0.000282852 
0.000202342 
0.000125537 
5.65775e-05 
3.64574e-07 
-3.805e-05 
-5.44169e-05 
-4.84639e-05 
-2.35134e-05 
-2.20582e-05 
-5.2759e-05 
-7.43338e-05 
-8.26626e-05 
-7.48471e-05 
-5.16581e-05 
-1.52944e-05 
3.13621e-05 
8.53936e-05 
0.000144131 
0.000205293 
0.000266997 
0.000327704 
0.000386256 
0.000441779 
0.000493639 
0.000541387 
0.000584715 
0.000623414 
0.00065735 
0.000686438 
0.000710623 
0.000729867 
0.000744138 
0.000753406 
0.000757629 
0.00075676 
0.00075074 
0.000739499 
0.000722958 
0.000701034 
0.000673648 
0.000640738 
0.000602273 
0.000558284 
0.000508889 
0.000454347 
0.000395105 
0.000331886 
0.000265746 
0.00019821 
0.000131342 
6.77087e-05 
1.05026e-05 
-3.66051e-05 
-6.97606e-05 
-8.56244e-05 
-8.24584e-05 
-6.22051e-05 
-3.01752e-05 
-2.3801e-05 
-5.59712e-05 
-8.37223e-05 
-0.000102548 
-0.00010875 
-0.000101673 
-8.22391e-05 
-5.23238e-05 
-1.4148e-05 
3.00484e-05 
7.81983e-05 
0.000128493 
0.000179417 
0.000229709 
0.000278332 
0.000324495 
0.000367583 
0.000407131 
0.000442787 
0.000474293 
0.000501456 
0.000524132 
0.00054221 
0.000555602 
0.000564233 
0.000568038 
0.000566957 
0.000560935 
0.000549923 
0.00053388 
0.000512782 
0.000486628 
0.000455459 
0.000419377 
0.000378569 
0.000333349 
0.000284192 
0.000231784 
0.000177093 
0.000121436 
6.64612e-05 
1.4237e-05 
-3.27573e-05 
-7.16968e-05 
-9.96209e-05 
-0.000113818 
-0.000112521 
-9.58606e-05 
-6.71234e-05 
-3.22276e-05 
-2.36158e-05 
-5.53736e-05 
-8.6133e-05 
-0.000111562 
-0.000127671 
-0.0001329 
-0.000127199 
-0.000111565 
-8.75353e-05 
-5.68561e-05 
-2.12755e-05 
1.75782e-05 
5.82585e-05 
9.95181e-05 
0.000140319 
0.00017978 
0.000217173 
0.000251929 
0.000283591 
0.0003118 
0.000336272 
0.000356784 
0.000373161 
0.000385262 
0.000392976 
0.000396212 
0.000394903 
0.000389002 
0.000378486 
0.000363354 
0.000343642 
0.000319429 
0.000290857 
0.000258146 
0.000221627 
0.000181761 
0.000139193 
9.4789e-05 
4.96404e-05 
5.10778e-06 
-3.71421e-05 
-7.5143e-05 
-0.000106687 
-0.000129451 
-0.000141248 
-0.000140427 
-0.000126494 
-0.000100843 
-6.74199e-05 
-3.20077e-05 
-2.25692e-05 
-5.30001e-05 
-8.48441e-05 
-0.000114196 
-0.000137103 
-0.000151492 
-0.000156632 
-0.00015282 
-0.000140984 
-0.000122386 
-9.84183e-05 
-7.04673e-05 
-3.98334e-05 
-7.68952e-06 
2.49382e-05 
5.71664e-05 
8.82589e-05 
0.000117583 
0.000144608 
0.000168904 
0.000190125 
0.000207988 
0.000222263 
0.000232768 
0.000239359 
0.000241927 
0.000240398 
0.000234738 
0.000224951 
0.00021108 
0.000193218 
0.000171518 
0.000146208 
0.000117601 
8.61413e-05 
5.24148e-05 
1.71556e-05 
-1.87209e-05 
-5.40813e-05 
-8.7568e-05 
-0.000117605 
-0.000142435 
-0.000160212 
-0.000169156 
-0.000167812 
-0.000155427 
-0.000132451 
-0.000101051 
-6.53712e-05 
-3.07068e-05 
-2.11975e-05 
-4.99206e-05 
-8.17169e-05 
-0.000113192 
-0.000140613 
-0.000161666 
-0.000175184 
-0.000180938 
-0.000179351 
-0.00017125 
-0.000157675 
-0.000139747 
-0.000118583 
-9.52349e-05 
-7.06608e-05 
-4.57146e-05 
-2.11392e-05 
2.4248e-06 
2.44376e-05 
4.44432e-05 
6.20505e-05 
7.69394e-05 
8.88374e-05 
9.75378e-05 
0.000102874 
0.000104721 
0.000103002 
9.76989e-05 
8.88461e-05 
7.65253e-05 
6.0877e-05 
4.21199e-05 
2.05461e-05 
-3.44814e-06 
-2.93728e-05 
-5.65996e-05 
-8.43495e-05 
-0.00011168 
-0.000137476 
-0.000160461 
-0.000179221 
-0.000192268 
-0.000198146 
-0.000195599 
-0.000183811 
-0.000162741 
-0.00013348 
-9.86171e-05 
-6.22122e-05 
-2.89385e-05 
-1.97654e-05 
-4.66851e-05 
-7.77938e-05 
-0.000110205 
-0.000140493 
-0.000166283 
-0.000186153 
-0.000199507 
-0.000206366 
-0.000207188 
-0.000202691 
-0.000193736 
-0.000181239 
-0.000166103 
-0.000149191 
-0.000131291 
-0.000113115 
-9.52893e-05 
-7.83609e-05 
-6.27982e-05 
-4.90006e-05 
-3.73014e-05 
-2.7966e-05 
-2.1221e-05 
-1.72382e-05 
-1.61367e-05 
-1.79835e-05 
-2.27859e-05 
-3.04964e-05 
-4.10035e-05 
-5.41324e-05 
-6.96445e-05 
-8.72091e-05 
-0.000106398 
-0.000126676 
-0.000147388 
-0.000167748 
-0.00018684 
-0.00020362 
-0.00021694 
-0.00022559 
-0.000228371 
-0.000224213 
-0.000212324 
-0.000192421 
-0.000164986 
-0.000131522 
-9.47878e-05 
-5.86089e-05 
-2.70179e-05 
-1.8397e-05 
-4.35619e-05 
-7.36443e-05 
-0.000106221 
-0.000138204 
-0.00016727 
-0.000191865 
-0.000211152 
-0.000224857 
-0.000233129 
-0.000236409 
-0.000235317 
-0.000230568 
-0.000222911 
-0.00021309 
-0.000201809 
-0.000189723 
-0.000177422 
-0.000165432 
-0.000154212 
-0.000144158 
-0.000135602 
-0.000128819 
-0.000124026 
-0.000121385 
-0.000120996 
-0.000122906 
-0.000127123 
-0.000133593 
-0.000142196 
-0.000152738 
-0.000164951 
-0.000178481 
-0.000192881 
-0.000207606 
-0.000222007 
-0.000235328 
-0.000246714 
-0.000255228 
-0.000259879 
-0.000259677 
-0.000253714 
-0.000241265 
-0.00022194 
-0.000195874 
-0.000163911 
-0.000127791 
-9.0287e-05 
-5.49139e-05 
-2.51034e-05 
-1.71434e-05 
-4.06686e-05 
-6.9566e-05 
-0.000101817 
-0.000134669 
-0.000165909 
-0.000193945 
-0.000217786 
-0.000236948 
-0.000251342 
-0.000261174 
-0.000266849 
-0.000268896 
-0.000267909 
-0.000264507 
-0.000259298 
-0.000252863 
-0.00024574 
-0.000238418 
-0.000231329 
-0.000224849 
-0.0002193 
-0.000214945 
-0.000211992 
-0.000210591 
-0.000210835 
-0.000212765 
-0.00021637 
-0.000221586 
-0.000228277 
-0.000236239 
-0.000245192 
-0.000254774 
-0.00026454 
-0.000273958 
-0.00028241 
-0.000289195 
-0.000293547 
-0.000294654 
-0.000291697 
-0.000283907 
-0.00027064 
-0.000251477 
-0.000226362 
-0.000195733 
-0.000160678 
-0.000123049 
-8.55312e-05 
-5.13071e-05 
-2.32709e-05 
-1.60186e-05 
-3.80427e-05 
-6.5702e-05 
-9.73215e-05 
-0.000130462 
-0.000163053 
-0.000193519 
-0.000220788 
-0.00024423 
-0.000263577 
-0.000278842 
-0.000290247 
-0.000298153 
-0.000303009 
-0.000305308 
-0.000305558 
-0.000304258 
-0.000301883 
-0.000298871 
-0.000295618 
-0.000292472 
-0.000289729 
-0.000287637 
-0.000286388 
-0.00028612 
-0.000286915 
-0.000288803 
-0.000291763 
-0.000295717 
-0.000300523 
-0.000305969 
-0.000311775 
-0.000317586 
-0.000322973 
-0.000327436 
-0.000330405 
-0.000331253 
-0.000329318 
-0.000323921 
-0.000314417 
-0.000300242 
-0.000280993 
-0.00025651 
-0.000226992 
-0.000193099 
-0.000156067 
-0.000117771 
-8.07554e-05 
-4.78738e-05 
-2.15522e-05 
-1.50183e-05 
-3.56815e-05 
-6.21081e-05 
-9.29113e-05 
-0.000125934 
-0.000159262 
-0.00019137 
-0.000221154 
-0.000247888 
-0.000271174 
-0.000290873 
-0.000307055 
-0.000319933 
-0.000329821 
-0.000337097 
-0.000342168 
-0.000345447 
-0.000347341 
-0.000348232 
-0.000348469 
-0.000348364 
-0.000348186 
-0.000348158 
-0.000348451 
-0.00034919 
-0.000350444 
-0.000352232 
-0.000354525 
-0.000357234 
-0.000360214 
-0.000363256 
-0.000366086 
-0.000368368 
-0.000369701 
-0.000369628 
-0.000367642 
-0.000363202 
-0.000355751 
-0.00034475 
-0.000329715 
-0.000310273 
-0.000286224 
-0.000257622 
-0.00022486 
-0.000188748 
-0.000150598 
-0.000112253 
-7.60885e-05 
-4.46482e-05 
-1.99567e-05 
-1.41305e-05 
-3.35633e-05 
-5.87937e-05 
-8.86731e-05 
-0.000121296 
-0.000154901 
-0.000188038 
-0.000219598 
-0.000248803 
-0.00027516 
-0.000298416 
-0.000318513 
-0.000335542 
-0.000349697 
-0.000361246 
-0.000370501 
-0.000377793 
-0.000383457 
-0.000387816 
-0.000391168 
-0.000393786 
-0.000395905 
-0.000397718 
-0.000399377 
-0.000400988 
-0.000402607 
-0.000404243 
-0.000405858 
-0.00040736 
-0.000408604 
-0.000409388 
-0.000409455 
-0.000408493 
-0.000406141 
-0.000401993 
-0.000395611 
-0.000386542 
-0.000374341 
-0.000358598 
-0.000338981 
-0.000315282 
-0.000287473 
-0.000255777 
-0.000220725 
-0.000183228 
-0.000144621 
-0.00010668 
-7.15972e-05 
-4.16373e-05 
-1.84825e-05 
-1.33404e-05 
-3.16593e-05 
-5.57438e-05 
-8.46417e-05 
-0.000116667 
-0.000150207 
-0.000183892 
-0.000216636 
-0.000247632 
-0.000276323 
-0.000302374 
-0.000325621 
-0.000346053 
-0.000363763 
-0.00037892 
-0.000391746 
-0.000402496 
-0.000411431 
-0.000418816 
-0.000424899 
-0.000429908 
-0.000434043 
-0.000437467 
-0.000440308 
-0.000442653 
-0.000444546 
-0.000445984 
-0.000446924 
-0.000447274 
-0.000446893 
-0.000445593 
-0.000443138 
-0.000439247 
-0.000433601 
-0.000425854 
-0.000415639 
-0.000402593 
-0.000386375 
-0.000366698 
-0.000343364 
-0.000316305 
-0.000285637 
-0.000251708 
-0.000215152 
-0.000176931 
-0.000138373 
-0.000101162 
-6.73123e-05 
-3.88345e-05 
-1.71224e-05 
-1.2633e-05 
-2.99392e-05 
-5.29327e-05 
-8.08222e-05 
-0.000112113 
-0.00014533 
-0.000179189 
-0.000212638 
-0.000244864 
-0.000275269 
-0.000303455 
-0.000329182 
-0.00035235 
-0.000372964 
-0.000391111 
-0.000406933 
-0.000420606 
-0.00043233 
-0.000442309 
-0.000450741 
-0.00045781 
-0.000463679 
-0.000468482 
-0.000472322 
-0.000475267 
-0.000477346 
-0.00047855 
-0.000478831 
-0.000478099 
-0.000476222 
-0.000473028 
-0.000468307 
-0.000461813 
-0.000453275 
-0.000442404 
-0.000428907 
-0.000412506 
-0.000392959 
-0.000370088 
-0.000343811 
-0.000314179 
-0.000281422 
-0.000245983 
-0.00020856 
-0.000170139 
-0.000132014 
-9.57694e-05 
-6.32447e-05 
-3.62273e-05 
-1.58673e-05 
-1.19947e-05 
-2.83748e-05 
-5.03311e-05 
-7.72045e-05 
-0.000107666 
-0.000140366 
-0.000174105 
-0.000207875 
-0.000240867 
-0.000272465 
-0.000302222 
-0.000329843 
-0.000355155 
-0.000378092 
-0.000398665 
-0.000416946 
-0.000433046 
-0.0004471 
-0.000459259 
-0.000469671 
-0.00047848 
-0.00048581 
-0.000491766 
-0.000496428 
-0.000499845 
-0.000502033 
-0.000502976 
-0.000502623 
-0.00050089 
-0.000497657 
-0.00049277 
-0.000486047 
-0.000477279 
-0.000466244 
-0.00045271 
-0.000436456 
-0.000417282 
-0.000395036 
-0.000369638 
-0.000341103 
-0.000309582 
-0.00027539 
-0.000239038 
-0.000201265 
-0.000163056 
-0.000125655 
-9.05417e-05 
-5.93939e-05 
-3.3801e-05 
-1.47079e-05 
-1.14134e-05 
-2.69408e-05 
-4.79104e-05 
-7.3771e-05 
-0.000103338 
-0.000135375 
-0.000168763 
-0.000202542 
-0.000235921 
-0.000268273 
-0.000299123 
-0.000328129 
-0.000355066 
-0.000379807 
-0.000402299 
-0.000422552 
-0.000440619 
-0.000456578 
-0.000470529 
-0.000482576 
-0.000492819 
-0.000501351 
-0.000508248 
-0.000513566 
-0.000517336 
-0.000519565 
-0.000520228 
-0.000519277 
-0.000516633 
-0.000512188 
-0.000505811 
-0.000497348 
-0.000486629 
-0.000473477 
-0.000457719 
-0.000439197 
-0.000417787 
-0.000393415 
-0.000366082 
-0.000335888 
-0.000303063 
-0.000267986 
-0.000231215 
-0.000193506 
-0.00015583 
-0.000119369 
-8.55021e-05 
-5.57538e-05 
-3.15409e-05 
-1.36353e-05 
-1.0879e-05 
-2.56157e-05 
-4.56442e-05 
-7.0502e-05 
-9.91297e-05 
-0.000130392 
-0.000163248 
-0.000196786 
-0.000230239 
-0.000262979 
-0.000294513 
-0.000324469 
-0.00035258 
-0.000378666 
-0.000402625 
-0.000424413 
-0.000444029 
-0.000461504 
-0.00047689 
-0.000490249 
-0.000501645 
-0.000511138 
-0.000518778 
-0.0005246 
-0.000528618 
-0.000530828 
-0.000531204 
-0.000529696 
-0.000526234 
-0.000520725 
-0.000513059 
-0.000503111 
-0.000490749 
-0.000475842 
-0.000458268 
-0.00043793 
-0.000414769 
-0.000388779 
-0.000360033 
-0.000328701 
-0.000295069 
-0.000259566 
-0.000222778 
-0.000185466 
-0.000148569 
-0.000113209 
-8.06624e-05 
-5.23155e-05 
-2.94331e-05 
-1.26415e-05 
-1.0383e-05 
-2.43813e-05 
-4.35094e-05 
-6.73778e-05 
-9.50357e-05 
-0.00012544 
-0.00015762 
-0.000190715 
-0.000223984 
-0.000256807 
-0.000288682 
-0.000319215 
-0.000348107 
-0.000375139 
-0.000400167 
-0.000423099 
-0.00044389 
-0.000462529 
-0.000479025 
-0.000493404 
-0.000505696 
-0.000515931 
-0.000524135 
-0.000530322 
-0.000534495 
-0.00053664 
-0.000536726 
-0.000534708 
-0.000530524 
-0.000524096 
-0.000515336 
-0.000504148 
-0.000490435 
-0.000474107 
-0.000455093 
-0.000433348 
-0.000408869 
-0.000381713 
-0.000352008 
-0.000319981 
-0.000285962 
-0.000250414 
-0.000213936 
-0.000177281 
-0.000141354 
-0.00010721 
-7.60278e-05 
-4.9069e-05 
-2.7465e-05 
-1.17193e-05 
-9.91849e-06 
-2.32225e-05 
-4.14865e-05 
-6.43806e-05 
-9.10491e-05 
-0.000120531 
-0.000151923 
-0.000184411 
-0.000217285 
-0.000249937 
-0.000281864 
-0.000312656 
-0.000341992 
-0.000369624 
-0.00039537 
-0.000419103 
-0.000440739 
-0.000460228 
-0.000477544 
-0.00049268 
-0.000505635 
-0.000516415 
-0.000525022 
-0.000531454 
-0.000535702 
-0.000537743 
-0.000537546 
-0.000535069 
-0.000530259 
-0.000523053 
-0.000513385 
-0.000501185 
-0.000486391 
-0.000468951 
-0.000448836 
-0.000426049 
-0.000400639 
-0.000372708 
-0.000342438 
-0.000310092 
-0.000276038 
-0.000240757 
-0.000204852 
-0.00016906 
-0.000134244 
-0.000101394 
-7.15986e-05 
-4.60041e-05 
-2.56253e-05 
-1.08623e-05 
-9.47973e-06 
-2.2127e-05 
-3.95588e-05 
-6.14945e-05 
-8.71616e-05 
-0.000115673 
-0.000146188 
-0.000177938 
-0.000210243 
-0.000242514 
-0.000274249 
-0.000305032 
-0.000334525 
-0.000362457 
-0.000388619 
-0.000412852 
-0.000435041 
-0.000455104 
-0.000472984 
-0.000488643 
-0.000502057 
-0.000513206 
-0.000522076 
-0.000528648 
-0.000532902 
-0.000534811 
-0.000534344 
-0.00053146 
-0.000526118 
-0.000518269 
-0.000507866 
-0.000494868 
-0.000479239 
-0.000460965 
-0.000440054 
-0.000416551 
-0.000390545 
-0.000362182 
-0.00033168 
-0.000299335 
-0.000265536 
-0.000230776 
-0.000195654 
-0.000160882 
-0.000127281 
-9.57772e-05 
-6.73722e-05 
-4.31106e-05 
-2.39039e-05 
-1.00652e-05 
-9.06216e-06 
-2.10848e-05 
-3.77127e-05 
-5.87058e-05 
-8.33652e-05 
-0.000110871 
-0.000140439 
-0.000171345 
-0.00020294 
-0.000234655 
-0.000265995 
-0.000296542 
-0.000325948 
-0.000353924 
-0.000380241 
-0.000404715 
-0.000427204 
-0.000447599 
-0.000465817 
-0.000481796 
-0.000495489 
-0.000506856 
-0.000515866 
-0.000522488 
-0.000526694 
-0.000528451 
-0.000527729 
-0.000524493 
-0.000518709 
-0.000510343 
-0.000499368 
-0.000485764 
-0.000469525 
-0.000450666 
-0.00042923 
-0.000405295 
-0.000378986 
-0.000350484 
-0.000320033 
-0.000287953 
-0.00025465 
-0.000220616 
-0.00018644 
-0.000152808 
-0.000120496 
-9.03665e-05 
-6.33439e-05 
-4.03786e-05 
-2.22916e-05 
-9.32277e-06 
-8.66207e-06 
-2.00876e-05 
-3.59367e-05 
-5.60029e-05 
-7.96524e-05 
-0.000106126 
-0.000134692 
-0.000164669 
-0.000195441 
-0.000226456 
-0.000257232 
-0.000287354 
-0.000316465 
-0.000344268 
-0.000370517 
-0.000395008 
-0.000417579 
-0.000438097 
-0.00045646 
-0.000472582 
-0.000486398 
-0.000497852 
-0.000506898 
-0.000513495 
-0.000517608 
-0.000519202 
-0.000518245 
-0.00051471 
-0.000508569 
-0.000499805 
-0.000488405 
-0.000474372 
-0.000457723 
-0.000438501 
-0.000416776 
-0.000392657 
-0.000366297 
-0.000337903 
-0.000307741 
-0.000276148 
-0.000243533 
-0.000210389 
-0.000177286 
-0.000144882 
-0.000113908 
-8.51657e-05 
-5.95073e-05 
-3.77983e-05 
-2.078e-05 
-8.63071e-06 
-8.2764e-06 
-1.91287e-05 
-3.42213e-05 
-5.33756e-05 
-7.6016e-05 
-0.000101438 
-0.000128961 
-0.000157942 
-0.000187796 
-0.000217994 
-0.000248067 
-0.000277604 
-0.000306248 
-0.000333695 
-0.000359687 
-0.000384005 
-0.000406471 
-0.000426934 
-0.000445273 
-0.000461388 
-0.000475194 
-0.000486624 
-0.000495619 
-0.00050213 
-0.000506116 
-0.00050754 
-0.000506372 
-0.000502588 
-0.000496173 
-0.000487117 
-0.000475427 
-0.000461121 
-0.00044424 
-0.000424849 
-0.000403043 
-0.000378953 
-0.000352757 
-0.000324681 
-0.000295006 
-0.000264078 
-0.00023231 
-0.000200183 
-0.00016825 
-0.000137136 
-0.000107529 
-8.01739e-05 
-5.58546e-05 
-3.53602e-05 
-1.93614e-05 
-7.9849e-06 
-7.9026e-06 
-1.82022e-05 
-3.25582e-05 
-5.08149e-05 
-7.24491e-05 
-9.68073e-05 
-0.000123254 
-0.000151186 
-0.000180047 
-0.000209332 
-0.000238587 
-0.000267408 
-0.000295441 
-0.000322378 
-0.000347953 
-0.000371938 
-0.00039414 
-0.000414397 
-0.000432572 
-0.00044855 
-0.000462235 
-0.000473547 
-0.000482419 
-0.000488794 
-0.000492627 
-0.000493881 
-0.000492526 
-0.000488545 
-0.000481929 
-0.000472681 
-0.00046082 
-0.000446383 
-0.000429426 
-0.000410035 
-0.000388325 
-0.000364448 
-0.000338597 
-0.000311013 
-0.000281988 
-0.000251872 
-0.000221074 
-0.000190063 
-0.000159371 
-0.00012959 
-0.000101365 
-7.53865e-05 
-5.23767e-05 
-3.30546e-05 
-1.80285e-05 
-7.38156e-06 
-7.53847e-06 
-1.73034e-05 
-3.09401e-05 
-4.83127e-05 
-6.89449e-05 
-9.22303e-05 
-0.000117576 
-0.000144416 
-0.000172225 
-0.000200519 
-0.000228862 
-0.000256859 
-0.000284161 
-0.00031046 
-0.000335485 
-0.000359003 
-0.00038081 
-0.000400733 
-0.000418624 
-0.000434359 
-0.000447829 
-0.000458946 
-0.000467636 
-0.000473836 
-0.000477499 
-0.000478586 
-0.000477071 
-0.00047294 
-0.000466192 
-0.000456841 
-0.000444916 
-0.000430469 
-0.000413574 
-0.00039433 
-0.000372869 
-0.000349358 
-0.000324004 
-0.000297057 
-0.000268815 
-0.000239628 
-0.000209897 
-0.000180077 
-0.000150677 
-0.000122255 
-9.54143e-05 
-7.07961e-05 
-4.90633e-05 
-3.08717e-05 
-1.6774e-05 
-6.81708e-06 
-7.18204e-06 
-1.64276e-05 
-2.93604e-05 
-4.5861e-05 
-6.5496e-05 
-8.77029e-05 
-0.000111929 
-0.000137645 
-0.000164353 
-0.000191594 
-0.000218947 
-0.000246032 
-0.000272505 
-0.00029806 
-0.000322426 
-0.000345363 
-0.000366665 
-0.000386148 
-0.000403658 
-0.000419059 
-0.000432238 
-0.000443098 
-0.000451559 
-0.000457555 
-0.000461036 
-0.000461963 
-0.000460314 
-0.000456078 
-0.000449261 
-0.000439885 
-0.000427992 
-0.000413644 
-0.000396927 
-0.000377955 
-0.000356873 
-0.000333858 
-0.000309127 
-0.000282936 
-0.000255584 
-0.000227418 
-0.000198829 
-0.000170256 
-0.000142182 
-0.000115133 
-8.96719e-05 
-6.63922e-05 
-4.59027e-05 
-2.88014e-05 
-1.55909e-05 
-6.28797e-06 
-6.83144e-06 
-1.55706e-05 
-2.78124e-05 
-4.34516e-05 
-6.20943e-05 
-8.3219e-05 
-0.000106312 
-0.000130877 
-0.000156446 
-0.000182582 
-0.000208885 
-0.000234985 
-0.000260549 
-0.000285273 
-0.000308889 
-0.000331155 
-0.00035186 
-0.000370816 
-0.000387863 
-0.000402859 
-0.000415683 
-0.000426235 
-0.00043443 
-0.0004402 
-0.000443493 
-0.000444271 
-0.000442513 
-0.000438213 
-0.000431384 
-0.000422055 
-0.000410277 
-0.000396121 
-0.000379685 
-0.000361092 
-0.000340498 
-0.000318087 
-0.000294082 
-0.000268742 
-0.000242367 
-0.000215294 
-0.000187903 
-0.000160616 
-0.00013389 
-0.000108219 
-8.41269e-05 
-6.21615e-05 
-4.2882e-05 
-2.68331e-05 
-1.44722e-05 
-5.79081e-06 
-6.48482e-06 
-1.47281e-05 
-2.62894e-05 
-4.1076e-05 
-5.87304e-05 
-7.87702e-05 
-0.000100719 
-0.000124112 
-0.000148511 
-0.000173503 
-0.000198705 
-0.000223762 
-0.00024835 
-0.000272174 
-0.000294965 
-0.000316484 
-0.000336518 
-0.000354876 
-0.000371393 
-0.000385924 
-0.000398345 
-0.000408549 
-0.00041645 
-0.000421979 
-0.000425081 
-0.000425721 
-0.00042388 
-0.000419556 
-0.000412766 
-0.000403546 
-0.000391955 
-0.000378073 
-0.000362004 
-0.000343881 
-0.000323865 
-0.000302148 
-0.000278954 
-0.000254544 
-0.000229211 
-0.000203287 
-0.000177137 
-0.000151163 
-0.000125797 
-0.000101502 
-7.87641e-05 
-5.80883e-05 
-3.9987e-05 
-2.49556e-05 
-1.34105e-05 
-5.32214e-06 
-6.14027e-06 
-1.38957e-05 
-2.47844e-05 
-3.87248e-05 
-5.53936e-05 
-7.4346e-05 
-9.51407e-05 
-0.000117346 
-0.00014055 
-0.000164365 
-0.000188425 
-0.000212392 
-0.000235951 
-0.000258816 
-0.000280722 
-0.000301433 
-0.000320735 
-0.000338437 
-0.000354371 
-0.00036839 
-0.000380366 
-0.000390192 
-0.000397778 
-0.000403055 
-0.000405968 
-0.000406483 
-0.000404583 
-0.00040027 
-0.000393565 
-0.000384511 
-0.000373171 
-0.000359631 
-0.000344004 
-0.000326427 
-0.000307066 
-0.000286116 
-0.000263802 
-0.000240383 
-0.000216146 
-0.000191412 
-0.000166533 
-0.00014189 
-0.00011789 
-9.49647e-05 
-7.35649e-05 
-5.41545e-05 
-3.7202e-05 
-2.31572e-05 
-1.23984e-05 
-4.87847e-06 
-5.79573e-06 
-1.30686e-05 
-2.32897e-05 
-3.63875e-05 
-5.20716e-05 
-6.99331e-05 
-8.95655e-05 
-0.000110568 
-0.000132557 
-0.000155167 
-0.000178053 
-0.00020089 
-0.000223378 
-0.000245236 
-0.000266208 
-0.000286061 
-0.000304581 
-0.00032158 
-0.000336888 
-0.000350356 
-0.000361856 
-0.000371279 
-0.000378535 
-0.000383554 
-0.000386281 
-0.000386685 
-0.00038475 
-0.000380481 
-0.000373903 
-0.000365063 
-0.000354029 
-0.000340893 
-0.00032577 
-0.000308803 
-0.000290161 
-0.000270038 
-0.000248661 
-0.000226281 
-0.000203181 
-0.000179669 
-0.000156083 
-0.000132781 
-0.000110148 
-8.85847e-05 
-6.85066e-05 
-5.03394e-05 
-3.45101e-05 
-2.14253e-05 
-1.1428e-05 
-4.4562e-06 
-5.44896e-06 
-1.22417e-05 
-2.17968e-05 
-3.40527e-05 
-4.87502e-05 
-6.55161e-05 
-8.39773e-05 
-0.000103764 
-0.00012452 
-0.000145902 
-0.000167586 
-0.000189262 
-0.000210641 
-0.000231454 
-0.000251452 
-0.000270405 
-0.000288103 
-0.000304359 
-0.000319005 
-0.000331891 
-0.00034289 
-0.000351892 
-0.000358807 
-0.000363565 
-0.000366112 
-0.000366419 
-0.00036447 
-0.000360275 
-0.000353862 
-0.000345279 
-0.0003346 
-0.000321919 
-0.000307356 
-0.000291054 
-0.000273184 
-0.000253939 
-0.000233543 
-0.000212243 
-0.000190311 
-0.000168046 
-0.000145767 
-0.000123814 
-0.000102546 
-8.23351e-05 
-6.35637e-05 
-4.66205e-05 
-3.18929e-05 
-1.97467e-05 
-1.04912e-05 
-4.05163e-06 
-5.09751e-06 
-1.14093e-05 
-2.02964e-05 
-3.17074e-05 
-4.54136e-05 
-6.10768e-05 
-7.83572e-05 
-9.69155e-05 
-0.000116421 
-0.000136556 
-0.000157012 
-0.000177499 
-0.00019774 
-0.000217476 
-0.000236464 
-0.000254481 
-0.000271323 
-0.000286805 
-0.000300758 
-0.000313037 
-0.000323514 
-0.00033208 
-0.000338645 
-0.000343141 
-0.000345515 
-0.000345737 
-0.000343797 
-0.000339704 
-0.000333489 
-0.000325204 
-0.000314923 
-0.000302744 
-0.000288787 
-0.000273198 
-0.000256144 
-0.000237821 
-0.000218444 
-0.000198256 
-0.000177519 
-0.000156518 
-0.000135558 
-0.000114958 
-9.50523e-05 
-7.61853e-05 
-5.8708e-05 
-4.29735e-05 
-2.9331e-05 
-1.81073e-05 
-9.57939e-06 
-3.66096e-06 
-4.73871e-06 
-1.05653e-05 
-1.87787e-05 
-2.93378e-05 
-4.20446e-05 
-5.65954e-05 
-7.26836e-05 
-8.99995e-05 
-0.000108239 
-0.000127107 
-0.000146315 
-0.000165588 
-0.000184662 
-0.00020329 
-0.000221238 
-0.000238289 
-0.000254244 
-0.000268921 
-0.000282157 
-0.000293806 
-0.000303742 
-0.000311859 
-0.000318069 
-0.000322302 
-0.000324509 
-0.000324662 
-0.000322749 
-0.000318784 
-0.000312799 
-0.000304847 
-0.000295004 
-0.000283368 
-0.000270061 
-0.000255226 
-0.000239031 
-0.000221666 
-0.000203342 
-0.000184294 
-0.000164773 
-0.000145053 
-0.000125421 
-0.000106177 
-8.76313e-05 
-7.01022e-05 
-5.39096e-05 
-3.93727e-05 
-2.68041e-05 
-1.64928e-05 
-8.68376e-06 
-3.2803e-06 
-4.36968e-06 
-9.70308e-06 
-1.72329e-05 
-2.69293e-05 
-3.86249e-05 
-5.20509e-05 
-6.69331e-05 
-8.29916e-05 
-9.99483e-05 
-0.000117529 
-0.000135467 
-0.000153502 
-0.000171384 
-0.000188876 
-0.000205754 
-0.000221809 
-0.000236847 
-0.000250692 
-0.000263184 
-0.000274182 
-0.000283561 
-0.000291217 
-0.000297064 
-0.000301035 
-0.000303082 
-0.000303177 
-0.000301312 
-0.0002975 
-0.000291774 
-0.000284189 
-0.000274821 
-0.000263769 
-0.000251152 
-0.000237112 
-0.000221813 
-0.000205441 
-0.000188201 
-0.000170318 
-0.000152035 
-0.000133611 
-0.000115316 
-9.74314e-05 
-8.02462e-05 
-6.40513e-05 
-4.91379e-05 
-3.57923e-05 
-2.42918e-05 
-1.48885e-05 
-7.79537e-06 
-2.90576e-06 
-3.98747e-06 
-8.81596e-06 
-1.56482e-05 
-2.44671e-05 
-3.51362e-05 
-4.74219e-05 
-6.10823e-05 
-7.58662e-05 
-9.15213e-05 
-0.000107795 
-0.000124439 
-0.00014121 
-0.000157871 
-0.000174198 
-0.000189976 
-0.000205003 
-0.000219095 
-0.000232079 
-0.000243801 
-0.000254124 
-0.000262928 
-0.00027011 
-0.000275588 
-0.000279295 
-0.000281187 
-0.000281237 
-0.000279437 
-0.000275802 
-0.000270366 
-0.000263182 
-0.000254326 
-0.000243896 
-0.000232009 
-0.000218803 
-0.000204439 
-0.000189096 
-0.000172972 
-0.000156282 
-0.000139259 
-0.000122146 
-0.0001052 
-8.86822e-05 
-7.28597e-05 
-5.79991e-05 
-4.43633e-05 
-3.22073e-05 
-2.17744e-05 
-1.32803e-05 
-6.90554e-06 
-2.53361e-06 
-3.5892e-06 
-7.89745e-06 
-1.40146e-05 
-2.19378e-05 
-3.15622e-05 
-4.26893e-05 
-5.51093e-05 
-6.85993e-05 
-8.29314e-05 
-9.78748e-05 
-0.000113199 
-0.000128677 
-0.000144086 
-0.000159214 
-0.000173856 
-0.000187821 
-0.000200931 
-0.000213021 
-0.000223943 
-0.000233566 
-0.000241772 
-0.000248465 
-0.000253563 
-0.000257005 
-0.000258746 
-0.000258761 
-0.000257045 
-0.000253611 
-0.000248494 
-0.000241746 
-0.000233441 
-0.000223675 
-0.00021256 
-0.000200232 
-0.000186844 
-0.000172569 
-0.000157596 
-0.000142131 
-0.000126393 
-0.000110613 
-9.50312e-05 
-7.98907e-05 
-6.54376e-05 
-5.1915e-05 
-3.95593e-05 
-2.85957e-05 
-1.92342e-05 
-1.16553e-05 
-6.00638e-06 
-2.16055e-06 
-3.17245e-06 
-6.94208e-06 
-1.23238e-05 
-1.93307e-05 
-2.789e-05 
-3.78386e-05 
-4.89974e-05 
-6.11712e-05 
-7.41555e-05 
-8.77402e-05 
-0.000101713 
-0.000115863 
-0.000129982 
-0.00014387 
-0.000157335 
-0.000170195 
-0.000182281 
-0.000193437 
-0.000203523 
-0.000212412 
-0.000219995 
-0.000226177 
-0.000230883 
-0.000234053 
-0.000235645 
-0.000235636 
-0.000234021 
-0.000230814 
-0.000226047 
-0.000219773 
-0.000212062 
-0.000203005 
-0.000192711 
-0.00018131 
-0.000168946 
-0.000155785 
-0.000142007 
-0.000127805 
-0.000113386 
-9.89667e-05 
-8.47705e-05 
-7.10236e-05 
-5.79518e-05 
-4.57756e-05 
-3.47065e-05 
-2.49412e-05 
-1.66584e-05 
-1.0004e-05 
-5.09186e-06 
-1.78417e-06 
-2.73576e-06 
-5.94669e-06 
-1.05717e-05 
-1.66411e-05 
-2.41148e-05 
-3.28638e-05 
-4.27389e-05 
-5.35708e-05 
-6.51777e-05 
-7.73696e-05 
-8.99519e-05 
-0.00010273 
-0.000115511 
-0.000128108 
-0.000140341 
-0.000152042 
-0.000163052 
-0.000173225 
-0.000182427 
-0.000190542 
-0.000197466 
-0.000203111 
-0.000207405 
-0.000210294 
-0.000211737 
-0.000211713 
-0.000210217 
-0.000207264 
-0.000202883 
-0.000197125 
-0.000190056 
-0.000181762 
-0.000172347 
-0.00016193 
-0.00015065 
-0.00013866 
-0.00012613 
-0.000113241 
-0.000100186 
-8.71654e-05 
-7.43866e-05 
-6.2058e-05 
-5.03857e-05 
-3.95692e-05 
-2.97963e-05 
-2.12377e-05 
-1.40421e-05 
-8.32267e-06 
-4.15939e-06 
-1.40374e-06 
-2.27959e-06 
-4.91254e-06 
-8.76143e-06 
-1.3875e-05 
-2.02446e-05 
-2.77736e-05 
-3.63411e-05 
-4.58017e-05 
-5.59952e-05 
-6.67508e-05 
-7.78922e-05 
-8.92412e-05 
-0.000100622 
-0.000111861 
-0.000122796 
-0.000133269 
-0.000143134 
-0.000152258 
-0.000160518 
-0.000167806 
-0.000174026 
-0.000179097 
-0.000182954 
-0.000185546 
-0.000186836 
-0.000186804 
-0.000185448 
-0.000182778 
-0.000178824 
-0.000173631 
-0.000167262 
-0.000159796 
-0.000151327 
-0.000141967 
-0.000131845 
-0.0001211 
-0.000109889 
-9.8379e-05 
-8.67472e-05 
-7.51781e-05 
-6.38611e-05 
-5.29862e-05 
-4.27404e-05 
-3.33026e-05 
-2.48387e-05 
-1.74952e-05 
-1.13938e-05 
-6.61722e-06 
-3.21252e-06 
-1.02143e-06 
-1.80778e-06 
-3.84864e-06 
-6.909e-06 
-1.10554e-05 
-1.63078e-05 
-2.25995e-05 
-2.98342e-05 
-3.7889e-05 
-4.66239e-05 
-5.58875e-05 
-6.55221e-05 
-7.53679e-05 
-8.52661e-05 
-9.50624e-05 
-0.000104608 
-0.000113764 
-0.000122398 
-0.00013039 
-0.00013763 
-0.000144022 
-0.000149479 
-0.00015393 
-0.000157314 
-0.000159587 
-0.000160717 
-0.000160684 
-0.000159487 
-0.000157135 
-0.000153654 
-0.000149087 
-0.000143487 
-0.000136926 
-0.00012949 
-0.000121279 
-0.000112407 
-0.000103002 
-9.32021e-05 
-8.31593e-05 
-7.30323e-05 
-6.29873e-05 
-5.31943e-05 
-4.38237e-05 
-3.50426e-05 
-2.70097e-05 
-1.98703e-05 
-1.37489e-05 
-8.74335e-06 
-4.90979e-06 
-2.26511e-06 
-6.44258e-07 
-1.32974e-06 
-2.77708e-06 
-5.05102e-06 
-8.23262e-06 
-1.23652e-05 
-1.74066e-05 
-2.32821e-05 
-2.9889e-05 
-3.71073e-05 
-4.48055e-05 
-5.28462e-05 
-6.10901e-05 
-6.9399e-05 
-7.76387e-05 
-8.56805e-05 
-9.34029e-05 
-0.000100693 
-0.000107446 
-0.000113568 
-0.000118975 
-0.000123594 
-0.000127362 
-0.000130228 
-0.000132153 
-0.000133109 
-0.000133081 
-0.000132064 
-0.00013007 
-0.000127119 
-0.000123247 
-0.000118502 
-0.000112945 
-0.000106649 
-9.97006e-05 
-9.21991e-05 
-8.42544e-05 
-7.59874e-05 
-6.75285e-05 
-5.90162e-05 
-5.05947e-05 
-4.24121e-05 
-3.4617e-05 
-2.73547e-05 
-2.07632e-05 
-1.49672e-05 
-1.00715e-05 
-6.15352e-06 
-3.24843e-06 
-1.3482e-06 
-2.87448e-07 
-8.63957e-07 
-1.74155e-06 
-3.25722e-06 
-5.49906e-06 
-8.5242e-06 
-1.23085e-05 
-1.67952e-05 
-2.19005e-05 
-2.75251e-05 
-3.35598e-05 
-3.98906e-05 
-4.64023e-05 
-5.29812e-05 
-5.9517e-05 
-6.59049e-05 
-7.20457e-05 
-7.78475e-05 
-8.32259e-05 
-8.81045e-05 
-9.24155e-05 
-9.60995e-05 
-9.91061e-05 
-0.000101394 
-0.000102931 
-0.000103696 
-0.000103675 
-0.000102865 
-0.000101274 
-9.89195e-05 
-9.58297e-05 
-9.20431e-05 
-8.76087e-05 
-8.25863e-05 
-7.70458e-05 
-7.10671e-05 
-6.47399e-05 
-5.81625e-05 
-5.14415e-05 
-4.46902e-05 
-3.8027e-05 
-3.15738e-05 
-2.54535e-05 
-1.97866e-05 
-1.46875e-05 
-1.02596e-05 
-6.58882e-06 
-3.73551e-06 
-1.72044e-06 
-5.19451e-07 
2.18207e-08 
-4.42197e-07 
-8.20429e-07 
-1.64993e-06 
-3.01194e-06 
-4.96287e-06 
-7.48937e-06 
-1.05496e-05 
-1.40801e-05 
-1.80053e-05 
-2.2243e-05 
-2.67076e-05 
-3.13137e-05 
-3.59772e-05 
-4.06175e-05 
-4.51579e-05 
-4.95265e-05 
-5.36568e-05 
-5.74877e-05 
-6.09642e-05 
-6.40376e-05 
-6.6665e-05 
-6.88104e-05 
-7.04439e-05 
-7.15426e-05 
-7.20903e-05 
-7.20776e-05 
-7.15024e-05 
-7.03698e-05 
-6.86922e-05 
-6.64895e-05 
-6.37894e-05 
-6.06271e-05 
-5.70453e-05 
-5.30944e-05 
-4.88323e-05 
-4.43237e-05 
-3.96403e-05 
-3.48595e-05 
-3.00642e-05 
-2.53415e-05 
-2.07815e-05 
-1.64752e-05 
-1.2513e-05 
-8.98083e-06 
-5.95729e-06 
-3.50761e-06 
-1.67705e-06 
-4.78473e-07 
1.16285e-07 
2.32977e-07 
-1.06331e-07 
-1.30814e-07 
-4.0721e-07 
-9.90963e-07 
-1.92079e-06 
-3.18943e-06 
-4.77131e-06 
-6.62807e-06 
-8.71476e-06 
-1.09831e-05 
-1.33838e-05 
-1.5868e-05 
-1.83884e-05 
-2.08998e-05 
-2.33595e-05 
-2.57278e-05 
-2.79681e-05 
-3.00469e-05 
-3.19341e-05 
-3.36031e-05 
-3.50306e-05 
-3.61968e-05 
-3.70855e-05 
-3.7684e-05 
-3.79835e-05 
-3.79788e-05 
-3.76685e-05 
-3.70552e-05 
-3.61457e-05 
-3.49506e-05 
-3.34848e-05 
-3.17675e-05 
-2.98219e-05 
-2.76756e-05 
-2.53604e-05 
-2.29119e-05 
-2.03696e-05 
-1.77766e-05 
-1.51792e-05 
-1.26263e-05 
-1.01686e-05 
-7.85831e-06 
-5.74731e-06 
-3.88593e-06 
-2.32063e-06 
-1.0908e-06 
-2.24216e-07 
2.71011e-07 
4.14584e-07 
2.8427e-07 
