6.90141e+06 1.48473e+06 -2.2886e+06 
7.70983e+06 1.57988e+06 -2.59139e+06 
8.60733e+06 1.80509e+06 -2.95347e+06 
9.61691e+06 2.06439e+06 -3.37268e+06 
1.07629e+07 2.36434e+06 -3.86659e+06 
1.20568e+07 2.73805e+06 -4.44719e+06 
1.35059e+07 3.28525e+06 -5.31425e+06 
1.51426e+07 4.04663e+06 -6.53939e+06 
1.70618e+07 5.07243e+06 -8.26013e+06 
1.9293e+07 6.48399e+06 -1.05211e+07 
2.17879e+07 8.19224e+06 -1.32503e+07 
2.47393e+07 1.0113e+07 -1.65026e+07 
2.78638e+07 1.15757e+07 -1.81577e+07 
3.03254e+07 1.09226e+07 -1.58254e+07 
3.22087e+07 8.63812e+06 -1.21606e+07 
3.40142e+07 8.43839e+06 -1.13792e+07 
3.49576e+07 8.77655e+06 -1.13382e+07 
3.55221e+07 8.81563e+06 -1.10474e+07 
3.58275e+07 8.62823e+06 -1.07115e+07 
3.54822e+07 8.32751e+06 -1.02058e+07 
3.45798e+07 7.80941e+06 -9.55605e+06 
3.36076e+07 7.1206e+06 -8.94674e+06 
3.30895e+07 6.45852e+06 -8.5428e+06 
3.27723e+07 6.07639e+06 -8.12401e+06 
3.19803e+07 5.75363e+06 -7.58404e+06 
3.07802e+07 5.27037e+06 -6.9345e+06 
2.90635e+07 4.77578e+06 -5.87088e+06 
2.53409e+07 3.65692e+06 -4.01598e+06 
2.34593e+07 1.98369e+06 -3.47523e+06 
2.35989e+07 1.04969e+06 -2.99646e+06 
2.34688e+07 462488 -2.29065e+06 
2.3777e+07 -291878 -2.08422e+06 
2.57995e+07 -922554 -2.47647e+06 
2.89757e+07 -797016 -3.04398e+06 
3.12177e+07 -65744.5 -3.22814e+06 
3.18305e+07 521348 -3.13262e+06 
3.16904e+07 812237 -3.09096e+06 
3.16321e+07 1.00461e+06 -3.17055e+06 
3.19743e+07 1.197e+06 -3.22847e+06 
3.24949e+07 1.48641e+06 -3.13991e+06 
3.3053e+07 1.78323e+06 -2.85131e+06 
3.35825e+07 2.03061e+06 -2.35197e+06 
3.40717e+07 2.11213e+06 -1.75377e+06 
3.45791e+07 1.97341e+06 -1.20127e+06 
3.51889e+07 1.61064e+06 -775876 
3.58947e+07 1.15275e+06 -350228 
3.64122e+07 694865 134568 
3.66388e+07 52340 364348 
3.73323e+07 -577453 602340 
7.05881e+06 -699843 583366 
7.91235e+06 -871598 790792 
8.72607e+06 -973987 926930 
9.60592e+06 -1.13424e+06 1.1496e+06 
1.05395e+07 -1.33413e+06 1.39983e+06 
1.15516e+07 -1.56798e+06 1.702e+06 
1.26525e+07 -1.85148e+06 2.07304e+06 
1.38387e+07 -2.17227e+06 2.4892e+06 
1.51012e+07 -2.52013e+06 2.94341e+06 
1.64945e+07 -2.92854e+06 3.4521e+06 
1.80664e+07 -3.38372e+06 4.06241e+06 
1.95645e+07 -3.79841e+06 4.81039e+06 
2.0903e+07 -4.29652e+06 5.67623e+06 
2.21223e+07 -4.85683e+06 6.77066e+06 
2.2839e+07 -5.34622e+06 7.86937e+06 
2.32272e+07 -5.8486e+06 8.65069e+06 
2.37894e+07 -6.23092e+06 9.05195e+06 
2.4068e+07 -6.31253e+06 9.37814e+06 
2.4035e+07 -6.31783e+06 9.49631e+06 
2.36489e+07 -6.57243e+06 1.01121e+07 
2.28826e+07 -6.86219e+06 1.07266e+07 
2.17647e+07 -6.80162e+06 1.08278e+07 
2.04861e+07 -6.50951e+06 1.05238e+07 
1.92963e+07 -6.25866e+06 1.03113e+07 
1.83689e+07 -6.00667e+06 9.89109e+06 
1.77338e+07 -5.46846e+06 8.76682e+06 
1.73964e+07 -4.75134e+06 7.34344e+06 
1.7213e+07 -3.81728e+06 5.75379e+06 
1.71298e+07 -2.4389e+06 3.29784e+06 
1.76204e+07 -1.56534e+06 1.54707e+06 
1.86957e+07 -1.1913e+06 928209 
1.97583e+07 -790531 371682 
2.04481e+07 -252124 -173704 
2.11841e+07 -65844.4 -226202 
2.26296e+07 -470885 247090 
2.47987e+07 -1.04458e+06 755076 
2.65986e+07 -984316 926711 
2.75107e+07 -777152 848361 
2.82623e+07 -751184 669744 
2.9266e+07 -762087 552026 
3.04735e+07 -767061 530942 
3.16766e+07 -801092 519813 
3.27811e+07 -798803 510013 
3.37039e+07 -787295 450171 
3.45197e+07 -747478 309796 
3.53031e+07 -653654 69785.6 
3.60593e+07 -508030 -133625 
3.66647e+07 -298608 -241858 
3.68726e+07 -156937 -191206 
3.69192e+07 -45818.4 -8573.85 
6.66832e+06 106477 -434134 
7.22977e+06 152945 -493942 
7.85605e+06 167836 -528533 
8.51701e+06 190743 -583205 
9.20664e+06 227726 -647565 
9.92555e+06 269267 -715823 
1.06654e+07 314207 -789249 
1.14549e+07 355139 -894925 
1.24042e+07 400071 -1.07466e+06 
1.36185e+07 482092 -1.33525e+06 
1.51219e+07 602345 -1.64808e+06 
1.68632e+07 774161 -1.98436e+06 
1.85701e+07 1.04467e+06 -2.29638e+06 
1.9952e+07 1.33787e+06 -2.51122e+06 
2.08104e+07 1.62346e+06 -2.6499e+06 
2.11499e+07 1.85937e+06 -2.77619e+06 
2.13678e+07 1.94e+06 -2.92558e+06 
2.20266e+07 1.94831e+06 -3.26076e+06 
2.32377e+07 2.15152e+06 -3.79879e+06 
2.46591e+07 2.52916e+06 -4.34312e+06 
2.59648e+07 2.92355e+06 -4.78412e+06 
2.70441e+07 3.23308e+06 -5.07558e+06 
2.78701e+07 3.47064e+06 -5.25751e+06 
2.83653e+07 3.65999e+06 -5.35577e+06 
2.8524e+07 3.82886e+06 -5.4913e+06 
2.86939e+07 3.88031e+06 -5.69049e+06 
2.93123e+07 3.88301e+06 -5.95721e+06 
3.02964e+07 4.09562e+06 -6.24734e+06 
3.07822e+07 4.43629e+06 -6.12771e+06 
3.09765e+07 4.56717e+06 -5.86667e+06 
3.11114e+07 4.49686e+06 -5.65407e+06 
3.11974e+07 4.33239e+06 -5.22982e+06 
3.10687e+07 3.96467e+06 -4.47982e+06 
3.05075e+07 3.29991e+06 -3.7033e+06 
3.03911e+07 2.2596e+06 -3.34668e+06 
3.10106e+07 1.79537e+06 -2.97267e+06 
3.19448e+07 1.33331e+06 -2.58464e+06 
3.26681e+07 1.17661e+06 -2.3262e+06 
3.31652e+07 1.05312e+06 -2.21358e+06 
3.3654e+07 873965 -1.97962e+06 
3.42218e+07 609568 -1.71046e+06 
3.48223e+07 437669 -1.46789e+06 
3.53742e+07 288578 -1.22016e+06 
3.58504e+07 182102 -1.02872e+06 
3.63677e+07 102645 -900239 
3.69897e+07 1936.3 -794424 
3.74809e+07 150310 -585706 
3.75388e+07 172179 -220939 
3.73452e+07 210899 129512 
3.68609e+07 379930 202636 
7.90886e+06 91287.2 -485106 
8.62304e+06 93541.7 -501476 
9.35177e+06 96402.8 -521168 
1.00974e+07 98007 -533441 
1.08655e+07 90775.8 -532416 
1.16584e+07 74722.1 -527560 
1.25023e+07 48044 -537858 
1.35065e+07 9887.63 -614464 
1.4789e+07 -5658.6 -735760 
1.62661e+07 1314.65 -777950 
1.77601e+07 -38965.1 -680799 
1.92039e+07 -158901 -457076 
2.0535e+07 -323919 -125842 
2.1593e+07 -465876 238392 
2.22878e+07 -568735 542593 
2.26141e+07 -618642 759707 
2.27404e+07 -688697 868285 
2.30357e+07 -845331 951487 
2.39089e+07 -1.18118e+06 1.13183e+06 
2.51814e+07 -1.47356e+06 1.49029e+06 
2.64835e+07 -1.73471e+06 1.85198e+06 
2.7596e+07 -1.84732e+06 2.12185e+06 
2.84607e+07 -1.88982e+06 2.26019e+06 
2.91717e+07 -1.86964e+06 2.26667e+06 
2.9577e+07 -1.71583e+06 2.29119e+06 
2.96209e+07 -1.63077e+06 2.35828e+06 
2.94754e+07 -1.68716e+06 2.53665e+06 
2.94251e+07 -1.90394e+06 2.84537e+06 
2.94321e+07 -2.14579e+06 3.24064e+06 
2.92742e+07 -2.26786e+06 3.4089e+06 
2.90629e+07 -2.29058e+06 3.398e+06 
2.90568e+07 -2.29379e+06 3.20771e+06 
2.91628e+07 -2.04922e+06 2.783e+06 
2.9295e+07 -1.67834e+06 2.04286e+06 
2.97467e+07 -1.22902e+06 1.14857e+06 
3.03617e+07 -822905 847705 
3.07975e+07 -696574 687042 
3.14474e+07 -678723 609379 
3.23778e+07 -689067 355903 
3.3415e+07 -451750 165235 
3.41632e+07 -253659 60326 
3.4822e+07 -220566 -49026.8 
3.55e+07 -135331 -134298 
3.614e+07 -77556.9 -226563 
3.68023e+07 -32937.4 -258000 
3.74391e+07 -12303.9 -325895 
3.84251e+07 -106940 -300521 
3.81819e+07 393826 -3261.18 
3.70594e+07 118354 242110 
3.65928e+07 -46304 248055 
8.91245e+06 14442.7 -395152 
9.65968e+06 20522.5 -409673 
1.0423e+07 25346.5 -425632 
1.12076e+07 28046.2 -442780 
1.20321e+07 30867.3 -479132 
1.29292e+07 41187.1 -548344 
1.39723e+07 52051.5 -679860 
1.53039e+07 73215.1 -885077 
1.68783e+07 146088 -1.02017e+06 
1.83247e+07 231983 -960417 
1.94501e+07 242498 -817005 
2.04215e+07 202076 -713851 
2.13228e+07 187423 -649711 
2.21248e+07 193816 -631354 
2.27228e+07 276079 -615608 
2.31139e+07 331683 -626820 
2.33936e+07 394976 -704970 
2.38288e+07 417123 -878796 
2.44703e+07 463057 -1.04006e+06 
2.54219e+07 410320 -1.19029e+06 
2.66064e+07 524100 -1.38761e+06 
2.80337e+07 579449 -1.58954e+06 
2.89585e+07 839100 -1.48412e+06 
2.95824e+07 691563 -1.38062e+06 
3.05932e+07 534964 -1.46941e+06 
3.13764e+07 927496 -1.56199e+06 
3.18701e+07 1.10201e+06 -1.67581e+06 
3.23505e+07 1.01017e+06 -2.00963e+06 
3.28732e+07 1.31825e+06 -2.15732e+06 
3.29474e+07 1.44301e+06 -2.22361e+06 
3.28516e+07 1.43232e+06 -2.18716e+06 
3.28335e+07 1.31694e+06 -2.11911e+06 
3.30287e+07 1.16497e+06 -2.00205e+06 
3.3096e+07 1.11819e+06 -1.75071e+06 
3.30033e+07 820730 -1.33447e+06 
3.2641e+07 602000 -861029 
3.23285e+07 469887 -585663 
3.2277e+07 304147 -451141 
3.25692e+07 -50236.2 -365565 
3.3674e+07 -436120 -294417 
3.50943e+07 -366852 -322648 
3.57884e+07 -127335 -296396 
3.61009e+07 -191338 -177510 
3.65348e+07 -249212 -114713 
3.70329e+07 -279788 -123181 
3.76742e+07 -213280 -80270 
3.78233e+07 -19987.6 91877.5 
3.79489e+07 -157536 719105 
3.6502e+07 -32943.4 379090 
3.54996e+07 215453 600511 
9.59642e+06 -40492.8 -325484 
1.03775e+07 -47302.5 -332284 
1.11925e+07 -51234.8 -350780 
1.20642e+07 -53972.4 -395898 
1.30568e+07 -52034.8 -480975 
1.4208e+07 -36714.1 -588788 
1.5586e+07 -33863.3 -734257 
1.7289e+07 -28809.2 -876058 
1.90464e+07 33995.8 -838837 
2.03214e+07 107654 -621713 
2.10618e+07 105027 -437094 
2.16974e+07 31892.7 -378665 
2.23401e+07 5480.99 -319126 
2.29858e+07 -60602.6 -301475 
2.3824e+07 -115743 -378107 
2.43067e+07 95419.9 -320544 
2.44732e+07 46595.9 -269497 
2.5035e+07 -99936.2 -395690 
2.62502e+07 -40074.2 -550950 
2.76299e+07 52315.2 -704607 
2.9327e+07 -75166.7 -908432 
3.13154e+07 -12837.8 -1.02628e+06 
3.29696e+07 168134 -888875 
3.31562e+07 589438 -678172 
3.33879e+07 341141 -585926 
3.4512e+07 -243114 -550134 
3.44684e+07 367863 -47868.8 
3.39312e+07 -216452 178501 
3.45792e+07 -344752 291282 
3.47525e+07 -234370 402960 
3.4707e+07 -138024 367651 
3.45164e+07 -42866.9 267682 
3.44331e+07 -16524.5 135982 
3.44465e+07 27763.4 67393.2 
3.40342e+07 127079 -11307 
3.35007e+07 312247 60856.4 
3.29882e+07 221075 33171 
3.29496e+07 78451.4 -146520 
3.25811e+07 190981 -206243 
3.23716e+07 30519.4 -250985 
3.30799e+07 -361078 -356756 
3.47642e+07 -166480 -648818 
3.62104e+07 472992 -1.00296e+06 
3.70002e+07 791038 -1.15218e+06 
3.74996e+07 1.02314e+06 -833990 
3.732e+07 791942 12154.3 
3.65187e+07 130520 287884 
3.63567e+07 36320.5 452312 
3.51558e+07 -280341 155374 
3.4744e+07 81343 476059 
1.02853e+07 10458.2 -403773 
1.10807e+07 19105.6 -429188 
1.1898e+07 20044.2 -440521 
1.28102e+07 -20046.1 -466045 
1.3951e+07 -70870.6 -523025 
1.52756e+07 -83753.5 -560520 
1.67072e+07 -106985 -586977 
1.82673e+07 -140625 -562830 
1.96412e+07 -120019 -363124 
2.03848e+07 -95680.3 -61498.3 
2.06296e+07 -164901 137459 
2.10293e+07 -320833 133964 
2.20737e+07 -408520 -20829.5 
2.31377e+07 -191665 -77244.6 
2.45748e+07 -419047 -358611 
2.66378e+07 -333284 -609900 
2.77633e+07 208234 -755289 
2.8907e+07 207633 -1.25129e+06 
3.06676e+07 385422 -1.68981e+06 
3.13667e+07 920982 -1.38509e+06 
3.19042e+07 490356 -1.28595e+06 
3.30478e+07 327289 -1.04397e+06 
3.4231e+07 372890 -865089 
3.43846e+07 706101 -555134 
3.34955e+07 602783 -574262 
3.46532e+07 328460 -1.29579e+06 
3.86556e+07 105159 -2.57721e+06 
3.90855e+07 3.31428e+06 -2.15522e+06 
3.76623e+07 1.46577e+06 -2.2686e+06 
3.77772e+07 1.29509e+06 -1.67033e+06 
3.69775e+07 970094 -1.04034e+06 
3.61235e+07 467036 -375073 
3.5403e+07 -104054 279525 
3.51792e+07 -649441 771470 
3.5861e+07 -799426 656655 
3.68889e+07 -56402 10556.7 
3.63184e+07 530588 -439279 
3.54454e+07 622758 -296906 
3.50161e+07 306532 71464.6 
3.49854e+07 117692 342645 
3.48428e+07 24990.3 808566 
3.47856e+07 -671350 1.83441e+06 
3.49225e+07 -2.52532e+06 3.13985e+06 
3.50458e+07 -4.2839e+06 4.52732e+06 
3.49598e+07 -5.01857e+06 5.64148e+06 
3.392e+07 -4.44347e+06 4.2039e+06 
3.38902e+07 -3.15182e+06 2.37335e+06 
3.48804e+07 -2.64088e+06 1.30843e+06 
3.57714e+07 -714478 709922 
3.43673e+07 1.12552e+06 481613 
1.13885e+07 111475 -530546 
1.21552e+07 71041.1 -489879 
1.30006e+07 4693.25 -485258 
1.4132e+07 -49020.3 -650109 
1.56803e+07 24589 -936111 
1.72682e+07 241542 -1.10741e+06 
1.85674e+07 377158 -1.12604e+06 
1.97247e+07 382173 -990558 
2.04642e+07 367722 -550250 
2.05494e+07 156154 -53720.9 
2.06853e+07 -197481 58791.4 
2.11871e+07 -299060 -24807.9 
2.22006e+07 -428808 -277749 
2.38134e+07 -329191 -578766 
2.48895e+07 193039 -752406 
2.65981e+07 50888.3 -971290 
2.78328e+07 367193 -743892 
2.88208e+07 267180 -1.01702e+06 
3.17265e+07 -89062.8 -1.39978e+06 
3.56225e+07 53328.1 -1.45228e+06 
3.54883e+07 1.73017e+06 -372447 
3.37659e+07 52646 820953 
3.26353e+07 -1.04065e+06 1.98271e+06 
3.27437e+07 -2.28708e+06 2.69711e+06 
3.3216e+07 -2.39467e+06 2.83668e+06 
3.18232e+07 -2.18363e+06 4.08212e+06 
2.79733e+07 -3.48414e+06 7.35692e+06 
2.51094e+07 -1.4055e+07 2.35878e+07 
2.08598e+07 -2.00367e+07 3.27708e+07 
1.94831e+07 -2.12969e+07 3.56277e+07 
1.84178e+07 -1.80117e+07 3.00677e+07 
1.74083e+07 -1.73467e+07 2.90203e+07 
1.629e+07 -1.59181e+07 2.68027e+07 
1.52358e+07 -1.38002e+07 2.2944e+07 
1.46812e+07 -1.23485e+07 1.93204e+07 
1.50683e+07 -1.30035e+07 1.83052e+07 
1.59789e+07 -1.58613e+07 2.12756e+07 
1.60917e+07 -1.90316e+07 2.59832e+07 
1.56263e+07 -1.90914e+07 2.62899e+07 
1.46201e+07 -1.76842e+07 2.42969e+07 
1.35322e+07 -1.52056e+07 2.107e+07 
1.20969e+07 -1.2409e+07 1.79723e+07 
1.05056e+07 -9.95417e+06 1.54987e+07 
9.12777e+06 -8.12388e+06 1.31819e+07 
8.35253e+06 -6.85363e+06 1.137e+07 
8.61242e+06 -7.52646e+06 1.0659e+07 
9.66733e+06 -9.54282e+06 1.16887e+07 
1.04054e+07 -1.14488e+07 1.20448e+07 
1.23326e+07 -1.75063e+07 1.75093e+07 
1.41941e+07 -1.735e+07 1.78221e+07 
1.27146e+07 -5816.92 -475531 
1.37743e+07 -1253.6 -684263 
1.51688e+07 152481 -1.07402e+06 
1.68642e+07 371151 -1.47089e+06 
1.85794e+07 550091 -1.44752e+06 
1.95233e+07 498872 -750444 
1.96379e+07 17768.6 112192 
1.97245e+07 -584079 681482 
2.00458e+07 -885202 800361 
2.0948e+07 -707432 10012.1 
2.27171e+07 17138.5 -1.33606e+06 
2.51154e+07 777851 -2.54468e+06 
2.82672e+07 1.25575e+06 -3.88066e+06 
3.27788e+07 1.81304e+06 -5.0021e+06 
3.53006e+07 3.26689e+06 -4.35618e+06 
3.37351e+07 3.20606e+06 -2.62932e+06 
3.29126e+07 1.30652e+06 -1.22258e+06 
3.20871e+07 295603 94333.8 
2.9947e+07 -503453 2.45356e+06 
2.55031e+07 -2.1569e+06 6.07247e+06 
2.05328e+07 -6.05608e+06 1.33631e+07 
1.55435e+07 -1.4351e+07 2.49939e+07 
1.3428e+07 -1.21765e+07 2.06157e+07 
1.22482e+07 -8.78459e+06 1.66158e+07 
1.15719e+07 -6.09978e+06 1.15777e+07 
1.09199e+07 -4.73479e+06 9.40866e+06 
9.42999e+06 -2.65588e+06 6.84056e+06 
8.02088e+06 370401 3.06661e+06 
7.52816e+06 -888910 2.39989e+06 
7.43464e+06 -1.51411e+06 2.0311e+06 
7.359e+06 -1.53737e+06 1.9464e+06 
7.27323e+06 -1.69641e+06 1.96916e+06 
7.21123e+06 -1.72756e+06 2.03616e+06 
7.16402e+06 -1.86879e+06 2.13353e+06 
7.13841e+06 -302508 359000 
7.11964e+06 -240588 312843 
7.11051e+06 -218516 305035 
7.09038e+06 -205547 320724 
7.10674e+06 -231795 308802 
7.19445e+06 -248128 265880 
7.21993e+06 -114124 234034 
7.22001e+06 -119854 160699 
7.28109e+06 -116509 74155.5 
7.34492e+06 -65796.8 13698.3 
7.38594e+06 -15064.8 -19490.9 
7.40004e+06 19482.4 -19981.3 
7.39012e+06 21506.2 17085 
7.35783e+06 855.651 76602.3 
7.26659e+06 13914.7 183026 
7.16576e+06 -582609 3.97625e+06 
1.47666e+07 193485 -1.06404e+06 
1.63921e+07 373814 -1.38055e+06 
1.78718e+07 466480 -1.17259e+06 
1.88023e+07 138566 -403944 
1.93658e+07 -451139 476250 
1.96494e+07 -778922 766679 
2.05347e+07 -550760 -304435 
2.30883e+07 215425 -2.43197e+06 
2.70401e+07 1.46663e+06 -4.65058e+06 
3.0893e+07 2.91774e+06 -5.96492e+06 
3.27192e+07 3.78623e+06 -4.93761e+06 
3.26741e+07 2.68158e+06 -2.68052e+06 
3.2544e+07 779419 -289232 
3.2496e+07 -1.45116e+06 2.82369e+06 
2.9975e+07 -2.87365e+06 6.92964e+06 
2.31334e+07 -3.98907e+06 9.32893e+06 
1.70024e+07 -1.33157e+07 2.47465e+07 
1.42816e+07 -1.14689e+07 1.99735e+07 
1.23979e+07 -8.2154e+06 1.60516e+07 
1.01598e+07 -3.72302e+06 9.42085e+06 
8.55675e+06 -283811 2.75503e+06 
7.62722e+06 -233524 1.58574e+06 
7.40275e+06 -1.01798e+06 1.11771e+06 
7.35187e+06 -1.2813e+06 1.46358e+06 
7.29294e+06 -1.46997e+06 1.40497e+06 
7.28307e+06 -191579 129229 
7.29137e+06 -224359 105373 
7.26855e+06 -165142 1686.75 
7.36342e+06 -51342.1 -16866.4 
7.40028e+06 1163.71 -64112.4 
7.41547e+06 19659.9 -72571.4 
7.41727e+06 24283.7 -71121.7 
7.41167e+06 21048.7 -62519.2 
7.40284e+06 15758.6 -50733.3 
7.38784e+06 17424.7 -37872.1 
7.37682e+06 13604.9 -30598.5 
7.37118e+06 10374.9 -27260.6 
7.37147e+06 7354.3 -27496.2 
7.37012e+06 12452.6 -24687.4 
7.36723e+06 10534.8 -15430.3 
7.36164e+06 9131.34 -14252.2 
7.35577e+06 11782.4 -10653.2 
7.35156e+06 8284.57 -3035.11 
7.34821e+06 3135.12 388.873 
7.34653e+06 383.476 1200.63 
7.34602e+06 -720.142 1289.76 
7.34595e+06 -895.884 1040.46 
7.34652e+06 -2786.53 -905.818 
7.3488e+06 -84.491 -4294.33 
7.35361e+06 327.391 -14476.2 
1.70047e+07 305802 -896789 
1.78969e+07 -63765.9 -165387 
1.84893e+07 -560644 512156 
1.94033e+07 -731495 63737.1 
2.2078e+07 -244222 -1.98841e+06 
2.63052e+07 1.22769e+06 -4.54003e+06 
2.95266e+07 3.11257e+06 -5.50319e+06 
3.08709e+07 3.04429e+06 -4.03165e+06 
3.33805e+07 933786 -1.77895e+06 
3.492e+07 -691613 1.97078e+06 
3.15169e+07 -2.37399e+06 6.64691e+06 
2.40342e+07 -3.65269e+06 8.85534e+06 
1.73693e+07 -1.1899e+07 2.37545e+07 
1.30177e+07 -9.93281e+06 1.85786e+07 
1.06056e+07 -6.1306e+06 1.26888e+07 
9.29146e+06 -651131 3.32122e+06 
8.05345e+06 85863.3 1.13741e+06 
7.74317e+06 255568 -435939 
7.63699e+06 -133803 -204541 
7.36585e+06 -213385 439825 
7.3289e+06 -232879 75290.4 
7.36692e+06 -100095 -90182.3 
7.39442e+06 36953.5 -70058.4 
7.40066e+06 39001.1 -64295 
7.38816e+06 38541.9 -50724.8 
7.37285e+06 22522.6 -31592.7 
7.3649e+06 19997.4 -31060.7 
7.35695e+06 18755 -13658.8 
7.34882e+06 7977.92 -957.823 
7.34302e+06 3738.43 3486.5 
7.34163e+06 404.766 5770.52 
7.34149e+06 -540.945 5732.31 
7.34245e+06 -1123.1 4647.8 
7.34337e+06 -651.301 3451.2 
7.34477e+06 -1156.97 2691.2 
7.34568e+06 -885.54 1586.19 
7.34638e+06 -614.641 1213.52 
7.34655e+06 -191.689 985.015 
7.34661e+06 -210.019 1123.06 
7.34668e+06 -516.332 809.144 
7.34693e+06 -465.045 520.397 
7.34724e+06 -477.85 431.341 
7.34738e+06 -333.919 88.063 
7.34751e+06 -96.5686 -28.3064 
7.34756e+06 -8.75623 -40.1595 
7.34757e+06 22.9827 -41.6619 
7.34758e+06 15.0128 -32.1941 
7.34757e+06 87.9284 -70.1712 
7.34759e+06 69.4652 172.107 
7.34728e+06 240.243 228.281 
1.77931e+07 -672101 248090 
1.97147e+07 -620106 -840715 
2.35865e+07 321481 -3.41345e+06 
2.76323e+07 2.35877e+06 -5.35323e+06 
2.98899e+07 3.04525e+06 -4.69701e+06 
3.36425e+07 1.03791e+06 -2.72204e+06 
3.6083e+07 -219642 1.39866e+06 
3.14746e+07 -1.51068e+06 5.99676e+06 
2.2987e+07 -2.73402e+06 8.09518e+06 
1.59463e+07 -9.41361e+06 2.01726e+07 
1.11426e+07 -7.53472e+06 1.62678e+07 
9.25526e+06 -1.62885e+06 3.91532e+06 
8.24608e+06 236043 253890 
7.88038e+06 2.11583e+06 -2.03239e+06 
7.87015e+06 1.69961e+06 -3.59263e+06 
7.43423e+06 -5835.29 126714 
7.2984e+06 -185077 50915.5 
7.292e+06 -122785 -9806.89 
7.34389e+06 9595.38 22824.3 
7.37947e+06 19133.8 -25462.7 
7.36678e+06 52716.6 -41327 
7.33904e+06 22614.4 2174.79 
7.33653e+06 -2025.34 18641.1 
7.33588e+06 -5938.19 12719.4 
7.33909e+06 -5449.2 10014.7 
7.34284e+06 -3426.17 4790.18 
7.34445e+06 -1585.18 3212.23 
7.3462e+06 -1665.25 2085.88 
7.34708e+06 -908.595 428.311 
7.34786e+06 -542.993 -76.749 
7.34793e+06 -108.572 -372.292 
7.34795e+06 -28.802 -378.601 
7.34787e+06 65.6856 -340.047 
7.3478e+06 46.4687 -215.465 
7.34771e+06 57.3421 -181.728 
7.34764e+06 78.8467 -96.5378 
7.34759e+06 40.5097 -53.6689 
7.34757e+06 18.1726 -32.0173 
7.34757e+06 -3.90054 -35.2472 
7.34756e+06 13.3467 -46.3815 
7.34756e+06 30.2675 -21.6943 
7.34754e+06 16.2689 -9.26823 
7.34753e+06 11.2179 -5.01964 
7.34753e+06 2.80386 4.97391 
7.34752e+06 -1.4167 3.10819 
7.34752e+06 -1.87284 3.86414 
7.34752e+06 -2.35527 3.54006 
7.34752e+06 -2.09201 4.94452 
7.34752e+06 -6.72472 2.522 
7.34753e+06 -8.51478 -4.94072 
2.3886e+07 850611 -4.09492e+06 
2.77592e+07 2.67375e+06 -5.30023e+06 
3.08314e+07 2.1036e+06 -4.07095e+06 
3.48682e+07 370092 -699805 
3.28054e+07 -670130 4.53502e+06 
2.46445e+07 -2.28116e+06 7.72624e+06 
1.72776e+07 -8.22057e+06 1.84764e+07 
1.17432e+07 -7.79106e+06 1.61508e+07 
8.6308e+06 -1.06829e+06 4.06451e+06 
7.20387e+06 -133491 454154 
8.02096e+06 3.57329e+06 -1.83377e+06 
7.81542e+06 1.02771e+06 -3.29418e+06 
7.55729e+06 -329900 417000 
7.1444e+06 -236827 301651 
7.3182e+06 -130439 134755 
7.37367e+06 -16388.1 16000.8 
7.36154e+06 58005.4 -48628 
7.34411e+06 23885.2 -13584 
7.34302e+06 -3478.25 10949.3 
7.33877e+06 -7026.95 10268.6 
7.34165e+06 -9061.74 10446.4 
7.34737e+06 -4512.97 601.11 
7.34956e+06 -491.38 -2722.99 
7.34943e+06 813.927 -2241.07 
7.3489e+06 719.672 -1536.39 
7.34824e+06 515.313 -777.621 
7.34793e+06 223.526 -337.894 
7.3477e+06 148.651 -216.599 
7.3476e+06 81.0742 -71.7022 
7.34751e+06 64.0815 -12.8763 
7.3475e+06 16.7213 27.7761 
7.3475e+06 -0.198662 18.9243 
7.34751e+06 -0.838586 21.3446 
7.34751e+06 -4.33158 13.4632 
7.34752e+06 -1.89301 10.4637 
7.34752e+06 -5.76599 8.12247 
7.34752e+06 -3.73103 3.80021 
7.34752e+06 -2.07447 3.72483 
7.34752e+06 -1.26669 3.63461 
7.34752e+06 -1.20782 5.11155 
7.34752e+06 -3.06147 5.42652 
7.34752e+06 -2.99899 4.00262 
7.34752e+06 -2.26072 4.38392 
7.34751e+06 -2.44688 4.26586 
7.34751e+06 -2.29537 4.09106 
7.34751e+06 -2.35491 4.22266 
7.34751e+06 -2.41476 4.16734 
7.34751e+06 -2.59894 4.23546 
7.34751e+06 -3.33608 3.39055 
7.34751e+06 -3.47642 2.32016 
3.05893e+07 1.35842e+06 -3.31966e+06 
3.38992e+07 -52447 934230 
2.95944e+07 -1.3107e+06 5.96307e+06 
2.16353e+07 -3.0765e+06 8.63355e+06 
1.42589e+07 -8.36067e+06 1.8167e+07 
9.25152e+06 -2.79638e+06 7.60792e+06 
7.32026e+06 101757 813578 
7.71955e+06 3.73977e+06 -2.29472e+06 
7.5156e+06 1.51019e+06 -2.53161e+06 
7.39223e+06 -42815.8 37424.7 
7.34354e+06 -263988 317069 
7.34355e+06 -80404.1 97392.2 
7.35947e+06 29441.2 -32524 
7.35697e+06 70608.5 -107703 
7.34546e+06 28267 -30261.2 
7.34059e+06 -1018.11 6771.58 
7.34328e+06 -13485.3 14752.4 
7.34814e+06 -5069.62 1738.24 
7.34983e+06 650.313 -3233.27 
7.34955e+06 1790.93 -3026.98 
7.34889e+06 1538.39 -2139.75 
7.34784e+06 870.453 -480.318 
7.34731e+06 197.411 320.726 
7.34724e+06 -79.4272 345.421 
7.34732e+06 -99.0074 216.356 
7.34742e+06 -69.6359 112.005 
7.34747e+06 -34.5197 44.243 
7.34751e+06 -17.2771 19.4033 
7.34752e+06 -6.43071 6.30635 
7.34753e+06 -5.03001 2.37988 
7.34753e+06 -3.06482 -2.30187 
7.34753e+06 0.658355 -0.95778 
7.34753e+06 -0.436817 0.933888 
7.34753e+06 -0.657356 1.81558 
7.34752e+06 -1.178 3.0429 
7.34752e+06 -1.37619 3.6421 
7.34752e+06 -1.63102 4.33482 
7.34751e+06 -2.00763 4.59448 
7.34751e+06 -2.14641 4.57167 
7.34751e+06 -2.21209 4.43252 
7.3475e+06 -2.15779 4.13698 
7.3475e+06 -2.03127 3.89536 
7.3475e+06 -1.9961 3.61535 
7.3475e+06 -1.89555 3.2483 
7.3475e+06 -1.77093 2.95493 
7.3475e+06 -1.65555 2.67332 
7.3475e+06 -1.48746 2.4778 
7.3475e+06 -1.27719 2.53902 
7.3475e+06 -1.87215 2.19442 
7.3475e+06 -3.20625 1.5052 
2.8877e+07 -1.39012e+06 5.72019e+06 
2.02751e+07 -3.16874e+06 1.04379e+07 
1.26174e+07 -6.65569e+06 1.49086e+07 
8.69069e+06 -509979 3.68521e+06 
7.2084e+06 2.03736e+06 -974233 
7.2124e+06 1.82778e+06 -3.15377e+06 
7.32095e+06 -20365.3 18902.7 
7.32647e+06 -235783 269032 
7.35608e+06 -97595.3 95410.9 
7.36288e+06 19122.1 -19764.4 
7.35248e+06 53163.2 -70554.6 
7.34659e+06 10231.3 -10458.1 
7.3457e+06 -13755.2 19221.5 
7.34675e+06 -15920.1 22072.4 
7.34937e+06 -4820.76 3566.9 
7.35017e+06 1566.61 -3766.2 
7.34885e+06 3070.5 -3767.82 
7.34739e+06 1189.3 -462.999 
7.34695e+06 -104.022 784.032 
7.34707e+06 -371.214 691.18 
7.34725e+06 -277.469 412.324 
7.34742e+06 -156.48 143.42 
7.34753e+06 -51.8194 -15.9212 
7.34756e+06 1.38037 -47.9043 
7.34755e+06 13.1532 -32.867 
7.34754e+06 10.2196 -16.8912 
7.34754e+06 5.41476 -7.09605 
7.34753e+06 2.5835 -2.03725 
7.34753e+06 0.548886 0.964178 
7.34752e+06 -0.485747 2.44329 
7.34752e+06 -0.844184 3.81196 
7.34752e+06 -1.68102 4.68125 
7.34751e+06 -1.98493 4.82225 
7.34751e+06 -2.06561 4.87241 
7.34751e+06 -2.09312 4.65022 
7.3475e+06 -2.00962 4.23265 
7.3475e+06 -1.84609 3.67282 
7.3475e+06 -1.60698 3.03164 
7.3475e+06 -1.33217 2.37523 
7.3475e+06 -1.0447 1.72812 
7.3475e+06 -0.75287 1.12104 
7.3475e+06 -0.475387 0.575183 
7.3475e+06 -0.21455 0.0943566 
7.3475e+06 0.0238529 -0.307302 
7.3475e+06 0.225221 -0.636074 
7.3475e+06 0.389837 -0.908078 
7.3475e+06 0.56223 -1.12473 
7.3475e+06 0.932145 -1.15122 
7.3475e+06 1.18144 -1.05976 
7.3475e+06 0.277632 -0.86532 
1.23599e+07 -4.68691e+06 1.25054e+07 
7.93426e+06 -332083 3.3069e+06 
6.77882e+06 1.34566e+06 -1.07465e+06 
7.17424e+06 95039.7 -410790 
7.3243e+06 -174454 113890 
7.40581e+06 -85483.2 75524.1 
7.39571e+06 27443.5 -29431.6 
7.36691e+06 71912.5 -89751 
7.3506e+06 25326.8 -24395.7 
7.3444e+06 -6249.89 10608.7 
7.34513e+06 -9496.82 11314.6 
7.34754e+06 548.767 -2597.47 
7.34806e+06 4771.2 -6884.41 
7.34744e+06 3704.94 -4657.8 
7.34677e+06 707.712 39.9251 
7.34672e+06 -662.931 1429.02 
7.34711e+06 -746.141 970.586 
7.3475e+06 -295.316 153.301 
7.34763e+06 -0.0852385 -155.448 
7.34761e+06 69.1852 -143.148 
7.34758e+06 51.4096 -79.0653 
7.34755e+06 28.0858 -33.4985 
7.34753e+06 11.625 -5.97423 
7.34753e+06 2.38726 4.27193 
7.34752e+06 -1.14922 5.34118 
7.34752e+06 -1.84841 4.62878 
7.34752e+06 -1.80353 4.49827 
7.34752e+06 -1.88657 4.77447 
7.34751e+06 -2.00017 4.95098 
7.34751e+06 -2.03948 4.92061 
7.34751e+06 -2.03499 4.57515 
7.3475e+06 -1.85322 3.92911 
7.3475e+06 -1.56245 3.13754 
7.3475e+06 -1.21882 2.23566 
7.3475e+06 -0.823723 1.29822 
7.3475e+06 -0.412845 0.400172 
7.3475e+06 -0.0133497 -0.415401 
7.3475e+06 0.357166 -1.1215 
7.3475e+06 0.687438 -1.70694 
7.3475e+06 0.972212 -2.17319 
7.3475e+06 1.21064 -2.52838 
7.3475e+06 1.40532 -2.7867 
7.3475e+06 1.56134 -2.96406 
7.34751e+06 1.68437 -3.07659 
7.34751e+06 1.78114 -3.13769 
7.34751e+06 1.84391 -3.16286 
7.34751e+06 1.85308 -3.19089 
7.34751e+06 1.92951 -3.25157 
7.34751e+06 2.51626 -3.08298 
7.34751e+06 2.89933 -2.59248 
6.59124e+06 -86386.9 285173 
7.14125e+06 129068 -377714 
7.37524e+06 -47708.6 -104961 
7.39166e+06 -1228.23 -1770.75 
7.3485e+06 73022.3 -83207.9 
7.34008e+06 29592.4 -25493.5 
7.33765e+06 -12402.3 23319.1 
7.33916e+06 -22645.4 30985.3 
7.34369e+06 -8488.7 8460.13 
7.3472e+06 717.244 -2208.59 
7.34802e+06 1321.67 -1364.08 
7.34766e+06 -770.731 1709.34 
7.34748e+06 -1376.09 2056.17 
7.3476e+06 -848.339 1007.1 
7.34773e+06 -99.3356 -147.586 
7.34772e+06 195.503 -419.997 
7.34763e+06 182.32 -256.418 
7.34755e+06 76.8772 -57.8396 
7.34751e+06 8.86362 21.7451 
7.34751e+06 -10.239 25.6758 
7.34752e+06 -8.77278 14.4355 
7.34752e+06 -4.97144 7.6619 
7.34752e+06 -2.81472 4.72728 
7.34752e+06 -1.93404 4.00339 
7.34751e+06 -1.74171 4.30795 
7.34751e+06 -1.81995 4.61862 
7.34751e+06 -1.87223 4.45822 
7.3475e+06 -1.74308 3.81981 
7.3475e+06 -1.43792 2.86994 
7.3475e+06 -1.02073 1.75791 
7.3475e+06 -0.538329 0.610374 
7.3475e+06 -0.0473439 -0.46499 
7.3475e+06 0.411891 -1.40612 
7.3475e+06 0.818195 -2.17424 
7.3475e+06 1.15418 -2.75421 
7.34751e+06 1.41453 -3.15413 
7.34751e+06 1.60148 -3.39448 
7.34751e+06 1.72376 -3.50143 
7.34751e+06 1.79027 -3.505 
7.34751e+06 1.81353 -3.43385 
7.34751e+06 1.80447 -3.31258 
7.34752e+06 1.77294 -3.16254 
7.34752e+06 1.72812 -3.00016 
7.34752e+06 1.67702 -2.83864 
7.34752e+06 1.62791 -2.68622 
7.34752e+06 1.58995 -2.5432 
7.34752e+06 1.53057 -2.41632 
7.34752e+06 1.34854 -2.4047 
7.34752e+06 1.47444 -2.32403 
7.34752e+06 2.23906 -2.0894 
7.36959e+06 104824 -215940 
7.39291e+06 -12342.9 66160.2 
7.33145e+06 15194.6 1763.09 
7.34036e+06 -2138.22 6894.63 
7.35065e+06 -22507.3 31529.6 
7.34949e+06 -13076.8 15765.9 
7.34858e+06 1218.35 -4625.78 
7.34925e+06 6032.03 -9759.54 
7.34901e+06 3085.82 -3993.36 
7.34812e+06 540.975 -411.687 
7.34761e+06 64.4517 -121.009 
7.3475e+06 308.882 -551.534 
7.34749e+06 331.698 -494.273 
7.34748e+06 175.23 -204.096 
7.34747e+06 12.0589 46.7202 
7.34748e+06 -46.5526 99.372 
7.3475e+06 -40.3418 60.6181 
7.34752e+06 -18.2489 18.2877 
7.34753e+06 -4.05115 0.406919 
7.34752e+06 0.23789 -0.855946 
7.34752e+06 -0.0460568 1.98166 
7.34751e+06 -1.05406 3.82112 
7.34751e+06 -1.60897 4.30975 
7.3475e+06 -1.68589 3.89388 
7.3475e+06 -1.43886 2.90962 
7.3475e+06 -0.990841 1.63724 
7.3475e+06 -0.444611 0.307505 
7.3475e+06 0.11284 -0.92142 
7.3475e+06 0.621353 -1.95535 
7.34751e+06 1.04606 -2.74519 
7.34751e+06 1.3674 -3.27712 
7.34751e+06 1.58244 -3.56694 
7.34751e+06 1.69818 -3.6488 
7.34751e+06 1.7286 -3.56708 
7.34752e+06 1.69246 -3.36821 
7.34752e+06 1.60778 -3.09433 
7.34752e+06 1.49143 -2.78155 
7.34752e+06 1.35754 -2.45705 
7.34752e+06 1.21818 -2.14184 
7.34752e+06 1.08102 -1.8485 
7.34752e+06 0.951826 -1.58485 
7.34752e+06 0.834568 -1.35441 
7.34752e+06 0.730728 -1.15736 
7.34752e+06 0.640702 -0.992699 
7.34752e+06 0.563499 -0.858863 
7.34752e+06 0.506027 -0.751552 
7.34752e+06 0.482689 -0.656151 
7.34752e+06 0.386641 -0.612496 
7.34752e+06 0.180345 -0.576071 
7.34752e+06 0.328846 -0.550831 
7.35492e+06 -35197 74174.4 
7.34026e+06 -3312.62 -4858.36 
7.35329e+06 -4980.59 1036.19 
7.3508e+06 -981.109 1164.64 
7.34636e+06 4546.51 -6768.28 
7.34636e+06 4393.55 -6573.6 
7.34731e+06 1122.63 -1177.81 
7.3474e+06 -919.444 1904.82 
7.34722e+06 -846.606 1443.97 
7.34727e+06 -385.491 571.4 
7.34741e+06 -174.665 242.754 
7.3475e+06 -119.604 168.421 
7.34753e+06 -74.1978 96.6386 
7.34754e+06 -29.4082 29.4717 
7.34754e+06 1.61819 -13.8925 
7.34753e+06 10.3215 -19.2271 
7.34752e+06 7.29938 -9.035 
7.34752e+06 2.26641 0.279198 
7.34751e+06 -0.873801 4.43008 
7.34751e+06 -1.90379 4.73633 
7.3475e+06 -1.75353 3.46661 
7.3475e+06 -1.1743 1.86627 
7.3475e+06 -0.506507 0.312099 
7.3475e+06 0.134759 -1.07503 
7.34751e+06 0.697512 -2.20484 
7.34751e+06 1.14492 -3.01939 
7.34751e+06 1.45719 -3.50683 
7.34751e+06 1.6331 -3.6934 
7.34752e+06 1.68567 -3.63077 
7.34752e+06 1.63823 -3.38298 
7.34752e+06 1.51777 -3.01538 
7.34752e+06 1.3505 -2.58546 
7.34752e+06 1.15985 -2.14031 
7.34752e+06 0.964142 -1.7137 
7.34752e+06 0.776591 -1.32636 
7.34752e+06 0.605577 -0.99007 
7.34752e+06 0.45592 -0.708301 
7.34752e+06 0.328949 -0.479172 
7.34752e+06 0.223948 -0.297828 
7.34752e+06 0.139188 -0.157866 
7.34752e+06 0.0720805 -0.0522719 
7.34752e+06 0.0198403 0.0257179 
7.34752e+06 -0.0200972 0.0819686 
7.34752e+06 -0.0499544 0.121721 
7.34752e+06 -0.0729771 0.149045 
7.34752e+06 -0.0937212 0.165906 
7.34752e+06 -0.0973582 0.177917 
7.34752e+06 -0.0724864 0.185706 
7.34752e+06 -0.15002 0.194311 
7.34752e+06 -0.346562 0.189912 
7.34522e+06 9060.77 -19473.6 
7.34994e+06 2024.27 -1415.7 
7.34668e+06 763.038 809.116 
7.3462e+06 548.254 -809.291 
7.34752e+06 -336.59 301.957 
7.348e+06 -915.315 1571.8 
7.34769e+06 -596.617 1024.81 
7.3475e+06 -86.7668 19.7185 
7.34755e+06 111.191 -296.047 
7.34758e+06 127.716 -247.236 
7.34757e+06 86.8544 -138.213 
7.34754e+06 48.1549 -62.3747 
7.34752e+06 19.6973 -18.2027 
7.34751e+06 3.58676 2.14668 
7.34751e+06 -3.3284 9.62118 
7.34751e+06 -4.51242 9.12125 
7.34751e+06 -3.40182 5.9172 
7.3475e+06 -1.95409 2.86073 
7.3475e+06 -0.780788 0.554801 
7.34751e+06 0.0854678 -1.1126 
7.34751e+06 0.726057 -2.31643 
7.34751e+06 1.19158 -3.13579 
7.34751e+06 1.49449 -3.58618 
7.34751e+06 1.64013 -3.6921 
7.34752e+06 1.64418 -3.51396 
7.34752e+06 1.53615 -3.13556 
7.34752e+06 1.35241 -2.64202 
7.34752e+06 1.12802 -2.10778 
7.34752e+06 0.892711 -1.58945 
7.34752e+06 0.668007 -1.12387 
7.34752e+06 0.467965 -0.730886 
7.34752e+06 0.299647 -0.416822 
7.34752e+06 0.165058 -0.17853 
7.34752e+06 0.0624307 -0.00713769 
7.34752e+06 -0.0121722 0.108937 
7.34752e+06 -0.0634361 0.181496 
7.34752e+06 -0.0963409 0.221698 
7.34752e+06 -0.115345 0.238848 
7.34752e+06 -0.124277 0.240499 
7.34752e+06 -0.126333 0.232497 
7.34752e+06 -0.123947 0.219103 
7.34752e+06 -0.118956 0.203259 
7.34752e+06 -0.112714 0.186988 
7.34752e+06 -0.10609 0.17145 
7.34752e+06 -0.0990693 0.157546 
7.34752e+06 -0.0938352 0.145646 
7.34752e+06 -0.0949367 0.135228 
7.34752e+06 -0.08041 0.127494 
7.34752e+06 -0.046079 0.119714 
7.34752e+06 -0.106128 0.110871 
7.34926e+06 -2056.11 4863.01 
7.34709e+06 -837.827 1431.91 
7.34741e+06 -4.71438 -637.368 
7.34799e+06 -12.9297 -52.8408 
7.34772e+06 -59.5394 295.062 
7.34742e+06 61.2889 -116.39 
7.34745e+06 134.975 -302.153 
7.34752e+06 95.1105 -156.227 
7.34753e+06 21.4071 0.473064 
7.34752e+06 -20.9362 61.942 
7.34751e+06 -27.1948 53.2702 
7.3475e+06 -18.5171 28.6888 
7.34751e+06 -8.58163 10.7609 
7.34751e+06 -2.76311 2.42197 
7.34751e+06 -0.278937 -0.72358 
7.34751e+06 0.614932 -1.956 
7.34751e+06 1.0135 -2.69034 
7.34751e+06 1.30935 -3.26267 
7.34751e+06 1.53141 -3.59831 
7.34752e+06 1.63206 -3.62358 
7.34752e+06 1.59495 -3.35827 
7.34752e+06 1.44079 -2.88354 
7.34752e+06 1.21047 -2.30074 
7.34752e+06 0.9468 -1.70053 
7.34752e+06 0.685765 -1.14945 
7.34752e+06 0.452185 -0.685903 
7.34752e+06 0.25911 -0.325042 
7.34752e+06 0.110952 -0.0653007 
7.34752e+06 0.00550284 0.105681 
7.34752e+06 -0.0630638 0.205006 
7.34752e+06 -0.102251 0.250844 
7.34752e+06 -0.119617 0.259743 
7.34752e+06 -0.122036 0.245372 
7.34752e+06 -0.114953 0.218189 
7.34752e+06 -0.102602 0.185572 
7.34752e+06 -0.0880481 0.152411 
7.34752e+06 -0.073169 0.121544 
7.34752e+06 -0.0592243 0.0944397 
7.34752e+06 -0.0468353 0.0716076 
7.34752e+06 -0.0362217 0.0529699 
7.34752e+06 -0.027374 0.0381138 
7.34752e+06 -0.0201744 0.0265374 
7.34752e+06 -0.0144056 0.0176732 
7.34752e+06 -0.00993368 0.0109712 
7.34752e+06 -0.0064817 0.00598899 
7.34752e+06 -0.00301516 0.00236909 
7.34752e+06 -0.00143884 -0.000177061 
7.34752e+06 -0.00542942 -0.00120062 
7.34752e+06 0.00368356 -0.00295001 
7.34752e+06 0.0279468 -0.0113801 
7.34705e+06 355.706 -812.829 
7.34762e+06 308.742 -674.193 
7.34768e+06 44.874 141.655 
7.34747e+06 -77.0698 176.622 
7.34748e+06 -5.42428 -52.2011 
7.34752e+06 27.1613 -47.4421 
7.34753e+06 -11.1584 39.0604 
7.34752e+06 -28.3066 59.2417 
7.34751e+06 -17.419 26.461 
7.34751e+06 -3.21155 -2.15488 
7.34751e+06 3.71917 -10.257 
7.34751e+06 4.1757 -8.02216 
7.34751e+06 2.6854 -4.68696 
7.34751e+06 1.71335 -3.32689 
7.34752e+06 1.46062 -3.21642 
7.34752e+06 1.49178 -3.29457 
7.34752e+06 1.47937 -3.10029 
7.34752e+06 1.33062 -2.61598 
7.34752e+06 1.08013 -1.98633 
7.34752e+06 0.792124 -1.34928 
7.34752e+06 0.517586 -0.791676 
7.34752e+06 0.286458 -0.3546 
7.34752e+06 0.11077 -0.0459693 
7.34752e+06 -0.00956531 0.146598 
7.34752e+06 -0.0818605 0.246084 
7.34752e+06 -0.116767 0.278255 
7.34752e+06 -0.125292 0.266818 
7.34752e+06 -0.117179 0.231204 
7.34752e+06 -0.100169 0.185532 
7.34752e+06 -0.0797848 0.139149 
7.34752e+06 -0.0595964 0.0974113 
7.34752e+06 -0.0416122 0.0628122 
7.34752e+06 -0.0267049 0.035865 
7.34752e+06 -0.0150494 0.0160702 
7.34752e+06 -0.00641563 0.00229991 
7.34752e+06 -0.000293279 -0.0067071 
7.34752e+06 0.00379323 -0.0121271 
7.34752e+06 0.0063514 -0.0150079 
7.34752e+06 0.0077982 -0.0161666 
7.34752e+06 0.00847143 -0.016219 
7.34752e+06 0.00863145 -0.0156169 
7.34752e+06 0.00847607 -0.014677 
7.34752e+06 0.00814816 -0.0136088 
7.34752e+06 0.00776039 -0.0125392 
7.34752e+06 0.00728097 -0.0115379 
7.34752e+06 0.00677377 -0.0106665 
7.34752e+06 0.00705792 -0.0100253 
7.34752e+06 0.00659877 -0.0094174 
7.34752e+06 0.00276519 -0.0081302 
7.34752e+06 0.00687526 -0.00831448 
7.34763e+06 15.5775 86.2534 
7.34754e+06 -125.855 220.704 
7.34756e+06 -57.0711 43.7558 
7.34752e+06 38.4018 -51.5839 
7.34751e+06 8.58178 -3.34438 
7.34751e+06 -12.0096 22.95 
7.34751e+06 -4.37419 3.5806 
7.34751e+06 3.14393 -10.6378 
7.34751e+06 4.96724 -9.54811 
7.34751e+06 2.90143 -4.59342 
7.34752e+06 1.20169 -1.95425 
7.34752e+06 0.850566 -1.82387 
7.34752e+06 1.01287 -2.24172 
7.34752e+06 1.08405 -2.19226 
7.34752e+06 0.931725 -1.69952 
7.34752e+06 0.657145 -1.06326 
7.34752e+06 0.375962 -0.500548 
7.34752e+06 0.150094 -0.094946 
7.34752e+06 -0.00350197 0.152084 
7.34752e+06 -0.0915562 0.271847 
7.34752e+06 -0.129395 0.302271 
7.34752e+06 -0.13336 0.277802 
7.34752e+06 -0.117599 0.22581 
7.34752e+06 -0.0928975 0.165702 
7.34752e+06 -0.0665847 0.109469 
7.34752e+06 -0.0429262 0.0630991 
7.34752e+06 -0.0238893 0.0284583 
7.34752e+06 -0.00990966 0.00489505 
7.34752e+06 -0.000520434 -0.00949711 
7.34752e+06 0.00514196 -0.0169913 
7.34752e+06 0.00804432 -0.019734 
7.34752e+06 0.00904808 -0.0194948 
7.34752e+06 0.00886736 -0.0175983 
7.34752e+06 0.00802122 -0.0149631 
7.34752e+06 0.00688248 -0.0121746 
7.34752e+06 0.00567154 -0.00955546 
7.34752e+06 0.00452616 -0.00727547 
7.34752e+06 0.00351441 -0.00538518 
7.34752e+06 0.00265927 -0.00387378 
7.34752e+06 0.00196157 -0.00269863 
7.34752e+06 0.00140669 -0.00180702 
7.34752e+06 0.00097284 -0.00114305 
7.34752e+06 0.000637153 -0.00065609 
7.34752e+06 0.000382941 -0.000306069 
7.34752e+06 0.000210923 -5.9694e-05 
7.34752e+06 4.34213e-05 0.000121386 
7.34752e+06 -0.000146423 0.000256259 
7.34752e+06 0.000107195 0.000249834 
7.34752e+06 5.91709e-05 0.000226889 
7.34752e+06 -0.00151542 0.00101824 
7.34758e+06 -36.2907 33.3544 
7.34751e+06 49.7591 -51.41 
7.3475e+06 15.5187 -21.0425 
7.34751e+06 -11.7675 21.0269 
7.34751e+06 -3.58712 3.15224 
7.34751e+06 2.24248 -9.61534 
7.34752e+06 3.9653 -6.23867 
7.34752e+06 1.98754 -2.15757 
7.34752e+06 0.643346 -0.984183 
7.34752e+06 0.619149 -1.32232 
7.34752e+06 0.688356 -1.33819 
7.34752e+06 0.532465 -0.870821 
7.34752e+06 0.267019 -0.323123 
7.34752e+06 0.0418239 0.075028 
7.34752e+06 -0.0919017 0.276552 
7.34752e+06 -0.14611 0.329736 
7.34752e+06 -0.148714 0.297764 
7.34752e+06 -0.124631 0.229187 
7.34752e+06 -0.0911719 0.154301 
7.34752e+06 -0.0585485 0.0889033 
7.34752e+06 -0.0317335 0.0392555 
7.34752e+06 -0.0122772 0.00597334 
7.34752e+06 0.000212845 -0.0132827 
7.34752e+06 0.00706829 -0.022046 
7.34752e+06 0.00988465 -0.0238749 
7.34752e+06 0.0101362 -0.0217282 
7.34752e+06 0.00898145 -0.0177597 
7.34752e+06 0.0072312 -0.013365 
7.34752e+06 0.00539402 -0.00932909 
7.34752e+06 0.0037453 -0.00600548 
7.34752e+06 0.00240008 -0.00347684 
7.34752e+06 0.00137932 -0.00167946 
7.34752e+06 0.000649853 -0.000482029 
7.34752e+06 0.000159306 0.00025768 
7.34752e+06 -0.000149668 0.000671065 
7.34752e+06 -0.000327493 0.00086374 
7.34752e+06 -0.000414704 0.000916957 
7.34752e+06 -0.000444228 0.000888468 
7.34752e+06 -0.000438024 0.000817668 
7.34752e+06 -0.000412647 0.000729365 
7.34752e+06 -0.000378023 0.000638193 
7.34752e+06 -0.000340534 0.000552497 
7.34752e+06 -0.00030364 0.000476677 
7.34752e+06 -0.00027115 0.000412144 
7.34752e+06 -0.000243809 0.000358704 
7.34752e+06 -0.000211409 0.000313225 
7.34752e+06 -0.000197279 0.000282053 
7.34752e+06 -0.000220591 0.000269943 
7.34752e+06 -0.000119285 0.000206929 
7.34752e+06 -4.34027e-05 0.000192357 
7.34751e+06 0.129374 -19.3579 
7.34754e+06 -10.3635 18.2671 
7.34752e+06 0.26567 6.01933 
7.34752e+06 3.23235 -7.54829 
7.34752e+06 2.78792 -5.29708 
7.34752e+06 0.690344 -0.99515 
7.34752e+06 -0.398056 0.814842 
7.34752e+06 -0.143808 0.211864 
7.34752e+06 0.000121092 -0.110621 
7.34752e+06 -0.0632649 0.104452 
7.34752e+06 -0.137165 0.271769 
7.34752e+06 -0.147094 0.277022 
7.34752e+06 -0.114662 0.202973 
7.34752e+06 -0.0731883 0.120711 
7.34752e+06 -0.0378589 0.0551809 
7.34752e+06 -0.0129126 0.0110909 
7.34752e+06 0.00211913 -0.0138 
7.34752e+06 0.00943355 -0.0243287 
7.34752e+06 0.0115916 -0.0256966 
7.34752e+06 0.0108102 -0.0222053 
7.34752e+06 0.00870312 -0.0168645 
7.34752e+06 0.00628103 -0.0114716 
7.34752e+06 0.00409581 -0.00693917 
7.34752e+06 0.00237475 -0.00357065 
7.34752e+06 0.00115378 -0.00131973 
7.34752e+06 0.000366078 2.64819e-05 
7.34752e+06 -8.95301e-05 0.000716945 
7.34752e+06 -0.000313677 0.000977687 
7.34752e+06 -0.000391034 0.000986828 
7.34752e+06 -0.000384259 0.000868299 
7.34752e+06 -0.000335984 0.000701641 
7.34752e+06 -0.00027274 0.000532508 
7.34752e+06 -0.000209496 0.000383242 
7.34752e+06 -0.00015354 0.000262097 
7.34752e+06 -0.000107642 0.000169474 
7.34752e+06 -7.17289e-05 0.000101995 
7.34752e+06 -4.49236e-05 5.47042e-05 
7.34752e+06 -2.53465e-05 2.28242e-05 
7.34752e+06 -1.15572e-05 2.23139e-06 
7.34752e+06 -2.076e-06 -1.053e-05 
7.34752e+06 4.26916e-06 -1.79031e-05 
7.34752e+06 8.33834e-06 -2.17331e-05 
7.34752e+06 1.0798e-05 -2.33178e-05 
7.34752e+06 1.24158e-05 -2.36879e-05 
7.34752e+06 1.31634e-05 -2.31512e-05 
7.34752e+06 1.28925e-05 -2.22455e-05 
7.34752e+06 1.44382e-05 -2.21174e-05 
7.34752e+06 1.48688e-05 -2.07967e-05 
7.34752e+06 8.34862e-06 -1.64597e-05 
7.34752e+06 1.08884e-05 -2.36592e-05 
6.03959e+06 1.36704e+06 -2.19148e+06 
3.65166e+06 -1.5266e+06 -1.75805e+06 
4.26003e+06 -1.48927e+06 -1.92075e+06 
4.75575e+06 -1.63867e+06 -2.20721e+06 
5.23975e+06 -1.8591e+06 -2.51661e+06 
5.76376e+06 -2.1165e+06 -2.87932e+06 
6.34369e+06 -2.42406e+06 -3.30655e+06 
7.02156e+06 -2.7998e+06 -3.75028e+06 
7.80628e+06 -3.17878e+06 -4.23797e+06 
8.69451e+06 -3.60769e+06 -4.79731e+06 
9.74194e+06 -4.12521e+06 -5.47565e+06 
1.09248e+07 -4.70249e+06 -6.25467e+06 
1.22798e+07 -5.3797e+06 -7.14606e+06 
1.38944e+07 -6.16958e+06 -8.18814e+06 
1.56238e+07 -8.61625e+06 -1.15265e+07 
1.70985e+07 -1.40353e+07 -1.88924e+07 
1.87523e+07 -2.01812e+07 -2.52597e+07 
1.99533e+07 -2.46631e+07 -3.20488e+07 
2.08229e+07 -3.07572e+07 -3.94487e+07 
2.15995e+07 -3.7587e+07 -4.79698e+07 
2.19852e+07 -4.10879e+07 -5.33354e+07 
2.18809e+07 -3.93839e+07 -5.1865e+07 
2.15325e+07 -3.60095e+07 -4.78539e+07 
2.13075e+07 -3.19042e+07 -4.24704e+07 
2.14052e+07 -2.8024e+07 -3.72653e+07 
2.13725e+07 -2.40485e+07 -3.25138e+07 
2.09591e+07 -1.98476e+07 -2.72849e+07 
2.0512e+07 -1.56831e+07 -2.15101e+07 
1.9501e+07 -1.05891e+07 -1.52005e+07 
1.78756e+07 -5.83599e+06 -8.94581e+06 
1.81454e+07 -4.21726e+06 -5.92146e+06 
1.90644e+07 -2.9081e+06 -4.57621e+06 
1.96786e+07 -1.81513e+06 -3.47135e+06 
2.09476e+07 -1.573e+06 -2.9415e+06 
2.32841e+07 -1.77773e+06 -3.14246e+06 
2.56387e+07 -1.7648e+06 -3.57326e+06 
2.68939e+07 -1.46928e+06 -3.62223e+06 
2.71582e+07 -1.26183e+06 -3.39315e+06 
2.71157e+07 -1.29659e+06 -3.16714e+06 
2.73013e+07 -1.52903e+06 -2.96975e+06 
2.788e+07 -1.74617e+06 -2.77203e+06 
2.86976e+07 -1.91151e+06 -2.42625e+06 
2.97249e+07 -1.99922e+06 -1.95442e+06 
3.08364e+07 -1.94595e+06 -1.40663e+06 
3.19566e+07 -1.74717e+06 -884268 
3.30879e+07 -1.4599e+06 -454726 
3.43492e+07 -1.1511e+06 -113014 
3.56794e+07 -722168 185115 
3.66602e+07 -202691 493145 
3.73739e+07 -81976.7 749505 
3.86922e+07 189664 1.05696e+06 
8.49799e+06 204913 807433 
9.5479e+06 367884 916112 
1.06411e+07 411279 1.11182e+06 
1.1857e+07 536643 1.3453e+06 
1.32103e+07 682092 1.6263e+06 
1.47295e+07 858875 1.9727e+06 
1.64297e+07 1.09133e+06 2.38194e+06 
1.82455e+07 1.3482e+06 2.81439e+06 
2.0237e+07 1.63037e+06 3.32331e+06 
2.25281e+07 1.94608e+06 3.93754e+06 
2.50632e+07 2.39711e+06 4.64136e+06 
2.76119e+07 2.99588e+06 5.51908e+06 
3.03592e+07 3.69132e+06 6.66062e+06 
3.29524e+07 4.71601e+06 7.8835e+06 
3.47355e+07 5.79257e+06 8.92535e+06 
3.60729e+07 6.51092e+06 9.70674e+06 
3.7088e+07 6.93888e+06 1.00543e+07 
3.74838e+07 7.37353e+06 1.02906e+07 
3.71637e+07 7.67485e+06 1.02158e+07 
3.63064e+07 7.85047e+06 1.00872e+07 
3.48026e+07 7.83663e+06 9.72529e+06 
3.28223e+07 7.54969e+06 9.24081e+06 
3.0885e+07 7.06285e+06 8.85321e+06 
2.94708e+07 6.5835e+06 8.78687e+06 
2.83762e+07 6.40796e+06 8.67459e+06 
2.72321e+07 6.15003e+06 8.24292e+06 
2.59712e+07 5.68338e+06 7.49071e+06 
2.4391e+07 5.04098e+06 6.38822e+06 
2.17505e+07 3.80533e+06 4.11435e+06 
2.10007e+07 2.27483e+06 2.90818e+06 
2.13342e+07 1.64492e+06 2.23347e+06 
2.13055e+07 1.21164e+06 1.37565e+06 
2.15092e+07 626465 1.07667e+06 
2.29928e+07 344480 1.72934e+06 
2.58416e+07 725751 2.74165e+06 
2.85033e+07 1.39756e+06 2.96135e+06 
2.9723e+07 1.75415e+06 2.68288e+06 
3.01847e+07 1.72225e+06 2.44212e+06 
3.08027e+07 1.53138e+06 2.2523e+06 
3.17317e+07 1.38573e+06 2.10113e+06 
3.27526e+07 1.36721e+06 1.92617e+06 
3.36989e+07 1.40838e+06 1.66731e+06 
3.44273e+07 1.49131e+06 1.33694e+06 
3.49442e+07 1.52047e+06 960587 
3.5386e+07 1.42344e+06 590975 
3.58983e+07 1.14674e+06 293832 
3.64039e+07 789276 80699.6 
3.66034e+07 400242 -112062 
3.662e+07 -50270.1 -203575 
3.69128e+07 -141875 -2221.7 
6.45842e+06 -368810 -287339 
6.99009e+06 -421720 -303305 
7.58915e+06 -439434 -328647 
8.19778e+06 -472914 -376426 
8.8247e+06 -518119 -426789 
9.47093e+06 -564121 -482718 
1.01265e+07 -613233 -547377 
1.08231e+07 -691724 -638674 
1.1649e+07 -831561 -789892 
1.26687e+07 -1.04079e+06 -1.00982e+06 
1.39013e+07 -1.29458e+06 -1.29024e+06 
1.51886e+07 -1.53733e+06 -1.66641e+06 
1.63114e+07 -1.75002e+06 -2.04423e+06 
1.70895e+07 -1.85509e+06 -2.3717e+06 
1.73524e+07 -1.88309e+06 -2.65516e+06 
1.73266e+07 -1.94854e+06 -2.80423e+06 
1.74894e+07 -2.05302e+06 -2.86507e+06 
1.79329e+07 -2.2637e+06 -3.1679e+06 
1.86188e+07 -2.5878e+06 -3.62825e+06 
1.93567e+07 -2.88912e+06 -4.08666e+06 
2.00645e+07 -3.14544e+06 -4.43899e+06 
2.0671e+07 -3.30844e+06 -4.68196e+06 
2.10865e+07 -3.37695e+06 -4.83605e+06 
2.11887e+07 -3.33868e+06 -4.94967e+06 
2.10801e+07 -3.37709e+06 -4.98511e+06 
2.12119e+07 -3.51567e+06 -4.9636e+06 
2.17783e+07 -3.66118e+06 -5.01782e+06 
2.24901e+07 -3.78665e+06 -5.08567e+06 
2.31491e+07 -4.27262e+06 -5.42085e+06 
2.37183e+07 -4.62457e+06 -5.58518e+06 
2.42305e+07 -4.53084e+06 -5.17524e+06 
2.48791e+07 -4.18579e+06 -4.45973e+06 
2.53292e+07 -3.42841e+06 -3.63892e+06 
2.55543e+07 -2.28532e+06 -2.44303e+06 
2.64766e+07 -2.11374e+06 -2.21712e+06 
2.76714e+07 -1.90004e+06 -1.83413e+06 
2.88981e+07 -1.45163e+06 -1.64193e+06 
2.97052e+07 -1.16567e+06 -1.54553e+06 
3.05245e+07 -1.14048e+06 -1.4159e+06 
3.14462e+07 -1.06348e+06 -1.21255e+06 
3.24481e+07 -917373 -1.05406e+06 
3.33896e+07 -796076 -892945 
3.42253e+07 -655817 -758217 
3.49451e+07 -581362 -646149 
3.56848e+07 -565133 -558735 
3.6538e+07 -564587 -505612 
3.71615e+07 -466602 -354811 
3.74312e+07 -175318 -213788 
3.71317e+07 153888 -129955 
3.64039e+07 311854 11091 
7.71203e+06 -436090 -322287 
8.40868e+06 -450479 -342638 
9.12754e+06 -469566 -357957 
9.87932e+06 -486336 -358932 
1.06643e+07 -492841 -352100 
1.14821e+07 -496185 -343237 
1.23525e+07 -517512 -350595 
1.3385e+07 -606817 -399411 
1.46935e+07 -737690 -453346 
1.62394e+07 -802762 -421620 
1.7929e+07 -762796 -260678 
1.97033e+07 -611965 11089.8 
2.13674e+07 -329979 311090 
2.26558e+07 9573.9 566550 
2.34678e+07 323952 735802 
2.3858e+07 551456 849314 
2.41794e+07 614502 981426 
2.49932e+07 560868 1.27335e+06 
2.65845e+07 621093 1.63931e+06 
2.84003e+07 871824 2.00877e+06 
3.00317e+07 1.1903e+06 2.26134e+06 
3.12896e+07 1.48868e+06 2.42433e+06 
3.22092e+07 1.71289e+06 2.50876e+06 
3.28313e+07 1.85642e+06 2.49425e+06 
3.30912e+07 1.97457e+06 2.5332e+06 
3.32009e+07 2.08961e+06 2.72644e+06 
3.35559e+07 2.28814e+06 3.16347e+06 
3.42679e+07 2.67287e+06 3.75857e+06 
3.46095e+07 3.18408e+06 4.0627e+06 
3.44529e+07 3.46669e+06 4.13009e+06 
3.42547e+07 3.54174e+06 4.17511e+06 
3.39598e+07 3.51546e+06 3.90095e+06 
3.32205e+07 3.31174e+06 3.27282e+06 
3.23693e+07 2.73797e+06 2.40773e+06 
3.22397e+07 1.79536e+06 1.78895e+06 
3.23767e+07 1.44606e+06 1.52886e+06 
3.27162e+07 1.18364e+06 1.4335e+06 
3.3272e+07 1.08113e+06 1.30042e+06 
3.40317e+07 870180 1.02342e+06 
3.45951e+07 685111 759513 
3.5035e+07 508627 592024 
3.5568e+07 354175 419650 
3.60372e+07 229559 263260 
3.65229e+07 76969.5 118407 
3.70548e+07 -12826.4 22174.7 
3.766e+07 -192207 -43652.1 
3.83748e+07 -70381 -269073 
3.78293e+07 120397 13192.6 
3.68967e+07 234358 153123 
3.64725e+07 211921 70496.2 
8.86783e+06 -385740 -219512 
9.60672e+06 -396759 -228151 
1.03636e+07 -409732 -237042 
1.11366e+07 -423549 -252177 
1.19355e+07 -450246 -285324 
1.27865e+07 -502244 -344375 
1.37728e+07 -617794 -445799 
1.50496e+07 -805780 -572241 
1.65529e+07 -912931 -632769 
1.79543e+07 -843464 -577771 
1.91268e+07 -726367 -475892 
2.01589e+07 -644917 -409638 
2.10433e+07 -577605 -394054 
2.17415e+07 -523347 -448463 
2.21882e+07 -480233 -505046 
2.24261e+07 -459497 -601233 
2.25812e+07 -536417 -699213 
2.29176e+07 -695623 -813048 
2.3547e+07 -878887 -837046 
2.44686e+07 -996778 -982657 
2.55001e+07 -1.17181e+06 -1.10624e+06 
2.66692e+07 -1.23279e+06 -1.31015e+06 
2.7444e+07 -1.15536e+06 -1.22708e+06 
2.82505e+07 -1.15832e+06 -1.16061e+06 
2.90778e+07 -1.15488e+06 -1.43087e+06 
2.94039e+07 -1.23983e+06 -1.59232e+06 
2.94626e+07 -1.28097e+06 -1.7426e+06 
2.97883e+07 -1.51695e+06 -2.0836e+06 
2.98161e+07 -1.58364e+06 -2.27456e+06 
2.97365e+07 -1.62277e+06 -2.31432e+06 
2.97247e+07 -1.63262e+06 -2.25177e+06 
2.99529e+07 -1.6492e+06 -2.11995e+06 
3.03654e+07 -1.55455e+06 -1.97933e+06 
3.07477e+07 -1.40155e+06 -1.62998e+06 
3.12679e+07 -1.08596e+06 -1.17903e+06 
3.13741e+07 -737348 -778021 
3.12856e+07 -535306 -467942 
3.16124e+07 -421579 -226727 
3.26174e+07 -509928 2198.44 
3.40639e+07 -486285 -100681 
3.50875e+07 -384815 -306355 
3.55882e+07 -346660 -195139 
3.61382e+07 -282669 -81818.3 
3.67228e+07 -240965 -23961.1 
3.73123e+07 -244014 16838 
3.79205e+07 -203350 4359.77 
3.82127e+07 -182920 459348 
3.77647e+07 671072 166559 
3.64367e+07 475103 70356.5 
3.52747e+07 577813 325240 
9.6675e+06 -353764 -143977 
1.04519e+07 -363347 -150513 
1.12593e+07 -378436 -166155 
1.21151e+07 -416949 -200279 
1.30795e+07 -490962 -259606 
1.41939e+07 -594591 -335034 
1.55687e+07 -759837 -422779 
1.72792e+07 -914514 -484238 
1.89654e+07 -850246 -456359 
2.01551e+07 -608941 -358080 
2.09364e+07 -439602 -253004 
2.16705e+07 -377927 -181386 
2.23686e+07 -311403 -105876 
2.3091e+07 -293900 -76088.4 
2.38009e+07 -242849 -201956 
2.41188e+07 -135257 -155661 
2.44342e+07 -127051 -103351 
2.52142e+07 -367040 -173705 
2.62805e+07 -576798 -323874 
2.75293e+07 -753718 -384128 
2.92836e+07 -905595 -558896 
3.11588e+07 -1.00895e+06 -662516 
3.21796e+07 -693881 -915225 
3.22594e+07 -695923 -686033 
3.30196e+07 -771198 -352181 
3.42898e+07 -407462 -572236 
3.41612e+07 -17109 -4361.13 
3.46577e+07 -96212.5 320881 
3.52938e+07 173686 362223 
3.53464e+07 309623 384820 
3.51235e+07 371872 344039 
3.48841e+07 358817 346407 
3.48342e+07 315782 356103 
3.46167e+07 451474 277427 
3.40264e+07 380080 183588 
3.32836e+07 341869 119674 
3.28491e+07 213093 85310.1 
3.27736e+07 227317 -33325.4 
3.24881e+07 208263 123065 
3.27935e+07 114740 371430 
3.4106e+07 14323.7 292166 
3.53375e+07 -78456 -113421 
3.58612e+07 -229532 -324835 
3.63556e+07 -372887 -342571 
3.68631e+07 -387244 -166124 
3.6941e+07 117742 179126 
3.69898e+07 319096 343844 
3.62169e+07 804686 245975 
3.56957e+07 340493 239406 
3.44927e+07 383048 48024.1 
1.02617e+07 -390818 -212146 
1.10514e+07 -407358 -218271 
1.18937e+07 -426539 -207972 
1.28744e+07 -486140 -209986 
1.40702e+07 -575059 -240468 
1.54149e+07 -636304 -261108 
1.69311e+07 -695300 -234760 
1.8607e+07 -667920 -137081 
1.99958e+07 -408324 26464.2 
2.07307e+07 -61371.1 202265 
2.1127e+07 101512 331103 
2.17855e+07 -17047.5 346191 
2.27262e+07 -195499 134299 
2.35641e+07 -358815 90329.3 
2.50674e+07 -701300 -168902 
2.63763e+07 -758706 -766172 
2.67982e+07 -919795 -1.02192e+06 
2.77785e+07 -1.2943e+06 -1.34015e+06 
2.91767e+07 -1.32248e+06 -1.52445e+06 
2.99488e+07 -1.02794e+06 -1.0354e+06 
3.12954e+07 -978054 -678286 
3.28546e+07 -775381 -419290 
3.38861e+07 -378479 -310914 
3.34731e+07 283221 -204926 
3.32431e+07 -25105.4 -43757.6 
3.4715e+07 -988580 -380332 
3.69091e+07 -1.24555e+06 -2.49439e+06 
3.48368e+07 -945146 -1.52063e+06 
3.5659e+07 -1.07533e+06 -1.43676e+06 
3.57409e+07 -737344 -1.23429e+06 
3.56091e+07 -505430 -809045 
3.55161e+07 -314958 -419515 
3.56328e+07 -222269 -70584 
3.6005e+07 -271650 -5626.38 
3.62338e+07 -541754 -524421 
3.57677e+07 -378076 -1.01035e+06 
3.50503e+07 -465892 -979244 
3.48785e+07 -604795 -541021 
3.48144e+07 -619815 -445610 
3.48497e+07 -703520 -359062 
3.51727e+07 -758770 332080 
3.61458e+07 -85376.5 1.63563e+06 
3.79868e+07 911411 2.51163e+06 
3.96229e+07 1.663e+06 2.78922e+06 
3.90047e+07 3.01891e+06 2.35912e+06 
3.70462e+07 2.56209e+06 1.64157e+06 
3.59208e+07 1.32687e+06 1.16093e+06 
3.63809e+07 665907 270466 
3.5936e+07 23592.5 -234937 
3.35349e+07 1.04117e+06 657195 
1.12195e+07 -477087 -308316 
1.20524e+07 -468981 -274381 
1.29369e+07 -498030 -302510 
1.40287e+07 -658607 -453890 
1.53807e+07 -847839 -657658 
1.67208e+07 -889583 -743437 
1.80244e+07 -876534 -669275 
1.93587e+07 -783025 -480807 
2.02474e+07 -443428 -162984 
2.05648e+07 -137735 76693 
2.08616e+07 -152154 -7462.28 
2.14051e+07 -305461 -109438 
2.25565e+07 -513159 -197227 
2.37312e+07 -516150 -508091 
2.48154e+07 -786323 -304696 
2.66705e+07 -673363 -275135 
2.75911e+07 -214688 -185223 
2.92962e+07 -686730 -5548.31 
3.26546e+07 -1.24122e+06 -247852 
3.49799e+07 -949285 -1.32293e+06 
3.42766e+07 -498746 46775.5 
3.45263e+07 108454 891867 
3.51641e+07 533803 1.76448e+06 
3.60026e+07 785119 1.57828e+06 
3.58795e+07 736546 1.35229e+06 
3.59261e+07 1.40148e+06 3.23621e+06 
3.67773e+07 3.00629e+06 7.07709e+06 
3.56562e+07 7.10909e+06 7.93511e+06 
3.26313e+07 5.99862e+06 8.81753e+06 
3.05882e+07 2.50888e+07 3.48997e+07 
2.84319e+07 3.87878e+07 5.04293e+07 
2.62651e+07 4.86542e+07 6.03992e+07 
2.4103e+07 5.61748e+07 6.76126e+07 
2.24866e+07 5.78972e+07 6.90189e+07 
2.23609e+07 4.931e+07 6.26715e+07 
2.45386e+07 3.27074e+07 4.84165e+07 
2.59485e+07 2.84387e+07 3.86758e+07 
2.54337e+07 3.57904e+07 4.38277e+07 
2.41905e+07 4.01816e+07 4.7434e+07 
2.29379e+07 4.22314e+07 4.92168e+07 
2.13373e+07 4.51053e+07 5.23458e+07 
1.92976e+07 4.27302e+07 5.76817e+07 
1.68753e+07 3.34272e+07 6.26609e+07 
1.4489e+07 2.24398e+07 6.47756e+07 
1.32707e+07 1.24744e+07 6.35459e+07 
1.47699e+07 9.17105e+06 5.93798e+07 
1.69956e+07 1.46002e+07 5.50074e+07 
1.94809e+07 1.26848e+07 6.38655e+07 
2.28291e+07 2.60576e+07 5.47302e+07 
2.8531e+07 2.14192e+07 5.83854e+07 
1.25974e+07 -475922 -337062 
1.34795e+07 -624186 -559973 
1.45597e+07 -891080 -857578 
1.6088e+07 -1.19947e+06 -1.01645e+06 
1.78996e+07 -1.17771e+06 -796323 
1.92802e+07 -672036 -196963 
2.01572e+07 -148556 399588 
2.08274e+07 213927 687458 
2.10188e+07 348074 433572 
2.10219e+07 -181549 -461934 
2.16058e+07 -1.07736e+06 -1.40464e+06 
2.28916e+07 -1.7611e+06 -2.25268e+06 
2.53765e+07 -2.78453e+06 -3.11268e+06 
2.88572e+07 -3.46473e+06 -4.01506e+06 
3.01237e+07 -2.64094e+06 -3.56471e+06 
3.05939e+07 -1.9247e+06 -1.61351e+06 
3.15145e+07 -1.05008e+06 -874077 
3.21974e+07 -424920 152864 
3.25187e+07 1.04025e+06 2.62993e+06 
3.14917e+07 3.74424e+06 5.48773e+06 
2.75501e+07 6.78365e+06 6.59454e+06 
2.29789e+07 1.74384e+07 2.00283e+07 
1.99298e+07 3.16768e+07 3.62318e+07 
1.78824e+07 3.94533e+07 4.68324e+07 
1.70426e+07 3.58669e+07 4.46721e+07 
1.51059e+07 2.43988e+07 2.62662e+07 
1.11041e+07 1.51696e+07 1.13127e+07 
8.52364e+06 1.34813e+06 1.8487e+06 
8.24905e+06 747583 1.35239e+06 
8.21319e+06 790409 1.2254e+06 
8.10617e+06 872958 1.19939e+06 
8.05988e+06 901103 1.23231e+06 
7.98254e+06 962860 1.26501e+06 
7.91173e+06 1.00513e+06 1.27531e+06 
7.83475e+06 956694 1.34072e+06 
7.80543e+06 919999 1.42397e+06 
7.83964e+06 857740 1.4235e+06 
7.8021e+06 850064 1.46238e+06 
7.87732e+06 876793 1.53899e+06 
7.89695e+06 935839 1.51844e+06 
7.72871e+06 538030 876147 
7.6269e+06 331648 502561 
7.52645e+06 196653 273945 
7.4188e+06 40158.9 25523.2 
7.34156e+06 -69193.1 -138496 
7.36307e+06 -56761 -84085.5 
7.46385e+06 46571.8 127968 
7.55416e+06 135331 355056 
7.57784e+06 882072 1.85435e+06 
7.70842e+06 513192 1.83637e+06 
1.41839e+07 -882073 -816596 
1.57138e+07 -1.13177e+06 -892448 
1.75044e+07 -1.03132e+06 -511190 
1.92451e+07 -584423 176055 
2.03895e+07 65441.6 623643 
2.03679e+07 348230 287309 
2.00798e+07 -378990 -908800 
2.08467e+07 -1.76244e+06 -2.59697e+06 
2.26727e+07 -3.11731e+06 -4.2378e+06 
2.53862e+07 -3.90627e+06 -4.67907e+06 
2.81018e+07 -3.23913e+06 -3.18097e+06 
3.08044e+07 -2.02854e+06 -1.08821e+06 
3.40288e+07 -1.00266e+06 1.19826e+06 
3.75071e+07 970254 3.69504e+06 
3.64207e+07 4.74642e+06 5.94949e+06 
3.01755e+07 6.85967e+06 6.76353e+06 
2.53589e+07 1.5196e+07 1.74243e+07 
2.17099e+07 3.01456e+07 3.31807e+07 
1.73272e+07 3.98097e+07 3.83411e+07 
1.19693e+07 2.18226e+07 1.57412e+07 
8.79998e+06 2.42502e+06 1.47178e+06 
7.78997e+06 712763 820985 
7.67446e+06 275100 822063 
7.54404e+06 575316 742737 
7.47882e+06 621019 773737 
7.46211e+06 820868 724274 
7.44674e+06 1.35027e+06 501062 
7.42543e+06 99792.9 16461.9 
7.33618e+06 -32889.3 -119759 
7.28333e+06 -106969 -197871 
7.27097e+06 -119749 -219943 
7.26737e+06 -121765 -218696 
7.2719e+06 -110835 -205878 
7.28427e+06 -92096.2 -180288 
7.29486e+06 -71541.6 -139298 
7.3006e+06 -61190.9 -116618 
7.30057e+06 -59126.4 -112642 
7.30386e+06 -61343.6 -116858 
7.30963e+06 -63150.3 -98666.9 
7.317e+06 -47414.5 -76884.7 
7.32325e+06 -32675.8 -63418.1 
7.32726e+06 -33746.9 -37468.4 
7.33735e+06 -18238.6 -11923.9 
7.34539e+06 -3982.7 1564.28 
7.34874e+06 1977.83 6354.49 
7.34954e+06 3783.98 6692.42 
7.3471e+06 4031.29 3251.23 
7.34466e+06 864.192 -8935.85 
7.33786e+06 -4914.36 -24689.5 
7.34482e+06 -54920.7 -52756.9 
1.69198e+07 -852670 -286330 
1.85367e+07 -416761 303748 
1.93708e+07 79233 427271 
1.9584e+07 -212856 -446710 
2.03891e+07 -1.4939e+06 -2.31819e+06 
2.20211e+07 -2.97102e+06 -4.17035e+06 
2.44672e+07 -3.58472e+06 -3.92421e+06 
2.87462e+07 -3.22629e+06 -1.72976e+06 
3.47732e+07 -2.15524e+06 448480 
3.87927e+07 588200 3.05711e+06 
3.6835e+07 4.4978e+06 5.18227e+06 
3.06344e+07 6.23088e+06 6.37584e+06 
2.43851e+07 1.38284e+07 1.39515e+07 
1.891e+07 2.8327e+07 2.73933e+07 
1.38744e+07 2.68118e+07 2.18433e+07 
9.2127e+06 3.22649e+06 1.27026e+06 
7.79848e+06 548436 41999.9 
7.53078e+06 -358922 -41672.7 
7.42263e+06 -67692.9 12476 
7.37824e+06 364095 530548 
7.2941e+06 1.88991e+06 -885302 
7.30494e+06 -31615.5 -169699 
7.3051e+06 -70679.4 -112331 
7.29466e+06 -78917.6 -121090 
7.30126e+06 -64963.2 -90706.9 
7.31323e+06 -44990.6 -68999.8 
7.3203e+06 -53859.3 -53545.8 
7.33433e+06 -32856.7 -16847.6 
7.34373e+06 -7238.71 2121.88 
7.35158e+06 3275.29 16956.5 
7.35449e+06 8102.54 20546.4 
7.35429e+06 8862.67 19821.1 
7.35342e+06 7835.21 16488.1 
7.35193e+06 5734 13485.4 
7.35076e+06 5062.36 9165.3 
7.35005e+06 3290.76 6502.25 
7.34963e+06 2493.13 4980.98 
7.34944e+06 1805.45 4944.32 
7.34901e+06 2281.22 4485.4 
7.34867e+06 2007.58 3188.77 
7.34864e+06 1528.42 2513.72 
7.34834e+06 1460.65 1398.57 
7.34789e+06 696.286 333.455 
7.34759e+06 137.846 -86.704 
7.34749e+06 -55.8556 -197.829 
7.34746e+06 -117.48 -207.215 
7.34748e+06 -94.5701 -226.434 
7.34753e+06 -390.59 22.3899 
7.34778e+06 234.94 569.678 
7.34757e+06 264.578 2209.85 
1.84602e+07 -154003 51787.9 
1.91577e+07 -852365 -1.33693e+06 
2.05078e+07 -2.35792e+06 -3.48465e+06 
2.27455e+07 -3.52972e+06 -4.13768e+06 
2.73986e+07 -3.78595e+06 -2.23645e+06 
3.48109e+07 -2.93862e+06 -116955 
3.85074e+07 470088 2.10986e+06 
3.50009e+07 4.08857e+06 4.12065e+06 
2.88065e+07 5.70299e+06 6.25233e+06 
2.23069e+07 1.54859e+07 1.41271e+07 
1.45987e+07 2.86286e+07 2.08202e+07 
9.5539e+06 3.91975e+06 1.36676e+06 
7.77791e+06 516212 -361808 
7.31112e+06 -1.3956e+06 -1.31639e+06 
7.39422e+06 -1.15946e+06 -782215 
7.28272e+06 706088 -8359.79 
7.33899e+06 3.2643e+06 282638 
7.4456e+06 78716.7 39768.1 
7.40036e+06 46108.2 32356.4 
7.32836e+06 -14326.2 -68489.6 
7.31879e+06 -60166 -33690.4 
7.36082e+06 -12993.2 35265.7 
7.35983e+06 18446.5 31210.1 
7.36036e+06 16696.3 27305.9 
7.3569e+06 14413.5 19415.5 
7.35246e+06 7552.29 10632.5 
7.35166e+06 5137.14 8637.95 
7.34947e+06 3952.01 3536.21 
7.3481e+06 1234.48 600.811 
7.3475e+06 310.472 -1007.45 
7.34706e+06 -395.381 -1427.71 
7.34703e+06 -492.149 -1451.97 
7.34713e+06 -528.921 -1127.08 
7.34724e+06 -341.488 -859.602 
7.34733e+06 -328.847 -603.059 
7.34739e+06 -215.968 -332.927 
7.34744e+06 -126.956 -211.347 
7.34746e+06 -60.7399 -160.306 
7.34747e+06 -50.283 -186.294 
7.34748e+06 -96.9421 -152.269 
7.34749e+06 -74.5001 -85.2323 
7.3475e+06 -44.7675 -50.3961 
7.34752e+06 -29.3872 -9.23132 
7.34753e+06 -0.877954 5.5159 
7.34753e+06 2.63596 7.51208 
7.34753e+06 5.02204 8.27871 
7.34753e+06 3.78295 8.14494 
7.34753e+06 9.78186 11.8315 
7.34753e+06 11.7442 -8.82698 
7.34753e+06 7.99773 -44.0948 
2.03573e+07 -2.85527e+06 -3.77185e+06 
2.36909e+07 -3.73141e+06 -3.40639e+06 
3.05457e+07 -3.75525e+06 -1.10234e+06 
3.69164e+07 -1.18276e+06 1.21453e+06 
3.55963e+07 3.11112e+06 3.5923e+06 
3.05948e+07 5.35189e+06 6.38312e+06 
2.3828e+07 1.33847e+07 1.19248e+07 
1.51258e+07 2.34937e+07 1.54936e+07 
8.84802e+06 4.33923e+06 1.92385e+06 
7.21768e+06 1.50363e+07 426802 
7.10504e+06 -2.66395e+06 -2.59028e+06 
7.57692e+06 -4.57634e+06 -3.67189e+06 
7.66479e+06 1.59929e+06 1.42247e+06 
7.591e+06 324934 292158 
7.56642e+06 209332 163137 
7.35043e+06 46754 -42426.9 
7.30813e+06 -58371.1 -35094.9 
7.34518e+06 -33127.7 11423.3 
7.34819e+06 5214.85 10104.7 
7.35805e+06 10969.2 20521.9 
7.35569e+06 15591.6 12620.5 
7.34668e+06 3295.38 -3003.48 
7.34485e+06 -2495.46 -6189.55 
7.34535e+06 -2840.51 -4622.89 
7.34592e+06 -2210.44 -3285.33 
7.34683e+06 -1238.88 -1540.07 
7.3471e+06 -564.365 -929.654 
7.34728e+06 -397.154 -470.317 
7.34745e+06 -154.171 -140.339 
7.34752e+06 -65.4088 54.9039 
7.34754e+06 22.0473 93.7223 
7.34756e+06 24.284 88.9881 
7.34755e+06 31.5652 74.8273 
7.34755e+06 22.3389 50.127 
7.34754e+06 17.3636 39.6284 
7.34754e+06 16.6658 20.1157 
7.34753e+06 7.65313 10.6966 
7.34753e+06 4.82258 7.00606 
7.34753e+06 2.44361 7.81482 
7.34753e+06 4.74905 10.0534 
7.34753e+06 7.10343 6.82376 
7.34752e+06 4.07174 4.53122 
7.34752e+06 3.67044 4.17927 
7.34752e+06 3.27772 3.43547 
7.34752e+06 2.7227 3.59446 
7.34752e+06 2.89505 3.66714 
7.34751e+06 2.78507 3.8237 
7.34751e+06 2.78892 3.88668 
7.34752e+06 1.41 3.71706 
7.34752e+06 0.453662 3.53077 
3.16198e+07 -3.38484e+06 -307954 
3.64606e+07 185018 2.13885e+06 
3.38641e+07 3.86468e+06 4.83882e+06 
2.76835e+07 6.56745e+06 6.38168e+06 
1.83228e+07 1.61499e+07 1.11772e+07 
1.0107e+07 8.60039e+06 3.69484e+06 
6.89004e+06 1.9681e+07 -36180.3 
6.84147e+06 -4.23694e+06 -4.47509e+06 
7.13962e+06 -8.40486e+06 -7.84371e+06 
7.47342e+06 -423712 515960 
7.68675e+06 396258 249514 
7.4725e+06 158077 95342.7 
7.26918e+06 -1346.1 -72764.9 
7.21924e+06 -126348 -113632 
7.31961e+06 -48895.5 -16630.8 
7.3545e+06 -1605.64 15972.4 
7.3603e+06 19343.1 13461 
7.34861e+06 5057.86 -1658.94 
7.34469e+06 -2583.37 -5721.78 
7.34466e+06 -3449.67 -4921.66 
7.3456e+06 -3048.28 -3133.58 
7.34739e+06 -981.846 -99.9146 
7.34793e+06 229.944 874.917 
7.34785e+06 421.234 712.574 
7.34775e+06 308.602 467.377 
7.34763e+06 179.215 227.758 
7.34757e+06 77.6436 103.242 
7.34755e+06 39.4468 47.8383 
7.34754e+06 14.7765 19.5868 
7.34753e+06 7.67842 -0.405638 
7.34753e+06 -0.913067 -8.70514 
7.34753e+06 -2.53659 -4.44883 
7.34753e+06 -0.542296 -3.29055 
7.34753e+06 0.022325 -0.901699 
7.34752e+06 1.42842 0.478544 
7.34752e+06 1.79049 1.94723 
7.34752e+06 2.70033 3.22277 
7.34752e+06 3.26546 3.62592 
7.34751e+06 3.41871 3.794 
7.34751e+06 3.43863 3.65948 
7.34751e+06 3.14541 3.55891 
7.34751e+06 3.00687 3.60934 
7.34751e+06 2.9406 3.4277 
7.3475e+06 2.65472 3.22635 
7.3475e+06 2.4515 3.04525 
7.3475e+06 2.25382 2.84341 
7.3475e+06 2.11947 2.71981 
7.3475e+06 2.14835 2.85974 
7.3475e+06 1.20058 3.39062 
7.34751e+06 0.0413395 3.58431 
3.24123e+07 3.91537e+06 4.37348e+06 
2.47432e+07 6.70155e+06 5.47285e+06 
1.48645e+07 1.3445e+07 7.16051e+06 
8.0504e+06 4.41078e+06 547109 
6.5105e+06 -945792 -2.4619e+06 
6.8258e+06 -8.51425e+06 -7.23286e+06 
7.37058e+06 -445614 96262.2 
7.62136e+06 307688 207121 
7.45889e+06 138131 65949 
7.29375e+06 -1668.67 -53737.6 
7.27588e+06 -91419.8 -61806.9 
7.34409e+06 -27257.2 -1057.17 
7.37488e+06 13929.8 24034.6 
7.37289e+06 27245.4 22415.4 
7.35122e+06 7485.75 745.384 
7.34367e+06 -2530.09 -6133.59 
7.34418e+06 -4749.68 -3854.42 
7.34735e+06 -1111.07 400.62 
7.34832e+06 705.404 1461.83 
7.34819e+06 820.88 1099.68 
7.34792e+06 571.035 640.23 
7.34761e+06 237.877 144.383 
7.34748e+06 9.97285 -87.5546 
7.34748e+06 -53.2153 -102.019 
7.3475e+06 -44.1378 -64.7335 
7.34751e+06 -25.8602 -32.6538 
7.34752e+06 -12.135 -14.1504 
7.34753e+06 -5.13519 -4.87275 
7.34753e+06 -0.934377 -0.840153 
7.34753e+06 0.880194 1.47513 
7.34752e+06 2.26747 3.74082 
7.34752e+06 3.52873 4.03757 
7.34752e+06 3.71615 4.12763 
7.34751e+06 3.864 4.17951 
7.34751e+06 3.8017 4.00444 
7.34751e+06 3.58575 3.7006 
7.3475e+06 3.23329 3.25929 
7.3475e+06 2.78069 2.78406 
7.3475e+06 2.31135 2.29267 
7.3475e+06 1.83596 1.79479 
7.3475e+06 1.37921 1.32235 
7.3475e+06 0.964739 0.874185 
7.3475e+06 0.58264 0.471761 
7.3475e+06 0.258819 0.132602 
7.3475e+06 -0.00857698 -0.155933 
7.3475e+06 -0.230329 -0.41158 
7.3475e+06 -0.361858 -0.679882 
7.3475e+06 -0.209707 -0.880757 
7.34749e+06 -0.502659 -0.343996 
7.3475e+06 -1.23853 1.02277 
1.41729e+07 1.17273e+07 6.05335e+06 
7.46564e+06 3.94581e+06 740098 
6.49019e+06 -1.40999e+06 -2.00755e+06 
7.0896e+06 -5.02491e+06 -3.93012e+06 
7.49473e+06 99779.8 72045.7 
7.46225e+06 98991.7 30195.4 
7.2899e+06 -4975.02 -75772.2 
7.26769e+06 -97743.7 -73656.6 
7.33393e+06 -35390.1 -8551.93 
7.36085e+06 9240 14853.1 
7.35719e+06 17628.1 9992.56 
7.3425e+06 1211.66 -4465.1 
7.33891e+06 -6287.17 -7628.56 
7.34265e+06 -5908.28 -4010.12 
7.34772e+06 -746.719 994.355 
7.34891e+06 1307.23 1994.04 
7.34835e+06 1195.77 1033.02 
7.34758e+06 288.466 -22.8748 
7.34735e+06 -141.604 -306.893 
7.34738e+06 -170.814 -225.961 
7.34745e+06 -106.734 -121.557 
7.3475e+06 -50.353 -43.392 
7.34753e+06 -12.1857 0.526119 
7.34753e+06 3.4042 11.7406 
7.34753e+06 5.77769 9.46145 
7.34753e+06 4.76851 6.21759 
7.34753e+06 4.00601 4.76365 
7.34752e+06 3.92536 4.26783 
7.34752e+06 3.98811 4.15453 
7.34751e+06 4.02267 4.09841 
7.34751e+06 3.89663 3.72097 
7.34751e+06 3.47766 3.2352 
7.3475e+06 2.95 2.66055 
7.3475e+06 2.32147 1.96045 
7.3475e+06 1.62704 1.22538 
7.3475e+06 0.936025 0.505556 
7.3475e+06 0.288195 -0.164212 
7.3475e+06 -0.288422 -0.761778 
7.3475e+06 -0.780119 -1.27705 
7.3475e+06 -1.18335 -1.70587 
7.3475e+06 -1.49971 -2.05219 
7.3475e+06 -1.73725 -2.32448 
7.3475e+06 -1.90624 -2.53224 
7.3475e+06 -2.0176 -2.68688 
7.3475e+06 -2.08436 -2.79319 
7.3475e+06 -2.1252 -2.85759 
7.3475e+06 -2.15753 -2.94754 
7.3475e+06 -2.04856 -3.24692 
7.3475e+06 -1.72089 -3.37024 
7.3475e+06 -1.60219 -2.50142 
6.35185e+06 270556 -1.79472e+06 
6.82991e+06 -2.06905e+06 -2.20764e+06 
7.332e+06 -75168.6 -83456.3 
7.32045e+06 26113.6 -44855.6 
7.27355e+06 -81478 -49001.2 
7.3408e+06 -32425.9 6106.31 
7.37901e+06 18515.3 34159.9 
7.37319e+06 33748.6 26426.3 
7.35069e+06 10706.4 3817.54 
7.34436e+06 -2658.82 -3246.39 
7.3473e+06 -2966.31 -725.009 
7.35019e+06 944.999 2223.84 
7.34999e+06 2074.62 2146.91 
7.34849e+06 1316.21 739.933 
7.34728e+06 0.992196 -440.437 
7.34709e+06 -422.122 -574.745 
7.3473e+06 -310.202 -280.137 
7.3475e+06 -88.2293 -24.7912 
7.34756e+06 17.5292 52.7785 
7.34755e+06 30.4222 42.116 
7.34754e+06 18.808 21.9641 
7.34753e+06 9.80713 10.1424 
7.34753e+06 4.95823 4.20573 
7.34752e+06 3.19707 2.49431 
7.34752e+06 3.19208 2.86857 
7.34751e+06 3.59882 3.43224 
7.34751e+06 3.7218 3.46522 
7.34751e+06 3.41967 3.0323 
7.3475e+06 2.80546 2.3126 
7.3475e+06 2.00757 1.42942 
7.3475e+06 1.1269 0.515899 
7.3475e+06 0.266787 -0.353126 
7.3475e+06 -0.516487 -1.13382 
7.3475e+06 -1.1854 -1.78547 
7.3475e+06 -1.71655 -2.29588 
7.3475e+06 -2.10854 -2.66908 
7.3475e+06 -2.37173 -2.9182 
7.34751e+06 -2.52259 -3.06116 
7.34751e+06 -2.58214 -3.11991 
7.34751e+06 -2.5722 -3.1149 
7.34751e+06 -2.51198 -3.06506 
7.34751e+06 -2.41895 -2.98707 
7.34751e+06 -2.307 -2.89452 
7.34751e+06 -2.18767 -2.7988 
7.34751e+06 -2.0671 -2.70835 
7.34752e+06 -1.95218 -2.6127 
7.34752e+06 -1.87524 -2.49347 
7.34752e+06 -1.88978 -2.50069 
7.34752e+06 -1.51857 -2.87854 
7.34751e+06 -0.940722 -3.23018 
7.25567e+06 -235051 -125787 
7.42236e+06 65044 46441.6 
7.36172e+06 -1985.46 29571.5 
7.37583e+06 -1005.15 25954.7 
7.38568e+06 30898 26767.3 
7.35519e+06 16655.2 3282.41 
7.33635e+06 -4268.43 -10872.4 
7.33794e+06 -10584 -9413.38 
7.3453e+06 -4399.59 -2602.39 
7.34774e+06 -156.086 43.8441 
7.3472e+06 254.028 -236.857 
7.3467e+06 -419.555 -686.984 
7.3469e+06 -530.399 -518.361 
7.34732e+06 -276.767 -135.679 
7.3476e+06 19.4555 122.198 
7.34764e+06 104.522 140.648 
7.34758e+06 73.2603 70.3319 
7.34754e+06 24.9536 13.6017 
7.34752e+06 1.09899 -5.51423 
7.34752e+06 -2.48435 -4.44053 
7.34752e+06 0.1823 -0.0558285 
7.34751e+06 2.44739 2.43722 
7.34751e+06 3.42917 3.29613 
7.34751e+06 3.46052 3.12628 
7.3475e+06 2.86824 2.32905 
7.3475e+06 1.93371 1.25586 
7.3475e+06 0.881239 0.153173 
7.3475e+06 -0.137454 -0.854106 
7.3475e+06 -1.03258 -1.70334 
7.3475e+06 -1.75473 -2.3579 
7.3475e+06 -2.28073 -2.8099 
7.34751e+06 -2.61411 -3.07139 
7.34751e+06 -2.77436 -3.16703 
7.34751e+06 -2.791 -3.13072 
7.34751e+06 -2.69914 -2.99719 
7.34751e+06 -2.53152 -2.79884 
7.34752e+06 -2.31836 -2.563 
7.34752e+06 -2.08232 -2.31276 
7.34752e+06 -1.8433 -2.0639 
7.34752e+06 -1.61334 -1.82792 
7.34752e+06 -1.40086 -1.61236 
7.34752e+06 -1.21078 -1.42063 
7.34752e+06 -1.04461 -1.25437 
7.34752e+06 -0.903097 -1.11348 
7.34752e+06 -0.7848 -0.999893 
7.34752e+06 -0.68176 -0.915943 
7.34752e+06 -0.59456 -0.82422 
7.34752e+06 -0.645428 -0.662629 
7.34752e+06 -0.562039 -0.704431 
7.34752e+06 -0.176644 -1.2933 
7.40391e+06 74945.8 50284.5 
7.3407e+06 -5108.12 -4481.31 
7.35218e+06 1699.1 -2503.42 
7.34295e+06 2050.86 -5603.1 
7.33516e+06 -6744.16 -8793.15 
7.34126e+06 -6560.16 -3986.43 
7.34871e+06 -993.517 1411.06 
7.35031e+06 2193.72 2578.55 
7.34881e+06 1528.57 1293.58 
7.34788e+06 494.047 420.208 
7.34773e+06 164.215 221.327 
7.34773e+06 149.92 181.327 
7.34765e+06 110.239 100.073 
7.34756e+06 45.1991 16.3368 
7.34751e+06 -9.5844 -29.4584 
7.3475e+06 -21.7491 -28.5572 
7.34751e+06 -12.7944 -12.4177 
7.34751e+06 -2.2089 -0.17127 
7.34751e+06 3.2938 4.44921 
7.34751e+06 4.35919 4.4106 
7.34751e+06 3.48697 2.94407 
7.3475e+06 2.17336 1.41528 
7.3475e+06 0.866778 0.057993 
7.3475e+06 -0.323104 -1.10037 
7.3475e+06 -1.32641 -2.01758 
7.3475e+06 -2.0919 -2.66727 
7.34751e+06 -2.60061 -3.05221 
7.34751e+06 -2.86338 -3.19707 
7.34751e+06 -2.91293 -3.14334 
7.34751e+06 -2.79483 -2.94136 
7.34752e+06 -2.55963 -2.64162 
7.34752e+06 -2.2535 -2.28984 
7.34752e+06 -1.91684 -1.92286 
7.34752e+06 -1.5804 -1.56723 
7.34752e+06 -1.26425 -1.24058 
7.34752e+06 -0.981504 -0.952861 
7.34752e+06 -0.738103 -0.7075 
7.34752e+06 -0.534946 -0.503868 
7.34752e+06 -0.369907 -0.338947 
7.34752e+06 -0.239157 -0.208079 
7.34752e+06 -0.137867 -0.106062 
7.34752e+06 -0.0608551 -0.0279166 
7.34752e+06 -0.00355422 0.0309385 
7.34752e+06 0.0381746 0.0750849 
7.34752e+06 0.0670104 0.108752 
7.34752e+06 0.0873391 0.127917 
7.34752e+06 0.11548 0.124648 
7.34752e+06 0.101448 0.174569 
7.34752e+06 0.0400393 0.309817 
7.34752e+06 0.0603423 0.230771 
7.32986e+06 -19299 -15275.5 
7.34859e+06 -1578.01 -322.858 
7.34641e+06 516.702 437.334 
7.34659e+06 -788.189 240.162 
7.34964e+06 402.804 1585.76 
7.34997e+06 1565.19 1611.92 
7.34822e+06 934.553 428.729 
7.34715e+06 -74.6258 -350.286 
7.3471e+06 -318.692 -398.858 
7.34729e+06 -231.819 -241.032 
7.34741e+06 -124.748 -122.982 
7.34747e+06 -61.6513 -55.7585 
7.3475e+06 -22.8843 -15.5498 
7.34752e+06 -1.88058 4.70179 
7.34752e+06 8.15355 11.7468 
7.34752e+06 9.09717 9.93111 
7.34751e+06 6.30719 5.69727 
7.34751e+06 3.31382 2.24635 
7.3475e+06 1.07823 0.0247928 
7.3475e+06 -0.457045 -1.347 
7.34751e+06 -1.53837 -2.25261 
7.34751e+06 -2.3027 -2.85111 
7.34751e+06 -2.77721 -3.16414 
7.34751e+06 -2.97071 -3.20578 
7.34751e+06 -2.91896 -3.02381 
7.34752e+06 -2.68233 -2.68549 
7.34752e+06 -2.32747 -2.25903 
7.34752e+06 -1.91608 -1.80353 
7.34752e+06 -1.49845 -1.3633 
7.34752e+06 -1.1092 -0.967653 
7.34752e+06 -0.769394 -0.632205 
7.34752e+06 -0.488609 -0.362068 
7.34752e+06 -0.267809 -0.154625 
7.34752e+06 -0.102343 -0.00272391 
7.34752e+06 0.0156483 0.102636 
7.34752e+06 0.0948588 0.171094 
7.34752e+06 0.144158 0.211516 
7.34752e+06 0.171225 0.231528 
7.34752e+06 0.182499 0.237473 
7.34752e+06 0.183216 0.234275 
7.34752e+06 0.177332 0.225621 
7.34752e+06 0.167703 0.214169 
7.34752e+06 0.156409 0.201714 
7.34752e+06 0.144841 0.189226 
7.34752e+06 0.133706 0.178364 
7.34752e+06 0.122057 0.171665 
7.34752e+06 0.115081 0.158511 
7.34752e+06 0.120453 0.131657 
7.34752e+06 0.0953405 0.161428 
7.34752e+06 0.00883635 0.28303 
7.35327e+06 4607.75 4114.75 
7.34755e+06 1545.32 504.98 
7.3472e+06 -517.114 -403.201 
7.34812e+06 -61.7508 73.0148 
7.34761e+06 242.994 -2.5334 
7.34704e+06 -128.62 -313.261 
7.34713e+06 -278.413 -281.446 
7.34743e+06 -133.488 -62.3207 
7.34759e+06 5.86452 62.5423 
7.3476e+06 59.2496 79.1725 
7.34757e+06 50.8261 52.7836 
7.34753e+06 28.698 24.8367 
7.34752e+06 11.5349 7.81077 
7.34751e+06 3.03904 0.597544 
7.34751e+06 -0.348539 -1.88694 
7.3475e+06 -1.55169 -2.54572 
7.34751e+06 -2.12008 -2.81379 
7.34751e+06 -2.56985 -3.06439 
7.34751e+06 -2.88723 -3.20701 
7.34751e+06 -2.98521 -3.14301 
7.34752e+06 -2.84578 -2.86279 
7.34752e+06 -2.51411 -2.42308 
7.34752e+06 -2.06726 -1.90524 
7.34752e+06 -1.58156 -1.3841 
7.34752e+06 -1.11758 -0.912739 
7.34752e+06 -0.713516 -0.520198 
7.34752e+06 -0.387659 -0.217147 
7.34752e+06 -0.143554 -0.000445955 
7.34752e+06 0.0256022 0.140981 
7.34752e+06 0.13187 0.222002 
7.34752e+06 0.189289 0.257949 
7.34752e+06 0.211363 0.262721 
7.34752e+06 0.209807 0.247717 
7.34752e+06 0.193955 0.221739 
7.34752e+06 0.170628 0.191064 
7.34752e+06 0.144708 0.159808 
7.34752e+06 0.119152 0.130498 
7.34752e+06 0.0957543 0.104455 
7.34752e+06 0.0753469 0.0821627 
7.34752e+06 0.0581784 0.0636107 
7.34752e+06 0.044098 0.0485239 
7.34752e+06 0.0328301 0.0364784 
7.34752e+06 0.0239676 0.0270283 
7.34752e+06 0.0170812 0.0197027 
7.34752e+06 0.0120218 0.0137102 
7.34752e+06 0.00805929 0.00972332 
7.34752e+06 0.00333716 0.0100309 
7.34752e+06 0.00464172 0.00349553 
7.34752e+06 0.0123043 -0.0163409 
7.34752e+06 -0.013053 0.00956181 
7.34606e+06 -697.548 -949.036 
7.34729e+06 -670.949 -357.081 
7.34784e+06 102.068 203.232 
7.34755e+06 169.454 81.8778 
7.34741e+06 -32.7659 -72.6797 
7.34752e+06 -44.0287 4.1408 
7.34762e+06 33.407 73.383 
7.34758e+06 54.7315 51.4034 
7.34752e+06 24.9625 9.6187 
7.3475e+06 -1.977 -12.053 
7.34749e+06 -10.0566 -13.4807 
7.3475e+06 -7.96348 -8.16513 
7.34751e+06 -4.41874 -4.20083 
7.34751e+06 -2.79883 -2.83763 
7.34751e+06 -2.56425 -2.73601 
7.34751e+06 -2.68144 -2.79342 
7.34752e+06 -2.61717 -2.5939 
7.34752e+06 -2.28479 -2.14211 
7.34752e+06 -1.79188 -1.57669 
7.34752e+06 -1.26192 -1.02008 
7.34752e+06 -0.778796 -0.544974 
7.34752e+06 -0.386712 -0.182062 
7.34752e+06 -0.0993571 0.0661738 
7.34752e+06 0.0888823 0.213883 
7.34752e+06 0.194594 0.2829 
7.34752e+06 0.23823 0.296108 
7.34752e+06 0.239654 0.274153 
7.34752e+06 0.215917 0.233544 
7.34752e+06 0.179877 0.186119 
7.34752e+06 0.14051 0.139592 
7.34752e+06 0.10332 0.0982981 
7.34752e+06 0.0712313 0.0641333 
7.34752e+06 0.0452483 0.0374316 
7.34752e+06 0.0253688 0.0175943 
7.34752e+06 0.01089 0.0035176 
7.34752e+06 0.000839461 -0.00593133 
7.34752e+06 -0.00571933 -0.011891 
7.34752e+06 -0.00970722 -0.0153173 
7.34752e+06 -0.011862 -0.0169805 
7.34752e+06 -0.0127646 -0.0174767 
7.34752e+06 -0.0128559 -0.0172477 
7.34752e+06 -0.0124611 -0.016613 
7.34752e+06 -0.0118046 -0.0157912 
7.34752e+06 -0.0110567 -0.0148718 
7.34752e+06 -0.0102915 -0.0139717 
7.34752e+06 -0.00938714 -0.013577 
7.34752e+06 -0.00890095 -0.0128734 
7.34752e+06 -0.00953266 -0.00990895 
7.34752e+06 -0.00671981 -0.0120004 
7.34752e+06 -0.00139948 -0.0220776 
7.3478e+06 36.9633 184.912 
7.34779e+06 197.335 188.704 
7.34751e+06 60.5875 -41.521 
7.34745e+06 -52.0498 -48.3864 
7.34754e+06 -10.0533 19.9855 
7.34753e+06 22.0278 16.3243 
7.3475e+06 4.1794 -6.7236 
7.34749e+06 -9.54377 -13.9728 
7.3475e+06 -9.02188 -8.41459 
7.34751e+06 -4.16009 -2.28479 
7.34752e+06 -1.32146 -0.565822 
7.34752e+06 -1.16836 -1.1753 
7.34752e+06 -1.7233 -1.8272 
7.34752e+06 -1.85949 -1.79954 
7.34752e+06 -1.52316 -1.31552 
7.34752e+06 -0.993188 -0.731145 
7.34752e+06 -0.493464 -0.245957 
7.34752e+06 -0.119616 0.0810617 
7.34752e+06 0.116573 0.26271 
7.34752e+06 0.238371 0.334302 
7.34752e+06 0.277337 0.332445 
7.34752e+06 0.263339 0.288327 
7.34752e+06 0.220841 0.225689 
7.34752e+06 0.16785 0.160749 
7.34752e+06 0.116039 0.102987 
7.34752e+06 0.0716999 0.0567221 
7.34752e+06 0.0373109 0.0228314 
7.34752e+06 0.0128716 0.000116174 
7.34752e+06 -0.00297921 -0.0135452 
7.34752e+06 -0.0120973 -0.0204874 
7.34752e+06 -0.0163738 -0.0228201 
7.34752e+06 -0.0174367 -0.0222749 
7.34752e+06 -0.0165602 -0.0201235 
7.34752e+06 -0.0146662 -0.0172683 
7.34752e+06 -0.0123835 -0.0142555 
7.34752e+06 -0.0100744 -0.0114194 
7.34752e+06 -0.00796116 -0.0089253 
7.34752e+06 -0.00613691 -0.00682712 
7.34752e+06 -0.00462528 -0.00511967 
7.34752e+06 -0.00341047 -0.00376575 
7.34752e+06 -0.0024589 -0.00271216 
7.34752e+06 -0.00172766 -0.00190413 
7.34752e+06 -0.00117318 -0.00129489 
7.34752e+06 -0.000757391 -0.000849811 
7.34752e+06 -0.000466491 -0.000497191 
7.34752e+06 -0.000256376 -0.000202728 
7.34752e+06 2.21501e-05 -0.000234896 
7.34752e+06 2.25806e-05 -0.000177979 
7.34752e+06 -0.000612637 0.0011025 
7.34752e+06 0.000964888 0.000501504 
7.34752e+06 55.3493 -40.6246 
7.34742e+06 -48.7959 -53.9304 
7.34752e+06 -26.1626 11.3022 
7.34753e+06 23.1149 14.859 
7.3475e+06 3.98696 -3.30044 
7.34751e+06 -8.29276 -8.74587 
7.34751e+06 -5.53385 -4.41558 
7.34752e+06 -1.80425 -0.495801 
7.34752e+06 -0.541212 -0.399441 
7.34752e+06 -0.993379 -1.10853 
7.34752e+06 -1.173 -1.12081 
7.34752e+06 -0.828684 -0.618301 
7.34752e+06 -0.334455 -0.0786639 
7.34752e+06 0.0507173 0.257485 
7.34752e+06 0.254605 0.386852 
7.34752e+06 0.315066 0.382935 
7.34752e+06 0.290941 0.314138 
7.34752e+06 0.22888 0.225428 
7.34752e+06 0.158292 0.141377 
7.34752e+06 0.0948873 0.0731902 
7.34752e+06 0.0453745 0.0240995 
7.34752e+06 0.0110547 -0.00710623 
7.34752e+06 -0.009764 -0.0238484 
7.34752e+06 -0.0201268 -0.0302131 
7.34752e+06 -0.0233034 -0.0299934 
7.34752e+06 -0.0221317 -0.0261989 
7.34752e+06 -0.0187636 -0.0209509 
7.34752e+06 -0.0146526 -0.0155816 
7.34752e+06 -0.0106697 -0.0108153 
7.34752e+06 -0.00725084 -0.00694802 
7.34752e+06 -0.00454696 -0.00402191 
7.34752e+06 -0.00254543 -0.0019359 
7.34752e+06 -0.00114691 -0.000535701 
7.34752e+06 -0.000228464 0.000343524 
7.34752e+06 0.0003345 0.000847294 
7.34752e+06 0.000645413 0.00109427 
7.34752e+06 0.0007877 0.00117671 
7.34752e+06 0.000823847 0.00115969 
7.34752e+06 0.000797563 0.00108863 
7.34752e+06 0.000738879 0.000992287 
7.34752e+06 0.000666106 0.000888774 
7.34752e+06 0.000590545 0.000788894 
7.34752e+06 0.000519 0.000699134 
7.34752e+06 0.000455377 0.000621483 
7.34752e+06 0.000402637 0.000550802 
7.34752e+06 0.000350111 0.000501297 
7.34752e+06 0.000307233 0.000484946 
7.34752e+06 0.000332362 0.000389615 
7.34752e+06 0.000244939 0.00032047 
7.34752e+06 8.01276e-05 0.000628261 
7.34754e+06 -24.0421 10.6468 
7.34755e+06 21.9398 9.3143 
7.34751e+06 7.33837 -2.52419 
7.34751e+06 -6.93342 -7.04656 
7.34752e+06 -5.47726 -3.23205 
7.34752e+06 -1.18537 0.976723 
7.34752e+06 0.980486 0.855462 
7.34752e+06 0.26885 0.015914 
7.34752e+06 -0.141636 0.00858635 
7.34752e+06 0.0648652 0.270622 
7.34752e+06 0.25862 0.379899 
7.34752e+06 0.282693 0.319749 
7.34752e+06 0.213101 0.204828 
7.34752e+06 0.128626 0.100638 
7.34752e+06 0.0592748 0.0267116 
7.34752e+06 0.0117394 -0.0172098 
7.34752e+06 -0.0156849 -0.0377959 
7.34752e+06 -0.0277221 -0.0427576 
7.34752e+06 -0.0296829 -0.0387906 
7.34752e+06 -0.0260936 -0.0308192 
7.34752e+06 -0.0202281 -0.0220114 
7.34752e+06 -0.0141105 -0.0141285 
7.34752e+06 -0.0088285 -0.00793416 
7.34752e+06 -0.00479484 -0.00354973 
7.34752e+06 -0.00201437 -0.000744223 
7.34752e+06 -0.000283213 0.00084499 
7.34752e+06 0.000662701 0.00158401 
7.34752e+06 0.0010754 0.00178533 
7.34752e+06 0.00116094 0.0016827 
7.34752e+06 0.0010684 0.00143639 
7.34752e+06 0.00089703 0.00114634 
7.34752e+06 0.00070685 0.000868367 
7.34752e+06 0.000529795 0.000628611 
7.34752e+06 0.000379948 0.000435441 
7.34752e+06 0.00026094 0.000287485 
7.34752e+06 0.000170682 0.000178721 
7.34752e+06 0.000104884 0.00010123 
7.34752e+06 5.82827e-05 4.79615e-05 
7.34752e+06 2.64298e-05 1.23783e-05 
7.34752e+06 5.17494e-06 -1.05358e-05 
7.34752e+06 -8.43614e-06 -2.46329e-05 
7.34752e+06 -1.6791e-05 -3.27288e-05 
7.34752e+06 -2.14778e-05 -3.71447e-05 
7.34752e+06 -2.41425e-05 -3.89462e-05 
7.34752e+06 -2.50741e-05 -3.9062e-05 
7.34752e+06 -2.4361e-05 -3.97109e-05 
7.34752e+06 -2.59756e-05 -3.91902e-05 
7.34752e+06 -2.70166e-05 -3.36138e-05 
7.34752e+06 -1.39793e-05 -3.53716e-05 
7.34752e+06 -2.27756e-05 -6.54173e-05 
