1.20494 
1.20494 
1.20494 
1.20494 
1.20495 
1.20534 
1.29156 
3.54011 
7.12824 
4.90995 
9.39743 
9.10346 
7.73734 
6.10956 
3.60897 
2.78893 
2.31098 
2.01486 
1.81213 
1.66296 
1.54758 
1.45493 
1.37835 
1.3136 
1.25795 
1.2095 
1.16679 
1.12889 
1.09506 
1.06465 
1.03705 
1.01184 
0.988804 
0.967718 
0.948232 
0.930192 
0.913595 
0.898491 
0.885039 
0.873383 
0.863543 
0.85317 
0.836864 
0.809467 
0.771267 
0.761507 
0.710003 
0.714358 
0.68695 
0.751355 
0.869524 
1.03844 
1.27844 
1.61045 
2.02557 
2.456 
2.77183 
2.84556 
2.8194 
2.86198 
2.86813 
2.89706 
2.92745 
2.94699 
2.95219 
2.93969 
2.9057 
2.84693 
2.76102 
2.64709 
2.50613 
2.34171 
2.16062 
1.97275 
1.78998 
1.62436 
1.48558 
1.37878 
1.30378 
1.25605 
1.22874 
1.21481 
1.20854 
1.20608 
1.20525 
1.20501 
1.20496 
1.20495 
1.20494 
1.20494 
1.20494 
1.20494 
1.20494 
1.20494 
1.20494 
1.20494 
1.20494 
1.20494 
1.20494 
1.20494 
1.20494 
1.20494 
1.20494 
1.20494 
1.20494 
1.20494 
1.20494 
1.20494 
1.20494 
1.20494 
1.20494 
1.20494 
1.20494 
1.20494 
1.20497 
1.21172 
1.82114 
6.67613 
4.7095 
6.1726 
6.27015 
7.24464 
5.47317 
3.72332 
3.14768 
2.51845 
2.14739 
1.90498 
1.73237 
1.60189 
1.49891 
1.41495 
1.3447 
1.28478 
1.23291 
1.1875 
1.14729 
1.1115 
1.07947 
1.05052 
1.02416 
1.00006 
0.978044 
0.957782 
0.939039 
0.921708 
0.905852 
0.891543 
0.878946 
0.868269 
0.858665 
0.846094 
0.82531 
0.699889 
0.713894 
0.689487 
0.710677 
0.804639 
0.946641 
1.14798 
1.43235 
1.81018 
2.24618 
2.6367 
2.86577 
2.82274 
2.87557 
2.91331 
2.93886 
2.95157 
2.9484 
2.92561 
2.87959 
2.80746 
2.70755 
2.57983 
2.4265 
2.25269 
2.06682 
1.87995 
1.70433 
1.55117 
1.42807 
1.3375 
1.27691 
1.2403 
1.2205 
1.211 
1.207 
1.20554 
1.20509 
1.20497 
1.20495 
1.20495 
1.20494 
1.20494 
1.20494 
1.20494 
1.20494 
1.20494 
1.20494 
1.20494 
1.20494 
1.20494 
1.20494 
1.20494 
1.20494 
1.20494 
1.20494 
1.20494 
1.20494 
1.20494 
1.20494 
1.20494 
1.20494 
1.20494 
1.20494 
1.20494 
1.20494 
1.20494 
1.20494 
1.20495 
1.20658 
1.44811 
4.14644 
2.55837 
2.14504 
1.88105 
1.69696 
1.56005 
1.45343 
1.36745 
1.29618 
1.23579 
1.1838 
1.13848 
1.0985 
1.06301 
1.03129 
1.00275 
0.976844 
0.953201 
0.931569 
0.911734 
0.893421 
0.876481 
0.860923 
0.846786 
0.83425 
0.823432 
0.81398 
0.803624 
0.788842 
0.777486 
0.697896 
1.08925 
1.34934 
1.70405 
2.13193 
2.54997 
2.92298 
2.89764 
2.93837 
2.9203 
2.8803 
2.81535 
2.72353 
2.60449 
2.45983 
2.29375 
2.11352 
1.92917 
1.75224 
1.59399 
1.46298 
1.3633 
1.29406 
1.2505 
1.22588 
1.21349 
1.208 
1.20589 
1.20519 
1.205 
1.20495 
1.20495 
1.20494 
1.20494 
1.20494 
1.20494 
1.20494 
1.20494 
1.20494 
1.20494 
1.20494 
1.20494 
1.20494 
1.20494 
1.20494 
1.20494 
1.20494 
1.20494 
1.20494 
1.20494 
1.20494 
1.20494 
1.20494 
1.20504 
1.22965 
2.44011 
1.99995 
1.78161 
1.62388 
1.50368 
1.40829 
1.33025 
1.2648 
1.20888 
1.16038 
1.11788 
1.08024 
1.04671 
1.01666 
0.98949 
0.964754 
0.942135 
0.92145 
0.902388 
0.884781 
0.868523 
0.853664 
0.840306 
0.828599 
0.818603 
0.809092 
0.796984 
0.778013 
0.989739 
1.20806 
1.51491 
1.91233 
2.35053 
2.71139 
2.94031 
2.93186 
2.90325 
2.8511 
2.77287 
2.66736 
2.53517 
2.37909 
2.20483 
2.02116 
1.83904 
1.67015 
1.5247 
1.40917 
1.3251 
1.26948 
1.23626 
1.21853 
1.21014 
1.20668 
1.20544 
1.20506 
1.20497 
1.20495 
1.20495 
1.20494 
1.20494 
1.20494 
1.20494 
1.20494 
1.20494 
1.20494 
1.20494 
1.20494 
1.20494 
1.20494 
1.20494 
1.20494 
1.20494 
1.20494 
2.32627 
2.86202 
3.25634 
0.730425 
0.836347 
0.90641 
2.91056 
2.93228 
2.93814 
1.20494 
1.20494 
1.20494 
1.20494 
1.20494 
1.20495 
1.20647 
1.42597 
2.34238 
1.72535 
3.22451 
2.9993 
1.96131 
2.51462 
0.733349 
3.00309 
3.65099 
2.11172 
2.03533 
2.76496 
2.62172 
1.7323 
1.56714 
1.44231 
1.34423 
1.26475 
1.19869 
1.14267 
1.0944 
1.0523 
1.0152 
0.982284 
0.952854 
0.92633 
0.902256 
0.880315 
0.860265 
0.841825 
0.824818 
0.809142 
0.794791 
0.781821 
0.770354 
0.760438 
0.751218 
0.740332 
0.724311 
0.705583 
0.989364 
2.87038 
0.837709 
0.704057 
0.7162 
0.906982 
0.871262 
0.945937 
1.20532 
1.50984 
1.90649 
2.34668 
2.7114 
2.77951 
2.89229 
1.20494 
2.8882 
2.85733 
2.83285 
2.89195 
2.85853 
2.88137 
2.85205 
2.80125 
2.7267 
2.62755 
2.50466 
2.36054 
2.19979 
2.0295 
1.85853 
1.69663 
1.55307 
1.43486 
1.34519 
1.28313 
1.24435 
1.22269 
1.21199 
1.20737 
1.20566 
1.20512 
1.20498 
1.20495 
1.20495 
1.20494 
1.20494 
1.20494 
1.20494 
1.20494 
1.20494 
1.20494 
1.20494 
1.20494 
1.20494 
1.20494 
1.20494 
1.20494 
1.20494 
1.20494 
1.20494 
1.20494 
1.20494 
1.20494 
1.20494 
1.20494 
1.20494 
1.20494 
1.20494 
1.20494 
1.20494 
1.20494 
1.20494 
1.20494 
2.2945 
2.20178 
1.20494 
1.20494 
1.20494 
4.30822 
3.12048 
1.20494 
1.20494 
1.20494 
1.20494 
2.39922 
1.20494 
1.20494 
1.20504 
1.22762 
2.67674 
2.4315 
1.20494 
1.20533 
2.30111 
2.99235 
2.88143 
2.82935 
1.68145 
1.64351 
1.83674 
1.59706 
1.89645 
1.5007 
1.39053 
1.30255 
1.2303 
1.16958 
1.11768 
1.07266 
1.03318 
0.998264 
0.967173 
0.939264 
0.91401 
0.891038 
0.870072 
0.850858 
0.833154 
0.816816 
0.801802 
0.788127 
0.775894 
0.765201 
0.755858 
0.746199 
0.733093 
1.03523 
1.08777 
0.779434 
2.85789 
1.14194 
0.808456 
0.755926 
0.689997 
1.59735 
1.69835 
1.20494 
1.34536 
1.79637 
2.12672 
2.54771 
2.85584 
2.88891 
2.88104 
1.20494 
2.84947 
2.8538 
2.84625 
2.84529 
1.21075 
2.86922 
2.8295 
2.76704 
2.68018 
2.56896 
2.43503 
2.28186 
2.11532 
1.94349 
1.77584 
1.62205 
1.4905 
1.38642 
1.31091 
1.26119 
1.23178 
1.21631 
1.20916 
1.20629 
1.20531 
1.20503 
1.20496 
1.20495 
1.20494 
1.20494 
1.20494 
1.20494 
1.20494 
1.20494 
1.20494 
1.20494 
1.20494 
1.20494 
1.20495 
1.20497 
1.20494 
1.26946 
1.20494 
1.20494 
1.20494 
1.20494 
1.20494 
1.20494 
4.15553 
1.20494 
1.20494 
1.08882 
1.20494 
1.20494 
1.20494 
1.20494 
1.20494 
1.20494 
1.20494 
1.20494 
1.20495 
1.20496 
1.20502 
1.20529 
1.20625 
1.20907 
1.21613 
1.23141 
1.26035 
1.30894 
1.38209 
1.48196 
1.60713 
1.75264 
0.714677 
0.72652 
0.736163 
0.745386 
0.755666 
0.767462 
0.780736 
0.79535 
0.811274 
0.828544 
0.847311 
0.867779 
1.20494 
0.890187 
0.914821 
0.942062 
0.972401 
1.00644 
1.20494 
1.04493 
1.20494 
1.20494 
1.20494 
1.20494 
1.20494 
1.20494 
1.20494 
1.20494 
1.20494 
1.20494 
1.20494 
1.20495 
1.20495 
1.20498 
1.20511 
1.20563 
1.20731 
1.21186 
1.22243 
1.24379 
1.28183 
1.34223 
1.42869 
1.54162 
1.67777 
1.83071 
1.99226 
2.15401 
2.30822 
2.44841 
2.57013 
2.67068 
2.74864 
2.80416 
2.44824 
2.01147 
0.720987 
0.731495 
0.740737 
0.750331 
0.761364 
0.773928 
0.787882 
0.803148 
0.819729 
0.837731 
0.857314 
0.878721 
0.902198 
0.928082 
0.956809 
0.98891 
1.27644 
1.02507 
1.06612 
1.11318 
1.16773 
1.23198 
1.30911 
1.40396 
2.83901 
1.52404 
1.13939 
1.19848 
1.26867 
1.78004 
1.35394 
1.46023 
1.91094 
2.07362 
2.2325 
2.63638 
1.42099 
2.23305 
2.38039 
2.51178 
2.62317 
2.71251 
2.77912 
2.82401 
1.20494 
1.20494 
1.20494 
1.20494 
1.20494 
1.20494 
1.20494 
2.75658 
1.26625 
1.20497 
1.20494 
1.74546 
1.01701 
1.90811 
1.71875 
1.36644 
2.0086 
1.20494 
1.13721 
2.08228 
2.5525 
1.93941 
1.4811 
1.42037 
1.40989 
1.82295 
1.79859 
1.27483 
1.19988 
1.16722 
1.19263 
1.16027 
1.20494 
1.20494 
1.06 
1.20494 
1.2665 
0.979368 
0.946054 
0.916325 
0.889627 
1.20494 
0.865523 
0.843603 
0.823559 
0.805175 
0.788293 
0.772777 
0.758578 
0.745744 
0.734428 
0.72457 
0.715358 
1.03464 
0.757714 
2.77311 
1.94348 
1.91246 
2.77278 
2.72427 
0.698212 
0.705603 
2.22851 
1.79043 
1.20494 
2.34077 
2.00596 
2.11384 
2.76483 
2.70683 
2.7695 
2.72405 
1.20494 
1.20494 
2.77012 
2.7149 
1.54994 
1.53629 
1.20494 
1.20494 
1.20494 
2.72965 
2.68705 
2.62675 
2.54799 
2.45207 
2.39824 
2.34055 
2.21599 
2.08083 
2.01062 
2.04929 
1.98494 
0.700639 
0.702539 
0.701484 
1.79664 
1.65864 
1.53263 
1.42522 
1.34091 
1.28102 
1.24302 
1.22175 
1.2114 
1.20706 
1.20553 
1.20508 
1.20497 
1.20495 
1.20494 
1.20494 
1.20494 
1.20494 
1.20494 
1.20494 
1.20494 
1.20494 
1.20494 
1.20495 
1.20495 
1.20494 
1.20494 
1.20494 
1.20494 
1.20494 
1.20494 
1.20494 
1.20494 
1.20494 
1.20494 
3.00332 
1.20494 
1.20494 
1.20494 
1.20494 
1.20494 
2.23867 
2.18651 
2.40443 
2.3384 
2.11676 
1.20494 
1.20494 
1.20494 
1.20494 
1.03778 
1.03165 
1.20494 
1.20494 
0.877278 
0.871954 
1.08386 
1.07747 
1.59169 
1.68468 
1.21041 
1.22462 
2.76262 
2.72174 
1.14017 
1.08369 
1.19814 
1.20494 
1.20494 
2.78454 
0.716029 
0.707015 
0.739231 
1.20494 
1.20494 
1.20494 
2.71537 
2.63377 
2.70483 
1.20494 
1.05375 
1.58359 
1.69286 
0.884235 
1.20494 
1.62278 
2.72094 
0.872196 
2.47547 
0.910794 
0.902625 
2.61615 
2.54452 
1.62851 
2.74496 
1.46928 
1.26673 
1.23558 
1.31823 
1.22796 
1.35699 
1.20494 
2.06274 
1.63498 
1.78047 
1.10952 
0.997589 
0.96222 
0.930785 
0.897165 
1.20494 
1.10298 
0.854311 
0.83336 
0.814169 
0.796556 
0.780368 
0.765508 
0.751983 
0.739897 
0.729351 
0.719937 
0.710595 
2.04207 
1.61237 
0.946197 
0.907356 
0.98778 
1.91936 
1.86785 
1.20494 
1.89337 
1.41643 
1.1305 
1.36097 
1.20494 
2.47133 
2.08838 
2.44699 
1.69918 
2.44425 
2.71046 
2.65922 
2.58962 
2.50207 
2.39072 
0.735471 
2.27991 
2.14946 
1.65585 
1.59369 
1.7266 
1.59346 
1.7865 
1.47626 
1.38001 
1.30799 
1.25957 
1.23066 
1.21555 
1.20872 
1.20608 
1.20523 
1.205 
1.20495 
1.20495 
1.20494 
1.20494 
1.20494 
1.20494 
1.20494 
1.20494 
1.01102 
2.68204 
1.51395 
1.20494 
1.20506 
1.20534 
1.33501 
2.69597 
1.20494 
1.20494 
1.20494 
1.20608 
1.20494 
0.809974 
1.20494 
1.20494 
1.20494 
1.20494 
1.20494 
1.20494 
1.20495 
1.20495 
1.205 
1.20522 
1.20494 
1.20494 
1.20494 
1.20494 
1.20494 
1.20494 
1.20494 
1.20495 
1.20497 
1.20507 
1.20552 
1.20708 
1.21152 
1.22221 
1.24416 
1.28317 
1.34402 
1.20877 
1.21581 
1.42849 
0.70635 
0.715703 
2.48156 
2.55839 
2.2874 
0.840394 
0.784367 
0.711107 
0.720345 
0.730144 
0.741187 
0.753845 
0.767922 
0.783344 
0.800129 
0.818422 
0.838404 
0.86025 
0.747324 
0.76071 
0.775466 
0.791561 
1.85303 
0.72516 
2.33372 
1.30953 
0.925195 
0.956508 
0.991715 
0.973582 
0.940409 
0.809074 
0.82819 
0.84908 
1.23141 
1.53422 
1.26118 
1.31066 
1.49716 
2.43778 
2.52185 
2.59097 
2.64402 
2.53983 
2.66477 
2.61947 
2.11205 
2.23143 
2.17288 
1.7205 
1.38336 
1.47898 
1.20494 
1.20666 
1.20494 
1.20494 
1.20494 
1.20494 
2.54142 
1.20724 
0.941044 
0.753666 
1.32185 
1.45031 
2.60348 
2.39401 
0.818244 
0.957294 
0.961352 
0.708225 
0.714002 
1.20494 
1.20494 
2.502 
1.33396 
1.20494 
1.20494 
1.53043 
1.40846 
1.87642 
1.26773 
2.55773 
2.48287 
2.35584 
1.20494 
1.20494 
1.20494 
0.992739 
1.01213 
1.01655 
0.974493 
0.997045 
0.978676 
0.911199 
1.24484 
0.872197 
0.849168 
0.828084 
0.831414 
1.90039 
0.799891 
0.783079 
0.767658 
0.76048 
0.763611 
0.841364 
2.33211 
0.735768 
2.3899 
2.32432 
0.72581 
1.95606 
1.94606 
2.10854 
0.730682 
0.734196 
2.22981 
2.19782 
2.61208 
2.54649 
1.46604 
1.46863 
1.30998 
1.31435 
1.20494 
0.925694 
0.929587 
2.15568 
2.58433 
1.16188 
2.61432 
2.55348 
1.20494 
1.20494 
2.59443 
2.52385 
1.68376 
1.20494 
1.60263 
1.60234 
2.53172 
2.60864 
2.52295 
2.44789 
2.24203 
2.45138 
2.42186 
2.35289 
1.78312 
2.19996 
2.16033 
1.2859 
1.43735 
1.66198 
0.71171 
0.71519 
1.54404 
1.2112 
1.49206 
1.34982 
1.31484 
1.31928 
1.60213 
1.61006 
1.26273 
1.26512 
1.48876 
1.49697 
1.22203 
1.2155 
1.21581 
1.20494 
1.20593 
1.20517 
1.20499 
1.20495 
1.20495 
1.20494 
1.20494 
1.20494 
1.20494 
1.20494 
1.20494 
1.03281 
1.03731 
1.20494 
1.20494 
1.20494 
1.37244 
1.20494 
1.20494 
1.20508 
1.20557 
1.20494 
1.33142 
1.40464 
1.20494 
1.20494 
1.20494 
1.20494 
1.20494 
1.20494 
1.20494 
0.786112 
0.812095 
1.20494 
1.20494 
1.20494 
1.88788 
1.20494 
1.20494 
2.33576 
2.29655 
0.716269 
0.719483 
1.20494 
1.20494 
1.05498 
1.05953 
1.20494 
1.20494 
0.884535 
0.888282 
1.10444 
1.67862 
1.77735 
1.20494 
1.20494 
1.20687 
1.20688 
1.20495 
1.20498 
1.07881 
1.08339 
2.61479 
2.56952 
2.55326 
0.720979 
0.729084 
0.724252 
2.28194 
2.23064 
0.74128 
0.744656 
2.11078 
2.224 
1.20495 
1.20495 
2.57207 
2.51183 
2.49809 
1.98847 
1.9723 
1.20494 
1.20494 
1.20494 
2.37984 
1.99687 
2.35361 
1.28925 
1.271 
1.303 
1.53184 
1.1667 
1.13206 
2.4363 
2.35115 
2.32453 
1.66875 
1.20494 
1.27802 
1.1091 
2.08499 
1.40132 
0.739288 
2.2944 
2.31983 
1.55242 
0.770785 
1.77478 
0.803128 
0.791307 
1.13681 
0.860426 
0.83839 
0.808856 
0.794506 
0.775194 
1.86612 
0.872636 
0.908026 
0.747246 
1.30701 
1.19415 
1.19901 
1.35666 
0.852636 
0.875861 
0.945008 
1.8426 
2.1222 
2.10916 
1.7689 
0.91505 
0.897505 
1.41182 
1.6811 
1.27238 
1.22929 
1.20494 
1.20494 
1.20494 
1.26781 
2.19643 
2.47815 
1.78534 
1.72263 
2.42754 
1.20494 
0.821538 
1.72751 
2.5346 
0.90131 
1.20494 
1.39078 
1.3554 
1.22261 
1.23153 
1.24643 
1.20494 
1.51642 
1.79417 
1.20849 
1.20543 
1.20504 
1.20496 
1.20495 
1.20494 
1.20494 
1.20494 
1.20494 
1.20494 
1.20494 
1.20494 
0.756831 
1.08318 
1.89514 
1.20494 
2.46623 
1.21134 
1.20494 
1.57788 
1.23197 
1.19629 
1.13578 
1.25838 
0.74342 
0.730013 
0.763111 
2.00941 
1.99405 
1.20494 
1.20494 
1.20494 
1.20494 
1.20494 
1.20494 
1.20495 
1.20495 
1.20498 
1.20516 
1.20593 
1.21675 
1.20494 
1.44494 
1.30246 
2.26321 
0.812125 
0.78624 
0.841773 
0.86399 
1.20494 
0.778329 
0.750483 
1.36063 
1.84146 
2.40481 
1.20494 
1.20494 
1.20494 
1.20494 
1.20495 
1.20496 
1.39744 
1.20504 
1.23254 
1.20542 
1.20855 
1.20494 
1.20494 
0.83359 
1.68789 
2.42809 
1.25789 
0.976229 
1.74543 
2.19047 
2.04768 
1.03283 
1.20494 
1.42934 
1.20494 
1.21793 
1.8994 
0.75187 
1.98215 
2.22923 
0.756796 
0.765026 
2.26724 
0.782189 
1.20494 
0.94383 
0.865277 
1.20494 
0.901878 
1.80007 
1.80856 
0.806177 
0.814936 
0.822697 
0.768348 
2.24681 
2.28502 
2.21572 
1.20494 
2.20989 
2.15721 
0.775031 
0.782621 
2.21885 
1.54617 
0.876968 
0.885247 
0.988109 
2.0819 
1.05394 
2.10361 
1.20494 
2.38587 
1.15481 
2.34417 
2.14923 
1.85033 
2.15827 
1.22727 
2.447 
1.7693 
1.77279 
1.85756 
1.85777 
2.31652 
2.39761 
2.32065 
1.85162 
1.85779 
1.99295 
1.62996 
1.20494 
0.994002 
1.00352 
1.22257 
2.30148 
2.22964 
2.06042 
1.20578 
0.843597 
0.851607 
1.32518 
1.03355 
1.22456 
0.789786 
0.797359 
1.20511 
1.40869 
1.68843 
1.69965 
1.26706 
1.21094 
1.20664 
1.20663 
1.20533 
1.20532 
1.45896 
1.46832 
1.20497 
1.20495 
1.20494 
1.20494 
1.20494 
1.20494 
1.20494 
1.20494 
1.07645 
1.08701 
1.20494 
1.20494 
1.20548 
2.14986 
1.20494 
1.20494 
1.20494 
1.20494 
1.94294 
1.94278 
1.51363 
1.52407 
1.20494 
1.20494 
0.811857 
2.3305 
2.25487 
1.20494 
1.2225 
2.26374 
2.24084 
0.736218 
1.48488 
1.49495 
1.57157 
1.1006 
1.11129 
1.20494 
1.20494 
0.915148 
0.924057 
2.14053 
2.1257 
1.20494 
1.20822 
1.20824 
1.20497 
1.20505 
1.12665 
1.13745 
1.2154 
1.21565 
1.77017 
1.87408 
1.20494 
1.20494 
1.40032 
1.47732 
1.20494 
1.20494 
0.929084 
0.952991 
0.938134 
0.762251 
0.770187 
2.23074 
2.11128 
2.36896 
1.20495 
1.20495 
1.22234 
1.22288 
1.36388 
1.37045 
1.23262 
1.23362 
0.733659 
0.745559 
0.738147 
1.20494 
1.20494 
1.20494 
2.12763 
2.09734 
2.24846 
2.20105 
2.18613 
1.21424 
0.945887 
2.03926 
1.22226 
1.20494 
1.20494 
1.20494 
1.21022 
1.61363 
0.789749 
2.07748 
2.13578 
2.13078 
0.959506 
1.69393 
2.0173 
2.00862 
1.20494 
1.20494 
2.11388 
1.20494 
1.20494 
1.01285 
1.02261 
0.776047 
0.968758 
0.873419 
0.854147 
1.20494 
0.824064 
1.16572 
1.20494 
2.19863 
0.889163 
2.07898 
0.831921 
1.1852 
0.985573 
1.95136 
2.04889 
2.05844 
2.0352 
2.17145 
2.17064 
2.14322 
1.25324 
1.26479 
0.910581 
1.62152 
1.978 
2.41119 
0.897646 
1.37896 
1.20576 
0.797781 
0.759976 
0.746966 
1.22929 
1.20495 
1.20495 
1.90266 
1.1963 
1.23408 
1.20494 
0.741361 
0.754063 
0.748526 
2.24261 
2.33343 
1.20494 
1.20494 
1.21493 
0.813845 
0.862214 
1.44009 
0.84154 
1.20494 
1.20494 
1.33027 
1.29292 
0.805391 
1.2051 
1.20501 
2.0386 
1.20501 
1.75563 
1.26961 
1.24722 
1.57119 
1.66161 
1.27977 
1.38842 
1.64149 
2.35739 
1.20497 
1.20495 
1.20495 
1.20495 
1.20494 
1.20494 
1.21538 
2.12901 
1.20494 
1.41674 
0.764359 
0.839826 
0.872932 
2.26702 
1.20494 
1.20494 
1.21103 
0.946777 
0.908473 
0.988235 
2.22767 
1.5553 
1.20494 
0.779362 
2.4123 
1.25628 
1.32223 
1.20494 
1.20494 
2.30807 
2.37265 
2.35831 
2.2941 
2.28004 
1.20494 
2.34606 
1.94737 
1.20494 
1.3902 
1.33322 
1.20494 
1.20494 
1.20494 
1.29663 
1.24887 
1.58241 
1.20494 
1.20494 
1.20494 
2.02215 
1.2105 
1.16453 
1.20494 
2.00497 
0.815883 
2.1148 
1.58011 
0.90542 
1.78559 
2.17148 
1.33649 
2.12141 
2.0529 
1.20494 
1.20494 
0.945905 
1.20494 
1.20494 
2.0662 
1.20494 
1.8776 
1.20669 
2.11002 
2.22256 
1.21072 
1.48469 
1.03281 
1.22418 
0.795245 
0.87114 
2.05548 
1.29148 
1.34473 
1.30311 
1.0086 
1.02697 
1.03979 
1.20494 
1.66597 
1.13549 
1.08179 
1.19175 
1.214 
2.07241 
1.20637 
1.06428 
1.20523 
1.20494 
1.20494 
1.20494 
1.20494 
1.20495 
1.29416 
1.20494 
2.17983 
2.12862 
2.05743 
1.20494 
1.20494 
1.20494 
1.86304 
1.86888 
1.94305 
1.94538 
1.20784 
1.21052 
1.20782 
1.91808 
1.92468 
1.25789 
1.30949 
1.2729 
1.20494 
1.27128 
1.78095 
1.20495 
0.801414 
0.812095 
2.19132 
2.11291 
0.881872 
0.892964 
2.09653 
2.08919 
0.841595 
1.83182 
1.84266 
1.30016 
1.30391 
1.65192 
1.20495 
1.20495 
1.20752 
0.773977 
1.20561 
1.20558 
2.2117 
1.5435 
1.55486 
2.0949 
2.08892 
1.20496 
1.20496 
1.95289 
1.95683 
1.20494 
1.20494 
1.37996 
1.38697 
1.20494 
1.20494 
1.20786 
1.20499 
1.20498 
1.20494 
1.20494 
1.98181 
1.98279 
1.60461 
1.61674 
2.0802 
1.20494 
1.20494 
1.20494 
1.72536 
1.73798 
0.823966 
0.834432 
1.20494 
1.20494 
1.04284 
1.20494 
1.20494 
0.960409 
0.972697 
2.15288 
2.14267 
2.06956 
2.03694 
1.20501 
1.19312 
1.20797 
1.22232 
1.86209 
1.74206 
1.96451 
1.20494 
1.20494 
1.47153 
1.55079 
1.20494 
1.20494 
1.21503 
1.21518 
1.04673 
1.05967 
2.06163 
2.03826 
2.03829 
1.2334 
1.23428 
0.918337 
0.929614 
2.0757 
2.03318 
1.42974 
1.43847 
1.24935 
1.25094 
2.10083 
1.64372 
1.65598 
0.851074 
0.861756 
1.20494 
1.20566 
1.20508 
1.20608 
1.11342 
0.788017 
2.00266 
1.20494 
2.03267 
1.20494 
2.02051 
1.20494 
1.20494 
2.02302 
2.01703 
1.20494 
1.34177 
1.20494 
1.20494 
0.812228 
0.838575 
1.20629 
1.20589 
2.03492 
1.71224 
2.12543 
1.79305 
1.06777 
1.08102 
1.52165 
2.1839 
0.893256 
0.79022 
2.15837 
1.08311 
1.7942 
1.49494 
1.20494 
1.33293 
1.34865 
0.80832 
1.02137 
0.991513 
0.931878 
0.771009 
1.20522 
1.20506 
1.13814 
1.27381 
1.08999 
1.12757 
1.10367 
0.826345 
1.22273 
0.91657 
0.904384 
1.15271 
1.20495 
1.59364 
1.20495 
1.67856 
0.957826 
0.818857 
2.04896 
2.10807 
0.852157 
0.83254 
1.88656 
1.20642 
1.17935 
1.42834 
1.63256 
2.10273 
2.16705 
1.20495 
1.20494 
1.2065 
1.20505 
1.20494 
1.20634 
0.806554 
1.20494 
2.03669 
2.04739 
0.990167 
1.03549 
0.882147 
0.860912 
1.23906 
1.94688 
1.95138 
1.31958 
1.38854 
1.20494 
1.20494 
1.21853 
1.24548 
0.975523 
0.988076 
1.9171 
1.67248 
1.93557 
1.20494 
1.20756 
2.138 
2.06377 
2.04084 
2.09331 
1.72302 
2.08617 
2.03393 
1.20494 
0.80272 
0.786479 
2.17065 
1.53621 
1.46818 
0.943417 
1.20496 
2.04499 
0.843038 
0.871759 
1.20496 
1.25094 
2.07146 
1.20494 
1.20494 
1.20494 
0.850119 
1.93489 
1.20494 
1.20494 
1.21329 
0.917833 
1.8692 
0.87579 
0.941462 
1.20494 
2.03685 
2.03308 
2.02684 
1.08876 
2.05554 
1.94932 
1.1348 
1.19145 
0.984439 
1.93273 
1.87796 
0.787059 
0.781533 
0.819221 
1.57636 
1.20495 
1.30697 
1.96592 
1.81341 
1.20494 
1.94707 
1.20544 
2.01433 
2.01656 
0.858051 
0.870764 
1.20494 
1.39642 
1.76498 
1.20494 
1.20494 
1.97692 
0.929293 
0.942779 
1.94313 
1.94078 
1.34741 
1.3526 
1.91006 
1.91944 
1.20494 
1.20494 
1.20494 
1.97115 
1.94386 
1.97582 
1.95105 
1.68369 
1.93012 
1.242 
1.25994 
2.01424 
2.1516 
2.08927 
2.07451 
1.20608 
1.20604 
1.20502 
1.64053 
1.65322 
2.11353 
2.10842 
1.20497 
1.20497 
1.99199 
1.99406 
1.20738 
1.20732 
1.20494 
1.20494 
1.4524 
1.46137 
1.20494 
1.20494 
1.20494 
1.20495 
1.20494 
1.20494 
1.20495 
1.20495 
1.20536 
1.20515 
1.20513 
1.20494 
1.20494 
1.20494 
1.20494 
1.00032 
1.01439 
2.00627 
2.0057 
1.70408 
1.7167 
0.866624 
0.879314 
1.20494 
1.20494 
1.20494 
0.83684 
1.27292 
1.29084 
1.20494 
1.20494 
1.01643 
1.03117 
2.13168 
2.1236 
0.909828 
0.87555 
0.949411 
0.95471 
0.968039 
1.54297 
1.20494 
1.20494 
1.20494 
1.22174 
0.885613 
0.8983 
1.11076 
1.12602 
1.20532 
1.20631 
1.74716 
1.7603 
0.969104 
0.997974 
0.982406 
1.30689 
1.32447 
1.95546 
1.92161 
1.93094 
1.87326 
1.51306 
1.52383 
1.27508 
1.27754 
0.896004 
0.908786 
0.798512 
1.20501 
1.20516 
2.01687 
2.01053 
1.3107 
0.862985 
0.843019 
1.69861 
1.6243 
1.20528 
1.20528 
1.22194 
1.21429 
1.3843 
1.20518 
1.2051 
2.03686 
1.99503 
1.48356 
1.41934 
1.13457 
1.14999 
1.88272 
1.93648 
1.25124 
2.04717 
2.1157 
1.40339 
1.98748 
1.20495 
1.13653 
0.90678 
1.88129 
1.0042 
1.58845 
1.4269 
1.44503 
1.77733 
1.20494 
1.86966 
1.8902 
1.91442 
1.20494 
2.06991 
1.20542 
1.90889 
1.82069 
1.82475 
1.20985 
1.2098 
1.20494 
1.20494 
1.34415 
1.36152 
1.83256 
1.20494 
1.90431 
1.97042 
0.954943 
1.25231 
1.23353 
1.20494 
1.20494 
1.20494 
1.20495 
1.95513 
1.20494 
2.0109 
0.888487 
1.20499 
1.23414 
1.20494 
1.20516 
1.20531 
1.10412 
1.06867 
1.20494 
1.92272 
1.37449 
1.39042 
1.03899 
1.08736 
1.88016 
1.78007 
1.78755 
0.852187 
0.833995 
2.00456 
1.97701 
1.93617 
1.95087 
1.38506 
1.45769 
1.20494 
1.72174 
1.62455 
1.79805 
1.20494 
1.20494 
1.25849 
1.33602 
1.03293 
1.04816 
1.7348 
1.75342 
1.99668 
1.97709 
0.931151 
1.93056 
1.86673 
1.20494 
1.23076 
1.18598 
1.94133 
1.89888 
1.20704 
0.855894 
1.20495 
2.1061 
0.919797 
1.20495 
1.21205 
1.5094 
1.35991 
1.53638 
1.20495 
1.85846 
1.20529 
1.20496 
1.20495 
1.21485 
1.23407 
1.33047 
1.40192 
1.01098 
0.95997 
1.35798 
1.20494 
0.972116 
0.987349 
1.20494 
1.96463 
1.3989 
1.9058 
1.91511 
1.05018 
1.06566 
0.98435 
0.999987 
0.840912 
2.01395 
1.75832 
1.15971 
1.20272 
1.17571 
1.47443 
1.20494 
1.20494 
1.20604 
2.05925 
0.997022 
1.02633 
1.0128 
2.088 
2.08565 
1.25065 
1.19139 
1.3127 
1.90647 
0.907247 
1.2058 
1.20576 
1.20494 
1.79172 
1.41172 
1.41856 
1.77606 
1.91926 
1.9124 
1.97068 
1.94317 
1.95127 
1.96334 
1.97113 
1.20689 
1.20683 
1.74376 
1.205 
2.09473 
2.0897 
1.20498 
1.20498 
2.00393 
2.00975 
1.20906 
1.20897 
1.20494 
1.20494 
1.54267 
1.55328 
1.20495 
1.82778 
1.20494 
1.20494 
1.20494 
1.20494 
1.27809 
0.925885 
1.06299 
2.00997 
2.00649 
1.93814 
1.89182 
1.80367 
1.81572 
1.20501 
0.916343 
0.931077 
1.20494 
1.20494 
1.36303 
1.38372 
1.98828 
2.01094 
1.20494 
1.20494 
1.0814 
1.09788 
2.07195 
2.06511 
0.936386 
0.950934 
0.836146 
1.1832 
1.7658 
1.71942 
1.61194 
1.62428 
1.31363 
1.31734 
0.947913 
0.96233 
0.89213 
1.86901 
1.08413 
1.93676 
1.86742 
1.99295 
1.98458 
0.879297 
1.35091 
1.29943 
1.78145 
1.20498 
1.20497 
1.20494 
1.48347 
1.64107 
1.56958 
1.9902 
1.99408 
1.20507 
1.20503 
1.20501 
0.940703 
1.21431 
1.36338 
0.974668 
1.43519 
1.21013 
1.22672 
1.20494 
1.20494 
1.88694 
1.7819 
1.90896 
1.20495 
1.41866 
1.20495 
1.91658 
1.8466 
1.20494 
1.20494 
1.20494 
1.53003 
1.54888 
1.20526 
1.20494 
1.20494 
1.71472 
1.20495 
1.20653 
1.21017 
1.19233 
1.07834 
1.04451 
0.921965 
0.898963 
1.20495 
1.21318 
1.21307 
1.20496 
1.43925 
1.45783 
1.79667 
1.84642 
1.45513 
1.20494 
1.20494 
1.4829 
1.73238 
1.78578 
1.20494 
1.20494 
1.20494 
1.78845 
1.97695 
2.00857 
2.00308 
2.01569 
1.20498 
1.20494 
2.06015 
1.20505 
1.94519 
1.95412 
1.89897 
1.87997 
0.91437 
1.9981 
1.73963 
1.20513 
1.20524 
2.01538 
2.00584 
1.205 
1.28003 
1.25121 
0.8554 
2.00633 
1.47169 
1.49026 
1.09199 
1.13929 
1.88898 
1.86666 
1.63771 
1.64348 
1.86765 
1.84314 
1.67959 
0.953268 
0.997045 
1.70922 
1.20494 
1.20494 
1.09961 
1.11706 
1.20494 
1.58987 
1.6057 
1.20016 
1.15911 
1.92746 
1.90883 
1.75036 
1.69951 
1.02687 
1.05919 
1.04166 
0.906455 
0.886264 
1.81283 
1.77803 
1.62092 
1.20494 
1.75703 
1.85861 
1.78647 
1.20494 
1.8189 
1.53634 
2.02012 
1.25196 
1.23253 
1.69288 
0.917033 
1.24163 
1.29522 
1.72502 
1.78156 
1.50172 
2.06758 
0.982686 
1.20494 
1.20494 
1.88838 
1.20495 
1.51911 
1.53772 
1.64492 
1.20496 
1.20496 
1.98215 
1.11817 
1.13614 
1.0467 
0.962591 
1.20494 
1.24769 
1.31193 
1.99106 
1.97247 
1.96403 
1.22048 
1.22043 
1.01967 
1.20643 
1.84483 
1.20494 
1.20494 
1.13767 
1.15577 
1.21187 
1.53912 
1.60937 
1.49716 
1.31847 
1.20495 
2.03857 
2.03386 
1.74513 
2.02251 
2.02819 
1.20829 
1.20821 
1.92885 
1.20494 
1.99413 
1.20494 
1.20494 
1.20501 
1.205 
1.20496 
1.49446 
1.20494 
1.20494 
1.64742 
2.00621 
2.00804 
1.20494 
1.20494 
1.56938 
1.57879 
2.05342 
2.05588 
1.20494 
1.20494 
1.80166 
1.76345 
1.89417 
1.90493 
0.973466 
0.989406 
1.20494 
1.20494 
1.20515 
1.20512 
1.6123 
0.892801 
0.910156 
0.921549 
1.99805 
1.88789 
1.20494 
1.20494 
1.15423 
1.97906 
1.97391 
0.992973 
1.00992 
1.71845 
1.69243 
1.20497 
1.03339 
1.05027 
1.37852 
1.72079 
1.73355 
1.36959 
1.37481 
1.0057 
1.02145 
1.78702 
1.80031 
1.93656 
1.94425 
1.20494 
1.20494 
1.74199 
1.68653 
1.20494 
1.94961 
1.939 
1.20495 
1.31888 
1.26899 
1.00064 
1.58779 
2.0107 
2.01009 
1.96233 
1.29154 
1.20494 
2.00438 
1.82688 
1.20495 
1.20495 
0.953811 
1.20494 
1.20495 
1.8017 
1.72999 
1.98846 
1.93173 
1.38065 
1.45399 
1.20494 
1.20494 
1.06436 
1.20495 
1.4282 
1.24758 
1.31221 
1.21185 
1.22496 
1.98437 
2.0033 
1.07345 
1.03555 
1.87437 
1.23273 
1.21856 
1.21833 
1.20494 
1.53828 
1.5578 
1.63674 
1.20494 
1.1767 
1.21175 
1.51997 
1.46188 
1.85768 
1.72225 
1.77457 
2.07066 
1.79345 
1.58603 
1.65414 
1.60297 
1.77207 
1.20495 
1.2051 
1.50329 
1.42821 
1.65858 
1.20495 
1.9786 
1.96753 
0.954865 
1.20553 
1.32056 
1.27804 
1.56875 
1.62372 
1.00396 
1.05248 
1.57771 
1.59735 
1.63975 
1.05992 
1.07801 
1.57265 
1.62569 
1.13742 
1.18412 
1.80218 
1.78139 
1.51958 
1.5171 
1.88321 
2.06448 
1.17157 
1.13231 
1.20495 
1.23906 
1.25611 
1.20494 
1.20494 
1.20499 
1.17474 
1.19406 
1.47808 
1.49087 
1.85035 
1.80621 
1.83068 
1.60211 
1.5617 
1.43619 
1.97104 
1.08988 
1.10634 
1.20636 
1.69666 
1.66716 
1.41579 
1.43385 
1.97644 
1.48496 
1.30854 
1.26178 
0.97966 
1.99796 
1.76694 
1.20518 
1.20577 
1.7526 
2.06998 
1.74337 
1.20547 
0.978189 
1.59006 
1.64452 
1.20496 
1.30914 
1.71268 
1.74836 
1.20496 
1.20495 
1.20494 
2.0479 
2.00954 
2.00647 
1.20495 
0.94722 
1.20495 
2.01628 
1.48764 
1.20494 
1.45036 
1.3945 
1.19487 
1.21509 
1.10995 
1.14757 
1.12508 
1.20495 
1.04965 
1.0251 
1.09169 
1.20495 
1.51257 
1.08527 
1.23031 
1.23007 
1.85641 
1.24931 
1.24931 
1.10156 
1.11969 
1.20494 
1.20494 
1.20498 
1.20497 
1.62689 
1.6467 
2.0512 
1.20592 
2.01163 
2.00845 
1.20754 
1.20737 
1.21083 
1.21078 
1.20495 
1.20494 
1.20494 
1.20494 
1.20505 
1.20503 
1.95261 
1.20495 
1.20494 
1.20494 
1.5953 
1.11629 
1.1361 
1.94854 
1.20494 
1.67558 
1.68513 
2.05816 
2.0564 
1.67984 
1.64743 
1.96714 
1.20495 
1.20494 
1.20527 
1.20523 
1.20495 
1.86674 
1.86349 
1.20497 
1.20499 
1.02168 
1.05006 
2.01302 
2.01039 
1.05561 
1.07914 
1.61661 
1.21543 
1.23602 
1.75694 
1.75583 
1.20495 
1.66707 
1.63194 
1.21669 
1.21671 
1.56727 
1.20495 
1.20495 
1.60214 
1.62657 
1.75863 
1.76814 
1.8298 
1.84122 
1.44648 
1.06809 
1.08562 
1.88785 
1.89942 
1.92215 
1.99164 
1.99643 
1.26496 
1.88941 
1.87777 
1.68112 
1.28715 
1.74871 
1.67763 
2.04586 
2.00177 
1.99566 
1.23374 
1.65774 
1.59551 
1.99818 
1.20507 
1.20495 
1.47552 
1.43915 
0.984752 
1.45731 
1.5095 
1.69719 
1.73822 
1.23678 
1.94135 
1.88018 
1.20495 
1.46161 
1.20494 
1.20494 
1.31616 
1.75348 
2.00959 
1.94914 
1.14428 
1.22925 
1.10112 
1.20495 
1.89886 
1.2786 
1.22707 
1.22679 
1.20581 
1.63697 
1.66146 
1.20608 
1.20861 
1.37562 
2.05184 
2.03012 
0.971056 
1.79181 
2.01553 
1.06394 
1.34163 
1.74016 
1.63139 
1.20494 
1.20495 
1.20494 
1.20495 
1.92432 
1.91107 
1.61001 
1.20495 
1.52188 
1.0685 
1.68642 
1.70551 
1.13042 
1.1508 
1.03859 
1.17899 
1.12624 
1.2544 
1.71405 
1.69234 
1.93352 
1.4138 
1.40842 
1.20497 
1.32489 
1.5951 
1.65026 
1.25752 
1.25785 
1.27857 
1.39705 
1.40578 
1.62172 
1.76395 
1.71555 
1.7424 
1.59202 
1.53277 
1.15745 
1.17887 
1.58894 
1.5631 
1.45146 
1.37454 
1.53383 
1.60824 
1.91201 
1.95128 
1.34733 
1.27323 
1.35964 
2.01072 
1.583 
1.54451 
1.97576 
1.28052 
1.63227 
1.41362 
1.42851 
1.04348 
1.50892 
1.07053 
1.79094 
1.80757 
1.05085 
1.94405 
1.20498 
1.98826 
1.97956 
1.52058 
1.24891 
1.20524 
1.20512 
1.20496 
1.52383 
1.20512 
1.20554 
1.20496 
1.74865 
1.20495 
1.40058 
1.98622 
1.68545 
1.63172 
1.66625 
1.27941 
1.30211 
1.16502 
1.21818 
1.13084 
1.55236 
1.20651 
1.17667 
1.99749 
1.20494 
1.39287 
1.34513 
1.20499 
1.20498 
1.73577 
1.75509 
1.27447 
1.68393 
1.69925 
1.71758 
1.55902 
1.7855 
1.80405 
1.24537 
1.24455 
2.01376 
1.20934 
1.20887 
1.54111 
1.50739 
1.21554 
1.21522 
2.01956 
2.01905 
2.01992 
1.41458 
1.35983 
1.20494 
1.53452 
1.48558 
1.5039 
1.19364 
1.21587 
1.20494 
1.1336 
1.20495 
1.78374 
1.79726 
1.56899 
1.54029 
1.15509 
1.1687 
1.97243 
1.96251 
1.40852 
1.41564 
1.20547 
1.20541 
1.20495 
1.20495 
1.30166 
1.32416 
1.20495 
1.3776 
1.88298 
1.09534 
1.14161 
1.93306 
1.93574 
1.13203 
1.16495 
1.63739 
1.63789 
1.22587 
1.22709 
1.3239 
1.34696 
1.7088 
1.8624 
1.86458 
1.92657 
1.93446 
1.77146 
1.82058 
1.96976 
1.9781 
1.42158 
1.98269 
2.02234 
1.64208 
1.52515 
1.31245 
1.96218 
1.94961 
1.2051 
1.75162 
1.20495 
1.20504 
1.81764 
1.20495 
1.83434 
1.36112 
1.22309 
1.55542 
1.49535 
1.1939 
1.61905 
1.59322 
2.00988 
2.03787 
1.20494 
1.52154 
1.50917 
1.17829 
1.19396 
1.84878 
1.53969 
1.2206 
1.36937 
1.31667 
1.24059 
1.24154 
1.20494 
1.1609 
1.20494 
2.03088 
1.99248 
1.45838 
1.7424 
1.76593 
1.20958 
1.83703 
1.8548 
1.27389 
1.20495 
1.50229 
1.51173 
1.20629 
2.01733 
1.99813 
1.10397 
2.01706 
2.01025 
1.45351 
1.5122 
1.46954 
1.52401 
1.97977 
2.00434 
1.20494 
1.20494 
1.20495 
1.20494 
1.20495 
1.20495 
1.20494 
1.14351 
1.88469 
1.94148 
1.34315 
1.26569 
1.63919 
1.85221 
1.20817 
1.23184 
1.20497 
1.84825 
1.33321 
1.32871 
1.33186 
1.38453 
1.24373 
1.3493 
1.36283 
1.85415 
1.80242 
1.8397 
1.34018 
1.33536 
1.89786 
1.73291 
1.6743 
1.31659 
1.2369 
1.26049 
1.48744 
1.46589 
1.69885 
1.37516 
1.74242 
1.2996 
1.30955 
1.46414 
1.43595 
1.80628 
1.85846 
1.74747 
1.64868 
2.00806 
1.88932 
1.82685 
1.61793 
1.66944 
1.43757 
1.20507 
1.20495 
1.74094 
1.90026 
1.28043 
1.20496 
1.36993 
1.24903 
1.20735 
1.21183 
1.75106 
1.44772 
2.02924 
1.20495 
1.53767 
1.6375 
1.44589 
1.3106 
1.21344 
1.20496 
1.20494 
1.48669 
1.44154 
1.20502 
1.88251 
1.89815 
1.42023 
1.34944 
1.40305 
1.26683 
1.30827 
1.26371 
1.20494 
1.4322 
1.40274 
1.64579 
1.22312 
1.94191 
1.50909 
1.56311 
1.99447 
1.20572 
1.20535 
1.2074 
1.90318 
1.63598 
1.25367 
1.20235 
1.46616 
1.4199 
1.43857 
1.22871 
1.9889 
1.9151 
1.92588 
1.93963 
1.54235 
1.35249 
1.39429 
1.24618 
1.21911 
1.96466 
1.97673 
1.93809 
1.92315 
1.25215 
1.32133 
1.22315 
1.93459 
1.84966 
1.37068 
1.39797 
1.53307 
1.24465 
1.41886 
1.46694 
1.44297 
1.6748 
1.7301 
1.99897 
2.02508 
2.02232 
1.8645 
2.01256 
2.00616 
1.2117 
1.21028 
2.0222 
2.02657 
1.77002 
1.83141 
1.79569 
1.56906 
1.20495 
1.20501 
1.27069 
1.94277 
1.93643 
1.98393 
1.20877 
1.27023 
1.80919 
1.44021 
1.32587 
1.35848 
1.32342 
1.76221 
1.44517 
1.27938 
1.38895 
1.22961 
1.20716 
1.20586 
1.39063 
1.51714 
2.03803 
1.41857 
1.35959 
1.21479 
1.93842 
1.24708 
1.27213 
1.27698 
1.20792 
1.2052 
1.20524 
1.20544 
1.28297 
1.86154 
2.00652 
1.55601 
2.04601 
1.51776 
1.9223 
1.49148 
1.58674 
2.02992 
1.20494 
1.20583 
1.54546 
1.55932 
1.22101 
1.89481 
1.54313 
1.44172 
1.5996 
1.54994 
1.5787 
1.42382 
1.53382 
1.24605 
1.89416 
1.69166 
1.89754 
1.29008 
1.59167 
1.29388 
1.20494 
1.77439 
1.40114 
1.87954 
1.67893 
1.60479 
1.73807 
1.27025 
1.20495 
1.28102 
1.29901 
1.33522 
1.36483 
1.84944 
2.00077 
1.43028 
1.36885 
1.70189 
1.64145 
1.30908 
1.35075 
1.42391 
1.32427 
1.20495 
1.20495 
1.8626 
1.27005 
1.23512 
1.27889 
1.3409 
1.46789 
1.20951 
1.21333 
1.27208 
1.28933 
1.20651 
1.20671 
1.21014 
1.97008 
1.71186 
2.03509 
2.02244 
1.63425 
1.59064 
1.25439 
1.88868 
1.36375 
1.83141 
1.77764 
1.99074 
1.64277 
2.01661 
1.84057 
2.03709 
1.80575 
1.23057 
1.22411 
1.99934 
1.95838 
1.72809 
1.49872 
1.65391 
1.49289 
1.79706 
1.35371 
1.32952 
