110.286 -0.287742 -5.96738 
123.168 -0.034871 -6.27171 
136.008 0.106904 -6.4605 
148.818 0.221739 -6.61475 
161.625 0.320095 -6.7777 
174.501 0.406215 -6.96641 
187.53 0.481062 -7.18179 
200.795 0.543455 -7.41779 
214.358 0.595095 -7.66931 
228.268 0.639167 -7.92991 
242.565 0.67187 -8.19502 
257.277 0.695525 -8.45866 
272.423 0.708656 -8.71549 
288.008 0.712928 -8.96129 
304.034 0.70721 -9.19294 
320.495 0.69143 -9.40542 
337.375 0.666773 -9.59598 
354.662 0.628489 -9.76208 
372.332 0.582107 -9.89662 
390.343 0.528851 -10.0013 
408.663 0.466087 -10.0755 
427.261 0.393205 -10.1108 
446.076 0.316569 -10.1082 
465.061 0.232773 -10.0704 
484.158 0.148353 -9.99056 
503.309 0.0571192 -9.87374 
522.446 -0.0288595 -9.71698 
541.505 -0.117705 -9.52136 
560.405 -0.197923 -9.28285 
579.061 -0.271155 -9.01176 
597.403 -0.335581 -8.70357 
615.346 -0.390568 -8.36 
632.792 -0.424477 -7.9846 
649.656 -0.444572 -7.58385 
665.858 -0.444396 -7.15509 
681.306 -0.424227 -6.70694 
695.926 -0.382036 -6.24121 
709.635 -0.315802 -5.76156 
722.362 -0.226835 -5.27632 
734.046 -0.112507 -4.7844 
744.631 0.022314 -4.2948 
754.073 0.178643 -3.81001 
762.331 0.358199 -3.33004 
769.373 0.555473 -2.86585 
775.192 0.769409 -2.41926 
779.782 0.997454 -1.99334 
783.162 1.23088 -1.60498 
785.517 1.38205 -1.37575 
787.338 1.71914 -0.555625 
109.071 -0.199275 -7.69399 
123.968 0.143086 -7.4371 
137.891 0.371197 -7.52926 
151.495 0.52231 -7.67297 
164.969 0.642119 -7.83579 
178.424 0.741362 -8.02216 
191.959 0.825364 -8.23295 
205.656 0.896118 -8.46222 
219.585 0.952973 -8.70437 
233.795 0.998691 -8.94999 
248.323 1.03037 -9.19155 
263.194 1.04841 -9.42473 
278.426 1.05078 -9.64347 
294.024 1.03954 -9.84191 
309.988 1.01173 -10.0171 
326.308 0.969534 -10.1641 
342.971 0.910383 -10.2811 
359.958 0.836041 -10.3649 
377.245 0.746147 -10.4137 
394.806 0.640594 -10.4229 
412.602 0.520687 -10.3937 
430.599 0.387293 -10.3257 
448.76 0.240269 -10.2185 
467.037 0.0854017 -10.0708 
485.38 -0.0780338 -9.88317 
503.738 -0.249294 -9.65454 
522.055 -0.426329 -9.39192 
540.28 -0.604848 -9.09002 
558.349 -0.78387 -8.75473 
576.196 -0.958479 -8.38464 
593.751 -1.12669 -7.98492 
610.949 -1.28891 -7.55775 
627.718 -1.43667 -7.10381 
643.98 -1.57144 -6.62596 
659.663 -1.68978 -6.13256 
674.697 -1.78818 -5.62273 
689.007 -1.86488 -5.10246 
702.529 -1.9209 -4.57569 
715.195 -1.95037 -4.04497 
726.945 -1.95637 -3.51673 
737.726 -1.93606 -2.99271 
747.491 -1.89122 -2.48006 
756.201 -1.82078 -1.97918 
763.82 -1.72515 -1.49477 
770.326 -1.60608 -1.03223 
775.708 -1.46566 -0.593936 
779.966 -1.3049 -0.183983 
783.118 -1.13562 0.181791 
785.323 -1.01991 0.400154 
786.723 -0.486763 1.2141 
126.114 0.470833 -8.4835 
141.273 0.590154 -8.32745 
155.868 0.748133 -8.35691 
170.165 0.884504 -8.47001 
184.32 1.00152 -8.61905 
198.449 1.09884 -8.79255 
212.648 1.17765 -8.98222 
226.99 1.2404 -9.17875 
241.528 1.2874 -9.37456 
256.299 1.31812 -9.56104 
271.323 1.33385 -9.73268 
286.616 1.33143 -9.88666 
302.183 1.31468 -10.0167 
318.023 1.27968 -10.1198 
334.127 1.22849 -10.1954 
350.483 1.16257 -10.2389 
367.072 1.08038 -10.2517 
383.878 0.983113 -10.2321 
400.874 0.873285 -10.1795 
418.032 0.751047 -10.0938 
435.321 0.61849 -9.97545 
452.708 0.474893 -9.82628 
470.158 0.325689 -9.64402 
487.632 0.166414 -9.43153 
505.089 0.00548146 -9.1895 
522.482 -0.157414 -8.91968 
539.766 -0.322027 -8.62504 
556.895 -0.4851 -8.3042 
573.818 -0.643659 -7.96029 
590.477 -0.79594 -7.59282 
606.816 -0.941414 -7.20669 
622.78 -1.07537 -6.80308 
638.306 -1.19778 -6.38171 
653.332 -1.30466 -5.9476 
667.795 -1.39546 -5.50233 
681.636 -1.47034 -5.04829 
694.794 -1.52453 -4.58763 
707.21 -1.55972 -4.12451 
718.832 -1.57497 -3.6603 
729.605 -1.56791 -3.19943 
739.485 -1.54038 -2.744 
748.43 -1.49184 -2.29815 
756.409 -1.42267 -1.86301 
763.39 -1.33303 -1.44286 
769.355 -1.22452 -1.04061 
774.295 -1.09865 -0.659687 
778.209 -0.957341 -0.3022 
781.116 -0.812058 0.0169868 
783.186 -0.722605 0.175689 
784.501 -0.0901634 1.07178 
145.48 0.717338 -8.80291 
160.761 0.794755 -8.78086 
175.799 0.895494 -8.81501 
190.633 0.995202 -8.88851 
205.336 1.08086 -8.98452 
219.992 1.14757 -9.09499 
234.678 1.19507 -9.20971 
249.455 1.22219 -9.32114 
264.361 1.23323 -9.42112 
279.421 1.22586 -9.50536 
294.653 1.2016 -9.57068 
310.061 1.16251 -9.61475 
325.65 1.10719 -9.63391 
341.413 1.03698 -9.63011 
357.344 0.953898 -9.60101 
373.432 0.858132 -9.54579 
389.66 0.75068 -9.46734 
406.014 0.633979 -9.36388 
422.472 0.507174 -9.23685 
439.012 0.375315 -9.08559 
455.606 0.235892 -8.91228 
472.229 0.0919938 -8.71865 
488.852 -0.0541816 -8.50344 
505.44 -0.200429 -8.2693 
521.959 -0.348051 -8.01482 
538.374 -0.494189 -7.744 
554.644 -0.635351 -7.45661 
570.729 -0.772831 -7.15284 
586.585 -0.904124 -6.83433 
602.166 -1.02586 -6.50098 
617.42 -1.13912 -6.15666 
632.301 -1.24036 -5.79908 
646.753 -1.32956 -5.43128 
660.724 -1.40447 -5.05421 
674.159 -1.46464 -4.66991 
687.003 -1.5079 -4.27943 
699.204 -1.53578 -3.88411 
710.711 -1.54573 -3.48728 
721.475 -1.53793 -3.08981 
731.45 -1.51272 -2.69376 
740.594 -1.47 -2.30245 
748.874 -1.41009 -1.91767 
756.258 -1.33347 -1.54168 
762.722 -1.24054 -1.177 
768.247 -1.13265 -0.826625 
772.827 -1.01131 -0.493001 
776.46 -0.877615 -0.177233 
779.164 -0.74504 0.102819 
781.137 -0.677658 0.211251 
782.37 0.0213465 1.19406 
165.766 0.78294 -8.92426 
181.169 0.832343 -8.93771 
196.465 0.889303 -8.94582 
211.601 0.944556 -8.95697 
226.596 0.988621 -8.97524 
241.506 1.01426 -8.99838 
256.391 1.02145 -9.02036 
271.297 1.0108 -9.03653 
286.261 0.984515 -9.04 
301.299 0.943089 -9.03014 
316.427 0.887714 -9.00451 
331.655 0.819327 -8.96213 
346.984 0.739619 -8.90352 
362.413 0.650263 -8.82828 
377.938 0.551486 -8.73568 
393.552 0.444042 -8.62782 
409.244 0.331569 -8.50404 
425.002 0.212696 -8.36419 
440.809 0.0899197 -8.20942 
456.65 -0.0377219 -8.04027 
472.501 -0.164448 -7.85716 
488.34 -0.29338 -7.66021 
504.144 -0.422167 -7.44842 
519.884 -0.550947 -7.225 
535.53 -0.674312 -6.98813 
551.049 -0.796481 -6.74024 
566.41 -0.912432 -6.47897 
581.575 -1.02401 -6.20785 
596.507 -1.12721 -5.92541 
611.162 -1.22265 -5.63227 
625.498 -1.30783 -5.32997 
639.47 -1.38382 -5.01848 
653.031 -1.44625 -4.69874 
666.131 -1.49686 -4.37156 
678.722 -1.5334 -4.03765 
690.754 -1.55634 -3.6983 
702.179 -1.56399 -3.35535 
712.95 -1.55671 -3.00914 
723.022 -1.53481 -2.66193 
732.355 -1.49739 -2.31533 
740.909 -1.44539 -1.97152 
748.653 -1.37922 -1.63238 
755.56 -1.29908 -1.30002 
761.607 -1.20574 -0.97667 
766.78 -1.10011 -0.664727 
771.07 -0.9834 -0.365917 
774.476 -0.857038 -0.0810946 
777.018 -0.736182 0.167042 
778.917 -0.685916 0.241938 
780.049 0.0685747 1.28363 
186.102 0.733927 -8.83095 
201.507 0.749083 -8.8322 
216.843 0.768364 -8.78713 
232.014 0.784051 -8.72954 
247.021 0.788695 -8.6734 
261.907 0.780039 -8.62095 
276.718 0.756807 -8.56911 
291.496 0.720007 -8.51472 
306.271 0.67155 -8.4537 
321.065 0.611926 -8.38622 
335.894 0.543345 -8.31053 
350.768 0.466198 -8.22643 
365.693 0.382013 -8.13328 
380.672 0.291568 -8.03063 
395.703 0.195715 -7.919 
410.782 0.095887 -7.79811 
425.902 -0.00761761 -7.66636 
441.053 -0.114548 -7.52585 
456.221 -0.221958 -7.37472 
471.392 -0.33109 -7.2136 
486.549 -0.441078 -7.04049 
501.669 -0.551036 -6.85834 
516.733 -0.659054 -6.66538 
531.715 -0.765401 -6.46282 
546.59 -0.868894 -6.24828 
561.326 -0.968464 -6.02488 
575.896 -1.06438 -5.79086 
590.266 -1.15424 -5.54854 
604.402 -1.23689 -5.2952 
618.265 -1.31326 -5.03363 
631.816 -1.38008 -4.76289 
645.015 -1.43825 -4.4851 
657.819 -1.485 -4.19837 
670.182 -1.52085 -3.90534 
682.06 -1.54459 -3.60593 
693.407 -1.55516 -3.30126 
704.177 -1.55285 -2.99178 
714.328 -1.53776 -2.67933 
723.817 -1.50884 -2.3651 
732.607 -1.46712 -2.05051 
740.662 -1.41257 -1.73788 
747.954 -1.34557 -1.42901 
754.457 -1.2666 -1.12583 
760.153 -1.17626 -0.830435 
765.027 -1.07532 -0.544775 
769.071 -0.964569 -0.270186 
772.284 -0.845308 -0.00773446 
774.689 -0.735599 0.216277 
776.522 -0.698484 0.26954 
777.55 0.0999848 1.3445 
205.757 0.5983 -8.54448 
221.004 0.588068 -8.51784 
236.175 0.579753 -8.42349 
251.163 0.568512 -8.31649 
265.973 0.548804 -8.21403 
280.643 0.519933 -8.11902 
295.212 0.483044 -8.02939 
309.717 0.436786 -7.94343 
324.189 0.383413 -7.85818 
338.649 0.323892 -7.77246 
353.113 0.258216 -7.68451 
367.593 0.187881 -7.59326 
382.096 0.112561 -7.498 
396.626 0.0337987 -7.39778 
411.183 -0.048054 -7.29184 
425.762 -0.132358 -7.17863 
440.357 -0.219275 -7.05776 
454.958 -0.308062 -6.92927 
469.555 -0.398147 -6.79097 
484.133 -0.48981 -6.64493 
498.676 -0.580292 -6.4889 
513.163 -0.670652 -6.32312 
527.575 -0.761177 -6.14705 
541.891 -0.84987 -5.96124 
556.085 -0.936508 -5.76479 
570.13 -1.02052 -5.55908 
584.001 -1.10072 -5.34388 
597.667 -1.17689 -5.11939 
611.097 -1.24729 -4.88504 
624.256 -1.31121 -4.64281 
637.11 -1.36834 -4.39193 
649.621 -1.41679 -4.13392 
661.75 -1.45584 -3.8674 
673.454 -1.48521 -3.59496 
684.695 -1.50332 -3.31595 
695.427 -1.51035 -3.03135 
705.61 -1.50539 -2.74216 
715.202 -1.48871 -2.44975 
724.166 -1.46002 -2.15478 
732.464 -1.41979 -1.85946 
740.066 -1.36818 -1.56565 
746.945 -1.30554 -1.2752 
753.08 -1.23225 -0.990322 
758.453 -1.1486 -0.712907 
763.053 -1.05524 -0.444704 
766.872 -0.952633 -0.186706 
769.906 -0.842158 0.0595542 
772.185 -0.743673 0.265419 
773.951 -0.71745 0.304296 
774.876 0.112484 1.39274 
224.222 0.416383 -8.13996 
239.196 0.394452 -8.09308 
254.075 0.374366 -7.97483 
268.768 0.351346 -7.85147 
283.288 0.324075 -7.73813 
297.668 0.292385 -7.63569 
311.947 0.255359 -7.54276 
326.154 0.214282 -7.45758 
340.317 0.168741 -7.37679 
354.457 0.119617 -7.29822 
368.586 0.0667994 -7.22029 
382.715 0.0108737 -7.14078 
396.849 -0.0482736 -7.05868 
410.993 -0.110584 -6.97237 
425.142 -0.174398 -6.87935 
439.292 -0.242214 -6.77989 
453.437 -0.311887 -6.67362 
467.567 -0.382144 -6.55818 
481.668 -0.455298 -6.43361 
495.729 -0.529556 -6.30005 
509.732 -0.604344 -6.15478 
523.659 -0.680682 -5.99998 
537.491 -0.75647 -5.83525 
551.207 -0.831231 -5.65913 
564.786 -0.906463 -5.47332 
578.203 -0.97872 -5.27734 
591.433 -1.04892 -5.07105 
604.449 -1.11661 -4.85561 
617.226 -1.18009 -4.63084 
629.73 -1.23793 -4.39725 
641.93 -1.29088 -4.15625 
653.795 -1.33576 -3.90701 
665.287 -1.37349 -3.65058 
676.37 -1.40194 -3.38817 
687.006 -1.42061 -3.11925 
697.154 -1.42892 -2.84499 
706.775 -1.42679 -2.56622 
715.832 -1.41342 -2.28376 
724.288 -1.38955 -1.99879 
732.109 -1.35522 -1.71345 
739.269 -1.31063 -1.42944 
745.744 -1.25639 -1.14917 
751.515 -1.19242 -0.8749 
756.569 -1.1189 -0.608654 
760.896 -1.03594 -0.352008 
764.489 -0.943826 -0.105916 
767.346 -0.843526 0.128164 
769.498 -0.757124 0.320003 
771.191 -0.741411 0.348008 
772.017 0.110293 1.43622 
241.3 0.227381 -7.71763 
255.972 0.210996 -7.66836 
270.538 0.192469 -7.55508 
284.929 0.172198 -7.44446 
299.169 0.149602 -7.34652 
313.287 0.12539 -7.26111 
327.314 0.0990832 -7.18657 
341.275 0.0704762 -7.11969 
355.192 0.0393141 -7.05786 
369.08 0.00608076 -6.99784 
382.949 -0.0301824 -6.938 
396.805 -0.0689571 -6.87583 
410.651 -0.110552 -6.8099 
424.486 -0.154866 -6.7382 
438.305 -0.202144 -6.65891 
452.102 -0.251889 -6.57237 
465.87 -0.305027 -6.47688 
479.597 -0.3601 -6.37048 
493.269 -0.417917 -6.25461 
506.873 -0.477522 -6.12731 
520.393 -0.539555 -5.98815 
533.81 -0.603121 -5.83844 
547.109 -0.667889 -5.67669 
560.269 -0.734243 -5.50398 
573.27 -0.79897 -5.31983 
586.09 -0.865769 -5.12489 
598.708 -0.930249 -4.91961 
611.099 -0.993657 -4.70539 
623.242 -1.05393 -4.48157 
635.107 -1.11075 -4.24899 
646.668 -1.16309 -4.00934 
657.897 -1.20964 -3.76173 
668.761 -1.24931 -3.50803 
679.227 -1.28107 -3.24808 
689.261 -1.3042 -2.98236 
698.825 -1.31755 -2.71134 
707.883 -1.32125 -2.43579 
716.399 -1.31507 -2.1563 
724.339 -1.29917 -1.87464 
731.673 -1.2737 -1.59233 
738.376 -1.23947 -1.3116 
744.429 -1.1966 -1.03528 
749.818 -1.14521 -0.765928 
754.535 -1.08498 -0.505956 
758.572 -1.01542 -0.256957 
761.927 -0.936148 -0.0196749 
764.595 -0.848399 0.204312 
766.612 -0.774322 0.38464 
768.22 -0.770068 0.402929 
768.95 0.0962779 1.48235 
257.086 0.0647935 -7.3629 
271.513 0.0631895 -7.32614 
285.827 0.0570425 -7.23797 
299.988 0.0481046 -7.15702 
314.025 0.0377934 -7.08898 
327.963 0.027268 -7.0323 
341.825 0.0159168 -6.98476 
355.63 0.00376282 -6.94281 
369.39 -0.0104387 -6.90393 
383.117 -0.0265374 -6.86508 
396.813 -0.0445904 -6.82413 
410.481 -0.0657011 -6.77888 
424.119 -0.0893943 -6.72743 
437.723 -0.116458 -6.66822 
451.286 -0.14654 -6.59973 
464.798 -0.180506 -6.52165 
478.25 -0.21768 -6.43279 
491.629 -0.258312 -6.33145 
504.921 -0.301989 -6.21777 
518.112 -0.350408 -6.0919 
531.188 -0.400782 -5.95335 
544.13 -0.454252 -5.80233 
556.921 -0.509648 -5.63759 
569.543 -0.568536 -5.46086 
581.98 -0.629077 -5.27126 
594.211 -0.690634 -5.07132 
606.219 -0.752888 -4.85952 
617.983 -0.815592 -4.63854 
629.485 -0.877113 -4.40809 
640.702 -0.936232 -4.16945 
651.612 -0.992604 -3.92431 
662.189 -1.04344 -3.67171 
672.407 -1.0895 -3.41372 
682.239 -1.12852 -3.15065 
691.651 -1.15883 -2.88236 
700.61 -1.18048 -2.60911 
709.082 -1.19302 -2.33183 
717.033 -1.19593 -2.05072 
724.43 -1.18995 -1.76712 
731.245 -1.17569 -1.48267 
737.458 -1.15384 -1.20004 
743.052 -1.12497 -0.922313 
748.022 -1.08917 -0.653095 
752.365 -1.04551 -0.3954 
756.081 -0.992719 -0.151079 
759.169 -0.929586 0.0791553 
761.629 -0.856442 0.294139 
763.494 -0.796539 0.463893 
765.005 -0.804006 0.472264 
765.64 0.0705685 1.53708 
271.876 -0.0583764 -7.12457 
286.166 -0.0366345 -7.10854 
300.339 -0.0267082 -7.05448 
314.382 -0.0191859 -7.01008 
328.327 -0.0132503 -6.97688 
342.192 -0.00715731 -6.95239 
355.994 -0.00108826 -6.93392 
369.744 0.00441633 -6.91816 
383.446 0.00881858 -6.90271 
397.105 0.0114007 -6.88458 
410.719 0.0118631 -6.8614 
424.284 0.0094375 -6.83166 
437.794 0.00439476 -6.79254 
451.24 -0.00521941 -6.74386 
464.612 -0.0179255 -6.68344 
477.899 -0.0351349 -6.61107 
491.088 -0.0563171 -6.52454 
504.166 -0.0833844 -6.42449 
517.118 -0.113759 -6.30969 
529.927 -0.149155 -6.18069 
542.58 -0.189983 -6.03658 
555.06 -0.234275 -5.87726 
567.352 -0.284158 -5.70378 
579.437 -0.336412 -5.51637 
591.302 -0.393669 -5.31535 
602.93 -0.453488 -5.10135 
614.306 -0.516979 -4.87581 
625.415 -0.581915 -4.64028 
636.243 -0.64818 -4.39549 
646.776 -0.714383 -4.1435 
656.994 -0.77785 -3.88489 
666.881 -0.839002 -3.62049 
676.413 -0.895014 -3.35258 
685.569 -0.944636 -3.0808 
694.321 -0.986449 -2.80506 
702.637 -1.01926 -2.52584 
710.485 -1.04263 -2.24287 
717.831 -1.05691 -1.9561 
724.643 -1.06248 -1.66653 
730.895 -1.06056 -1.37565 
736.567 -1.05256 -1.08603 
741.649 -1.03984 -0.801604 
746.144 -1.02262 -0.527404 
750.059 -0.999531 -0.267962 
753.404 -0.96786 -0.0259698 
756.185 -0.924634 0.198206 
758.406 -0.869547 0.403982 
760.099 -0.825073 0.562857 
761.498 -0.845864 0.559996 
762.042 0.0325313 1.60575 
286.052 -0.136267 -7.02091 
300.339 -0.0901428 -7.02807 
314.503 -0.0598812 -7.01114 
328.557 -0.0339739 -7.00437 
342.532 -0.00978544 -7.00717 
356.443 0.0153069 -7.01571 
370.298 0.0404891 -7.02732 
384.101 0.0660728 -7.03854 
397.851 0.0905752 -7.04716 
411.542 0.113862 -7.05043 
425.168 0.135317 -7.04579 
438.719 0.153883 -7.03156 
452.183 0.16942 -7.00496 
465.546 0.17993 -6.96657 
478.797 0.186702 -6.91294 
491.918 0.188269 -6.84373 
504.894 0.183398 -6.75816 
517.711 0.172946 -6.65638 
530.353 0.156555 -6.53581 
542.801 0.132798 -6.39844 
555.043 0.102949 -6.24337 
567.062 0.0659726 -6.07066 
578.843 0.023044 -5.88169 
590.373 -0.0263397 -5.67574 
601.637 -0.0815741 -5.45492 
612.623 -0.142844 -5.21943 
623.319 -0.208945 -4.97099 
633.717 -0.280627 -4.71123 
643.809 -0.356047 -4.44254 
653.587 -0.433402 -4.16648 
663.044 -0.512024 -3.88521 
672.167 -0.588249 -3.60094 
680.944 -0.661061 -3.31523 
689.359 -0.727274 -3.02833 
697.389 -0.785424 -2.74057 
705.006 -0.833661 -2.45139 
712.176 -0.871132 -2.15935 
718.866 -0.898575 -1.86359 
725.04 -0.917332 -1.56441 
730.672 -0.92878 -1.26308 
735.741 -0.935266 -0.961776 
740.24 -0.939668 -0.664748 
744.182 -0.943796 -0.379104 
747.592 -0.946158 -0.112762 
750.497 -0.941502 0.129805 
752.917 -0.924249 0.348256 
754.858 -0.891535 0.543156 
756.356 -0.864916 0.689179 
757.631 -0.899927 0.672096 
758.088 -0.0214054 1.69408 
300.015 -0.17201 -7.05367 
314.443 -0.0991715 -7.08515 
328.739 -0.0475504 -7.10591 
342.941 -0.00118325 -7.13892 
357.08 0.0446916 -7.17957 
371.166 0.0909877 -7.22395 
385.202 0.139039 -7.26884 
399.182 0.187751 -7.31083 
413.097 0.236775 -7.34749 
426.936 0.284913 -7.37577 
440.684 0.331491 -7.3931 
454.324 0.375326 -7.39774 
467.839 0.415917 -7.38707 
481.208 0.452376 -7.35974 
494.414 0.481577 -7.31415 
507.438 0.505779 -7.24908 
520.258 0.522533 -7.16393 
532.858 0.531242 -7.05729 
545.219 0.5315 -6.92808 
557.321 0.522332 -6.77776 
569.151 0.503603 -6.60529 
580.694 0.47521 -6.41179 
591.937 0.437239 -6.19775 
602.869 0.389278 -5.9651 
613.479 0.333373 -5.71449 
623.757 0.268875 -5.44676 
633.695 0.195658 -5.16319 
643.289 0.113691 -4.8668 
652.54 0.0240721 -4.55957 
661.451 -0.072866 -4.24551 
670.026 -0.173402 -3.92805 
678.268 -0.275189 -3.60952 
686.174 -0.375182 -3.29361 
693.742 -0.469456 -2.98195 
700.956 -0.553466 -2.67517 
707.791 -0.62466 -2.37173 
714.214 -0.681105 -2.06756 
720.181 -0.724832 -1.75969 
725.653 -0.758683 -1.44763 
730.599 -0.784668 -1.1325 
734.992 -0.805206 -0.815303 
738.824 -0.825744 -0.498569 
742.113 -0.852866 -0.192195 
744.912 -0.886458 0.0892041 
747.281 -0.917747 0.336379 
749.26 -0.935182 0.548915 
750.871 -0.931954 0.729378 
752.145 -0.925822 0.858838 
753.289 -0.97568 0.825741 
753.672 -0.104665 1.81638 
314.16 -0.168133 -7.22399 
328.882 -0.0664796 -7.28217 
343.465 0.00911746 -7.34535 
357.969 0.0799238 -7.423 
372.425 0.150748 -7.50772 
386.84 0.223987 -7.5954 
401.208 0.299888 -7.68177 
415.518 0.378189 -7.76384 
429.751 0.45859 -7.83782 
443.887 0.539103 -7.90105 
457.901 0.619557 -7.94964 
471.767 0.697432 -7.98124 
485.46 0.771463 -7.99293 
498.953 0.839962 -7.9834 
512.218 0.90306 -7.94977 
525.231 0.955855 -7.89061 
537.967 1.00061 -7.80435 
550.401 1.03363 -7.69024 
562.511 1.0548 -7.54761 
574.278 1.06315 -7.37696 
585.685 1.05774 -7.17797 
596.718 1.03777 -6.95202 
607.368 1.00322 -6.70081 
617.627 0.954586 -6.42685 
627.492 0.892952 -6.1308 
636.956 0.819801 -5.81389 
646.013 0.733631 -5.47849 
654.664 0.635354 -5.12659 
662.915 0.52405 -4.76121 
670.783 0.400001 -4.38793 
678.288 0.265597 -4.01057 
685.451 0.123756 -3.63468 
692.293 -0.0207164 -3.26641 
698.831 -0.162041 -2.91091 
705.071 -0.29261 -2.57136 
711 -0.403362 -2.24584 
716.574 -0.489752 -1.92626 
721.735 -0.554324 -1.60307 
726.424 -0.606112 -1.27233 
730.604 -0.650904 -0.938367 
734.243 -0.68684 -0.602377 
737.314 -0.719148 -0.25956 
739.828 -0.765804 0.0814553 
741.869 -0.83696 0.392054 
743.561 -0.917488 0.650552 
744.992 -0.983356 0.857969 
746.197 -1.0216 1.02218 
747.208 -1.04178 1.1395 
748.196 -1.1071 1.10753 
748.505 -0.266193 2.05882 
328.892 -0.124955 -7.54338 
344.084 0.0102355 -7.63505 
359.133 0.114283 -7.75097 
374.127 0.215114 -7.8851 
389.094 0.317952 -8.02846 
404.039 0.42612 -8.17568 
418.948 0.540107 -8.32219 
433.799 0.660003 -8.46328 
448.565 0.784088 -8.5946 
463.211 0.91166 -8.71187 
477.702 1.03999 -8.81018 
491.998 1.16749 -8.88582 
506.059 1.29069 -8.93517 
519.845 1.40879 -8.95311 
533.319 1.51603 -8.93707 
546.442 1.61197 -8.88562 
559.183 1.69393 -8.79406 
571.507 1.75831 -8.66362 
583.389 1.80515 -8.49199 
594.806 1.83058 -8.28101 
605.741 1.8355 -8.03122 
616.182 1.81751 -7.74607 
626.124 1.77811 -7.4279 
635.568 1.71704 -7.07995 
644.517 1.63617 -6.70439 
652.972 1.53785 -6.30274 
660.935 1.42227 -5.8782 
668.411 1.28822 -5.43386 
675.416 1.13704 -4.97471 
681.97 0.969412 -4.50612 
688.109 0.786109 -4.03018 
693.874 0.584067 -3.55399 
699.318 0.367423 -3.08841 
704.501 0.14476 -2.64654 
709.471 -0.0711336 -2.23803 
714.253 -0.263789 -1.86632 
718.814 -0.412485 -1.5219 
723.055 -0.510872 -1.17906 
726.853 -0.582308 -0.817359 
730.15 -0.65471 -0.44874 
732.937 -0.720188 -0.0900009 
735.163 -0.760498 0.278155 
736.769 -0.809867 0.669351 
737.857 -0.917269 1.03231 
738.671 -1.06538 1.31217 
739.395 -1.19843 1.51717 
740.066 -1.29268 1.68211 
740.658 -1.35693 1.86747 
741.241 -1.49664 2.02023 
741.263 -0.796021 3.00807 
344.666 -0.0389713 -8.04299 
360.552 0.139437 -8.18224 
376.303 0.27959 -8.37301 
392.04 0.420685 -8.5899 
407.793 0.569161 -8.82167 
423.56 0.727588 -9.06208 
439.321 0.898003 -9.30536 
455.044 1.08054 -9.54478 
470.683 1.27346 -9.77416 
486.186 1.47507 -9.98509 
501.495 1.68144 -10.1698 
516.546 1.88865 -10.3192 
531.272 2.09081 -10.4257 
545.612 2.28112 -10.4823 
559.501 2.45764 -10.4823 
572.882 2.61128 -10.4198 
585.703 2.73737 -10.2909 
597.918 2.83274 -10.0936 
609.491 2.89109 -9.82703 
620.396 2.91131 -9.49412 
630.62 2.89037 -9.09782 
640.163 2.82761 -8.64674 
649.04 2.7237 -8.15044 
657.271 2.58636 -7.61668 
664.876 2.41871 -7.0521 
671.866 2.22937 -6.45681 
678.244 2.01965 -5.82934 
684.027 1.78161 -5.17482 
689.258 1.51036 -4.51037 
693.994 1.22035 -3.85389 
698.27 0.932745 -3.20044 
702.105 0.635011 -2.53881 
705.568 0.300006 -1.88012 
708.787 -0.0663922 -1.25517 
711.893 -0.440374 -0.684967 
714.998 -0.802096 -0.183978 
718.151 -1.11332 0.240062 
721.246 -1.31541 0.62305 
723.997 -1.41566 1.04312 
726.201 -1.52248 1.49983 
727.937 -1.6695 1.90866 
729.25 -1.74944 2.27666 
729.899 -1.75821 2.70359 
729.845 -1.86004 3.13293 
729.542 -2.08007 3.42373 
729.383 -2.28365 3.60877 
729.326 -2.40893 3.81715 
728.969 -2.42604 4.31628 
727.432 -2.61858 5.66397 
725.179 -3.50212 7.31849 
362.053 0.0986658 -8.78655 
378.953 0.336814 -9.00405 
395.754 0.530493 -9.31635 
412.627 0.732469 -9.671 
429.603 0.952234 -10.0546 
446.677 1.19366 -10.4592 
463.82 1.45836 -10.8761 
480.982 1.74761 -11.2936 
498.089 2.05957 -11.6974 
515.045 2.38975 -12.0674 
531.739 2.72761 -12.3846 
548.053 3.06269 -12.6282 
563.859 3.38257 -12.7778 
579.035 3.67088 -12.8167 
593.466 3.9147 -12.7271 
607.045 4.09878 -12.501 
619.684 4.21327 -12.1294 
631.309 4.24709 -11.6087 
641.87 4.19103 -10.9438 
651.346 4.04232 -10.1406 
659.738 3.79721 -9.21311 
667.079 3.45836 -8.17909 
673.437 3.02837 -7.06283 
678.914 2.51689 -5.8941 
683.623 1.94508 -4.70974 
687.658 1.34687 -3.53367 
691.034 0.760544 -2.36128 
693.7 0.191687 -1.16238 
695.672 -0.418584 0.0595428 
697.16 -1.11313 1.22457 
698.393 -1.79142 2.27108 
699.33 -2.3434 3.26321 
699.825 -2.86405 4.26953 
700.008 -3.4676 5.23546 
700.177 -4.10186 6.10695 
700.529 -4.72819 6.89302 
701.257 -5.35836 7.56635 
702.496 -5.89522 8.09249 
703.868 -6.14682 8.61211 
704.635 -6.26836 9.25209 
704.834 -6.56108 9.79909 
705.087 -6.8473 10.0896 
705.112 -6.77644 10.3634 
704.185 -6.67342 10.7185 
702.867 -6.82934 10.8606 
701.968 -6.98009 10.8767 
701.238 -7.00235 11.0848 
699.597 -6.74835 11.8563 
693.433 -5.57567 15.2507 
678.315 -6.61245 16.9203 
381.871 0.307705 -9.90859 
400.308 0.638947 -10.2761 
418.772 0.920841 -10.8223 
437.502 1.23747 -11.4481 
456.522 1.59665 -12.1291 
475.813 1.99931 -12.8463 
495.309 2.44529 -13.5736 
514.902 2.92888 -14.2758 
534.429 3.44053 -14.9082 
553.676 3.96119 -15.4183 
572.381 4.46518 -15.7495 
590.26 4.91507 -15.8447 
607.023 5.27388 -15.6502 
622.393 5.49644 -15.1286 
636.139 5.54847 -14.2526 
648.072 5.40083 -13.015 
658.067 5.03445 -11.4217 
666.06 4.44042 -9.49949 
672.055 3.62392 -7.28943 
676.122 2.59832 -4.84267 
678.38 1.38914 -2.2185 
678.994 0.0259617 0.522774 
678.165 -1.46004 3.32272 
676.135 -3.04357 6.12618 
673.211 -4.707 8.86865 
669.776 -6.41768 11.4637 
666.196 -8.08468 13.8185 
662.55 -9.54641 15.92 
658.491 -10.7223 17.9065 
653.833 -11.8799 19.8486 
649.29 -13.2695 21.5077 
645.587 -14.4765 22.7549 
642.17 -15.1772 23.8806 
638.396 -15.8024 24.9953 
634.71 -16.5736 25.9155 
631.495 -17.2463 26.7095 
628.693 -17.8994 27.5092 
626.65 -18.7166 28.2094 
625.712 -19.3938 28.7834 
624.732 -19.5484 29.5181 
622.861 -19.7817 30.1484 
621.557 -20.4395 30.2667 
621.935 -20.5738 29.8724 
622.066 -19.9477 29.5692 
621.509 -19.5833 29.0635 
621.462 -19.2611 28.5056 
621.079 -18.7567 28.5546 
619.004 -18.1816 29.2347 
612.024 -16.5698 31.2219 
606.128 -17.312 20.4611 
405.568 0.670399 -11.7433 
426.527 1.15275 -12.4391 
447.883 1.60616 -13.4752 
469.941 2.15749 -14.6412 
492.654 2.80114 -15.873 
515.877 3.52481 -17.0945 
539.334 4.3058 -18.194 
562.604 5.09452 -19.0314 
585.132 5.82248 -19.4392 
606.253 6.39533 -19.2497 
625.258 6.71032 -18.3122 
641.466 6.66231 -16.5216 
654.315 6.15731 -13.839 
663.423 5.14257 -10.3046 
668.63 3.60816 -6.02439 
669.979 1.59342 -1.16064 
667.7 -0.82242 4.08976 
662.162 -3.53261 9.51768 
653.837 -6.41996 14.9189 
643.258 -9.36508 20.112 
630.976 -12.2552 24.9455 
617.519 -14.9956 29.3133 
603.371 -17.5162 33.1471 
588.928 -19.7627 36.4302 
574.496 -21.7238 39.1899 
560.357 -23.4468 41.4978 
546.945 -25.0574 43.3958 
534.952 -26.6072 44.8132 
524.716 -27.7758 45.6864 
515.172 -28.1332 46.3001 
505.279 -28.4304 46.9119 
496.798 -29.4492 47.08 
490.914 -29.9868 46.8895 
485.536 -29.729 46.8646 
479.937 -29.7742 46.7378 
475.324 -29.8876 46.3866 
471.27 -29.7045 46.191 
467.15 -29.6383 46.1811 
463.633 -29.9975 46.2735 
460.906 -30.2137 46.7214 
457.95 -30.4045 46.7169 
455.063 -30.3849 46.6237 
455.254 -31.7842 45.7781 
458.927 -31.4923 44.5315 
462.28 -30.3137 43.6076 
465.274 -29.7265 42.9458 
466.968 -28.8117 43.0004 
466.014 -28.0037 43.1792 
459.407 -25.1513 45.8864 
440.491 -27.7124 47.3727 
436.505 1.48178 -15.1342 
462.053 2.20144 -16.6083 
488.986 3.03456 -18.6362 
517.274 4.10991 -20.6938 
546.205 5.3253 -22.4565 
574.716 6.52734 -23.5014 
601.426 7.48349 -23.3662 
624.818 7.91932 -21.6642 
643.481 7.57795 -18.1755 
656.304 6.30573 -12.913 
662.602 4.07855 -6.11223 
662.137 1.01229 1.82723 
655.103 -2.69167 10.4097 
642.102 -6.78652 19.105 
624.087 -11.0207 27.3993 
602.256 -15.1374 34.8524 
577.865 -18.8884 41.1481 
552.115 -22.0991 46.1113 
526.056 -24.6651 49.6954 
500.552 -26.5619 51.9669 
476.249 -27.8072 53.0797 
453.585 -28.488 53.229 
432.816 -28.6984 52.631 
414.052 -28.5476 51.4879 
397.28 -28.115 49.9688 
382.331 -27.4458 48.2305 
368.869 -26.6022 46.4394 
356.665 -25.8197 44.7927 
346.301 -25.5102 43.3011 
338.689 -25.3976 41.7305 
332.024 -24.1562 40.3781 
324.457 -23.2605 39.1866 
319.274 -23.709 37.8125 
316.645 -23.251 36.8509 
313.265 -22.3845 36.1493 
310.282 -22.3466 35.1542 
308.473 -21.9552 34.4055 
306.364 -21.3493 33.8267 
303.777 -20.8835 33.2527 
300.95 -20.2402 33.2501 
297.214 -20.274 31.4312 
296.953 -20.0558 32.2046 
293.52 -19.9524 31.1257 
298.419 -21.4154 29.4508 
305.929 -21.717 30.5745 
309.483 -21.6213 31.2509 
312.089 -21.4858 31.6244 
313.02 -21.2516 31.5355 
314.031 -20.0967 29.8444 
317 -16.3241 16.6756 
482.79 3.51506 -21.7423 
516.179 4.62697 -24.346 
551.185 6.03787 -26.5869 
585.487 7.37155 -27.1517 
616.184 8.09046 -25.2359 
640.359 7.75603 -20.3332 
655.473 6.08829 -12.4408 
659.848 3.04384 -2.0923 
652.986 -1.18917 9.77933 
635.627 -6.22067 22.0207 
609.592 -11.5906 33.467 
577.439 -16.7364 43.0761 
541.802 -21.048 50.1851 
504.858 -24.1348 54.6068 
468.271 -25.9341 56.5357 
433.417 -26.6339 56.3357 
401.362 -26.454 54.4925 
372.699 -25.6118 51.5376 
347.601 -24.3362 47.9673 
325.945 -22.8286 44.1842 
307.444 -21.2543 40.4706 
291.729 -19.7151 36.9932 
278.434 -18.2837 33.8415 
267.211 -16.9904 31.0438 
257.752 -15.8487 28.6009 
249.805 -14.8673 26.4774 
243.156 -13.9976 24.6035 
237.411 -13.0809 22.9272 
231.865 -12.0791 21.5452 
226.773 -11.6818 20.5699 
223.964 -11.9095 19.6944 
221.3 -10.9994 18.4205 
217.667 -10.6223 18.0994 
216.15 -10.8503 17.654 
215.447 -10.4911 17.0255 
214.029 -10.4881 16.8649 
213.627 -10.4147 16.4919 
213.392 -10.2784 16.2239 
213.167 -10.1471 15.5964 
213.451 -9.88444 14.1662 
220.415 -10.6204 8.38935 
221.207 -3.85395 12.7037 
219.779 -8.74649 7.35219 
228.201 -6.96923 6.4916 
226.258 -3.92908 14.1246 
219.003 -9.5963 15.397 
219.991 -10.6509 15.8307 
221.664 -10.9427 15.4024 
226.463 -12.2896 13.2205 
245.463 -11.5982 7.5211 
552.455 7.05439 -29.4684 
590.304 7.49943 -28.9735 
623.087 7.50842 -24.0855 
644.926 5.89065 -14.4291 
652.216 2.34878 -0.954866 
643.816 -2.80572 14.519 
620.914 -8.77105 29.759 
586.325 -14.5523 42.785 
543.667 -19.2815 52.2597 
496.684 -22.4337 57.6337 
448.87 -23.9741 59.1098 
403.435 -24.1418 57.3398 
363.107 -23.512 53.183 
329.294 -22.0334 47.7032 
301.701 -19.9499 41.808 
278.94 -17.525 36.2373 
260.003 -15.3351 31.3033 
244.436 -13.4793 27.0346 
231.733 -11.9051 23.4364 
221.374 -10.5964 20.44 
212.904 -9.50669 17.9547 
205.95 -8.59998 15.8928 
200.215 -7.84454 14.1735 
195.478 -7.21346 12.7304 
191.567 -6.6807 11.5092 
188.343 -6.22282 10.4639 
185.716 -5.83025 9.55919 
183.697 -5.52019 8.74867 
182.33 -5.21842 7.89949 
181.148 -4.55665 6.86298 
179.681 -3.78924 5.74475 
182.445 -4.79173 3.33066 
182.646 0.149241 5.30298 
177.556 -2.8312 4.43621 
179.531 -3.95379 2.63518 
179.932 0.0797237 4.86381 
175.889 -2.93905 4.41517 
175.74 -3.08726 4.52077 
176.125 -3.2342 4.40314 
177.414 -3.55301 4.48578 
180.291 -4.56135 5.77395 
183.822 -5.48176 8.03849 
184.966 -5.83314 4.9591 
191.406 -10113 12712.8 
188.506 -2.8969 10.9519 
179.745 -3.65785 6.73893 
178.503 -3.98972 6.12858 
180.22 -4.65818 5.40773 
184.585 -5.13565 4.76247 
200.358 -9.90736 1.85945 
622.558 5.93526 -18.3267 
638.86 2.84067 -6.61921 
637.489 -1.65638 11.1829 
615.046 -7.5343 29.8584 
574.772 -13.6211 45.8933 
522.664 -18.7756 56.9303 
465.817 -22.1994 61.913 
410.889 -23.7829 61.1131 
362.483 -23.1752 56.013 
322.03 -20.9486 48.6629 
288.956 -17.8774 40.7678 
261.758 -14.5135 33.3621 
238.493 -11.8047 27.6879 
221.348 -10.689 22.3271 
209.213 -8.87731 18.0864 
200.481 -7.7998 14.7379 
193.545 -6.38821 12.1539 
187.588 -5.4628 10.074 
182.999 -4.74735 8.26347 
179.601 -4.0619 6.66343 
177.201 -3.38299 5.21405 
175.573 -2.71246 3.91805 
174.499 -2.08505 2.79816 
173.811 -1.52527 1.8669 
173.391 -1.04755 1.12419 
173.153 -0.660874 0.55851 
173.033 -0.364432 0.153298 
172.971 -0.150402 -0.107039 
172.937 -0.0330665 -0.224893 
173.019 -0.0660977 -0.19097 
173.26 -0.175051 -0.067716 
173.173 -0.0902581 0.253174 
173.522 -0.951734 1.30422 
173.125 -0.390899 0.0777823 
173.114 0.0208796 0.0530808 
173.361 -0.599523 0.787829 
172.911 -0.0654384 -0.285605 
172.947 0.19068 -0.450888 
172.953 0.201535 -0.439381 
172.965 0.187644 -0.323056 
172.957 0.106287 -0.216175 
173.085 -0.129776 0.0887959 
173.216 -0.316436 0.510414 
174.485 -1.29598 2.325 
173.877 -1.19613 1.72283 
172.724 -0.278514 -0.0802406 
172.807 0.167225 -0.394094 
172.922 0.107952 -0.192074 
173.447 -0.499273 0.583321 
174.354 -1.6109 3.04743 
612.739 -3.32772 22.7496 
574.081 -10.0132 42.2699 
519.199 -17.6577 58.5563 
456.819 -22.4678 65.4184 
395.827 -23.6331 63.7041 
341.634 -21.7804 56.3228 
296.013 -18.1874 46.6298 
258.613 -14.9998 37.7592 
232.31 -13.5405 29.0454 
215.596 -10.6682 21.7245 
204.383 -8.25372 16.0206 
195.813 -5.87808 11.8593 
189.94 -4.60411 7.92977 
186.256 -4463.48 10230.1 
182.694 -716.323 7042.49 
178.88 -51.4554 791.404 
174.86 -0.106536 1.97232 
173.256 -0.719709 0.678133 
173.028 -0.185617 -0.0594574 
172.967 0.11421 -0.434125 
172.972 0.246946 -0.55272 
172.989 0.267325 -0.530134 
173.01 0.234448 -0.450437 
173.035 0.184574 -0.355162 
173.063 0.135064 -0.263216 
173.09 0.0921914 -0.182058 
173.114 0.0573322 -0.114763 
173.135 0.0308605 -0.0640917 
173.149 0.0164755 -0.0338601 
173.147 0.0180074 -0.0240139 
173.138 0.0181072 -0.0253982 
173.161 0.00517576 -0.0580988 
173.145 0.0490433 -0.126768 
173.121 0.0702818 -0.0984212 
173.149 0.0152556 -0.0535819 
173.159 0.0249265 -0.0787548 
173.161 0.0322763 -0.0429667 
173.172 0.00261711 0.0103405 
173.181 -0.00868598 0.0244152 
173.181 -0.00688832 0.0153279 
173.174 0.00603463 -0.00583556 
173.158 0.0184423 -0.0295356 
173.128 0.0529627 -0.0908569 
173.099 0.0413068 -0.151399 
173.115 0.0588877 -0.153971 
173.119 0.0735837 -0.122862 
173.157 0.0287488 -0.0260447 
173.165 0.0156408 -0.0170355 
173.131 0.0584444 -0.0762923 
173.061 0.0894445 -0.318508 
423.207 -54.0162 105.459 
359.02 -44.6742 91.5432 
304.334 -36.793 73.5128 
263.113 -28.0623 54.9863 
233.949 -20.4704 39.4462 
213.84 -14.531 27.6644 
199.787 -9.99652 19.0133 
189.882 -6.71668 12.0347 
184.11 -8146.66 16156.1 
180.954 -3278.18 10198.1 
178.539 -1250.71 3823.56 
176.186 -0.916541 2.59888 
174.904 -1.23554 1.72786 
175.125 -1.46687 2.2075 
174.787 -1.20499 2.21451 
173.926 -0.733365 1.38328 
173.244 -0.180034 0.36004 
172.975 0.085118 -0.213518 
173.111 0.0499638 -0.0826904 
173.155 -0.000585645 3.1876e-05 
173.179 -0.025112 0.0432576 
173.186 -0.0315715 0.0543969 
173.187 -0.0286331 0.0492305 
173.185 -0.0227325 0.0389695 
173.183 -0.0168184 0.0287924 
173.181 -0.0117871 0.0202173 
173.179 -0.00776667 0.0134195 
173.177 -0.00474408 0.00839548 
173.175 -0.00288835 0.00525917 
173.175 -0.00216192 0.00366916 
173.174 -0.00133995 0.0026195 
173.174 -0.000918702 0.00449209 
173.177 -0.00445279 0.0110204 
173.175 -0.00536624 0.00793947 
173.173 -0.00201363 0.0045965 
173.175 -0.002678 0.0072333 
173.173 -0.00281791 0.00426624 
173.172 -0.00137571 0.00111482 
173.172 -0.000238143 -0.000485619 
173.172 0.000214541 6.34939e-05 
173.173 -0.000534304 0.00139236 
173.173 -0.00101674 0.00285521 
173.174 -0.00165384 0.00516196 
173.176 0.000137622 0.00807693 
173.178 -0.00270022 0.00889691 
173.175 -0.00547401 0.00896493 
173.173 -0.00365075 0.00481121 
173.173 -0.00175865 0.00313733 
173.176 -0.00284425 0.00636213 
173.175 0.00184354 0.0128145 
96.9058 -0.745127 -5.77677 
98.4052 -5.64008 -2.42694 
110.801 -5.9879 -2.9909 
123.29 -6.25046 -3.28521 
135.874 -6.41171 -3.49395 
148.462 -6.54831 -3.68184 
161.072 -6.70175 -3.86928 
173.77 -6.88838 -4.06259 
186.644 -7.10982 -4.26066 
199.774 -7.35863 -4.46168 
213.218 -7.62948 -4.66542 
227.025 -7.91816 -4.86841 
241.236 -8.21956 -5.06932 
255.877 -8.52895 -5.26539 
270.969 -8.84022 -5.45517 
286.513 -9.15034 -5.63744 
302.514 -9.45673 -5.81026 
318.965 -9.75389 -5.9726 
335.852 -10.0417 -6.12183 
353.168 -10.316 -6.25757 
370.876 -10.5674 -6.38019 
388.938 -10.8002 -6.48946 
407.329 -11.0156 -6.58268 
426.011 -11.1995 -6.65973 
444.917 -11.3556 -6.72306 
464.007 -11.4842 -6.77225 
483.213 -11.5799 -6.80572 
502.48 -11.6422 -6.82797 
521.732 -11.6723 -6.83681 
540.912 -11.6647 -6.83287 
559.916 -11.6141 -6.82021 
578.67 -11.5322 -6.79974 
597.1 -11.4116 -6.76866 
615.11 -11.2463 -6.73349 
632.594 -11.0433 -6.69446 
649.476 -10.8061 -6.65234 
665.662 -10.5287 -6.60757 
681.062 -10.2183 -6.56437 
695.6 -9.87469 -6.52055 
709.185 -9.49845 -6.48045 
721.753 -9.09809 -6.44331 
733.237 -8.67243 -6.41055 
743.588 -8.22848 -6.38202 
752.759 -7.76596 -6.35707 
760.708 -7.28686 -6.33756 
767.41 -6.80188 -6.32499 
772.863 -6.31465 -6.31628 
777.062 -5.82514 -6.31259 
780.051 -5.36715 -6.30782 
782.264 -5.12633 -6.25979 
783.218 -3.79458 -6.44243 
109.351 -7.31496 -3.48095 
123.525 -7.06121 -3.74087 
137.03 -7.1286 -3.96692 
150.337 -7.22407 -4.13881 
163.569 -7.33584 -4.29758 
176.818 -7.47725 -4.45488 
190.174 -7.64965 -4.61305 
203.717 -7.84727 -4.76992 
217.517 -8.06442 -4.92284 
231.624 -8.29306 -5.06617 
246.074 -8.52492 -5.19825 
260.894 -8.75748 -5.31449 
276.103 -8.98384 -5.41346 
291.707 -9.19915 -5.49106 
307.705 -9.40004 -5.547 
324.09 -9.58267 -5.578 
340.848 -9.74461 -5.58388 
357.96 -9.88269 -5.56362 
375.405 -9.99638 -5.51396 
393.151 -10.0786 -5.4364 
411.16 -10.1315 -5.33201 
429.398 -10.1547 -5.19972 
447.825 -10.1449 -5.04206 
466.386 -10.1014 -4.85981 
485.033 -10.0253 -4.65186 
503.708 -9.91176 -4.42291 
522.359 -9.76926 -4.17363 
540.92 -9.58931 -3.90714 
559.33 -9.37772 -3.62482 
577.51 -9.12927 -3.33166 
595.391 -8.85134 -3.02813 
612.904 -8.54148 -2.71949 
629.965 -8.20044 -2.40603 
646.494 -7.8276 -2.09454 
662.415 -7.43206 -1.7871 
677.649 -7.00955 -1.48705 
692.122 -6.56661 -1.19643 
705.764 -6.10403 -0.92008 
718.503 -5.62447 -0.659428 
730.279 -5.13352 -0.417643 
741.035 -4.63151 -0.196572 
750.728 -4.12617 0.00175098 
759.315 -3.61688 0.176352 
766.762 -3.10716 0.324615 
773.05 -2.60519 0.446497 
778.171 -2.11227 0.541576 
782.128 -1.63399 0.608667 
784.964 -1.19791 0.649144 
786.965 -0.896197 0.676984 
787.278 0.511383 0.887678 
125.187 -8.08033 -4.50635 
140.014 -7.85174 -4.59386 
154.287 -7.83807 -4.75618 
168.304 -7.90173 -4.91976 
182.22 -8.00482 -5.08052 
196.148 -8.14052 -5.23734 
210.182 -8.30084 -5.3885 
224.39 -8.47638 -5.53072 
238.827 -8.66065 -5.65907 
253.527 -8.84389 -5.77143 
268.512 -9.02164 -5.8639 
283.799 -9.19045 -5.93585 
299.392 -9.3452 -5.98248 
315.29 -9.48123 -6.00467 
331.486 -9.59884 -6.00109 
347.963 -9.69236 -5.97078 
364.705 -9.76349 -5.91379 
381.691 -9.80918 -5.83135 
398.894 -9.82865 -5.723 
416.282 -9.82088 -5.59038 
433.823 -9.78607 -5.43381 
451.483 -9.7248 -5.256 
469.223 -9.63545 -5.05443 
487.002 -9.5173 -4.83573 
504.77 -9.37137 -4.60017 
522.479 -9.19872 -4.3495 
540.085 -9.00189 -4.08518 
557.535 -8.7769 -3.81066 
574.771 -8.52704 -3.52665 
591.734 -8.24985 -3.23606 
608.364 -7.9494 -2.943 
624.6 -7.62665 -2.64726 
640.376 -7.27827 -2.35341 
655.623 -6.90968 -2.06375 
670.279 -6.52218 -1.77892 
684.281 -6.11562 -1.50378 
697.561 -5.69254 -1.23902 
710.064 -5.25687 -0.98642 
721.731 -4.80768 -0.750041 
732.508 -4.35102 -0.529854 
742.35 -3.88743 -0.328562 
751.217 -3.42194 -0.147021 
759.075 -2.95476 0.0133731 
765.895 -2.49056 0.151173 
771.661 -2.03337 0.265819 
776.366 -1.58692 0.35703 
780.015 -1.15536 0.424657 
782.647 -0.765213 0.469841 
784.541 -0.498382 0.486851 
784.517 1.19604 0.601108 
143.974 -8.41268 -4.98576 
159.084 -8.32329 -5.04174 
173.908 -8.31713 -5.15294 
188.533 -8.35631 -5.27009 
203.058 -8.42608 -5.38439 
217.576 -8.52032 -5.48959 
232.164 -8.62903 -5.58046 
246.88 -8.74341 -5.6557 
261.761 -8.85581 -5.7109 
276.832 -8.96118 -5.74525 
292.105 -9.05536 -5.75874 
307.589 -9.13738 -5.74819 
323.282 -9.20114 -5.71509 
339.179 -9.24903 -5.65979 
355.271 -9.27837 -5.58162 
371.543 -9.28663 -5.48261 
387.979 -9.2769 -5.36371 
404.559 -9.24686 -5.22476 
421.262 -9.19637 -5.069 
438.059 -9.1249 -4.89559 
454.923 -9.0332 -4.70778 
471.827 -8.92329 -4.50641 
488.734 -8.79114 -4.29412 
505.611 -8.64182 -4.06954 
522.42 -8.47044 -3.83641 
539.121 -8.28082 -3.5974 
555.671 -8.07328 -3.35148 
572.03 -7.84629 -3.10119 
588.148 -7.60037 -2.84889 
603.973 -7.33479 -2.59557 
619.457 -7.05345 -2.34317 
634.545 -6.75264 -2.09259 
649.182 -6.43464 -1.84613 
663.31 -6.09994 -1.60542 
676.873 -5.74982 -1.37256 
689.815 -5.38576 -1.14709 
702.082 -5.00725 -0.932649 
713.621 -4.61831 -0.729872 
724.382 -4.21954 -0.539422 
734.32 -3.81242 -0.363229 
743.393 -3.4006 -0.202358 
751.567 -2.98596 -0.0574781 
758.811 -2.57042 0.0701905 
765.102 -2.15723 0.179929 
770.425 -1.74986 0.271197 
774.775 -1.35165 0.343795 
778.154 -0.965436 0.398303 
780.605 -0.622116 0.434226 
782.434 -0.401424 0.45087 
782.145 1.54664 0.526057 
164.093 -8.55316 -5.14648 
179.413 -8.53393 -5.17889 
194.592 -8.51995 -5.23171 
209.61 -8.516 -5.28176 
224.513 -8.52917 -5.32405 
239.369 -8.55698 -5.35412 
254.237 -8.59217 -5.36921 
269.163 -8.63019 -5.36694 
284.177 -8.66237 -5.34681 
299.296 -8.68833 -5.30833 
314.534 -8.70492 -5.25142 
329.895 -8.70997 -5.17738 
345.38 -8.70352 -5.0873 
360.985 -8.68527 -4.98082 
376.703 -8.65319 -4.85948 
392.527 -8.60848 -4.72579 
408.441 -8.55108 -4.57861 
424.431 -8.47914 -4.42024 
440.48 -8.39449 -4.25039 
456.569 -8.29502 -4.07349 
472.67 -8.18271 -3.88734 
488.764 -8.057 -3.69315 
504.822 -7.91557 -3.49232 
520.814 -7.76069 -3.28795 
536.705 -7.59123 -3.07817 
552.466 -7.40877 -2.86551 
568.059 -7.20999 -2.6501 
583.445 -6.99795 -2.43437 
598.585 -6.77104 -2.21791 
613.432 -6.52827 -2.00333 
627.941 -6.27205 -1.79001 
642.067 -6.0002 -1.58132 
655.758 -5.71426 -1.37652 
668.965 -5.41408 -1.17775 
681.636 -5.10041 -0.985228 
693.72 -4.77344 -0.801167 
705.168 -4.43553 -0.625667 
715.934 -4.08673 -0.459509 
725.971 -3.7287 -0.304436 
735.238 -3.36346 -0.160765 
743.697 -2.99326 -0.029372 
751.319 -2.61992 0.0888518 
758.075 -2.24568 0.193253 
763.945 -1.87312 0.283008 
768.916 -1.50521 0.357838 
772.982 -1.1446 0.417888 
776.145 -0.793663 0.463199 
778.452 -0.490787 0.492851 
780.233 -0.297127 0.516916 
779.709 1.84728 0.564426 
184.523 -8.52782 -5.08541 
199.923 -8.51818 -5.069 
215.224 -8.46733 -5.05966 
230.361 -8.4125 -5.04187 
245.356 -8.36651 -5.01761 
260.257 -8.33203 -4.98375 
275.113 -8.30464 -4.9388 
289.963 -8.28075 -4.88169 
304.835 -8.25491 -4.81265 
319.746 -8.22704 -4.73237 
334.711 -8.19486 -4.64099 
349.737 -8.15758 -4.53936 
364.829 -8.11422 -4.42785 
379.987 -8.06363 -4.30737 
395.206 -8.0059 -4.17895 
410.483 -7.94112 -4.04204 
425.808 -7.86631 -3.89781 
441.169 -7.7835 -3.74766 
456.55 -7.69072 -3.59091 
471.938 -7.58902 -3.42729 
487.311 -7.4744 -3.25878 
502.649 -7.35044 -3.086 
517.927 -7.2146 -2.90932 
533.121 -7.0688 -2.72838 
548.201 -6.90831 -2.54539 
563.137 -6.7379 -2.35936 
577.897 -6.5535 -2.17307 
592.447 -6.35847 -1.98604 
606.749 -6.14868 -1.79872 
620.765 -5.92665 -1.61323 
634.453 -5.69086 -1.4298 
647.77 -5.44328 -1.24956 
660.671 -5.18089 -1.07336 
673.11 -4.90656 -0.902149 
685.039 -4.61928 -0.737282 
696.412 -4.32052 -0.578762 
707.184 -4.01031 -0.427503 
717.31 -3.69008 -0.284941 
726.748 -3.36149 -0.150948 
735.461 -3.02555 -0.0268395 
743.414 -2.68485 0.0866853 
750.579 -2.34128 0.189079 
756.931 -1.99679 0.279539 
762.453 -1.65388 0.357615 
767.131 -1.31494 0.422792 
770.962 -0.9818 0.475319 
773.943 -0.657813 0.515027 
776.133 -0.387209 0.541583 
777.866 -0.205943 0.575157 
777.138 2.08322 0.592559 
204.453 -8.33736 -4.84725 
219.753 -8.31115 -4.78339 
234.946 -8.22014 -4.72591 
249.956 -8.12578 -4.6624 
264.803 -8.04109 -4.5963 
279.527 -7.96842 -4.52737 
294.168 -7.90545 -4.45346 
308.764 -7.84965 -4.37456 
323.341 -7.79721 -4.29074 
337.919 -7.74728 -4.20111 
352.514 -7.69721 -4.10626 
367.134 -7.64609 -4.00566 
381.786 -7.59251 -3.9 
396.472 -7.53547 -3.78921 
411.192 -7.4741 -3.673 
425.939 -7.40672 -3.55101 
440.706 -7.33241 -3.42389 
455.485 -7.25168 -3.29093 
470.262 -7.16122 -3.15289 
485.021 -7.06315 -3.01072 
499.744 -6.95501 -2.86372 
514.413 -6.83746 -2.71136 
529.006 -6.70873 -2.55532 
543.499 -6.56973 -2.39529 
557.866 -6.41861 -2.23231 
572.079 -6.25673 -2.06707 
586.111 -6.08351 -1.89982 
599.93 -5.89879 -1.73142 
613.502 -5.70067 -1.56328 
626.79 -5.49185 -1.39533 
639.759 -5.27004 -1.22957 
652.369 -5.03721 -1.06587 
664.578 -4.79058 -0.905618 
676.343 -4.53301 -0.74978 
687.623 -4.26335 -0.59872 
698.373 -3.98224 -0.453548 
708.55 -3.6905 -0.314912 
718.113 -3.38973 -0.1833 
727.024 -3.08024 -0.0594846 
735.246 -2.76446 0.0557754 
742.75 -2.44423 0.161702 
749.509 -2.12152 0.257541 
755.502 -1.79854 0.342536 
760.712 -1.47738 0.416027 
765.13 -1.16018 0.477748 
768.748 -0.848117 0.52751 
771.567 -0.545529 0.565192 
773.652 -0.301139 0.591243 
775.33 -0.125143 0.635762 
774.435 2.26615 0.625402 
223.287 -8.03331 -4.50695 
238.338 -7.98918 -4.41768 
253.263 -7.87632 -4.33833 
268 -7.76739 -4.2594 
282.571 -7.67152 -4.18287 
297.013 -7.5895 -4.1077 
311.362 -7.51876 -4.03388 
325.65 -7.45814 -3.95937 
339.903 -7.40355 -3.88366 
354.14 -7.35279 -3.80586 
368.374 -7.30429 -3.72531 
382.615 -7.2556 -3.64141 
396.869 -7.20591 -3.55338 
411.137 -7.15321 -3.46117 
425.415 -7.09542 -3.36301 
439.701 -7.03195 -3.26031 
453.986 -6.96258 -3.15282 
468.258 -6.88533 -3.03877 
482.506 -6.7994 -2.91954 
496.717 -6.70565 -2.79417 
510.871 -6.60026 -2.66289 
524.951 -6.48533 -2.52708 
538.936 -6.36064 -2.38629 
552.804 -6.22445 -2.24016 
566.533 -6.07751 -2.09101 
580.096 -5.91978 -1.93796 
593.468 -5.75042 -1.78188 
606.621 -5.57028 -1.62382 
619.524 -5.3782 -1.46508 
632.145 -5.1748 -1.30571 
644.453 -4.96064 -1.14761 
656.409 -4.73473 -0.990577 
667.978 -4.49696 -0.836759 
679.119 -4.2489 -0.686336 
689.794 -3.98913 -0.540309 
699.961 -3.71888 -0.399185 
709.581 -3.43863 -0.264081 
718.614 -3.1495 -0.134975 
727.025 -2.8524 -0.0128748 
734.781 -2.54968 0.101428 
741.855 -2.24315 0.207378 
748.225 -1.93505 0.30375 
753.871 -1.62772 0.389723 
758.78 -1.32304 0.464409 
762.944 -1.02281 0.527354 
766.356 -0.728078 0.578151 
769.016 -0.443487 0.616825 
770.997 -0.221057 0.644572 
772.612 -0.0478328 0.700758 
771.58 2.41314 0.66601 
240.739 -7.6966 -4.15291 
255.479 -7.64694 -4.06445 
270.086 -7.53557 -3.98999 
284.516 -7.4362 -3.91983 
298.798 -7.35088 -3.85499 
312.961 -7.27934 -3.79487 
327.038 -7.22002 -3.73772 
341.056 -7.16957 -3.68195 
355.035 -7.12537 -3.62623 
368.989 -7.08425 -3.56896 
382.931 -7.04467 -3.50923 
396.866 -7.00406 -3.44604 
410.797 -6.96119 -3.37841 
424.723 -6.91426 -3.30516 
438.639 -6.86052 -3.2268 
452.539 -6.80154 -3.14181 
466.415 -6.73507 -3.05017 
480.255 -6.65842 -2.95196 
494.046 -6.5738 -2.84691 
507.773 -6.47913 -2.73427 
521.419 -6.37297 -2.61529 
534.966 -6.2575 -2.48946 
548.398 -6.13062 -2.35696 
561.692 -5.99239 -2.21988 
574.826 -5.84385 -2.07574 
587.781 -5.68363 -1.92792 
600.529 -5.51244 -1.77615 
613.049 -5.3314 -1.62151 
625.313 -5.13919 -1.46457 
637.293 -4.9358 -1.30692 
648.96 -4.72324 -1.14897 
660.283 -4.49903 -0.992417 
671.226 -4.26519 -0.837976 
681.757 -4.02101 -0.686397 
691.838 -3.76632 -0.53885 
701.43 -3.50159 -0.395657 
710.497 -3.22764 -0.257381 
719.003 -2.94473 -0.124795 
726.913 -2.65492 0.0014548 
734.199 -2.36001 0.120929 
740.835 -2.06214 0.23241 
746.804 -1.76418 0.334859 
752.092 -1.46838 0.426952 
756.689 -1.17684 0.507409 
760.588 -0.890916 0.5754 
763.785 -0.611439 0.630503 
766.279 -0.343124 0.672176 
768.148 -0.140209 0.7033 
769.691 0.0294098 0.77158 
768.544 2.53703 0.716305 
256.843 -7.40372 -3.85289 
271.305 -7.35971 -3.78661 
285.635 -7.26775 -3.73406 
299.814 -7.19164 -3.68744 
313.868 -7.12901 -3.64664 
327.825 -7.07833 -3.61074 
341.708 -7.03752 -3.57799 
355.537 -7.00324 -3.54613 
369.327 -6.97307 -3.51366 
383.086 -6.94381 -3.47939 
396.822 -6.91401 -3.44133 
410.535 -6.88122 -3.39879 
424.225 -6.84393 -3.35036 
437.887 -6.80052 -3.29547 
451.514 -6.74952 -3.23329 
465.098 -6.69071 -3.16369 
478.629 -6.6232 -3.08559 
492.095 -6.5446 -2.9993 
505.48 -6.45593 -2.90361 
518.771 -6.35623 -2.80031 
531.952 -6.24544 -2.68862 
545.005 -6.12371 -2.56871 
557.912 -5.98968 -2.44024 
570.657 -5.84508 -2.30411 
583.217 -5.68767 -2.16194 
595.575 -5.5212 -2.01317 
607.71 -5.34274 -1.85918 
619.602 -5.15512 -1.70097 
631.228 -4.9569 -1.53996 
642.564 -4.74906 -1.37718 
653.586 -4.53271 -1.21417 
664.266 -4.30626 -1.05124 
674.576 -4.07114 -0.890305 
684.485 -3.82692 -0.732531 
693.958 -3.57335 -0.578046 
702.961 -3.31015 -0.427863 
711.459 -3.03839 -0.282533 
719.417 -2.75836 -0.142224 
726.803 -2.47177 -0.00730454 
733.592 -2.18045 0.121444 
739.762 -1.88739 0.243108 
745.3 -1.59569 0.356264 
750.198 -1.30836 0.459036 
754.452 -1.02769 0.549528 
758.061 -0.754709 0.626275 
761.021 -0.489784 0.688276 
763.333 -0.237619 0.73522 
765.077 -0.0530047 0.770288 
766.537 0.110098 0.85114 
765.291 2.64698 0.778022 
271.864 -7.20085 -3.64515 
286.143 -7.17035 -3.61069 
300.299 -7.10537 -3.58873 
314.328 -7.05789 -3.57207 
328.259 -7.02182 -3.56009 
342.111 -6.99461 -3.55196 
355.901 -6.97394 -3.54566 
369.64 -6.95641 -3.53955 
383.336 -6.94021 -3.5315 
396.993 -6.92235 -3.52004 
410.61 -6.90069 -3.50377 
424.185 -6.8741 -3.48142 
437.711 -6.83998 -3.45139 
451.181 -6.79815 -3.41365 
464.586 -6.74658 -3.36702 
477.915 -6.68553 -3.31074 
491.154 -6.61286 -3.24368 
504.292 -6.52864 -3.16711 
517.312 -6.43198 -3.07999 
530.199 -6.32421 -2.98151 
542.941 -6.20325 -2.87303 
555.517 -6.06975 -2.75342 
567.913 -5.92348 -2.62519 
580.11 -5.76603 -2.48649 
592.094 -5.5965 -2.33938 
603.847 -5.41593 -2.18366 
615.353 -5.22469 -2.02165 
626.595 -5.02462 -1.85364 
637.557 -4.81524 -1.68156 
648.222 -4.59768 -1.50762 
658.568 -4.37269 -1.33173 
668.574 -4.139 -1.15709 
678.217 -3.89912 -0.984362 
687.471 -3.65164 -0.814563 
696.305 -3.39559 -0.649023 
704.685 -3.13146 -0.488168 
712.58 -2.85922 -0.33189 
719.955 -2.57883 -0.180516 
726.78 -2.29195 -0.0339036 
733.029 -2.00069 0.107739 
738.687 -1.70835 0.243657 
743.744 -1.41905 0.372021 
748.202 -1.13712 0.490263 
752.067 -0.865452 0.595315 
755.344 -0.605118 0.684544 
758.034 -0.355549 0.756473 
760.141 -0.120434 0.810201 
761.741 0.0450485 0.850126 
763.107 0.198197 0.942655 
761.775 2.74995 0.854291 
286.18 -7.10942 -3.53974 
300.405 -7.09324 -3.5426 
314.512 -7.05823 -3.55371 
328.515 -7.03941 -3.56919 
342.441 -7.03003 -3.5883 
356.302 -7.0263 -3.60968 
370.108 -7.02565 -3.63195 
383.862 -7.02498 -3.65287 
397.566 -7.02227 -3.67093 
411.216 -7.01515 -3.68435 
424.805 -7.00139 -3.69143 
438.326 -6.97983 -3.69066 
451.767 -6.94767 -3.68079 
465.118 -6.90631 -3.66105 
478.364 -6.85208 -3.63014 
491.493 -6.78545 -3.58672 
504.489 -6.705 -3.53153 
517.337 -6.6121 -3.46294 
530.022 -6.50341 -3.38087 
542.528 -6.38143 -3.28575 
554.84 -6.24556 -3.17675 
566.942 -6.09488 -3.05536 
578.818 -5.9318 -2.92082 
590.455 -5.75437 -2.77463 
601.837 -5.56551 -2.61673 
612.952 -5.36451 -2.44882 
623.787 -5.15371 -2.27097 
634.331 -4.9337 -2.08553 
644.576 -4.70623 -1.89444 
654.51 -4.47226 -1.69909 
664.121 -4.23194 -1.5032 
673.393 -3.98705 -1.30807 
682.311 -3.73777 -1.11604 
690.854 -3.48325 -0.928297 
698.996 -3.22276 -0.746234 
706.705 -2.95549 -0.57029 
713.949 -2.68035 -0.399912 
720.692 -2.39723 -0.234339 
726.905 -2.10706 -0.0731456 
732.561 -1.81209 0.084194 
737.645 -1.516 0.237608 
742.155 -1.2244 0.385788 
746.103 -0.943778 0.525115 
749.512 -0.679174 0.650435 
752.399 -0.431738 0.757249 
754.773 -0.19951 0.842485 
756.641 0.0154642 0.904839 
758.078 0.159822 0.949319 
759.342 0.297309 1.05145 
757.935 2.8507 0.948785 
300.195 -7.13279 -3.53702 
314.507 -7.13203 -3.57804 
328.703 -7.12621 -3.62459 
342.814 -7.13676 -3.67528 
356.861 -7.15469 -3.72811 
370.856 -7.17539 -3.783 
384.797 -7.19635 -3.83759 
398.683 -7.21401 -3.89045 
412.506 -7.22677 -3.93915 
426.256 -7.23186 -3.98191 
439.919 -7.2271 -4.01695 
453.481 -7.21141 -4.0426 
466.925 -7.18232 -4.05748 
480.235 -7.14022 -4.05847 
493.394 -7.08235 -4.04664 
506.383 -7.00862 -4.01984 
519.185 -6.91906 -3.97693 
531.783 -6.81249 -3.91707 
544.158 -6.68762 -3.84021 
556.293 -6.54699 -3.74567 
568.175 -6.38911 -3.6338 
579.789 -6.21538 -3.50477 
591.121 -6.02606 -3.35916 
602.159 -5.82244 -3.19882 
612.892 -5.60539 -3.02377 
623.308 -5.37576 -2.8346 
633.401 -5.13467 -2.63265 
643.166 -4.88536 -2.4194 
652.6 -4.62921 -2.19678 
661.705 -4.3684 -1.96909 
670.478 -4.10543 -1.73898 
678.917 -3.84052 -1.51021 
687.015 -3.5757 -1.28605 
694.759 -3.30996 -1.06996 
702.131 -3.04244 -0.863322 
709.1 -2.77064 -0.666521 
715.629 -2.4913 -0.477792 
721.681 -2.20329 -0.295096 
727.22 -1.90743 -0.116872 
732.219 -1.60549 0.0581673 
736.657 -1.30077 0.231701 
740.534 -0.999987 0.404205 
743.878 -0.714124 0.571553 
746.736 -0.453122 0.725253 
749.152 -0.219286 0.856496 
751.149 -0.00871405 0.959913 
752.739 0.180436 1.03286 
753.99 0.299463 1.0811 
755.146 0.415164 1.18995 
753.686 2.95183 1.071 
314.31 -7.27319 -3.63524 
328.857 -7.28887 -3.71802 
343.291 -7.31523 -3.80478 
357.655 -7.3582 -3.89546 
371.97 -7.40666 -3.98928 
386.24 -7.45673 -4.08479 
400.459 -7.50399 -4.1805 
414.617 -7.54586 -4.2744 
428.696 -7.57926 -4.36375 
442.679 -7.60204 -4.44654 
456.544 -7.61122 -4.51975 
470.268 -7.60537 -4.58101 
483.828 -7.58207 -4.62845 
497.2 -7.54058 -4.66073 
510.359 -7.48016 -4.67349 
523.285 -7.39842 -4.66765 
535.953 -7.29551 -4.64006 
548.342 -7.17088 -4.59029 
560.431 -7.02409 -4.51785 
572.203 -6.85667 -4.4218 
583.642 -6.66832 -4.30207 
594.735 -6.46061 -4.1593 
605.471 -6.23488 -3.99487 
615.844 -5.99369 -3.80982 
625.847 -5.73656 -3.60603 
635.47 -5.46487 -3.38382 
644.709 -5.18082 -3.14489 
653.566 -4.88723 -2.88964 
662.048 -4.58681 -2.62058 
670.167 -4.28481 -2.34127 
677.938 -3.98309 -2.05648 
685.376 -3.68474 -1.77211 
692.492 -3.39301 -1.49402 
699.292 -3.10885 -1.22859 
705.77 -2.83067 -0.981329 
711.898 -2.55375 -0.752875 
717.631 -2.27017 -0.539868 
722.915 -1.97575 -0.335693 
727.705 -1.67112 -0.135938 
731.971 -1.35938 0.0596929 
735.685 -1.04156 0.254114 
738.831 -0.722205 0.453657 
741.446 -0.419208 0.657624 
743.622 -0.154544 0.851477 
745.452 0.0647421 1.01775 
746.987 0.247511 1.14735 
748.245 0.401794 1.23643 
749.282 0.492377 1.29158 
750.318 0.586973 1.40851 
748.836 3.07623 1.27485 
328.927 -7.53988 -3.84158 
343.877 -7.57705 -3.97378 
358.719 -7.6431 -4.10975 
373.51 -7.72627 -4.25179 
388.271 -7.81566 -4.39948 
403 -7.90572 -4.55134 
417.683 -7.99199 -4.70538 
432.3 -8.07049 -4.85836 
446.826 -8.13721 -5.00783 
461.229 -8.18954 -5.14951 
475.478 -8.22308 -5.28053 
489.537 -8.23609 -5.39662 
503.373 -8.22596 -5.49479 
516.951 -8.18999 -5.56952 
530.237 -8.12566 -5.61986 
543.2 -8.03428 -5.64147 
555.809 -7.91133 -5.6323 
568.037 -7.75951 -5.59113 
579.859 -7.57746 -5.51592 
591.256 -7.36729 -5.40744 
602.211 -7.12995 -5.26544 
612.715 -6.86864 -5.09186 
622.76 -6.58554 -4.88769 
632.348 -6.28337 -4.65509 
641.476 -5.96336 -4.39663 
650.143 -5.6264 -4.11469 
658.349 -5.27613 -3.81031 
666.101 -4.91438 -3.48611 
673.411 -4.54583 -3.14388 
680.305 -4.17663 -2.7858 
686.813 -3.80987 -2.41445 
692.974 -3.45182 -2.03722 
698.831 -3.10901 -1.66426 
704.426 -2.78755 -1.30816 
709.783 -2.4887 -0.981279 
714.899 -2.20506 -0.69354 
719.715 -1.92072 -0.442552 
724.134 -1.61906 -0.210847 
728.074 -1.2989 0.0187999 
731.508 -0.973283 0.245005 
734.414 -0.642505 0.461452 
736.733 -0.296238 0.683773 
738.467 0.044226 0.929391 
739.773 0.327124 1.17936 
740.849 0.531876 1.39617 
741.799 0.682348 1.56524 
742.631 0.807017 1.69529 
743.342 0.908432 1.81963 
744.112 1.0326 2.01732 
742.575 3.42088 1.89216 
344.491 -7.95795 -4.17734 
360.046 -8.02765 -4.37456 
375.513 -8.1499 -4.57854 
390.964 -8.29227 -4.79478 
406.416 -8.44416 -5.02226 
421.863 -8.59836 -5.26008 
437.284 -8.74936 -5.50546 
452.646 -8.89095 -5.75458 
467.908 -9.01845 -6.00257 
483.025 -9.12529 -6.24326 
497.944 -9.20627 -6.46978 
512.61 -9.2553 -6.6744 
526.971 -9.26825 -6.84898 
540.972 -9.23955 -6.98912 
554.56 -9.16737 -7.08526 
567.688 -9.04813 -7.13215 
580.312 -8.87953 -7.12648 
592.394 -8.66338 -7.06297 
603.904 -8.39907 -6.94201 
614.82 -8.09193 -6.76246 
625.129 -7.74436 -6.52757 
634.831 -7.36467 -6.2418 
643.934 -6.95854 -5.91376 
652.449 -6.53066 -5.54788 
660.388 -6.08359 -5.15006 
667.755 -5.61716 -4.72168 
674.556 -5.13464 -4.26209 
680.808 -4.64343 -3.77562 
686.55 -4.15206 -3.27504 
691.823 -3.66734 -2.77036 
696.65 -3.18696 -2.25551 
701.075 -2.71614 -1.72068 
705.182 -2.26872 -1.17657 
709.08 -1.86193 -0.646392 
712.862 -1.50497 -0.153136 
716.591 -1.19746 0.277261 
720.246 -0.915957 0.622169 
723.659 -0.611866 0.900466 
726.604 -0.258725 1.17489 
729.024 0.100373 1.46474 
730.997 0.432572 1.7217 
732.433 0.790076 1.94476 
733.161 1.18645 2.2072 
733.361 1.50746 2.51262 
733.461 1.68573 2.78222 
733.658 1.79844 2.99104 
733.854 1.96452 3.20794 
733.718 2.39219 3.6173 
732.919 3.1526 4.64354 
730.562 5.30501 4.98044 
361.544 -8.57883 -4.68614 
377.99 -8.70479 -4.98217 
394.392 -8.91882 -5.29249 
410.847 -9.16126 -5.62905 
427.371 -9.42207 -5.99174 
443.952 -9.69291 -6.3782 
460.562 -9.96479 -6.78495 
477.148 -10.2273 -7.20505 
493.645 -10.4693 -7.62711 
509.972 -10.6758 -8.03582 
526.038 -10.8339 -8.41476 
541.745 -10.9297 -8.74611 
556.992 -10.951 -9.01038 
571.685 -10.889 -9.18989 
585.731 -10.7317 -9.2697 
599.046 -10.4778 -9.23804 
611.559 -10.1235 -9.08453 
623.212 -9.66898 -8.80397 
633.968 -9.12163 -8.39631 
643.805 -8.48835 -7.86456 
652.725 -7.78278 -7.21821 
660.756 -7.02224 -6.46957 
667.953 -6.22791 -5.6382 
674.385 -5.41804 -4.75415 
680.122 -4.61064 -3.8495 
685.199 -3.80407 -2.9477 
689.605 -2.98766 -2.04328 
693.322 -2.16392 -1.10625 
696.436 -1.36616 -0.138298 
699.126 -0.63089 0.788806 
701.47 0.0550053 1.62341 
703.382 0.729146 2.42565 
704.879 1.37947 3.25784 
706.18 1.95893 4.08812 
707.498 2.45448 4.87714 
708.987 2.86039 5.61086 
710.79 3.17313 6.23213 
712.826 3.46503 6.6681 
714.561 3.87351 7.01383 
715.616 4.33523 7.42285 
716.327 4.65226 7.79944 
716.913 4.8996 7.97917 
716.798 5.2756 8.0974 
715.851 5.59602 8.3106 
714.883 5.6548 8.50883 
714.288 5.66326 8.64701 
713.673 5.90619 8.84746 
711.786 7.04435 9.34463 
704.73 10.5421 11.8231 
695.551 15.1957 15.5338 
380.841 -9.50958 -5.46386 
398.628 -9.75104 -5.93301 
416.49 -10.1426 -6.44578 
434.553 -10.5849 -7.0177 
452.83 -11.0632 -7.64366 
471.301 -11.5607 -8.31406 
489.911 -12.0566 -9.01165 
508.565 -12.5226 -9.71212 
527.131 -12.9243 -10.3805 
545.433 -13.2208 -10.9747 
563.269 -13.3735 -11.4425 
580.422 -13.3434 -11.7323 
596.67 -13.096 -11.792 
611.811 -12.6123 -11.581 
625.661 -11.8779 -11.0709 
638.078 -10.8972 -10.2458 
648.955 -9.67959 -9.10715 
658.229 -8.25081 -7.67283 
665.888 -6.64604 -5.97171 
671.966 -4.90333 -4.0457 
676.536 -3.06661 -1.94042 
679.711 -1.17809 0.296676 
681.645 0.718304 2.62216 
682.539 2.57564 4.99258 
682.654 4.33769 7.34538 
682.261 5.95646 9.58045 
681.507 7.43275 11.5843 
680.273 8.83261 13.348 
678.339 10.1854 15.0492 
675.962 11.3685 16.7823 
673.832 12.2823 18.286 
671.982 13.078 19.3888 
669.801 13.8812 20.3579 
667.325 14.5744 21.3593 
665.074 15.1079 22.2732 
663.179 15.5735 23.1352 
661.783 15.9581 24.0401 
661.291 16.2111 24.8392 
661.33 16.6044 25.3369 
660.633 17.2315 25.7878 
659.413 17.5459 26.3223 
659.084 17.37 26.5014 
659.229 17.2902 26.1049 
658.316 17.3168 25.6691 
657.252 16.9477 25.2903 
656.724 16.6498 24.9399 
655.713 16.925 24.8559 
652.65 18.0736 24.9536 
641.124 22.163 23.8691 
629.637 125132 147270 
403.628 -11.0104 -6.76522 
423.594 -11.5201 -7.58469 
443.952 -12.2945 -8.51575 
464.847 -13.1514 -9.56424 
486.25 -14.0525 -10.6956 
508.055 -14.9357 -11.851 
530.058 -15.71 -12.9384 
551.955 -16.264 -13.8355 
573.339 -16.4689 -14.3954 
593.727 -16.2034 -14.467 
612.593 -15.3672 -13.9137 
629.423 -13.903 -12.6341 
643.774 -11.8026 -10.5894 
655.311 -9.11847 -7.80056 
663.839 -5.9395 -4.35161 
669.296 -2.38966 -0.373881 
671.747 1.39047 3.97131 
671.366 5.25833 8.51336 
668.423 9.07719 13.0848 
663.254 12.7293 17.5346 
656.231 16.1194 21.7352 
647.741 19.1818 25.5959 
638.157 21.881 29.0564 
627.819 24.2144 32.1084 
617.066 26.1924 34.802 
606.321 27.8192 37.2245 
596.164 29.0655 39.3757 
587.065 29.9483 41.0281 
578.655 30.69 41.9856 
569.899 31.408 42.7456 
561.354 31.7317 43.7845 
554.824 31.6039 44.4597 
549.573 31.6418 44.5263 
543.99 31.8139 44.6138 
538.759 31.6707 44.7488 
534.381 31.4909 44.7161 
530.247 31.4884 44.7737 
526.55 31.4592 45.1837 
524.083 31.441 45.6892 
521.699 31.8501 45.9175 
518.788 32.0355 46.0726 
516.855 31.4539 46.4941 
518.495 30.3595 46.0933 
520.806 29.7925 44.88 
522.395 29.1575 43.8974 
524.216 28.7262 43.1217 
524.317 29.1307 42.6527 
521.736 30.0808 42.0437 
511.058 33.7102 43.5756 
503.14 37.7607 51.6201 
432.604 -13.7778 -9.32261 
456.554 -14.9725 -10.9052 
481.647 -16.5557 -12.7002 
507.79 -18.1002 -14.5546 
534.54 -19.3627 -16.1802 
561.207 -20.0202 -17.1996 
586.875 -19.7411 -17.2173 
610.486 -18.2712 -15.9055 
630.96 -15.4822 -13.0973 
647.302 -11.4096 -8.8151 
658.717 -6.23331 -3.26349 
664.671 -0.246899 3.22993 
664.964 6.18713 10.2739 
659.76 12.6844 17.4514 
649.572 18.8765 24.3595 
635.168 24.4588 30.6453 
617.448 29.2108 36.0606 
597.367 33.0128 40.4548 
575.849 35.8266 43.7845 
553.741 37.6923 46.0844 
531.75 38.7147 47.467 
510.446 39.0247 48.0644 
490.238 38.7665 48.0373 
471.391 38.0897 47.5218 
454.004 37.1283 46.6356 
438.007 36.026 45.5165 
423.334 34.8781 44.421 
410.363 33.6612 43.6552 
399.934 32.3543 43.0153 
391.532 31.3469 41.6948 
382.602 30.726 40.4565 
374.551 29.5168 40.151 
369.965 28.2725 39.5189 
366.04 27.8781 38.5446 
361.525 27.3444 38.035 
358.35 26.5284 37.4619 
355.629 26.1196 36.7666 
352.411 25.8413 36.2041 
349.168 25.5078 35.8139 
345.509 25.8475 36.1629 
343.198 25.3591 35.888 
340.685 25.0737 35.3785 
340.747 24.0435 36.8024 
347.054 22.6446 36.1827 
352.62 22.581 35.2815 
356.243 23.1485 35.5948 
358.124 23.716 35.3849 
358.028 23.6471 34.6644 
352.519 26.6966 30.4902 
346.701 131669 174533 
474.319 -19.2624 -14.6531 
505.395 -21.414 -17.0579 
538.09 -23.1303 -18.8193 
570.9 -23.4404 -19.201 
601.795 -21.7863 -17.5519 
628.423 -17.8103 -13.5161 
648.437 -11.5417 -7.14022 
659.956 -3.41176 1.14187 
661.939 5.85002 10.6084 
654.348 15.3661 20.3764 
638.106 24.2502 29.5186 
614.783 31.7704 37.2028 
586.169 37.4831 42.9092 
554.046 41.2368 46.5188 
520.179 43.0892 48.2025 
486.267 43.263 48.2497 
453.703 42.1113 47.0135 
423.444 40.04 44.8953 
396.042 37.4363 42.2696 
371.717 34.6227 39.4508 
350.439 31.8353 36.6487 
332.022 29.2058 34.0054 
316.209 26.8139 31.5913 
302.707 24.6811 29.4382 
291.23 22.8069 27.5498 
281.499 21.1689 25.8677 
273.127 19.7573 24.271 
265.516 18.6031 22.7735 
258.542 17.5657 21.8811 
253.547 16.4284 21.5775 
250.276 15.9546 20.5755 
245.618 15.7778 19.5944 
242.195 14.4143 19.5995 
241.272 14.0205 19.3457 
239.453 14.2728 18.8499 
238.002 13.3614 18.6552 
237.524 13.1286 18.4061 
236.74 12.9855 18.0175 
235.74 12.5325 17.5277 
234.741 12.6342 16.6073 
240.139 46708.9 80858.9 
234.356 12.2319 15.6246 
237.899 52104.9 80074.9 
244.225 42116.6 89148.4 
241.768 11.8066 17.6384 
242.347 11.974 18.5143 
244.208 12.202 18.6512 
245.796 11.924 18.622 
252.537 9.32454 17.4384 
269.251 42353.6 124671 
538.359 -25.8552 -20.2543 
576.63 -25.6054 -19.2449 
611.965 -21.7098 -14.8348 
639.526 -14.0169 -6.93563 
655.525 -3.3015 3.68398 
657.721 9.04528 15.5659 
645.692 21.3574 27.0031 
620.671 32.1136 36.5452 
585.153 40.2339 43.2782 
542.454 45.187 46.9551 
496.355 46.9005 47.808 
450.675 45.779 46.4509 
408.633 42.5769 43.3761 
371.71 38.2494 39.2043 
339.943 33.6954 34.6096 
312.79 29.3885 30.297 
289.955 25.5198 26.5081 
271.041 22.1685 23.257 
255.478 19.3405 20.5185 
242.694 16.986 18.2235 
232.167 15.0296 16.3038 
223.466 13.4021 14.6964 
216.248 12.0378 13.3451 
210.246 10.8861 12.2017 
205.243 9.90745 11.2241 
201.079 9.06004 10.3921 
197.676 8.30754 9.6966 
194.977 7.62089 9.02546 
192.571 7.03629 8.06829 
189.819 6.44052 7.12571 
187.983 5.49834 7.00911 
191.142 5796.43 8218.57 
185.783 5.35562 5.94095 
184.066 4.62573 5.89585 
187.29 976.545 1603.15 
183.288 4.77651 5.81594 
182.815 4.2253 5.88441 
182.868 4.16016 5.91717 
183.698 3.85812 6.02842 
186.067 3.11857 6.52931 
193.232 3.00515 10.1216 
193.401 7.10329 7.40015 
196.446 2.75219 7.32703 
201.787 2.53084 9.14917 
194.714 10.3569 7.72335 
187.933 5.48356 7.25709 
187.895 4.71647 7.56103 
190.621 3.96014 7.6309 
197.519 2.33842 8.98187 
219.354 -211.193 58374.8 
615.652 -18.7528 -10.5132 
641.163 -8.98063 0.46635 
650.163 5.82599 13.9052 
638.854 21.5916 27.4108 
608.574 35.4075 38.6472 
563.904 45.1405 46.0401 
511.226 49.819 49.081 
457.062 49.5886 47.8918 
406.044 45.7324 43.5376 
360.605 39.9663 37.5185 
321.443 33.7418 31.0817 
288.177 28.1626 25.6227 
261.16 23.0172 21.5554 
241.123 18.5969 17.7778 
226.146 15.1815 14.9572 
214.799 12.5878 12.2826 
205.277 10.6148 10.2987 
197.519 8.88918 8.70447 
191.384 7.4061 7.28723 
186.561 6.1067 6.02411 
182.805 4.96033 4.86361 
179.898 3.94694 3.78894 
177.666 3.05425 2.80784 
175.974 2.27522 1.93757 
174.719 1.60803 1.19581 
173.821 1.05352 0.597492 
173.212 0.617295 0.157067 
172.844 0.300062 -0.0988232 
172.78 0.0861163 -0.111027 
173.089 0.0119523 0.0690177 
173.381 0.0666342 0.167914 
174.722 -0.0381374 1.84152 
174.523 1.87935 0.91371 
173.239 0.111212 -0.0739059 
173.986 -0.180931 1.18429 
173.675 1.33625 0.340106 
172.46 -0.12963 -0.478662 
172.35 -0.311723 -0.461101 
172.478 -0.335322 -0.338341 
172.725 -0.248831 -0.0869654 
172.977 -0.307216 0.188934 
173.628 0.044938 0.651426 
175.482 -0.175302 2.26662 
178.533 2.46665 2.98136 
174.449 2.5288 0.764473 
172.652 0.247071 -0.318273 
172.469 -0.365577 -0.261637 
173.372 -0.461667 0.565163 
175.914 -0.266439 2.14663 
183.222 -0.451021 8.66248 
630.378 15.8446 21.5109 
605.473 32.6091 37.5358 
560.656 46.7089 47.6967 
502.599 53.2417 50.8253 
440.286 52.6471 47.899 
380.73 47.1449 41.218 
328.235 39.5933 33.9597 
285.99 31.4327 27.6329 
255.636 23.8959 21.4668 
234.025 18.0604 16.289 
218.131 13.7517 12.0332 
205.758 10.4741 8.94483 
195.225 7.49672 4.15529 
187.608 3.56089 2.09967 
182.867 2.6643 1.37664 
178.896 2.07601 1.21228 
175.454 2.19114 1.48202 
173.708 1.11689 0.386997 
172.733 0.358734 -0.275332 
172.313 -0.106784 -0.557891 
172.234 -0.309508 -0.570685 
172.321 -0.35094 -0.471155 
172.471 -0.324093 -0.348412 
172.634 -0.273043 -0.239758 
172.786 -0.216292 -0.152656 
172.916 -0.161333 -0.084928 
173.021 -0.111562 -0.0345688 
173.093 -0.0697983 -0.00517008 
173.123 -0.0405558 -0.000739922 
173.12 -0.0292444 -0.00035099 
173.127 -0.0212272 0.00545901 
173.057 -0.0194776 -0.085972 
172.912 -0.115629 -0.178292 
173.065 -0.0870777 -0.030816 
173.107 -0.0236143 -0.0419712 
173.027 -0.0826084 -0.108428 
173.161 -0.0506998 -0.00182218 
173.211 -0.00306561 0.0285338 
173.215 0.0117377 0.0211045 
173.192 0.00982342 0.000156671 
173.153 -0.0007547 -0.0268833 
173.1 0.00185882 -0.0474203 
172.999 -0.0503182 -0.110675 
172.866 -0.118807 -0.119201 
172.895 -0.0951328 -0.177535 
173.053 -0.140042 -0.059293 
173.143 -0.030476 -0.0154464 
173.126 0.00556644 -0.0453726 
172.971 0.01315 -0.108117 
172.679 -0.305691 -0.450548 
506.158 71.6333 73.9248 
430.906 68.0872 66.3762 
362.405 57.1178 53.0082 
307.199 43.803 39.5199 
266.056 31.9456 28.2554 
236.45 22.8598 19.6508 
214.786 16.3377 13.1946 
197.184 10.8734 6.12412 
186.887 4.57216 3.06025 
182.572 2.8702 2.05616 
180.247 2.06208 2.06307 
178.111 2.39508 2.10908 
177.584 1.36692 2.13919 
178.46 1.77923 2.42018 
176.803 1.80249 1.65167 
174.88 1.25381 0.787649 
173.008 0.425219 -0.082065 
172.904 -0.196643 -0.0595567 
173.11 -0.0838319 0.038231 
173.227 -0.0117885 0.0792479 
173.273 0.02944 0.087764 
173.275 0.0405224 0.0762935 
173.258 0.0358312 0.0581279 
173.237 0.0269213 0.0404486 
173.219 0.0188205 0.0258655 
173.204 0.0126549 0.0147383 
173.192 0.00814015 0.00678982 
173.184 0.00492515 0.00195614 
173.179 0.0031005 -7.18259e-05 
173.177 0.0025499 -0.00129703 
173.176 0.000966657 -0.000948386 
173.185 0.00057448 0.00676805 
173.195 0.0115837 0.0154256 
173.183 0.00444838 0.00669918 
173.177 -0.00170151 0.000887344 
173.187 0.00825435 0.00933966 
173.178 0.00308454 0.00424579 
173.169 -0.00115668 -0.00368989 
173.17 -0.000497086 -0.00267557 
173.172 -8.51382e-05 -0.00116666 
173.175 0.00083646 0.000823706 
173.176 0.000134419 -0.000716707 
173.182 0.0013847 0.0022783 
173.188 0.00722087 0.0023916 
173.201 0.0103104 0.0221606 
173.185 0.00339598 0.0057409 
173.175 0.000445149 -0.000112504 
173.176 -0.000411417 0.000654896 
173.182 0.00187826 -0.00141536 
173.207 -0.00690118 0.028037 
