+------------------------------ CFD LOVES C++ ---------------------------+
|--------------------DISCONTINUOS GALERKIN METHOD SOLVER-----------------|
|                                  Author                                |
|   Nam Ha Tran.                                                         |
|   Ver 1.00                                                             |
+------------------------------------------------------------------------+
|   This program uses Discontinous Galerkin method to solve 2D problems  |
|   on structural and unstructural mesh.                                 |
+------------------------------------------------------------------------+
	Program ran at (d-m-y_h-m-s) 16-01-2019_14-11-46

	inpoed array

0 0 0 0 1 1 1 1 1 1 2 2 2 2 3 3 3 3 3 3 4 4 5 5 6 6 7 7 8 8 8 8 9 9 9 10 10 10 11 11 11 12 12 12 13 13 13 14 14 14 15 15 15 16 16 16 17 17 17 18 18 18 19 19 19 20 20 20 21 21 21 22 22 22 23 23 23 24 24 24 25 25 25 26 26 26 27 27 27 28 28 28 29 29 29 30 30 30 31 31 31 32 32 32 33 33 33 34 34 34 35 35 35 36 36 36 37 37 37 38 38 38 39 39 39 40 40 40 41 41 41 42 42 42 43 43 43 44 44 44 45 45 45 46 46 47 47 47 48 48 48 49 49 49 50 50 50 51 51 51 52 52 52 53 53 53 54 54 54 55 55 55 56 56 56 57 57 57 58 58 58 59 59 59 60 60 60 61 61 61 62 62 62 63 63 63 64 64 64 65 65 66 66 66 67 67 67 68 68 68 69 69 69 70 70 70 71 71 71 72 72 72 73 73 73 74 74 74 75 75 75 76 76 76 77 77 77 78 78 78 79 79 79 80 80 80 81 81 81 82 82 82 83 83 83 84 84 84 85 85 85 86 86 86 87 87 87 88 88 88 89 89 89 90 90 90 91 91 91 92 92 92 93 93 93 94 94 94 95 95 95 96 96 96 97 97 97 98 98 98 99 99 99 100 100 100 101 101 101 102 102 102 103 103 103 104 104 105 105 105 106 106 106 107 107 107 108 108 108 109 109 109 110 110 110 111 111 111 112 112 112 113 113 113 114 114 114 115 115 115 116 116 116 117 117 117 118 118 118 119 119 119 120 120 120 121 121 121 122 122 122 123 124 124 124 125 125 125 126 126 126 127 127 127 128 128 128 129 129 129 130 130 130 131 131 131 132 132 132 133 133 133 134 134 134 135 135 135 136 136 136 137 137 137 138 138 138 139 139 139 140 140 140 141 141 141 142 142 142 143 143 143 144 144 144 145 145 145 146 146 146 147 147 147 148 148 149 149 149 150 150 150 151 151 151 152 152 152 153 153 153 154 154 154 155 155 155 156 156 156 157 157 157 158 158 158 159 159 159 160 160 160 161 161 161 162 162 162 163 163 163 164 164 164 165 165 165 166 166 166 167 167 167 168 168 168 169 169 169 170 170 170 171 171 171 172 172 172 173 173 174 174 174 175 175 175 176 176 176 177 177 177 178 178 178 179 179 179 180 180 180 181 181 181 182 182 182 183 183 183 184 184 184 185 185 185 186 186 186 187 187 187 188 188 188 189 189 189 190 190 190 191 191 191 192 192 192 193 193 193 194 194 194 195 195 195 196 196 196 197 197 197 198 198 199 199 199 200 200 200 201 201 201 202 202 202 203 203 203 204 204 204 205 205 205 206 206 206 207 207 207 208 208 208 209 209 209 210 210 210 211 211 211 212 212 212 213 213 213 214 214 214 215 215 215 216 216 216 217 217 217 218 218 218 219 219 219 220 220 220 221 221 221 222 222 222 223 223 224 224 224 225 225 225 225 226 226 226 226 227 227 227 227 228 228 228 228 229 229 229 229 230 230 230 230 231 231 231 231 232 232 232 232 233 233 233 233 234 234 234 234 235 235 235 235 236 236 236 236 237 237 237 237 238 238 238 238 239 239 239 239 240 240 240 240 241 241 241 241 242 242 242 242 243 243 243 244 244 244 244 245 245 245 245 246 246 246 246 247 247 247 247 248 248 248 248 249 249 249 249 250 250 250 250 251 251 251 251 252 252 252 253 253 253 253 254 254 254 254 255 255 255 255 256 256 256 256 257 257 257 257 258 258 258 258 259 259 259 259 260 260 260 260 261 261 261 261 262 262 262 262 263 263 263 263 264 264 264 264 265 265 265 265 266 266 266 266 267 267 267 267 268 268 268 268 269 269 269 269 270 270 270 270 271 271 271 272 272 272 272 273 273 273 273 274 274 274 274 275 275 275 275 276 276 276 276 277 277 277 277 278 278 278 278 279 279 279 279 280 280 280 280 281 281 281 281 282 282 282 282 283 283 283 283 284 284 284 284 285 285 285 285 286 286 286 286 287 287 287 287 288 288 288 288 289 289 289 289 290 290 290 290 291 291 291 291 292 292 292 292 293 293 293 293 294 294 294 294 295 295 295 295 296 296 296 296 297 297 297 297 298 298 298 298 299 299 299 299 300 300 300 300 301 301 301 301 302 302 302 302 303 303 303 303 304 304 304 304 305 305 305 305 306 306 306 306 307 307 307 307 308 308 308 308 309 309 309 309 310 310 310 310 311 311 311 311 312 312 312 312 313 313 313 313 314 314 314 314 315 315 315 315 316 316 316 316 317 317 317 317 318 318 318 318 319 319 319 319 320 320 320 320 321 321 321 321 322 322 322 322 323 323 323 323 324 324 324 324 325 325 325 325 326 326 326 326 327 327 327 327 328 328 328 328 329 329 329 329 330 330 330 330 331 331 331 331 332 332 333 333 334 334 335 335 336 336 337 337 338 338 339 339 340 340 341 341 342 342 343 343 344 344 345 345 346 346 347 347 348 348 349 349 350 350 351 352 352 353 353 354 354 355 355 356 356 357 357 358 358 359 359 360 361 361 362 362 363 363 364 364 365 365 366 366 367 367 368 368 369 369 370 370 371 371 372 372 373 373 374 374 375 375 376 376 377 377 378 378 379 380 380 381 381 382 382 383 383 384 384 385 385 386 386 387 387 388 389 389 390 390 391 391 392 392 393 393 394 394 395 395 396 396 397 397 398 398 399 399 400 400 401 401 401 401 401 402 402 402 403 403 404 404 405 405 406 406 407 407 408 408 409 409 410 410 411 411 412 412 413 413 414 414 415 415 416 416 417 417 418 418 419 419 420 420 421 421 422 422 423 423 424 424 425 425 426 426 427 427 428 428 428 428 429 429 429 430 430 431 431 432 432 433 433 434 434 435 435 436 436 437 437 438 438 439 439 440 440 441 441 442 442 442 443 443 443 443 444 444 444 444 445 445 445 445 446 446 446 446 447 447 447 447 448 448 448 448 449 449 449 449 450 450 450 450 451 451 451 451 452 452 452 452 453 453 453 454 454 455 455 455 455 456 456 456 456 457 457 457 457 458 458 458 458 459 459 459 459 460 460 460 460 461 461 461 461 462 462 462 462 463 463 463 463 464 464 464 464 465 465 465 465 466 466 466 466 467 467 468 468 469 469 470 470 470 470 471 471 471 472 472 472 472 473 473 473 473 474 474 474 474 475 475 475 475 476 476 477 477 477 477 478 478 479 480 480 480 480 481 481 482 482 482 482 483 483 483 483 484 484 484 484 485 485 485 485 486 486 486 486 487 487 487 487 488 488 488 488 489 489 489 489 490 490 490 490 491 491 491 491 492 492 492 492 493 493 493 493 494 494 494 494 495 495 495 495 496 497 497 497 497 498 498 498 499 499 500 500 500 500 501 501 501 502 502 502 502 503 503 504 504 504 505 505 505 505 506 506 506 506 507 507 507 508 508 508 508 509 509 509 509 510 510 510 511 511 512 512 512 512 513 513 513 513 514 514 514 514 515 515 515 516 516 517 517 518 518 518 519 519 519 519 520 520 520 520 521 521 521 521 522 522 522 522 523 523 523 523 524 524 524 524 525 525 525 525 526 526 526 526 527 527 527 527 528 528 529 529 529 529 530 530 531 531 531 531 532 532 533 533 533 533 534 534 534 534 535 535 535 535 536 536 537 537 537 537 538 538 538 538 539 539 539 539 540 540 540 541 541 541 541 542 542 542 543 543 543 544 544 544 545 545 545 545 546 546 546 546 547 547 547 548 548 549 549 550 550 550 550 551 551 551 551 552 552 552 552 553 553 553 553 554 554 554 554 555 555 555 555 556 556 556 556 557 557 557 558 558 558 558 559 559 559 559 560 560 560 560 561 561 561 561 562 562 562 562 563 563 563 563 564 564 564 564 565 565 565 566 566 566 567 567 567 567 568 568 568 569 569 569 569 570 570 571 571 572 572 573 573 573 574 574 574 575 575 576 576 577 577 577 578 578 579 579 579 579 580 580 580 581 581 582 582 582 583 583 584 584 585 585 585 585 586 586 587 587 588 588 589 589 590 590 591 591 592 592 593 593 594 594 595 595 596 596 597 597 598 598 599 599 600 600 601 601 602 602 603 603 604 604 605 605 606 606 607 607 608 608 609 609 610 610 611 611 612 612 613 613 614 614 615 615 616 616 617 617 618 618 619 619 620 620 621 621 621 622 622 623 623 623 623 624 624 625 625 626 626 627 627 628 628 629 629 630 630 631 631 631 632 632 632 632 633 633 633 633 634 634 634 635 635 636 636 637 637 637 638 638 639 639 640 640 641 641 642 642 643 643 644 645 645 646 646 647 647 648 648 649 649 650 650 651 651 652 652 652 653 653 653 654 654 654 655 655 655 656 656 657 657 658 658 659 659 659 660 660 661 661 661 661 662 662 662 663 663 663 663 664 664 664 664 665 665 665 665 666 666 666 666 667 667 667 667 668 668 668 668 669 669 669 669 670 670 670 670 671 671 671 671 672 672 672 672 673 673 673 673 674 674 674 674 675 675 675 675 676 676 676 676 677 677 677 677 678 678 678 679 679 680 680 680 680 681 681 681 681 682 682 682 682 683 683 683 683 684 684 684 684 685 686 686 686 686 687 687 687 687 688 688 688 688 689 689 689 689 690 690 690 691 691 691 691 692 692 693 693 694 694 694 695 695 695 695 696 696 696 696 697 697 697 697 698 698 699 699 699 699 700 700 700 700 701 701 701 701 702 702 702 702 703 703 703 703 704 704 704 704 705 705 706 706 707 707 707 707 708 708 708 708 709 709 710 710 710 710 711 711 711 711 712 712 712 713 713 713 714 714 714 715 715 716 716 716 717 717 717 717 718 719 719 719 720 720 720 721 721 721 722 722 722 722 723 723 723 724 724 724 725 725 725 725 726 726 726 727 727 727 727 728 728 728 728 729 729 729 730 730 730 731 731 732 732 732 733 733 733 734 734 734 734 735 735 735 735 736 736 736 737 737 737 737 738 738 738 738 739 739 740 740 740 741 741 741 741 742 742 742 742 743 743 743 743 744 744 744 745 745 746 746 746 747 747 747 748 748 749 749 749 750 750 750 751 751 751 751 752 752 752 752 753 753 753 754 754 754 754 755 755 755 755 756 756 756 757 757 757 757 758 758 759 759 760 760 760 761 761 761 761 762 762 763 763 763 763 764 764 764 764 765 765 765 765 766 766 766 766 767 767 767 768 768 768 768 769 769 770 770 770 770 771 771 771 772 772 773 773 774 774 774 774 775 775 775 776 776 776 777 777 777 778 778 778 778 779 779 780 780 780 780 781 781 781 782 782 782 783 783 783 784 784 785 785 786 786 786 787 787 788 788 788 789 789 790 790 791 791 791 792 792 793 793 794 794 795 795 795 796 796 796 797 797 798 798 798 799 799 799 800 800 800 800 801 801 801 801 802 802 802 803 803 804 804 805 805 806 806 807 807 808 808 809 809 810 810 810 810 811 811 812 812 813 813 814 814 815 815 816 816 817 817 818 818 819 819 820 820 820 821 821 822 822 823 823 823 824 824 825 825 826 826 826 826 827 827 827 828 828 829 829 829 830 830 830 831 831 831 831 832 832 832 833 833 833 834 834 834 835 835 836 837 837 837 838 838 839 839 839 839 840 840 840 841 841 841 842 842 842 843 843 844 844 844 845 845 846 847 847 847 848 849 849 850 850 850 851 851 851 852 852 853 853 854 854 855 855 855 856 856 857 857 857 858 858 858 859 860 860 860 861 861 861 862 862 863 863 864 864 865 865 866 866 867 867 867 868 869 869 869 870 870 870 870 871 871 871 871 872 872 872 872 873 873 873 873 874 874 874 874 875 875 875 875 876 876 876 876 877 877 877 877 878 878 878 879 879 879 879 880 880 880 880 881 881 881 881 882 882 882 882 883 883 883 883 884 884 884 884 885 885 885 886 886 886 886 887 887 887 887 888 888 888 888 889 889 890 890 890 890 891 891 891 891 892 892 892 892 893 893 894 894 894 894 895 895 895 896 896 896 896 897 897 897 897 898 898 898 898 899 899 899 899 900 900 900 900 901 901 902 902 902 902 903 903 903 904 904 904 904 905 906 906 906 906 907 907 907 907 908 908 908 908 909 910 911 911 911 911 912 912 912 912 913 913 913 913 914 914 914 914 915 915 916 916 916 917 918 918 918 919 919 919 920 920 920 920 921 921 921 921 922 922 923 923 923 924 924 924 925 925 925 925 926 926 926 926 927 927 927 927 928 928 928 929 929 929 930 930 930 930 931 931 931 931 932 932 933 933 933 933 934 934 934 934 935 935 935 936 936 937 937 937 937 938 938 939 939 939 940 940 940 941 941 942 942 942 943 943 944 944 944 944 945 945 945 946 946 946 946 947 947 947 948 948 948 949 949 949 949 950 950 951 951 952 952 953 953 953 953 954 954 954 955 955 956 956 957 957 958 958 958 959 959 959 960 960 960 960 961 961 962 962 963 963 963 963 964 964 964 965 965 966 966 966 966 967 967 968 968 968 969 969 969 969 970 970 970 971 971 972 972 973 973 973 974 974 975 975 976 976 976 977 977 977 978 978 978 979 979 979 980 980 980 981 981 981 981 982 982 983 983 984 984 984 985 985 985 986 986 986 986 987 987 987 987 988 988 988 989 989 989 990 990 991 991 991 992 992 992 993 993 993 994 994 995 995 996 996 997 997 998 998 998 999 999 1000 1000 1000 1000 1001 1001 1001 1002 1002 1003 1003 1003 1003 1004 1004 1005 1005 1005 1006 1006 1006 1007 1007 1008 1008 1008 1009 1009 1010 1010 1011 1012 1012 1013 1013 1014 1014 1015 1015 1015 1015 1016 1016 1017 1017 1017 1017 1018 1018 1018 1019 1019 1019 1020 1020 1021 1021 1022 1022 1023 1023 1023 1024 1024 1025 1025 1025 1026 1026 1026 1027 1027 1027 1028 1028 1029 1029 1030 1030 1031 1031 1031 1032 1032 1033 1033 1033 1034 1034 1034 1035 1035 1035 1036 1036 1036 1036 1037 1037 1038 1038 1038 1038 1039 1040 1040 1040 1041 1041 1041 1042 1042 1043 1043 1043 1044 1044 1045 1045 1045 1046 1046 1046 1047 1047 1047 1048 1049 1049 1049 1050 1050 1050 1051 1051 1052 1052 1052 1053 1053 1053 1054 1054 1055 1055 1056 1056 1057 1057 1058 1058 1059 1059 1059 1060 1060 1060 1061 1061 1061 1062 1062 1062 1062 1063 1063 1063 1063 1064 1064 1064 1064 1065 1065 1065 1066 1066 1066 1066 1067 1067 1067 1067 1068 1068 1068 1068 1069 1069 1069 1069 1070 1070 1071 1071 1071 1071 1072 1072 1072 1072 1073 1073 1073 1073 1074 1074 1075 1075 1075 1075 1076 1076 1076 1076 1077 1077 1077 1078 1078 1078 1078 1079 1079 1079 1080 1080 1080 1080 1081 1081 1081 1082 1082 1082 1082 1083 1084 1084 1084 1084 1085 1085 1085 1085 1086 1086 1086 1086 1087 1087 1087 1087 1088 1088 1089 1089 1089 1089 1090 1090 1090 1091 1091 1091 1092 1092 1092 1093 1094 1094 1094 1094 1095 1095 1095 1095 1096 1096 1096 1097 1097 1097 1098 1098 1098 1098 1099 1099 1099 1099 1100 1100 1100 1100 1101 1101 1102 1102 1103 1103 1103 1103 1104 1104 1104 1104 1105 1105 1106 1106 1106 1106 1107 1107 1107 1107 1108 1108 1108 1108 1109 1109 1109 1109 1110 1110 1110 1110 1111 1111 1111 1112 1112 1112 1113 1113 1113 1114 1114 1114 1115 1115 1115 1115 1116 1116 1116 1117 1117 1118 1118 1118 1118 1119 1119 1119 1120 1120 1121 1121 1121 1121 1122 1122 1122 1123 1123 1123 1123 1124 1124 1124 1125 1125 1125 1125 1126 1126 1127 1127 1127 1128 1128 1129 1129 1130 1130 1130 1131 1131 1132 1132 1132 1133 1133 1133 1134 1134 1135 1135 1136 1136 1137 1137 1137 1138 1138 1138 1138 1139 1139 1139 1140 1140 1141 1141 1141 1142 1142 1142 1142 1143 1143 1144 1144 1145 1145 1146 1146 1146 1146 1147 1147 1148 1149 1149 1150 1150 1151 1151 1151 1151 1152 1152 1153 1153 1154 1154 1154 1155 1155 1156 1156 1157 1157 1158 1158 1158 1159 1159 1160 1160 1160 1160 1161 1161 1161 1162 1162 1163 1163 1164 1164 1164 1164 1165 1165 1165 1166 1166 1166 1166 1167 1167 1167 1168 1168 1168 1168 1169 1169 1169 1169 1170 1170 1170 1170 1171 1171 1172 1172 1172 1172 1173 1173 1173 1174 1174 1175 1175 1175 1176 1176 1176 1177 1177 1177 1178 1178 1178 1179 1179 1180 1180 1180 1181 1181 1181 1181 1182 1182 1182 1183 1183 1184 1184 1184 1185 1185 1185 1186 1186 1187 1187 1188 1188 1189 1189 1190 1190 1190 1190 1191 1191 1192 1192 1192 1192 1193 1193 1193 1194 1194 1195 1195 1195 1196 1196 1196 1197 1197 1198 1198 1199 1199 1199 1200 1201 1201 1201 1202 1202 1202 1202 1203 1203 1203 1204 1204 1205 1205 1205 1206 1207 1207 1208 1208 1209 1209 1209 1210 1210 1210 1210 1211 1211 1211 1212 1212 1213 1213 1213 1214 1214 1214 1215 1215 1215 1216 1216 1216 1217 1217 1218 1218 1218 1219 1219 1219 1219 1220 1220 1220 1221 1221 1221 1222 1222 1222 1223 1223 1223 1223 1224 1225 1225 1226 1226 1226 1227 1227 1228 1228 1228 1229 1229 1230 1230 1230 1230 1231 1231 1231 1232 1232 1232 1233 1233 1234 1234 1234 1235 1235 1235 1236 1236 1237 1237 1238 1238 1238 1239 1239 1240 1240 1240 1241 1241 1242 1242 1243 1243 1243 1243 1244 1244 1244 1245 1245 1245 1246 1246 1246 1246 1247 1247 1247 1247 1248 1248 1248 1248 1249 1249 1249 1250 1250 1251 1251 1251 1251 1252 1252 1252 1252 1253 1253 1254 1254 1254 1254 1255 1255 1255 1255 1256 1256 1257 1257 1257 1258 1258 1259 1259 1259 1259 1260 1260 1261 1261 1261 1261 1262 1262 1262 1262 1263 1263 1263 1263 1264 1264 1264 1264 1265 1265 1265 1265 1266 1266 1266 1267 1267 1268 1268 1268 1269 1269 1269 1269 1270 1270 1270 1270 1271 1271 1271 1271 1272 1272 1272 1272 1273 1273 1274 1274 1274 1274 1275 1275 1275 1275 1276 1276 1276 1276 1277 1277 1278 1278 1278 1278 1279 1279 1279 1279 1280 1280 1280 1280 1281 1281 1281 1281 1282 1282 1282 1283 1283 1283 1283 1284 1284 1284 1285 1285 1285 1285 1286 1286 1287 1287 1287 1288 1288 1288 1288 1289 1289 1289 1289 1290 1290 1290 1291 1291 1291 1291 1292 1292 1292 1292 1293 1293 1293 1294 1294 1294 1294 1295 1295 1295 1296 1296 1297 1297 1298 1298 1298 1299 1299 1300 1300 1300 1301 1301 1301 1301 1302 1302 1302 1302 1303 1303 1303 1304 1304 1304 1304 1305 1305 1305 1305 1306 1306 1307 1307 1308 1308 1308 1309 1309 1310 1310 1310 1311 1311 1311 1312 1312 1313 1313 1314 1314 1315 1315 1316 1316 1316 1317 1317 1317 1318 1318 1318 1319 1319 1319 1320 1320 1321 1321 1322 1322 1322 1322 1323 1323 1324 1324 1325 1325 1325 1326 1326 1326 1326 1327 1327 1328 1328 1328 1329 1329 1329 1329 1330 1330 1330 1330 1331 1331 1331 1332 1332 1332 1332 1333 1333 1333 1333 1334 1334 1334 1334 1335 1335 1335 1336 1336 1336 1336 1337 1337 1337 1338 1338 1338 1339 1339 1339 1340 1340 1340 1341 1341 1341 1341 1342 1342 1342 1342 1343 1343 1344 1344 1344 1345 1345 1346 1346 1346 1347 1347 1347 1348 1348 1348 1348 1349 1349 1350 1350 1350 1351 1351 1351 1352 1352 1352 1352 1353 1354 1354 1354 1354 1355 1355 1355 1356 1356 1356 1356 1357 1357 1358 1358 1358 1358 1359 1359 1359 1359 1360 1360 1360 1361 1361 1361 1362 1362 1362 1362 1363 1363 1363 1363 1364 1364 1365 1365 1366 1366 1367 1367 1367 1368 1368 1368 1369 1369 1370 1370 1371 1371 1372 1372 1372 1373 1373 1374 1374 1374 1374 1375 1376 1376 1377 1377 1378 1378 1379 1380 1380 1380 1380 1381 1381 1381 1382 1382 1383 1383 1383 1384 1384 1384 1385 1385 1385 1386 1386 1386 1386 1387 1387 1388 1388 1389 1389 1389 1390 1390 1391 1391 1391 1392 1392 1393 1393 1394 1394 1394 1394 1395 1395 1395 1396 1396 1396 1397 1397 1398 1398 1399 1399 1400 1400 1401 1401 1402 1402 1402 1403 1403 1403 1404 1404 1404 1405 1405 1406 1406 1407 1407 1408 1408 1408 1408 1409 1409 1410 1410 1410 1410 1411 1411 1412 1412 1412 1412 1413 1413 1413 1413 1414 1414 1414 1414 1415 1415 1416 1416 1416 1416 1417 1417 1417 1417 1418 1418 1418 1419 1419 1419 1419 1420 1420 1420 1420 1421 1421 1421 1421 1422 1422 1422 1422 1423 1423 1423 1423 1424 1424 1425 1425 1425 1426 1426 1426 1427 1427 1427 1427 1428 1428 1429 1430 1430 1430 1430 1431 1431 1431 1432 1432 1432 1432 1433 1433 1433 1433 1434 1434 1434 1434 1435 1435 1435 1436 1436 1436 1437 1437 1437 1437 1438 1438 1438 1438 1439 1439 1439 1440 1440 1440 1440 1441 1441 1442 1442 1442 1442 1443 1443 1443 1443 1444 1444 1445 1445 1445 1445 1446 1446 1446 1446 1447 1447 1447 1448 1448 1449 1449 1450 1450 1450 1450 1451 1451 1451 1451 1453 1453 1453 1453 1454 1454 1454 1455 1456 1456 1456 1456 1457 1457 1457 1458 1458 1458 1459 1459 1459 1460 1460 1460 1460 1461 1461 1461 1461 1462 1462 1463 1463 1464 1464 1464 1464 1465 1465 1466 1466 1466 1467 1467 1467 1467 1468 1468 1469 1469 1470 1470 1470 1471 1471 1472 1472 1473 1473 1474 1474 1474 1475 1476 1476 1476 1477 1477 1477 1478 1478 1478 1479 1479 1479 1479 1480 1481 1481 1481 1482 1482 1482 1483 1483 1483 1484 1484 1485 1486 1486 1486 1486 1487 1487 1487 1487 1488 1488 1488 1489 1489 1489 1490 1490 1492 1492 1493 1493 1494 1494 1495 1495 1496 1496 1496 1496 1497 1497 1497 1498 1498 1498 1499 1499 1499 1499 1500 1500 1500 1500 1501 1501 1502 1502 1502 1503 1503 1503 1504 1504 1504 1505 1505 1505 1505 1505 1506 1507 1507 1507 1508 1508 1508 1509 1509 1509 1509 1510 1510 1510 1511 1511 1512 1512 1512 1513 1513 1513 1513 1514 1514 1514 1514 1515 1515 1515 1516 1516 1517 1517 1517 1518 1518 1519 1519 1519 1520 1520 1520 1522 1522 1522 1523 1523 1523 1524 1524 1524 1524 1525 1525 1525 1526 1526 1526 1526 1527 1527 1527 1527 1528 1528 1528 1529 1529 1529 1530 1530 1530 1530 1531 1531 1531 1532 1532 1532 1532 1533 1533 1533 1534 1535 1535 1536 1536 1536 1537 1537 1537 1538 1538 1538 1538 1539 1539 1540 1540 1540 1541 1541 1542 1542 1542 1543 1543 1543 1544 1544 1545 1545 1545 1546 1546 1546 1547 1547 1548 1548 1548 1548 1549 1549 1549 1549 1550 1551 1552 1552 1552 1553 1553 1554 1554 1554 1555 1555 1555 1556 1556 1556 1557 1557 1558 1558 1558 1559 1559 1560 1560 1560 1560 1561 1561 1561 1562 1562 1563 1563 1564 1564 1564 1565 1565 1566 1566 1567 1567 1568 1568 1568 1569 1569 1570 1570 1571 1571 1571 1571 1572 1572 1573 1573 1573 1573 1574 1574 1574 1574 1575 1575 1576 1576 1576 1577 1577 1577 1577 1577 1578 1578 1578 1578 1579 1579 1579 1579 1580 1580 1580 1580 1581 1581 1581 1581 1582 1582 1582 1582 1583 1583 1584 1584 1584 1584 1585 1585 1585 1585 1585 1586 1586 1586 1586 1587 1587 1587 1587 1588 1588 1588 1588 1589 1589 1589 1589 1590 1590 1590 1591 1591 1591 1592 1592 1593 1593 1594 1594 1594 1595 1595 1595 1595 1596 1596 1596 1597 1597 1598 1598 1598 1599 1599 1599 1599 1599 1600 1600 1601 1601 1601 1601 1602 1602 1602 1602 1603 1603 1604 1604 1604 1604 1605 1605 1606 1606 1606 1607 1607 1607 1608 1608 1608 1608 1609 1609 1609 1610 1610 1610 1610 1611 1611 1611 1611 1612 1613 1613 1613 1613 1614 1614 1614 1615 1615 1615 1615 1616 1616 1616 1616 1617 1617 1617 1617 1618 1618 1619 1619 1619 1619 1620 1620 1620 1621 1621 1621 1622 1622 1623 1623 1623 1624 1624 1624 1624 1625 1625 1625 1626 1626 1626 1626 1627 1627 1627 1628 1628 1628 1628 1629 1629 1629 1630 1630 1631 1631 1631 1632 1632 1633 1633 1633 1634 1634 1635 1635 1635 1636 1636 1637 1637 1637 1638 1638 1639 1639 1640 1640 1640 1640 1641 1641 1641 1642 1643 1643 1643 1644 1644 1644 1645 1645 1646 1646 1646 1647 1647 1648 1648 1648 1648 1649 1649 1649 1650 1650 1650 1651 1651 1651 1652 1652 1652 1652 1653 1653 1654 1654 1654 1655 1655 1655 1656 1656 1657 1657 1657 1657 1658 1658 1658 1658 1659 1659 1660 1660 1660 1660 1661 1661 1661 1661 1662 1662 1662 1662 1663 1663 1663 1664 1664 1664 1665 1665 1665 1666 1666 1666 1667 1667 1667 1668 1668 1669 1669 1669 1669 1670 1670 1670 1671 1671 1671 1672 1672 1672 1673 1673 1673 1674 1674 1675 1675 1675 1676 1676 1676 1677 1677 1677 1678 1678 1678 1679 1679 1679 1680 1680 1680 1681 1681 1681 1681 1682 1682 1682 1682 1683 1683 1683 1683 1684 1684 1684 1685 1685 1685 1685 1686 1686 1687 1687 1688 1688 1689 1689 1690 1690 1691 1691 1691 1692 1692 1692 1693 1693 1694 1694 1694 1694 1695 1695 1695 1696 1696 1696 1697 1697 1698 1698 1699 1699 1700 1700 1701 1701 1701 1702 1702 1703 1703 1704 1704 1705 1705 1706 1706 1706 1706 1707 1707 1707 1708 1708 1708 1709 1709 1709 1710 1710 1711 1711 1712 1712 1712 1713 1713 1713 1714 1714 1715 1715 1716 1716 1716 1717 1717 1717 1717 1718 1718 1718 1718 1719 1719 1720 1720 1721 1721 1721 1721 1722 1722 1722 1722 1723 1723 1723 1723 1724 1724 1724 1724 1725 1725 1726 1726 1726 1726 1727 1727 1727 1727 1728 1728 1729 1729 1730 1730 1730 1730 1731 1731 1731 1732 1732 1733 1733 1733 1734 1734 1734 1734 1735 1735 1735 1735 1736 1736 1736 1736 1737 1737 1737 1738 1738 1738 1739 1739 1739 1739 1740 1740 1740 1741 1741 1742 1742 1742 1743 1743 1744 1744 1745 1745 1745 1746 1746 1746 1746 1747 1747 1747 1747 1748 1748 1748 1748 1749 1749 1749 1749 1750 1750 1751 1751 1751 1752 1752 1752 1752 1753 1753 1753 1754 1754 1755 1755 1755 1755 1756 1756 1756 1756 1757 1757 1758 1758 1758 1759 1759 1759 1760 1760 1761 1762 1762 1763 1763 1763 1763 1764 1764 1764 1765 1765 1765 1766 1766 1766 1767 1767 1768 1768 1768 1768 1769 1769 1769 1771 1771 1771 1772 1772 1772 1772 1773 1773 1774 1774 1774 1775 1775 1776 1776 1776 1776 1777 1777 1778 1778 1778 1778 1779 1779 1779 1780 1780 1780 1781 1782 1782 1783 1783 1784 1784 1784 1784 1785 1785 1785 1786 1786 1786 1787 1787 1787 1788 1788 1788 1789 1789 1789 1790 1790 1790 1790 1791 1791 1792 1792 1793 1793 1793 1794 1794 1794 1794 1795 1795 1795 1796 1796 1796 1796 1797 1797 1798 1798 1798 1799 1799 1799 1800 1800 1800 1801 1801 1802 1802 1802 1803 1803 1804 1804 1804 1804 1806 1806 1807 1808 1808 1808 1809 1809 1809 1810 1810 1810 1811 1811 1811 1812 1812 1812 1812 1813 1813 1813 1813 1814 1815 1816 1816 1816 1816 1817 1817 1817 1818 1818 1818 1819 1819 1819 1820 1820 1820 1820 1821 1822 1822 1823 1824 1824 1824 1824 1825 1825 1825 1825 1826 1826 1827 1827 1827 1828 1828 1828 1829 1830 1830 1830 1831 1831 1831 1832 1832 1832 1832 1833 1834 1834 1835 1835 1836 1836 1836 1836 1837 1837 1838 1838 1839 1839 1839 1840 1840 1840 1841 1841 1842 1842 1842 1843 1843 1843 1844 1844 1844 1845 1845 1846 1846 1846 1847 1847 1848 1848 1848 1850 1850 1850 1850 1851 1851 1851 1852 1852 1852 1853 1853 1854 1854 1854 1855 1855 1856 1856 1857 1857 1857 1857 1858 1858 1858 1859 1859 1859 1859 1860 1860 1860 1861 1861 1861 1861 1862 1862 1863 1863 1863 1864 1864 1865 1865 1865 1865 1866 1866 1866 1867 1867 1867 1868 1868 1868 1868 1869 1870 1870 1870 1870 1871 1871 1871 1871 1872 1872 1872 1872 1873 1873 1873 1874 1874 1874 1875 1875 1875 1876 1876 1877 1877 1877 1878 1878 1878 1878 1879 1879 1880 1880 1881 1881 1881 1882 1882 1882 1882 1883 1883 1883 1883 1884 1884 1884 1884 1885 1885 1885 1885 1886 1886 1886 1886 1887 1887 1887 1887 1888 1888 1888 1889 1889 1889 1889 1890 1890 1890 1891 1891 1891 1892 1892 1892 1892 1893 1893 1893 1893 1894 1895 1895 1895 1896 1896 1896 1896 1897 1897 1898 1898 1899 1899 1900 1900 1901 1901 1902 1902 1902 1902 1903 1903 1903 1904 1904 1904 1905 1905 1906 1906 1906 1907 1907 1907 1907 1907 1908 1908 1909 1909 1909 1909 1910 1910 1910 1910 1911 1911 1912 1912 1912 1913 1913 1913 1913 1914 1914 1915 1915 1915 1916 1916 1917 1917 1917 1918 1919 1919 1919 1920 1920 1921 1921 1921 1921 1921 1922 1922 1923 1923 1923 1923 1923 1924 1924 1925 1925 1925 1926 1926 1926 1927 1927 1927 1928 1928 1929 1929 1930 1930 1931 1931 1931 1932 1932 1932 1932 1933 1933 1933 1934 1934 1934 1934 1935 1935 1936 1937 1937 1937 1938 1938 1938 1938 1939 1939 1939 1940 1940 1941 1941 1942 1942 1942 1943 1943 1943 1944 1944 1944 1945 1945 1945 1946 1946 1946 1947 1947 1948 1948 1949 1949 1949 1949 1950 1950 1950 1951 1951 1951 1951 1952 1952 1954 1954 1954 1955 1955 1956 1956 1957 1957 1957 1958 1958 1958 1959 1959 1960 1960 1961 1961 1961 1961 1962 1962 1963 1963 1963 1964 1964 1964 1965 1965 1966 1967 1967 1967 1968 1968 1968 1969 1969 1969 1969 1970 1970 1970 1971 1971 1972 1972 1972 1972 1973 1973 1974 1974 1974 1975 1975 1975 1975 1976 1976 1977 1977 1978 1978 1979 1979 1979 1980 1980 1981 1981 1982 1982 1983 1983 1984 1984 1985 1985 1986 1987 1987 1987 1987 1988 1988 1988 1989 1989 1989 1990 1990 1990 1991 1991 1991 1992 1992 1992 1993 1993 1993 1994 1994 1994 1994 1995 1995 1995 1995 1995 1996 1996 1997 1997 1997 1998 1998 1998 1999 1999 1999 1999 2000 2000 2000 2001 2001 2001 2001 2001 2002 2002 2003 2003 2004 2004 2005 2005 2005 2005 2005 2006 2006 2006 2006 2007 2007 2007 2007 2008 2009 2010 2010 2011 2011 2011 2012 2012 2012 2012 2013 2014 2014 2015 2015 2016 2016 2017 2017 2017 2017 2018 2018 2018 2019 2019 2020 2020 2020 2021 2021 2022 2022 2022 2023 2023 2023 2023 2024 2025 2025 2025 2025 2026 2026 2027 2027 2027 2028 2028 2029 2029 2029 2030 2030 2031 2031 2031 2032 2032 2033 2035 2035 2035 2036 2036 2036 2037 2038 2038 2039 2040 2042 2042 2043 2044 2044 2044 2044 2046 2047 2047 2047 2047 2047 2048 2048 2048 2049 2050 2051 2052 2052 2053 2053 2053 2054 2055 2055 2056 2059 2059 2059 2060 2060 2061 2062 2062 2063 2063 2064 2065 2066 2066 2067 2067 2067 2067 2068 2068 2069 2070 2070 2073 2074 2074 2077 2077 2079 2079 2080 2083 2083 2083 2085 2085 2087 2087 2087 2088 2088 2089 2089 2089 2089 2090 2090 2090 2091 2091 2091 2093 2093 2096 2096 2096 2098 2099 2099 2099 2100 2100 2100 2101 2101 2102 2102 2102 2103 2103 2103 2104 2104 2105 2107 2108 2109 2109 2109 2110 2111 2112 
198 306 415 199 173 319 428 174 429 443 148 280 149 332 223 293 401 124 402 442 105 104 66 65 46 47 8 123 123 243 9 351 10 242 351 242 11 350 12 241 350 241 13 349 14 240 349 240 15 348 16 239 348 239 17 347 18 238 347 238 19 346 20 237 346 237 21 345 22 236 345 236 23 344 24 235 344 235 25 343 26 234 343 234 27 342 28 233 342 233 29 341 30 232 341 232 31 340 32 231 340 231 33 339 34 230 339 230 35 338 36 229 338 229 37 337 38 228 337 228 39 336 40 227 336 227 41 335 42 226 335 226 43 334 44 225 334 225 45 333 46 224 333 47 224 224 48 388 49 279 388 279 50 387 51 278 387 278 52 386 53 277 386 277 54 385 55 276 385 276 56 384 57 275 384 275 58 383 59 274 383 274 60 382 61 273 382 273 62 381 63 272 381 272 64 380 65 271 380 66 271 271 67 379 68 270 379 270 69 378 70 269 378 269 71 377 72 268 377 268 73 376 74 267 376 267 75 375 76 266 375 266 77 374 78 265 374 265 79 373 80 264 373 264 81 372 82 263 372 263 83 371 84 262 371 262 85 370 86 261 370 261 87 369 88 260 369 260 89 368 90 259 368 259 91 367 92 258 367 258 93 366 94 257 366 257 95 365 96 256 365 256 97 364 98 255 364 255 99 363 100 254 363 254 101 362 102 253 362 253 103 361 104 252 361 105 252 252 106 360 107 251 360 251 108 359 109 250 359 250 110 358 111 249 358 249 112 357 113 248 357 248 114 356 115 247 356 247 116 355 117 246 355 246 118 354 119 245 354 245 120 353 121 244 353 244 122 352 123 243 352 243 125 292 402 292 126 400 127 291 400 291 128 399 129 290 399 290 130 398 131 289 398 289 132 397 133 288 397 288 134 396 135 287 396 287 136 395 137 286 395 286 138 394 139 285 394 285 140 393 141 284 393 284 142 392 143 283 392 283 144 391 145 282 391 282 146 390 147 281 390 281 148 389 280 389 150 331 332 331 151 441 152 330 441 330 153 440 154 329 440 329 155 439 156 328 439 328 157 438 158 327 438 327 159 437 160 326 437 326 161 436 162 325 436 325 163 435 164 324 435 324 165 434 166 323 434 323 167 433 168 322 433 322 169 432 170 321 432 321 171 431 172 320 431 320 173 430 319 430 175 318 429 318 176 427 177 317 427 317 178 426 179 316 426 316 180 425 181 315 425 315 182 424 183 314 424 314 184 423 185 313 423 313 186 422 187 312 422 312 188 421 189 311 421 311 190 420 191 310 420 310 192 419 193 309 419 309 194 418 195 308 418 308 196 417 197 307 417 307 198 416 306 416 200 305 415 305 201 414 202 304 414 304 203 413 204 303 413 303 205 412 206 302 412 302 207 411 208 301 411 301 209 410 210 300 410 300 211 409 212 299 409 299 213 408 214 298 408 298 215 407 216 297 407 297 217 406 218 296 406 296 219 405 220 295 405 295 221 404 222 294 404 294 223 403 293 403 333 499 388 333 334 450 498 334 335 445 478 335 336 447 467 336 337 449 454 338 337 451 570 338 339 453 571 340 339 452 588 341 340 455 587 342 341 456 589 343 342 457 590 344 343 458 591 345 344 459 592 346 345 460 593 347 346 461 594 348 347 462 595 349 348 463 596 350 349 464 597 351 350 465 468 352 351 468 352 353 448 469 354 353 573 598 355 354 471 568 356 355 466 599 357 356 472 600 358 357 473 601 359 358 474 602 360 359 475 476 361 360 476 361 362 446 479 363 362 574 605 364 363 470 481 365 364 477 606 366 365 482 604 367 366 483 603 368 367 484 607 369 368 485 608 370 369 486 609 371 370 487 610 372 371 488 611 373 372 489 612 374 373 490 613 375 374 491 614 376 375 492 615 377 376 493 616 378 377 494 617 379 378 495 496 380 379 496 380 381 444 586 382 381 502 575 383 382 501 504 384 383 480 503 385 384 497 618 386 385 505 619 387 386 506 620 388 387 507 499 332 389 509 654 389 390 510 576 391 390 500 511 392 391 508 622 392 393 514 577 393 394 515 516 395 394 512 517 396 395 513 624 397 396 519 625 398 397 520 626 399 398 521 627 400 399 522 628 402 400 523 629 401 403 579 631 403 404 525 657 404 405 526 572 405 406 527 528 406 407 529 530 407 408 531 532 409 408 533 536 410 409 535 578 411 410 633 656 411 412 540 658 413 412 537 635 413 414 542 634 414 415 539 630 415 416 541 636 416 417 543 544 418 417 534 638 418 419 546 580 419 420 547 548 421 420 545 549 422 421 538 639 423 422 551 640 424 423 552 641 425 424 553 642 426 425 554 643 427 426 555 644 429 427 556 645 428 430 558 582 431 430 559 583 432 431 560 646 433 432 561 647 434 433 562 648 435 434 563 649 435 436 565 584 437 436 566 581 438 437 564 651 439 438 567 650 439 440 585 772 440 441 569 653 332 441 652 660 654 660 498 499 450 478 445 467 447 454 449 570 451 571 452 453 455 588 456 587 457 589 458 590 459 591 460 592 461 593 462 594 463 595 464 596 465 597 468 468 469 448 598 568 573 466 471 472 599 473 600 474 601 475 602 476 476 479 446 605 470 574 477 481 482 606 483 604 484 603 485 607 486 608 487 609 488 610 489 611 490 612 491 613 492 614 493 615 494 616 495 617 496 444 496 502 586 504 575 480 501 497 503 505 618 506 619 507 620 499 509 576 500 510 508 511 577 622 514 516 512 515 513 517 519 624 520 625 521 626 522 627 523 628 442 518 579 623 659 442 524 629 631 657 525 572 526 528 527 530 529 532 531 536 533 578 535 656 633 658 537 540 634 635 539 542 541 630 544 636 534 543 580 638 546 548 545 547 538 549 551 639 552 640 553 641 554 642 555 643 556 644 443 550 582 637 443 557 645 558 583 559 646 560 647 561 648 562 649 563 584 565 581 564 566 567 651 585 650 653 772 569 652 518 524 621 550 557 632 655 496 586 712 718 478 467 796 815 479 605 690 694 467 454 730 795 469 598 682 824 454 570 665 838 498 478 689 713 570 571 770 775 453 588 664 716 571 716 773 665 730 587 588 753 804 587 589 666 803 590 589 668 769 591 590 663 797 592 591 670 698 593 592 672 805 594 593 676 692 595 594 674 806 595 596 678 726 597 596 673 679 468 597 677 685 471 599 680 811 795 796 469 685 682 685 574 481 671 782 568 680 776 599 600 667 810 601 600 687 813 602 601 696 748 476 602 690 706 479 690 481 606 691 693 689 815 690 501 503 669 714 671 693 604 606 744 814 603 604 697 812 603 607 700 756 608 607 701 809 609 608 747 821 610 609 681 739 611 610 703 807 612 611 704 705 613 612 686 822 614 613 707 816 615 614 708 709 616 615 684 819 617 616 721 723 496 617 683 718 718 503 618 729 790 499 713 715 507 715 510 511 725 799 504 714 719 586 575 661 662 669 790 575 719 785 618 619 717 720 620 619 722 825 620 715 731 511 622 732 828 576 654 774 851 576 725 863 799 828 515 517 728 788 517 624 733 789 516 577 823 905 516 788 832 832 905 728 789 621 623 724 625 624 699 820 625 626 734 856 627 626 736 745 628 627 727 829 628 629 675 836 629 621 751 758 572 657 800 865 528 572 839 852 528 530 841 862 839 862 530 532 771 840 840 841 532 536 742 932 742 771 536 578 831 861 543 638 746 749 578 656 791 864 861 932 540 635 783 860 549 639 737 859 542 630 760 781 658 783 866 630 636 688 740 634 781 855 544 749 750 636 750 784 547 549 780 857 548 580 808 868 548 780 844 844 868 857 859 632 637 743 843 639 640 757 835 640 641 755 759 641 642 761 846 642 643 763 845 644 643 837 854 644 645 741 854 655 645 762 582 583 764 793 583 646 766 794 647 646 767 848 648 647 754 779 649 648 711 802 584 649 847 853 566 651 695 777 584 581 752 581 777 792 650 651 786 817 573 776 787 652 653 778 850 775 838 770 773 800 852 598 738 787 605 782 818 661 785 851 863 622 710 823 831 864 631 659 827 869 638 702 808 752 792 637 768 793 764 794 752 847 650 765 772 867 662 712 666 753 664 804 668 803 663 769 670 797 672 698 676 805 674 692 726 806 673 678 677 679 738 824 810 811 667 813 687 748 696 706 756 812 697 744 694 818 691 814 700 809 701 821 681 747 703 739 704 807 686 705 707 822 708 816 684 709 723 819 683 721 720 729 717 825 722 731 724 751 798 710 732 659 724 826 830 699 733 820 856 734 745 727 736 829 836 675 758 740 760 657 869 965 655 743 842 858 658 656 735 833 635 855 938 860 938 688 784 768 801 843 702 746 737 835 757 759 755 846 761 845 763 837 854 741 762 766 848 754 767 711 779 802 853 765 786 695 817 660 778 849 772 850 951 660 774 834 762 858 1033 735 791 865 965 833 866 826 827 911 834 849 662 785 977 1009 712 874 1009 769 797 947 1025 716 804 920 1014 730 838 921 975 753 803 931 971 810 813 883 993 769 803 934 1029 714 790 908 994 797 698 877 901 782 693 882 957 698 805 888 997 678 679 987 1010 692 806 919 982 758 836 991 1135 805 692 892 940 679 685 889 990 726 873 1010 987 990 776 811 953 1043 747 739 884 936 685 824 889 1011 721 718 910 917 709 819 875 941 889 705 822 876 999 748 813 964 996 740 784 1024 1034 713 815 907 962 706 694 950 693 814 890 893 892 982 882 893 818 948 950 777 817 904 954 706 748 937 1037 744 812 898 973 888 901 733 820 923 1019 756 809 897 968 809 821 935 1021 746 808 1005 933 739 807 902 974 705 807 924 943 876 924 950 1037 816 822 899 922 709 816 885 903 875 885 732 823 912 918 779 802 984 1060 718 874 910 715 907 909 719 908 1002 731 909 773 920 956 720 825 914 915 910 785 896 1002 729 872 915 723 913 917 731 825 983 1054 819 913 916 798 830 871 799 863 981 1059 806 873 895 736 829 878 976 788 789 960 1053 790 872 980 795 921 945 909 983 828 918 1016 789 923 1055 745 856 1047 1061 791 833 963 1031 745 976 1126 835 859 870 1048 824 787 930 1028 884 974 760 900 1024 762 854 966 1006 771 932 949 1040 842 843 925 928 814 973 995 1061 1126 749 933 939 821 891 936 937 964 750 939 942 784 942 1057 758 798 880 985 792 847 946 1035 804 931 970 767 779 879 967 759 846 944 1020 812 968 1004 759 835 1001 1012 985 1135 1001 1020 781 900 929 845 846 944 955 1006 1033 837 845 927 1007 793 794 1036 1117 786 867 958 1049 794 848 881 1039 848 881 967 793 801 969 988 1025 1029 775 773 894 952 840 949 1023 867 951 894 956 834 851 1000 1022 838 926 952 787 953 959 792 954 1056 849 850 1038 1041 879 984 844 857 986 1032 855 929 1046 818 906 957 860 866 989 1034 1057 896 977 817 958 961 959 1028 832 960 1013 1053 1055 980 994 864 963 1042 1035 1056 988 1117 1036 1039 796 945 972 815 886 972 877 947 871 880 979 828 981 1074 852 865 1017 1058 843 969 1003 1030 853 1060 1120 934 971 970 1014 940 997 895 919 902 943 868 1005 897 1021 811 993 1077 1491 1043 1077 898 1004 883 996 890 995 886 962 903 922 904 961 906 948 916 941 856 1019 1150 891 935 899 999 905 912 1008 930 1011 914 1054 830 887 911 1052 869 911 998 1016 1074 836 878 991 887 871 992 861 864 1015 1050 1013 905 1008 866 1031 1101 849 1022 1140 870 1012 991 854 978 1007 926 975 852 862 1018 1044 841 1023 1027 862 1027 1051 858 928 1026 925 1030 868 1032 1005 927 955 944 853 946 1045 881 1038 1140 951 1041 1188 863 1000 1088 1044 1058 1045 1120 966 978 938 1046 1183 1047 1150 986 859 1048 1033 1026 1133 1048 938 989 1079 932 1050 1093 1018 1051 1059 1088 1015 1042 965 1017 989 1101 951 1049 1185 1005 965 998 1083 1012 1048 1111 1165 979 1068 992 1178 980 915 1139 1237 895 1010 1137 1144 910 1009 917 1148 885 941 1151 1229 924 999 1084 1119 947 901 1076 1130 976 991 1109 967 984 1100 1232 985 979 1066 1081 967 1039 1207 1233 957 893 1086 1149 993 996 1113 1173 936 974 1098 1128 903 1151 1212 962 972 1078 1189 992 1052 1075 1163 901 997 1154 1171 990 1011 893 995 1062 1147 935 936 1125 1127 940 982 1064 1129 1086 1147 952 956 1115 1153 919 1110 1144 977 1002 1089 1159 968 1021 1072 1092 973 1004 1103 1156 999 922 1112 1136 929 1024 1118 1124 1076 1171 974 943 1082 1157 922 1108 1212 954 961 1146 1182 1008 948 957 1121 1141 909 962 983 1090 1002 994 1142 1145 983 917 998 1052 1104 1228 918 1008 1085 1102 916 917 1107 1148 915 1054 1096 1114 1114 1139 941 1107 1209 1148 1016 1102 1194 982 1110 1134 956 1014 1158 1198 945 975 1138 1214 1108 1112 1019 1055 1196 943 1119 1131 928 1030 1094 1097 975 952 1099 1236 955 1007 1215 1224 1026 1097 1122 1046 1124 1205 1028 1011 1070 1174 970 971 1069 1152 1040 1093 1005 939 1186 1235 971 1029 1170 1187 1021 1127 1143 1125 1128 964 1037 1175 1225 1079 1183 942 1095 1186 997 1087 1129 1209 1229 1057 1095 1216 1082 1131 955 1020 1172 1197 972 1138 1155 1035 1045 1223 1240 1025 1130 1201 950 1141 1208 1023 1040 1168 1200 1037 1208 1185 1188 1099 1153 959 1043 1166 1204 1056 1146 1231 1172 1224 1115 1198 1121 1149 961 1049 1307 1028 1123 1204 1013 1053 1164 1193 1182 1307 1189 1090 1031 1042 1210 1220 996 1080 1175 1083 1017 978 1006 1176 1206 1232 1233 1004 1092 1105 1003 988 1067 1091 1014 1073 1152 1069 1187 1078 1155 995 1132 1156 1098 1157 1214 1236 1109 1126 1179 1009 1063 1159 1007 1071 1176 1068 1081 1167 994 1218 1237 1059 1074 1169 1234 1064 1134 1054 1090 1060 1100 1213 1066 1135 1162 1032 1048 1165 1211 990 1010 1065 1070 1067 1117 1191 1079 1101 1230 1011 1070 1135 1109 1161 1075 1178 1195 1491 1173 1360 1142 1218 1062 1132 1080 1113 1087 1154 1083 1104 1177 1084 1136 1022 1088 1181 1199 1020 1012 1106 1089 1145 1030 1091 1116 1184 1103 1105 1032 1235 1260 1033 1202 1206 1071 1215 1085 1013 1217 1063 1148 1065 1137 1070 1106 1111 1193 1217 1073 1158 1042 1050 1221 1226 1074 1194 1058 1180 1083 1177 1044 1051 1222 1150 1196 1256 1106 1197 1072 1143 1140 1199 1027 1190 1200 1034 1118 1201 1029 1241 1122 1133 1203 1051 1190 1227 1123 1174 1170 1241 1094 1116 1101 1210 1375 1211 1260 1133 1202 1238 1057 1118 1315 1056 1240 1253 1039 1117 1160 1207 1208 1225 1041 1140 1219 1239 1207 1093 1168 1250 1188 1219 1347 1220 1221 1166 1077 1244 1058 1222 1120 1223 1367 1183 1205 1343 1061 1150 1192 1165 1185 1307 1328 1093 1226 1250 1222 1227 1163 1228 1329 1055 1164 1242 1090 1096 1196 1242 1231 1253 1216 1315 1180 1222 1088 1234 1323 1120 1213 1415 1126 1192 1273 1147 1132 1264 1310 1148 1159 1263 1313 1129 1134 1283 1372 1137 1070 1245 1162 1081 1319 1339 1091 1191 1272 1314 1167 1178 1280 1297 1152 1187 1248 1267 1174 1245 1176 1215 1278 1382 1092 1143 1259 1266 1158 1152 1251 1325 1169 1194 1163 1195 1281 1365 1130 1171 1252 1317 1244 1342 1491 1155 1189 1279 1429 1230 1183 1257 1113 1175 1285 1308 1167 1274 1319 1157 1131 1318 1376 1177 1119 1136 1261 1290 1102 1217 1300 1385 1149 1147 1287 1364 1129 1154 1322 1377 1181 1323 1145 1159 1332 1401 1096 1258 1189 1184 1265 1314 1105 1266 1277 1250 1097 1116 1311 1320 1186 1216 1249 1383 1114 1258 1286 1122 1311 1366 1128 1157 1255 1298 1153 1236 1247 1396 1213 1232 1380 1395 1375 1230 1194 1300 1156 1105 1275 1351 1177 1228 1271 1371 1275 1277 1111 1289 1197 1355 1209 1148 1313 1384 1112 1212 1270 1282 1179 1161 1294 1335 1134 1144 1243 1296 1165 1289 1299 1136 1282 1345 1173 1285 1337 1139 1254 1286 1153 1198 1305 1321 1184 1262 1320 1160 1191 1124 1269 1315 1426 1131 1290 1303 1367 1415 1141 1149 1246 1301 1203 1291 1366 1174 1204 1292 1324 1205 1269 1293 1127 1128 1304 1312 1179 1273 1143 1304 1306 1298 1312 1372 1377 1201 1317 1368 1303 1318 1156 1264 1390 1203 1238 1268 1283 1296 1161 1162 1261 1345 1144 1245 1309 1155 1214 1330 1399 1237 1254 1381 1239 1199 1208 1301 1379 1145 1218 1336 1387 1259 1306 1243 1309 1332 1387 1182 1231 1394 1406 1310 1364 1313 1246 1287 1192 1256 1229 1212 1362 1378 1251 1267 1247 1321 1171 1322 1392 1279 1399 1390 1351 1255 1376 1198 1325 1400 1263 1401 1191 1207 1295 1349 1162 1294 1370 1339 1370 1329 1365 1193 1242 1354 1369 1211 1276 1299 1204 1244 1316 1389 1274 1280 1350 1200 1250 1348 1481 1234 1302 1194 1373 1187 1241 1333 1398 1252 1392 1197 1224 1334 1357 1337 1360 1446 1245 1324 1225 1308 1455 1206 1278 1353 1180 1271 1284 1195 1288 1297 1273 1335 1284 1222 1409 1199 1323 1363 1397 1307 1352 1406 1257 1343 1262 1265 1344 1188 1328 1452 1235 1249 1248 1398 1347 1452 1258 1429 1227 1200 1348 1393 1272 1349 1256 1273 1346 1424 1217 1354 1469 1373 1300 1281 1288 1361 1256 1242 1338 1355 1357 1305 1400 1239 1363 1534 1348 1241 1368 1411 1206 1238 1341 1353 1268 1291 1340 1292 1316 1293 1343 1403 1353 1233 1295 1225 1379 1229 1384 1468 1220 1375 1386 1405 1276 1260 1327 1270 1378 1380 1415 1485 1236 1330 1407 1224 1382 1334 1315 1383 1484 1385 1469 1336 1237 1449 1239 1347 1359 1402 1221 1386 1388 1226 1388 1391 1227 1356 1409 1240 1367 1374 1404 1334 1379 1455 1250 1391 1521 1356 1393 1329 1371 1562 1362 1468 1257 1358 1375 1405 1253 1394 1501 1233 1395 1441 1295 1441 1302 1323 1331 1260 1249 1326 1396 1407 1381 1449 1268 1341 1410 1359 1534 1253 1374 1463 1333 1411 1338 1369 1296 1309 1434 1563 1342 1389 1516 1309 1324 1522 1301 1287 1460 1493 1321 1396 1486 1568 1267 1398 1423 1495 1326 1383 1439 1481 1521 1325 1267 1425 1462 1317 1392 1443 1476 1463 1501 1286 1381 1480 1543 1298 1376 1453 1454 1338 1346 1343 1358 1428 1286 1429 1266 1306 1416 1557 1326 1327 1290 1345 1440 1490 1320 1344 1456 1556 1313 1401 1457 1475 1310 1390 1474 1558 1314 1344 1421 1554 1277 1416 1465 1423 1425 1340 1410 1418 1293 1426 1437 1523 1282 1378 1408 1448 1284 1371 1445 1545 1314 1349 1430 1559 1335 1424 1350 1319 1467 1473 1351 1277 1432 1435 1299 1327 1509 1569 1435 1465 1353 1382 1413 1472 1399 1438 1429 1480 1297 1350 1442 1531 1361 1365 1536 1542 1345 1414 1448 1296 1372 1447 1549 1445 1409 1535 1337 1308 1450 1502 1429 1480 1364 1470 1493 1297 1361 1548 1550 1299 1355 1530 1551 1303 1440 1459 1340 1366 1433 1494 1324 1316 1505 1519 1403 1437 1583 1335 1370 1412 1504 1349 1441 1444 1434 1447 1531 1550 1312 1454 1471 1509 1551 1385 1373 1436 1379 1460 1506 1455 1331 1373 1427 1656 1318 1459 1489 1306 1312 1464 1466 1321 1400 1458 1492 1466 1557 1328 1352 1450 1455 1506 1522 1563 1364 1451 1474 1320 1366 1487 1464 1471 1384 1475 1554 1559 1484 1426 1389 1505 1508 1368 1476 1546 1376 1489 1553 1339 1461 1473 1556 1487 1486 1492 1377 1392 1488 1555 1331 1397 1519 1522 1400 1420 1462 1327 1439 1514 1529 1514 1569 1352 1452 1431 1365 1562 1591 1704 1399 1407 1524 1547 1397 1596 1656 1401 1387 1419 1498 1398 1411 1417 1510 1357 1382 1478 1533 1412 1424 1507 1387 1449 1500 1565 1502 1446 1641 1369 1346 1477 1370 1461 1511 1418 1433 1517 1353 1472 1410 1564 1491 1360 1497 1516 1403 1428 1421 1456 1520 1414 1490 1424 1477 1592 1402 1452 1431 1393 1481 1496 1515 1430 1444 1442 1467 1561 1432 1390 1566 1406 1431 1479 1528 1472 1369 1469 1538 1544 1357 1530 1603 1393 1409 1483 1567 1533 1603 1405 1428 1512 1597 1402 1499 1534 1539 1446 1491 1497 1536 1548 1625 1378 1468 1503 1540 1397 1526 1534 1539 1451 1470 1542 1591 1487 1494 1404 1415 1482 1546 1411 1632 1544 1477 1504 1511 1545 1562 1377 1549 1622 1427 1436 1404 1463 1527 1537 1405 1453 1553 1555 1622 1408 1503 1455 1395 1485 1532 1606 1449 1543 1572 1413 1478 1484 1525 1439 1468 1475 1612 1469 1436 1575 1388 1405 1422 1642 1498 1565 1391 1642 1508 1516 1644 1558 1566 1521 1642 1513 1443 1488 1515 1567 1406 1501 1552 1570 1441 1532 1593 1407 1568 1605 1526 1596 1417 1495 1438 1547 1420 1458 1419 1457 1499 1431 1518 1428 1571 1583 1482 1537 1674 1422 1512 1528 1552 1524 1605 1448 1503 1588 1672 1483 1535 1418 1564 1580 1633 1510 1632 1504 1507 1615 1689 1472 1478 1584 1600 1448 1490 1648 1687 1482 1485 1465 1557 1629 1634 1495 1510 1670 1701 1517 1580 1654 1457 1498 1621 1697 1458 1462 1586 1623 1520 1554 1579 1715 1642 1512 1578 1589 1425 1495 1587 1594 1507 1592 1462 1594 1618 1523 1541 1484 1436 1595 1656 1713 1571 1597 1480 1444 1559 1609 1685 1479 1518 1452 1435 1566 1649 1688 1494 1517 1608 1679 1447 1563 1652 1681 1465 1626 1649 1595 1575 1673 1523 1583 1643 1710 1480 1547 1543 1607 1525 1529 1598 1459 1490 1624 1693 1444 1593 1531 1561 1706 1821 1476 1488 1599 1635 1593 1609 1535 1545 1617 1645 1497 1573 1641 1805 1549 1652 1695 1672 1687 1500 1572 1502 1506 1576 1661 1470 1474 1577 1590 1454 1553 1619 1630 1471 1619 1638 1506 1556 1520 1560 1631 1475 1621 1612 1492 1623 1637 1489 1624 1647 1506 1493 1576 1639 1473 1511 1611 1666 1586 1618 1501 1527 1466 1471 1601 1636 1626 1629 1557 1604 1636 1473 1561 1646 1709 1540 1612 1538 1575 1493 1585 1590 1601 1638 1564 1600 1611 1646 1558 1577 1651 1612 1546 1635 1675 1544 1592 1627 1533 1584 1680 1518 1528 1628 1676 1543 1496 1513 1521 1485 1606 1674 1535 1567 1614 1541 1525 1606 1492 1568 1650 1692 1494 1556 1700 1714 1555 1599 1655 1553 1602 1647 1648 1693 1637 1650 1585 1639 1679 1714 1587 1670 1513 1515 1581 1664 1516 1573 1574 1565 1697 1728 1539 1518 1610 1653 1565 1572 1660 1708 1570 1527 1661 1641 1781 1540 1588 1668 1511 1689 1719 1519 1508 1616 1657 1759 1576 1592 1615 1732 1644 1657 1741 1551 1569 1696 1705 1632 1701 1837 1666 1719 1578 1597 1667 1521 1664 1642 1686 1529 1569 1682 1703 1567 1581 1698 1574 1644 1608 1654 1684 1628 1653 1616 1522 1761 1560 1579 1663 1563 1733 1761 1541 1640 1643 1547 1605 1620 1691 1598 1541 1659 1596 1539 1671 1702 1537 1570 1760 1665 1552 1676 1725 1598 1682 1740 1551 1603 1678 1696 1550 1821 1767 1593 1606 1658 1711 1603 1680 1744 1539 1614 1645 1542 1625 1669 1674 1760 1814 1544 1575 1613 1720 1610 1671 1612 1668 1621 1640 1659 1591 1669 1731 1607 1572 1690 1613 1627 1617 1562 1683 1632 1675 1771 1620 1607 1550 1625 1694 1767 1622 1695 1764 1831 1767 1696 1570 1582 1725 1602 1630 1559 1715 1801 1622 1655 1712 1631 1677 1700 1604 1634 1566 1651 1662 1685 1801 1663 1631 1738 1770 1706 1709 1844 1683 1704 1681 1733 1600 1633 1707 1708 1728 1662 1688 1614 1698 1605 1692 1750 1703 1705 1582 1665 1583 1597 1699 1729 1660 1690 1574 1805 1815 1743 1644 1815 1849 1829 1673 1720 1639 1661 1863 1651 1590 1753 1763 1825 1589 1667 1736 1841 1663 1715 1722 1864 1633 1654 1730 1754 1664 1698 1788 1835 1665 1725 1727 1867 1710 1729 1600 1680 1779 1840 1639 1590 1721 1816 1894 1623 1618 1746 1765 1594 1670 1739 1742 1668 1672 1813 1828 1642 1736 1686 1782 1721 1763 1876 1704 1731 1809 1627 1732 1609 1711 1618 1742 1762 1673 1713 1794 1845 1656 1702 1803 1667 1699 1659 1740 1812 1635 1655 1755 1789 2049 1707 1779 1636 1638 1749 1777 1630 1647 1786 1834 1678 1744 1634 1636 1748 1775 1691 1750 1658 1674 1716 1690 1620 1799 1679 1684 1743 1815 1685 1711 1842 1653 1671 1726 1838 1666 1646 1776 1787 1621 1627 1747 1720 1758 1645 1698 1791 1689 1732 1824 1869 1759 1761 1772 1773 1645 1683 1735 1800 1746 1762 1638 1630 1717 1783 1691 1799 1858 1697 1668 1856 1712 1764 1637 1765 1780 1647 1693 1768 1785 1694 1669 1766 1649 1629 1737 1784 1732 1747 1819 1653 1676 1817 1830 1634 1723 1737 1717 1834 1677 1745 1770 1771 1837 1707 1730 1846 1723 1775 1675 1755 1798 1748 1777 1650 1780 1795 1749 1783 1863 1894 1643 1659 1790 1823 1805 1781 1751 1686 1710 1790 1920 1741 1849 1745 1735 1791 1709 1776 1808 1785 1786 1687 1693 1778 1797 1688 1784 1792 1692 1795 1827 1662 1752 1753 1695 1681 1734 1793 1830 1838 1684 1751 1754 1712 1718 1789 1713 1803 1741 1759 1738 1807 1711 1716 1836 1855 1823 1812 1690 1708 1806 1848 1863 1887 1781 1936 1688 1752 1756 1908 1722 1738 1807 1686 1724 1788 1727 1760 1804 1719 1787 1843 1699 1841 1903 1828 1856 1731 1766 1811 1832 1701 1739 1839 1702 1726 1826 1687 1813 1822 1720 1845 1847 1716 1814 1771 1798 1818 1817 1725 1900 1700 1745 1757 1696 1744 1769 1714 1815 1829 1744 1898 1840 1734 1733 1810 1879 1703 1740 1850 1862 1704 1800 1859 1880 1743 1751 1805 1801 1842 1857 1860 1724 1782 1778 1822 1756 1792 1719 1824 1806 1799 1750 1858 1983 1750 1827 1970 1768 1797 1766 1767 1796 1854 1793 1831 1851 1705 1769 1774 1728 1856 1791 1835 1729 1903 1714 1757 1837 1839 1984 1803 1826 1705 1862 1809 1880 1774 1862 1821 1844 1853 1861 1779 1846 1888 1728 1848 1928 1808 1844 1866 1729 1920 1842 1855 1718 1764 1802 1794 1803 1852 1757 1829 1801 1864 1814 1836 1901 1783 1834 1915 1947 1789 1802 1902 2046 1843 1824 1758 1847 1816 1878 1876 1955 1807 1833 1864 1953 1737 1775 1865 1914 1788 1782 1917 1919 1867 1900 1826 1838 1975 1986 1804 1868 1867 1934 1856 1928 1920 1903 1754 1846 1936 2071 1809 1811 1874 1819 1869 1761 1773 1879 1810 1793 1907 1929 1791 1800 1871 1957 1782 1841 1909 1924 1784 1865 1875 1770 1807 1741 1742 1839 1886 1964 1812 1850 1873 1745 1770 1762 1886 1899 1805 1815 1769 1898 1770 1757 1849 1765 1762 1883 1891 1758 1819 1881 1958 1775 1777 1885 1906 1777 1783 1872 1905 1970 1983 1754 1805 1781 1753 1820 1908 1940 1820 1825 1996 1781 1936 1798 1921 1979 2049 1792 1870 1908 1931 1829 1849 1847 1881 1956 1772 1807 1833 1804 1814 1773 1883 1899 1825 1876 1933 2002 1802 1877 1831 1780 1891 1911 1832 1854 1981 1796 1821 1785 1797 1882 1890 1774 1898 1922 1818 1837 1949 1773 1833 1952 1953 1879 1952 1862 1892 1922 1906 1914 1787 1808 1893 1918 1885 1905 1797 1822 1925 1930 1840 1888 1904 1795 1889 1911 1936 1909 1917 1872 1947 1792 1875 1912 2017 1786 1890 1916 1834 1910 1916 1843 1913 1918 1835 1919 1965 2049 2046 2057 1823 1920 1938 1948 1835 1957 1870 1912 1851 1923 1929 1845 1852 1896 1943 1827 1889 1945 1821 1853 1854 1895 1882 1930 1818 1921 1946 1858 1806 1897 1859 1871 1927 1857 1864 1877 1902 1954 1826 1852 1868 1814 1901 1944 1848 1897 1833 1866 1893 1942 1874 1880 1966 1907 1879 1939 1832 1874 1951 1873 1823 1950 1948 1822 1828 1884 1960 1901 1829 1878 1894 1935 1988 1830 1900 1971 1946 1949 1997 1869 1958 2034 1940 1996 2001 2075 1853 1884 1925 1948 1869 1843 1926 2034 1996 2002 2037 2014 1852 1986 1945 1970 2070 1856 1960 2010 1849 1838 1971 2021 1851 1877 1967 1951 1981 2006 2079 1953 1910 1915 1965 1957 1855 1901 1963 1982 1949 1984 1975 2021 1964 1984 2067 1904 1898 1962 1903 1924 1855 1860 1985 1913 1926 1980 1861 1866 1968 1943 1847 1888 1991 2071 1943 1956 1928 1897 2016 1862 1873 1961 1978 1923 1967 1973 1896 1969 1986 1861 1895 1895 1981 1993 1982 1985 1928 2010 1860 1864 1937 1976 1897 1983 1992 1880 1927 1932 1941 1976 1985 2082 1895 1968 1972 1974 1892 1978 1887 1894 1935 1937 1953 1914 1875 1995 2031 1942 1968 1990 1900 1934 1959 1944 1934 2003 2051 2034 1931 1987 1912 2050 1927 1957 2035 2078 1905 1947 1994 2022 1950 1961 1998 1951 1966 2054 2017 2031 2063 1933 1955 1954 1967 1999 1955 1988 2005 2068 1939 1952 1932 1966 1956 1958 2004 1890 1930 2007 2065 1891 1899 2012 2024 1925 1960 2025 2073 1906 1905 2023 2028 1899 1964 1989 2069 1936 1935 1991 2071 1904 2038 1991 1945 1911 2018 2052 1916 2007 2033 1911 2012 2027 1922 1978 2074 2076 1918 1942 2000 2057 1935 1974 1993 2036 1943 1969 2009 2041 1992 2016 1922 1962 1989 2024 1959 1971 1944 1963 1954 2013 2046 1980 1924 1920 1977 1962 2038 2062 2022 2028 1914 2023 2026 2003 2051 1929 1939 2020 1931 1940 1924 1917 2015 2043 1915 1916 2032 2045 2018 2027 2017 2042 2050 1918 1980 2046 2057 1995 2026 1947 2032 2058 2033 2045 1919 2029 2043 2057 1965 2011 2029 1938 1977 1946 1979 2047 2056 2092 1962 2076 1929 1973 2055 2008 2061 1977 2015 1930 2025 2048 1980 2034 2013 1941 2050 2078 2010 2016 2055 2003 2048 2065 1940 1987 2064 1941 1966 2042 2054 1955 2002 2019 2081 1959 2003 2055 1991 1988 2071 1953 1976 1952 1948 1977 2030 2072 1952 1976 2020 2064 2075 2050 2042 1990 2000 2056 1956 2039 2041 1963 2051 2066 2052 2070 2095 1997 2047 2053 1994 2058 1950 2030 1984 1997 2083 2093 1998 2014 2030 2006 2054 2059 2084 1953 1976 1999 2013 2004 2019 2068 2004 2039 1965 2035 2040 2034 2013 2004 2081 1971 2010 2073 1978 1998 2019 2097 2062 2076 1982 2066 2080 2067 2069 2094 2011 2040 2054 1973 1999 2009 1972 1990 2077 1986 2008 2009 1973 2070 1983 2088 2021 2081 1974 2044 2077 2098 2009 2008 2036 2044 2060 1986 2008 2021 2061 2020 2082 2015 2072 2074 2097 2049 2000 2056 2046 2013 1993 2079 1985 2080 1992 2088 2067 2093 2080 2082 2008 2050 2064 2078 2035 2005 1991 2086 2024 2069 1994 2056 2077 2092 2071 2086 2038 2016 2088 2106 2036 2079 2087 2022 2058 2024 2069 2031 2026 2089 2091 2109 2001 2037 2053 2083 2100 2019 2014 2002 2009 2041 2004 2039 2049 2056 2057 2037 2075 2043 2015 2072 2019 2014 2051 2055 2039 2013 2068 2086 2074 2062 2076 2059 2079 2085 2110 2033 2065 2052 2018 2061 2041 2016 2073 2040 2029 2064 2027 2024 2032 2058 2034 2030 2037 2043 2072 2073 2106 2042 2063 2054 2084 2052 2027 2033 2068 2097 2082 2051 2066 2061 2081 2028 2069 2094 2026 2028 2090 2099 2058 2106 2088 2048 2073 2089 2099 2032 2045 2033 2090 2094 2043 2075 2064 2037 2072 2063 2091 2085 2045 2058 2045 2040 2078 2064 2060 2087 2102 2072 2062 2086 2041 2064 2054 2050 2075 2060 2098 2101 2104 2057 2053 2092 2096 2077 2098 2065 2095 2088 2057 2078 2066 2065 2095 2096 2100 2103 2084 2081 2061 2092 2084 2063 2085 2102 2104 2081 2086 2076 2084 2085 2075 2095 2082 2080 2093 2105 2090 2094 2074 2097 2094 2088 2095 2106 2076 2097 2098 2092 2087 2110 2082 2100 2093 2107 2091 2110 2102 2112 2110 2106 2095 2108 2111 2099 2109 2105 2099 2094 2110 2112 2109 2105 2107 2101 2103 2098 2101 2107 2108 2105 2103 2107 2108 2103 2104 2112 2113 2104 2104 2111 2108 2113 2111 2107 2108 2111 2113 2111 2112 2112 2113 2113 
1 0 0 1 1 0 0 1 0 0 1 0 1 0 1 0 0 1 0 0 3 2 2 4 2 4 2 3 0 0 2 0 2 0 0 0 2 0 2 0 0 0 2 0 2 0 0 0 2 0 2 0 0 0 2 0 2 0 0 0 2 0 2 0 0 0 2 0 2 0 0 0 2 0 2 0 0 0 2 0 2 0 0 0 2 0 2 0 0 0 2 0 2 0 0 0 2 0 2 0 0 0 2 0 2 0 0 0 2 0 2 0 0 0 2 0 2 0 0 0 2 0 2 0 0 0 2 0 2 0 0 0 2 0 2 0 0 0 2 0 2 0 0 0 0 0 4 0 4 0 0 0 4 0 4 0 0 0 4 0 4 0 0 0 4 0 4 0 0 0 4 0 4 0 0 0 4 0 4 0 0 0 4 0 4 0 0 0 4 0 4 0 0 0 4 0 4 0 0 0 0 0 2 0 2 0 0 0 2 0 2 0 0 0 2 0 2 0 0 0 2 0 2 0 0 0 2 0 2 0 0 0 2 0 2 0 0 0 2 0 2 0 0 0 2 0 2 0 0 0 2 0 2 0 0 0 2 0 2 0 0 0 2 0 2 0 0 0 2 0 2 0 0 0 2 0 2 0 0 0 2 0 2 0 0 0 2 0 2 0 0 0 2 0 2 0 0 0 2 0 2 0 0 0 2 0 2 0 0 0 2 0 2 0 0 0 0 0 3 0 3 0 0 0 3 0 3 0 0 0 3 0 3 0 0 0 3 0 3 0 0 0 3 0 3 0 0 0 3 0 3 0 0 0 3 0 3 0 0 0 3 0 3 0 0 0 3 0 3 0 0 0 1 0 0 0 1 0 1 0 0 0 1 0 1 0 0 0 1 0 1 0 0 0 1 0 1 0 0 0 1 0 1 0 0 0 1 0 1 0 0 0 1 0 1 0 0 0 1 0 1 0 0 0 1 0 1 0 0 0 1 0 1 0 0 0 1 0 1 0 0 0 1 0 0 0 1 0 0 0 1 0 1 0 0 0 1 0 1 0 0 0 1 0 1 0 0 0 1 0 1 0 0 0 1 0 1 0 0 0 1 0 1 0 0 0 1 0 1 0 0 0 1 0 1 0 0 0 1 0 1 0 0 0 1 0 1 0 0 0 1 0 1 0 0 0 1 0 0 0 1 0 0 0 1 0 1 0 0 0 1 0 1 0 0 0 1 0 1 0 0 0 1 0 1 0 0 0 1 0 1 0 0 0 1 0 1 0 0 0 1 0 1 0 0 0 1 0 1 0 0 0 1 0 1 0 0 0 1 0 1 0 0 0 1 0 1 0 0 0 1 0 0 0 1 0 0 0 1 0 1 0 0 0 1 0 1 0 0 0 1 0 1 0 0 0 1 0 1 0 0 0 1 0 1 0 0 0 1 0 1 0 0 0 1 0 1 0 0 0 1 0 1 0 0 0 1 0 1 0 0 0 1 0 1 0 0 0 1 0 1 0 0 0 1 0 0 0 0 0 0 0 0 0 0 0 0 0 0 0 0 0 0 0 0 0 0 0 0 0 0 0 0 0 0 0 0 0 0 0 0 0 0 0 0 0 0 0 0 0 0 0 0 0 0 0 0 0 0 0 0 0 0 0 0 0 0 0 0 0 0 0 0 0 0 0 0 0 0 0 0 0 0 0 0 0 0 0 0 0 0 0 0 0 0 0 0 0 0 0 0 0 0 0 0 0 0 0 0 0 0 0 0 0 0 0 0 0 0 0 0 0 0 0 0 0 0 0 0 0 0 0 0 0 0 0 0 0 0 0 0 0 0 0 0 0 0 0 0 0 0 0 0 0 0 0 0 0 0 0 0 0 0 0 0 0 0 0 0 0 0 0 0 0 0 0 0 0 0 0 0 0 0 0 0 0 0 0 0 0 0 0 0 0 0 0 0 0 0 0 0 0 0 0 0 0 0 0 0 0 0 0 0 0 0 0 0 0 0 0 0 0 0 0 0 0 0 0 0 0 0 0 0 0 0 0 0 0 0 0 0 0 0 0 0 0 0 0 0 0 0 0 0 0 0 0 0 0 0 0 0 0 0 0 0 0 0 0 0 0 0 0 0 0 0 0 0 0 0 0 0 0 0 0 0 0 0 0 0 0 0 0 0 0 0 0 0 0 0 0 0 0 0 0 0 0 0 0 0 0 0 0 0 0 0 0 0 0 0 0 0 0 0 0 0 0 0 0 0 0 0 0 0 0 0 0 0 0 0 0 0 0 0 0 0 0 0 0 0 0 0 0 0 0 0 0 0 0 0 0 0 0 0 0 0 0 0 0 0 0 0 0 0 0 0 0 0 0 0 0 0 0 0 0 0 0 0 0 0 0 0 0 0 0 0 0 0 0 0 0 0 0 0 0 0 0 0 0 0 0 0 0 0 0 0 0 0 0 0 0 0 0 0 0 0 0 0 0 0 0 0 0 0 0 0 0 0 0 0 0 0 0 0 0 0 0 0 0 0 0 0 0 0 0 0 0 0 0 0 0 0 0 0 0 0 0 0 0 0 0 0 0 0 0 0 0 0 0 0 0 0 0 0 0 0 0 0 0 0 0 0 0 0 0 0 0 0 0 0 0 0 0 0 0 0 0 0 0 0 0 0 0 0 0 0 0 0 0 0 0 0 0 0 0 0 0 0 0 0 0 0 0 0 0 0 0 0 0 0 0 0 0 0 0 0 0 0 0 0 0 0 0 0 0 0 0 0 0 0 0 0 0 0 0 0 0 0 0 0 0 0 0 0 0 0 0 0 0 0 0 0 0 0 0 0 0 0 0 0 0 0 0 0 0 0 0 0 0 0 0 0 0 0 0 0 0 0 0 0 0 0 0 0 0 0 0 0 0 0 0 0 0 0 0 0 0 0 0 0 0 0 0 0 0 0 0 0 0 0 0 0 0 0 0 0 0 0 0 0 0 0 0 0 0 0 0 0 0 0 0 0 0 0 0 0 0 0 0 0 0 0 0 0 0 0 0 0 0 0 0 0 0 0 0 0 0 0 0 0 0 0 0 0 0 0 0 0 0 0 0 0 0 0 0 0 0 0 0 0 0 0 0 0 0 0 0 0 0 0 0 0 0 0 0 0 0 0 0 0 0 0 0 0 0 0 0 0 0 0 0 0 0 0 0 0 0 0 0 0 0 0 0 0 0 0 0 0 0 0 0 0 0 0 0 0 0 0 0 0 0 0 0 0 0 0 0 0 0 0 0 0 0 0 0 0 0 0 0 0 0 0 0 0 0 0 0 0 0 0 0 0 0 0 0 0 0 0 0 0 0 0 0 0 0 0 0 0 0 0 0 0 0 0 0 0 0 0 0 0 0 0 0 0 0 0 0 0 0 0 0 0 0 0 0 0 0 0 0 0 0 0 0 0 0 0 0 0 0 0 0 0 0 0 0 0 0 0 0 0 0 0 0 0 0 0 0 0 0 0 0 0 0 0 0 0 0 0 0 0 0 0 0 0 0 0 0 0 0 0 0 0 0 0 0 0 0 0 0 0 0 0 0 0 0 0 0 0 0 0 0 0 0 0 0 0 0 0 0 0 0 0 0 0 0 0 0 0 0 0 0 0 0 0 0 0 0 0 0 0 0 0 0 0 0 0 0 0 0 0 0 0 0 0 0 0 0 0 0 0 0 0 0 0 0 0 0 0 0 0 0 0 0 0 0 0 0 0 0 0 0 0 0 0 0 0 0 0 0 0 0 0 0 0 0 0 0 0 0 0 0 0 0 0 0 0 0 0 0 0 0 0 0 0 0 0 0 0 0 0 0 0 0 0 0 0 0 0 0 0 0 0 0 0 0 0 0 0 0 0 0 0 0 0 0 0 0 0 0 0 0 0 0 0 0 0 0 0 0 0 0 0 0 0 0 0 0 0 0 0 0 0 0 0 0 0 0 0 0 0 0 0 0 0 0 0 0 0 0 0 0 0 0 0 0 0 0 0 0 0 0 0 0 0 0 0 0 0 0 0 0 0 0 0 0 0 0 0 0 0 0 0 0 0 0 0 0 0 0 0 0 0 0 0 0 0 0 0 0 0 0 0 0 0 0 0 0 0 0 0 0 0 0 0 0 0 0 0 0 0 0 0 0 0 0 0 0 0 0 0 0 0 0 0 0 0 0 0 0 0 0 0 0 0 0 0 0 0 0 0 0 0 0 0 0 0 0 0 0 0 0 0 0 0 0 0 0 0 0 0 0 0 0 0 0 0 0 0 0 0 0 0 0 0 0 0 0 0 0 0 0 0 0 0 0 0 0 0 0 0 0 0 0 0 0 0 0 0 0 0 0 0 0 0 0 0 0 0 0 0 0 0 0 0 0 0 0 0 0 0 0 0 0 0 0 0 0 0 0 0 0 0 0 0 0 0 0 0 0 0 0 0 0 0 0 0 0 0 0 0 0 0 0 0 0 0 0 0 0 0 0 0 0 0 0 0 0 0 0 0 0 0 0 0 0 0 0 0 0 0 0 0 0 0 0 0 0 0 0 0 0 0 0 0 0 0 0 0 0 0 0 0 0 0 0 0 0 0 0 0 0 0 0 0 0 0 0 0 0 0 0 0 0 0 0 0 0 0 0 0 0 0 0 0 0 0 0 0 0 0 0 0 0 0 0 0 0 0 0 0 0 0 0 0 0 0 0 0 0 0 0 0 0 0 0 0 0 0 0 0 0 0 0 0 0 0 0 0 0 0 0 0 0 0 0 0 0 0 0 0 0 0 0 0 0 0 0 0 0 0 0 0 0 0 0 0 0 0 0 0 0 0 0 0 0 0 0 0 0 0 0 0 0 0 0 0 0 0 0 0 0 0 0 0 0 0 0 0 0 0 0 0 0 0 0 0 0 0 0 0 0 0 0 0 0 0 0 0 0 0 0 0 0 0 0 0 0 0 0 0 0 0 0 0 0 0 0 0 0 0 0 0 0 0 0 0 0 0 0 0 0 0 0 0 0 0 0 0 0 0 0 0 0 0 0 0 0 0 0 0 0 0 0 0 0 0 0 0 0 0 0 0 0 0 0 0 0 0 0 0 0 0 0 0 0 0 0 0 0 0 0 0 0 0 0 0 0 0 0 0 0 0 0 0 0 0 0 0 0 0 0 0 0 0 0 0 0 0 0 0 0 0 0 0 0 0 0 0 0 0 0 0 0 0 0 0 0 0 0 0 0 0 0 0 0 0 0 0 0 0 0 0 0 0 0 0 0 0 0 0 0 0 0 0 0 0 0 0 0 0 0 0 0 0 0 0 0 0 0 0 0 0 0 0 0 0 0 0 0 0 0 0 0 0 0 0 0 0 0 0 0 0 0 0 0 0 0 0 0 0 0 0 0 0 0 0 0 0 0 0 0 0 0 0 0 0 0 0 0 0 0 0 0 0 0 0 0 0 0 0 0 0 0 0 0 0 0 0 0 0 0 0 0 0 0 0 0 0 0 0 0 0 0 0 0 0 0 0 0 0 0 0 0 0 0 0 0 0 0 0 0 0 0 0 0 0 0 0 0 0 0 0 0 0 0 0 0 0 0 0 0 0 0 0 0 0 0 0 0 0 0 0 0 0 0 0 0 0 0 0 0 0 0 0 0 0 0 0 0 0 0 0 0 0 0 0 0 0 0 0 0 0 0 0 0 0 0 0 0 0 0 0 0 0 0 0 0 0 0 0 0 0 0 0 0 0 0 0 0 0 0 0 0 0 0 0 0 0 0 0 0 0 0 0 0 0 0 0 0 0 0 0 0 0 0 0 0 0 0 0 0 0 0 0 0 0 0 0 0 0 0 0 0 0 0 0 0 0 0 0 0 0 0 0 0 0 0 0 0 0 0 0 0 0 0 0 0 0 0 0 0 0 0 0 0 0 0 0 0 0 0 0 0 0 0 0 0 0 0 0 0 0 0 0 0 0 0 0 0 0 0 0 0 0 0 0 0 0 0 0 0 0 0 0 0 0 0 0 0 0 0 0 0 0 0 0 0 0 0 0 0 0 0 0 0 0 0 0 0 0 0 0 0 0 0 0 0 0 0 0 0 0 0 0 0 0 0 0 0 0 0 0 0 0 0 0 0 0 0 0 0 0 0 0 0 0 0 0 0 0 0 0 0 0 0 0 0 0 0 0 0 0 0 0 0 0 0 0 0 0 0 0 0 0 0 0 0 0 0 0 0 0 0 0 0 0 0 0 0 0 0 0 0 0 0 0 0 0 0 0 0 0 0 0 0 0 0 0 0 0 0 0 0 0 0 0 0 0 0 0 0 0 0 0 0 0 0 0 0 0 0 0 0 0 0 0 0 0 0 0 0 0 0 0 0 0 0 0 0 0 0 0 0 0 0 0 0 0 0 0 0 0 0 0 0 0 0 0 0 0 0 0 0 0 0 0 0 0 0 0 0 0 0 0 0 0 0 0 0 0 0 0 0 0 0 0 0 0 0 0 0 0 0 0 0 0 0 0 0 0 0 0 0 0 0 0 0 0 0 0 0 0 0 0 0 0 0 0 0 0 0 0 0 0 0 0 0 0 0 0 0 0 0 0 0 0 0 0 0 0 0 0 0 0 0 0 0 0 0 0 0 0 0 0 0 0 0 0 0 0 0 0 0 0 0 0 0 0 0 0 0 0 0 0 0 0 0 0 0 0 0 0 0 0 0 0 0 0 0 0 0 0 0 0 0 0 0 0 0 0 0 0 0 0 0 0 0 0 0 0 0 0 0 0 0 0 0 0 0 0 0 0 0 0 0 0 0 0 0 0 0 0 0 0 0 0 0 0 0 0 0 0 0 0 0 0 0 0 0 0 0 0 0 0 0 0 0 0 0 0 0 0 0 0 0 0 0 0 0 0 0 0 0 0 0 0 0 0 0 0 0 0 0 0 0 0 0 0 0 0 0 0 0 0 0 0 0 0 0 0 0 0 0 0 0 0 0 0 0 0 0 0 0 0 0 0 0 0 0 0 0 0 0 0 0 0 0 0 0 0 0 0 0 0 0 0 0 0 0 0 0 0 0 0 0 0 0 0 0 0 0 0 0 0 0 0 0 0 0 0 0 0 0 0 0 0 0 0 0 0 0 0 0 0 0 0 0 0 0 0 0 0 0 0 0 0 0 0 0 0 0 0 0 0 0 0 0 0 0 0 0 0 0 0 0 0 0 0 0 0 0 0 0 0 0 0 0 0 0 0 0 0 0 0 0 0 0 0 0 0 0 0 0 0 0 0 0 0 0 0 0 0 0 0 0 0 0 0 0 0 0 0 0 0 0 0 0 0 0 0 0 0 0 0 0 0 0 0 0 0 0 0 0 0 0 0 0 0 0 0 0 0 0 0 0 0 0 0 0 0 0 0 0 0 0 0 0 0 0 0 0 0 0 0 0 0 0 0 0 0 0 0 0 0 0 0 0 0 0 0 0 0 0 0 0 0 0 0 0 0 0 0 0 0 0 0 0 0 0 0 0 0 0 0 0 0 0 0 0 0 0 0 0 0 0 0 0 0 0 0 0 0 0 0 0 0 0 0 0 0 0 0 0 0 0 0 0 0 0 0 0 0 0 0 0 0 0 0 0 0 0 0 0 0 0 0 0 0 0 0 0 0 0 0 0 0 0 0 0 0 0 0 0 0 0 0 0 0 0 0 0 0 0 0 0 0 0 0 0 0 0 0 0 0 0 0 0 0 0 0 0 0 0 0 0 0 0 0 0 0 0 0 0 0 0 0 0 0 0 0 0 0 0 0 0 0 0 0 0 0 0 0 0 0 0 0 0 0 0 0 0 0 0 0 0 0 0 0 0 0 0 0 0 0 0 0 0 0 0 0 0 0 0 0 0 0 0 0 0 0 0 0 0 0 0 0 0 0 0 0 0 0 0 0 0 0 0 0 0 0 0 0 0 0 0 0 0 0 0 0 0 0 0 0 0 0 0 0 0 0 0 0 0 0 0 0 0 0 0 0 0 0 0 0 0 0 0 0 0 0 0 0 0 0 0 0 0 0 0 0 0 0 0 0 0 0 0 0 0 0 0 0 0 0 0 0 0 0 0 0 0 0 0 0 0 0 0 0 0 0 0 0 0 0 0 0 0 0 0 0 0 0 0 0 0 0 0 0 0 0 0 0 0 0 0 0 0 0 0 0 0 0 0 0 0 0 0 0 0 0 0 0 0 0 0 0 0 0 0 0 0 0 0 0 0 0 0 0 0 0 0 0 0 0 0 0 0 0 0 0 0 0 0 0 0 0 0 0 0 0 0 0 0 0 0 0 0 0 0 0 0 0 0 0 0 0 0 0 0 0 0 0 0 0 0 0 0 0 0 0 0 0 0 0 0 0 0 0 0 0 0 0 0 0 0 0 0 0 0 0 0 0 0 0 0 0 0 0 0 0 0 0 0 0 0 0 0 0 0 0 0 0 0 0 0 0 0 0 0 0 0 0 0 0 0 0 0 0 0 0 0 0 0 0 0 0 0 0 0 0 0 0 0 0 0 0 0 0 0 0 0 0 0 0 0 0 0 0 0 0 0 0 0 0 0 0 0 0 0 0 0 0 0 0 0 0 0 0 0 0 0 0 0 0 0 0 0 0 0 0 0 0 0 0 0 0 0 0 0 0 0 0 0 0 0 0 0 0 0 0 0 0 0 0 0 0 0 0 0 0 0 0 0 0 0 0 0 0 0 0 0 0 0 0 0 0 0 0 0 0 0 0 0 0 0 0 0 0 0 0 0 0 0 0 0 0 0 0 0 0 0 0 0 0 0 0 0 0 0 0 0 0 0 0 0 0 0 0 0 0 0 0 0 0 0 0 0 0 0 0 0 0 0 0 0 0 0 0 0 0 0 0 0 0 0 0 0 0 0 0 0 0 0 0 0 0 0 0 0 0 0 0 0 0 0 0 0 0 0 0 0 0 0 0 0 0 0 0 0 0 0 0 0 0 0 0 0 0 0 0 0 0 0 0 0 0 0 0 0 0 0 0 0 0 0 0 0 0 0 0 0 0 0 0 0 0 0 0 0 0 0 0 0 0 0 0 0 0 0 0 0 0 0 0 0 0 0 0 0 0 0 0 0 0 0 0 0 0 0 0 0 0 0 0 0 0 0 0 0 0 0 0 0 0 0 0 0 0 0 0 0 0 0 0 0 0 0 0 0 0 0 0 0 0 0 0 0 0 0 0 0 0 0 0 0 0 0 0 0 0 0 0 0 0 0 0 0 0 0 0 0 0 0 0 0 0 0 0 0 0 0 0 0 0 0 0 0 0 0 0 0 0 0 0 0 0 0 0 0 0 0 0 0 0 0 0 0 0 0 0 0 0 0 0 0 0 0 0 0 0 0 0 0 0 0 0 0 0 0 0 0 0 0 0 0 0 0 0 0 0 0 0 0 0 0 0 0 0 0 0 0 0 0 0 0 0 0 0 0 0 0 0 0 0 0 0 0 0 0 0 0 0 0 0 0 0 0 0 0 0 0 0 0 0 0 0 0 0 0 0 0 0 0 0 0 0 0 0 0 0 0 0 0 0 0 0 0 0 0 0 0 0 0 0 0 0 0 0 0 0 0 0 0 0 0 0 0 0 0 0 0 0 0 0 0 0 0 0 0 0 0 0 0 0 0 0 0 0 0 0 0 0 0 0 0 0 0 0 0 0 0 0 0 0 0 0 0 0 0 0 0 0 0 0 0 0 0 0 0 0 0 0 0 0 0 0 0 0 0 0 0 0 0 0 0 0 0 0 0 0 0 0 0 0 0 0 0 0 0 0 0 0 0 0 0 0 0 0 0 0 0 0 0 0 0 0 0 0 0 0 0 0 0 0 0 0 0 0 0 0 0 0 0 0 0 0 0 0 0 0 0 0 0 0 0 0 0 0 0 0 0 0 0 0 0 0 0 0 0 0 0 0 0 0 0 0 0 0 0 0 0 0 0 0 0 0 0 0 0 0 0 0 0 0 0 0 0 0 0 0 0 0 0 0 0 0 0 0 0 0 0 0 0 0 0 0 0 0 0 0 0 0 0 0 0 0 0 0 0 0 0 0 0 0 0 0 0 0 0 0 0 0 0 0 0 0 0 0 0 0 0 0 0 0 0 0 0 0 0 0 0 0 0 0 0 0 0 0 0 0 0 0 0 0 0 0 0 0 0 0 0 0 0 0 0 0 0 0 0 0 0 0 0 0 0 0 0 0 0 0 0 0 0 0 0 0 0 0 0 0 0 0 0 0 0 0 0 0 0 0 0 0 0 0 0 0 0 0 0 0 0 0 0 0 0 0 0 0 0 0 0 0 0 0 0 0 0 0 0 0 0 0 0 0 0 0 0 0 0 0 0 0 0 0 0 0 0 0 0 0 0 0 0 0 0 0 0 0 0 0 0 0 0 0 0 0 0 0 0 0 0 0 0 0 0 0 0 0 0 0 0 0 0 0 0 0 0 0 0 0 0 0 0 0 0 0 0 0 0 0 0 0 0 0 0 0 0 0 0 0 0 0 0 0 0 0 0 0 0 0 0 0 0 0 0 0 0 0 0 0 0 0 0 0 0 0 0 0 0 0 0 0 0 0 0 0 0 0 0 0 0 0 0 0 0 0 0 0 0 0 0 0 0 0 0 0 0 0 0 0 0 0 0 0 0 0 0 0 0 0 0 0 0 0 0 0 0 0 0 0 0 0 0 0 0 0 0 0 0 0 0 0 0 0 0 0 0 0 0 0 0 0 0 0 0 0 0 0 0 0 0 0 0 0 0 0 0 0 0 0 0 0 0 0 0 0 0 0 0 0 0 0 0 0 0 0 0 0 0 0 0 0 0 0 0 0 0 0 0 0 0 0 0 0 0 0 0 0 0 0 0 0 0 0 0 0 0 0 0 0 0 0 0 0 0 0 0 0 0 0 0 0 0 0 0 0 0 0 0 0 0 0 0 0 0 0 0 0 0 0 0 0 0 0 0 0 0 0 0 0 0 0 0 0 0 0 0 0 0 0 0 0 0 0 0 0 0 0 0 0 0 0 0 0 0 0 0 0 0 0 0 0 0 0 0 0 0 0 0 0 0 0 0 0 0 0 0 0 0 0 0 0 0 0 0 0 0 0 0 0 0 0 0 0 0 0 0 0 0 0 0 0 0 0 0 0 0 0 0 0 0 0 0 0 0 0 0 0 0 0 0 0 0 0 0 0 0 0 0 0 0 0 0 0 0 0 0 0 0 0 0 0 0 0 0 0 0 0 0 0 0 0 0 0 0 0 0 0 0 0 0 0 0 0 0 0 0 0 0 0 0 0 0 0 0 0 0 0 0 0 0 0 0 0 0 0 0 0 0 0 0 0 0 0 0 0 0 0 0 0 0 0 0 0 0 0 0 0 0 0 0 0 0 0 0 0 0 0 0 0 0 0 0 0 0 0 0 0 0 0 0 0 0 0 0 0 0 0 0 0 0 0 0 0 0 0 0 0 0 0 0 0 0 0 0 0 0 0 0 0 0 0 0 0 0 0 0 0 0 0 0 0 0 0 0 0 0 0 0 0 0 0 0 0 0 0 0 0 0 0 0 0 0 0 0 0 0 0 0 0 0 0 0 0 0 0 0 0 0 0 0 0 0 0 0 0 0 0 0 0 0 0 0 0 0 0 0 0 0 0 0 0 0 0 0 0 0 0 0 0 0 0 0 0 0 0 0 0 0 0 0 0 0 0 0 0 0 0 0 0 0 0 0 0 0 0 0 0 0 0 0 0 0 0 0 0 0 0 0 0 0 0 0 0 0 0 0 0 0 0 0 0 0 0 0 0 0 0 0 0 0 0 0 0 0 0 0 0 0 0 0 0 0 0 0 0 0 0 0 0 0 0 0 0 0 0 0 0 0 0 0 0 0 0 0 0 0 0 0 0 0 0 0 0 0 0 0 0 0 0 0 0 0 0 0 0 0 0 0 0 0 0 0 0 0 0 0 0 0 0 0 0 0 0 0 0 0 0 0 0 0 0 0 0 0 0 0 0 0 0 0 0 0 0 0 0 0 0 0 0 0 0 0 0 0 0 0 0 0 0 0 0 0 0 0 0 0 0 0 0 0 0 0 0 0 0 0 0 0 0 0 0 0 0 0 0 0 0 0 0 0 0 0 0 0 0 0 0 0 0 0 0 0 0 0 0 0 0 0 0 0 0 0 0 0 0 0 0 0 0 0 0 0 0 0 0 0 0 0 0 0 0 0 0 0 0 0 0 0 0 0 0 0 0 0 0 0 0 0 0 0 0 0 0 0 0 0 0 0 0 0 0 0 0 0 0 0 0 0 0 0 0 0 0 0 0 0 0 0 0 0 0 0 0 0 0 0 0 0 0 0 0 0 0 0 0 0 0 0 0 0 0 0 0 0 0 0 0 0 0 0 0 0 0 0 0 0 0 0 0 0 0 0 0 0 0 0 0 0 0 0 0 0 0 0 0 0 0 0 0 0 0 0 0 0 0 0 0 0 0 0 0 0 0 0 0 0 0 0 0 0 0 0 0 0 0 0 0 0 0 0 0 0 0 0 0 0 0 0 0 0 0 0 0 0 0 0 0 0 0 0 0 0 0 0 0 0 0 0 0 0 0 0 0 0 0 0 0 0 0 0 0 0 0 0 0 0 0 0 0 0 0 0 0 0 0 0 0 0 0 0 0 0 0 0 0 0 0 0 0 0 0 0 0 0 0 0 0 0 0 0 0 0 0 0 0 0 0 0 0 0 0 0 0 0 0 0 0 0 0 0 0 0 0 0 0 0 0 0 0 0 0 0 0 0 0 0 0 0 0 0 0 0 0 0 0 0 0 0 0 0 0 0 0 0 0 0 0 0 0 0 0 0 0 0 0 0 0 0 0 0 0 0 0 0 0 0 0 0 0 0 0 0 0 0 0 0 0 0 0 0 0 0 0 0 0 0 0 0 0 0 0 0 0 0 0 0 0 0 0 0 0 0 0 0 0 0 0 0 0 0 0 0 0 0 0 0 0 0 0 0 0 0 0 0 0 0 0 0 0 0 0 0 0 0 0 0 0 0 0 0 0 0 0 0 0 0 0 0 0 0 0 0 0 0 0 0 0 0 0 0 0 0 0 0 0 0 0 0 0 0 0 0 0 0 0 0 0 0 0 0 0 0 0 0 0 0 0 0 0 0 0 0 0 0 0 0 0 0 0 0 0 0 0 0 0 0 0 0 0 0 0 0 0 0 0 0 0 0 0 0 0 0 0 0 0 0 0 0 0 0 0 0 0 0 0 0 0 0 0 0 0 0 0 0 0 0 0 0 0 0 0 0 0 0 0 0 0 0 0 0 0 0 0 0 0 0 0 0 0 0 0 0 0 0 0 0 0 0 0 0 0 0 0 0 0 0 0 0 0 0 0 0 0 0 0 0 0 0 0 0 0 0 0 0 0 0 0 0 0 0 0 0 0 0 0 0 0 0 0 0 0 0 0 0 0 0 0 0 0 0 0 0 0 0 0 0 0 0 0 0 0 0 0 0 0 0 0 0 0 0 0 0 0 0 0 0 0 0 0 0 0 0 0 0 0 0 0 0 0 0 0 0 0 0 0 0 0 0 0 0 0 0 0 0 0 0 0 0 0 0 0 0 0 0 0 0 0 0 0 0 0 0 0 0 0 0 0 0 0 0 0 0 0 0 0 0 0 0 0 0 0 0 0 0 0 0 0 0 0 0 0 0 0 0 0 0 0 0 0 0 0 0 0 0 0 0 0 0 0 0 0 0 0 0 0 0 0 0 0 0 0 0 0 0 0 0 0 0 
1 0 0 1 1 0 0 1 0 0 1 0 1 0 1 0 0 1 0 0 2 1 1 2 1 2 1 2 0 0 1 0 1 0 0 0 1 0 1 0 0 0 1 0 1 0 0 0 1 0 1 0 0 0 1 0 1 0 0 0 1 0 1 0 0 0 1 0 1 0 0 0 1 0 1 0 0 0 1 0 1 0 0 0 1 0 1 0 0 0 1 0 1 0 0 0 1 0 1 0 0 0 1 0 1 0 0 0 1 0 1 0 0 0 1 0 1 0 0 0 1 0 1 0 0 0 1 0 1 0 0 0 1 0 1 0 0 0 1 0 1 0 0 0 0 0 2 0 2 0 0 0 2 0 2 0 0 0 2 0 2 0 0 0 2 0 2 0 0 0 2 0 2 0 0 0 2 0 2 0 0 0 2 0 2 0 0 0 2 0 2 0 0 0 2 0 2 0 0 0 0 0 1 0 1 0 0 0 1 0 1 0 0 0 1 0 1 0 0 0 1 0 1 0 0 0 1 0 1 0 0 0 1 0 1 0 0 0 1 0 1 0 0 0 1 0 1 0 0 0 1 0 1 0 0 0 1 0 1 0 0 0 1 0 1 0 0 0 1 0 1 0 0 0 1 0 1 0 0 0 1 0 1 0 0 0 1 0 1 0 0 0 1 0 1 0 0 0 1 0 1 0 0 0 1 0 1 0 0 0 1 0 1 0 0 0 0 0 2 0 2 0 0 0 2 0 2 0 0 0 2 0 2 0 0 0 2 0 2 0 0 0 2 0 2 0 0 0 2 0 2 0 0 0 2 0 2 0 0 0 2 0 2 0 0 0 2 0 2 0 0 0 1 0 0 0 1 0 1 0 0 0 1 0 1 0 0 0 1 0 1 0 0 0 1 0 1 0 0 0 1 0 1 0 0 0 1 0 1 0 0 0 1 0 1 0 0 0 1 0 1 0 0 0 1 0 1 0 0 0 1 0 1 0 0 0 1 0 1 0 0 0 1 0 0 0 1 0 0 0 1 0 1 0 0 0 1 0 1 0 0 0 1 0 1 0 0 0 1 0 1 0 0 0 1 0 1 0 0 0 1 0 1 0 0 0 1 0 1 0 0 0 1 0 1 0 0 0 1 0 1 0 0 0 1 0 1 0 0 0 1 0 1 0 0 0 1 0 0 0 1 0 0 0 1 0 1 0 0 0 1 0 1 0 0 0 1 0 1 0 0 0 1 0 1 0 0 0 1 0 1 0 0 0 1 0 1 0 0 0 1 0 1 0 0 0 1 0 1 0 0 0 1 0 1 0 0 0 1 0 1 0 0 0 1 0 1 0 0 0 1 0 0 0 1 0 0 0 1 0 1 0 0 0 1 0 1 0 0 0 1 0 1 0 0 0 1 0 1 0 0 0 1 0 1 0 0 0 1 0 1 0 0 0 1 0 1 0 0 0 1 0 1 0 0 0 1 0 1 0 0 0 1 0 1 0 0 0 1 0 1 0 0 0 1 0 0 0 0 0 0 0 0 0 0 0 0 0 0 0 0 0 0 0 0 0 0 0 0 0 0 0 0 0 0 0 0 0 0 0 0 0 0 0 0 0 0 0 0 0 0 0 0 0 0 0 0 0 0 0 0 0 0 0 0 0 0 0 0 0 0 0 0 0 0 0 0 0 0 0 0 0 0 0 0 0 0 0 0 0 0 0 0 0 0 0 0 0 0 0 0 0 0 0 0 0 0 0 0 0 0 0 0 0 0 0 0 0 0 0 0 0 0 0 0 0 0 0 0 0 0 0 0 0 0 0 0 0 0 0 0 0 0 0 0 0 0 0 0 0 0 0 0 0 0 0 0 0 0 0 0 0 0 0 0 0 0 0 0 0 0 0 0 0 0 0 0 0 0 0 0 0 0 0 0 0 0 0 0 0 0 0 0 0 0 0 0 0 0 0 0 0 0 0 0 0 0 0 0 0 0 0 0 0 0 0 0 0 0 0 0 0 0 0 0 0 0 0 0 0 0 0 0 0 0 0 0 0 0 0 0 0 0 0 0 0 0 0 0 0 0 0 0 0 0 0 0 0 0 0 0 0 0 0 0 0 0 0 0 0 0 0 0 0 0 0 0 0 0 0 0 0 0 0 0 0 0 0 0 0 0 0 0 0 0 0 0 0 0 0 0 0 0 0 0 0 0 0 0 0 0 0 0 0 0 0 0 0 0 0 0 0 0 0 0 0 0 0 0 0 0 0 0 0 0 0 0 0 0 0 0 0 0 0 0 0 0 0 0 0 0 0 0 0 0 0 0 0 0 0 0 0 0 0 0 0 0 0 0 0 0 0 0 0 0 0 0 0 0 0 0 0 0 0 0 0 0 0 0 0 0 0 0 0 0 0 0 0 0 0 0 0 0 0 0 0 0 0 0 0 0 0 0 0 0 0 0 0 0 0 0 0 0 0 0 0 0 0 0 0 0 0 0 0 0 0 0 0 0 0 0 0 0 0 0 0 0 0 0 0 0 0 0 0 0 0 0 0 0 0 0 0 0 0 0 0 0 0 0 0 0 0 0 0 0 0 0 0 0 0 0 0 0 0 0 0 0 0 0 0 0 0 0 0 0 0 0 0 0 0 0 0 0 0 0 0 0 0 0 0 0 0 0 0 0 0 0 0 0 0 0 0 0 0 0 0 0 0 0 0 0 0 0 0 0 0 0 0 0 0 0 0 0 0 0 0 0 0 0 0 0 0 0 0 0 0 0 0 0 0 0 0 0 0 0 0 0 0 0 0 0 0 0 0 0 0 0 0 0 0 0 0 0 0 0 0 0 0 0 0 0 0 0 0 0 0 0 0 0 0 0 0 0 0 0 0 0 0 0 0 0 0 0 0 0 0 0 0 0 0 0 0 0 0 0 0 0 0 0 0 0 0 0 0 0 0 0 0 0 0 0 0 0 0 0 0 0 0 0 0 0 0 0 0 0 0 0 0 0 0 0 0 0 0 0 0 0 0 0 0 0 0 0 0 0 0 0 0 0 0 0 0 0 0 0 0 0 0 0 0 0 0 0 0 0 0 0 0 0 0 0 0 0 0 0 0 0 0 0 0 0 0 0 0 0 0 0 0 0 0 0 0 0 0 0 0 0 0 0 0 0 0 0 0 0 0 0 0 0 0 0 0 0 0 0 0 0 0 0 0 0 0 0 0 0 0 0 0 0 0 0 0 0 0 0 0 0 0 0 0 0 0 0 0 0 0 0 0 0 0 0 0 0 0 0 0 0 0 0 0 0 0 0 0 0 0 0 0 0 0 0 0 0 0 0 0 0 0 0 0 0 0 0 0 0 0 0 0 0 0 0 0 0 0 0 0 0 0 0 0 0 0 0 0 0 0 0 0 0 0 0 0 0 0 0 0 0 0 0 0 0 0 0 0 0 0 0 0 0 0 0 0 0 0 0 0 0 0 0 0 0 0 0 0 0 0 0 0 0 0 0 0 0 0 0 0 0 0 0 0 0 0 0 0 0 0 0 0 0 0 0 0 0 0 0 0 0 0 0 0 0 0 0 0 0 0 0 0 0 0 0 0 0 0 0 0 0 0 0 0 0 0 0 0 0 0 0 0 0 0 0 0 0 0 0 0 0 0 0 0 0 0 0 0 0 0 0 0 0 0 0 0 0 0 0 0 0 0 0 0 0 0 0 0 0 0 0 0 0 0 0 0 0 0 0 0 0 0 0 0 0 0 0 0 0 0 0 0 0 0 0 0 0 0 0 0 0 0 0 0 0 0 0 0 0 0 0 0 0 0 0 0 0 0 0 0 0 0 0 0 0 0 0 0 0 0 0 0 0 0 0 0 0 0 0 0 0 0 0 0 0 0 0 0 0 0 0 0 0 0 0 0 0 0 0 0 0 0 0 0 0 0 0 0 0 0 0 0 0 0 0 0 0 0 0 0 0 0 0 0 0 0 0 0 0 0 0 0 0 0 0 0 0 0 0 0 0 0 0 0 0 0 0 0 0 0 0 0 0 0 0 0 0 0 0 0 0 0 0 0 0 0 0 0 0 0 0 0 0 0 0 0 0 0 0 0 0 0 0 0 0 0 0 0 0 0 0 0 0 0 0 0 0 0 0 0 0 0 0 0 0 0 0 0 0 0 0 0 0 0 0 0 0 0 0 0 0 0 0 0 0 0 0 0 0 0 0 0 0 0 0 0 0 0 0 0 0 0 0 0 0 0 0 0 0 0 0 0 0 0 0 0 0 0 0 0 0 0 0 0 0 0 0 0 0 0 0 0 0 0 0 0 0 0 0 0 0 0 0 0 0 0 0 0 0 0 0 0 0 0 0 0 0 0 0 0 0 0 0 0 0 0 0 0 0 0 0 0 0 0 0 0 0 0 0 0 0 0 0 0 0 0 0 0 0 0 0 0 0 0 0 0 0 0 0 0 0 0 0 0 0 0 0 0 0 0 0 0 0 0 0 0 0 0 0 0 0 0 0 0 0 0 0 0 0 0 0 0 0 0 0 0 0 0 0 0 0 0 0 0 0 0 0 0 0 0 0 0 0 0 0 0 0 0 0 0 0 0 0 0 0 0 0 0 0 0 0 0 0 0 0 0 0 0 0 0 0 0 0 0 0 0 0 0 0 0 0 0 0 0 0 0 0 0 0 0 0 0 0 0 0 0 0 0 0 0 0 0 0 0 0 0 0 0 0 0 0 0 0 0 0 0 0 0 0 0 0 0 0 0 0 0 0 0 0 0 0 0 0 0 0 0 0 0 0 0 0 0 0 0 0 0 0 0 0 0 0 0 0 0 0 0 0 0 0 0 0 0 0 0 0 0 0 0 0 0 0 0 0 0 0 0 0 0 0 0 0 0 0 0 0 0 0 0 0 0 0 0 0 0 0 0 0 0 0 0 0 0 0 0 0 0 0 0 0 0 0 0 0 0 0 0 0 0 0 0 0 0 0 0 0 0 0 0 0 0 0 0 0 0 0 0 0 0 0 0 0 0 0 0 0 0 0 0 0 0 0 0 0 0 0 0 0 0 0 0 0 0 0 0 0 0 0 0 0 0 0 0 0 0 0 0 0 0 0 0 0 0 0 0 0 0 0 0 0 0 0 0 0 0 0 0 0 0 0 0 0 0 0 0 0 0 0 0 0 0 0 0 0 0 0 0 0 0 0 0 0 0 0 0 0 0 0 0 0 0 0 0 0 0 0 0 0 0 0 0 0 0 0 0 0 0 0 0 0 0 0 0 0 0 0 0 0 0 0 0 0 0 0 0 0 0 0 0 0 0 0 0 0 0 0 0 0 0 0 0 0 0 0 0 0 0 0 0 0 0 0 0 0 0 0 0 0 0 0 0 0 0 0 0 0 0 0 0 0 0 0 0 0 0 0 0 0 0 0 0 0 0 0 0 0 0 0 0 0 0 0 0 0 0 0 0 0 0 0 0 0 0 0 0 0 0 0 0 0 0 0 0 0 0 0 0 0 0 0 0 0 0 0 0 0 0 0 0 0 0 0 0 0 0 0 0 0 0 0 0 0 0 0 0 0 0 0 0 0 0 0 0 0 0 0 0 0 0 0 0 0 0 0 0 0 0 0 0 0 0 0 0 0 0 0 0 0 0 0 0 0 0 0 0 0 0 0 0 0 0 0 0 0 0 0 0 0 0 0 0 0 0 0 0 0 0 0 0 0 0 0 0 0 0 0 0 0 0 0 0 0 0 0 0 0 0 0 0 0 0 0 0 0 0 0 0 0 0 0 0 0 0 0 0 0 0 0 0 0 0 0 0 0 0 0 0 0 0 0 0 0 0 0 0 0 0 0 0 0 0 0 0 0 0 0 0 0 0 0 0 0 0 0 0 0 0 0 0 0 0 0 0 0 0 0 0 0 0 0 0 0 0 0 0 0 0 0 0 0 0 0 0 0 0 0 0 0 0 0 0 0 0 0 0 0 0 0 0 0 0 0 0 0 0 0 0 0 0 0 0 0 0 0 0 0 0 0 0 0 0 0 0 0 0 0 0 0 0 0 0 0 0 0 0 0 0 0 0 0 0 0 0 0 0 0 0 0 0 0 0 0 0 0 0 0 0 0 0 0 0 0 0 0 0 0 0 0 0 0 0 0 0 0 0 0 0 0 0 0 0 0 0 0 0 0 0 0 0 0 0 0 0 0 0 0 0 0 0 0 0 0 0 0 0 0 0 0 0 0 0 0 0 0 0 0 0 0 0 0 0 0 0 0 0 0 0 0 0 0 0 0 0 0 0 0 0 0 0 0 0 0 0 0 0 0 0 0 0 0 0 0 0 0 0 0 0 0 0 0 0 0 0 0 0 0 0 0 0 0 0 0 0 0 0 0 0 0 0 0 0 0 0 0 0 0 0 0 0 0 0 0 0 0 0 0 0 0 0 0 0 0 0 0 0 0 0 0 0 0 0 0 0 0 0 0 0 0 0 0 0 0 0 0 0 0 0 0 0 0 0 0 0 0 0 0 0 0 0 0 0 0 0 0 0 0 0 0 0 0 0 0 0 0 0 0 0 0 0 0 0 0 0 0 0 0 0 0 0 0 0 0 0 0 0 0 0 0 0 0 0 0 0 0 0 0 0 0 0 0 0 0 0 0 0 0 0 0 0 0 0 0 0 0 0 0 0 0 0 0 0 0 0 0 0 0 0 0 0 0 0 0 0 0 0 0 0 0 0 0 0 0 0 0 0 0 0 0 0 0 0 0 0 0 0 0 0 0 0 0 0 0 0 0 0 0 0 0 0 0 0 0 0 0 0 0 0 0 0 0 0 0 0 0 0 0 0 0 0 0 0 0 0 0 0 0 0 0 0 0 0 0 0 0 0 0 0 0 0 0 0 0 0 0 0 0 0 0 0 0 0 0 0 0 0 0 0 0 0 0 0 0 0 0 0 0 0 0 0 0 0 0 0 0 0 0 0 0 0 0 0 0 0 0 0 0 0 0 0 0 0 0 0 0 0 0 0 0 0 0 0 0 0 0 0 0 0 0 0 0 0 0 0 0 0 0 0 0 0 0 0 0 0 0 0 0 0 0 0 0 0 0 0 0 0 0 0 0 0 0 0 0 0 0 0 0 0 0 0 0 0 0 0 0 0 0 0 0 0 0 0 0 0 0 0 0 0 0 0 0 0 0 0 0 0 0 0 0 0 0 0 0 0 0 0 0 0 0 0 0 0 0 0 0 0 0 0 0 0 0 0 0 0 0 0 0 0 0 0 0 0 0 0 0 0 0 0 0 0 0 0 0 0 0 0 0 0 0 0 0 0 0 0 0 0 0 0 0 0 0 0 0 0 0 0 0 0 0 0 0 0 0 0 0 0 0 0 0 0 0 0 0 0 0 0 0 0 0 0 0 0 0 0 0 0 0 0 0 0 0 0 0 0 0 0 0 0 0 0 0 0 0 0 0 0 0 0 0 0 0 0 0 0 0 0 0 0 0 0 0 0 0 0 0 0 0 0 0 0 0 0 0 0 0 0 0 0 0 0 0 0 0 0 0 0 0 0 0 0 0 0 0 0 0 0 0 0 0 0 0 0 0 0 0 0 0 0 0 0 0 0 0 0 0 0 0 0 0 0 0 0 0 0 0 0 0 0 0 0 0 0 0 0 0 0 0 0 0 0 0 0 0 0 0 0 0 0 0 0 0 0 0 0 0 0 0 0 0 0 0 0 0 0 0 0 0 0 0 0 0 0 0 0 0 0 0 0 0 0 0 0 0 0 0 0 0 0 0 0 0 0 0 0 0 0 0 0 0 0 0 0 0 0 0 0 0 0 0 0 0 0 0 0 0 0 0 0 0 0 0 0 0 0 0 0 0 0 0 0 0 0 0 0 0 0 0 0 0 0 0 0 0 0 0 0 0 0 0 0 0 0 0 0 0 0 0 0 0 0 0 0 0 0 0 0 0 0 0 0 0 0 0 0 0 0 0 0 0 0 0 0 0 0 0 0 0 0 0 0 0 0 0 0 0 0 0 0 0 0 0 0 0 0 0 0 0 0 0 0 0 0 0 0 0 0 0 0 0 0 0 0 0 0 0 0 0 0 0 0 0 0 0 0 0 0 0 0 0 0 0 0 0 0 0 0 0 0 0 0 0 0 0 0 0 0 0 0 0 0 0 0 0 0 0 0 0 0 0 0 0 0 0 0 0 0 0 0 0 0 0 0 0 0 0 0 0 0 0 0 0 0 0 0 0 0 0 0 0 0 0 0 0 0 0 0 0 0 0 0 0 0 0 0 0 0 0 0 0 0 0 0 0 0 0 0 0 0 0 0 0 0 0 0 0 0 0 0 0 0 0 0 0 0 0 0 0 0 0 0 0 0 0 0 0 0 0 0 0 0 0 0 0 0 0 0 0 0 0 0 0 0 0 0 0 0 0 0 0 0 0 0 0 0 0 0 0 0 0 0 0 0 0 0 0 0 0 0 0 0 0 0 0 0 0 0 0 0 0 0 0 0 0 0 0 0 0 0 0 0 0 0 0 0 0 0 0 0 0 0 0 0 0 0 0 0 0 0 0 0 0 0 0 0 0 0 0 0 0 0 0 0 0 0 0 0 0 0 0 0 0 0 0 0 0 0 0 0 0 0 0 0 0 0 0 0 0 0 0 0 0 0 0 0 0 0 0 0 0 0 0 0 0 0 0 0 0 0 0 0 0 0 0 0 0 0 0 0 0 0 0 0 0 0 0 0 0 0 0 0 0 0 0 0 0 0 0 0 0 0 0 0 0 0 0 0 0 0 0 0 0 0 0 0 0 0 0 0 0 0 0 0 0 0 0 0 0 0 0 0 0 0 0 0 0 0 0 0 0 0 0 0 0 0 0 0 0 0 0 0 0 0 0 0 0 0 0 0 0 0 0 0 0 0 0 0 0 0 0 0 0 0 0 0 0 0 0 0 0 0 0 0 0 0 0 0 0 0 0 0 0 0 0 0 0 0 0 0 0 0 0 0 0 0 0 0 0 0 0 0 0 0 0 0 0 0 0 0 0 0 0 0 0 0 0 0 0 0 0 0 0 0 0 0 0 0 0 0 0 0 0 0 0 0 0 0 0 0 0 0 0 0 0 0 0 0 0 0 0 0 0 0 0 0 0 0 0 0 0 0 0 0 0 0 0 0 0 0 0 0 0 0 0 0 0 0 0 0 0 0 0 0 0 0 0 0 0 0 0 0 0 0 0 0 0 0 0 0 0 0 0 0 0 0 0 0 0 0 0 0 0 0 0 0 0 0 0 0 0 0 0 0 0 0 0 0 0 0 0 0 0 0 0 0 0 0 0 0 0 0 0 0 0 0 0 0 0 0 0 0 0 0 0 0 0 0 0 0 0 0 0 0 0 0 0 0 0 0 0 0 0 0 0 0 0 0 0 0 0 0 0 0 0 0 0 0 0 0 0 0 0 0 0 0 0 0 0 0 0 0 0 0 0 0 0 0 0 0 0 0 0 0 0 0 0 0 0 0 0 0 0 0 0 0 0 0 0 0 0 0 0 0 0 0 0 0 0 0 0 0 0 0 0 0 0 0 0 0 0 0 0 0 0 0 0 0 0 0 0 0 0 0 0 0 0 0 0 0 0 0 0 0 0 0 0 0 0 0 0 0 0 0 0 0 0 0 0 0 0 0 0 0 0 0 0 0 0 0 0 0 0 0 0 0 0 0 0 0 0 0 0 0 0 0 0 0 0 0 0 0 0 0 0 0 0 0 0 0 0 0 0 0 0 0 0 0 0 0 0 0 0 0 0 0 0 0 0 0 0 0 0 0 0 0 0 0 0 0 0 0 0 0 0 0 0 0 0 0 0 0 0 0 0 0 0 0 0 0 0 0 0 0 0 0 0 0 0 0 0 0 0 0 0 0 0 0 0 0 0 0 0 0 0 0 0 0 0 0 0 0 0 0 0 0 0 0 0 0 0 0 0 0 0 0 0 0 0 0 0 0 0 0 0 0 0 0 0 0 0 0 0 0 0 0 0 0 0 0 0 0 0 0 0 0 0 0 0 0 0 0 0 0 0 0 0 0 0 0 0 0 0 0 0 0 0 0 0 0 0 0 0 0 0 0 0 0 0 0 0 0 0 0 0 0 0 0 0 0 0 0 0 0 0 0 0 0 0 0 0 0 0 0 0 0 0 0 0 0 0 0 0 0 0 0 0 0 0 0 0 0 0 0 0 0 0 0 0 0 0 0 0 0 0 0 0 0 0 0 0 0 0 0 0 0 0 0 0 0 0 0 0 0 0 0 0 0 0 0 0 0 0 0 0 0 0 0 0 0 0 0 0 0 0 0 0 0 0 0 0 0 0 0 0 0 0 0 0 0 0 0 0 0 0 0 0 0 0 0 0 0 0 0 0 0 0 0 0 0 0 0 0 0 0 0 0 0 0 0 0 0 0 0 0 0 0 0 0 0 0 0 0 0 0 0 0 0 0 0 0 0 0 0 0 0 0 0 0 0 0 0 0 0 0 0 0 0 0 0 0 0 0 0 0 0 0 0 0 0 0 0 0 0 0 0 0 0 0 0 0 0 0 0 0 0 0 0 0 0 0 0 0 0 0 0 0 0 0 0 0 0 0 0 0 0 0 0 0 0 0 0 0 0 0 0 0 0 0 0 0 0 0 0 0 0 0 0 0 0 0 0 0 0 0 0 0 0 0 0 0 0 0 0 0 0 0 0 0 0 0 0 0 0 0 0 0 0 0 0 0 0 0 0 0 0 0 0 0 0 0 0 0 0 0 0 0 0 0 0 0 0 0 0 0 0 0 0 0 0 0 0 0 0 0 0 0 0 0 0 0 0 0 0 0 0 0 0 0 0 0 0 0 0 0 0 0 0 0 0 0 0 0 0 0 0 0 0 0 0 0 0 0 0 0 0 0 0 0 0 0 0 0 0 0 0 0 0 0 0 0 0 0 0 0 0 0 0 0 0 0 0 0 0 0 0 0 0 0 0 0 0 0 0 0 0 0 0 0 0 0 0 0 0 0 0 0 0 0 0 0 0 0 0 0 0 0 0 0 0 0 0 0 0 0 0 0 0 0 0 0 0 0 0 0 0 0 0 0 0 0 0 0 0 0 0 0 0 0 0 0 0 0 0 0 0 0 0 0 0 0 0 0 0 0 0 0 0 0 0 0 0 0 0 0 0 0 0 0 0 0 0 0 0 0 0 0 0 0 0 0 0 0 0 0 0 0 0 0 0 0 0 0 0 0 0 0 0 0 0 0 0 0 0 0 0 0 0 0 0 0 0 0 0 0 0 0 0 0 0 0 0 0 0 0 0 0 0 0 0 0 0 0 0 0 0 0 0 0 0 0 0 0 0 0 0 0 0 0 0 0 0 0 0 0 0 0 0 0 0 0 0 0 0 0 0 0 0 0 0 0 0 0 0 0 0 0 0 0 0 0 0 0 0 0 0 0 0 0 0 0 0 0 0 0 0 0 0 0 0 0 0 0 0 0 0 0 0 0 0 0 0 0 0 0 0 0 0 0 0 0 0 0 0 0 0 0 0 0 0 0 0 0 0 0 0 0 0 0 0 0 0 0 0 0 0 0 0 0 0 0 0 0 0 0 0 0 0 0 0 0 0 0 0 0 0 0 0 0 0 0 0 0 0 0 0 0 0 0 0 0 0 0 0 0 0 0 0 0 0 0 0 0 0 0 0 0 0 0 0 0 0 0 0 0 0 0 0 0 0 0 0 0 0 0 0 0 0 0 0 0 0 0 0 0 0 0 0 0 0 0 0 0 0 0 0 0 0 0 0 0 0 0 0 0 0 0 0 0 0 0 0 0 0 0 0 0 0 0 0 0 0 0 0 0 0 0 0 0 0 0 0 0 0 0 0 0 0 0 0 0 0 0 0 0 0 0 0 0 0 0 0 0 0 0 0 0 0 0 0 0 0 0 0 0 0 0 0 0 0 0 0 0 0 0 0 0 0 0 0 0 0 0 0 0 0 0 0 0 0 0 0 0 0 0 0 0 0 0 0 0 0 0 0 0 0 0 0 0 0 0 0 0 0 0 0 0 0 0 0 0 0 0 0 0 0 0 0 0 0 0 0 0 0 0 0 0 0 0 0 0 0 0 0 0 0 0 0 0 0 0 0 0 0 0 0 0 0 0 0 0 0 0 0 0 0 0 0 0 0 0 0 0 0 0 0 0 0 0 0 0 0 0 0 0 0 0 0 0 0 0 0 0 0 0 0 0 0 0 0 0 0 0 0 0 0 0 0 0 0 0 0 0 0 0 0 0 0 0 0 0 0 0 0 0 0 0 0 0 0 0 0 0 0 0 0 0 0 0 0 0 0 0 0 0 0 0 0 0 0 0 0 0 0 0 0 0 0 0 0 0 0 0 0 0 0 0 0 0 0 0 0 0 0 0 0 0 0 0 0 0 0 0 0 0 0 0 0 0 0 0 0 0 0 0 0 0 0 0 0 0 0 0 0 0 0 0 0 0 0 0 0 0 0 0 0 0 0 0 0 0 0 0 0 0 0 0 0 0 0 0 0 0 0 0 0 0 0 0 0 0 0 0 0 0 0 0 0 0 0 0 0 0 0 0 0 0 0 0 0 0 0 0 0 0 0 0 0 0 0 0 0 0 0 0 0 0 0 0 0 0 0 0 0 0 0 0 0 0 0 0 0 0 0 0 0 0 0 0 0 0 0 0 0 0 0 0 0 0 0 0 0 0 0 0 0 0 0 0 0 0 0 0 0 0 0 0 0 0 0 0 0 0 0 0 0 0 0 0 0 0 0 0 0 0 0 0 0 0 0 0 0 0 0 0 0 0 0 0 0 0 0 0 0 0 0 0 0 0 0 0 0 0 0 0 0 0 0 0 0 0 0 0 0 0 0 0 0 0 0 0 0 0 0 0 0 0 0 0 0 0 0 0 0 0 0 0 0 0 0 0 0 0 0 0 0 0 0 0 0 0 0 0 0 0 0 0 0 0 0 0 0 0 0 0 0 0 0 0 0 0 0 0 0 0 0 0 0 0 0 0 0 0 0 0 0 0 0 0 0 0 0 0 0 0 0 0 0 0 0 0 0 0 0 0 0 0 0 0 0 0 0 0 0 0 0 0 0 0 0 0 0 0 0 0 0 0 0 0 0 0 0 0 0 0 0 0 0 0 0 0 0 0 0 0 0 0 0 0 0 0 0 0 0 0 0 0 0 0 0 0 0 0 0 0 0 0 0 0 0 0 0 0 0 0 0 0 0 0 0 0 0 0 0 0 0 0 0 0 0 0 0 0 0 0 0 0 0 0 0 0 0 0 0 0 0 0 0 0 0 0 0 0 0 0 0 0 0 0 0 0 0 0 0 0 0 0 0 0 0 0 0 0 0 0 0 0 0 0 0 0 0 0 0 0 0 0 0 0 0 0 0 0 0 0 0 0 0 0 0 0 0 0 0 0 0 0 0 0 0 0 0 0 0 0 0 0 0 0 0 0 0 0 0 0 0 0 0 0 0 0 0 0 0 0 0 0 0 0 0 0 0 0 0 0 0 0 0 0 0 0 0 0 0 0 0 0 0 0 0 0 0 0 0 0 0 0 0 0 0 0 0 0 0 0 0 0 0 0 0 0 0 0 0 0 0 0 0 0 0 0 0 0 0 0 0 0 0 0 0 0 0 0 0 0 0 0 0 0 0 0 0 0 0 0 0 0 0 0 0 0 0 0 0 0 0 0 0 0 0 0 0 0 0 0 0 0 0 0 0 0 0 0 0 0 0 0 0 0 0 0 0 0 0 0 0 
