0.00132355 
0.0172551 
0.0329111 
0.0483784 
0.0630417 
0.0758997 
0.0856808 
0.0909077 
0.0900423 
0.0825264 
0.0692781 
0.0529962 
0.0370721 
0.0238588 
0.0140845 
0.00747553 
0.00343482 
0.00132587 
0.000436666 
0.000129495 
3.63334e-05 
9.86493e-06 
2.63027e-06 
6.89771e-07 
1.79129e-07 
4.37829e-08 
6.86612e-09 
4.42577e-10 
1.56412e-11 
5.84747e-13 
2.20025e-14 
2.29474e-16 
0.000575943 
0.0058774 
0.0115598 
0.0165817 
0.0211965 
0.0246569 
0.028763 
0.0302846 
0.0342968 
0.0310423 
0.0301087 
0.026865 
0.0264858 
0.0263242 
0.0238828 
0.0210909 
0.0189158 
0.0174684 
0.0132658 
0.0100177 
0.00855727 
0.004546 
0.00150309 
-4.48317e-05 
-0.00163604 
-0.00269445 
-0.00356593 
-0.00370018 
-1.84115e-14 
-2.03874e-13 
4.18427e-13 
-6.82414e-09 
-3.24408e-07 
2.70757e-06 
6.30962e-05 
0.000282757 
0.000996479 
0.00280992 
0.00462317 
0.00215347 
7.36837e-17 
6.21309e-18 
-7.36537e-18 
-7.16072e-18 
-3.97403e-18 
-3.05572e-18 
4.38237e-18 
2.60264e-17 
1.27667e-16 
3.98863e-16 
1.43489e-15 
3.96169e-15 
1.10021e-14 
3.47886e-14 
1.08821e-13 
5.58273e-14 
4.60527e-16 
-1.30003e-13 
-0.0061187 
0.00937461 
0.0251394 
0.0407199 
0.0559079 
0.0697504 
0.081272 
0.088957 
0.0912998 
0.0870986 
0.0764887 
0.0612959 
0.0447934 
0.0300424 
0.0185446 
0.0104229 
0.00517152 
0.00218183 
0.000774351 
0.000239927 
6.89252e-05 
1.89911e-05 
5.1076e-06 
1.34841e-06 
3.52548e-07 
5.7471e-08 
9.00098e-08 
1.91595e-08 
1.9498e-09 
8.4586e-11 
3.00103e-12 
1.14479e-13 
0.01393 
3.79257e-15 
0.00658497 
0.00377502 
0.000126595 
0.0105765 
0.00887448 
0.0201688 
0.0139919 
0.0191925 
0.0230338 
0.0271448 
0.0582262 
0.0305842 
0.0354179 
0.0316263 
0.0304915 
0.0578096 
0.0569636 
0.0269154 
0.0531875 
0.0222017 
0.0188525 
0.041095 
0.0149555 
0.0298922 
0.0117452 
0.00889187 
0.00657854 
0.0138425 
0.00286516 
0.000306699 
0.0061849 
-0.000484583 
-0.00216622 
-0.00319692 
-0.00134372 
-0.00395813 
-0.00120146 
-0.00565196 
-1.62593e-12 
-1.31568e-12 
-9.09975e-12 
-4.58186e-10 
-4.83922e-08 
-1.40722e-07 
1.7193e-05 
0.000182862 
0.000146057 
0.000486822 
0.000547936 
0.00132853 
0.00180471 
0.00361956 
0.0045957 
0.00445858 
0.00424631 
0.00567849 
0.000632952 
3.29217e-17 
-5.04489e-18 
-3.80209e-18 
-5.14933e-18 
-3.86036e-18 
-6.28437e-19 
1.24241e-17 
8.87641e-17 
2.12603e-16 
7.55505e-16 
2.39382e-15 
6.55793e-15 
1.90798e-14 
6.46507e-14 
9.61579e-14 
3.73935e-15 
0.0058592 
0.0219049 
0.0377106 
0.0530862 
0.0673334 
0.0794669 
0.0880368 
0.0915595 
0.0886655 
0.0792019 
0.0646314 
0.0480692 
0.032841 
0.0206219 
0.0118405 
0.00604736 
0.00263274 
0.000961684 
0.000305091 
8.84755e-05 
2.45122e-05 
6.60468e-06 
1.75324e-06 
4.58366e-07 
1.17008e-07 
2.60376e-08 
3.03317e-09 
1.41939e-10 
5.08409e-12 
1.96391e-13 
7.77724e-15 
0.0152764 
0.0246513 
0.0344538 
0.0423656 
0.0499551 
0.0555314 
0.0611337 
0.0614313 
0.0603121 
0.0563059 
0.0509864 
0.0463848 
0.0380301 
0.0325343 
0.0273772 
0.0223419 
0.0163167 
0.0116747 
0.00800266 
0.00456755 
0.00182494 
-0.000239793 
8.76455e-11 
6.84077e-09 
-4.13584e-07 
1.42394e-05 
0.000101942 
-0.000254783 
1.39299e-16 
8.94658e-18 
-6.31133e-18 
-4.77347e-18 
-3.68828e-18 
3.7912e-19 
1.76737e-17 
9.04297e-17 
3.44423e-16 
1.19028e-15 
3.86484e-15 
1.0939e-14 
3.11725e-14 
1.03507e-13 
3.44927e-13 
-1.10277e-13 
0.0298475 
0.0454529 
0.0604264 
0.0737394 
0.0843079 
0.0905373 
0.0909535 
0.084718 
0.0723871 
0.0563959 
0.0401485 
0.0263153 
0.0158092 
0.00861498 
0.00407862 
0.00162145 
0.000549211 
0.000165109 
4.66437e-05 
1.27383e-05 
3.40195e-06 
8.9676e-07 
2.33321e-07 
7.10715e-10 
2.64252e-11 
9.93367e-13 
3.91023e-14 
0.038459 
0.0462013 
0.0528782 
0.0617026 
0.0589462 
0.0193578 
0.00073342 
-3.32138e-18 
-2.01498e-18 
9.58784e-18 
4.43653e-17 
1.92679e-16 
6.35766e-16 
2.19535e-15 
6.57919e-15 
1.83047e-14 
5.52901e-14 
1.97178e-13 
2.32166e-13 
1.0016e-08 
0.0296073 
0.0636036 
0.0437996 
0.0548369 
0.0488203 
0.0353715 
0.0249857 
0.00971039 
0.00310465 
4.03883e-05 
6.59593e-08 
-2.0695e-07 
-5.08854e-11 
-2.95648e-18 
-2.5848e-19 
6.61724e-17 
0.0234689 
0.0226109 
0.039579 
0.0551314 
0.0693882 
0.0812499 
0.0893435 
0.0920687 
0.088286 
0.0780056 
0.0629018 
0.0463165 
0.0314276 
0.0196143 
0.0111322 
0.00562823 
0.00239649 
0.000854579 
0.000269223 
7.72155e-05 
2.12912e-05 
5.7083e-06 
1.51213e-06 
3.95953e-07 
1.0023e-07 
4.33879e-10 
2.06197e-08 
0.0426256 
1.18127e-11 
4.7102e-13 
2.08018e-14 
0.0547627 
0.0155341 
0.0205739 
1.29075e-15 
0.0106253 
5.92091e-17 
0.0164071 
0.0216649 
0.00470664 
0.0490568 
0.0570335 
0.0894223 
0.0657943 
0.0709715 
0.0755473 
0.0795374 
0.0916401 
0.0924932 
0.0982807 
0.103629 
0.0866139 
0.0729786 
0.0897366 
0.0877938 
0.0375406 
0.0796056 
0.0845069 
0.0610965 
0.0655058 
0.0868332 
0.100453 
0.0991447 
0.0693699 
0.0840201 
0.080163 
0.0465174 
0.0424834 
0.0547401 
0.0497483 
0.0493198 
0.0221352 
0.0329941 
0.00590141 
0.0251525 
0.0107048 
0.00823112 
0.0137322 
0.0108462 
0.0133359 
0.016836 
8.39457e-05 
-1.10113e-18 
2.54635e-11 
-9.49949e-09 
-1.03439e-11 
3.14924e-11 
4.62678e-18 
1.33173e-06 
-5.28571e-10 
1.90768e-08 
2.78668e-05 
5.35522e-05 
0.000181833 
3.39971e-06 
2.38986e-06 
1.09448e-05 
0.000907173 
0.000293643 
0.00183214 
0.000777147 
0.00516527 
0.00713547 
0.00415202 
-4.39158e-14 
1.49639e-15 
4.57428e-15 
5.11395e-16 
-2.44462e-18 
1.56595e-17 
2.06735e-16 
7.67404e-16 
2.70767e-16 
-1.17233e-18 
5.15887e-18 
3.83139e-18 
1.5397e-17 
8.47097e-17 
2.27014e-17 
1.53611e-17 
7.51993e-17 
2.5052e-16 
1.03991e-15 
3.76548e-15 
1.24147e-14 
3.72236e-14 
1.05156e-13 
3.13579e-13 
1.11356e-12 
9.32539e-13 
-1.10328e-13 
-1.56228e-12 
-5.72074e-13 
0.0315602 
0.0288252 
0.0368724 
-1.42213e-12 
0.0886639 
0.101359 
0.0819988 
0.0763345 
0.0916928 
0.0879598 
0.00358702 
0.00979144 
0.00337777 
0.00135747 
0.00131415 
0.00199765 
0.00667893 
0.00720201 
0.00849004 
4.8085e-08 
6.32043e-08 
2.89583e-08 
0.0358085 
0.0430041 
0.0836094 
0.089632 
0.0930314 
0.0531036 
0.0288663 
0.0391699 
0.0348186 
0.016179 
0.00255911 
0.00032282 
-5.22494e-12 
0.0474693 
0.0625065 
0.0756676 
0.0858748 
0.0914471 
0.0910204 
0.0839127 
0.0708613 
0.0545832 
0.0385292 
0.0251118 
0.0149412 
0.00807046 
0.00375311 
0.00145886 
0.000485396 
0.000145207 
4.07094e-05 
1.10732e-05 
2.93257e-06 
7.77251e-07 
1.30309e-07 
2.01361e-07 
2.07223e-09 
0.00176172 
1.83597e-11 
7.04518e-11 
2.32312e-12 
9.77368e-14 
0.0151397 
0.0754668 
0.0294367 
0.0962748 
0.100405 
0.00438338 
0.0604937 
0.0290143 
0.0809913 
0.08585 
0.0583687 
0.00913907 
0.10205 
0.0906374 
0.0970216 
0.0623162 
0.0943034 
0.089 
0.0165837 
0.0273773 
0.0754709 
0.0413482 
0.0201508 
0.0576787 
0.0736972 
0.0441308 
0.0191534 
0.000136373 
0.0858664 
0.0918837 
0.00397901 
0.0911912 
0.0846769 
0.0448766 
0.0738117 
0.0601644 
1.33763e-09 
0.000268458 
9.06934e-08 
0.0100451 
0.0502972 
0.000557499 
0.00326431 
0.0797177 
0.00405671 
0.0673012 
8.28282e-18 
2.79948e-17 
1.27792e-16 
5.188e-16 
2.03884e-15 
6.89889e-15 
2.17103e-14 
6.26414e-14 
1.78367e-13 
5.79538e-13 
2.09215e-12 
0.0923664 
7.27313e-09 
0.0886087 
0.00829286 
7.1078e-06 
0.10194 
0.0571561 
0.0708916 
0.0667204 
3.19399e-14 
5.01832e-07 
1.9083e-06 
7.18581e-06 
2.67113e-05 
9.66086e-05 
0.000332491 
0.00104096 
0.00284604 
0.00647332 
0.0124745 
0.0215737 
0.0339919 
0.0493918 
0.065958 
0.0804621 
0.0897112 
0.101709 
2.86721e-12 
7.8128e-13 
2.55438e-13 
8.87571e-14 
2.10878e-07 
0.030958 
0.042944 
0.00836651 
0.0272172 
0.000495234 
0.102427 
0.0633046 
6.82982e-15 
0.00519887 
0.00667702 
1.50947e-13 
3.58079e-12 
1.11004e-08 
1.21114e-10 
2.56057e-07 
9.82651e-07 
3.71612e-06 
1.39399e-05 
5.1177e-05 
0.000181701 
0.000597552 
0.00410897 
0.00568723 
0.00214496 
0.005272 
0.0526489 
6.25224e-18 
0.00346393 
3.33491e-09 
7.55016e-10 
7.28628e-13 
0.0359658 
0.0695527 
0.0236084 
5.78414e-12 
1.47365e-12 
4.36989e-13 
1.50898e-13 
5.14365e-14 
1.63304e-14 
4.82142e-15 
0.00083513 
1.31448e-15 
3.31956e-16 
7.63103e-17 
2.64107e-17 
4.09407e-17 
1.56034e-16 
6.43341e-16 
2.54104e-15 
8.88697e-15 
2.93049e-14 
0.0128043 
2.69809e-09 
5.69874e-17 
3.64715e-09 
0.0629001 
0.0474533 
0.0867527 
8.28336e-11 
0.0383749 
0.116488 
0.0920376 
0.0585574 
0.0789514 
0.0638132 
0.0299643 
0.0471458 
0.0934006 
0.0320871 
0.0201696 
0.114054 
0.0115275 
2.62767e-15 
0.00585874 
9.36153e-09 
4.6316e-09 
0.00252156 
0.000900923 
0.000281126 
8.1108e-05 
2.22144e-05 
5.93049e-06 
1.57381e-06 
2.58076e-13 
0.0738067 
0.00154122 
0.00109458 
5.92362e-12 
2.1129e-07 
0.0379823 
1.25209e-12 
1.78543e-12 
3.68317e-13 
4.13624e-07 
2.65012e-07 
0.00393554 
0.00456592 
0.00296768 
9.9423e-17 
8.09043e-16 
0.0600277 
0.034096 
0.0370003 
0.0305962 
0.0344765 
1.24611e-14 
0.114729 
0.066817 
1.31695e-11 
0.0154228 
0.0128151 
0.00837486 
0.00942463 
0.0066837 
0.00059988 
0.0143752 
0.0554013 
0.0584787 
0.0500661 
0.000177245 
0.00482799 
0.0848644 
0.0813187 
5.57285e-14 
1.78048e-14 
0.0924487 
6.01377e-15 
1.85607e-07 
8.34503e-05 
0.000123925 
0.0133749 
0.0166249 
1.93907e-16 
0.00370067 
0.00460655 
0.076347 
0.0864803 
1.41381e-13 
4.08186e-14 
3.17199e-15 
7.03791e-15 
1.0971e-16 
1.37207e-16 
2.39513e-16 
3.97603e-16 
4.70246e-16 
9.80481e-16 
1.70567e-15 
1.96768e-15 
3.75216e-15 
0.00106802 
2.15219e-14 
4.82521e-14 
7.67926e-14 
9.27329e-14 
1.76079e-13 
4.28803e-07 
4.44212e-13 
1.29743e-12 
3.85228e-12 
6.98982e-12 
9.30336e-12 
1.73584e-11 
0.0930979 
0.0934276 
0.0929466 
1.0963e-12 
5.65909e-10 
0.0902817 
0.0922819 
0.0820086 
0.0805463 
0.0856761 
0.116823 
0.115759 
0.119642 
0.121112 
0.0529771 
1.08499e-07 
5.34957e-08 
1.04543e-10 
0.000341124 
0.000275909 
0.000517926 
0.0257549 
0.0392711 
0.034541 
0.0790383 
0.0699078 
0.074658 
0.11204 
0.0746834 
0.0229954 
0.0198916 
0.0275618 
0.0225148 
0.0553587 
0.0607311 
0.113796 
0.0453887 
0.0415838 
0.0491363 
2.2934e-11 
1.09464e-06 
7.97921e-14 
1.57127e-09 
0.116265 
0.121945 
1.86331e-10 
0.046322 
0.0681363 
0.0892824 
0.0717875 
0.0257521 
3.84263e-15 
1.20417e-16 
3.97762e-17 
0.00184726 
3.81771e-06 
3.05499e-06 
0.000510786 
0.000345714 
0.000152144 
0.000100477 
4.25007e-05 
1.15352e-05 
1.96704e-06 
0.000624578 
1.43906e-05 
8.07103e-07 
5.30621e-05 
0.0705819 
0.0962235 
0.000188167 
0.0633648 
0.00148813 
0.00159751 
0.0564618 
0.107449 
0.0803052 
0.105736 
0.0416702 
0.118256 
0.017005 
0.10222 
0.116475 
0.0647015 
0.0714073 
0.0806153 
0.0754297 
0.000919214 
0.00642627 
0.00638129 
3.2475e-11 
0.120009 
0.0868053 
0.032436 
1.36428e-07 
0.027895 
0.0988308 
0.0420279 
1.32407e-16 
2.18144e-16 
0.0283504 
0.0310298 
1.9783e-06 
0.0279554 
0.0217384 
0.074536 
0.122385 
0.0621939 
0.0529317 
0.0907243 
0.0140757 
0.0839484 
3.27175e-17 
7.40847e-17 
6.70657e-17 
2.68222e-07 
0.106001 
1.15075e-15 
1.1418e-14 
1.96455e-11 
7.72475e-12 
0.0896501 
0.0529868 
0.0679175 
2.52199e-14 
2.54064e-08 
2.54254e-13 
7.63352e-13 
2.20894e-12 
0.113024 
0.0837529 
0.0892002 
0.109445 
0.00236193 
7.16848e-08 
5.47138e-08 
3.25401e-13 
0.0394276 
0.0368776 
0.0449999 
0.0103826 
0.0139696 
0.0179649 
0.0236172 
0.019697 
0.115516 
0.121359 
0.0847266 
0.117976 
0.0982196 
0.107768 
0.103557 
0.0885828 
0.101355 
0.0919619 
0.0477611 
0.0565899 
0.0513049 
0.012015 
0.0900181 
0.0164188 
1.32884e-14 
3.25175e-11 
0.0953211 
0.0117811 
0.022049 
0.0667665 
7.44314e-06 
2.76252e-05 
1.01046e-06 
5.17987e-07 
0.0774489 
0.0199558 
0.111688 
1.62829e-15 
5.52477e-15 
3.64836e-16 
0.00340434 
5.2452e-12 
1.80851e-12 
5.87899e-13 
1.0406e-12 
3.07994e-12 
5.12193e-07 
0.116974 
0.127043 
4.18887e-07 
0.0412115 
0.0796319 
8.46712e-11 
0.0204256 
0.128285 
3.17493e-09 
6.04819e-06 
0.110588 
0.121958 
0.0939073 
0.0644242 
1.2867e-10 
0.0965793 
1.50095e-08 
0.000526718 
0.0914998 
0.0605512 
8.26846e-05 
0.0675175 
8.14866e-07 
5.21541e-07 
2.2648e-05 
1.58922e-06 
1.01293e-06 
0.0745783 
4.35313e-05 
5.38797e-05 
2.82089e-05 
0.0984397 
3.11541e-06 
3.86648e-06 
1.9809e-06 
0.000155677 
0.000102381 
0.103238 
0.107816 
0.00159434 
0.0222642 
1.16912e-05 
1.45486e-05 
7.48001e-06 
0.0511725 
4.182e-09 
0.0331047 
0.122191 
0.0535521 
0.0546775 
5.24128e-14 
0.00115315 
0.00842747 
0.128132 
0.0724747 
0.0673163 
0.0936835 
0.00388282 
2.16437e-14 
0.0857275 
0.0397264 
0.000135914 
1.10426e-07 
5.82079e-05 
2.62134e-11 
0.0145503 
7.02369e-05 
9.21938e-05 
2.50129e-08 
1.53126e-12 
1.8656e-10 
4.96779e-08 
0.00704913 
1.99298e-13 
1.54798e-11 
3.6053e-11 
5.04085e-12 
2.80246e-12 
3.44586e-12 
6.38661e-12 
8.94935e-12 
1.1745e-11 
2.09809e-11 
0.115252 
0.0565647 
0.0587338 
0.056116 
1.10636e-09 
0.00226619 
0.00898449 
0.000933726 
0.000642437 
0.0260065 
0.0222622 
3.19482e-05 
0.0324626 
0.0281452 
0.0774915 
1.00999e-13 
1.1139e-13 
2.18323e-13 
2.74303e-14 
5.7699e-14 
0.12699 
0.0709338 
0.0758361 
1.73176e-06 
0.0902935 
0.0877125 
0.0874085 
0.00532693 
0.00502217 
0.00691563 
0.0796737 
0.0751604 
0.011752 
0.10625 
0.0464291 
0.0927703 
0.0962389 
3.22423e-10 
1.61613e-08 
4.11706e-06 
0.0106329 
0.00878898 
0.0094579 
0.0102356 
0.0205376 
0.0242411 
0.0224449 
0.12485 
3.19658e-06 
6.41071e-06 
0.112509 
0.0935874 
0.127232 
1.37203e-09 
0.048216 
9.91175e-14 
2.77842e-14 
0.00035571 
0.000288933 
0.129658 
0.0877626 
1.12314e-08 
6.54832e-09 
0.0172362 
0.0156716 
0.0360547 
0.129214 
0.127518 
0.10591 
0.0589645 
0.0560261 
0.104362 
1.48605e-12 
0.130662 
0.0616451 
0.0685923 
0.0999115 
0.0534291 
0.000191649 
0.124652 
0.0346396 
0.0396763 
0.113501 
2.14492e-07 
0.00405654 
0.083191 
0.109145 
4.2289e-13 
5.21293e-13 
1.3023e-13 
0.00260205 
0.00189796 
2.08647e-15 
7.75745e-15 
0.00112747 
2.67055e-07 
6.85931e-16 
0.00175143 
0.00600432 
0.0046798 
0.000889535 
0.0867868 
0.101249 
0.131347 
0.0130106 
0.0946498 
0.0942511 
0.130509 
0.128928 
5.58003e-16 
4.41233e-13 
4.00366e-13 
7.11532e-15 
0.0142001 
0.0190771 
1.35526e-07 
0.0348677 
0.0284382 
0.0308318 
1.45776e-14 
1.6109e-14 
3.03339e-14 
0.128929 
2.28716e-07 
6.0118e-11 
4.50065e-11 
5.11215e-11 
2.03521e-11 
1.99854e-08 
0.120594 
0.0812946 
0.0753767 
0.0818266 
3.71466e-16 
7.71837e-16 
4.51097e-16 
0.118164 
0.0820798 
1.06282e-15 
1.23077e-15 
2.32436e-15 
0.00020674 
0.000307728 
0.0931622 
0.0940917 
0.0917793 
0.0817636 
0.0736649 
0.11108 
0.0427889 
2.00417e-15 
7.97755e-13 
9.00795e-13 
1.80686e-12 
4.0322e-15 
4.45534e-15 
8.49577e-15 
0.0918167 
0.0965245 
0.112374 
0.0617108 
0.0637975 
1.06513e-09 
0.0879083 
0.0869302 
0.0909116 
0.125347 
0.12329 
0.122032 
0.124898 
0.0480226 
0.0537229 
0.0466317 
0.0479806 
0.0257672 
0.0229451 
0.0286161 
1.88533e-05 
0.026409 
0.0276758 
0.0923433 
0.0818719 
0.11486 
0.1177 
0.000530437 
8.04401e-11 
1.05785e-10 
1.93886e-10 
0.0617985 
0.0642362 
0.0690475 
2.03763e-09 
0.00151299 
0.0875348 
0.00261802 
0.00232714 
0.00352367 
0.0931243 
0.00959096 
0.0085444 
0.04768 
0.0505457 
0.0423819 
0.10367 
0.10669 
0.102027 
0.118712 
4.50285e-10 
0.0950719 
0.125656 
0.130096 
0.0965985 
0.128276 
0.0567663 
0.108911 
0.0310979 
0.0371983 
0.0320829 
0.112785 
5.6691e-10 
0.133376 
0.0294726 
0.030922 
0.06505 
0.133102 
0.0846753 
0.0616877 
2.71208e-08 
0.00305629 
0.0326192 
0.000157568 
0.121593 
4.34607e-16 
1.14487e-15 
7.89804e-16 
0.000954953 
0.00185579 
0.0158249 
0.0807678 
0.0490843 
2.0954e-13 
2.1489e-07 
0.0011762 
0.00159084 
2.37264e-09 
1.39373e-09 
0.133044 
0.133364 
0.0861462 
0.000293525 
0.000193904 
1.82076e-10 
0.0953962 
4.34853e-05 
3.56749e-08 
1.1839e-15 
0.107598 
6.11259e-05 
6.94338e-08 
3.67894e-08 
0.117072 
5.4274e-08 
5.85186e-08 
1.46479e-15 
0.131269 
2.27963e-08 
0.104727 
0.0503425 
7.91091e-15 
0.131989 
0.0803498 
1.74941e-06 
1.27998e-05 
3.5375e-07 
0.0671968 
0.0865698 
0.082777 
3.9569e-06 
8.63101e-06 
2.6014e-06 
0.000536656 
0.000360092 
0.0205786 
0.0173442 
1.60059e-05 
0.0261868 
3.33141e-08 
0.0647793 
0.0789042 
2.1778e-05 
1.08875e-07 
1.37231e-07 
6.82163e-08 
0.0676885 
0.0758795 
0.0699574 
1.65653e-05 
0.0396141 
0.0370797 
0.0455551 
8.08929e-07 
0.12106 
4.15351e-07 
5.11532e-07 
2.67083e-07 
0.0624596 
0.122046 
0.132924 
2.10613e-09 
0.00163166 
0.0011514 
0.133928 
0.0108688 
0.102722 
0.125205 
0.0955526 
0.114526 
0.108922 
0.0635167 
0.131249 
0.0412705 
0.000428841 
3.00947e-10 
0.13223 
0.0791272 
1.73133e-12 
1.47548e-14 
1.15598e-05 
0.0705635 
0.0723756 
0.134054 
0.0834497 
4.31415e-13 
4.1076e-13 
4.45593e-12 
0.0687838 
0.118631 
0.000503275 
0.00266384 
0.00193753 
0.0960202 
2.53915e-15 
4.36544e-05 
0.0313899 
0.0282224 
1.57851e-06 
9.97219e-07 
0.127841 
1.54525e-13 
0.0131681 
0.0918227 
0.0849641 
0.00233836 
0.00265894 
5.56581e-14 
0.0977195 
0.0910872 
0.000653538 
0.095971 
1.17801e-05 
0.0737699 
1.79139e-05 
0.0756724 
0.072954 
0.0429273 
0.000241789 
0.0554186 
0.0068282 
0.0946608 
2.87994e-14 
2.94345e-14 
5.77368e-14 
0.011871 
2.18238e-05 
9.55595e-09 
2.88784e-11 
0.0223902 
4.07725e-10 
2.94516e-10 
1.71148e-12 
0.0773328 
0.122493 
3.08267e-06 
1.94737e-06 
0.000138714 
0.107911 
0.0617898 
0.0690109 
1.07495e-13 
1.122e-13 
2.18629e-13 
0.0730642 
0.0744571 
0.0750234 
8.34729e-05 
1.0329e-10 
2.37862e-10 
0.0571267 
0.0629146 
0.0677031 
7.08778e-05 
7.53645e-15 
1.49906e-14 
7.29113e-08 
2.06684e-07 
0.0981503 
0.0995884 
0.0894109 
0.0912952 
0.0885996 
8.03859e-12 
0.132052 
0.050784 
1.1639e-14 
3.9045e-14 
4.41408e-15 
8.87714e-10 
1.55922e-11 
1.77705e-11 
3.37938e-11 
0.00413513 
0.00311463 
2.1628e-05 
0.092947 
0.0950057 
0.089394 
0.0884821 
0.0924164 
0.0489359 
0.0078932 
0.12255 
0.0131432 
6.66577e-06 
8.14331e-13 
8.52214e-13 
1.73671e-12 
0.0430543 
4.06456e-15 
4.74361e-15 
7.79406e-15 
0.0267136 
0.0261546 
0.033925 
0.0348937 
2.62031e-08 
1.59114e-08 
0.000102891 
0.0592106 
0.0563149 
0.124686 
0.129003 
0.125975 
0.114315 
0.0556119 
0.010038 
0.118989 
0.0443228 
0.00394464 
0.00567995 
0.00509296 
0.00729675 
2.27372e-05 
2.81941e-05 
1.462e-05 
0.114055 
0.128007 
0.13047 
0.101546 
0.0399035 
0.0349908 
0.0927543 
6.0376e-06 
7.52794e-06 
3.8318e-06 
3.38948e-05 
3.63415e-05 
0.00966258 
0.00865288 
5.47925e-13 
2.03836e-13 
5.40921e-05 
4.16174e-05 
5.16525e-05 
0.133814 
0.0968954 
0.109328 
0.0137363 
0.119325 
0.0953058 
0.094305 
8.29485e-05 
0.120561 
0.0371466 
0.0321705 
0.0371733 
0.128847 
1.24398e-10 
0.0392216 
0.044861 
0.0395159 
0.0575596 
0.0706613 
3.80671e-05 
0.0479057 
0.0507264 
0.0425668 
0.0740057 
0.0483674 
0.000952725 
1.54554e-05 
0.0261822 
0.000381407 
4.87998e-10 
6.44788e-10 
1.12209e-09 
5.24435e-14 
2.87705e-15 
6.61435e-15 
4.46168e-15 
0.0654357 
0.107123 
0.000113667 
8.72319e-05 
0.000162945 
0.0370628 
0.100699 
0.0997233 
0.00611398 
0.00691308 
0.00475307 
0.00120706 
0.130992 
0.0206982 
0.0158363 
0.0229213 
6.54812e-11 
5.13602e-10 
3.76434e-12 
3.72266e-12 
0.0762598 
0.133617 
2.46632e-05 
5.5149e-11 
0.0761094 
0.0809406 
0.00029545 
0.123843 
1.12571e-06 
2.69476e-10 
0.130431 
0.00350015 
0.000157782 
0.000102507 
0.0019238 
0.106809 
0.0424811 
0.0364003 
0.041866 
0.0679787 
8.27923e-12 
0.118388 
0.132471 
0.129885 
0.132062 
0.0650241 
0.0159068 
1.0692e-08 
4.82239e-09 
3.6878e-08 
0.110867 
0.00108281 
0.00155954 
1.14411e-10 
0.000773611 
3.02973e-05 
3.88668e-05 
5.16452e-05 
0.000299082 
0.000242508 
0.000630418 
1.27808e-10 
1.7042e-06 
0.108359 
5.23793e-12 
0.127046 
0.0117417 
0.0370522 
0.0399781 
0.0864116 
0.0575999 
0.000542775 
0.0782579 
0.115683 
0.113623 
0.0707626 
0.113727 
0.0643944 
0.114768 
0.117526 
0.122768 
0.0955005 
5.06502e-09 
5.35577e-05 
4.35106e-05 
0.124513 
0.0278327 
0.0679685 
0.13176 
0.0630513 
0.0965642 
0.117408 
0.0472736 
0.0542881 
3.54749e-08 
0.059954 
0.0527708 
0.0580467 
0.063892 
0.127396 
0.00165208 
0.0223241 
0.0205976 
0.0320765 
0.0232484 
0.0241497 
9.25799e-05 
0.0146157 
7.80381e-07 
0.000974173 
0.133296 
2.08513e-14 
0.0774523 
1.46917e-12 
0.092296 
0.0852107 
0.000194389 
0.081982 
8.76469e-14 
0.000129649 
0.0851876 
0.00828263 
0.111658 
0.10512 
0.10953 
0.0593546 
0.0564502 
1.84569e-09 
4.17471e-10 
1.95117e-10 
2.09195e-07 
1.02098e-09 
1.32679e-11 
0.0806636 
3.71896e-05 
0.00868648 
1.55192e-06 
9.64362e-07 
0.0760665 
0.0733543 
4.52642e-06 
7.27406e-13 
1.45732e-12 
0.0873698 
0.0833921 
1.87211e-05 
2.01137e-09 
1.14135e-09 
2.57424e-09 
0.000361909 
0.0664202 
0.0721423 
4.2541e-14 
8.258e-14 
3.63937e-13 
7.23393e-13 
0.126116 
0.0282503 
0.0918283 
0.0921137 
6.02685e-06 
0.0928117 
0.0026911 
0.00195788 
1.89587e-12 
7.47564e-13 
0.124759 
1.34445e-10 
2.89419e-10 
0.133181 
2.5692e-06 
0.00227179 
0.00242886 
0.0790785 
0.0803229 
0.096512 
0.0974411 
0.133606 
0.0715685 
0.121432 
0.0131733 
0.011931 
5.79983e-12 
1.23207e-11 
0.0173724 
0.0313906 
0.0400006 
6.2091e-10 
5.82657e-10 
0.0791211 
0.129756 
0.13196 
0.130125 
0.0798592 
0.0728453 
1.3981e-14 
0.0106672 
0.133151 
7.48954e-11 
1.55881e-10 
0.0579008 
0.0516697 
1.17077e-05 
7.48583e-06 
0.0902481 
0.0911074 
1.12179e-07 
0.000966349 
0.00116256 
0.000660244 
0.0488659 
0.0459771 
0.0546754 
0.0737259 
0.00566726 
0.0072084 
0.00385513 
0.00337243 
0.00500957 
0.0326674 
3.98788e-07 
4.85627e-07 
2.52688e-07 
3.0635e-06 
3.81916e-06 
1.92512e-06 
0.118137 
0.110144 
0.104747 
0.0857724 
1.08098e-05 
2.8039e-05 
2.26891e-05 
2.29813e-05 
0.0829002 
0.0748624 
3.08771e-09 
1.3868e-07 
1.14598e-14 
0.00968153 
0.0678936 
6.25882e-06 
0.088306 
0.131559 
4.82751e-11 
0.0677055 
0.0938945 
0.0922858 
7.4349e-09 
0.027034 
0.0583201 
8.04352e-14 
0.127445 
0.000157069 
0.0825754 
0.0543956 
0.000296177 
0.000193218 
2.91437e-12 
2.94853e-12 
5.81835e-12 
7.61016e-07 
0.00692452 
0.00614318 
0.000131515 
0.026468 
0.0205013 
0.0454938 
0.120986 
0.00111973 
0.0626119 
0.00866954 
2.93595e-14 
1.31594e-08 
4.22573e-11 
0.0228051 
3.57615e-13 
4.28786e-05 
3.44386e-09 
0.104189 
0.000225962 
0.0883026 
1.04494e-07 
0.020009 
0.0911669 
1.15735e-11 
0.0158111 
0.0736056 
1.80525e-13 
0.127541 
6.52824e-05 
1.39802e-05 
0.0967218 
2.56261e-11 
0.122125 
3.16125e-11 
0.08041 
0.0820391 
0.121312 
1.63561e-11 
0.0260871 
0.0222381 
4.21253e-09 
1.84974e-06 
1.91587e-08 
0.0707308 
0.0894321 
8.23752e-05 
5.28558e-05 
0.132171 
4.66468e-06 
0.00140445 
6.90367e-11 
0.0607193 
0.0945336 
0.0940999 
0.0965356 
0.124916 
0.127325 
0.124968 
0.0702113 
3.00847e-05 
7.42593e-06 
1.99976e-14 
2.36327e-14 
3.85561e-14 
2.8758e-09 
0.0617933 
0.0553095 
0.0571259 
0.0885002 
0.0117528 
0.0757071 
0.0758175 
0.130059 
0.128909 
0.118932 
0.00788101 
0.00991728 
0.0461761 
0.0118914 
0.0130929 
0.00965777 
0.0728509 
0.117598 
0.129552 
0.0810399 
1.05247e-12 
2.89112e-11 
1.93132e-10 
8.41276e-11 
1.78857e-10 
0.0576719 
1.41534e-11 
0.093291 
7.0686e-09 
6.19363e-09 
0.000101867 
4.41545e-12 
0.094953 
0.0952671 
1.12516e-13 
5.87793e-11 
0.0476604 
1.44553e-05 
0.0349968 
0.11515 
0.0399721 
0.0406223 
0.00612522 
0.0499323 
0.00026616 
0.0224856 
1.69448e-08 
0.0584016 
0.0643411 
0.0252524 
0.115054 
0.0702377 
0.0157636 
0.000961252 
1.53424e-06 
9.47469e-07 
0.0878582 
0.100039 
0.118058 
0.123994 
2.73722e-05 
2.21858e-05 
0.086425 
0.050794 
0.0479976 
4.62177e-07 
3.76338e-07 
0.000106146 
1.72864e-13 
0.130553 
6.16564e-09 
0.0967347 
0.0921238 
0.0928697 
1.15116e-07 
0.0949388 
1.14205e-08 
8.81192e-12 
9.32424e-12 
0.032529 
0.0280982 
0.119304 
0.00688968 
0.0305099 
0.0642088 
0.0150651 
4.82247e-09 
1.91298e-07 
0.00416951 
0.00477797 
0.00313626 
0.0957921 
0.0884164 
0.0927387 
1.72329e-10 
7.39446e-11 
0.00195183 
0.0172437 
0.0567725 
1.04154e-05 
0.0894317 
1.50118e-09 
0.0546405 
0.0516052 
0.132089 
9.74577e-05 
0.0701598 
0.122393 
6.22948e-10 
4.89983e-10 
1.76539e-08 
5.6359e-08 
0.0814512 
0.0764014 
2.62646e-09 
1.09023e-08 
2.52456e-08 
1.33131e-09 
0.0838625 
0.0829724 
0.075825 
0.0811599 
0.0872065 
3.07148e-08 
0.110937 
2.19843e-12 
4.3055e-12 
5.95852e-05 
2.93623e-13 
0.113373 
4.04767e-07 
0.00165775 
0.131498 
0.0843254 
0.00163663 
0.090008 
0.0983155 
0.0978472 
0.108541 
0.101166 
0.106182 
1.67589e-05 
2.18528e-05 
5.22614e-08 
0.065134 
0.127549 
0.122636 
0.126298 
0.0680088 
3.46068e-11 
7.44445e-11 
4.70373e-13 
9.41371e-13 
0.0356607 
0.13117 
3.05193e-06 
1.91972e-06 
1.52917e-05 
2.79e-05 
5.75718e-07 
0.13075 
1.24455e-09 
7.77149e-05 
2.07324e-12 
0.00116548 
0.000970817 
0.0852976 
0.0593092 
0.0564667 
0.0346617 
1.36882e-06 
0.0518363 
6.42313e-12 
2.83047e-12 
0.0814865 
0.000544925 
0.000661964 
0.000362094 
2.24453e-09 
5.93385e-06 
3.79288e-06 
0.0497623 
0.00700845 
0.00540556 
0.10559 
0.0999761 
2.40753e-06 
0.0188217 
2.19924e-08 
5.66597e-14 
0.00475042 
0.00415871 
0.129336 
0.115701 
0.0902492 
1.14824e-05 
1.42031e-05 
7.32886e-06 
2.09737e-09 
0.0203619 
1.67947e-11 
1.78249e-11 
3.32001e-11 
0.0425513 
0.0391298 
0.0454014 
0.0435187 
0.0184274 
8.64272e-14 
3.31522e-08 
5.48278e-12 
0.105805 
0.00112943 
1.3538e-05 
5.82306e-06 
1.81966e-05 
9.26521e-10 
3.73102e-05 
0.0513816 
7.64512e-09 
0.0859106 
0.000437369 
8.3921e-08 
0.0942466 
0.000714689 
0.00355339 
0.0650969 
7.19649e-10 
0.126137 
1.03314e-09 
0.0902597 
0.0881121 
0.000114121 
4.21034e-05 
0.0457109 
4.38296e-10 
0.131469 
0.000188502 
0.000236046 
6.11803e-06 
0.124335 
0.129519 
0.020333 
0.101288 
2.11065e-13 
5.21261e-09 
5.27205e-09 
2.5552e-08 
0.000112897 
0.121909 
0.12807 
2.29702e-07 
0.00193449 
0.073922 
0.0749148 
4.13063e-13 
0.0433842 
1.60892e-07 
0.0401971 
4.15259e-07 
6.44425e-06 
6.75772e-08 
8.179e-05 
5.20785e-05 
9.51048e-13 
0.00285792 
0.0559949 
0.0578983 
0.0646266 
0.059463 
7.28639e-09 
0.0817321 
0.0956674 
0.123365 
1.16641e-08 
0.00038896 
3.68695e-06 
3.52138e-06 
0.129196 
0.126723 
0.128064 
1.72545e-13 
2.47349e-07 
8.90332e-07 
0.0156164 
7.41737e-08 
0.00607809 
0.00753069 
0.00451797 
0.0205619 
0.0472139 
0.0425268 
0.0295064 
0.0865322 
0.00015621 
0.000100813 
0.129073 
1.70746e-06 
0.000237095 
0.0941743 
0.0947992 
2.00019e-09 
4.00393e-13 
3.1179e-11 
2.24495e-11 
0.100498 
0.100577 
0.0258509 
0.100878 
0.094135 
0.111239 
0.089152 
0.0164647 
1.06316e-05 
0.0158756 
0.00150571 
0.0820745 
0.0179053 
0.102201 
1.09828e-11 
0.0980976 
0.0988949 
0.0707089 
0.0981557 
0.0117823 
0.0948526 
7.54683e-07 
7.08382e-06 
0.12165 
0.0671867 
0.073539 
0.109162 
0.0301523 
0.0330501 
0.043238 
1.23591e-08 
0.0785521 
1.03215e-07 
0.0679913 
6.84872e-11 
0.00269464 
0.00312994 
0.00195926 
0.0379488 
0.000317951 
3.52016e-09 
0.124643 
2.76301e-09 
0.083973 
0.121765 
0.040724 
2.67669e-05 
2.1698e-05 
0.0909828 
5.68314e-09 
0.100635 
0.0627388 
1.20514e-08 
0.0888237 
0.0737929 
3.44562e-11 
0.0219958 
1.99069e-06 
0.0367219 
0.0931356 
0.0749958 
0.0845341 
1.17565e-11 
6.48774e-07 
9.10249e-10 
0.0590786 
0.0562498 
5.35697e-08 
0.124033 
1.71667e-07 
2.88443e-05 
0.00267658 
0.00317742 
0.0506357 
0.0479046 
0.064464 
0.119776 
0.0978949 
0.0959485 
0.0408282 
0.0460682 
0.0959371 
1.12357e-06 
0.0960012 
0.0912074 
0.096214 
0.0958476 
0.0981818 
0.000657487 
0.0348476 
0.0136963 
0.039848 
0.0347793 
1.20109e-05 
4.47249e-08 
1.53373e-06 
9.5469e-07 
0.00470096 
1.63209e-10 
2.35937e-12 
1.98552e-12 
4.79523e-12 
0.00412375 
4.73432e-05 
5.776e-05 
0.119054 
0.0106597 
0.0282916 
0.047426 
0.043255 
4.54931e-05 
0.015667 
0.0814063 
0.0898105 
0.000294511 
0.000192226 
0.117957 
1.7211e-08 
3.01705e-06 
1.91388e-06 
0.0870698 
0.0170507 
0.126367 
0.125888 
0.00970762 
0.00615393 
0.00497975 
0.020198 
8.82847e-05 
0.000967096 
0.0536715 
0.0914956 
4.03347e-08 
0.00860697 
0.00955413 
0.00682406 
0.12823 
0.127958 
0.0762085 
0.0784295 
0.0716622 
0.0749711 
0.100893 
2.08425e-09 
8.08065e-13 
3.07675e-09 
0.000606747 
0.000888405 
2.41933e-05 
0.0261948 
4.59576e-07 
3.60286e-07 
1.79769e-08 
0.00164816 
0.00115711 
0.0818205 
0.000425068 
2.54331e-08 
0.0129463 
0.000378861 
0.0762564 
0.0249685 
0.00309684 
0.00267343 
3.99681e-08 
3.29584e-09 
0.0970386 
0.111872 
0.107002 
0.0927186 
0.0962602 
0.0649029 
1.32939e-05 
8.79468e-07 
1.61844e-05 
0.0146724 
0.0710976 
0.0876382 
0.097737 
0.0980472 
3.47295e-05 
0.104596 
0.105654 
0.105352 
0.00997219 
0.012777 
0.114266 
0.0040566 
1.46899e-08 
0.0382748 
0.0316178 
0.106994 
0.0962574 
0.0677865 
7.08438e-08 
6.92575e-11 
0.0291031 
4.15269e-05 
0.0670896 
0.0677568 
0.118298 
5.16816e-09 
0.0818644 
0.0844151 
0.0765944 
0.0339304 
0.000187039 
0.0573708 
0.0586914 
0.020762 
0.00165022 
6.94343e-09 
1.04094e-08 
4.79876e-09 
1.90501e-11 
0.128539 
0.0200457 
0.0827926 
0.122621 
0.00052158 
8.88848e-08 
0.000605497 
0.000701514 
0.000934989 
0.0872427 
0.0814628 
0.100581 
0.100641 
1.8186e-09 
0.0115801 
2.20577e-05 
2.94581e-08 
0.124128 
0.123347 
0.0876298 
0.0871279 
2.56232e-11 
0.031559 
6.08091e-05 
0.119114 
2.12162e-07 
2.06674e-07 
4.87777e-09 
4.87335e-07 
0.026442 
1.2744e-08 
0.000260276 
0.000233559 
0.125259 
1.25795e-07 
1.97421e-07 
4.37296e-08 
7.74846e-07 
8.05538e-05 
5.12741e-05 
0.0657478 
0.0277788 
9.33987e-12 
0.0893768 
0.0351937 
0.0315445 
0.00664019 
0.00820527 
0.00397518 
0.000134978 
0.000229424 
0.04753 
0.0404202 
0.0495611 
0.109604 
0.000543348 
0.000361176 
0.0918564 
5.36685e-07 
0.0154152 
0.0167765 
0.0126872 
0.0997967 
0.0999822 
3.45385e-09 
0.00432358 
0.00536507 
5.80005e-06 
3.73244e-06 
5.0198e-09 
0.0678508 
0.115739 
0.0587502 
0.055898 
0.0423763 
1.12108e-05 
1.38055e-05 
7.14125e-06 
0.0904416 
8.01538e-05 
4.82217e-07 
8.00551e-11 
1.63757e-10 
0.107415 
2.03558e-05 
0.00194247 
0.012418 
0.0762498 
2.08567e-07 
0.0226186 
0.0797153 
0.127251 
0.0997324 
0.0991049 
6.33706e-05 
8.20825e-05 
0.0942378 
2.02093e-09 
0.0236268 
0.0806649 
0.123773 
0.032083 
1.83228e-08 
0.0641782 
2.08473e-08 
0.0250947 
0.000953891 
0.0610556 
7.61052e-08 
0.123749 
0.122022 
0.0916126 
1.29311e-10 
0.0841071 
0.104894 
0.10479 
8.14443e-10 
0.0296028 
0.0337381 
0.0322293 
0.125869 
3.28057e-08 
4.92655e-08 
2.2751e-08 
0.116413 
0.12139 
0.0142646 
0.0169732 
0.000404359 
0.000377268 
0.000538769 
0.0821469 
0.102007 
0.0844386 
0.0200791 
0.00125315 
5.23884e-10 
4.11029e-05 
0.113279 
0.0503645 
0.0476553 
9.35313e-08 
0.0745244 
0.0923115 
0.0847552 
0.104131 
2.61367e-06 
0.0093761 
0.008466 
9.56391e-10 
5.48638e-10 
2.82678e-10 
8.0736e-10 
1.4593e-09 
1.89476e-09 
2.52801e-10 
0.0703443 
0.03006 
1.42812e-08 
0.0644649 
1.1761e-09 
1.96165e-09 
4.82469e-06 
5.02143e-09 
3.78862e-09 
1.38189e-08 
2.77133e-05 
4.80724e-07 
3.71579e-07 
0.00598055 
0.00671443 
0.00461381 
1.38665e-11 
0.0274254 
0.0875647 
0.000112944 
0.120829 
0.00273526 
0.00219761 
0.00354288 
0.0951105 
0.0916278 
1.67708e-07 
2.272e-07 
1.05653e-07 
1.10196e-05 
0.0427317 
1.27277e-08 
1.32052e-05 
2.10257e-11 
0.0208993 
0.11516 
3.31765e-07 
6.62655e-07 
0.073837 
0.021677 
0.0254818 
1.15773e-06 
1.17873e-06 
0.0356416 
0.0323104 
4.9673e-11 
1.93156e-06 
0.000154843 
9.9353e-05 
6.77329e-12 
1.53066e-06 
9.78418e-07 
0.0592199 
2.61358e-05 
2.1107e-05 
0.125197 
0.124218 
8.57699e-11 
0.106253 
0.000658838 
3.27243e-08 
0.0175341 
0.0156709 
0.0175891 
1.89279e-08 
4.79496e-08 
0.0626465 
0.00303849 
0.0770137 
0.111066 
6.69017e-08 
0.00262701 
0.11014 
4.50053e-08 
0.0514452 
0.0646623 
0.12153 
0.0984811 
0.0351111 
0.0322313 
3.69919e-10 
0.000156391 
3.0897e-05 
4.30408e-05 
0.00162266 
0.00190796 
0.00113778 
4.04555e-08 
0.0188279 
0.0119535 
0.0283587 
0.0693586 
4.98249e-09 
1.90326e-09 
0.0999035 
0.0997356 
0.112257 
3.78673e-06 
0.0644842 
0.0587746 
0.0766558 
0.0208647 
0.0965728 
0.000648114 
0.119605 
0.0344697 
0.0737235 
0.0920874 
3.2975e-06 
0.122147 
0.113133 
5.96534e-06 
8.68927e-05 
1.1779e-08 
0.125803 
0.124501 
0.12465 
3.55676e-08 
0.000525256 
0.109065 
0.112589 
0.108739 
8.87289e-08 
0.09651 
0.000974966 
0.00133727 
0.0167286 
0.118534 
1.05048e-06 
5.91483e-05 
0.0395546 
0.0226436 
4.63894e-08 
0.000536762 
7.33244e-10 
3.41655e-05 
2.89625e-09 
0.0489893 
0.0461112 
0.100359 
1.85715e-07 
6.61083e-06 
1.17665e-07 
2.13225e-07 
1.25258e-09 
2.92515e-11 
6.1438e-11 
3.6944e-10 
1.57907e-05 
0.103796 
4.05103e-05 
4.50542e-10 
0.0981337 
0.116125 
0.019641 
0.120333 
0.0528348 
0.052114 
4.34467e-11 
6.53554e-11 
3.38521e-06 
0.0259716 
0.0249884 
0.0103064 
0.00823035 
0.0100927 
7.84719e-09 
0.0771827 
0.000358212 
7.9593e-08 
0.000292224 
0.00019059 
0.0976586 
0.0908471 
0.096062 
7.06779e-10 
6.90704e-10 
6.26529e-08 
1.31954e-09 
1.5921e-09 
2.62634e-09 
1.20268e-09 
5.47876e-10 
1.25002e-07 
8.4409e-11 
2.5703e-09 
9.03441e-06 
0.0823157 
0.076616 
4.8191e-10 
0.00256906 
1.48416e-09 
2.25471e-11 
2.92411e-06 
1.89902e-06 
0.0675812 
9.81665e-05 
0.120118 
0.116054 
0.0498883 
0.0472022 
0.0981921 
0.0314012 
0.121552 
6.08391e-05 
4.79109e-09 
6.96382e-05 
0.00158577 
0.0178574 
0.016081 
8.22561e-09 
0.0237199 
0.062047 
2.38782e-11 
0.0220962 
2.06519e-09 
0.0990638 
0.0968822 
0.000157366 
0.000174856 
0.101391 
3.63756e-07 
5.64246e-08 
0.0898966 
5.34532e-11 
5.01579e-11 
9.53884e-11 
9.04483e-11 
1.85903e-10 
7.00039e-11 
1.82624e-10 
0.119232 
9.64142e-05 
0.101649 
2.29065e-10 
4.87474e-11 
1.34235e-09 
2.38806e-10 
1.7307e-11 
0.100624 
0.108736 
0.0542262 
0.104149 
0.0196328 
1.02101e-09 
0.11274 
0.0318371 
0.0273374 
1.36347e-10 
0.121042 
5.27563e-08 
0.011313 
0.0736053 
3.95414e-11 
0.0457546 
0.0436301 
2.64311e-08 
4.18257e-08 
1.8347e-08 
1.45916e-07 
0.00079657 
0.00103336 
1.84858e-10 
0.000574676 
0.000559664 
0.000787 
0.00178725 
0.00231967 
0.0915253 
0.0420476 
0.0701705 
2.10039e-07 
0.1202 
9.11729e-08 
0.11409 
0.100396 
0.116596 
0.00185977 
0.0151038 
0.0164392 
0.0124374 
0.00013986 
0.000115312 
4.48333e-10 
2.5555e-05 
2.06147e-05 
0.101646 
0.0133485 
0.0112133 
0.0212663 
0.0243373 
0.00396125 
0.00295339 
1.12554e-05 
0.0663017 
0.0301825 
0.0356323 
4.02618e-07 
0.000931137 
0.00110799 
0.000631107 
9.01122e-11 
0.0249838 
0.0212028 
3.14036e-05 
5.09481e-05 
0.104248 
0.101597 
0.101603 
0.0849924 
0.110677 
7.91731e-05 
5.01336e-05 
9.34679e-11 
3.58092e-12 
9.81517e-12 
0.120218 
4.13809e-12 
6.41545e-11 
1.42209e-10 
0.0510901 
0.00915504 
0.00827638 
2.35151e-07 
0.0486834 
0.119974 
3.98832e-08 
6.03063e-11 
3.76017e-10 
6.84684e-11 
0.0898417 
9.94867e-11 
1.78641e-10 
2.3221e-10 
4.43825e-09 
1.24474e-10 
2.53464e-06 
7.4955e-09 
0.0264516 
0.0238588 
0.0231832 
7.65903e-06 
9.73587e-06 
0.120306 
0.000206527 
0.0955225 
1.43491e-09 
3.60303e-06 
0.0810254 
1.32573e-05 
1.08005e-05 
7.99646e-07 
5.29591e-07 
0.000242471 
0.0735319 
0.000368634 
0.00187912 
1.64667e-07 
0.0146436 
0.0127463 
0.0142326 
0.0437764 
0.0377283 
0.0462103 
0.00035564 
0.0861006 
0.0781842 
0.0837793 
0.0572241 
1.77956e-09 
0.0672301 
0.0583626 
0.0554933 
0.0055183 
0.114675 
5.15912e-11 
0.0587307 
2.71216e-10 
2.35918e-10 
3.99691e-10 
1.99482e-10 
0.0068351 
1.05382e-10 
1.22106e-10 
0.115613 
0.0562498 
4.6373e-10 
6.76311e-09 
5.59692e-06 
6.82178e-06 
3.56483e-06 
0.0430313 
1.68605e-10 
3.42402e-09 
0.0147624 
3.1224e-10 
0.0208977 
0.0058569 
0.00655181 
0.00449914 
0.0530857 
1.40725e-10 
0.0406256 
0.0384114 
7.82452e-08 
7.40711e-08 
1.63891e-07 
0.0801961 
3.15819e-10 
2.19007e-08 
0.10382 
0.106528 
0.0530202 
0.000191761 
1.32094e-09 
2.86253e-09 
2.16153e-05 
0.0340059 
0.00452065 
9.6916e-08 
5.99854e-08 
3.55472e-11 
0.0658669 
6.55702e-10 
0.10793 
0.000172971 
0.000213681 
0.0133152 
0.107652 
0.121162 
0.118377 
0.119483 
4.59968e-07 
0.00152907 
1.1102e-07 
0.000347776 
2.56721e-09 
5.7277e-10 
2.46863e-07 
6.98978e-09 
0.0972426 
4.40742e-10 
2.17908e-10 
0.0642181 
4.62808e-07 
1.24852e-08 
0.101147 
0.101888 
0.100313 
0.0381645 
0.0360408 
2.04652e-10 
0.119197 
0.00970126 
4.22959e-10 
0.0606545 
0.039127 
2.87896e-10 
0.109823 
0.0182919 
0.00014074 
3.34614e-09 
0.00366469 
0.106735 
2.45668e-07 
0.11589 
0.0960017 
5.95282e-10 
9.957e-10 
4.8224e-10 
0.0823434 
0.102775 
0.100324 
3.71668e-10 
1.64969e-10 
7.93612e-09 
0.000285162 
0.00677554 
0.00837026 
5.39343e-06 
4.79778e-07 
0.000152019 
9.76764e-05 
1.79466e-06 
0.000366392 
0.0489567 
0.0468961 
6.69315e-06 
0.0190439 
2.26204e-06 
0.106723 
0.106505 
0.0926546 
0.0263934 
0.0240368 
3.59423e-09 
0.0569731 
0.0506424 
0.0541729 
1.8721e-07 
3.35488e-09 
0.07353 
0.0764692 
0.0671539 
1.0497e-09 
2.26169e-05 
3.74141e-05 
0.117272 
0.116236 
0.118751 
2.79883e-11 
1.88439e-08 
1.07911e-08 
0.0980449 
5.47538e-09 
6.27205e-09 
8.76445e-09 
4.95711e-06 
6.6601e-06 
0.109694 
0.116923 
0.000278084 
0.101583 
0.103904 
0.101685 
3.22186e-10 
0.118847 
0.0866965 
0.000185497 
2.14507e-06 
1.03177e-08 
2.96245e-08 
5.17809e-08 
3.71391e-06 
5.96461e-06 
1.46932e-06 
9.77091e-07 
0.0113703 
0.0415772 
0.113904 
0.116714 
0.000218919 
0.0256616 
0.00806337 
1.21849e-08 
2.3541e-10 
2.62523e-10 
0.0126129 
3.96936e-09 
2.01032e-05 
0.0173655 
0.003163 
0.0958547 
0.0921299 
4.89094e-08 
0.000320104 
2.40029e-07 
2.66044e-07 
1.07392e-07 
1.29889e-07 
5.8346e-10 
5.0355e-10 
0.0416376 
0.000296387 
0.000262769 
0.0161403 
0.1163 
0.114456 
0.00449146 
0.00554773 
0.0313156 
0.0455274 
5.59524e-10 
3.79497e-09 
6.70254e-10 
7.89798e-06 
3.60391e-06 
1.19015e-10 
0.0139362 
0.110886 
0.000205665 
4.66079e-07 
0.035639 
0.0336332 
2.21298e-10 
0.0434761 
2.06409e-08 
0.00139465 
0.0018484 
3.65553e-09 
5.88582e-09 
3.35738e-10 
6.74973e-09 
1.63312e-08 
2.71384e-08 
5.00899e-07 
1.25251e-08 
0.115175 
0.023634 
1.81647e-10 
2.04476e-08 
0.0161246 
7.89475e-07 
0.0901305 
0.085023 
6.8215e-09 
5.31023e-07 
6.75e-07 
9.39051e-10 
9.14809e-10 
0.0151271 
0.026867 
0.0404424 
1.43149e-08 
0.112312 
0.111742 
8.72729e-07 
5.05189e-09 
0.000813011 
0.11135 
0.109255 
0.0168896 
6.28391e-07 
0.0903959 
1.21689e-08 
9.94361e-09 
6.38903e-07 
0.114111 
0.112148 
0.00106657 
0.00178275 
0.103744 
0.103821 
0.0226566 
0.022389 
0.0265684 
8.20964e-08 
2.85791e-07 
4.32084e-10 
5.8341e-10 
7.07568e-10 
0.0578465 
0.0110585 
0.0089169 
0.102518 
0.0781944 
0.00845714 
0.0024751 
1.3667e-11 
0.000506914 
0.000334957 
5.19122e-10 
6.09927e-10 
0.104269 
0.0147518 
0.0121261 
5.46561e-07 
2.2261e-08 
1.39625e-08 
0.0174442 
1.45925e-08 
0.000900955 
0.0549172 
9.89546e-07 
9.22465e-07 
0.0116868 
2.19356e-07 
0.0845521 
0.0191988 
0.0160593 
0.102967 
0.000101563 
0.000159968 
6.43329e-10 
5.20683e-10 
9.47787e-12 
0.10331 
0.0957167 
1.28558e-05 
4.4865e-10 
3.06791e-10 
3.96971e-05 
2.49988e-05 
9.90045e-09 
2.79484e-06 
0.107377 
0.112168 
0.0574438 
0.0641902 
1.11016e-05 
0.00870146 
4.74973e-09 
6.71774e-07 
6.16023e-06 
0.103304 
1.03831e-05 
0.0104378 
0.0607954 
0.0680884 
1.12619e-05 
3.18609e-09 
2.22156e-09 
1.3099e-05 
1.37033e-05 
0.00056131 
0.000552145 
1.72335e-12 
4.79803e-07 
3.22414e-07 
0.0194445 
0.01741 
0.0029726 
0.0493237 
0.0466703 
0.0735743 
0.0716563 
0.000181149 
0.0001482 
0.115866 
0.117362 
1.45917e-07 
1.58038e-07 
2.44603e-07 
0.000856 
0.0332708 
0.0283173 
0.0358439 
0.00938268 
0.0385619 
0.0410172 
0.0334841 
0.00636028 
0.00568314 
5.67771e-10 
0.11014 
6.39303e-06 
1.67516e-08 
2.2508e-10 
0.0103781 
1.25328e-05 
1.00408e-05 
6.5804e-06 
0.0131703 
1.95488e-08 
1.00671e-09 
3.92397e-10 
3.91042e-10 
2.27386e-10 
2.04369e-10 
3.35005e-08 
0.000453174 
0.029791 
7.60033e-07 
6.84213e-10 
0.0245059 
0.0207451 
2.29829e-08 
9.36923e-10 
1.24748e-09 
0.000396911 
1.08997e-06 
0.000376906 
0.0491768 
0.000370367 
0.000525144 
1.3369e-06 
0.103815 
0.0367305 
4.483e-08 
0.000852664 
0.0194854 
0.0176344 
0.108089 
0.113886 
0.118246 
7.74388e-05 
9.48542e-05 
4.91169e-05 
0.00145311 
0.0010083 
0.0813743 
0.0113522 
0.104631 
0.105049 
0.104682 
0.106004 
0.107722 
0.105717 
4.45488e-08 
0.11017 
6.58559e-07 
0.101454 
0.100111 
5.95904e-09 
0.0690686 
0.0958169 
4.67221e-10 
0.107945 
1.34926e-06 
0.0868349 
0.0162535 
0.0184404 
0.0755534 
0.0487447 
0.0341894 
0.0915994 
3.93592e-10 
5.48344e-10 
5.09203e-10 
1.36501e-06 
1.53305e-06 
3.33116e-06 
2.39093e-06 
0.117025 
1.28252e-06 
2.82412e-08 
9.34659e-09 
0.0976779 
0.0191484 
0.0170085 
0.0175056 
0.00719628 
4.02831e-09 
3.68798e-08 
4.31414e-08 
5.65566e-08 
0.010071 
1.32483e-06 
8.12043e-09 
4.16176e-10 
0.00223803 
0.0011437 
0.00110486 
0.00140024 
0.0396885 
1.67738e-06 
1.82438e-05 
7.71256e-09 
7.20156e-10 
1.35828e-09 
1.05994e-09 
0.00303833 
0.00238928 
0.0037781 
0.000796165 
0.013749 
0.0120784 
1.70796e-10 
2.0255e-06 
0.0542968 
2.28392e-08 
2.86625e-08 
3.41291e-08 
0.000608338 
2.04931e-05 
3.92583e-08 
2.81753e-08 
2.44674e-05 
2.48813e-05 
0.0152314 
8.4592e-08 
2.92267e-05 
7.38558e-05 
0.000116663 
1.10312e-09 
0.00675028 
7.943e-10 
0.00803503 
1.69643e-09 
5.48024e-09 
2.22044e-08 
2.04632e-06 
0.00258089 
2.89955e-05 
7.15753e-09 
1.3088e-09 
3.26311e-10 
4.44897e-10 
5.45066e-05 
8.37667e-05 
3.6307e-06 
1.22217e-08 
1.4852e-08 
1.72486e-08 
2.91067e-08 
3.63505e-08 
0.0307938 
0.0263384 
0.108364 
0.111718 
1.28135e-08 
1.15943e-08 
5.32032e-05 
0.106052 
0.0655582 
4.93926e-06 
1.09271e-06 
0.0843206 
5.23564e-06 
0.00972305 
9.8799e-06 
1.09751e-05 
1.15858e-05 
0.0821623 
1.80527e-10 
2.55228e-08 
2.1387e-09 
1.7191e-06 
1.40414e-06 
1.90291e-06 
1.94202e-09 
1.79126e-09 
1.13127e-09 
0.0281806 
0.0319921 
0.000733151 
2.82123e-06 
7.07017e-07 
2.36342e-07 
1.46069e-09 
1.05244e-09 
2.05458e-06 
0.00784105 
0.000411835 
4.11257e-08 
0.0124362 
0.0673132 
0.00524451 
0.111899 
0.111227 
1.30909e-09 
1.46209e-09 
0.113774 
0.0480991 
7.80203e-08 
0.0274551 
0.026045 
0.0463277 
9.68613e-08 
1.85346e-06 
0.032174 
9.34798e-09 
1.22578e-08 
0.0323905 
0.0115235 
6.28648e-06 
1.8254e-06 
0.00114015 
0.00122115 
0.0377276 
0.0428834 
0.0734378 
1.42977e-09 
0.0461271 
0.0406836 
0.0435866 
5.97663e-08 
4.00637e-08 
3.57748e-06 
2.85218e-06 
1.12613e-08 
9.34672e-10 
1.24357e-09 
0.0106113 
0.0122862 
0.0790652 
0.00384076 
0.00435276 
0.00285233 
0.105288 
0.103294 
5.86742e-10 
8.19191e-10 
2.71253e-05 
2.18996e-09 
0.0889651 
0.109625 
0.00874808 
0.116119 
0.11608 
0.000482377 
1.55814e-06 
0.00780359 
0.0930602 
0.109997 
0.0349879 
2.73e-06 
3.2761e-06 
1.73674e-06 
2.76176e-07 
0.0460288 
0.000518235 
0.00675168 
1.09533e-09 
1.45454e-10 
0.0107416 
0.0086394 
0.000296777 
0.000440153 
0.0609813 
0.0131554 
2.13289e-09 
1.47036e-07 
0.0453968 
0.0143721 
0.0117812 
0.0301577 
0.000583189 
7.22255e-07 
0.000574823 
9.6895e-10 
1.36398e-09 
1.24037e-09 
4.10852e-10 
3.06008e-10 
1.99095e-05 
0.0760723 
0.0731757 
7.94952e-10 
6.58551e-08 
0.0626517 
0.0521809 
0.00167975 
0.00157718 
4.84085e-08 
4.75654e-06 
0.011472 
0.00237177 
0.0992448 
0.00613603 
0.00547688 
4.20012e-10 
1.97167e-05 
1.2328e-05 
0.0964723 
0.00169191 
6.18314e-06 
6.96297e-10 
7.5423e-10 
2.92588e-09 
2.24934e-09 
2.3748e-09 
5.81692e-10 
8.07249e-10 
1.32114e-06 
2.5004e-09 
0.0924408 
4.10625e-09 
0.0141004 
0.0125216 
1.5225e-07 
1.71747e-07 
3.96485e-05 
4.46658e-05 
1.39042e-05 
2.90926e-10 
0.0163337 
0.0197587 
0.000142533 
1.33213e-09 
0.0636758 
0.0666747 
0.0571714 
0.116256 
0.112931 
2.13841e-05 
2.82491e-07 
1.69923e-07 
5.002e-10 
0.0379606 
0.032928 
7.42533e-09 
2.54536e-09 
2.97608e-06 
2.43961e-06 
2.12102e-05 
0.000928503 
3.38721e-09 
6.12166e-06 
4.8457e-06 
2.05461e-05 
5.02027e-08 
3.28339e-06 
0.00847694 
3.92843e-09 
0.0231681 
0.0075341 
0.0403212 
1.3801e-06 
1.94809e-06 
0.0391719 
2.59845e-09 
1.39203e-09 
4.27683e-06 
0.0187452 
0.00783209 
0.0072912 
9.81285e-05 
1.72834e-08 
0.0108181 
0.0591373 
1.28554e-07 
4.1209e-05 
5.86894e-05 
0.000805561 
0.0396944 
3.72558e-06 
7.1821e-08 
0.0447052 
0.0558963 
1.46515e-09 
5.28655e-05 
5.07106e-05 
9.72613e-05 
4.00293e-09 
0.079972 
1.00508e-09 
1.2703e-09 
0.070332 
2.11366e-09 
1.09555e-09 
4.7268e-07 
5.641e-06 
3.24799e-06 
4.45409e-06 
5.29912e-06 
0.101114 
1.29375e-09 
0.0991465 
0.102355 
0.0966372 
0.100042 
1.56749e-09 
2.97177e-09 
0.109506 
0.00923023 
0.000773269 
0.00510693 
1.00296e-09 
0.000172173 
0.000264777 
0.102478 
1.57422e-09 
4.90366e-09 
2.23501e-09 
2.95255e-09 
2.86157e-09 
0.000133973 
0.101975 
0.000318538 
0.012101 
0.0137189 
7.19488e-10 
0.00368481 
0.00418888 
0.0027242 
0.0532277 
0.0518887 
0.0270973 
0.0013747 
0.0251638 
0.0209771 
0.0265037 
0.029261 
9.77984e-06 
0.0753753 
0.0679861 
0.0728051 
0.000450832 
1.01708e-09 
1.29431e-09 
1.3981e-09 
7.57208e-06 
9.12424e-06 
1.20662e-05 
1.08517e-08 
0.00168576 
1.39814e-08 
7.65767e-10 
2.91846e-09 
3.96889e-09 
3.85849e-09 
1.63719e-09 
7.00554e-10 
9.36519e-10 
9.15896e-10 
0.00189532 
0.00173792 
0.00251434 
4.65332e-07 
0.00682413 
0.000698584 
3.82997e-08 
1.3134e-07 
0.00968885 
0.00842686 
0.0141992 
0.0127429 
0.000158234 
1.27806e-05 
1.54045e-05 
2.20212e-05 
0.00725408 
0.00608521 
0.00660929 
9.30517e-08 
0.0543846 
5.19113e-09 
0.0486595 
0.000802963 
9.17273e-05 
0.0648469 
0.0983797 
6.32516e-08 
0.000220478 
0.000246463 
0.000334612 
7.71853e-07 
3.547e-06 
0.0902407 
0.0848928 
0.000247697 
0.000161116 
6.19886e-07 
1.93609e-08 
3.11844e-08 
1.69795e-08 
0.096977 
0.0988939 
0.0926749 
2.30141e-06 
0.00126444 
0.00116473 
5.5178e-09 
4.82365e-06 
0.0726551 
3.1701e-05 
3.45404e-05 
6.73788e-08 
5.06736e-06 
0.00291823 
3.9349e-06 
5.45198e-06 
2.79053e-09 
0.0372438 
0.00589716 
0.00526417 
0.0366051 
3.70223e-07 
6.85647e-06 
0.0202478 
0.000166131 
2.4884e-08 
0.0115964 
0.0142502 
1.24277e-07 
2.47177e-09 
0.110227 
0.0156473 
2.39298e-07 
2.6064e-07 
0.00869587 
0.0210617 
0.0200631 
2.08403e-07 
1.8498e-07 
0.0366179 
2.25814e-08 
0.0250629 
6.60493e-08 
0.0574106 
1.05707e-07 
1.61559e-07 
6.71819e-09 
0.0367065 
0.0345092 
0.000944679 
0.105029 
0.103473 
6.20257e-08 
2.21748e-09 
2.94766e-09 
3.86955e-05 
2.43818e-05 
0.00108359 
0.106144 
0.106698 
0.105938 
0.097185 
0.102226 
0.0771768 
0.0840291 
0.000535667 
1.73138e-09 
0.00968093 
0.109501 
0.0628501 
1.22328e-06 
7.67669e-07 
0.0239581 
2.17991e-09 
2.37534e-09 
0.0936212 
0.0876753 
0.00799875 
0.021878 
0.00458416 
7.52536e-05 
0.000294853 
0.00429593 
5.07423e-08 
1.98096e-09 
0.023791 
0.0235662 
0.00225593 
0.00160387 
0.000735152 
0.00100039 
0.0256366 
0.0462989 
3.76978e-09 
0.0104046 
0.00835143 
9.22006e-09 
1.23351e-08 
0.0390301 
2.64029e-09 
1.91088e-09 
0.111546 
9.69721e-06 
6.03138e-06 
8.13221e-08 
1.28232e-09 
1.46706e-09 
6.08609e-07 
0.0140316 
0.0125216 
0.0127571 
8.6014e-05 
7.11519e-05 
2.78832e-09 
3.42624e-09 
0.02772 
0.00204363 
0.00237345 
0.00168773 
8.28439e-08 
9.91747e-08 
1.27648e-07 
1.74961e-06 
1.18242e-09 
1.20613e-09 
4.05476e-05 
0.00114161 
3.40712e-09 
4.89734e-09 
0.0236749 
1.31887e-07 
0.0755404 
6.89526e-07 
3.0927e-07 
4.15858e-09 
0.00358 
0.0956006 
0.0810516 
5.75318e-09 
3.99866e-09 
2.3809e-09 
0.113579 
0.0316425 
5.58709e-05 
0.0536135 
0.0474128 
5.54883e-07 
3.41871e-07 
0.114473 
0.0100231 
0.00878753 
3.00918e-08 
2.29333e-08 
5.57393e-08 
7.11689e-08 
8.12143e-08 
6.42138e-05 
6.47602e-05 
9.32642e-05 
0.000100781 
0.00923437 
3.02816e-06 
0.0818666 
4.02227e-09 
3.85982e-09 
0.00794871 
0.113053 
0.112263 
0.00845677 
0.110198 
8.09132e-09 
0.0717821 
1.05808e-06 
5.94128e-05 
1.30864e-07 
1.00743e-05 
0.0211773 
4.81604e-06 
0.019452 
4.01363e-09 
0.0410518 
0.0341868 
0.0299452 
0.0322431 
3.97387e-06 
1.40237e-05 
0.0322488 
0.0301347 
1.47369e-06 
0.00625481 
0.0182371 
0.00030331 
4.32046e-09 
5.43287e-09 
0.0548821 
0.0139403 
0.000109171 
0.0074284 
0.0316075 
0.0295207 
5.26445e-09 
0.108154 
0.0499037 
0.00556545 
0.00532646 
0.00462556 
8.05284e-08 
0.0914908 
0.0851109 
0.0894608 
0.00291647 
1.07812e-07 
0.00872663 
0.00992397 
2.1917e-09 
1.61063e-09 
0.104891 
1.00981e-08 
0.044804 
0.0435529 
0.115274 
0.107703 
1.29567e-06 
5.15711e-07 
4.76713e-07 
8.66996e-07 
0.0257738 
0.0855647 
1.01985e-08 
0.000417108 
0.00624587 
1.27824e-06 
0.108806 
4.77892e-05 
7.26469e-09 
7.98994e-09 
1.11336e-08 
4.89084e-09 
0.0397927 
0.0388858 
2.62691e-09 
0.00353293 
0.00401244 
0.00259949 
0.000184296 
0.00018374 
0.000314709 
0.0683347 
1.84165e-07 
2.25404e-09 
3.0505e-09 
2.88592e-09 
0.0184521 
0.0152142 
0.0197829 
0.0302572 
2.99286e-06 
0.00158327 
0.00655319 
0.00564643 
0.00093883 
6.19063e-09 
8.67434e-09 
1.18509e-08 
0.0359429 
0.0101468 
0.00903608 
0.0178924 
0.0168772 
0.0470948 
8.00196e-09 
2.40512e-06 
0.00138102 
0.0720554 
0.00022658 
0.000102055 
0.000139989 
0.0022884 
3.44885e-06 
0.0630777 
0.0660378 
0.0564608 
0.00541933 
0.000744513 
0.000493248 
0.0845774 
0.000122924 
0.000951364 
9.28867e-06 
0.00360615 
0.107554 
6.47568e-09 
4.79119e-09 
0.113589 
0.112371 
0.112655 
1.3732e-08 
2.42967e-06 
0.00140026 
0.00140746 
7.10847e-09 
4.61392e-09 
2.12515e-08 
0.00183226 
3.72493e-09 
0.0234345 
0.0197385 
1.72374e-07 
0.018357 
0.0164699 
0.0154985 
0.00313895 
1.0992e-05 
1.50616e-05 
0.0483068 
0.0377552 
0.0282225 
0.00797165 
0.00993725 
2.23456e-05 
0.00504577 
5.89536e-09 
0.107058 
0.10596 
5.82922e-09 
0.052961 
0.0151801 
1.6104e-07 
0.109475 
0.00206296 
1.54215e-08 
1.39134e-08 
0.00436732 
3.33823e-07 
3.24052e-07 
0.0114269 
2.98949e-08 
3.74968e-05 
0.000435379 
6.50744e-07 
4.03111e-06 
8.96961e-05 
3.2509e-07 
2.1597e-09 
0.0286957 
0.0268288 
2.49052e-05 
5.05607e-09 
1.26782e-07 
4.06459e-07 
1.92839e-05 
1.20496e-05 
0.00473082 
1.9086e-07 
0.100427 
0.0935208 
0.000475825 
1.10237e-08 
2.595e-07 
1.07796e-05 
1.69616e-05 
0.110231 
0.103095 
0.106921 
0.00540668 
0.00585956 
0.00162841 
1.83175e-09 
0.000269073 
0.064225 
0.0837094 
0.0897583 
4.27999e-09 
4.60958e-09 
9.22062e-06 
1.37024e-05 
1.87202e-05 
0.0902061 
0.00163241 
1.47753e-06 
6.93751e-08 
6.60439e-05 
5.17828e-06 
0.0341915 
0.107636 
4.55323e-05 
0.00726315 
0.00565795 
0.0187084 
0.018153 
0.00128868 
0.000875501 
0.00151778 
0.00189039 
0.00578605 
0.00673876 
2.35383e-08 
2.10193e-08 
0.0791303 
2.23334e-08 
4.72471e-06 
5.07237e-09 
0.0199783 
0.0229893 
5.54931e-09 
2.35886e-09 
5.53815e-06 
0.0809363 
0.00526842 
0.00455407 
0.0972874 
0.0925695 
0.0597286 
2.36727e-09 
6.38772e-09 
7.85569e-09 
2.28367e-09 
2.88644e-09 
2.95768e-09 
0.00687439 
0.00267865 
7.42732e-09 
1.02006e-08 
0.0439345 
0.038326 
0.0100873 
0.00895159 
0.00908685 
0.00590596 
0.0310361 
1.50329e-09 
4.46083e-05 
7.02913e-05 
1.2675e-05 
3.0146e-08 
0.0395668 
0.106529 
0.105941 
5.53569e-08 
6.39979e-09 
5.18302e-07 
4.54323e-07 
0.0994449 
3.95094e-05 
0.105052 
0.0616848 
1.2991e-07 
0.107052 
0.106704 
0.00598499 
0.00685136 
2.92711e-06 
2.3503e-06 
0.0216077 
0.103055 
3.03579e-09 
0.00340501 
0.108312 
1.0273e-06 
0.00308417 
0.0309827 
0.00312299 
3.28428e-05 
0.034273 
1.57004e-07 
2.30149e-07 
1.48434e-06 
1.32974e-05 
2.62252e-05 
0.0655076 
0.0650122 
0.0621552 
0.000146043 
0.0687077 
0.0755791 
0.000106017 
2.1051e-07 
0.0248158 
1.40662e-08 
1.04617e-08 
5.3793e-08 
2.39719e-07 
0.000580169 
0.000645759 
0.000816923 
0.0811316 
0.0745802 
7.38367e-08 
5.50838e-08 
0.028917 
0.00249391 
1.23961e-06 
3.90954e-07 
0.0458489 
0.0162395 
0.0252626 
3.25946e-07 
2.42664e-05 
0.0148986 
0.0139776 
0.0415295 
2.03876e-09 
0.0230504 
0.0267477 
0.0233405 
0.0251281 
1.14508e-08 
0.000150735 
0.0573098 
0.0135234 
6.15493e-09 
4.55231e-05 
0.00329406 
0.00226666 
2.37694e-05 
0.10943 
0.106905 
0.108584 
1.12437e-08 
2.04679e-08 
7.58805e-06 
9.03016e-09 
0.0974258 
8.00563e-05 
2.03363e-09 
9.48204e-09 
1.19999e-08 
0.0993025 
1.63645e-07 
7.7386e-07 
5.18981e-09 
6.46208e-09 
0.000190234 
2.87633e-07 
2.43608e-07 
7.31266e-08 
0.0372793 
0.0537154 
2.8431e-06 
2.93978e-09 
3.36936e-09 
0.000204303 
2.15705e-08 
2.81874e-08 
2.91912e-08 
4.25849e-08 
7.91383e-05 
0.0290115 
0.0329624 
0.0283352 
0.0320695 
1.04601e-05 
0.00381506 
0.00336097 
0.0709694 
0.00423785 
6.64548e-08 
3.43036e-09 
0.000294812 
1.00466e-08 
3.66666e-08 
1.95635e-06 
5.18986e-09 
6.97072e-09 
6.64983e-09 
0.000792554 
8.54474e-09 
1.39606e-07 
0.00469054 
0.0100689 
0.00805733 
1.11186e-05 
1.57211e-05 
5.77307e-07 
0.000248724 
0.000292157 
0.000349006 
0.0898435 
0.0922759 
0.0837948 
5.0281e-06 
0.0176363 
0.004104 
9.26408e-09 
0.00714361 
0.00613954 
0.0246698 
0.0229094 
0.00443816 
7.62435e-07 
0.0135883 
0.0127633 
0.0527391 
0.0465235 
3.09969e-07 
4.63731e-07 
2.46109e-07 
7.21509e-08 
0.0282333 
0.000166224 
0.000233779 
0.000109842 
5.23205e-05 
1.79184e-07 
4.49359e-07 
0.000377224 
2.23465e-06 
0.0737992 
3.80627e-07 
4.69182e-09 
1.96993e-07 
0.0360672 
0.00234552 
4.42152e-07 
3.43945e-07 
4.2887e-07 
1.36494e-07 
3.32004e-05 
0.0555634 
0.0400892 
0.0123873 
0.011692 
0.0105323 
0.012976 
3.01314e-05 
3.96832e-05 
0.0214063 
0.103078 
0.00666628 
0.0574924 
0.000565077 
0.0110663 
0.0167443 
0.0545981 
0.0601481 
0.104748 
0.104773 
1.75726e-07 
0.0223211 
7.14777e-05 
0.0967952 
1.97965e-08 
1.84044e-05 
1.15823e-06 
0.00150607 
0.104171 
0.103662 
1.7274e-08 
1.54361e-05 
7.94642e-06 
0.0947877 
7.54232e-07 
6.7886e-07 
0.000241856 
0.0963898 
0.0219296 
0.0204457 
5.3611e-08 
0.000842255 
0.100991 
5.44994e-07 
0.0915849 
0.0513631 
0.0878337 
1.33894e-07 
1.80311e-07 
3.44264e-05 
5.37281e-05 
1.17026e-08 
1.50433e-08 
0.00488853 
0.00526758 
4.2609e-09 
0.0177719 
0.0192859 
0.014765 
0.000129038 
1.53198e-06 
7.10312e-09 
2.76588e-05 
3.51831e-05 
4.16605e-05 
0.0249728 
0.0705832 
5.1595e-07 
1.9999e-08 
9.41861e-06 
5.86436e-06 
0.0060238 
0.00691521 
0.00319302 
3.50866e-05 
0.00482199 
0.00363482 
0.0145833 
0.0139811 
0.000684736 
0.0004466 
1.45041e-06 
2.83285e-08 
0.0692827 
0.0755933 
0.00372065 
8.94321e-08 
1.06748e-08 
7.8272e-09 
0.00103285 
1.15606e-08 
0.102855 
0.104097 
0.0992933 
0.0498982 
0.0440058 
0.0477993 
4.76488e-07 
3.79348e-07 
0.101969 
3.26191e-07 
0.0240186 
2.23689e-05 
0.00213614 
4.54441e-06 
0.0637431 
0.0609778 
3.10339e-08 
2.83392e-08 
4.23371e-05 
0.00115443 
4.9898e-09 
3.67879e-09 
0.0045959 
1.09812e-06 
1.33163e-06 
4.02483e-06 
0.0165121 
0.0190687 
1.37278e-08 
0.0152276 
5.25426e-09 
6.38259e-09 
6.80695e-09 
5.37307e-09 
2.00859e-08 
2.75135e-08 
0.0351151 
0.0301977 
1.34306e-07 
1.44026e-08 
0.00470137 
0.00391966 
0.00705818 
0.00624848 
0.00631162 
0.000135799 
0.000203101 
2.98425e-05 
0.00359764 
0.00409267 
8.46412e-07 
0.0643957 
1.37288e-07 
1.23295e-08 
1.5508e-08 
1.68687e-08 
4.40463e-07 
5.3871e-07 
6.39927e-07 
3.50197e-09 
5.08528e-07 
7.32411e-07 
0.065598 
0.000125916 
1.20781e-06 
1.07809e-06 
2.83058e-06 
2.27599e-06 
0.000106305 
6.02589e-05 
1.68888e-08 
1.46703e-08 
7.03594e-05 
5.96354e-05 
5.0558e-08 
7.77648e-08 
4.37846e-08 
0.00129264 
0.00143195 
0.00164895 
0.000343314 
0.000417283 
0.000598312 
6.86044e-07 
5.60766e-07 
1.80605e-07 
3.34677e-07 
0.0295219 
7.94873e-07 
0.0253132 
5.93029e-05 
0.00709547 
0.00906641 
0.0238737 
0.0993667 
1.98177e-08 
0.100014 
0.00976784 
1.33066e-08 
0.0187855 
0.0173219 
1.09229e-06 
0.00308917 
0.000140904 
9.55142e-05 
0.00404598 
0.0441865 
7.00358e-07 
0.00465829 
0.0222213 
2.24398e-08 
1.27268e-08 
0.0205802 
0.0178425 
0.0192727 
0.000180706 
0.00346023 
9.49847e-05 
6.24151e-09 
6.20345e-06 
8.24528e-07 
0.0842172 
0.00312889 
7.07346e-08 
0.0189149 
0.00246655 
5.20904e-08 
0.00259088 
0.00170802 
0.0285721 
1.46567e-05 
0.0733615 
9.68732e-07 
1.15847e-05 
0.00133518 
0.0023219 
0.00201523 
0.00268709 
2.35754e-08 
1.54447e-06 
2.74278e-06 
1.99021e-08 
2.23729e-08 
0.00399749 
0.0137063 
3.09229e-05 
5.74757e-09 
0.000427211 
0.0121682 
0.010085 
0.0984587 
0.096681 
2.94452e-05 
5.63443e-06 
0.00400132 
0.00293793 
0.00455801 
3.01336e-08 
0.00699823 
0.00542938 
1.22942e-08 
0.000162801 
0.0565404 
0.000185799 
0.00206705 
0.0111274 
0.0429758 
0.0373988 
3.30171e-07 
1.72772e-05 
0.0516422 
0.0543099 
0.0455063 
0.0176285 
1.93366e-08 
0.0343037 
0.0306589 
0.0800397 
0.073805 
0.0782382 
0.0877578 
4.38781e-07 
0.0216579 
1.23264e-05 
2.43214e-08 
1.30666e-08 
1.60635e-08 
1.95793e-08 
0.0012043 
0.000808747 
0.0209724 
2.78442e-08 
0.00283882 
0.00311245 
2.10242e-08 
2.56859e-08 
2.90062e-07 
3.62894e-07 
1.82846e-07 
1.47128e-06 
8.94482e-06 
2.90961e-08 
2.32181e-05 
1.05491e-06 
2.84505e-08 
8.48458e-05 
6.80376e-05 
0.0060337 
0.00909324 
0.00851246 
4.26964e-05 
8.0616e-05 
9.31687e-05 
0.098708 
0.0179715 
0.00140869 
7.10884e-09 
0.0938479 
0.0935737 
0.00778255 
1.65325e-07 
1.08721e-07 
0.0168132 
9.87778e-09 
5.96918e-05 
5.11327e-05 
0.00011272 
3.56328e-08 
8.2466e-07 
0.0163209 
1.31175e-07 
1.75257e-07 
0.0113399 
1.11013e-06 
0.0165874 
0.0154293 
0.0377581 
9.60412e-09 
8.99824e-09 
5.20911e-06 
0.000709602 
1.09573e-05 
0.0820924 
0.0801532 
4.32991e-05 
3.34366e-07 
0.000105905 
0.000161528 
0.00219298 
0.000598123 
0.000766239 
2.65899e-08 
3.4702e-08 
0.00406588 
0.00459452 
0.0131821 
0.0143567 
0.0107485 
3.69841e-08 
2.732e-08 
0.00235042 
0.0595166 
0.0269312 
0.0262017 
0.00178546 
4.07996e-08 
1.48314e-06 
0.0692266 
0.0622091 
0.0181715 
0.00188756 
0.0235978 
0.0201273 
0.0229135 
6.83278e-08 
0.000368359 
0.0115233 
0.0107202 
0.000340604 
0.00021491 
0.0857528 
0.0899496 
2.48583e-08 
1.73805e-08 
0.00242195 
0.000287109 
2.57903e-08 
3.86444e-08 
4.38891e-06 
0.00942175 
3.23356e-05 
2.39075e-06 
0.000482347 
0.000583295 
0.000698127 
0.0117428 
0.00934331 
0.0121044 
0.0103579 
0.00344524 
1.12605e-06 
1.21671e-08 
1.58619e-08 
0.00285389 
0.0964877 
5.05902e-08 
0.0274155 
0.0295882 
0.0329381 
4.91082e-08 
2.3714e-06 
2.34442e-06 
1.28571e-08 
1.12212e-08 
1.12789e-06 
9.06307e-07 
5.08094e-08 
1.05885e-06 
0.0132888 
4.43896e-07 
0.00213626 
0.000511512 
0.0844993 
0.0863405 
2.75257e-06 
2.20576e-06 
0.000245069 
6.25658e-08 
6.00762e-08 
2.08881e-05 
7.11432e-07 
5.374e-07 
0.0233033 
0.00356346 
0.00381132 
0.042026 
0.000310018 
0.00045294 
0.0551879 
0.0611012 
3.83361e-05 
0.00302788 
0.00218223 
9.62074e-08 
1.22248e-06 
1.69659e-06 
1.78831e-06 
1.60146e-06 
0.0582346 
3.61097e-08 
4.18078e-08 
1.4131e-06 
8.13489e-07 
0.0505954 
3.77966e-08 
3.12373e-08 
4.54616e-08 
0.0410395 
0.000370062 
0.0469043 
0.0514356 
0.0391123 
0.00672738 
4.83907e-08 
8.28406e-05 
0.00452908 
0.00611449 
0.0075581 
1.73701e-05 
0.0892152 
0.0877735 
8.80658e-09 
0.0138828 
0.0127497 
0.00809837 
0.0356545 
0.0360456 
0.000215929 
1.90776e-06 
4.1172e-08 
0.00256559 
0.0135338 
0.000880091 
0.00111767 
2.18589e-06 
0.00039531 
1.66985e-08 
0.00108754 
8.57375e-06 
0.0779584 
8.34109e-06 
1.16494e-05 
0.00380655 
3.19031e-05 
0.0305708 
0.0015311 
0.00119937 
0.0021795 
1.7382e-05 
1.56408e-05 
3.0587e-05 
9.28087e-08 
0.0529269 
0.0503624 
0.0162212 
8.19304e-05 
0.000123597 
8.5154e-05 
0.000120392 
0.00130981 
1.94231e-06 
2.47894e-06 
7.6369e-08 
8.86397e-08 
1.0861e-07 
0.00260382 
3.74109e-05 
2.81002e-05 
0.0026666 
4.48228e-08 
5.47066e-06 
4.28859e-05 
0.00733855 
0.00678132 
4.2698e-06 
2.91208e-06 
3.40001e-06 
4.48106e-06 
0.00260825 
0.0007879 
0.00109092 
1.03309e-06 
1.26931e-06 
1.47632e-06 
8.1452e-05 
0.0001143 
0.00207972 
0.00145647 
0.0025814 
8.18073e-05 
0.000108008 
0.0250096 
6.37088e-08 
0.00492912 
0.00051643 
0.0341828 
0.0293634 
0.00461669 
0.00520276 
0.00346339 
0.000628925 
0.000405516 
1.34362e-07 
2.47298e-05 
0.0746858 
4.30555e-08 
0.00415439 
0.0278728 
0.0265728 
6.56461e-05 
0.0828713 
0.0209937 
0.0175615 
0.00318435 
5.93261e-08 
0.0439162 
0.0331085 
0.0290086 
0.0314568 
0.0149069 
0.0123469 
0.0143634 
8.31246e-07 
1.09948e-06 
1.27766e-07 
1.70993e-07 
1.5976e-05 
1.87204e-05 
1.06122e-05 
0.000665518 
0.000910557 
0.00431041 
4.54116e-05 
4.91863e-05 
7.18587e-05 
0.00329949 
0.0792958 
9.85373e-05 
0.00476002 
9.7914e-05 
0.0914976 
0.000153197 
1.54363e-08 
2.13748e-06 
0.0391016 
0.0074778 
0.00890828 
0.0566406 
0.0126498 
1.63115e-08 
3.22297e-05 
4.34237e-06 
2.60684e-06 
2.10923e-06 
6.08616e-08 
0.000746619 
0.00107204 
2.19733e-08 
2.52572e-08 
0.0464978 
3.2692e-07 
4.41128e-07 
0.0155387 
0.0144559 
2.54184e-06 
0.000597888 
6.44023e-08 
0.00652348 
0.00606158 
0.0124614 
0.0115693 
2.04767e-08 
0.000779116 
1.10336e-06 
0.0721716 
7.67167e-06 
0.0221199 
0.0213305 
0.0003096 
0.000445333 
0.0140238 
6.22428e-08 
0.0488482 
0.00397726 
0.00940788 
0.0103478 
0.00748574 
0.0133646 
0.000154072 
2.05992e-08 
2.71663e-06 
0.0122432 
0.0405153 
8.27015e-07 
0.000901672 
2.22677e-08 
8.59782e-08 
7.14807e-08 
0.0165333 
0.0884615 
0.00825831 
0.00773291 
0.0577821 
0.05124 
0.0807696 
0.0815082 
0.0478383 
3.13264e-08 
0.000160508 
1.35245e-06 
1.09404e-06 
3.47689e-08 
7.49039e-08 
9.02458e-08 
0.00101387 
3.31878e-07 
0.0702678 
0.0687618 
0.00943257 
0.00780762 
0.00970642 
2.97576e-08 
3.90776e-08 
0.0265772 
0.0225483 
1.50599e-08 
0.0239937 
1.11082e-07 
4.04918e-06 
3.85753e-06 
0.00103357 
3.99597e-06 
0.0914747 
0.00142864 
0.0825882 
3.32328e-06 
0.0872039 
2.43205e-07 
0.0721029 
5.07408e-05 
4.33233e-05 
0.0445982 
0.00177178 
0.0012157 
6.13901e-08 
0.0418672 
0.0442364 
0.0363357 
7.55251e-08 
9.43102e-08 
9.78314e-08 
9.79064e-05 
5.53902e-07 
6.6234e-07 
3.28997e-07 
0.0657208 
0.0595595 
0.064128 
4.74527e-08 
1.31541e-07 
2.08773e-06 
2.69789e-06 
3.50964e-08 
0.00822364 
1.6562e-07 
2.37492e-07 
0.0380535 
0.0339121 
0.0361424 
0.00972009 
1.32286e-06 
0.00131445 
0.00476816 
0.00587207 
0.0426052 
0.000210329 
0.0056622 
2.11166e-06 
0.0102688 
2.30311e-05 
0.000194041 
0.000264091 
6.69522e-08 
0.00991731 
0.00902733 
1.06757e-06 
0.0117517 
3.65549e-08 
4.28238e-07 
3.2035e-07 
7.94939e-07 
4.23036e-08 
0.0113417 
0.042795 
0.0405539 
0.000230114 
0.000345488 
2.07102e-06 
2.77172e-06 
0.0653497 
0.08062 
0.000210846 
0.000186529 
0.000238363 
0.0186957 
0.0183077 
4.18868e-06 
5.26483e-06 
3.3432e-08 
0.0001921 
4.39229e-08 
0.00150817 
6.0419e-08 
7.95418e-08 
7.77626e-08 
0.00513691 
0.00465541 
0.00897568 
0.00111126 
0.077211 
6.30118e-06 
0.00300985 
0.000685917 
0.0199853 
3.6137e-08 
4.39392e-08 
5.03179e-08 
8.69277e-08 
1.07971e-07 
5.70025e-08 
0.0334627 
1.04167e-07 
4.2518e-06 
7.22709e-05 
1.25366e-05 
8.4184e-08 
0.00095751 
0.00143806 
0.000577968 
0.0221586 
1.02123e-07 
1.438e-07 
1.32597e-07 
0.0671626 
1.04527e-06 
1.1497e-07 
0.0155658 
0.0127968 
2.38727e-07 
2.73152e-08 
3.16966e-08 
3.70058e-08 
7.07899e-08 
0.0134025 
3.04132e-07 
3.77687e-08 
0.01549 
0.000169976 
0.000308104 
0.00311428 
7.86715e-08 
0.0705443 
4.7471e-08 
8.82278e-05 
0.000296327 
0.0465091 
0.0519422 
0.0601572 
7.84835e-08 
2.22664e-05 
2.47889e-05 
4.33705e-05 
3.65591e-05 
8.62298e-06 
1.48668e-07 
1.30132e-07 
0.00689078 
2.65561e-06 
2.91422e-06 
2.40961e-06 
0.00862036 
2.64451e-05 
0.0106185 
1.99304e-06 
2.68992e-06 
0.0189621 
8.6631e-05 
4.05458e-07 
1.30284e-06 
1.02979e-06 
0.0309023 
0.00931498 
0.0115136 
0.00982916 
0.0106501 
0.0105678 
0.00461516 
0.00419391 
0.0392521 
0.0751954 
0.017829 
0.017035 
0.000750059 
0.00104526 
1.71015e-07 
5.19804e-05 
0.000266375 
0.00311379 
0.000344291 
0.000284929 
0.0487675 
0.00441057 
0.000203536 
0.0471926 
0.0414524 
5.71961e-06 
4.72793e-06 
6.19342e-06 
4.56508e-08 
2.02039e-07 
2.8394e-07 
1.29346e-07 
0.00956223 
1.31765e-07 
0.00223389 
1.10175e-07 
5.67682e-06 
1.5444e-07 
1.34951e-07 
1.84377e-07 
1.63234e-07 
0.0609641 
0.0601232 
0.0286307 
0.0271972 
8.8374e-06 
1.28938e-05 
0.00626655 
0.00758288 
0.00599369 
0.00172123 
6.83916e-06 
8.20786e-06 
1.02999e-05 
6.32975e-08 
0.0016431 
0.0201583 
0.0168146 
2.86321e-06 
0.000142623 
7.22252e-06 
0.00128098 
0.00231581 
0.000525676 
0.0331064 
0.0283543 
5.6513e-08 
0.00287396 
0.00328596 
0.00206502 
0.000958448 
0.000625509 
0.0125097 
0.0322454 
0.0365065 
1.70774e-07 
2.19114e-07 
2.44591e-07 
0.0294956 
0.0689822 
8.6423e-05 
0.00516183 
0.00568245 
1.37421e-05 
1.34319e-05 
1.22001e-05 
4.53236e-06 
0.000442552 
0.000388646 
0.000131691 
1.82795e-07 
1.62391e-07 
0.00186449 
1.60062e-07 
0.0208811 
2.35428e-07 
6.34934e-07 
5.214e-06 
6.24393e-06 
0.0263488 
0.025031 
0.0241789 
0.000239681 
0.000409978 
7.27154e-08 
9.66012e-08 
5.02458e-07 
0.00947237 
2.77819e-07 
3.35135e-07 
3.75427e-07 
0.00862717 
0.000516476 
0.0631625 
0.000366898 
0.00348138 
2.00286e-06 
3.41091e-06 
0.00633796 
0.00761932 
0.0068067 
1.86034e-05 
6.34544e-05 
1.30274e-05 
0.000154124 
7.43734e-07 
0.0633249 
0.0077992 
0.0157423 
0.00334098 
0.00533971 
0.0754043 
0.000636934 
0.0008508 
5.22647e-06 
0.0621326 
0.00575344 
4.63874e-05 
0.00715133 
0.00644772 
0.0733233 
0.0693668 
0.00265626 
0.00497094 
0.000277823 
0.000334847 
0.000171097 
0.0688826 
0.0678973 
0.063987 
0.0545397 
0.00416458 
0.0617364 
0.0021339 
1.31065e-05 
0.000354266 
0.0017929 
1.00751e-06 
0.00756893 
0.00232142 
1.99037e-07 
0.0563228 
0.0505767 
0.0550788 
2.27248e-07 
0.022911 
9.3696e-06 
1.12284e-05 
5.70112e-06 
0.000455921 
0.000504478 
0.000693656 
0.00680312 
0.00612094 
2.99133e-07 
1.36469e-05 
1.71649e-05 
1.89591e-07 
0.0555253 
0.0574412 
0.0493234 
6.89904e-08 
0.000447033 
0.000541653 
0.000615901 
0.0248647 
1.70043e-07 
0.00392126 
0.0155577 
2.25704e-07 
2.25999e-07 
0.00817974 
7.06013e-08 
9.37741e-08 
0.0111876 
0.00897851 
0.0566767 
0.0562589 
0.00160369 
8.10177e-08 
1.11384e-07 
0.0228967 
0.035194 
8.96314e-06 
0.00420812 
0.00185416 
0.00461672 
0.0616762 
0.00363463 
3.81878e-07 
6.07889e-06 
9.27934e-06 
1.87284e-07 
0.0519566 
2.22019e-05 
0.000249218 
0.00621396 
0.00469185 
5.42477e-06 
6.50816e-06 
7.21181e-06 
7.62647e-05 
0.0138537 
0.0131469 
4.96484e-06 
6.71358e-06 
0.0216998 
0.000177891 
8.61379e-08 
1.22834e-07 
0.0529155 
0.00843907 
0.000479326 
0.00303247 
0.00268406 
0.00365727 
0.0339045 
0.0030887 
0.00271096 
0.00559933 
7.08238e-06 
0.0152191 
0.000127467 
2.07566e-05 
1.69937e-05 
3.17545e-05 
4.38882e-07 
3.12206e-07 
9.93147e-06 
0.000633969 
0.00337706 
0.00265938 
2.38047e-05 
2.17576e-07 
2.62115e-07 
3.64532e-07 
2.98907e-07 
5.21646e-07 
3.76758e-05 
3.13397e-05 
0.00687991 
0.00818416 
4.0206e-06 
2.45426e-06 
0.000798161 
1.85588e-06 
2.51136e-06 
9.86672e-06 
0.0319458 
0.0146631 
0.0171983 
0.014865 
0.0121766 
0.00374398 
0.0308508 
0.0114364 
0.0256118 
0.0216473 
2.97527e-07 
1.06817e-07 
0.00166089 
0.00193428 
0.00113032 
7.23734e-08 
8.62565e-08 
9.79575e-08 
0.0353301 
0.0399519 
0.000251396 
0.000153434 
0.000141931 
0.00297416 
0.00602067 
4.0533e-07 
1.79484e-05 
3.15661e-07 
3.20713e-07 
0.000460257 
2.60834e-05 
0.00640408 
4.95408e-07 
0.020908 
0.0198785 
0.0378864 
0.0328912 
0.0237245 
0.027225 
1.5786e-07 
0.0187011 
0.0158915 
0.0178061 
0.00470034 
1.71911e-07 
2.25731e-07 
6.76145e-07 
9.21222e-07 
0.00370141 
1.46817e-07 
1.57607e-05 
2.44455e-05 
0.000714213 
6.03487e-07 
7.26113e-07 
8.30359e-07 
0.000932626 
1.73325e-07 
0.000302183 
0.00024659 
0.00760528 
0.00881886 
2.40176e-07 
0.00577353 
5.33387e-07 
4.22842e-07 
6.36536e-07 
0.0557321 
0.0571107 
0.00485653 
0.0455074 
0.00702932 
0.00570004 
0.00490924 
0.00439552 
0.000421307 
0.00491773 
0.000315858 
0.000451784 
0.000388181 
0.00226173 
0.0118061 
7.13463e-05 
0.00417948 
0.00401847 
1.36089e-05 
0.00138292 
2.50358e-07 
0.00152105 
3.20734e-07 
5.01181e-07 
2.83945e-07 
5.5501e-05 
1.56666e-05 
1.37762e-05 
0.00213609 
0.000508576 
0.00505051 
0.00417378 
0.00462504 
1.0141e-07 
5.56051e-05 
0.00807187 
0.00106269 
0.00169654 
0.000844738 
1.49681e-07 
2.34474e-07 
1.3959e-07 
0.000124475 
1.17561e-06 
2.1375e-05 
2.62444e-05 
3.01567e-05 
0.000192911 
7.93459e-06 
9.43848e-06 
4.83427e-06 
3.8789e-07 
0.00430657 
3.41912e-05 
0.0273858 
2.12696e-07 
0.0263849 
0.0246391 
0.0180271 
0.000225775 
0.00011359 
4.58422e-07 
5.67673e-07 
6.33399e-07 
0.000173606 
2.83822e-07 
4.36169e-05 
3.25381e-05 
4.91946e-05 
4.46177e-05 
0.00390946 
0.000781887 
0.00113249 
0.00539692 
1.66698e-07 
2.26168e-07 
2.1614e-07 
7.83959e-05 
0.000140425 
0.0473433 
0.00770685 
0.00598722 
0.0500026 
0.0495073 
5.17961e-07 
9.74392e-07 
0.00205002 
0.00086891 
0.00543236 
0.000572612 
0.000605378 
0.000839738 
6.24481e-07 
0.0446014 
5.4342e-07 
4.05759e-05 
8.88199e-07 
0.00525845 
0.00634372 
1.69106e-05 
0.0036358 
1.32246e-05 
0.0105489 
0.00986596 
0.0116565 
1.22706e-05 
0.000291479 
2.16801e-07 
3.07573e-07 
0.0109812 
0.00213145 
0.0299476 
0.0123 
0.0535757 
0.00269321 
9.41923e-07 
0.0128236 
0.00278196 
0.000572606 
1.86806e-05 
0.00328937 
0.00169799 
1.20611e-05 
0.000137652 
2.41857e-05 
7.5647e-07 
0.000879771 
1.31246e-06 
0.00315549 
4.66154e-06 
4.65409e-07 
5.3328e-07 
3.26606e-05 
2.70606e-05 
0.00360059 
0.00104938 
1.75e-06 
1.12549e-06 
0.00150602 
1.16103e-06 
1.594e-06 
0.0478933 
0.0436212 
0.0387364 
0.042662 
6.75761e-05 
0.0193288 
0.0207849 
0.0161095 
0.00334167 
1.69365e-05 
0.00288369 
0.00251753 
0.0105969 
0.00846374 
0.00303258 
9.35173e-07 
1.07274e-06 
0.00407583 
0.012776 
0.00147249 
0.0261441 
1.22116e-06 
9.85564e-07 
0.000436281 
0.000271726 
6.3141e-06 
2.6426e-05 
1.93904e-05 
0.0024352 
0.0155604 
0.0239479 
0.0170475 
0.0197368 
0.0453674 
0.0400077 
3.58919e-07 
3.94767e-07 
7.4357e-05 
4.26247e-07 
5.12136e-07 
0.00223287 
0.041097 
0.0402091 
4.79291e-07 
0.0165022 
0.0300942 
0.0258197 
3.8233e-07 
5.9786e-05 
0.00250621 
1.67212e-06 
2.29166e-06 
4.47021e-05 
7.22829e-05 
4.11156e-07 
0.00887586 
4.81054e-05 
3.05016e-05 
1.71069e-05 
0.0289156 
0.0329874 
0.00924799 
0.00870478 
1.55408e-05 
0.0017659 
0.0107375 
0.000792512 
0.012659 
1.33222e-05 
1.57892e-07 
1.77315e-07 
2.26649e-07 
0.00224009 
0.00748858 
0.00592841 
0.00742071 
0.0391402 
3.53592e-05 
0.0033336 
4.90992e-05 
0.000446389 
0.00153996 
0.00221516 
0.00163844 
0.00298854 
8.08858e-05 
0.020171 
0.0218266 
0.000212615 
4.87797e-07 
6.9121e-07 
0.00264907 
0.00233496 
0.000983782 
0.000847805 
1.15875e-05 
0.00153687 
0.0010416 
6.00254e-07 
8.67658e-07 
6.88388e-07 
4.63229e-05 
5.80146e-06 
1.05859e-06 
1.42516e-06 
0.000121561 
0.0147311 
0.0085392 
0.00128861 
0.0050043 
0.00373303 
8.50731e-07 
0.0140624 
0.04779 
0.0443114 
0.0388304 
0.0430746 
0.00010048 
0.00103967 
0.00106912 
8.87896e-07 
1.0807e-06 
1.20917e-06 
1.49671e-06 
1.81379e-06 
2.04894e-06 
3.18755e-05 
0.00113923 
8.40348e-05 
3.75788e-05 
5.57521e-05 
0.00396186 
0.00766547 
0.00712875 
2.78928e-05 
0.00124131 
0.00169767 
1.15169e-06 
5.57188e-07 
7.88016e-07 
0.00792598 
1.30319e-06 
0.00104317 
0.000910311 
0.000200563 
0.000121932 
0.0117567 
0.0138631 
0.0107218 
1.57492e-05 
0.0188166 
7.92018e-06 
6.69494e-06 
9.02609e-07 
6.83572e-05 
0.0242843 
6.29463e-05 
3.86478e-07 
4.87172e-07 
1.09387e-06 
5.96407e-05 
1.46874e-06 
8.12556e-05 
0.000103388 
9.78758e-07 
0.0033845 
0.000369001 
5.216e-05 
0.00161221 
0.000520801 
2.8676e-06 
0.00285828 
0.000201935 
0.0366662 
0.0320029 
0.035816 
4.705e-05 
0.00306512 
0.00310912 
0.0141571 
0.0115152 
0.0185993 
4.06208e-07 
3.62778e-05 
0.00717328 
0.00552606 
0.0182027 
3.41145e-06 
4.03371e-06 
2.07053e-06 
0.000165474 
8.56035e-07 
8.34902e-07 
0.0114061 
0.0366398 
0.0384417 
0.0321414 
0.00210917 
1.45727e-05 
0.000807492 
1.08171e-05 
1.86743e-06 
2.19048e-06 
4.2135e-06 
8.89004e-05 
0.000132857 
0.000110019 
0.0209522 
0.00178535 
0.0117224 
4.22668e-05 
0.0343028 
0.0237736 
0.0201535 
2.86975e-05 
2.36837e-05 
2.23627e-06 
0.00922433 
0.00240365 
0.000128464 
0.000198912 
3.93107e-06 
3.27592e-06 
6.51379e-05 
0.0339058 
2.06281e-06 
2.68638e-06 
0.0292739 
5.6196e-07 
0.00368929 
0.00474454 
6.60598e-05 
0.00673236 
0.00627014 
0.000118734 
0.00189083 
2.56699e-06 
3.45611e-06 
0.00854935 
1.12364e-05 
0.0153457 
0.023359 
0.0270568 
0.00169302 
4.91184e-07 
0.00141427 
0.00163973 
0.000950486 
1.07865e-06 
8.67186e-07 
1.90177e-06 
4.32471e-05 
0.0173301 
0.00058326 
9.22622e-05 
0.000129752 
0.0153414 
0.000388154 
0.000240935 
0.000309269 
7.90773e-07 
0.000127086 
0.000122563 
8.69142e-05 
9.22045e-05 
0.000131305 
1.80867e-06 
0.0147971 
2.68008e-05 
1.09081e-06 
0.00605999 
1.25936e-06 
1.11145e-06 
2.03243e-06 
0.0122268 
3.56348e-05 
0.00186538 
0.000933848 
1.32771e-05 
7.52752e-05 
8.92557e-05 
0.000104994 
0.000712859 
0.00301666 
0.00214237 
0.00249078 
3.7302e-06 
4.50931e-06 
5.15411e-06 
0.0014597 
0.00126863 
0.0297429 
0.00147083 
0.00132159 
5.13573e-07 
0.0130388 
0.000170383 
2.35574e-06 
0.00785162 
0.0093648 
3.3368e-07 
3.13929e-06 
0.000161062 
2.92718e-06 
8.78901e-05 
5.31261e-05 
1.36834e-05 
0.0134756 
0.000182043 
0.00572697 
0.00452325 
0.00543111 
8.31337e-05 
0.0166562 
0.000721582 
0.000461759 
2.50654e-05 
2.05475e-05 
2.44061e-06 
2.50237e-06 
2.04634e-06 
0.0146614 
1.64533e-06 
0.00112262 
0.000602511 
0.00538624 
0.00496254 
0.00960361 
0.0339615 
0.0293495 
0.0341689 
0.00249664 
0.000942649 
0.000893031 
0.00139324 
2.60412e-06 
3.02178e-06 
2.36273e-06 
0.00031388 
0.000211083 
0.030355 
0.00713555 
8.46293e-07 
0.000208235 
0.0246874 
0.00991201 
0.00781948 
0.0027658 
1.4349e-06 
0.00765206 
0.000493717 
0.0045534 
0.00336695 
0.0133097 
5.36232e-06 
1.86119e-06 
0.0265012 
0.00554657 
0.00129803 
1.88674e-06 
0.00202053 
3.87913e-06 
4.16398e-06 
2.53713e-05 
3.48628e-05 
9.45037e-06 
0.0179671 
0.0152052 
6.33335e-05 
6.96181e-06 
0.000228817 
0.00998217 
0.00212125 
0.0246986 
5.13149e-06 
0.0084296 
6.08813e-06 
8.27937e-06 
0.000336382 
0.000495654 
2.07711e-06 
2.68671e-06 
2.54696e-06 
4.81825e-06 
6.41925e-06 
0.0195426 
0.00043978 
0.00675553 
0.000196501 
0.000143637 
1.31864e-06 
8.16256e-06 
9.59604e-06 
1.14121e-05 
5.33226e-07 
0.000283092 
0.0187245 
0.00158491 
0.0136844 
0.0261704 
2.01032e-06 
5.17407e-06 
6.28121e-06 
9.83631e-06 
0.00105851 
0.000741334 
0.00551985 
0.00629739 
0.00203342 
0.0213641 
0.000228017 
0.000235987 
0.000341753 
0.00261784 
0.00189634 
0.00343325 
0.000712033 
0.0109399 
6.17739e-06 
0.001828 
0.0219536 
0.00486153 
3.50196e-07 
0.0304535 
0.000979697 
0.0119103 
0.0102059 
0.00846666 
0.00976092 
0.000174887 
0.000197001 
0.000254225 
0.000246884 
0.000220728 
0.000304428 
0.00166897 
0.00112616 
0.00420068 
0.01079 
0.000305485 
0.000300936 
0.000458404 
2.87797e-07 
5.53205e-06 
6.78625e-06 
7.3743e-06 
0.000846266 
0.00467005 
0.00431255 
8.43229e-05 
0.000105791 
1.69489e-06 
1.10965e-05 
3.75101e-05 
1.68139e-05 
0.000633979 
0.00652724 
0.004985 
0.00126909 
0.00134446 
0.00183701 
0.000395656 
0.000339969 
0.000209583 
0.0253032 
0.0040542 
0.00317183 
0.00372347 
0.00102792 
0.0130532 
0.0154896 
0.00446926 
0.000384507 
1.1935e-05 
0.020942 
4.44404e-06 
0.0036333 
0.003309 
0.00107457 
2.03185e-05 
2.32702e-05 
2.96734e-05 
6.50483e-05 
3.31699e-06 
0.000696913 
0.000457359 
0.00189863 
0.000472137 
0.00267345 
0.0104881 
0.0114167 
2.84558e-06 
2.41983e-06 
0.0175969 
0.0001885 
5.9959e-06 
0.00064378 
0.000550831 
1.45063e-05 
1.16563e-05 
0.000150756 
0.021599 
0.000440131 
0.000539999 
4.14152e-06 
0.000180958 
0.000244657 
0.000152644 
0.000185746 
0.000207784 
0.00386286 
5.51805e-06 
1.43919e-05 
1.97085e-05 
0.000831043 
0.00108891 
4.32523e-06 
0.00501082 
0.0060887 
2.36252e-05 
0.000628959 
0.000402348 
0.00147494 
1.6032e-05 
0.00333984 
1.26699e-05 
1.54578e-05 
1.69996e-05 
1.12129e-05 
1.43069e-05 
5.62401e-06 
6.15005e-06 
4.96315e-06 
0.00146382 
0.000490529 
0.000663841 
3.8578e-06 
0.0120725 
1.86071e-05 
0.000206133 
0.000553128 
0.000554145 
0.000834043 
5.14743e-06 
0.0141984 
5.04585e-06 
0.0112757 
1.14528e-05 
4.38168e-06 
0.00874545 
0.0091324 
1.05542e-05 
0.0173285 
0.00286781 
0.000854919 
1.03776e-05 
1.35852e-05 
0.00894825 
0.000321153 
9.27545e-05 
0.00312393 
0.00281985 
0.0159836 
7.48356e-05 
0.00921365 
0.0146696 
0.0069642 
0.00919338 
0.00836004 
0.000728678 
0.00299777 
0.00372272 
4.43584e-05 
0.00029609 
8.72853e-06 
0.00399652 
0.0029611 
0.000150737 
8.97472e-05 
0.00194831 
0.00261001 
0.0105339 
1.03247e-05 
1.02673e-05 
6.06038e-06 
0.00228411 
0.0127338 
2.41377e-05 
0.00874368 
0.000172452 
0.000727941 
0.000999734 
0.00161753 
1.47097e-05 
2.56138e-05 
0.00035846 
0.0016557 
0.000537065 
0.000465175 
0.0118633 
0.0100107 
0.0111591 
0.00746055 
0.00744808 
0.0073316 
0.0154577 
0.000407005 
0.000536987 
0.000353257 
2.4675e-05 
3.10639e-05 
0.000875172 
0.00103329 
0.00213849 
0.00649345 
0.000425768 
0.00467947 
0.000532601 
0.00773711 
3.4501e-05 
0.0191281 
0.000429326 
0.0163234 
0.000384889 
0.000301167 
0.000823369 
0.000813763 
0.00543161 
0.00163419 
0.00229149 
0.0115807 
4.67435e-05 
4.01985e-05 
0.00235537 
0.0127246 
0.00257949 
0.00250449 
0.000180484 
0.0015149 
0.0057171 
1.67242e-05 
0.00563151 
0.00103723 
5.03682e-05 
0.00124451 
0.00430021 
0.00927141 
0.00835845 
0.00403262 
3.00265e-05 
5.40727e-05 
0.00337478 
3.5598e-05 
6.3912e-05 
2.51103e-05 
0.00589452 
0.000233081 
8.32529e-05 
0.00205624 
0.000356469 
0.000460722 
3.15723e-05 
2.58431e-05 
0.000704223 
0.000114047 
8.97732e-05 
0.000189066 
0.000133824 
7.93966e-05 
0.00040161 
8.20587e-06 
0.00200085 
0.00550598 
0.00684238 
0.00237246 
0.000939773 
0.00148025 
8.1967e-05 
3.96732e-05 
0.00170065 
0.00111825 
0.00200049 
0.00136474 
0.000820263 
0.00110269 
3.40843e-05 
0.000259926 
0.000302509 
0.000165763 
3.3295e-05 
0.0034507 
0.00040333 
0.00881854 
0.0081633 
0.00610619 
0.000401356 
0.000483504 
0.00618879 
0.00469834 
0.00502149 
0.00363657 
2.8831e-05 
5.27723e-05 
0.00332364 
0.00578843 
0.000772438 
0.00786754 
0.00649929 
0.00747239 
0.000798531 
0.00670441 
0.00190976 
0.00454745 
0.000900335 
6.87524e-05 
9.42166e-05 
0.00469955 
0.000912478 
0.000525618 
0.00135217 
5.97003e-05 
0.000108814 
6.40073e-05 
0.000981089 
0.00592376 
0.00142639 
0.0041564 
0.00655022 
0.00123222 
4.96422e-05 
0.00371917 
0.00107643 
0.00411134 
0.000525169 
0.001 
0.00416773 
0.000304779 
0.000765173 
0.000927187 
0.00126074 
3.4013e-05 
0.000836046 
0.00118261 
0.00325744 
0.00316308 
0.000647057 
0.000655069 
0.000452226 
5.4976e-05 
6.6214e-05 
7.63738e-05 
0.00148853 
0.000651032 
0.000106628 
0.0010854 
0.000842477 
0.00138817 
0.00458622 
0.00187287 
0.000257835 
0.00166029 
0.00087894 
7.09515e-05 
0.000107713 
0.00279897 
0.00201175 
0.000243956 
0.000187946 
0.000408771 
0.00186108 
0.000611063 
5.88368e-05 
0.00209438 
0.00396017 
0.00493094 
0.00239697 
7.87925e-05 
0.00249235 
0.000108024 
0.000222105 
0.00163016 
0.000133194 
0.000161733 
0.000518927 
0.00160108 
0.000825619 
0.000123516 
0.00390649 
0.00109444 
0.00155304 
0.00287178 
0.000220404 
0.00226844 
0.000173057 
0.00648513 
0.00247756 
0.000177128 
0.00412763 
0.000136927 
0.00205839 
0.00208874 
0.00569234 
0.00551399 
0.00583216 
0.00127624 
0.000275586 
0.00440643 
0.00269034 
0.00224888 
0.000418448 
0.00161711 
0.00327636 
0.00289459 
0.000386528 
0.00237086 
0.00159983 
0.00339038 
