2104.38 
2104.38 
2104.38 
2104.38 
2104.38 
2104.38 
2104.38 
2104.38 
2104.49 
2124.92 
2672.95 
2470.02 
2702.75 
2685.6 
2711.66 
2705.54 
2711.97 
1790.81 
1020.75 
748.784 
611.946 
527.847 
469.866 
426.954 
393.64 
366.884 
344.84 
326.307 
310.475 
296.771 
284.769 
274.159 
264.699 
256.204 
248.528 
241.556 
235.193 
229.363 
224.001 
219.056 
214.481 
210.238 
206.29 
202.609 
199.166 
195.938 
192.904 
190.049 
187.357 
184.816 
182.416 
180.146 
178 
175.971 
174.056 
172.25 
170.564 
168.986 
167.499 
166.085 
164.67 
163.327 
162.659 
163.632 
168.193 
173.331 
228.144 
229.749 
336.052 
460.712 
643.803 
818.263 
996.083 
1190.54 
1417.49 
1690.5 
2015.21 
2385.45 
2783.09 
3181.92 
3553.2 
3870.01 
4108.87 
4249.19 
4279.9 
4278.49 
4295.63 
4320.48 
4388.17 
4489.94 
4595.59 
4702.76 
4810.58 
4917.88 
5023.29 
5125.24 
5221.87 
5310.77 
5389.04 
5453.19 
5499.12 
5522.12 
5516.92 
5477.89 
5399.36 
5276.08 
5104.08 
4881.66 
4610.68 
4297.76 
3955.26 
3601.03 
3256.72 
2944.19 
2680.85 
2475.78 
2328.52 
2230.98 
2171.26 
2137.4 
2119.59 
2110.89 
2106.96 
2105.32 
2104.69 
2104.47 
2104.4 
2104.38 
2104.38 
2104.38 
2104.38 
2104.38 
2104.38 
2104.38 
2104.38 
2104.38 
2104.38 
2104.38 
2104.38 
2104.38 
2104.38 
2104.38 
2104.38 
2104.38 
2104.38 
2104.38 
2104.38 
2104.38 
2104.38 
2104.38 
2104.38 
2104.38 
2104.38 
2104.38 
2104.38 
2104.38 
2104.38 
2104.38 
2104.38 
2104.38 
2104.38 
2104.38 
2104.38 
2104.38 
2104.38 
2104.38 
2104.38 
2104.38 
2104.38 
2104.38 
2640.92 
2104.38 
2104.38 
2104.38 
2104.38 
2104.38 
2104.38 
2104.38 
2106.03 
2270.11 
2833.61 
2104.38 
2264.52 
2104.38 
2698.32 
2710.92 
2709.7 
2777.15 
1290 
857.554 
670.859 
565.536 
496.481 
446.948 
409.325 
379.577 
355.363 
335.191 
318.093 
303.387 
290.579 
279.306 
269.298 
260.341 
252.272 
244.961 
238.304 
232.216 
226.626 
221.479 
216.724 
212.32 
208.229 
204.418 
200.859 
197.527 
194.397 
191.455 
188.683 
186.069 
183.599 
181.265 
179.058 
176.971 
174.998 
173.139 
171.398 
169.769 
168.235 
166.785 
165.38 
163.956 
162.849 
162.864 
165.462 
861.345 
906.024 
364.463 
321.565 
421.561 
554.297 
731.597 
949.682 
1090.26 
1298.99 
1547.64 
1846.48 
2195.51 
2582.36 
2984.17 
3372.81 
3719.97 
4000.55 
4192.12 
4617.21 
4649.05 
4339.47 
4306.39 
4367.45 
4438.97 
4542.5 
4670.46 
4756.65 
4864.38 
4970.91 
5074.8 
5174.36 
5267.45 
5351.43 
5423.12 
5478.71 
5513.8 
5523.39 
5501.99 
5443.91 
5343.6 
5196.34 
4999.16 
4751.95 
4458.83 
4129.21 
3778.31 
3426.22 
3095.23 
2805.57 
2570.84 
2395.29 
2274.24 
2197.17 
2151.78 
2126.99 
2114.43 
2108.52 
2105.96 
2104.93 
2104.55 
2104.43 
2104.39 
2104.38 
2104.38 
2104.38 
2104.38 
2104.38 
2104.38 
2104.38 
2104.38 
2104.38 
2104.38 
2104.38 
2104.38 
2104.38 
2104.38 
2104.38 
2104.38 
2104.38 
2104.38 
2104.38 
2104.38 
2104.38 
2104.38 
2104.38 
2104.38 
2104.38 
2104.38 
2104.38 
2104.38 
2104.38 
2104.38 
2104.38 
2104.38 
2104.38 
2104.38 
2104.38 
2104.38 
2104.38 
2104.38 
2104.38 
2104.38 
2104.38 
2104.38 
2104.38 
2104.38 
2104.38 
2104.38 
2104.38 
2104.38 
2104.38 
2104.38 
2104.38 
2104.81 
2166.22 
2826.33 
2315.99 
2704.09 
2758.15 
2910.48 
1912.79 
1224.57 
942.498 
787.701 
687.982 
617.31 
564.072 
522.23 
488.32 
460.169 
436.372 
415.948 
398.191 
382.587 
368.75 
356.379 
345.245 
335.163 
325.99 
317.605 
309.91 
302.825 
296.283 
290.223 
284.597 
279.357 
274.465 
269.884 
265.584 
261.541 
257.733 
254.14 
250.747 
247.539 
244.505 
241.635 
238.922 
236.359 
233.951 
231.696 
229.566 
227.563 
225.651 
223.765 
222.168 
221.627 
223.346 
687.642 
509.088 
1041.03 
1240.69 
1476.46 
1760.85 
2097.44 
2477.5 
2880.42 
3278.27 
3641.64 
3944.16 
4163.08 
4511.59 
4412.62 
4723.91 
4830.97 
4937.14 
5040.92 
5140.7 
5234.46 
5319.7 
5393.38 
5451.88 
5490.99 
5505.92 
5491.4 
5441.92 
5352.03 
5216.99 
5033.53 
4800.96 
4522.31 
4205.51 
3863.87 
3515.67 
3182.04 
2883.32 
2634.8 
2443.47 
2307.47 
2218.21 
2164.03 
2133.58 
2117.7 
2110.02 
2106.59 
2105.18 
2104.64 
2104.46 
2104.4 
2104.38 
2104.38 
2104.38 
2104.38 
2104.38 
2104.38 
2104.38 
2104.38 
2104.38 
2104.38 
2104.38 
2104.38 
2104.38 
2104.38 
2104.38 
2104.38 
2104.38 
2104.38 
2104.38 
2104.38 
2104.38 
2104.38 
2104.38 
2104.38 
2104.38 
2104.38 
2104.38 
2104.38 
2104.38 
2104.38 
2104.38 
2104.38 
2104.38 
2104.38 
2104.38 
2104.38 
2104.38 
2104.38 
2104.38 
2104.38 
2104.4 
2110.24 
2446.45 
2681.89 
2722.23 
2839.45 
1478.63 
1059.07 
855.505 
733.101 
649.926 
588.972 
541.984 
504.44 
473.624 
447.797 
425.787 
406.772 
390.146 
375.468 
362.397 
350.669 
340.082 
330.471 
321.706 
313.677 
306.295 
299.49 
293.196 
287.36 
281.931 
276.87 
272.138 
267.701 
263.532 
259.609 
255.911 
252.419 
249.121 
246.001 
243.05 
240.26 
237.623 
235.133 
232.799 
230.611 
228.552 
226.608 
224.712 
222.907 
221.718 
222.048 
225.322 
1353.13 
1612.09 
1922.87 
2283.08 
2677.74 
3081.83 
3466.08 
3802.03 
4065.38 
4233.92 
4884.25 
4989.42 
5091.42 
5188.48 
5278.32 
5358.2 
5424.78 
5474.14 
5501.79 
5502.68 
5471.38 
5402.34 
5290.4 
5131.42 
4923.29 
4667.02 
4367.98 
4036.75 
3689.3 
3345.7 
3027.2 
2752.13 
2531.91 
2368.98 
2257.7 
2187.48 
2146.48 
2124.28 
2113.13 
2107.95 
2105.72 
2104.84 
2104.52 
2104.42 
2104.39 
2104.38 
2104.38 
2104.38 
2104.38 
2104.38 
2104.38 
2104.38 
2104.38 
2104.38 
2104.38 
2104.38 
2104.38 
2104.38 
2104.38 
2104.38 
2104.38 
2104.38 
2104.38 
2104.38 
2104.38 
2104.38 
2104.38 
2104.38 
2104.38 
2104.38 
2104.38 
2104.38 
2104.38 
2104.38 
2104.38 
2104.38 
2649.33 
2683.57 
598.457 
774.237 
1137.33 
4459.89 
4564.11 
4777.46 
2104.38 
2104.38 
2104.38 
2104.38 
2505.24 
2104.38 
2104.38 
2104.38 
2104.38 
2104.38 
2104.78 
2162.25 
2818.52 
2334.79 
2104.38 
2380.9 
2104.38 
2104.38 
2469.51 
2425.4 
597.907 
2646.69 
2992.68 
2016.38 
2443.17 
2429.08 
1486.47 
1200.44 
1025.93 
907.7 
821.512 
755.38 
702.726 
659.612 
623.549 
592.851 
566.357 
543.206 
522.777 
504.59 
488.276 
473.553 
460.19 
448.002 
436.839 
426.575 
417.111 
408.357 
400.239 
392.685 
385.642 
379.054 
372.877 
367.071 
361.607 
356.456 
351.592 
346.996 
342.647 
338.533 
334.642 
330.96 
327.484 
324.233 
321.195 
318.364 
315.735 
313.208 
310.679 
309.041 
309.534 
315.797 
354.568 
1346.02 
860.149 
1038.13 
773.446 
816.588 
509.911 
549.592 
947.779 
991.342 
4442.44 
1601.71 
1910.15 
2270.31 
2668.02 
3077.89 
3469.39 
3812.61 
4082.57 
4257.6 
4298.48 
4855.88 
4596.35 
4700.1 
4544.65 
4556.07 
4395.23 
4402.97 
4648.11 
4606.64 
4657.44 
2104.38 
4957.56 
5055.6 
5148.16 
5233.03 
5307.49 
5368.29 
5411.69 
5433.44 
5428.88 
5393.15 
5321.43 
5209.45 
5054.02 
4853.93 
4610.66 
4329.34 
4019.19 
3693.61 
3369.2 
3063.92 
2794.19 
2571.81 
2401.67 
2281.33 
2202.77 
2155.42 
2129.05 
2115.46 
2108.99 
2106.15 
2105 
2104.58 
2104.43 
2104.39 
2104.38 
2104.38 
2104.38 
2104.38 
2104.38 
2104.38 
2104.38 
2104.38 
2104.38 
2104.38 
2104.38 
2104.38 
2104.38 
2104.38 
2104.38 
2104.38 
2104.38 
2104.38 
2104.38 
2104.38 
2104.38 
2104.38 
2104.38 
2104.38 
2104.38 
2104.38 
2104.38 
2104.38 
2104.38 
2104.38 
2104.38 
2104.38 
2104.38 
2104.38 
2104.38 
2104.38 
2104.38 
2104.38 
2104.38 
2104.38 
2104.38 
2104.38 
2104.38 
2104.38 
2104.38 
2104.38 
2104.38 
2104.38 
2104.38 
2104.38 
2104.38 
2104.38 
2104.38 
2104.38 
2104.38 
2959.74 
2894.21 
1235.16 
1285.82 
4804.18 
4810.12 
2104.38 
2104.38 
2104.38 
2320.15 
2719 
2811.8 
2104.38 
2104.38 
2104.38 
2104.38 
2104.4 
2109.8 
2432.43 
2696.29 
2392.09 
2553.04 
2929.92 
642.501 
687.13 
2562.11 
2104.38 
1707.9 
1323.84 
1103.78 
961.709 
861.525 
786.434 
727.655 
680.159 
640.817 
607.61 
579.141 
554.406 
532.683 
513.429 
496.22 
480.736 
466.714 
453.959 
442.301 
431.6 
421.749 
412.65 
404.221 
396.394 
389.102 
382.294 
375.917 
369.928 
364.299 
358.994 
353.989 
349.262 
344.79 
340.562 
336.56 
332.773 
329.195 
325.836 
322.678 
319.75 
317.023 
314.476 
311.928 
309.684 
308.988 
311.388 
445.916 
2842.42 
729.716 
1133.22 
2251.47 
1467.7 
1749.12 
2084.34 
2465.85 
2873.3 
3277.83 
3648.62 
3958.12 
4183.54 
4493.14 
4363.52 
2104.38 
2105.8 
2104.38 
4504.48 
4752.18 
4958.76 
5007.14 
2104.38 
4907.09 
5006.38 
5102.68 
5191.71 
5271.75 
5339.82 
5392.42 
5425.55 
5434.75 
5415.22 
5362.08 
5270.71 
5137.3 
4959.54 
4737.47 
4474.29 
4177.13 
3857.35 
3530.14 
3213.07 
2923.73 
2676.6 
2480.2 
2335.68 
2237.47 
2175.87 
2140.19 
2121.07 
2111.6 
2107.27 
2105.44 
2104.73 
2104.49 
2104.41 
2104.38 
2104.38 
2104.38 
2104.38 
2104.38 
2104.38 
2104.38 
2104.38 
2104.38 
2104.38 
2104.38 
2104.38 
2104.38 
2104.38 
2104.38 
2104.38 
2104.38 
2104.38 
2104.38 
2104.38 
3125.89 
2104.38 
2104.38 
2104.38 
2104.38 
2104.38 
2047.84 
2104.38 
2470.67 
2104.38 
903.111 
2104.38 
2104.38 
2104.38 
2104.38 
2104.38 
2104.38 
2104.38 
2104.38 
2104.38 
2104.38 
2104.38 
2104.38 
2104.38 
2104.38 
2104.38 
2104.38 
3106.87 
2104.48 
2413.92 
2104.38 
2104.38 
2104.38 
2104.38 
2104.38 
2104.38 
2104.38 
2104.38 
2104.38 
2104.38 
2104.38 
2104.38 
2104.38 
2104.38 
2104.38 
2104.38 
2104.38 
2104.38 
2104.38 
2104.38 
2104.4 
2104.48 
2104.72 
2105.4 
2107.17 
2111.39 
2120.61 
2139.24 
2173.95 
2233.63 
2328.25 
2466.55 
2653.26 
2886.99 
3160.02 
3459.77 
3771.05 
4078.47 
4368.25 
4629.43 
4854.41 
5038.99 
5181.93 
5284.4 
5349.21 
5380.25 
5381.91 
4708.4 
4236.61 
4031.37 
3737.39 
3375.7 
2972.77 
2560.16 
350.745 
346.283 
346.575 
348.798 
351.688 
354.537 
357.524 
360.743 
364.203 
367.902 
371.85 
376.033 
380.451 
385.119 
390.056 
395.272 
400.794 
406.644 
412.85 
419.446 
426.469 
433.961 
441.975 
450.575 
459.822 
469.798 
480.589 
492.299 
505.045 
518.973 
534.258 
551.12 
569.827 
590.716 
614.225 
640.924 
671.56 
707.167 
749.16 
799.602 
861.598 
940.103 
1043.55 
2502.73 
2641.9 
2122.04 
2104.38 
2104.38 
2104.38 
2104.38 
2104.38 
2104.38 
2104.38 
2104.38 
2104.38 
2104.38 
2104.38 
2104.38 
2104.38 
2104.38 
2104.38 
2104.38 
2104.38 
2104.38 
2104.38 
2104.38 
2104.38 
2104.38 
2104.38 
2104.38 
2104.38 
2104.38 
2104.38 
2104.38 
2104.39 
2104.43 
2104.57 
2104.97 
2106.08 
2108.85 
2115.15 
2128.39 
2154.08 
2200.05 
2275.96 
2391.52 
2553.78 
2764.59 
3019.29 
3307.48 
3614.95 
3926.15 
4226.32 
4502.97 
4746.78 
4951.89 
5115.64 
5238.08 
5321.28 
5368.69 
5384.47 
5373.13 
5339.08 
5286.48 
5219.09 
5140.22 
5052.67 
4145.98 
3894.35 
3563.56 
3177.45 
2765.68 
2359.98 
1988.2 
1667.39 
1083.09 
347.259 
346.135 
347.534 
350.245 
353.102 
355.99 
359.092 
362.432 
366.022 
369.846 
373.912 
378.211 
382.754 
387.552 
392.627 
397.993 
403.676 
409.701 
416.096 
422.901 
430.152 
437.898 
446.198 
455.111 
464.714 
475.086 
486.321 
498.533 
511.85 
526.433 
542.481 
560.225 
579.975 
602.11 
627.134 
2104.38 
655.696 
688.664 
727.253 
773.158 
828.901 
898.371 
987.965 
1109.04 
1283.67 
2104.38 
2104.38 
4860.42 
1400.91 
1187.55 
1404.25 
1766.61 
1559.85 
2168.47 
1820.92 
1180.55 
1527.64 
4454.72 
5358.67 
5314.85 
5254.42 
4759.35 
5180.9 
4910.05 
5097.35 
2104.38 
2104.38 
2104.38 
2104.38 
2104.38 
2104.38 
2104.38 
2104.38 
2104.38 
2104.38 
2384.68 
4802.98 
2104.38 
2104.38 
780.033 
2104.38 
2104.38 
4467.9 
2104.38 
2104.38 
2119.66 
729.37 
2613.32 
2104.38 
2989.27 
412.959 
2454.89 
2104.38 
640.934 
686.582 
1864.34 
1517.92 
2154.51 
2094.67 
2114.25 
2104.38 
2104.38 
1539.55 
1328.25 
1181 
1072.24 
988.206 
920.998 
865.81 
819.516 
799.026 
868.702 
847.514 
2104.38 
745.866 
715.961 
689.531 
665.96 
644.794 
625.66 
608.277 
592.41 
577.863 
564.48 
552.128 
540.691 
530.077 
520.193 
510.971 
502.334 
494.229 
486.614 
479.438 
472.672 
466.284 
460.243 
454.531 
449.122 
444.004 
439.161 
434.604 
430.358 
426.412 
422.783 
419.48 
416.289 
413.049 
411.69 
412.002 
442.53 
424.421 
1423.55 
1476.71 
2626.89 
2809.41 
2786.85 
2933.74 
545.819 
591.363 
989.08 
2235.74 
2380.94 
5241.62 
5095.17 
4418.51 
4417.69 
1175.87 
1808.07 
1974.46 
2055.11 
2548.29 
2966.37 
3376.95 
3746.66 
4047.88 
1392.96 
1449.11 
4324.98 
2104.38 
4374.01 
4381.4 
4894.37 
2104.38 
5020.81 
2104.38 
2104.38 
4980.39 
4956.35 
4849.23 
4834.4 
5059.17 
5027.69 
4707.95 
5158.72 
5208.61 
5227.44 
5167.07 
4659.84 
4653.9 
5254.26 
5242.94 
5204.16 
5134.8 
5032.46 
4895.88 
4725.26 
4522.58 
4291.66 
4038.09 
3769.08 
3493.28 
3220.72 
2962.62 
2730.57 
2534.69 
2381.13 
2270.21 
2196.72 
2152.09 
2127.22 
2114.49 
2108.5 
2105.92 
2104.9 
2104.54 
2104.42 
2104.39 
2104.38 
2104.38 
2104.38 
2104.38 
2104.38 
2104.38 
2104.38 
2104.38 
2104.38 
2104.38 
2104.38 
2104.38 
2104.38 
2104.38 
2104.38 
2104.38 
2104.38 
2104.38 
2104.38 
2104.38 
2105.61 
2108.52 
3213.75 
2104.38 
2496.56 
2536.17 
2616.98 
2104.38 
2104.38 
2104.38 
2104.38 
2104.38 
2104.38 
2104.38 
2104.38 
2104.38 
2104.38 
2104.38 
2104.38 
2104.38 
2104.38 
2104.38 
2104.38 
2104.38 
2104.38 
2104.38 
2104.38 
2104.38 
2104.38 
3132.75 
2104.38 
2104.38 
2104.38 
2104.38 
2447.81 
2565.99 
2538.55 
2104.38 
2104.38 
1279.6 
1331.12 
2104.38 
2104.38 
2104.38 
901.733 
944.443 
2104.38 
2104.38 
4755.77 
4700.14 
4745.88 
2104.38 
2104.38 
2104.38 
815.912 
858.505 
2104.38 
2104.38 
2729.02 
2701.83 
2104.38 
2104.38 
2104.38 
2104.46 
2104.69 
453.321 
416.088 
507.055 
4310.18 
4259.89 
4333.54 
827.839 
762.357 
443.768 
4470.43 
4516.41 
1223.75 
3218.79 
2104.38 
2104.38 
2104.4 
1041.82 
952.854 
2382.55 
1127.16 
1027.72 
1589.51 
1683.29 
773.573 
1248.6 
1122.85 
1082.03 
1005.74 
892.128 
841.702 
809.508 
730.436 
702.355 
677.416 
655.098 
634.988 
616.768 
600.17 
584.983 
571.033 
558.183 
546.302 
535.29 
525.05 
515.506 
506.585 
498.22 
490.364 
482.972 
476.006 
469.433 
463.223 
457.345 
451.787 
446.528 
441.549 
436.847 
432.449 
428.351 
424.58 
421.125 
417.916 
414.64 
412.019 
442.058 
1236.64 
2860.26 
1383.07 
2149.01 
5175.59 
5250.71 
5178.84 
4993.17 
3140.57 
1079.74 
1655.99 
1882.13 
2645.76 
2756.17 
2346.61 
2856.87 
2241.53 
3174.7 
3568.86 
3907.36 
1579.47 
2104.38 
2104.38 
2104.38 
4165.63 
4611.73 
4607.53 
2989.8 
3024.48 
2104.38 
2104.38 
4790.76 
2104.38 
4938.17 
2792.64 
2104.38 
5128.46 
5185.57 
5153.7 
5176.44 
5251.82 
5167.98 
5227.19 
5173.47 
5087.86 
4968.47 
4814.74 
4627.74 
4410.34 
4167.29 
3905 
3631.43 
3355.92 
3089.13 
2842.64 
2627.6 
2452.45 
2320.56 
2229.28 
2171.38 
2137.71 
2119.73 
2110.9 
2106.93 
2105.29 
2104.67 
2104.46 
2104.4 
2104.38 
2104.38 
2104.38 
2104.38 
2104.38 
2104.38 
2104.38 
2104.38 
2104.38 
2104.38 
2104.38 
2104.38 
2104.38 
2104.38 
2104.38 
2104.38 
2104.38 
2104.38 
2104.38 
3223.45 
3066.05 
2104.38 
4118.83 
1124.89 
2104.38 
2104.38 
2104.38 
2104.38 
2104.38 
4876.74 
2104.38 
2104.38 
2104.38 
2104.38 
2104.38 
2104.38 
2104.38 
1032.48 
2104.38 
2104.38 
2104.38 
2104.38 
2104.38 
2104.38 
2104.38 
2104.38 
2104.38 
2104.38 
2104.38 
2104.38 
2104.38 
2104.38 
2104.38 
2104.38 
2104.38 
2104.38 
2104.38 
2104.38 
2104.38 
2104.38 
2104.38 
2104.4 
2104.46 
2104.67 
2105.29 
2106.94 
2110.98 
2119.96 
2138.27 
2172.46 
2230.96 
2322.45 
2453.24 
2624.63 
2831.94 
3065.99 
3315.98 
3571.83 
3825.21 
4069.29 
442.095 
444.29 
447.9 
451.332 
454.932 
458.886 
2104.38 
2104.38 
2104.38 
463.198 
609.554 
467.835 
472.797 
478.071 
483.641 
489.528 
495.75 
502.325 
509.283 
516.654 
524.474 
532.78 
624.22 
541.618 
551.044 
561.116 
571.916 
583.52 
596.032 
2104.38 
2104.38 
2104.38 
2104.38 
2104.38 
2104.38 
2104.38 
2104.38 
2104.38 
2104.38 
2104.38 
2104.38 
2104.38 
2104.38 
2104.38 
2104.38 
2104.38 
2104.38 
2104.39 
2104.42 
2104.54 
2104.9 
2105.92 
2108.54 
2114.63 
2127.59 
2152.88 
2198.11 
2272.1 
2382.72 
2534.02 
2724.29 
2946.29 
3189.66 
3443.73 
5059.54 
3699.28 
3948.79 
4185.99 
792.382 
4405.36 
4602.07 
4772.18 
4912.98 
5023.14 
5102.75 
5153.1 
1899.07 
5113.99 
2104.38 
3834.96 
3476.11 
3068.52 
442.845 
446.082 
449.612 
453.098 
456.88 
461.003 
465.47 
470.273 
475.396 
480.816 
486.542 
492.592 
498.992 
505.755 
512.915 
520.504 
528.562 
537.13 
546.257 
555.994 
566.421 
577.611 
589.657 
602.66 
616.733 
632.023 
648.685 
666.913 
686.953 
709.098 
640.17 
697.739 
721.07 
657.586 
973.138 
747.094 
676.688 
1178.25 
1727.54 
1304.13 
891.601 
943.512 
916.442 
776.338 
761.275 
733.713 
4298.22 
2784.54 
4506.82 
4690.64 
3987.62 
1723.57 
2439.38 
3663.36 
3276.39 
4225.81 
2104.38 
4846.36 
4971.92 
4917.46 
5135.87 
5088.42 
5066.71 
5131.46 
3028.07 
2104.38 
2104.38 
2104.38 
2104.38 
4193.04 
828.735 
2104.38 
2104.38 
1485.11 
4515.46 
522.258 
3185.62 
4989.05 
2104.38 
4365.01 
2104.38 
2104.38 
2104.38 
877.234 
2104.38 
843.954 
882.167 
4974.09 
4902.98 
3670.24 
1139.91 
2104.38 
773.666 
2104.38 
1008.84 
2104.38 
1967.71 
1227.93 
2644.81 
1037.3 
1079.63 
1068.35 
1111.14 
915.037 
4280.86 
4248.78 
4172.04 
501.621 
526.774 
860.087 
898.729 
763.966 
742.297 
722.55 
800.761 
1339.28 
775.615 
811.887 
1102.39 
1145.61 
752.875 
788.451 
787.862 
824.503 
732.201 
767.123 
610.941 
527.478 
695.991 
2104.38 
2104.38 
680.049 
665.323 
651.685 
639.016 
627.214 
616.193 
647.043 
704.474 
738.48 
600.938 
591.536 
582.686 
574.347 
566.478 
559.04 
552.005 
545.349 
539.051 
533.09 
530.239 
560.641 
557.688 
687.859 
721.304 
524.825 
552.086 
517.444 
513.062 
509.142 
505.577 
501.657 
499.799 
1684.15 
584.672 
4563.85 
2346.66 
1576.39 
1617.88 
4879.58 
2104.38 
2104.38 
2426.07 
1868.88 
2227.36 
2317.67 
2848.07 
4246.18 
4300.59 
3274.95 
3478.88 
3579.12 
1711.69 
1781.47 
1569.31 
1632.66 
4321.14 
688.796 
732.885 
942.812 
935.95 
976.385 
4414.4 
2104.38 
2104.38 
4561.25 
2104.39 
4848.79 
4803.16 
4743.33 
4867.84 
2104.38 
4955.36 
4889.8 
2155.31 
2174.9 
4580.38 
5004.92 
4982.39 
3179.37 
4937.03 
4905.45 
4815.08 
4779.35 
4815.68 
4774.39 
4774.67 
4002.16 
4592.24 
4445.18 
4322.75 
2858.24 
2756.95 
895.513 
955.008 
935.027 
499.36 
526.848 
4007.42 
3809.75 
4933.17 
4872.96 
3601.03 
3382.8 
3158.65 
2935.73 
2724.91 
2538.66 
2387.18 
2274.85 
2199.23 
2153.03 
2127.36 
2114.35 
2108.34 
2105.81 
2104.85 
2104.52 
2104.41 
2104.38 
2104.38 
2104.38 
2104.38 
2104.38 
2104.38 
2104.38 
2104.38 
2104.38 
2104.38 
2104.38 
2104.38 
2104.38 
2104.38 
2104.38 
2104.38 
2104.38 
2104.38 
2141.04 
2199.49 
5008.16 
4913.47 
4704.48 
4674.64 
1181.5 
1272.15 
1225.47 
4136.73 
4080.24 
4205.36 
2104.38 
1280.12 
1324.46 
4658.44 
4525.43 
2104.38 
2104.38 
2104.38 
2104.38 
2104.38 
2104.38 
3288.78 
3261.72 
3303.61 
2104.38 
3845.96 
3933.43 
2104.38 
2104.38 
2104.38 
2104.38 
2104.38 
2104.38 
2104.38 
2104.38 
4780.46 
4709.97 
4743.27 
2104.38 
2104.38 
1324.58 
2104.38 
2104.38 
2104.38 
2104.38 
2104.38 
2104.38 
2104.38 
2104.38 
2104.38 
2104.38 
2104.38 
2104.38 
2107.76 
2115.05 
1218.77 
1267.39 
857.679 
899.731 
2104.38 
2104.38 
2104.38 
5006.39 
4917.7 
2104.38 
2104.38 
4996.41 
4904.3 
4889.98 
2929.59 
3159.34 
2907.98 
2104.38 
2104.38 
3016.61 
1440.81 
1377.25 
1498.36 
1121.25 
1166.8 
2041 
2124.6 
2634.24 
2735.24 
4369.59 
4368.65 
3706.7 
3749.95 
3657.37 
500.619 
527.505 
528.089 
1406.94 
1528.13 
1450.81 
2908.35 
4454.4 
958.417 
999.323 
3004 
4293.92 
4225.16 
4316.51 
658.488 
621.612 
1945.5 
2865.54 
683.858 
645.236 
554.835 
1183.53 
3764.5 
729.714 
799.886 
2104.38 
1383.53 
1812.77 
837.776 
982.636 
1024.01 
777.538 
2104.38 
1050.69 
2636.57 
2380.98 
814.365 
713.315 
815.364 
713.224 
672.543 
705.456 
658.374 
677.172 
633.012 
652.671 
605.862 
596.165 
587.043 
578.455 
570.356 
562.708 
555.469 
548.629 
542.154 
536.03 
519.807 
515.221 
511.048 
507.329 
503.729 
1847.69 
641.593 
2943.44 
2841.21 
609.724 
582.781 
655.763 
2911.5 
2898.79 
1996.44 
1723.1 
2104.38 
2104.38 
866.541 
2104.38 
2104.38 
499.946 
2522.33 
2104.38 
2104.38 
2104.38 
3378.42 
3063.15 
2952.06 
2104.38 
4538.01 
4519.28 
2875.67 
2104.38 
4401.44 
2104.38 
916.309 
2104.38 
2104.38 
2766.38 
4907.81 
2104.38 
4999.92 
4559.32 
4622.63 
4912.2 
4962.64 
4641.16 
4719.33 
4824.21 
4738.34 
4521.04 
2856.35 
2729.21 
3926.54 
3910.02 
4101.81 
3839.62 
4092.71 
4852.72 
3561.77 
3492.95 
3463.11 
3271.12 
3046.44 
2828.02 
2627.97 
2458.13 
2326.12 
2232.83 
2173.01 
2138.16 
2119.68 
2110.74 
2106.79 
2105.21 
2104.64 
2104.45 
2104.39 
2104.38 
2104.38 
2104.38 
2104.38 
2104.38 
2104.38 
2104.38 
2104.38 
2104.38 
2104.38 
2104.38 
2104.38 
2104.38 
2104.38 
2104.38 
2104.38 
2104.38 
549.457 
2104.63 
1029.94 
2104.38 
2104.38 
2104.38 
2104.38 
2533.51 
2104.38 
4870.38 
2104.39 
2104.38 
2104.38 
2104.45 
2104.38 
2104.38 
2104.38 
4664.18 
4599.01 
4637.63 
2104.38 
2905.25 
2104.38 
2104.38 
2104.38 
2104.38 
2104.38 
2104.38 
2104.38 
2104.38 
2104.38 
2104.38 
2104.38 
2104.38 
2104.38 
2104.38 
2104.38 
2104.38 
2104.38 
2104.38 
2104.38 
2104.38 
2104.38 
2104.38 
2104.38 
2104.38 
2104.38 
2104.38 
2104.38 
2104.38 
2104.38 
2104.41 
2104.51 
2104.85 
2105.83 
2108.41 
2114.6 
2104.63 
2128.02 
2154.52 
2202.13 
2279.67 
2393.99 
2546.55 
2731.62 
2105.21 
2937.68 
3151.33 
3361.53 
530.09 
4461.4 
534.192 
537.999 
2104.38 
527.951 
532.252 
536.02 
566.839 
573.388 
580.313 
587.631 
595.372 
603.557 
612.227 
621.427 
542.222 
670.726 
546.917 
563.693 
570.066 
576.801 
583.92 
591.448 
599.406 
607.828 
616.758 
747.62 
2388.02 
851.767 
757.155 
697.981 
626.238 
690.787 
664.499 
636.316 
631.198 
2104.44 
544.522 
540.032 
2106.83 
2110.87 
2120.09 
2139.18 
2104.38 
2104.38 
2104.38 
2175.13 
2104.38 
526.749 
2236.64 
3167.97 
2331.99 
2465.68 
2891.87 
4829.34 
4917.19 
4585.46 
4845.43 
4692.21 
4393.73 
4010.88 
2635.65 
2832.88 
3044.35 
3257.38 
1073.31 
2105.24 
984.924 
2104.38 
2104.38 
937.897 
4439.85 
855.575 
711.356 
619.436 
2834.56 
4682.43 
2629.59 
751.996 
579.678 
4375.56 
601.067 
2104.38 
2285.51 
4725.92 
688.393 
2104.38 
1309.65 
2104.49 
893.635 
4495.9 
2607.06 
4621.04 
1227.97 
767.593 
990.125 
2623.71 
833.011 
2650.01 
2104.38 
1266.84 
1347.97 
1304.93 
867.658 
899.807 
907.627 
940.644 
844.042 
875.646 
2218.84 
880.329 
912.757 
814.836 
693.869 
721.554 
775.851 
805.789 
730.627 
609.685 
699.516 
727.368 
717.571 
745.94 
1931.93 
812.352 
2104.43 
759.648 
789.169 
596.036 
822.463 
853.557 
677.931 
668.079 
658.793 
650.019 
641.719 
633.875 
626.453 
2108.22 
737.499 
766.427 
2104.38 
622.899 
648.464 
591.539 
4272.59 
2749.63 
1801.39 
4725.26 
2104.38 
2860.87 
2854.31 
2509.2 
784.435 
814.592 
723.988 
752.544 
3378.44 
2104.38 
2404.55 
3773.02 
2944.19 
1769.23 
1841.42 
1622.15 
1687.51 
1076.77 
734.362 
771.655 
2104.38 
2104.38 
2104.38 
3597.39 
603.824 
628.963 
2104.38 
4663.43 
4597.1 
2104.38 
2104.38 
2104.38 
598.47 
623.612 
2104.38 
2104.38 
2104.38 
4324.04 
2407.51 
2627.33 
2420.9 
2104.38 
1160.01 
2104.38 
4469.91 
4424.01 
4289.75 
1009.71 
1044.7 
4512.91 
4376.04 
982.835 
3932.49 
3992.14 
3912.2 
3807.52 
583.763 
3435.58 
3253.92 
2105.72 
2953.1 
2850.42 
2964.19 
2862.67 
2882.22 
2940.69 
2561.97 
2478.78 
2489.14 
3163.82 
3271.25 
2340.06 
2347.5 
2104.38 
2104.38 
2176.52 
2104.8 
2127.93 
2114.35 
2110.64 
2110.78 
3055.69 
3064.74 
2106.68 
2106.71 
2139.36 
2140.48 
2105.14 
2105.14 
2104.6 
2104.6 
2104.38 
2104.38 
2104.39 
2104.38 
2104.38 
2104.38 
2104.38 
2104.38 
2104.38 
2104.38 
2104.38 
2104.38 
2104.38 
2104.38 
2104.38 
2104.38 
2184.32 
3871.12 
3811.11 
4707.92 
4561.18 
2104.38 
2104.38 
2204.61 
2208.03 
1469.27 
4727.61 
4627.84 
2104.38 
2104.38 
1919.24 
1950.61 
4324.97 
4198.13 
2104.38 
581.223 
605.642 
2489.04 
2295.41 
2686.43 
4649.22 
4519.73 
2104.38 
2104.38 
1162.93 
2104.38 
2104.38 
2104.38 
2104.38 
2104.39 
2104.38 
2104.38 
1536.3 
1574.31 
2104.38 
2104.38 
2104.38 
2104.38 
2104.38 
2112.98 
2130.46 
2104.38 
2104.38 
4718.74 
4607.8 
954.317 
988.282 
898.383 
939.245 
2104.38 
2104.38 
2104.38 
2104.38 
4711.13 
4163.68 
2724.25 
2829.2 
4293.52 
4265.42 
4641.65 
4580.34 
2104.38 
2104.38 
2104.38 
2104.4 
2104.4 
4720.36 
4628.53 
4632.08 
587.664 
2104.38 
3583.53 
3684.74 
2104.38 
2104.38 
2104.38 
2303.44 
2397.34 
2104.38 
2104.38 
2104.38 
2104.38 
585.959 
610.769 
793.365 
823.748 
2104.38 
2104.38 
4479.33 
2104.38 
4357.57 
1102.42 
1138.86 
2559.72 
2104.38 
3867.24 
3946.28 
2104.38 
2440.21 
2413.5 
759.362 
2104.38 
4096.11 
4032.49 
4172.22 
4619.83 
887.449 
1835.61 
1700.16 
2446.61 
2104.38 
705.343 
922.361 
1130.08 
1197.15 
1166.88 
580.32 
4050.43 
3960.86 
1192.52 
2108.29 
652.129 
2505.22 
926.351 
856.075 
667.851 
637.743 
685.442 
654.346 
744.612 
733.362 
2011.36 
2110.27 
2104.38 
797.32 
864.361 
683.082 
672.931 
663.372 
680.858 
781.308 
645.809 
663.755 
630.112 
2104.55 
2105.07 
773.737 
606.673 
593.687 
2106.64 
589.455 
2057.15 
4244.41 
634.918 
2593.53 
679.625 
2104.38 
2479.08 
715.917 
2104.38 
2104.38 
1024.77 
971.694 
2609.35 
4617.27 
4560.81 
3483.41 
4329.01 
4391.57 
3051.73 
4266.64 
1265.78 
4529.82 
4486.42 
1112.83 
1052.88 
4488.37 
4588.78 
631.877 
2104.38 
626.171 
2104.49 
2104.44 
2104.38 
4218.74 
612.824 
739.55 
582.55 
607.87 
608.248 
4461.52 
1230 
4631.9 
3280.11 
2104.38 
4333.76 
1024.8 
1070.47 
1005.99 
3757.39 
3741.11 
1030.57 
1088.57 
1065.92 
2714 
605.347 
676.397 
4610.84 
4698.41 
2956.05 
3179.95 
3518.95 
3347.17 
3156.43 
2573.52 
2652.83 
2762.27 
2104.38 
2240.6 
2104.8 
2155.18 
2105.73 
2119.88 
2114.6 
2104.38 
2104.38 
2104.38 
2104.38 
2104.38 
2104.38 
2104.38 
2104.38 
2104.38 
2104.38 
2104.38 
2104.38 
2104.38 
2104.38 
2104.38 
2104.38 
2104.38 
2104.38 
2104.38 
3862.48 
644.898 
616.073 
4591.71 
4692.74 
1357.08 
1395.55 
1114.05 
1507.65 
1409.95 
2104.38 
2104.38 
607.963 
971.541 
4297.9 
3574.3 
802.662 
2104.38 
2104.38 
2104.38 
2104.38 
2104.38 
2104.38 
2104.38 
2104.38 
2104.38 
1208.99 
1262.22 
2104.43 
2104.38 
2104.38 
3331.27 
3356.25 
2104.38 
2104.38 
2104.38 
2104.38 
2104.38 
2104.38 
2104.38 
2104.38 
2104.38 
2104.38 
2104.38 
2104.38 
2104.38 
2104.38 
2104.38 
2128.65 
2178.97 
4673.15 
4571.6 
4547.55 
1489.73 
1548.94 
1370.46 
1424.32 
3256.08 
3426.95 
4103.98 
3671.27 
3700.54 
3639.76 
4552.65 
4416.17 
3096.41 
3083.76 
2104.38 
2104.38 
1612.61 
1736.27 
1649.92 
612.819 
641.452 
638.116 
2104.38 
1311.73 
2596.15 
955.682 
659.768 
2197.1 
2084.36 
690.156 
700.001 
710.45 
705.146 
695.009 
616.571 
672.061 
655.891 
618.793 
621.085 
843.203 
614.588 
2240.17 
2104.38 
2104.38 
2104.38 
2104.38 
2104.38 
2104.38 
4151.24 
2104.38 
2104.38 
2104.38 
2104.38 
2245.19 
3162.52 
3344.41 
4621.41 
3503.52 
2665.19 
2104.39 
2291.46 
2156.87 
2120.32 
2104.38 
2104.38 
2104.38 
833.278 
2104.38 
731.808 
713.755 
2408.77 
2264.03 
2346.7 
672.268 
4402.66 
2104.38 
663.395 
2505.53 
3793.1 
1036.31 
746.751 
2180.43 
2249.37 
2452.94 
882.103 
3049.45 
3274.59 
1110.95 
4590.38 
1112.26 
1997.49 
1306.31 
4203.43 
4107.58 
2104.38 
701.497 
4427.86 
829.677 
2110.5 
989.281 
948.711 
2104.38 
845.861 
4436.58 
2502.38 
2104.38 
2104.38 
793.715 
667.549 
807.395 
924.594 
763.031 
854.418 
881.965 
752.022 
777.28 
768.796 
794.442 
757.443 
788.546 
782.829 
736.654 
761.538 
718.081 
742.526 
741.631 
766.64 
669.909 
693.745 
2104.52 
3430.38 
2104.38 
3356.32 
3362.68 
4041.85 
780.872 
2104.42 
3879.03 
1204.9 
1155.05 
1251.59 
2104.38 
2104.38 
814.574 
841.275 
4496.45 
4456.86 
837.625 
864.83 
936.389 
965.538 
4426.24 
2596.55 
2104.38 
1676.69 
2104.38 
2104.38 
4008.87 
680.491 
853.979 
722.526 
747.078 
2282.82 
2104.38 
2104.38 
2104.38 
2104.38 
2104.38 
664.051 
3485.22 
4425.14 
1339.71 
4538.51 
3274.44 
2104.38 
3555.37 
1134.22 
1166.57 
683.576 
707.44 
4148.47 
2104.57 
660.073 
686.838 
710.696 
655.891 
1004.16 
1034.51 
2787.86 
3942.01 
3496.64 
3548.2 
3494.65 
2128.47 
705.473 
729.622 
2593.39 
2606.39 
2889.8 
2904.94 
3268.88 
3378.94 
2104.38 
2105.06 
2106.54 
2104.38 
2108.07 
2108.12 
2105.61 
2105.61 
2104.75 
2104.74 
2104.38 
2357.11 
902.472 
2140.58 
2141.69 
2104.39 
2104.38 
2104.38 
2104.38 
2104.38 
2104.38 
2104.38 
2104.38 
2104.38 
3974.17 
3872.5 
2104.38 
2104.38 
2104.38 
2104.38 
2104.38 
2104.38 
2783 
2249.68 
2104.38 
2104.38 
2104.38 
2104.38 
2104.38 
2142.9 
774.74 
800.523 
4007.49 
3926.32 
3898.53 
2104.39 
2104.41 
2104.38 
2104.38 
2104.38 
2746.61 
2104.38 
2104.38 
2104.38 
1725.41 
2124.18 
2104.38 
2104.38 
961.607 
991.218 
2104.47 
2104.57 
2104.47 
1072.11 
4056.54 
656.217 
679.702 
4416.98 
4301.09 
2104.38 
2104.38 
4513.72 
4283.43 
2383.09 
2480.99 
2104.38 
2104.38 
2114.29 
2114.52 
2104.38 
2104.38 
2104.38 
2921.21 
2210.75 
2214.34 
800.445 
826.824 
2104.38 
2104.38 
1053.72 
1084.87 
4180.01 
4143.26 
4421.08 
3822.69 
3763.62 
1379.63 
1414.39 
3690.63 
3791.63 
4077.05 
3955.82 
2104.38 
2104.38 
4392.57 
2104.38 
2104.38 
1022.39 
1064.43 
662.648 
688.51 
686.421 
892.08 
920.386 
863.292 
891.025 
3045.16 
3156.77 
3607.13 
3594.14 
4112.71 
4018.74 
3986.74 
674.88 
698.756 
4430.38 
4345.8 
769.303 
812.501 
1828.86 
1903.62 
4189.48 
2104.38 
2104.38 
4277.39 
2291.27 
4360.44 
4375.78 
2576.67 
771.882 
2207.18 
4341.74 
2104.38 
2104.38 
3742.7 
3762.28 
2517.02 
2426.38 
833.93 
893.604 
937.074 
2104.38 
4316.8 
4121.66 
4047.04 
4121.91 
2287.75 
690.287 
714.155 
1238.37 
682.023 
3851.83 
3783.95 
1103.55 
978.087 
2104.38 
2104.38 
4439.11 
2182.57 
4453.75 
1471.54 
1019.82 
2241.84 
696.229 
806.794 
821.994 
872.515 
4250.5 
4204.91 
2104.38 
2104.38 
977.844 
2104.38 
2104.38 
3590.75 
4311.49 
4393.77 
913.296 
953.519 
3432.9 
709.552 
2104.87 
2106.17 
2254.57 
873.236 
4363.94 
738.1 
2104.38 
2104.38 
665.564 
787.193 
2289.4 
727.097 
2110.62 
813.266 
1423.37 
1506.67 
1458.34 
3848.27 
3911.06 
2104.38 
2104.38 
4408.86 
4334.67 
856.707 
848.853 
3982.03 
725.556 
697.634 
2104.38 
691.528 
2104.38 
4355.05 
4295.49 
2310.79 
2104.38 
1744.2 
751.757 
2104.38 
2104.38 
2104.38 
2104.38 
2104.38 
2104.38 
2104.38 
1356.84 
1417.32 
975.116 
1004.96 
2080.01 
1374.21 
1303.12 
930.976 
3284.08 
3185.77 
4183.9 
4051.46 
2104.4 
1157.64 
1190.29 
3047.21 
2841.43 
1050.43 
910.213 
2104.38 
2470.68 
2802.79 
2688.24 
3256.75 
2196.89 
1091.59 
4439.54 
733.804 
2105.06 
1067.19 
2106.56 
4282.28 
4384.94 
2120.03 
2157.48 
2104.38 
2104.38 
2196.53 
2436.18 
2503.15 
2771.14 
2215.12 
942.013 
2159.2 
2104.38 
2104.38 
2298.25 
2104.38 
2104.38 
2104.38 
2104.38 
2104.38 
2104.38 
2104.38 
2104.38 
2104.38 
2104.38 
2104.38 
1540.03 
1600.97 
1524.86 
1560.04 
677.538 
1448.46 
2104.38 
2104.38 
2104.38 
2169.97 
2016.56 
1759.72 
1650.64 
2104.38 
2104.38 
2104.38 
2104.38 
688.8 
660.113 
735.581 
2104.38 
2104.38 
2104.38 
2104.38 
2104.38 
3881.12 
3825.71 
3804.44 
2104.38 
2104.38 
2110.06 
3337.67 
2365.17 
2129.16 
2819.01 
4149.09 
4251.83 
2272.92 
2104.38 
4344.22 
4312.9 
4179.88 
2991.6 
3006.34 
1019.38 
3652.72 
3633.29 
3236.47 
3233.16 
2120.43 
4435.23 
4338.43 
4329.29 
756.575 
1810.05 
1843.48 
4225.92 
4163.14 
4182.4 
2104.38 
2104.38 
2104.38 
2701.12 
2638.69 
2845.33 
2649.87 
2180.75 
2165.02 
4229.4 
4305.08 
3720.27 
3729.28 
1271.97 
1209.52 
683.275 
2104.42 
900.432 
2104.38 
2104.38 
2104.38 
689.754 
819.936 
1144.29 
704.309 
2104.4 
2104.38 
2702.41 
2104.38 
1123.32 
4346.65 
2104.39 
4260.49 
2182.97 
2242.88 
2104.38 
2104.38 
2104.38 
2104.38 
2304.65 
2104.38 
2104.38 
2104.38 
2104.38 
2104.38 
701.471 
2928.61 
2104.38 
2247.25 
2104.38 
878.043 
3678.82 
3706.36 
2935.86 
2347.53 
2104.38 
2104.38 
2128.81 
4015.08 
734.758 
1269.46 
1303.39 
964.828 
2104.38 
917.663 
997.838 
1182.66 
1242.79 
1215.63 
693.894 
717.808 
2104.38 
2104.38 
809.837 
975.391 
1002.03 
2104.38 
4218.51 
4084.42 
2107.86 
2147.63 
2104.38 
3450.58 
2184.2 
944.893 
815.178 
838.859 
832.108 
1022.24 
850.57 
890.604 
2104.38 
2105.49 
794.734 
1230.05 
4098.18 
2104.86 
820.669 
844.462 
2104.39 
743.344 
1009.79 
1036.98 
4235.96 
4339.85 
2311.62 
739.152 
2104.38 
2114.12 
2104.41 
2104.51 
4153.07 
2919.66 
2104.38 
2104.38 
2104.38 
2104.38 
4331.46 
4276.42 
926.413 
952.226 
2510.5 
1035.26 
1062.86 
2104.38 
2104.38 
2104.38 
799.626 
823.008 
2104.41 
2104.41 
1733.05 
2104.38 
4162.14 
3693.1 
3695.28 
3666.65 
986.384 
1013.2 
2065.83 
1078.03 
2104.38 
1093.69 
1122.17 
1127.48 
753.992 
3505.34 
3508.98 
2136.81 
2104.38 
2104.38 
757.229 
780.177 
748.398 
2688.79 
2798.7 
3197.71 
2104.45 
2104.45 
2216.9 
2220.52 
2675.58 
2691.63 
785.38 
2104.38 
3132.71 
2880.08 
3210.56 
2727.85 
3090.92 
3038.44 
3054.19 
2184.62 
3379.57 
2140.29 
2104.38 
893.124 
863.878 
870.85 
895.619 
745.898 
769.029 
2106.37 
2106.38 
2534.68 
4029.74 
2375.25 
2383.59 
2104.38 
2104.38 
2104.38 
2104.38 
2104.38 
2104.38 
3716.65 
3637.28 
2104.38 
2104.38 
2104.38 
751.089 
774.269 
2104.38 
2104.38 
2259.02 
2264 
2133.96 
935.479 
961.447 
2151.01 
736.725 
754.99 
1584.21 
1619.31 
857.116 
888.503 
881.62 
2104.38 
2104.38 
2104.38 
826.308 
850.219 
2104.38 
2104.38 
2104.38 
2104.38 
2141.33 
2104.38 
2104.38 
2104.38 
3373.22 
2104.38 
2104.38 
2104.38 
2449.88 
2460.03 
2104.38 
2104.38 
726.205 
750.027 
757.466 
2104.38 
2104.38 
2104.38 
2466.78 
2569.18 
2628.06 
2641.56 
2104.38 
2104.38 
2141.58 
2142.64 
2110.28 
2110.37 
4054.69 
3928.71 
1145.75 
1174.98 
2120.01 
2120.37 
1110.15 
1138.87 
760.635 
783.576 
2104.38 
2104.38 
1048.87 
1076.68 
2104.38 
2104.38 
1254.48 
1285.11 
3683.31 
3640.67 
885.46 
910.514 
741.019 
764.247 
804.657 
828.138 
1165.05 
1194.53 
3354.78 
4039.39 
2104.38 
2104.38 
1185.46 
1215.21 
2104.38 
1528.45 
3793.83 
3763.39 
2104.38 
2104.38 
3594.92 
3697.86 
2104.38 
2104.38 
1061.72 
1906.41 
1938.45 
954.667 
980.966 
3152.34 
3269.57 
901.031 
926.383 
3615.84 
4159.19 
4060.38 
810.455 
1890.71 
1968.36 
2104.38 
2104.38 
2104.38 
3305.76 
3311.74 
2104.38 
2127.96 
2104.38 
2104.38 
3104.6 
3362.06 
2104.38 
902.943 
918.311 
2129.45 
2104.38 
2104.38 
4095.11 
2131.03 
2114.3 
3972.87 
3350.06 
3394.16 
764.316 
787.186 
1337.34 
991.288 
766.485 
3687.58 
3637.94 
2104.38 
2104.38 
2104.38 
2104.38 
2104.38 
2104.38 
4117.13 
3035.14 
2104.38 
2107.89 
2104.69 
2318.19 
4074.6 
4016.26 
2124.22 
2123.37 
3977.84 
4077.58 
2104.38 
4324.63 
2104.38 
4254.03 
856.139 
777.07 
844.866 
3493.26 
838.079 
862.223 
2104.38 
1049.64 
4208.97 
1631.15 
789.988 
2104.38 
1260.38 
1207.09 
833.419 
818.031 
1156.44 
1024.84 
4049.46 
4143.8 
1577.35 
1664.38 
1610.45 
2104.38 
2104.38 
2104.38 
1370.58 
4162.2 
4073.19 
2531.21 
2361.32 
2104.38 
721.615 
4144.13 
2110.36 
2104.38 
2104.38 
2104.38 
1802.88 
2104.38 
3901.88 
4003.09 
2104.38 
2046.57 
1472.57 
2104.38 
1106.29 
1063.11 
1351.21 
2831.38 
1280.53 
1311.46 
2121.69 
2132.69 
3807.58 
3211.12 
771.646 
2742.62 
3832.93 
3715.43 
2546.61 
2122.5 
2116.02 
1591.75 
1654.57 
808.491 
780.886 
2104.38 
971.021 
2104.38 
2221.11 
2104.38 
3954.15 
2104.98 
2104.38 
2104.38 
2104.38 
2104.38 
1405.31 
1437.47 
2951.8 
3634.53 
3698.45 
3642.87 
3673.11 
2121.41 
1247.23 
1294.88 
1690.62 
1723.84 
1912.85 
1685.47 
909.197 
3729.51 
3642.74 
3053.31 
3129.8 
2104.38 
2104.38 
2104.38 
943.307 
2104.38 
2104.38 
2104.38 
2104.38 
2104.38 
2104.38 
2104.38 
2258.22 
3662.72 
3745.08 
975.201 
2104.54 
2104.53 
3917.1 
1237.12 
4068.28 
2159.58 
3386.01 
3457.4 
3395.58 
3946.28 
3817.49 
3550.67 
3550.72 
3136.62 
3151.61 
3637.61 
3624.54 
2104.38 
3344.86 
3412.54 
3350.46 
3990.52 
4047.8 
1561.37 
1483.81 
2104.38 
4116.22 
3999.5 
2005.61 
2036.67 
738.76 
762.222 
2853.83 
2864.6 
763.286 
738.625 
2186.72 
3784.31 
3695.03 
3677.4 
2104.38 
2104.38 
2104.38 
930.569 
2151.68 
2104.38 
2105.49 
813.197 
4035.54 
4131.49 
4069.86 
4153.24 
2106.32 
2104.38 
2104.38 
2104.38 
2846.97 
1091.14 
803.914 
776.523 
2104.38 
2366.88 
2104.39 
2104.97 
2104.38 
2104.38 
934.699 
2352.42 
1016.11 
2161.25 
2104.38 
959.542 
768.222 
791.087 
2104.4 
2663.95 
4034.4 
4114.94 
1002.79 
2111.74 
2106.32 
2109.9 
2104.38 
2222.71 
1103.43 
2104.38 
896.964 
2104.38 
2109.97 
2104.69 
2104.38 
2393.69 
2104.38 
2104.38 
2104.38 
2104.38 
1791.44 
4159.29 
4075.2 
2104.38 
844.226 
858.562 
1161.94 
3500.97 
2104.38 
2105.36 
2104.38 
2109.91 
1232.7 
2104.38 
3876.11 
1013.05 
863.583 
885.902 
815.456 
2104.38 
3228.26 
1151.81 
2104.38 
2104.38 
4131.6 
4062.36 
1402.41 
1338.36 
2110.18 
2139.73 
1012.33 
1037.12 
1346.07 
2104.38 
3502.73 
2104.38 
2473.98 
2484.27 
1117.1 
1143.41 
874.034 
2104.44 
2104.43 
868.494 
2228.24 
2385.83 
2255.65 
2104.38 
2104.38 
2104.38 
2104.38 
2104.38 
2104.38 
2104.38 
1195.52 
1054.25 
2108.96 
772.308 
795.204 
3037.7 
3213.98 
3043.42 
2104.38 
2104.38 
2104.38 
820.448 
2104.38 
828.72 
2268.15 
2273.13 
2137.2 
2886.24 
2142.25 
874.951 
2104.38 
2104.38 
2104.38 
3975.12 
3845.79 
1032.48 
3587.21 
2692.4 
2786.13 
3185.24 
2109.93 
2876.74 
2172.34 
2441.77 
3731.81 
976.003 
817.916 
843.276 
840.789 
2119.79 
2983.95 
2999.81 
2104.38 
3859.96 
3738.32 
2104.38 
1065.8 
1091.38 
868.728 
891.143 
3845.98 
2104.38 
2564.71 
2576.77 
2104.38 
2104.38 
2104.38 
1442.91 
1516.51 
1475.35 
822.855 
845.805 
1022.21 
1047.16 
2324.97 
2331.59 
885.153 
927.126 
968.184 
2104.38 
2104.38 
2104.38 
2104.38 
1944.92 
1830.35 
2104.5 
2104.5 
1756.68 
1863.05 
1789.73 
2104.38 
903.121 
926.093 
3757.69 
3636.58 
1196.08 
2106.18 
2106.18 
825.598 
848.281 
2104.38 
2104.38 
2104.38 
2104.38 
3692.4 
3634.17 
3635.54 
2786.99 
3561.3 
838.244 
798.241 
882.838 
2104.38 
2104.38 
2104.38 
1178.32 
1205.51 
2554.99 
2662.3 
2769.01 
2783.83 
2104.38 
2104.38 
2161.29 
2162.88 
3241.97 
2113.8 
2113.94 
1252.84 
1280.99 
2128.88 
2129.44 
1213.62 
1241.27 
832.154 
854.527 
2104.38 
2104.38 
2104.38 
2104.38 
1373.15 
1402.74 
3564.39 
2104.38 
2104.38 
967.655 
991.703 
2104.38 
2104.38 
2104.38 
879.508 
902.085 
1274.16 
1302.55 
2104.38 
2104.38 
1296.72 
1325.4 
1131.36 
1157.89 
2104.38 
2104.38 
2104.38 
4057.57 
3991.17 
3999.9 
2104.5 
2104.88 
1104.19 
1465.32 
1402.98 
1522.03 
1043.16 
1068.41 
3269.48 
3397.96 
984.65 
1008.99 
3607.53 
1955.13 
2035.81 
909.448 
932.533 
3323.63 
1077.82 
1103.57 
3422.3 
929.55 
3583.27 
3612.55 
2104.38 
2104.38 
2104.38 
3339.56 
2104.4 
2104.39 
2104.38 
3885.47 
2107.26 
2104.38 
2104.38 
1101.03 
835.918 
858.144 
2105.35 
2104.89 
4050.44 
3549.56 
3512.59 
2104.38 
2104.38 
2104.38 
800.393 
2104.38 
2104.38 
1057.56 
2104.38 
2104.38 
3870.74 
3802.62 
4074.14 
2104.38 
2104.38 
811.17 
1260.58 
1000.19 
2200.01 
2892.34 
915.946 
939.152 
2107.25 
1079.66 
2104.38 
2402.11 
851.191 
2104.38 
2106.89 
4018.84 
3887.03 
3787.5 
2143.22 
1222.93 
2104.38 
2901.49 
2726.04 
1732.33 
1397.17 
2104.38 
2104.38 
3902.29 
3888.18 
3862.41 
1375.36 
1320.66 
3874.1 
880.806 
853.687 
2104.38 
2104.38 
944.045 
3442.82 
3511.21 
896.524 
2104.38 
2104.38 
951.685 
1402.04 
1431.95 
2104.38 
2104.38 
799.491 
2104.38 
2104.38 
1090.36 
2120.09 
2119.7 
2128.43 
3772.47 
2109.55 
2104.38 
3521.96 
1540.86 
2107.38 
2106.16 
2226.61 
2337.5 
1645.01 
1709.92 
3605.11 
3603.68 
890.97 
1863.84 
764.072 
3200.05 
3087.69 
975.447 
993.57 
3600.09 
2323.39 
3609.83 
3705.25 
3103.27 
2107.6 
919.821 
3763.26 
983.448 
3734.66 
3826.92 
1308.43 
1339.65 
2102.04 
1792.14 
1824.26 
1129.56 
2104.38 
2104.38 
3643.45 
3665.08 
3497.31 
3431.1 
907.813 
1290.41 
1339.21 
2104.38 
2104.38 
2104.38 
2107.61 
2104.38 
2104.38 
2104.38 
1858.04 
1890.11 
2187.58 
936.673 
960.22 
2104.38 
3651.19 
2950.04 
2104.38 
2104.38 
831.228 
2104.64 
2104.63 
2104.38 
2104.38 
2104.38 
3563.4 
3525.76 
2104.38 
2104.38 
3496.41 
2104.38 
2104.38 
2677.54 
2104.38 
3789.79 
3028.06 
2104.38 
3479.56 
3487.08 
3653.63 
3641.35 
3635.43 
3586.96 
3599.59 
3586.04 
3274.46 
3288.03 
1146.29 
3532.49 
3579 
3614.71 
3603.76 
812.9 
3413.71 
3427.09 
3782.43 
3662.91 
3873.48 
2202.41 
2231.93 
820.211 
3706.35 
2104.38 
3050.77 
3061.99 
2104.39 
3501.38 
3416.13 
1054.41 
2104.38 
2104.38 
2104.41 
3432.16 
3353.81 
3825.87 
3627.58 
1349.62 
3754.81 
1764.4 
1677.96 
3820.74 
3903.14 
2903.09 
1027.43 
1116.28 
1571.99 
1502.15 
838.037 
2435.87 
3870.23 
913.726 
2110.02 
3484.65 
3576.75 
1018.05 
3583.06 
3678.33 
2226.28 
1188.88 
2190.03 
3022.15 
3236.61 
2104.38 
3152.14 
1173.01 
835.211 
2104.38 
2104.38 
3347.48 
3208.41 
2104.42 
2105.13 
1181.24 
1143.15 
1259.57 
2105.15 
883.531 
922.649 
3554.75 
1118.24 
3896.54 
3813.91 
3820.3 
2104.38 
2104.38 
2104.38 
2104.38 
2104.38 
2104.38 
3895.24 
3799.94 
1434.27 
837.48 
814.522 
1337.2 
3537.34 
3434.77 
3800.11 
3852.18 
3400.72 
3032.23 
2104.38 
2104.38 
2104.38 
2104.38 
1141.91 
2605.31 
2682.92 
2498.14 
1039.1 
1450.11 
1514.49 
2162.5 
1296.38 
2337.99 
844.424 
2420.58 
2104.38 
3805.63 
3688.29 
1369.88 
2314.26 
2342.15 
2107.08 
2104.38 
1462.4 
1491.17 
1096.4 
2104.47 
2104.47 
2595 
2606.99 
2227.97 
958.44 
2104.38 
967.689 
1210.44 
3147.53 
1195.52 
1220.91 
2104.38 
1129.86 
1154.35 
946.445 
2104.38 
846.733 
2211.73 
2304.94 
2128.64 
2104.38 
3625.2 
3506.87 
964.751 
986.774 
1050.37 
3424.82 
2113.34 
887.116 
908.801 
3555.72 
3448.25 
848.984 
871.116 
1852.07 
898.945 
1192.6 
3509.91 
3900.59 
3816.77 
3809.67 
952.354 
974.219 
3576.33 
3468.56 
2380.83 
2891.54 
3013.31 
3136.8 
3151.69 
971.252 
993.371 
1956.81 
2104.38 
1154.48 
1179.33 
2132.69 
2011.96 
2700.15 
2713.62 
2104.38 
2105.01 
965.482 
1002.93 
2104.38 
2104.38 
1107.12 
1131.35 
945.959 
2411.94 
2420.32 
2104.38 
2104.38 
2104.38 
2104.38 
2104.38 
2104.59 
2104.58 
2104.38 
2104.38 
977.947 
1000.17 
2104.38 
2104.38 
3495.09 
3422.52 
2160.25 
3426.76 
3312.75 
2105.78 
2104.78 
2105.34 
880.984 
2107.3 
2104.38 
2104.38 
2104.38 
2104.38 
2104.38 
3417.48 
2104.38 
3391.31 
3286.07 
3418.52 
1076.06 
2104.38 
2104.38 
2104.38 
2104.38 
2104.38 
3651.46 
3531.05 
1277.53 
1304.05 
2647.75 
2759.69 
2104.38 
2104.38 
2190.39 
2192.7 
840.045 
862.148 
2104.38 
2104.38 
2810.43 
2824.99 
2119.35 
2119.57 
1359.37 
1386.91 
3233.47 
3247.42 
2276.78 
2281.66 
2142.5 
2143.36 
1316.23 
1343.27 
902.23 
924.321 
3418.59 
2104.38 
2104.38 
1492.39 
1521.47 
1047.9 
1071.22 
2104.38 
2104.38 
1382.86 
1410.67 
2104.38 
2104.38 
1407.79 
1435.87 
894.041 
1226.06 
1251.87 
2109.57 
2109.59 
3659.64 
3409.48 
3281.75 
3570.21 
3320.13 
3332.7 
935.208 
2022.2 
2106.16 
2104.38 
2104.38 
1056.99 
1080.43 
984.812 
1007.17 
952.978 
1167.57 
1192.59 
2104.38 
2104.38 
3259.42 
1006.56 
924.848 
1237.61 
2104.42 
2104.39 
2104.72 
905.903 
927.798 
2104.38 
2104.38 
2104.38 
2104.38 
1139.55 
2523.24 
2104.77 
2104.38 
2104.38 
3464.97 
1206.44 
2281.1 
2104.88 
3426.96 
1242.4 
3590.83 
2029.27 
2060.71 
3365.69 
3654.75 
2104.38 
3426.17 
3855.39 
3787.57 
2104.38 
3647.62 
3571.43 
2104.38 
1462.65 
3080.12 
1364.44 
875.874 
2104.38 
889.746 
912.544 
3288 
3375.62 
3182.82 
3260.88 
1166.59 
991.846 
1014.32 
2294.28 
2508.4 
2104.38 
2104.38 
866.51 
1709.85 
1628.25 
3595.58 
3490.79 
1444.03 
2104.38 
2104.38 
2163.96 
3509.11 
2745.32 
2576.03 
2831.91 
1678.54 
3712.39 
2344.55 
1323.15 
2109.03 
3556.61 
3591.93 
2231.42 
2104.38 
3457.44 
3522.32 
1236.03 
3324.88 
1524.37 
1553.82 
3530.66 
2129.11 
1572.76 
2438.61 
2598.84 
2464.29 
2104.38 
2104.38 
2104.38 
2104.38 
1532.97 
1466.3 
2104.47 
901.255 
927.53 
2104.38 
980.387 
1142.61 
2117.58 
2124.29 
2104.81 
2104.63 
1062.23 
1030.53 
1089.66 
2104.38 
2104.38 
1614.17 
2516.61 
2324.17 
2578.52 
1700.05 
1767.32 
3047.54 
2922.35 
3395.38 
3406.22 
2104.38 
2104.38 
3261.98 
3179.97 
1927.28 
2104.39 
2104.38 
3292.5 
2113.42 
2104.4 
891.954 
917.089 
914.967 
1988.36 
1890.82 
940.751 
1433 
1463.21 
3444.46 
3531.14 
1582.71 
3309.68 
3208.21 
2104.38 
2104.38 
3599.42 
3595.87 
1086.07 
3305.2 
3254.89 
2104.38 
1334.59 
1384.25 
2104.38 
2104.38 
2104.81 
2104.8 
2104.38 
2104.38 
1014.25 
1037.08 
1930.98 
2043.34 
1962.82 
2180.53 
2107.29 
2105.97 
896.303 
2104.38 
2104.38 
962.476 
3535.32 
3493.02 
2104.38 
2104.38 
3275.57 
3650.25 
2104.78 
1285.8 
3547.74 
3551.9 
3611.32 
3596.66 
3435.46 
3455.08 
3551.83 
3592.4 
2104.38 
3577.09 
3565.61 
2104.38 
2104.38 
1109.96 
3453.31 
3338.72 
3223.14 
3235.07 
1268.43 
2401.23 
2429.59 
999.089 
1029.26 
1021.68 
3216.54 
2105.12 
956.846 
929.802 
1066.39 
3266.33 
3189.76 
3200.6 
2104.38 
2104.38 
2104.38 
2104.38 
3397.5 
3455.38 
921.488 
2104.38 
2104.38 
968.252 
1099.82 
1053.53 
1022.24 
1725.04 
1756.07 
2937.54 
1120.46 
919.063 
1089.96 
2104.38 
2104.38 
2104.38 
2104.38 
1182.73 
2507.17 
1168.34 
2105.22 
2105.21 
2104.38 
2104.38 
2104.38 
2104.38 
3612.46 
3510.8 
3094.91 
2931.14 
882.885 
1442.44 
2104.38 
3779.91 
1011.35 
1709.22 
1635.51 
2323.88 
2197.16 
2625.12 
2104.38 
903.377 
1234 
2104.38 
2104.38 
2104.47 
1498.11 
1564.94 
2104.38 
2895.84 
3133.77 
1147.01 
1023.72 
3184.61 
2104.38 
914.668 
1179.53 
1203.12 
2518.7 
2545.3 
2104.38 
967.1 
2736.17 
2749.34 
2284.66 
1915.24 
3434.04 
3279.31 
3347.45 
1397.7 
2104.38 
1549.64 
1215.65 
994.427 
1157.56 
1180.76 
3575.05 
3590.99 
3576.68 
2104.45 
2104.61 
2289.54 
2386.67 
1030.26 
1051.66 
1017.43 
1038.73 
2106.85 
2108.46 
1037.05 
1058.5 
3598.65 
3582.01 
3592.48 
2104.46 
3268.42 
3181.11 
919.548 
941.034 
1228.78 
1252.96 
958.647 
1271.55 
2118.66 
3656.04 
3278.63 
3195.34 
3186.26 
1242.41 
1266.8 
1084.55 
3277.01 
3458.45 
3515.68 
3467.27 
2998.33 
3279.87 
3292.67 
1044.09 
1065.62 
2104.38 
2104.38 
2142.28 
2429.73 
2851.52 
2865.63 
2104.38 
2104.72 
1117.41 
2104.38 
1303.41 
1191.13 
1214.86 
3329.6 
3224.37 
2521.95 
2532.03 
2104.38 
2104.38 
3122.05 
2104.38 
2104.38 
2104.38 
1051.34 
1072.99 
2104.38 
2104.38 
2104.38 
3288.59 
3215.15 
3233.36 
1280.6 
2104.38 
2104.38 
3559.14 
3639.66 
2192.46 
2104.38 
3570.17 
2104.38 
2104.38 
2104.38 
1287.11 
1312.08 
1357.22 
3345.75 
3438.66 
3356.33 
3603.52 
3584.93 
1377.01 
1403.16 
2743.59 
2857.63 
2104.38 
2104.38 
2232.41 
2235.66 
910.066 
936.177 
931.731 
2104.38 
2104.38 
2967.27 
2981.8 
2128.04 
2128.39 
1466.87 
1494.16 
3363.38 
3374.62 
2350.33 
2356.7 
2163.09 
2164.4 
1419.46 
1446.28 
971.625 
1320.51 
1345.91 
2104.38 
2104.38 
1614.04 
968.997 
991.995 
1127.04 
1149.77 
2104.45 
2104.38 
2104.38 
2104.38 
1492.76 
1520.36 
2104.38 
2104.38 
1520.3 
1548.2 
2104.38 
2148.89 
1659.93 
2104.77 
1203.11 
1227.05 
2092.19 
2179.65 
2104.38 
2104.38 
2104.54 
2104.71 
2104.53 
1136.82 
1170.07 
1159.79 
1058.82 
1080.57 
1580.83 
1609.47 
1256.65 
1281.22 
3479.87 
3365.33 
2104.38 
3574.42 
2104.38 
2104.38 
2104.39 
3400.45 
3410.22 
3323.74 
3408.76 
3327.06 
974.98 
996.909 
3429.39 
3483.66 
2104.38 
2104.38 
3307.26 
3382.28 
3548.14 
2205.35 
2105.96 
2104.42 
2104.38 
1757.27 
1827.27 
2104.38 
1624.95 
2104.38 
2120.45 
3634.2 
3561.92 
2636.86 
2104.38 
2104.38 
2104.38 
1469.49 
2105.07 
3310.86 
2104.38 
920.937 
3443.4 
2104.38 
962.492 
984.793 
1032.55 
1005.42 
3264.77 
3351.78 
2104.38 
2104.38 
1820.28 
1066.41 
1088.35 
3042.71 
3092.29 
2104.43 
2104.48 
2104.38 
2104.38 
1491.75 
2104.48 
3301.31 
3196.81 
2104.38 
2104.38 
2104.38 
3116.44 
3271.87 
2707.19 
1045.06 
2104.38 
1577.84 
924.582 
3079.52 
3506.04 
1025.34 
3243.41 
1328.56 
3249.45 
2104.38 
2104.38 
990.616 
965.745 
2104.52 
1082.25 
2289.34 
2437.94 
3474.45 
3172.16 
2104.38 
2104.38 
1649.44 
1678.87 
1424.18 
1296.28 
2646.88 
2671.17 
1045.14 
1191.78 
2115.43 
1496.79 
2118.8 
2112.72 
946.121 
2104.44 
2104.41 
2104.38 
1871.8 
1902.79 
1239.69 
951.383 
2194.58 
2431.77 
2479.34 
2242.68 
2273.73 
2104.38 
2104.38 
2613.83 
3392.25 
3491.38 
3498.59 
3033.78 
2969.99 
2104.38 
961.693 
3626.95 
3544.63 
3528.59 
3030.99 
3171.07 
3251.2 
1129.94 
1179.65 
3566.74 
1558.68 
1588.42 
2143 
2104.38 
2104.38 
3418.81 
1139.97 
1108.08 
3142.68 
3103.18 
3038.4 
2955.55 
2104.38 
2104.38 
3585.68 
1993.43 
953.375 
979.091 
3020.97 
3100.38 
1379.3 
1429.52 
2104.38 
2104.38 
2104.38 
2105.08 
2105.06 
2104.38 
2104.38 
2104.38 
1090.53 
1112.83 
2109.11 
2140.19 
3569.66 
2104.38 
3616.94 
3366.06 
3399.16 
3343.17 
3376.26 
2104.38 
2104.38 
3462.98 
1338.43 
2104.38 
2104.38 
3586.23 
3586.34 
3558.5 
3544.33 
3405.89 
3429.64 
993.972 
1364.06 
1643.02 
3521.73 
3508.33 
2104.44 
2104.4 
2104.38 
2104.38 
2163.48 
3145.73 
3042.25 
3361.97 
3374.5 
1922.37 
1830.62 
2600.83 
1775.52 
1862.05 
1806.79 
3198.49 
2104.38 
3072.24 
3021.57 
2236.35 
2126.47 
2104.43 
3094.02 
2112.75 
2109.1 
3578.7 
3594.52 
2104.38 
2104.38 
3274.09 
3246 
1383.12 
2628.05 
2489.04 
3536.82 
3569.82 
1099.12 
1130.55 
1121.5 
2104.43 
2113.36 
2104.38 
2104.38 
1549.86 
3536.11 
3519.16 
3045.61 
3115.87 
3285.23 
3348.44 
3323.56 
3220.97 
2104.38 
2771.66 
2949.31 
2785.1 
2104.38 
2104.38 
1665.85 
1595.64 
1396.98 
2104.39 
1850.87 
1772.54 
2227.64 
2983.5 
3055.58 
2104.39 
2104.38 
1547.25 
1616.9 
3230.19 
1605.24 
1094.13 
1131.92 
2105.75 
2105.73 
2104.38 
1012.06 
1275.05 
2721.29 
2746.62 
3263.71 
3119.45 
2891.94 
2905.48 
3011.03 
3024.81 
1104.43 
1074.22 
2361.63 
2104.38 
2104.38 
3135.9 
2163.01 
3535.45 
3569.28 
3540.38 
1130.03 
3063.79 
1238.73 
3595.09 
3589.84 
3592.78 
2370.57 
3519.86 
1101.05 
1122.07 
2106.57 
2104.38 
2104.38 
1108.32 
1129.34 
2107.87 
3028.75 
2960.27 
3323.62 
3335.02 
988.729 
1315.64 
3306.37 
3204.23 
3372.46 
3197.43 
1330.49 
1354.63 
2104.38 
2104.38 
2104.38 
1225.86 
2104.38 
2104.38 
2104.38 
3403.43 
3413.11 
3160.36 
1041.34 
1115.93 
1136.99 
964.425 
989.611 
988.198 
2104.38 
2104.38 
2104.38 
3560.64 
2104.74 
2104.48 
2105.01 
2104.38 
1277 
2104.38 
2104.38 
2104.38 
1049.2 
1027.1 
1094.81 
2127.04 
2104.38 
1981.15 
3049.45 
2972.47 
2962.21 
2104.38 
2545.2 
3080.89 
3002.2 
2985.93 
1123.82 
1144.98 
2104.38 
2104.39 
2104.38 
1739.71 
1323.79 
2104.38 
1250.51 
1273.6 
2952.87 
3027.76 
1668.22 
3335.49 
1362.19 
3479.01 
3440.36 
1500.78 
3538.66 
2104.38 
1379.22 
1403.97 
2837.69 
2104.38 
2104.38 
2104.38 
1415.74 
1440.96 
3124.96 
3138.4 
2141.5 
2142.05 
1576.65 
1632.94 
1604.13 
3468.88 
3476.56 
2446.63 
2454.49 
2193.7 
2195.6 
1524.7 
1551.59 
2104.38 
2104.38 
1262.55 
1285.92 
1435.43 
1460.92 
1205.65 
2104.38 
2104.38 
2104.38 
2104.38 
1635.68 
1663.69 
1288.01 
1311.74 
994.108 
1015.15 
1456.13 
1481.91 
999.661 
1020.75 
2235.79 
2238.75 
2165.32 
2256.36 
2104.38 
2104.38 
3184.31 
2104.41 
1702.9 
1731.65 
2104.38 
1345.98 
1370.33 
3171.04 
3090.86 
3065.71 
2104.39 
2104.39 
2104.38 
2104.38 
2104.38 
1043.94 
1066.35 
2104.38 
2104.38 
3285.26 
3362.82 
2322.16 
2117.04 
2138.84 
2106.96 
1817.18 
1890.02 
3017.34 
2107.3 
3405.41 
3325.77 
2104.38 
2554.95 
3510.87 
2062.59 
1577.08 
2104.38 
3491.06 
3072.95 
2104.38 
2164.09 
1157.25 
1140.23 
1161.7 
1036 
1625.66 
1026.54 
1422.02 
2104.38 
1967.49 
3453.01 
1096.27 
3000.79 
2386.08 
2104.38 
2104.38 
2104.38 
3525.25 
1679.13 
3242.77 
1298.56 
1540.79 
2760.83 
2106.94 
2109.08 
1055.93 
2104.4 
2104.38 
2104.38 
2104.38 
2104.38 
2104.38 
2104.38 
2104.38 
3224.34 
2104.38 
3034.91 
2104.38 
2104.38 
1778.91 
1808.65 
3592.43 
2104.38 
2104.38 
2104.38 
3165.68 
3085.71 
2849.62 
2872.54 
1064.67 
1039.93 
1153.22 
1081.03 
2863.25 
2814.06 
2806.55 
2106.28 
2954.5 
1087.49 
2024.35 
2055.49 
2104.38 
2104.38 
2104.38 
1339.61 
1301.46 
1261.64 
1227.32 
2355.53 
2209.26 
2149.1 
2230.87 
2104.38 
1009.78 
983.625 
1687.34 
1717.1 
3556.9 
3559.89 
2845.54 
2795.91 
3144.29 
3343.74 
3264.03 
3243.24 
2854.23 
2291.68 
2104.39 
2104.38 
2104.38 
1176.04 
1223.02 
2104.38 
2104.38 
2104.38 
2104.38 
3067.9 
3133.69 
3117.25 
2104.38 
2104.38 
2104.38 
2104.38 
2596.29 
1386.75 
2999.51 
2966.64 
1216.39 
1238.97 
2104.49 
2811.95 
2746.31 
2104.38 
2104.38 
2104.38 
2104.38 
2917.72 
3460.86 
2654.69 
2666.1 
2104.38 
2104.38 
2104.38 
2104.38 
1424.19 
1475.54 
3153.29 
2105.53 
2104.38 
2104.38 
1166.09 
1188.07 
1108.41 
2104.38 
2104.38 
2104.38 
2104.38 
2104.38 
1768.94 
2104.38 
2104.38 
1319.62 
1266.84 
1365.65 
2104.38 
2104.38 
1115.11 
3517.55 
1696.52 
3238.43 
3170.95 
3207.88 
3251.58 
3287.06 
2104.38 
2104.38 
3444.72 
2935.96 
2127.25 
2117.71 
2517.68 
2386.05 
3593.41 
3589.19 
3491.48 
3476.11 
1477.92 
3325.48 
3350.83 
3004.85 
2291.38 
979.007 
1000.5 
2104.38 
2104.39 
3448.38 
1227.94 
1195.1 
2104.4 
2104.38 
2104.38 
1927.49 
1958.76 
2871.5 
2782.87 
3457.4 
2908.76 
2868.51 
3484.66 
3470.42 
2104.38 
2104.38 
2104.38 
2157.73 
2054.3 
1527.23 
2104.64 
2104.62 
2784.33 
2477.86 
2507.81 
2918.28 
2991.5 
2367.66 
1064.05 
1039.38 
1325.35 
2389.95 
2584.41 
2104.38 
2471.79 
2707.37 
2941.6 
2798.02 
3127.58 
3195.7 
3505.08 
3546.03 
3432.49 
1503.99 
2295.72 
3470.09 
3384.53 
2769.12 
2839.89 
2111.49 
2938.92 
2104.38 
2683.44 
2966.29 
2898.42 
2931.26 
2050.21 
3458.29 
3440.97 
2104.38 
3422.9 
3403.63 
3041.64 
2943.32 
2104.38 
1122.88 
1728.27 
1802.78 
1758.24 
2104.38 
2104.38 
2104.38 
1998.14 
1914.59 
3483.62 
3462.88 
3497.66 
3543.45 
2416.76 
2301.48 
1598.61 
1671.06 
2104.38 
3388.36 
2108.56 
2104.38 
1112.74 
3053.56 
1164.04 
3168.49 
3180.86 
2884.4 
2817.04 
2841.33 
2104.38 
3004.13 
3072.67 
1870.83 
3081.99 
1512.65 
1187.12 
1148.63 
1179.07 
1170.3 
2752.74 
2820.59 
2104.38 
2104.38 
1101.87 
1074.73 
2965 
2866.6 
2983.74 
3136.51 
3003.83 
2104.38 
2104.38 
2689.69 
2104.38 
2104.38 
1606.75 
1359.85 
1171.28 
1192.1 
2831.25 
2763.48 
2778.06 
3439.6 
3580.74 
3590.59 
3581.31 
1419.51 
2415.78 
1107.27 
2462.03 
3052.48 
3499.34 
3505.2 
2104.38 
1472.67 
2104.38 
1333.2 
2104.39 
2104.39 
2104.38 
2104.38 
3386.05 
3325.08 
3364.8 
2104.38 
2806.58 
2818.72 
1174.54 
2105.5 
1195.73 
1216.49 
2454.86 
2560.71 
2106.61 
2108.53 
2106.58 
2104.38 
1492.18 
1517.23 
1791.12 
1388.25 
3572.83 
3573.83 
2104.38 
2104.38 
2952.22 
1204.63 
1225.53 
2104.94 
2931.43 
2944.27 
3272.73 
3283.99 
2162.1 
2104.38 
2567.21 
2576.41 
2238.07 
1633.19 
1660.38 
2104.38 
2104.38 
1346.35 
1369.62 
1534.35 
1559.89 
2193.97 
2195.59 
3358.47 
2104.38 
2104.38 
1373.76 
1397.59 
1062.73 
1988.16 
2085.65 
2019.46 
2104.94 
1557.24 
1583.07 
1660.83 
1688.48 
1068.64 
1089.38 
2104.38 
2104.38 
2296.64 
2300.6 
2241.65 
2336.17 
2104.38 
2104.38 
1829.73 
1858.73 
2104.38 
2104.38 
2104.38 
3176.97 
2105.98 
2106.77 
1436.38 
1460.74 
2106.26 
3322.47 
2104.38 
2104.38 
2104.92 
2937.49 
2811.98 
3101.32 
2114.1 
2130.35 
2892.46 
1175.31 
1197.33 
2111.96 
1736.29 
2104.38 
2104.38 
2104.38 
1207.75 
2104.38 
2797.25 
2104.72 
2778.13 
2104.38 
2104.38 
1213.72 
1234.84 
2634.63 
2134.92 
3371.23 
1137.56 
1112.98 
2104.38 
2104.38 
2104.38 
2570.32 
2624.69 
2573.04 
3062.58 
2900.18 
1412.16 
1064.64 
1039.69 
2290.08 
2104.38 
2104.38 
1063.72 
1721.5 
2181.34 
2195.77 
2104.38 
1470.36 
2104.38 
2104.38 
3546.91 
2104.42 
3085.06 
2711.1 
3293.97 
2104.38 
2104.38 
2906.36 
1900.34 
3151.16 
2117.75 
1914.26 
1944.53 
3041.19 
2104.38 
2240.73 
3392.23 
3313.6 
1443.63 
1403.39 
1232.16 
1383.33 
2104.38 
2937.12 
2852.23 
1184.84 
1157.08 
1095.51 
3101.9 
2104.38 
2104.38 
2104.38 
3067.67 
2183.54 
2104.38 
1633.34 
1581.36 
2626.67 
2860.12 
1178.95 
3585.14 
3578.64 
1250.14 
1184.97 
1207.06 
3066.38 
1004.85 
3585.69 
1820.62 
1850.82 
3588.83 
3587.31 
2687.65 
2648.03 
3123.52 
2901.69 
3157.81 
3063.78 
2966.43 
2577.25 
2606.09 
3500.73 
2104.38 
2104.38 
2469.28 
2371.3 
1207.85 
2104.68 
1039.67 
2104.38 
2104.38 
1356.23 
1320.43 
1454.13 
2104.42 
2813.85 
2743.96 
2867.91 
2838.81 
1296.25 
2104.48 
2104.38 
2104.38 
2104.38 
2104.38 
3171.66 
3239.13 
2819.41 
2745.44 
2104.38 
2104.38 
1261.94 
2108.01 
2107.96 
1241.55 
1263.41 
1478.64 
1217.25 
1497.5 
2104.38 
1537.98 
3443.9 
2104.38 
3200.63 
3225.01 
1819.78 
1755.1 
2694.16 
1427.49 
3112.35 
2104.38 
2104.39 
2104.38 
2111.94 
1138.54 
3035.74 
3106.52 
2104.38 
2104.38 
2104.38 
2104.38 
3363.74 
3033.03 
3569.69 
3561.16 
2104.38 
2104.38 
3409.54 
2842.13 
2914.32 
1047.51 
1069.22 
3398.09 
3282.45 
2104.38 
2162.9 
2140.06 
2104.38 
1690.14 
1718.11 
2766.13 
2732.45 
2104.38 
2104.38 
3340.05 
3402.21 
2085.49 
2116.94 
2636.12 
1083.45 
1057.08 
2104.43 
1607.54 
2104.38 
2104.38 
3385.15 
2104.81 
2104.87 
2665.74 
2695.08 
2891.66 
2799.79 
1880.04 
1956.2 
1113.84 
1137.46 
1119.38 
2687.92 
2754.33 
3214.23 
3233.83 
1783.5 
1524.88 
1592.62 
2989.27 
2963.37 
1177.81 
1150.3 
2214.6 
2120.82 
1199.7 
2104.38 
2376.83 
3447.51 
1318.49 
1284.3 
3373.42 
2104.38 
2104.38 
2104.39 
2563.45 
2627.17 
2104.78 
2104.56 
2765.32 
2831.27 
3484.6 
2104.38 
2104.38 
1728.5 
1796.98 
3312.57 
2104.47 
3368.65 
3349.99 
3326.25 
3306.3 
2104.38 
2586.56 
2648.99 
2122.73 
3389.86 
3470 
2332.6 
2223.48 
2600.7 
2481.32 
2104.38 
1233.98 
1476.83 
2313.84 
2471.46 
1749.64 
2684.11 
1195.06 
1148.14 
2104.38 
1510.26 
2104.38 
2737.33 
2673.74 
2701.96 
3043.78 
2104.38 
2104.38 
2008.04 
2104.38 
1446.33 
2104.38 
2104.38 
2104.38 
2104.38 
2104.38 
2104.38 
2300.59 
2706.1 
3164.83 
3183.39 
2104.38 
2104.38 
2104.38 
3568.97 
3524.73 
1716.55 
2116.51 
2104.38 
3560.34 
2729.98 
2641.48 
3592.66 
3579.44 
3588.74 
2104.4 
2104.4 
3205.37 
2111.12 
2116.46 
2111.06 
1308.24 
1330.88 
3513.31 
3475.75 
3084.32 
3009.1 
2987.7 
1865.7 
1945.04 
1895.99 
1065.65 
3561.75 
3563.19 
2104.38 
2104.38 
2475.21 
1746.08 
1773.57 
3590.67 
2823.91 
2104.38 
3583.13 
3582.08 
2104.45 
2104.44 
2104.38 
2104.38 
2104.38 
1249.35 
2828.22 
2758.33 
2750.34 
3282.89 
3261.65 
2105.31 
1257.98 
1278.53 
2970.21 
1267.34 
1287.76 
1302.67 
1051.96 
1073.18 
2125.56 
2125.61 
2543.08 
3535.43 
2908.15 
2802.33 
2850.29 
1589.73 
1241.42 
1262.25 
1612.15 
1637.76 
3428.27 
3482.49 
1548.01 
1222.91 
1244.27 
1360.6 
1919.25 
2710.55 
2946.95 
2878.52 
2920.18 
1568.47 
1593.42 
2800.52 
2860.9 
3008.29 
3078.75 
1277.21 
1297.72 
2104.38 
2104.38 
2104.38 
2104.38 
2104.38 
3095.06 
3107.09 
3399.94 
3408.07 
1493.05 
1517.52 
2104.38 
2104.38 
1635.92 
1661.71 
3470.84 
3476.85 
2105.28 
2104.38 
2104.38 
2104.38 
1461.45 
1485.44 
2840.05 
2851.18 
2586.98 
2595.2 
1661.33 
1687.29 
1776.49 
1804.79 
1137.2 
2104.38 
2104.46 
1407.79 
2379.04 
2384.04 
2320.62 
2415.68 
2104.38 
2104.38 
1961.91 
1991.33 
2105.7 
2104.65 
2104.38 
2104.38 
2104.38 
2104.38 
3303.59 
1528.67 
1553.17 
2106.22 
3399.84 
2104.43 
3248.48 
3266.58 
2711.67 
1229.16 
2107.48 
2104.39 
2875.67 
1251.3 
1273.2 
2664.71 
1654.13 
3322.4 
3210.12 
1343.37 
3267.81 
3247.38 
1209.71 
3360.32 
2159.01 
2104.38 
2483.99 
1139.62 
1115.1 
1287.36 
1308.1 
2210.69 
1376.9 
2107.42 
2105.92 
1534.72 
1187.09 
2468.21 
2427.01 
2104.38 
2104.38 
1501.19 
2619.82 
2684.16 
1254.84 
1226.84 
2104.38 
2104.55 
2104.38 
2104.38 
2540.28 
1295.17 
2137.21 
2104.38 
2104.38 
2866.65 
2649.63 
1615.08 
2104.38 
1470.04 
1431.68 
2037.51 
3587.04 
3546.3 
3535.64 
2056.81 
2087.23 
3221.33 
2104.38 
2104.38 
2694.91 
1253.78 
2981.95 
2104.38 
2151.65 
2062.62 
2104.38 
3548 
3123.98 
3298.23 
2349.01 
3528.48 
2104.38 
2304.22 
2239.23 
2572.14 
2799.55 
2709.88 
2481.75 
3516.93 
3504.39 
2666.89 
2624.86 
1261.73 
1283.55 
1960.06 
1990.99 
1118.99 
3586.43 
3580.33 
2551.2 
2970.26 
3000.48 
2104.38 
2104.38 
2767.77 
2901.78 
2795.53 
1270.05 
2140.35 
2151.54 
2254.79 
2183.1 
2104.38 
2104.38 
3468.33 
2104.38 
2987.86 
2104.38 
1143.68 
1272.71 
1306.28 
2104.38 
2618.72 
2563.48 
2742.87 
2617.42 
2621.08 
2555.45 
2669.39 
2104.38 
2104.38 
1170.97 
2800.93 
2104.38 
2104.38 
3216.55 
2616.43 
2557.6 
2104.38 
2104.8 
1077.99 
2110.27 
2110.21 
1317.58 
3043.12 
3064.46 
2104.38 
2104.38 
1572.73 
2104.38 
2720.35 
1948.47 
1879.63 
1521.3 
2104.38 
2104.38 
1390.32 
1412.8 
2104.39 
2104.39 
1294.6 
3517 
3504.43 
2104.38 
2558.2 
2819.75 
1116.45 
1138.92 
2452.89 
2439.46 
2104.38 
2104.38 
2104.38 
1808.55 
1837.24 
2636.69 
2606.86 
2104.38 
1842.71 
1908.63 
1871.62 
2648.68 
2104.42 
2104.46 
2104.38 
2104.38 
2104.38 
2250.15 
2281.83 
2104.38 
2104.38 
3254.23 
2755.97 
1688.3 
2104.38 
2104.38 
1157.73 
1130.96 
1743.45 
1403.49 
1457.65 
2106.27 
2109.85 
3284.09 
3351.98 
3233.46 
2852.19 
2880.84 
2555.16 
3414.6 
3487.74 
1946.66 
2026.21 
1186.12 
1211.74 
2104.38 
2104.38 
3319.73 
3336.58 
3157.11 
3134.63 
2168.28 
2236.91 
3377.75 
3266.26 
2105.87 
2105.09 
3183.56 
2841.24 
2911.72 
1455.09 
1417.39 
2591.07 
2632.03 
2560.32 
2480.45 
2241.54 
2193.09 
2443.38 
2381.82 
2518.13 
2577.63 
3012.07 
1164.22 
2104.38 
2104.38 
2715.74 
2782.34 
2104.38 
1339.49 
1307.61 
2104.38 
1714.55 
2421.49 
1789.86 
1862.03 
3250.78 
1212.78 
3090.39 
3220.98 
3199.88 
2104.38 
2445.68 
1398.85 
1363.54 
2109.52 
1214.52 
1190.29 
2502.74 
2711.79 
2512.26 
2398.27 
1799.12 
2460.84 
2519.34 
1341.98 
2529.42 
3350.26 
3358.93 
3432.67 
3439.3 
2704.95 
2640.71 
2677.26 
2104.38 
2606.15 
2545.8 
2575.41 
1864.23 
2104.38 
2104.38 
1667.21 
2104.38 
1236.88 
2714.6 
2104.38 
2104.38 
2104.38 
2104.38 
3138.36 
2104.38 
3410.63 
3488.4 
3424.94 
2199.64 
2379.81 
2280.43 
3574.01 
1551.83 
3573.14 
1649.11 
1714.54 
3571.79 
3537.61 
3563.5 
2104.42 
2104.42 
2823.67 
2755.92 
2797.79 
2385.66 
2440.26 
1297.55 
1329.16 
1318.64 
1120.36 
1141.98 
1319.96 
3587.47 
3584.32 
2104.38 
2104.38 
2104.38 
2104.38 
1403.76 
1426.69 
1338.78 
3586.39 
3580.75 
2104.38 
2104.5 
2104.48 
2104.38 
2104.38 
2603.73 
2664.9 
2584.67 
2604.22 
1328.82 
1349.42 
2123.3 
2111.6 
2127.68 
1219.81 
1240.44 
2104.38 
2104.61 
2137.72 
1690.63 
1716.41 
2160.04 
2160.4 
1623.38 
1715 
1741.13 
2353.29 
2321.42 
2497.46 
1644.66 
1669.59 
2871.16 
1580.74 
2104.38 
1144.44 
2104.38 
2053.4 
2009.07 
2093.48 
2040.2 
1568.51 
1593.39 
2104.38 
2104.38 
2104.38 
2764.88 
2834.95 
3055.14 
3125.8 
1349.79 
1369.85 
2104.38 
2438.95 
2384.2 
2104.38 
2381.74 
2598.09 
2104.38 
2104.38 
2104.38 
1125.28 
1146.33 
3497.46 
3501.71 
1585.55 
1610.78 
2104.38 
2104.38 
1740.81 
1767.09 
2150.53 
3544.42 
3546.24 
2786 
2664.57 
1831.11 
1858.04 
3173.44 
3151.6 
3006.66 
3016.98 
2734.39 
2742.91 
1768.79 
1794.97 
1898.02 
1927.04 
2485.82 
2491.79 
2104.38 
2104.38 
2099.8 
2129.95 
3086.41 
3062.47 
2104.38 
2104.38 
2104.38 
2616.25 
2104.38 
2104.38 
2104.38 
2104.38 
2475.88 
2252.57 
2374.03 
3058.19 
2104.38 
2105.05 
2104.68 
1247.59 
2354.15 
1458.84 
1361.38 
1381.59 
2441.3 
2498.8 
2109.46 
2106.95 
1266.37 
2334.03 
2300.16 
2745.29 
2104.38 
2104.38 
1825.31 
2600.72 
2104.38 
3470.56 
2331.83 
2104.38 
2104.38 
2887.31 
2959.27 
2678.01 
2709.69 
1349.76 
2548.06 
3454.48 
2104.38 
2104.38 
1440.7 
2104.38 
2104.38 
2104.38 
1394.95 
1891.98 
2104.38 
2104.38 
2533.53 
2594.55 
1692.37 
2104.38 
3480.77 
3466.14 
2206.24 
2235.59 
2348.83 
2279.55 
1197.66 
2104.65 
3116.11 
3192.58 
2104.38 
3573.31 
2104.38 
2104.38 
2194.22 
2272.73 
2492.28 
2104.38 
2728.32 
2179.97 
3440.93 
3424.57 
2526.66 
2104.38 
2104.38 
1338.71 
2107.06 
2139.1 
2806.08 
2830.24 
2115.16 
2115.09 
2701.15 
3550.73 
3539.93 
2104.38 
2104.38 
2123.6 
2123.5 
2388.07 
2443.09 
2292.38 
2953.27 
3082.4 
2979.79 
2393.56 
2817.64 
3163.84 
3286.04 
3185.82 
2456.3 
2412.21 
1340.88 
1312.01 
2104.38 
1359.01 
1535.53 
2104.38 
2939.99 
3564.89 
2451.65 
2386.06 
3397.94 
2390.51 
2303.71 
2610.86 
2503.95 
2137.68 
2104.39 
2104.38 
2117.67 
2104.38 
2104.38 
2104.72 
2105.43 
2448.07 
2393.36 
2401.09 
1932.85 
1962.57 
2104.45 
2621.53 
2868.66 
2886.75 
2880.81 
2113.96 
2113.94 
3108.47 
3086 
1648.49 
1603.79 
3108.04 
3281.58 
1579.36 
3135.12 
1233.2 
1205.83 
1474.11 
1496.37 
2104.4 
2083.31 
2010.08 
3438.35 
2104.38 
2104.38 
3103.15 
1327.74 
2104.38 
2104.38 
2104.38 
2628.62 
2520 
1187.04 
1210.99 
2104.38 
2429.33 
2104.38 
2104.38 
2104.38 
1576.33 
3333.55 
2515.22 
2487.56 
3380.39 
2104.38 
2104.38 
2104.42 
2104.38 
2104.38 
2104.38 
1151.66 
1350.72 
1457.84 
1517.63 
3032.96 
3060.96 
3500.12 
3515.74 
2017.73 
2102.88 
1262.72 
1290.96 
2104.38 
2104.38 
3439.54 
3037.7 
3012.87 
2415.05 
2450.2 
2423.01 
2479.97 
3516.12 
3528.61 
1405.31 
1427.86 
2574.93 
2496.49 
2403.44 
2373.97 
2224.47 
2277.45 
2675.39 
2743.67 
1333.22 
1304.71 
1559.62 
1519.56 
2120.46 
2142.07 
3145.65 
1628.89 
3260.68 
2104.4 
2104.38 
3422.34 
3482.51 
1372.4 
1385.22 
2104.38 
2753.69 
1769.41 
3039.83 
1701.11 
3386.53 
2104.38 
1480.36 
1443.6 
2322.58 
1391.35 
2521.24 
2583.84 
2429.81 
2264.18 
2315.5 
3485.18 
3402.1 
2571.33 
2395.77 
2596.05 
1221.5 
2104.38 
3463.14 
3468.38 
3295.23 
3520.15 
3522.8 
1988.28 
2104.38 
2104.38 
2467.83 
2104.45 
2104.44 
2104.38 
1664.18 
2104.38 
2104.38 
2104.38 
3585.5 
2464.04 
2407.14 
2394.69 
2660.51 
2634.59 
2311.23 
2216.96 
2104.39 
1341.02 
1291.75 
1401.12 
2296.96 
1822.28 
3520.51 
3468.6 
3508.01 
1360.53 
1416.44 
1438.66 
1795.85 
1821.68 
3576.32 
3568.79 
2104.38 
2104.38 
2104.38 
2104.38 
1489.22 
1512.1 
1410.23 
3245.39 
3171.42 
3224.26 
2104.38 
2104.38 
2104.38 
2969.11 
3521.54 
2104.57 
2104.55 
1417.11 
1384.33 
2104.38 
2104.38 
2104.38 
1189.73 
1212.42 
1400.1 
1421.04 
3554.23 
3544.52 
2595.43 
2104.42 
2557.64 
2190.03 
2104.38 
2290.61 
1642.73 
1710.75 
1194.04 
1215.64 
2104.87 
2104.83 
1855.82 
1931.26 
2104.38 
2104.38 
2284.07 
2232.28 
2240.67 
1913.59 
2744.04 
1422.14 
1441.85 
2104.38 
2104.38 
2104.38 
2400.2 
2456.16 
1274.11 
1297.14 
1311.74 
2104.38 
2104.38 
2104.38 
3559.01 
3559.01 
1682.19 
1708.52 
2104.38 
2104.38 
3495.21 
3527.43 
3507.96 
1849.6 
1877.05 
1969.89 
1999.76 
2695.26 
2848.62 
2578.23 
1950.44 
1976.65 
1429.29 
1450.87 
2238.8 
2240.27 
3058.74 
3036.3 
2289.94 
3171.34 
3179.71 
2898.13 
2906.02 
1879.71 
1906.34 
2108.42 
2109.54 
2026.62 
2055.87 
1290.25 
1721.6 
1747.71 
1504.3 
1527.79 
2958.58 
2430.79 
2104.38 
2377.93 
2104.38 
2104.38 
2582.79 
2508.42 
2504.29 
1939.47 
2502.42 
2104.41 
3048.41 
1543.48 
1542.15 
2318.04 
2281.82 
2104.38 
2104.38 
3508.95 
2316.78 
3542.35 
2106.87 
2105.56 
1485.17 
2104.38 
2104.38 
2347.83 
2249.81 
2300.18 
1199.51 
2104.38 
2104.38 
3274.11 
3343.58 
2860.56 
2363.38 
2295.48 
1727.3 
2015.81 
2104.38 
2484.73 
2456.45 
1351.76 
2104.38 
2105.82 
3391.39 
3323.57 
3373.28 
2104.49 
2104.47 
2358.63 
2386 
2165.38 
2104.38 
1689.82 
1646.2 
3128.15 
3153.36 
3483.26 
3467.56 
1435.61 
1454.98 
2104.38 
2104.38 
2104.38 
2792.47 
1297.57 
1430.62 
2292.1 
2265.48 
2104.38 
2718.62 
2789 
2104.38 
2220.41 
2104.38 
2104.38 
2104.38 
2104.38 
2104.38 
1226.48 
1849.36 
2039.77 
2263.99 
2295.23 
2113.01 
2645.18 
2662.52 
2121.54 
2121.48 
1373.06 
1405.76 
1393.72 
3008.58 
1325.98 
2104.38 
2104.38 
2104.38 
2134.45 
2134.24 
2064.35 
2095.51 
3224.63 
3246.46 
2104.38 
2104.38 
3317.96 
3418.91 
3337.03 
2306.96 
1744.23 
1464.91 
2147.76 
2195.81 
2104.38 
1779.8 
2272.64 
2497.01 
2985.72 
2199.52 
2696.07 
2104.38 
2104.38 
2104.38 
3393.48 
3288.83 
2104.38 
1220.47 
2104.39 
2104.44 
2104.57 
2466.01 
2578.89 
2190.16 
2156.06 
2120.13 
2120.29 
2990.26 
2965.94 
2239.15 
2248.42 
2297.3 
1642.65 
3296.91 
3421.04 
2609.83 
1560.07 
1581.75 
2104.38 
2159.61 
2192.18 
2194.11 
2215.35 
2186.78 
1794.6 
2104.38 
3296.68 
2104.38 
2105.48 
2761.06 
2113.49 
2123.15 
2104.38 
1260.96 
1287.54 
3580.42 
2398.48 
2372.09 
3530.06 
3540.93 
2098.16 
2104.38 
2104.38 
1413 
1383.97 
2405.11 
2104.38 
2104.38 
2107.25 
2107.96 
1521.95 
1582.23 
1310.84 
1282.51 
2617.22 
2549.41 
2444.98 
3203.13 
3338.24 
1769.77 
2104.38 
2933.89 
3015.04 
2244.31 
2328.25 
3580.32 
1345.85 
1375.96 
2104.38 
2104.38 
2104.38 
2909.32 
2881.81 
2338.22 
2365.1 
3551.3 
3535.97 
2935.73 
1508.62 
1474.71 
2104.38 
2104.38 
2891.25 
2778.02 
1318.6 
1671.33 
1628.45 
3281.48 
3260.83 
2107.38 
2153.57 
2104.38 
2155.74 
2624.09 
2275.13 
2104.38 
2712.68 
2917.02 
2440.5 
2760.56 
2104.38 
2082.33 
2131.68 
3577.81 
3229.58 
3117.14 
2476.75 
2539.77 
3539.73 
3204.82 
1562.83 
1524.34 
2182.61 
3501.98 
3433.45 
3512.61 
3559.62 
2878.75 
2104.38 
2104.38 
2104.38 
2104.38 
2104.38 
3418.01 
2104.38 
3568.64 
3566.74 
1874.59 
2030.47 
2943.29 
2973.97 
2104.38 
1386.27 
2007.79 
2104.41 
2104.39 
2106.33 
1765.1 
2104.38 
2513.99 
3029.06 
3144.34 
3057.85 
2104.38 
1482.4 
2248.65 
2916.73 
2104.38 
1411.22 
2104.38 
2104.38 
2104.38 
2104.38 
2112.98 
2108.71 
3439.85 
1495.64 
1519.03 
2553.34 
2620.24 
1905.25 
1930.29 
2316.45 
2105.17 
2104.65 
2105.42 
3530.59 
3518.81 
2073.16 
2097.59 
1577.25 
1600.09 
2265.78 
2212.52 
2239.76 
2104.38 
2104.68 
2104.64 
2503.75 
2393.1 
2889.22 
2208.36 
2104.38 
1936.27 
1962.89 
3491.36 
3494.57 
3490.82 
3477.96 
2104.38 
2104.38 
2104.38 
1269.06 
2104.38 
2305.91 
2256.6 
2267.36 
2233.29 
2232.25 
2117.82 
2143.7 
1708.38 
1776.65 
1803.63 
2105.18 
2106.2 
2105.1 
1926.4 
2224.2 
2146.64 
2104.38 
2104.38 
2104.38 
2104.38 
2115.15 
2129.56 
2075.82 
1494.03 
1514.32 
2419.84 
1366.96 
2104.38 
3581.01 
3576.28 
3577.65 
3570.55 
2837.64 
2814.32 
2104.38 
1784.5 
1811.91 
1261.6 
1286.11 
3320.21 
3394.03 
2103.56 
2135 
1370.46 
1508.42 
1545.14 
1530.45 
2304.3 
2305.44 
2940.96 
2866.77 
2917.98 
1824.28 
1852.02 
3320.45 
3326.01 
3067.96 
3073.74 
2162.34 
2190.68 
2104.38 
2104.39 
2104.38 
2396.3 
1847.27 
1874.15 
1594.41 
1617.82 
2451.23 
2484.31 
2427.44 
2384.77 
2359.03 
1964.22 
1994.48 
2104.38 
3540.67 
3211.66 
1626.21 
2196.36 
2165.51 
1464.39 
2181.51 
2150.68 
3118.84 
2104.38 
2104.38 
1468.96 
2289.41 
3519.52 
1497.19 
1462.98 
2104.38 
2055.99 
1993.88 
2104.38 
2104.38 
2341.67 
2805.99 
2693.54 
3421.87 
2237.05 
2287.07 
2104.38 
3549.95 
2104.38 
2447.22 
2463.63 
1899.83 
2104.54 
1568.93 
2764.76 
1831.72 
2005.29 
2368.79 
2341.79 
3156.09 
2097.44 
2142.48 
2363.96 
2300.9 
2507.23 
2540.27 
2104.38 
1503.19 
1472.33 
3285.81 
3309.96 
3384.46 
3363.86 
1509.08 
1527.45 
1443.69 
3176.08 
2209.03 
2104.38 
1998.22 
2922.17 
2770.02 
3441.88 
3424.71 
2188.84 
2162.99 
2104.38 
2104.38 
2104.38 
1275.34 
2498.78 
2511.46 
2294.93 
2205.67 
2308.99 
2427.69 
2454.51 
2177.14 
1577.92 
1603.51 
3425.21 
2397.63 
1791.44 
1745.43 
2131.63 
2131.81 
1449.58 
1483.91 
1469.4 
1377.38 
2104.38 
2104.38 
2205.38 
2236.58 
3366.49 
3385.94 
2104.38 
3440.95 
3456.13 
2108.56 
2935.67 
3132.43 
3126.94 
3102.26 
2104.38 
3073.74 
2992.81 
3051.47 
1847.16 
1406.23 
2425.71 
2339.88 
3355.14 
2089.45 
2104.38 
2104.38 
1296.27 
2107.54 
2104.39 
2104.41 
2104.38 
1399.65 
2221.36 
3227.01 
3203.63 
2130.76 
2277.65 
2866.46 
2838.78 
2104.38 
2351.3 
2276.33 
2284.75 
2164.05 
1611.22 
2318.98 
2354.96 
1648.22 
1668.49 
1264.28 
2543.97 
2350.2 
2094.59 
2144.32 
1494.03 
2155.7 
2108.98 
2120.22 
1290.77 
1987.94 
1952.25 
2394.06 
2456.88 
2378.22 
2389.32 
2284.85 
2259.44 
2177.82 
2118.22 
1303.11 
2104.38 
2104.38 
1341.41 
1371.25 
3511.88 
2104.38 
2104.38 
1391.73 
1362.25 
2104.38 
2104.38 
2106.37 
2120.69 
2778.75 
2637.85 
3512.89 
1586.66 
2324.92 
2009.84 
2022.74 
2826.72 
2104.38 
1435.23 
1466.72 
2104.38 
2104.38 
2771.62 
2743.32 
3149.73 
3041.23 
3439.04 
3442.25 
2104.38 
2104.38 
2104.52 
2104.43 
3135.05 
3222.86 
2104.38 
2104.38 
3419.55 
3441.68 
2083.15 
2135.6 
2131.41 
2119.13 
1635.58 
1653.11 
1287.35 
2291.63 
2017.11 
1968.23 
1640.39 
1706.45 
2106.8 
2110.43 
1645.28 
1604.99 
1487.94 
1458.98 
2104.38 
2104.38 
2104.38 
2104.38 
2147.2 
3150.97 
1593.65 
1558.06 
3338.07 
1337.91 
1346.14 
1567.38 
2291.23 
2204.39 
1482.06 
3497.88 
3500.03 
2104.38 
2104.38 
2104.38 
1967.37 
2015.06 
2377.41 
2475.52 
2411.48 
3080.06 
1545.74 
3354.66 
1981.68 
2595.25 
2665.06 
2016.54 
2039.93 
3452.19 
3434.9 
3475.66 
3493.27 
2196.42 
2217.04 
2104.38 
2104.38 
1668.51 
1690.76 
2104.38 
2104.38 
2164.34 
2113.04 
2140.94 
2104.85 
2104.79 
3377.88 
3279.65 
1933.06 
2071.07 
2121.45 
2055.29 
2078.99 
3555.85 
3574.12 
2104.38 
3402.2 
3385.88 
2104.38 
2104.38 
2104.38 
2561.12 
2750.08 
2104.38 
2250.17 
2272.31 
2227.22 
2104.38 
1707.13 
1340.66 
1367.96 
1364.38 
1922.04 
1844.87 
3573.48 
3569.66 
2393.38 
2391.27 
3512.87 
2104.38 
2104.38 
2132.96 
2165.56 
2104.38 
2104.38 
2104.38 
3562.28 
3552.16 
2104.38 
2104.38 
2104.38 
3537.36 
3525.97 
1893.4 
1337.78 
1363.09 
1366.42 
3377.27 
2245.15 
2280.24 
1539.9 
3441.54 
3444.79 
3227.89 
3227.23 
2303.14 
2328.83 
2314.26 
1954.73 
1984.01 
3510.88 
3510.29 
1962.28 
2003.72 
1353.69 
1374.39 
2513.18 
2648.46 
2518.54 
1687.77 
1731.38 
1711.28 
2804.49 
2890.02 
2616.34 
2181.5 
2230.29 
2267.9 
2091.66 
2119.43 
2128.29 
2171.64 
3546.87 
1559.72 
1532.8 
1632.04 
2085.78 
2058.9 
2288.53 
1484.01 
1454.28 
2133.24 
2699.43 
3317.92 
1477.19 
1446.41 
2770.85 
2104.38 
2104.38 
2104.38 
2104.38 
3039.7 
2104.38 
2104.38 
2718.59 
2610.47 
2088.1 
2131.98 
2344 
2352.88 
2104.42 
2104.39 
3324.38 
3204.72 
3288.57 
3566.88 
2150.44 
2255.78 
2229.62 
2008.42 
2104.38 
2008.09 
3022.06 
2104.95 
2105.11 
1382.84 
3549.87 
2185.75 
3327.09 
1878.96 
2666.53 
2706.75 
3519.14 
1556.21 
2105.11 
3259.98 
3242.4 
1580 
1600.46 
3484.02 
2104.38 
2104.38 
3359.04 
1569.53 
1541.05 
1576.82 
3337.19 
3313.06 
2089.68 
2124.09 
2079.97 
2075.35 
1894.34 
2423.14 
2369.42 
2321.19 
1665.88 
2105.01 
2104.63 
2641.36 
2715.68 
1771.21 
1726.07 
2148.16 
2149.38 
1526.62 
1544.65 
2104.38 
2104.38 
2353.98 
2383.13 
2104.52 
2104.42 
2104.58 
3224.39 
2104.38 
3522.57 
3557.84 
3534.11 
3149.37 
3311.46 
2996.16 
2964.96 
2587 
2605.27 
2104.38 
2104.38 
2104.38 
1926.83 
2181.97 
2136.77 
2149.04 
3554.16 
3343.98 
2104.38 
2119.14 
2111.72 
2104.38 
2104.38 
2104.38 
3094.43 
3069.79 
3547.99 
2286.01 
2218.85 
2105.65 
2105.51 
3437.5 
3445.3 
2733.03 
2699.53 
1751.18 
2495.44 
2527.22 
1588.58 
1771.1 
1738.34 
2107.6 
2111.43 
2107.33 
1881.96 
1840.38 
2104.38 
2104.38 
2046.32 
1874.38 
1846.82 
2431.19 
2496.39 
2290.07 
2300.83 
2104.38 
2173.85 
2149.25 
1983.38 
1959.96 
1432.21 
1462.06 
1914.26 
1921.12 
1871.53 
1588.52 
1612.63 
3516.56 
2111.37 
2120.63 
2104.38 
2104.38 
3553.21 
2149.6 
3084.87 
2940.37 
2822.37 
2749.44 
2798.22 
3315.22 
3425.49 
2235.82 
2104.38 
2104.39 
2104.38 
3197.91 
2114.01 
2645.2 
2551.54 
2241.88 
2300.44 
2105.73 
2153.03 
1964.69 
2952.78 
2929.07 
2104.38 
2104.38 
2631.24 
2608.66 
3069.31 
2957.24 
2022.31 
1969.47 
2260.75 
2266.89 
2104.78 
2104.89 
2104.38 
2104.38 
2175.11 
3535.78 
3477.2 
1985.23 
1945.4 
2062.07 
2101.53 
1695.26 
1658.91 
2694.04 
2176.19 
2179.03 
3374.85 
3285.24 
2104.38 
3324.51 
1755.35 
1709.17 
2014.91 
2052.37 
2179.79 
1943.35 
2210.68 
3575.03 
2122.48 
2104.38 
3010.27 
1580.05 
1543.62 
1872.46 
2034.45 
2006.08 
1643.78 
3003.89 
3101.35 
2104.38 
2104.38 
2104.38 
1988.18 
2042.6 
3302.14 
3404.59 
1840.53 
3167.83 
3168.5 
1766.42 
1987.25 
2545.05 
2642.29 
2591.93 
2444.41 
2104.38 
2234.22 
2171.59 
2242.2 
2125.39 
3340.27 
3318.52 
3471.55 
3545.78 
3558.85 
2313.9 
2951.49 
2927.05 
2174.97 
2175.68 
1762.57 
1784.03 
3230.48 
3323.44 
2436.45 
2172.81 
2190.52 
2104.38 
2104.38 
3286.37 
3258.21 
2104.38 
2380.87 
2393.85 
2597.49 
2869.66 
2152.05 
2063.66 
2113.67 
3559.62 
3550.9 
2104.38 
2104.38 
2104.38 
2502.11 
2104.38 
2104.38 
2104.38 
2104.38 
2093.77 
2068.93 
2032 
2104.38 
2401.97 
2434.75 
2151.59 
2129.97 
1625.44 
3502.22 
3529.28 
3534.61 
2445.46 
2466.27 
2067.82 
3560.79 
3556.46 
1957.67 
1878.73 
1996.51 
1425.84 
2054.83 
2085.84 
2223.79 
2245.13 
2203.17 
1828.43 
3532.83 
3518.55 
1845.2 
2105.96 
2108.21 
2261.92 
2294.07 
2104.38 
2104.4 
1436.62 
1456.24 
2772.83 
2609.33 
2975.38 
2683.47 
2770.57 
2890.21 
2862.47 
3412.16 
3490.16 
3428.07 
1700 
1542.21 
2202.83 
2208.67 
1671.9 
2216.66 
3412.39 
3493.52 
3498.73 
2019.03 
1567.61 
1535.68 
2104.38 
1563.21 
2104.38 
2104.38 
1919.56 
1665.66 
1631.61 
2104.66 
2576.04 
2486.08 
2845.65 
2888.55 
3268.83 
2104.38 
2104.38 
2144.99 
2119.97 
2992.82 
1447.6 
1419.68 
2104.38 
2104.38 
1768.66 
2104.38 
1761.03 
2995.48 
2516.47 
1847.64 
1937.89 
1865.46 
1833.03 
2106.12 
1653.88 
1676.71 
1563.46 
3557.7 
3566.12 
1571.55 
3565.01 
3196.93 
3162.45 
1682.44 
1644.14 
1988.94 
1950.99 
1945.66 
1831.56 
2104.38 
2540.9 
2519.23 
2104.38 
2189.39 
2191.01 
2104.59 
2104.46 
3130.9 
2105.52 
2222.74 
2337.99 
3311.1 
3211.66 
1601.97 
1616.32 
2104.38 
2504.07 
2530.56 
2104.48 
2104.52 
1942.31 
1917.87 
3543.77 
3496.1 
3550.66 
2214.51 
2220.14 
2840.35 
2799.85 
1859.29 
1881.56 
3218.84 
3174.3 
3177.18 
2480.54 
2720.05 
2752.87 
2104.38 
2104.38 
2587.6 
2071.41 
2048.55 
2104.38 
2040.29 
2104.38 
2104.38 
2104.38 
2119.44 
2072.35 
2092.77 
2069.7 
2263.11 
1764.62 
1731.44 
2104.38 
2104.38 
2580.09 
2657.65 
3475.4 
2106.38 
1724.74 
1684.03 
2104.38 
2583.16 
2546.82 
1672.18 
2104.38 
2674.62 
2696.3 
2329.46 
2059.01 
2019.94 
2027.64 
1467.76 
1776.77 
2092.33 
2104.38 
2104.38 
3464.2 
2151.22 
2060.71 
2007.52 
2471.74 
2230.67 
2241.35 
1898.52 
1850.02 
2065.21 
2041.11 
1875.95 
1887.73 
1867.13 
1528.5 
3566.11 
1423.66 
1458.67 
2096.91 
2151.38 
1415.32 
1447.64 
2487.05 
2358.41 
2129.93 
2116.71 
2104.38 
2104.38 
2956.32 
2811.59 
2104.38 
2104.38 
2185.42 
3238.93 
2703.2 
2674.44 
3484.14 
1784.85 
1807.97 
2104.39 
2104.39 
2316.93 
3355.56 
2106.82 
3570.36 
2665.98 
2828.62 
2667.26 
1853.4 
1806.76 
2274.19 
2334.67 
1764.95 
1945.88 
2806.85 
2783.78 
2104.38 
2500.89 
2104.38 
1991.22 
2978.13 
2862.36 
1885.85 
1847.05 
2104.38 
1648.95 
1619.96 
2104.73 
2105.27 
2878.27 
2780.37 
3001.54 
3168.14 
2999.67 
1964.53 
2107.41 
2106.98 
1981.36 
1954.62 
3460.25 
3448.45 
2120.31 
3388.97 
3347.12 
2104.38 
2104.38 
3525.43 
2144.53 
1929.05 
1707.73 
1625.66 
1642.19 
2880.88 
1758.5 
3565.18 
2104.38 
3171.53 
3142.23 
2232.59 
2104.38 
1739.59 
2492.15 
2104.38 
2626.23 
1558.89 
1724.93 
1647.56 
2333.84 
2388.98 
2420.25 
2104.38 
3126.62 
3020.56 
2274.1 
3202.96 
2283.72 
2280.09 
2355.81 
1983.27 
2488.39 
3364.31 
1633.28 
2023.85 
1417.68 
2105.39 
2104.75 
2584.68 
1445.81 
3493.35 
2200.44 
3547.73 
3129.48 
3093.79 
2994.42 
2104.38 
3087.6 
2614.35 
3291.48 
3185.18 
3279.71 
2122.7 
2104.38 
1440.69 
3422.64 
3562.6 
2148.1 
1836.83 
1768.76 
1827.81 
3518.59 
1662.95 
2404.81 
3566.19 
1961.78 
1906.48 
1945.94 
2648.17 
2104.38 
2109.59 
2109.08 
1757.79 
2104.38 
2104.38 
3460.54 
2413.15 
1942.34 
1984.07 
1491.03 
2242.11 
2257.72 
1901.08 
3570.02 
2561.42 
2372.19 
2308.28 
2347.47 
1865.77 
1842.5 
1734.05 
3256.38 
3126.86 
2190.56 
3042.28 
2925.56 
3104.1 
1798.4 
2587.97 
2204.5 
1958.76 
2104.4 
2104.44 
2104.4 
2810.3 
2809.64 
1810.64 
2421.29 
1857.78 
2181.38 
2355.78 
1914.93 
1950.03 
3442.42 
1790.65 
1915.9 
2104.38 
2108.62 
2114.36 
2104.41 
1512.48 
2266.72 
2341.45 
2267.85 
2436.24 
3475.14 
3544.19 
3395.64 
1798.77 
1848.66 
1705.84 
2497.96 
1934.12 
1848.37 
2792.85 
2037.29 
2013.42 
2009.7 
2104.38 
2995.43 
1629.8 
2754.76 
2701.16 
3112.91 
3245.83 
2685.52 
1774.57 
1840.08 
2844.72 
2104.38 
1526.34 
1741.36 
2104.38 
1684.59 
2713.67 
2104.38 
1703.99 
3237.17 
3373.9 
2104.38 
2827.68 
2801.01 
1547.02 
1793.64 
1636.54 
1528.18 
1759.99 
1731.82 
1816.95 
2108.83 
1989.01 
1559.45 
1887.96 
1681.68 
1750.26 
3235.69 
3127.41 
2793.07 
1820.9 
3039.58 
2748.07 
2782.01 
1659.92 
1634 
1665 
1863.74 
1827.04 
2104.6 
2152.48 
2154.93 
2104.38 
2104.38 
2104.38 
2644.64 
2238.83 
2302.4 
1880.89 
1667.57 
1686.82 
2652.08 
2104.45 
2104.48 
1657.62 
3357.29 
3548.86 
2104.38 
2104.38 
2106.36 
2678.55 
1959.19 
1923.68 
2862.2 
2115.92 
2668.71 
1509.2 
2104.38 
3389.65 
1854.54 
1850.75 
1953.71 
1959.37 
2740.95 
2104.43 
1849.72 
2104.38 
1767.4 
3545.46 
2635.97 
3060.13 
2637.63 
2148.07 
2112.59 
2111.58 
1761.23 
1887.37 
1958.44 
2104.38 
2153.05 
1523.67 
1504.65 
2104.38 
1782.43 
2172.56 
2167.74 
2145.62 
2607.72 
2826.27 
1830.7 
1884.51 
2104.4 
2104.39 
2832.44 
1832.77 
2210.48 
2131.33 
2116.56 
2129.71 
2106.42 
2104.4 
1764.83 
1727.46 
2835.97 
1803.44 
2492.81 
1709.66 
1821.96 
1772.87 
2105.23 
2769.33 
1611.83 
1656.74 
1621.97 
2932.37 
1673.43 
2835.21 
2104.38 
2180.62 
1497.97 
1731.44 
2821.7 
2584.89 
2104.38 
1686.02 
1551.99 
2353.42 
2104.46 
2847.58 
1858.94 
2674.12 
2874.11 
2406.2 
1527.36 
2835.15 
2926.13 
1753.02 
2534.03 
2653.54 
2936.04 
1582.83 
1581.34 
2104.77 
1823.83 
2559.15 
2035.19 
3337.53 
2104.4 
3499.07 
3401.17 
3500.32 
2250.54 
1723.4 
2494.21 
2644.73 
1870.79 
1907.46 
2534.82 
2108.43 
1909.3 
2427.24 
2342.06 
2327.97 
1932.8 
3201.56 
3185.22 
3114.16 
2124.36 
2590.17 
2667.81 
1763.62 
2382.32 
2124.91 
2491.22 
2575.84 
2104.65 
1620.6 
2412.76 
2113.3 
2803.94 
3042.81 
2958.33 
1919.56 
3019.79 
3415.02 
2714.9 
2937.81 
1855.42 
2486.52 
1986.24 
1754.36 
2425.56 
2925.41 
2010.6 
2353 
1649.2 
2525.81 
1535.2 
2122.7 
2133.03 
1753.51 
1640.25 
1616.27 
2379.4 
1735.87 
3061.5 
2415.77 
2116.55 
1830.59 
1677.05 
2996.7 
2114.11 
1711.76 
2118.43 
2104.48 
3154.89 
2551.24 
3332.89 
2104.44 
1761.43 
2135.88 
3007.84 
1716.07 
1577.66 
1737.16 
1520.4 
2959.42 
1752.33 
1570.92 
1667.39 
3057.1 
1621.81 
