7.17591e-05 4.57741e-07 9.58614e-07 
7.31856e-05 4.48577e-08 3.68013e-07 
7.3807e-05 -2.62526e-08 2.44618e-07 
7.42498e-05 -4.20417e-08 1.85889e-07 
7.45767e-05 -4.31509e-08 1.35817e-07 
7.48177e-05 -3.9972e-08 1.0145e-07 
7.49984e-05 -3.57037e-08 7.66882e-08 
7.5136e-05 -3.13937e-08 5.8992e-08 
7.52426e-05 -2.74325e-08 4.61088e-08 
7.53265e-05 -2.39504e-08 3.66246e-08 
7.53936e-05 -2.09401e-08 2.95142e-08 
7.5448e-05 -1.835e-08 2.41269e-08 
7.54927e-05 -1.61291e-08 2.00124e-08 
7.55301e-05 -1.42206e-08 1.68056e-08 
7.55617e-05 -1.25738e-08 1.42898e-08 
7.55888e-05 -1.11519e-08 1.23269e-08 
7.56123e-05 -9.87115e-09 1.06092e-08 
7.5633e-05 -8.57426e-09 8.73558e-09 
7.56512e-05 -6.53605e-09 5.53323e-09 
7.56653e-05 3.56978e-10 -4.31363e-09 
7.56716e-05 3.30085e-08 -2.76098e-08 
7.55508e-05 2.03244e-07 -2.43022e-07 
7.50785e-05 9.90055e-07 -2.95044e-07 
7.3572e-05 7.35828e-06 -3.93126e-06 
6.16576e-05 3.40328e-05 1.83384e-07 
7.30561e-05 1.01762e-05 2.58753e-06 
7.43021e-05 1.4154e-06 9.43599e-07 
7.55155e-05 3.56749e-07 3.2376e-07 
7.57609e-05 7.14572e-08 5.81221e-08 
7.58046e-05 1.37835e-08 2.34781e-08 
7.58284e-05 3.0468e-09 1.25343e-08 
7.58481e-05 1.60764e-09 1.06742e-08 
7.58689e-05 2.08644e-09 1.09907e-08 
7.58921e-05 2.95482e-09 1.21381e-08 
7.59182e-05 3.99554e-09 1.37261e-08 
7.5948e-05 5.22739e-09 1.57575e-08 
7.59826e-05 6.65906e-09 1.83401e-08 
7.6023e-05 8.34035e-09 2.16338e-08 
7.60711e-05 1.03449e-08 2.58589e-08 
7.6129e-05 1.27456e-08 3.13138e-08 
7.61997e-05 1.56234e-08 3.85318e-08 
7.62875e-05 1.90796e-08 4.81895e-08 
7.63983e-05 2.32469e-08 6.13203e-08 
7.65408e-05 2.81378e-08 7.9492e-08 
7.67276e-05 3.35706e-08 1.05154e-07 
7.69775e-05 3.87916e-08 1.4144e-07 
7.73181e-05 4.0915e-08 1.94881e-07 
7.77859e-05 2.89588e-08 2.61611e-07 
7.84431e-05 -3.83072e-08 3.87774e-07 
8.00292e-05 -4.96873e-07 1.10085e-06 
7.26629e-05 3.36455e-07 3.44836e-07 
7.33071e-05 1.56027e-07 2.85462e-07 
7.38243e-05 6.62613e-08 2.14872e-07 
7.4218e-05 2.16192e-08 1.69498e-07 
7.45246e-05 -1.40318e-09 1.3004e-07 
7.47602e-05 -1.26577e-08 9.97754e-08 
7.49418e-05 -1.76871e-08 7.71305e-08 
7.50832e-05 -1.94084e-08 6.02954e-08 
7.51946e-05 -1.94047e-08 4.77306e-08 
7.52834e-05 -1.85297e-08 3.82743e-08 
7.53551e-05 -1.72553e-08 3.10836e-08 
7.54137e-05 -1.58404e-08 2.55669e-08 
7.54623e-05 -1.43938e-08 2.13153e-08 
7.55031e-05 -1.29879e-08 1.79805e-08 
7.55377e-05 -1.16552e-08 1.53425e-08 
7.55675e-05 -1.04193e-08 1.32846e-08 
7.55934e-05 -9.29241e-09 1.15917e-08 
7.56164e-05 -8.28348e-09 1.00214e-08 
7.56369e-05 -7.53387e-09 8.09092e-09 
7.56557e-05 -7.65128e-09 3.58492e-09 
7.56764e-05 -1.33874e-08 -1.92273e-09 
7.56634e-05 -2.49835e-08 -1.15783e-07 
7.58365e-05 -1.35696e-07 3.12486e-07 
7.64413e-05 5.48724e-07 -2.33083e-06 
6.7168e-05 1.70639e-05 1.04762e-07 
7.73568e-05 4.0306e-06 2.27556e-06 
7.61115e-05 1.11624e-06 -3.48506e-07 
7.58376e-05 2.26249e-07 2.68964e-08 
7.57998e-05 3.00236e-08 1.17351e-08 
7.58155e-05 6.90598e-09 1.03377e-08 
7.58322e-05 2.72367e-09 9.81607e-09 
7.58524e-05 3.02618e-09 1.04809e-08 
7.58747e-05 3.88863e-09 1.14479e-08 
7.58998e-05 4.90434e-09 1.28006e-08 
7.5928e-05 6.01162e-09 1.45247e-08 
7.59603e-05 7.22803e-09 1.6696e-08 
7.59977e-05 8.57796e-09 1.9402e-08 
7.60414e-05 1.00413e-08 2.28443e-08 
7.60932e-05 1.16045e-08 2.72425e-08 
7.61553e-05 1.32362e-08 3.28892e-08 
7.62308e-05 1.48308e-08 4.02501e-08 
7.63239e-05 1.61656e-08 5.00197e-08 
7.64404e-05 1.68719e-08 6.30941e-08 
7.65883e-05 1.61387e-08 8.07236e-08 
7.67786e-05 1.23767e-08 1.04734e-07 
7.70269e-05 2.54732e-09 1.37423e-07 
7.73526e-05 -1.93502e-08 1.80787e-07 
7.77755e-05 -6.46016e-08 2.32145e-07 
7.8337e-05 -1.59409e-07 3.11072e-07 
7.90586e-05 -3.60485e-07 3.94938e-07 
7.32802e-05 2.66405e-07 1.70343e-07 
7.36326e-05 1.7316e-07 1.75761e-07 
7.39766e-05 1.00738e-07 1.64338e-07 
7.42849e-05 5.39167e-08 1.39498e-07 
7.45419e-05 2.46227e-08 1.13805e-07 
7.47509e-05 7.02913e-09 9.126e-08 
7.49189e-05 -3.16891e-09 7.30156e-08 
7.50541e-05 -8.83969e-09 5.86095e-08 
7.51632e-05 -1.17542e-08 4.73994e-08 
7.52522e-05 -1.30015e-08 3.86728e-08 
7.53252e-05 -1.32546e-08 3.18414e-08 
7.53857e-05 -1.29207e-08 2.64958e-08 
7.54365e-05 -1.22628e-08 2.23121e-08 
7.54795e-05 -1.14343e-08 1.89732e-08 
7.55163e-05 -1.05233e-08 1.63156e-08 
7.55482e-05 -9.57923e-09 1.42144e-08 
7.55762e-05 -8.65479e-09 1.25015e-08 
7.5601e-05 -7.75893e-09 1.10902e-08 
7.56233e-05 -6.89807e-09 9.75054e-09 
7.56437e-05 -6.11727e-09 8.49289e-09 
7.56625e-05 -7.14834e-09 4.01659e-09 
7.56752e-05 -1.08476e-08 -3.63427e-09 
7.60351e-05 -7.06635e-08 3.10623e-07 
7.56388e-05 -2.97602e-07 -1.46713e-06 
7.20435e-05 9.33826e-06 2.81505e-07 
7.36629e-05 5.58681e-06 1.18746e-06 
7.63774e-05 4.09821e-07 -2.12579e-07 
7.56817e-05 -5.00457e-08 2.47804e-08 
7.57859e-05 -9.81666e-09 4.94149e-08 
7.5816e-05 -5.99036e-10 1.14048e-08 
7.58356e-05 2.07986e-09 1.18442e-08 
7.58577e-05 3.10258e-09 1.14525e-08 
7.58819e-05 4.00653e-09 1.23197e-08 
7.59088e-05 4.93706e-09 1.36719e-08 
7.59391e-05 5.92719e-09 1.54349e-08 
7.59735e-05 6.93251e-09 1.76643e-08 
7.60132e-05 7.96077e-09 2.04631e-08 
7.60594e-05 8.97639e-09 2.3938e-08 
7.61137e-05 9.87863e-09 2.8338e-08 
7.61782e-05 1.05536e-08 3.39209e-08 
7.62558e-05 1.07827e-08 4.10279e-08 
7.635e-05 1.01589e-08 5.02226e-08 
7.64658e-05 7.99802e-09 6.21531e-08 
7.66093e-05 3.17503e-09 7.7549e-08 
7.67883e-05 -6.19705e-09 9.73089e-08 
7.70121e-05 -2.3266e-08 1.22158e-07 
7.72895e-05 -5.29532e-08 1.50913e-07 
7.7625e-05 -1.02143e-07 1.79573e-07 
7.80024e-05 -1.80455e-07 1.93232e-07 
7.83953e-05 -2.85081e-07 1.93762e-07 
7.37673e-05 2.0384e-07 8.161e-08 
7.39531e-05 1.52434e-07 1.07737e-07 
7.41755e-05 1.04519e-07 1.15932e-07 
7.4399e-05 6.6666e-08 1.07468e-07 
7.46009e-05 3.95314e-08 9.35468e-08 
7.47753e-05 2.10585e-08 7.89184e-08 
7.49222e-05 8.95621e-09 6.5731e-08 
7.50449e-05 1.24235e-09 5.44792e-08 
7.51472e-05 -3.53011e-09 4.52202e-08 
7.52325e-05 -6.35884e-09 3.76895e-08 
7.53042e-05 -7.89743e-09 3.16058e-08 
7.53646e-05 -8.59512e-09 2.66949e-08 
7.5416e-05 -8.76186e-09 2.27507e-08 
7.54601e-05 -8.58229e-09 1.95567e-08 
7.54983e-05 -8.18649e-09 1.69666e-08 
7.55316e-05 -7.67611e-09 1.48714e-08 
7.5561e-05 -7.09338e-09 1.31326e-08 
7.55873e-05 -6.43434e-09 1.16206e-08 
7.5611e-05 -5.63953e-09 1.00086e-08 
7.56327e-05 -4.37233e-09 7.48372e-09 
7.56509e-05 1.6276e-09 9.00686e-10 
7.56606e-05 2.05603e-08 -2.53658e-08 
7.56914e-05 2.53025e-07 -1.37297e-08 
7.63658e-05 2.14613e-06 4.55318e-07 
7.79531e-05 1.33597e-05 7.31846e-07 
7.61823e-05 4.11403e-06 -1.86909e-06 
7.57608e-05 -3.62015e-07 6.72607e-07 
7.59146e-05 -1.17238e-07 -1.34757e-07 
7.57824e-05 -1.58343e-08 3.00955e-08 
7.58181e-05 -2.008e-09 1.2786e-08 
7.58394e-05 1.55784e-09 1.16472e-08 
7.58631e-05 2.73291e-09 1.19928e-08 
7.58888e-05 3.51213e-09 1.29513e-08 
7.59173e-05 4.24262e-09 1.43874e-08 
7.59493e-05 4.95754e-09 1.6191e-08 
7.59854e-05 5.63968e-09 1.8416e-08 
7.60267e-05 6.2188e-09 2.11894e-08 
7.60743e-05 6.62966e-09 2.45829e-08 
7.61298e-05 6.76189e-09 2.8788e-08 
7.61949e-05 6.422e-09 3.40366e-08 
7.6272e-05 5.33877e-09 4.054e-08 
7.63638e-05 3.05178e-09 4.86345e-08 
7.6474e-05 -1.18153e-09 5.8678e-08 
7.66065e-05 -8.42748e-09 7.09355e-08 
7.67657e-05 -2.02666e-08 8.55048e-08 
7.69554e-05 -3.89954e-08 1.01904e-07 
7.71764e-05 -6.73518e-08 1.17735e-07 
7.74222e-05 -1.07896e-07 1.27786e-07 
7.76677e-05 -1.6013e-07 1.19052e-07 
7.78742e-05 -2.17407e-07 9.19157e-08 
7.41346e-05 1.55748e-07 3.81826e-08 
7.42325e-05 1.28139e-07 6.46102e-08 
7.43731e-05 9.72137e-08 7.93929e-08 
7.45301e-05 6.9305e-08 7.96586e-08 
7.46828e-05 4.6951e-08 7.39542e-08 
7.48226e-05 3.0193e-08 6.56691e-08 
7.49463e-05 1.81359e-08 5.7028e-08 
7.50536e-05 9.69817e-09 4.89112e-08 
7.5146e-05 3.93707e-09 4.17541e-08 
7.52253e-05 9.29004e-11 3.56275e-08 
7.52933e-05 -2.41136e-09 3.04653e-08 
7.53518e-05 -3.98115e-09 2.61551e-08 
7.54023e-05 -4.89441e-09 2.26083e-08 
7.54463e-05 -5.34503e-09 1.96802e-08 
7.54848e-05 -5.47711e-09 1.72481e-08 
7.55188e-05 -5.39511e-09 1.52393e-08 
7.55491e-05 -5.16164e-09 1.35753e-08 
7.55764e-05 -4.83287e-09 1.21197e-08 
7.56012e-05 -4.43911e-09 1.05324e-08 
7.56239e-05 -4.14454e-09 7.62855e-09 
7.56482e-05 -3.98783e-09 4.68342e-09 
7.56337e-05 -9.27773e-09 -7.05588e-08 
7.58623e-05 5.35387e-08 2.95263e-07 
7.73398e-05 1.49948e-06 -2.64251e-07 
7.35433e-05 1.72853e-05 7.98727e-07 
7.80963e-05 1.85238e-06 -5.97929e-07 
7.57927e-05 7.00161e-07 -6.86635e-08 
7.57466e-05 1.14336e-07 5.6854e-08 
7.58006e-05 3.1695e-08 1.45699e-08 
7.58179e-05 5.37815e-09 1.39386e-08 
7.58429e-05 2.58045e-09 1.23049e-08 
7.58677e-05 2.29239e-09 1.2518e-08 
7.58946e-05 2.68772e-09 1.35266e-08 
7.59243e-05 3.12354e-09 1.49237e-08 
7.59573e-05 3.48805e-09 1.6699e-08 
7.59944e-05 3.75309e-09 1.88641e-08 
7.60365e-05 3.84638e-09 2.15e-08 
7.60845e-05 3.64879e-09 2.46811e-08 
7.61396e-05 3.03324e-09 2.85477e-08 
7.62035e-05 1.79739e-09 3.32441e-08 
7.62778e-05 -3.64491e-10 3.88899e-08 
7.63644e-05 -3.89456e-09 4.5603e-08 
7.64656e-05 -9.40824e-09 5.35025e-08 
7.65834e-05 -1.77475e-08 6.25261e-08 
7.67195e-05 -3.00091e-08 7.22325e-08 
7.68738e-05 -4.75123e-08 8.16383e-08 
7.70429e-05 -7.13599e-08 8.82075e-08 
7.72172e-05 -1.01641e-07 8.81465e-08 
7.73733e-05 -1.35541e-07 7.16947e-08 
7.74819e-05 -1.66134e-07 4.27787e-08 
7.44169e-05 1.21307e-07 1.62369e-08 
7.44667e-05 1.05855e-07 3.81494e-08 
7.45544e-05 8.60987e-08 5.31178e-08 
7.46624e-05 6.62582e-08 5.76037e-08 
7.47751e-05 4.89383e-08 5.69031e-08 
7.48842e-05 3.4895e-08 5.31517e-08 
7.49853e-05 2.40039e-08 4.80763e-08 
7.50766e-05 1.58018e-08 4.26862e-08 
7.51577e-05 9.78322e-09 3.75177e-08 
7.52293e-05 5.42903e-09 3.27875e-08 
7.52921e-05 2.34147e-09 2.8624e-08 
7.53472e-05 2.11291e-10 2.50112e-08 
7.53957e-05 -1.23914e-09 2.19331e-08 
7.54385e-05 -2.19475e-09 1.935e-08 
7.54764e-05 -2.76732e-09 1.71518e-08 
7.55103e-05 -3.0704e-09 1.53106e-08 
7.55408e-05 -3.16887e-09 1.3758e-08 
7.55685e-05 -3.14102e-09 1.23582e-08 
7.55938e-05 -3.14524e-09 1.08131e-08 
7.5617e-05 -3.66754e-09 7.67053e-09 
7.56398e-05 -1.01496e-08 5.41056e-09 
7.56264e-05 -3.44511e-08 -7.95995e-08 
7.5807e-05 -2.94289e-07 3.50219e-07 
7.6822e-05 -2.59109e-07 -1.2299e-06 
6.9669e-05 1.01274e-05 2.87084e-07 
7.72373e-05 5.28053e-06 1.25492e-06 
7.59403e-05 1.14836e-06 -8.23106e-08 
7.58936e-05 2.56214e-07 -2.03013e-08 
7.58058e-05 3.23955e-08 6.18723e-09 
7.5823e-05 6.99522e-09 1.37505e-08 
7.5846e-05 1.88074e-09 1.21301e-08 
7.58712e-05 1.57882e-09 1.28518e-08 
7.58989e-05 1.72486e-09 1.3851e-08 
7.59291e-05 1.87481e-09 1.52067e-08 
7.59626e-05 1.91745e-09 1.68992e-08 
7.6e-05 1.79204e-09 1.89517e-08 
7.60419e-05 1.41763e-09 2.13793e-08 
7.60892e-05 6.95855e-10 2.42518e-08 
7.61428e-05 -5.17749e-10 2.76639e-08 
7.62039e-05 -2.43091e-09 3.16869e-08 
7.62735e-05 -5.3177e-09 3.6328e-08 
7.6353e-05 -9.53488e-09 4.15959e-08 
7.64432e-05 -1.55339e-08 4.74185e-08 
7.6545e-05 -2.39193e-08 5.35071e-08 
7.66579e-05 -3.53263e-08 5.92629e-08 
7.678e-05 -5.03152e-08 6.35737e-08 
7.69061e-05 -6.90571e-08 6.44202e-08 
7.7027e-05 -9.07639e-08 5.93765e-08 
7.7125e-05 -1.12488e-07 4.2581e-08 
7.71805e-05 -1.2949e-07 1.82843e-08 
7.46376e-05 9.59042e-08 4.93022e-09 
7.46605e-05 8.71207e-08 2.17971e-08 
7.47142e-05 7.44725e-08 3.48445e-08 
7.47872e-05 6.06378e-08 4.08845e-08 
7.48689e-05 4.76524e-08 4.29481e-08 
7.49525e-05 3.63804e-08 4.21502e-08 
7.50336e-05 2.70909e-08 3.96887e-08 
7.51095e-05 1.96877e-08 3.64595e-08 
7.51792e-05 1.39087e-08 3.2967e-08 
7.52424e-05 9.48118e-09 2.95117e-08 
7.52991e-05 6.14462e-09 2.63221e-08 
7.53499e-05 3.67064e-09 2.34333e-08 
7.53954e-05 1.87841e-09 2.08584e-08 
7.54362e-05 5.86331e-10 1.86568e-08 
7.54728e-05 -3.15692e-10 1.67461e-08 
7.5506e-05 -9.24616e-10 1.51051e-08 
7.55361e-05 -1.30697e-09 1.37479e-08 
7.55637e-05 -1.51694e-09 1.25599e-08 
7.55892e-05 -1.64171e-09 1.14104e-08 
7.56129e-05 -1.87577e-09 1.00914e-08 
7.56358e-05 -4.57593e-09 7.6852e-09 
7.56475e-05 -1.04267e-08 -9.11995e-09 
7.59025e-05 -1.74468e-07 2.45602e-07 
7.56822e-05 -2.68777e-07 -1.02546e-06 
7.38106e-05 4.82738e-06 7.4415e-07 
7.64489e-05 1.09874e-05 1.04834e-06 
7.70148e-05 1.8425e-06 -9.70644e-07 
7.57366e-05 1.63271e-07 3.76688e-08 
7.57862e-05 1.24057e-08 5.33393e-08 
7.58245e-05 3.41689e-09 1.61141e-08 
7.58475e-05 1.03497e-09 1.4096e-08 
7.58734e-05 8.29063e-10 1.34602e-08 
7.59014e-05 7.75283e-10 1.41095e-08 
7.59318e-05 6.64469e-10 1.53039e-08 
7.59653e-05 4.33914e-10 1.6852e-08 
7.60022e-05 -2.76123e-11 1.86956e-08 
7.60431e-05 -7.73811e-10 2.087e-08 
7.60888e-05 -1.89884e-09 2.33811e-08 
7.61398e-05 -3.5479e-09 2.62739e-08 
7.6197e-05 -5.89352e-09 2.95608e-08 
7.62609e-05 -9.16025e-09 3.31951e-08 
7.63321e-05 -1.36102e-08 3.71047e-08 
7.64108e-05 -1.95568e-08 4.11043e-08 
7.64967e-05 -2.73329e-08 4.48011e-08 
7.65885e-05 -3.72536e-08 4.75968e-08 
7.66832e-05 -4.94696e-08 4.85323e-08 
7.67756e-05 -6.3687e-08 4.61801e-08 
7.68581e-05 -7.89097e-08 3.92663e-08 
7.69186e-05 -9.28284e-08 2.45832e-08 
7.69447e-05 -1.02436e-07 5.85502e-09 
7.48131e-05 7.70369e-08 -9.78195e-10 
7.48208e-05 7.19158e-08 1.15891e-08 
7.48524e-05 6.37596e-08 2.22703e-08 
7.49009e-05 5.4162e-08 2.85214e-08 
7.49592e-05 4.4591e-08 3.19193e-08 
7.50224e-05 3.57861e-08 3.28992e-08 
7.50863e-05 2.81409e-08 3.22502e-08 
7.51485e-05 2.1733e-08 3.06214e-08 
7.52074e-05 1.64958e-08 2.84746e-08 
7.52622e-05 1.22997e-08 2.61117e-08 
7.53126e-05 8.97868e-09 2.37728e-08 
7.53586e-05 6.39702e-09 2.15691e-08 
7.54005e-05 4.41018e-09 1.95145e-08 
7.54387e-05 2.90295e-09 1.76901e-08 
7.54735e-05 1.76409e-09 1.60783e-08 
7.55054e-05 9.38621e-10 1.46716e-08 
7.55346e-05 3.45014e-10 1.34787e-08 
7.55617e-05 -7.07258e-11 1.24146e-08 
7.55869e-05 -3.43839e-10 1.13853e-08 
7.56107e-05 -4.89576e-10 1.01759e-08 
7.56308e-05 -4.46847e-10 6.55369e-09 
7.56671e-05 1.67744e-09 1.73993e-08 
7.56886e-05 6.35655e-09 -3.23232e-08 
7.57427e-05 7.99511e-08 1.481e-07 
7.67856e-05 1.71051e-06 -9.42924e-07 
7.11566e-05 6.90193e-06 1.59137e-07 
7.65828e-05 -4.43295e-07 1.00834e-06 
7.58841e-05 -1.78627e-07 -2.61088e-07 
7.57725e-05 -2.48694e-08 8.56699e-08 
7.58252e-05 -5.24818e-09 1.4843e-08 
7.58481e-05 -6.31883e-10 1.48146e-08 
7.58744e-05 -9.82578e-11 1.35707e-08 
7.59023e-05 -1.56023e-10 1.40933e-08 
7.59325e-05 -4.30465e-10 1.51625e-08 
7.59653e-05 -9.11117e-10 1.654e-08 
7.60012e-05 -1.62889e-09 1.81563e-08 
7.60406e-05 -2.64738e-09 2.00547e-08 
7.6084e-05 -4.0535e-09 2.21658e-08 
7.61317e-05 -5.97101e-09 2.45206e-08 
7.61842e-05 -8.53161e-09 2.71027e-08 
7.62418e-05 -1.18893e-08 2.98118e-08 
7.63045e-05 -1.62279e-08 3.25198e-08 
7.6372e-05 -2.17589e-08 3.50113e-08 
7.64434e-05 -2.86392e-08 3.68948e-08 
7.65168e-05 -3.69559e-08 3.76193e-08 
7.65892e-05 -4.66209e-08 3.64818e-08 
7.6656e-05 -5.71747e-08 3.2593e-08 
7.67115e-05 -6.77459e-08 2.54024e-08 
7.67477e-05 -7.67136e-08 1.33749e-08 
7.67572e-05 -8.2252e-08 -5.13623e-10 
7.49549e-05 6.27468e-08 -4.0538e-09 
7.49538e-05 5.97417e-08 5.15421e-09 
7.4971e-05 5.44371e-08 1.3653e-08 
7.50023e-05 4.78165e-08 1.94983e-08 
7.50434e-05 4.08327e-08 2.33798e-08 
7.50905e-05 3.40583e-08 2.53413e-08 
7.51404e-05 2.78863e-08 2.58729e-08 
7.51907e-05 2.24907e-08 2.53789e-08 
7.52398e-05 1.78889e-08 2.42671e-08 
7.52867e-05 1.407e-08 2.27902e-08 
7.53308e-05 1.09412e-08 2.11846e-08 
7.53719e-05 8.40112e-09 1.95723e-08 
7.541e-05 6.36241e-09 1.79926e-08 
7.54453e-05 4.75096e-09 1.6542e-08 
7.54779e-05 3.48825e-09 1.5235e-08 
7.5508e-05 2.51818e-09 1.4069e-08 
7.55361e-05 1.77141e-09 1.30621e-08 
7.55624e-05 1.21295e-09 1.21898e-08 
7.5587e-05 8.68146e-10 1.14074e-08 
7.56104e-05 1.00016e-09 1.09952e-08 
7.56327e-05 4.60796e-09 8.72429e-09 
7.56563e-05 1.6773e-08 2.1179e-08 
7.58115e-05 1.98514e-07 7.44901e-08 
7.56518e-05 3.44407e-07 -4.70165e-08 
7.63483e-05 5.31815e-06 1.71739e-07 
7.44505e-05 3.14284e-06 -6.53686e-07 
7.58903e-05 -4.21487e-07 6.85176e-07 
7.60132e-05 -1.79541e-07 -2.36706e-07 
7.58003e-05 -1.26645e-08 1.13738e-08 
7.58254e-05 -3.93439e-09 1.03942e-08 
7.58487e-05 -6.55558e-10 1.15443e-08 
7.58743e-05 -6.28738e-10 1.26882e-08 
7.59018e-05 -9.13609e-10 1.36374e-08 
7.59312e-05 -1.39359e-09 1.47482e-08 
7.59631e-05 -2.06662e-09 1.60026e-08 
7.59975e-05 -2.95419e-09 1.74077e-08 
7.60349e-05 -4.1573e-09 1.89952e-08 
7.60755e-05 -5.7272e-09 2.07261e-08 
7.61195e-05 -7.7557e-09 2.25624e-08 
7.61671e-05 -1.03578e-08 2.44886e-08 
7.62183e-05 -1.36329e-08 2.64048e-08 
7.62727e-05 -1.76801e-08 2.81199e-08 
7.63299e-05 -2.2621e-08 2.9419e-08 
7.63884e-05 -2.8513e-08 2.9984e-08 
7.64464e-05 -3.53078e-08 2.93535e-08 
7.65011e-05 -4.27983e-08 2.70727e-08 
7.65488e-05 -5.05625e-08 2.26179e-08 
7.65853e-05 -5.79143e-08 1.58938e-08 
7.66057e-05 -6.37299e-08 6.33872e-09 
7.66058e-05 -6.69656e-08 -3.75939e-09 
7.50711e-05 5.18048e-08 -5.59877e-09 
7.5065e-05 5.00265e-08 1.06267e-09 
7.50727e-05 4.65608e-08 7.75415e-09 
7.50921e-05 4.19868e-08 1.29722e-08 
7.51204e-05 3.69003e-08 1.68506e-08 
7.51551e-05 3.17481e-08 1.92768e-08 
7.51936e-05 2.68439e-08 2.05205e-08 
7.52339e-05 2.2374e-08 2.08007e-08 
7.52744e-05 1.84347e-08 2.04472e-08 
7.53141e-05 1.50401e-08 1.96836e-08 
7.53523e-05 1.21678e-08 1.86565e-08 
7.53886e-05 9.75455e-09 1.75527e-08 
7.54228e-05 7.78061e-09 1.64077e-08 
7.5455e-05 6.15647e-09 1.52922e-08 
7.54852e-05 4.84214e-09 1.42744e-08 
7.55135e-05 3.78759e-09 1.33274e-08 
7.55401e-05 2.94711e-09 1.24679e-08 
7.55652e-05 2.29744e-09 1.16525e-08 
7.5589e-05 1.88234e-09 1.07249e-08 
7.56117e-05 2.10455e-09 9.20819e-09 
7.56327e-05 6.99373e-09 5.81111e-09 
7.56398e-05 3.31768e-08 -2.39754e-08 
7.56685e-05 3.29418e-07 4.02471e-08 
7.6533e-05 2.49815e-06 4.57706e-07 
7.72189e-05 1.6849e-05 1.41447e-06 
7.72506e-05 2.02088e-06 -1.77038e-06 
7.57645e-05 -9.73589e-08 -7.94817e-08 
7.57828e-05 -4.94297e-08 -1.90195e-08 
7.58093e-05 -9.71962e-09 -3.51196e-09 
7.58235e-05 -1.25809e-09 8.40937e-09 
7.58479e-05 -9.49863e-10 1.1059e-08 
7.58731e-05 -1.09537e-09 1.22506e-08 
7.58998e-05 -1.56812e-09 1.32538e-08 
7.59283e-05 -2.1871e-09 1.42375e-08 
7.59588e-05 -2.9984e-09 1.53328e-08 
7.59915e-05 -4.02203e-09 1.65117e-08 
7.60265e-05 -5.32947e-09 1.77825e-08 
7.60641e-05 -6.97444e-09 1.91599e-08 
7.61042e-05 -9.0081e-09 2.0527e-08 
7.61469e-05 -1.15205e-08 2.18785e-08 
7.61919e-05 -1.45838e-08 2.31099e-08 
7.62387e-05 -1.82732e-08 2.40382e-08 
7.62865e-05 -2.25844e-08 2.44583e-08 
7.6334e-05 -2.75221e-08 2.41023e-08 
7.63795e-05 -3.29737e-08 2.26714e-08 
7.64204e-05 -3.871e-08 1.98351e-08 
7.64539e-05 -4.43967e-08 1.53283e-08 
7.64771e-05 -4.95011e-08 9.37232e-09 
7.64872e-05 -5.33036e-08 1.88733e-09 
7.64819e-05 -5.52119e-08 -5.35789e-09 
7.51676e-05 4.32826e-08 -6.31751e-09 
7.51586e-05 4.22528e-08 -1.52571e-09 
7.51601e-05 3.99964e-08 3.71423e-09 
7.51711e-05 3.67878e-08 8.21899e-09 
7.51901e-05 3.30548e-08 1.18826e-08 
7.52152e-05 2.91501e-08 1.44954e-08 
7.52446e-05 2.53039e-08 1.60992e-08 
7.52765e-05 2.16593e-08 1.68902e-08 
7.53097e-05 1.83572e-08 1.70812e-08 
7.5343e-05 1.54077e-08 1.68257e-08 
7.53758e-05 1.28348e-08 1.62819e-08 
7.54076e-05 1.06353e-08 1.56037e-08 
7.54381e-05 8.75329e-09 1.48161e-08 
7.54672e-05 7.16614e-09 1.40048e-08 
7.54948e-05 5.85898e-09 1.32557e-08 
7.55211e-05 4.76855e-09 1.25019e-08 
7.55461e-05 3.8658e-09 1.18082e-08 
7.55699e-05 3.1391e-09 1.10949e-08 
7.55927e-05 2.54085e-09 1.00607e-08 
7.56145e-05 2.05403e-09 7.92976e-09 
7.56374e-05 2.57487e-09 4.53513e-09 
7.56239e-05 4.64658e-09 -6.22907e-08 
7.59198e-05 1.17598e-07 3.46001e-07 
7.74057e-05 1.65027e-06 -2.54223e-07 
7.42351e-05 1.88534e-05 1.38942e-06 
7.80285e-05 2.23223e-06 -1.48271e-06 
7.58433e-05 1.03758e-07 -3.41268e-07 
7.57882e-05 6.41569e-08 -5.53691e-09 
7.58056e-05 5.08572e-09 -9.44696e-09 
7.58226e-05 -4.84811e-11 8.12323e-09 
7.58465e-05 -9.75808e-10 1.04648e-08 
7.5871e-05 -1.54232e-09 1.1852e-08 
7.58968e-05 -2.10612e-09 1.27883e-08 
7.59241e-05 -2.81571e-09 1.36269e-08 
7.5953e-05 -3.7052e-09 1.45415e-08 
7.59837e-05 -4.80759e-09 1.55058e-08 
7.60162e-05 -6.1598e-09 1.64834e-08 
7.60506e-05 -7.80968e-09 1.75343e-08 
7.60869e-05 -9.787e-09 1.85048e-08 
7.61248e-05 -1.21489e-08 1.93674e-08 
7.61639e-05 -1.49549e-08 2.00276e-08 
7.62038e-05 -1.82148e-08 2.03473e-08 
7.62435e-05 -2.19145e-08 2.01499e-08 
7.62818e-05 -2.59877e-08 1.92042e-08 
7.63171e-05 -3.03096e-08 1.73326e-08 
7.63473e-05 -3.47081e-08 1.42992e-08 
7.63704e-05 -3.88628e-08 1.00439e-08 
7.63843e-05 -4.24075e-08 4.90254e-09 
7.63876e-05 -4.49006e-08 -9.41522e-10 
7.63792e-05 -4.6006e-08 -6.06753e-09 
7.52485e-05 3.656e-08 -6.57969e-09 
7.5238e-05 3.59693e-08 -3.14219e-09 
7.52355e-05 3.44935e-08 9.32072e-10 
7.52406e-05 3.2251e-08 4.75442e-09 
7.52526e-05 2.95401e-08 8.12189e-09 
7.52705e-05 2.65823e-08 1.07335e-08 
7.52927e-05 2.35651e-08 1.25048e-08 
7.53178e-05 2.06265e-08 1.3594e-08 
7.53447e-05 1.78494e-08 1.41513e-08 
7.53725e-05 1.5319e-08 1.42741e-08 
7.54004e-05 1.30672e-08 1.41098e-08 
7.5428e-05 1.10798e-08 1.37629e-08 
7.5455e-05 9.35141e-09 1.32684e-08 
7.54811e-05 7.87047e-09 1.27361e-08 
7.55063e-05 6.59913e-09 1.22119e-08 
7.55305e-05 5.51874e-09 1.16369e-08 
7.55538e-05 4.60297e-09 1.1087e-08 
7.55762e-05 3.8173e-09 1.04433e-08 
7.55978e-05 3.16742e-09 9.29562e-09 
7.56185e-05 2.53e-09 6.27904e-09 
7.56407e-05 8.12875e-10 1.5429e-09 
7.56206e-05 -1.58901e-09 -8.99005e-08 
7.59052e-05 -4.2562e-08 3.75941e-07 
7.78218e-05 1.628e-06 -3.88635e-07 
7.21579e-05 1.84067e-05 2.05405e-07 
7.74695e-05 5.4181e-06 -4.91104e-10 
7.6464e-05 8.45945e-07 -9.32679e-07 
7.58623e-05 2.04613e-07 -3.4014e-08 
7.58036e-05 2.02571e-08 -1.23907e-08 
7.5822e-05 3.40085e-09 9.30358e-09 
7.58448e-05 -8.23496e-10 1.00528e-08 
7.58682e-05 -1.79584e-09 1.14991e-08 
7.58929e-05 -2.5117e-09 1.22662e-08 
7.59188e-05 -3.30152e-09 1.29465e-08 
7.5946e-05 -4.24494e-09 1.36826e-08 
7.59746e-05 -5.37367e-09 1.44352e-08 
7.60045e-05 -6.71413e-09 1.51644e-08 
7.60358e-05 -8.29991e-09 1.59107e-08 
7.60683e-05 -1.01861e-08 1.65404e-08 
7.61016e-05 -1.23832e-08 1.69944e-08 
7.61355e-05 -1.48983e-08 1.72289e-08 
7.61692e-05 -1.77091e-08 1.71004e-08 
7.62019e-05 -2.08274e-08 1.64639e-08 
7.62325e-05 -2.41476e-08 1.51856e-08 
7.62597e-05 -2.75813e-08 1.30874e-08 
7.62818e-05 -3.09435e-08 1.00734e-08 
7.62971e-05 -3.39961e-08 6.20752e-09 
7.63045e-05 -3.64784e-08 1.82623e-09 
7.63032e-05 -3.812e-08 -2.72546e-09 
7.62933e-05 -3.87513e-08 -6.29129e-09 
7.53172e-05 3.11645e-08 -6.59917e-09 
7.53059e-05 3.08456e-08 -4.14919e-09 
7.53007e-05 2.9885e-08 -9.75469e-10 
7.53017e-05 2.83316e-08 2.25294e-09 
7.53087e-05 2.6359e-08 5.28832e-09 
7.5321e-05 2.41163e-08 7.77496e-09 
7.53375e-05 2.17535e-08 9.60113e-09 
7.53571e-05 1.93894e-08 1.08414e-08 
7.53787e-05 1.70996e-08 1.16227e-08 
7.54017e-05 1.49568e-08 1.20307e-08 
7.54254e-05 1.29873e-08 1.21416e-08 
7.54492e-05 1.12153e-08 1.20605e-08 
7.54729e-05 9.65613e-09 1.18357e-08 
7.54962e-05 8.28879e-09 1.15051e-08 
7.5519e-05 7.06767e-09 1.11597e-08 
7.55412e-05 6.01762e-09 1.07656e-08 
7.55627e-05 5.10843e-09 1.03072e-08 
7.55836e-05 4.30457e-09 9.70224e-09 
7.56039e-05 3.51339e-09 8.44626e-09 
7.56232e-05 2.29721e-09 4.56186e-09 
7.56427e-05 -4.25127e-09 -1.84099e-09 
7.56227e-05 -2.50136e-08 -9.5522e-08 
7.5773e-05 -2.7352e-07 2.4564e-07 
7.63108e-05 -6.88673e-08 -1.47899e-06 
7.08694e-05 1.17045e-05 7.474e-07 
7.7383e-05 1.39417e-05 1.09069e-06 
7.67965e-05 2.21471e-06 -1.08867e-06 
7.56772e-05 2.7382e-07 1.5992e-07 
7.57769e-05 2.80496e-08 5.9505e-08 
7.5818e-05 4.50226e-09 2.17653e-08 
7.58416e-05 -8.17835e-10 1.41541e-08 
7.58645e-05 -2.01946e-09 1.22753e-08 
7.58882e-05 -2.81836e-09 1.20531e-08 
7.59126e-05 -3.64439e-09 1.23194e-08 
7.5938e-05 -4.60647e-09 1.28033e-08 
7.59645e-05 -5.73699e-09 1.33537e-08 
7.59919e-05 -7.03688e-09 1.38625e-08 
7.60201e-05 -8.56286e-09 1.43328e-08 
7.6049e-05 -1.03137e-08 1.46682e-08 
7.60782e-05 -1.2295e-08 1.48099e-08 
7.61072e-05 -1.45069e-08 1.47331e-08 
7.61356e-05 -1.69378e-08 1.42843e-08 
7.61624e-05 -1.95316e-08 1.33657e-08 
7.61867e-05 -2.22444e-08 1.18896e-08 
7.62074e-05 -2.49513e-08 9.72597e-09 
7.62231e-05 -2.75171e-08 6.86368e-09 
7.62328e-05 -2.97559e-08 3.41227e-09 
7.62355e-05 -3.15042e-08 -2.8554e-10 
7.62314e-05 -3.25683e-08 -3.84208e-09 
7.62206e-05 -3.29144e-08 -6.26369e-09 
7.5376e-05 2.67869e-08 -6.46683e-09 
7.53644e-05 2.66519e-08 -4.75701e-09 
7.53575e-05 2.6021e-08 -2.28447e-09 
7.53556e-05 2.49415e-08 4.53988e-10 
7.53589e-05 2.35097e-08 3.1465e-09 
7.53669e-05 2.18095e-08 5.45496e-09 
7.53789e-05 1.99512e-08 7.25093e-09 
7.5394e-05 1.80478e-08 8.57157e-09 
7.54113e-05 1.61893e-08 9.49666e-09 
7.54302e-05 1.43878e-08 1.00689e-08 
7.54501e-05 1.26925e-08 1.03851e-08 
7.54706e-05 1.11463e-08 1.05144e-08 
7.54913e-05 9.72843e-09 1.04905e-08 
7.5512e-05 8.45997e-09 1.03385e-08 
7.55325e-05 7.33433e-09 1.01519e-08 
7.55527e-05 6.33448e-09 9.93664e-09 
7.55725e-05 5.46265e-09 9.66629e-09 
7.5592e-05 4.68167e-09 9.35999e-09 
7.56111e-05 3.92503e-09 8.81535e-09 
7.56299e-05 3.00856e-09 7.67801e-09 
7.56488e-05 -5.65494e-10 4.14918e-09 
7.56637e-05 -8.89405e-09 -1.17868e-08 
7.58925e-05 -1.62009e-07 1.96506e-07 
7.56861e-05 -3.47756e-07 -1.06475e-06 
7.41685e-05 4.65859e-06 4.96076e-07 
7.38053e-05 1.36108e-05 6.53992e-07 
7.7288e-05 8.38561e-07 2.51526e-07 
7.59724e-05 1.85591e-08 -2.60264e-07 
7.57718e-05 -3.62426e-09 7.91419e-08 
7.5821e-05 -1.57393e-09 1.61328e-08 
7.58393e-05 -1.82784e-09 1.31558e-08 
7.58608e-05 -2.33125e-09 1.15354e-08 
7.5883e-05 -3.05676e-09 1.13319e-08 
7.59059e-05 -3.87912e-09 1.15411e-08 
7.59295e-05 -4.8289e-09 1.18678e-08 
7.59537e-05 -5.92967e-09 1.22673e-08 
7.59786e-05 -7.17855e-09 1.25816e-08 
7.60039e-05 -8.61117e-09 1.28187e-08 
7.60295e-05 -1.02043e-08 1.29483e-08 
7.60549e-05 -1.19645e-08 1.28452e-08 
7.60797e-05 -1.39e-08 1.25116e-08 
7.61035e-05 -1.59761e-08 1.18664e-08 
7.61253e-05 -1.81424e-08 1.07631e-08 
7.61445e-05 -2.03504e-08 9.20787e-09 
7.616e-05 -2.24651e-08 7.09588e-09 
7.61709e-05 -2.44166e-08 4.42089e-09 
7.61763e-05 -2.60738e-08 1.36935e-09 
7.61758e-05 -2.73028e-08 -1.7377e-09 
7.61697e-05 -2.79909e-08 -4.50737e-09 
7.61587e-05 -2.81451e-08 -6.10134e-09 
7.54267e-05 2.32172e-08 -6.25929e-09 
7.54151e-05 2.31724e-08 -5.10879e-09 
7.54071e-05 2.27793e-08 -3.18205e-09 
7.54032e-05 2.20247e-08 -8.38543e-10 
7.54037e-05 2.09719e-08 1.53153e-09 
7.54085e-05 1.96646e-08 3.63101e-09 
7.54169e-05 1.82141e-08 5.3591e-09 
7.54284e-05 1.67048e-08 6.70786e-09 
7.54421e-05 1.51616e-08 7.69838e-09 
7.54576e-05 1.36586e-08 8.38134e-09 
7.54743e-05 1.22295e-08 8.84898e-09 
7.54918e-05 1.08731e-08 9.12282e-09 
7.55099e-05 9.62278e-09 9.24535e-09 
7.55282e-05 8.47501e-09 9.24771e-09 
7.55465e-05 7.43796e-09 9.19675e-09 
7.55648e-05 6.51225e-09 9.1125e-09 
7.5583e-05 5.67992e-09 8.95798e-09 
7.5601e-05 4.92382e-09 8.74503e-09 
7.56188e-05 4.24677e-09 8.41215e-09 
7.56365e-05 3.66438e-09 7.56138e-09 
7.5652e-05 3.1895e-09 4.38816e-09 
7.56858e-05 4.38202e-09 1.37262e-08 
7.57037e-05 3.33989e-09 -3.80417e-08 
7.58317e-05 6.61754e-08 1.74645e-07 
7.6627e-05 1.62421e-06 -1.25553e-06 
7.04242e-05 8.13127e-06 6.47098e-08 
7.62538e-05 -1.27361e-07 1.29645e-06 
7.58705e-05 -2.26364e-07 -2.29456e-07 
7.5769e-05 -2.22939e-08 8.92395e-08 
7.58163e-05 -7.20914e-09 1.62781e-08 
7.58358e-05 -2.39614e-09 1.34723e-08 
7.58565e-05 -2.54683e-09 1.10665e-08 
7.58774e-05 -3.17942e-09 1.06962e-08 
7.58987e-05 -4.01433e-09 1.07726e-08 
7.59205e-05 -4.94254e-09 1.09565e-08 
7.59426e-05 -5.99678e-09 1.11999e-08 
7.59652e-05 -7.17786e-09 1.13612e-08 
7.59878e-05 -8.4723e-09 1.14205e-08 
7.60102e-05 -9.91443e-09 1.13656e-08 
7.60323e-05 -1.14898e-08 1.10798e-08 
7.60534e-05 -1.31652e-08 1.05805e-08 
7.60731e-05 -1.49221e-08 9.79279e-09 
7.60908e-05 -1.67306e-08 8.59145e-09 
7.61058e-05 -1.85094e-08 7.03278e-09 
7.61172e-05 -2.01945e-08 5.03294e-09 
7.61244e-05 -2.16809e-08 2.56764e-09 
7.61267e-05 -2.28965e-08 -1.19401e-10 
7.61239e-05 -2.37587e-08 -2.72842e-09 
7.61166e-05 -2.41981e-08 -4.88913e-09 
7.61056e-05 -2.4243e-08 -5.86508e-09 
7.54708e-05 2.02188e-08 -6.02621e-09 
7.54593e-05 2.02424e-08 -5.2866e-09 
7.54507e-05 2.00077e-08 -3.77567e-09 
7.54453e-05 1.94818e-08 -1.78576e-09 
7.54438e-05 1.86898e-08 2.94832e-10 
7.54461e-05 1.77076e-08 2.20801e-09 
7.54518e-05 1.65861e-08 3.86036e-09 
7.54603e-05 1.53682e-08 5.16972e-09 
7.54711e-05 1.4115e-08 6.18424e-09 
7.54837e-05 1.28661e-08 6.95627e-09 
7.54976e-05 1.16384e-08 7.49295e-09 
7.55125e-05 1.04629e-08 7.88396e-09 
7.55282e-05 9.36835e-09 8.12702e-09 
7.55443e-05 8.33792e-09 8.23186e-09 
7.55607e-05 7.3963e-09 8.30953e-09 
7.55772e-05 6.53496e-09 8.32963e-09 
7.55938e-05 5.73923e-09 8.28058e-09 
7.56104e-05 5.02355e-09 8.22385e-09 
7.5627e-05 4.41973e-09 8.15092e-09 
7.56436e-05 4.06621e-09 8.3416e-09 
7.566e-05 6.27659e-09 6.47134e-09 
7.56798e-05 1.22065e-08 2.22019e-08 
7.58357e-05 1.67929e-07 7.03283e-08 
7.56829e-05 1.92824e-07 3.24168e-08 
7.65397e-05 5.07994e-06 -2.05202e-08 
7.36796e-05 4.65166e-06 -5.8808e-07 
7.58272e-05 -3.18386e-07 9.19563e-07 
7.60331e-05 -1.17961e-07 -2.57695e-07 
7.58008e-05 -1.09812e-08 9.20356e-09 
7.58153e-05 -3.6993e-09 9.41237e-09 
7.58335e-05 -2.15472e-09 9.26319e-09 
7.58523e-05 -2.55226e-09 9.57969e-09 
7.58716e-05 -3.24952e-09 9.69748e-09 
7.58913e-05 -4.06116e-09 9.90289e-09 
7.59113e-05 -4.94785e-09 1.00503e-08 
7.59315e-05 -5.94189e-09 1.01582e-08 
7.59517e-05 -7.0458e-09 1.02129e-08 
7.59718e-05 -8.23746e-09 1.01361e-08 
7.59915e-05 -9.53855e-09 9.91936e-09 
7.60105e-05 -1.0927e-08 9.51349e-09 
7.60284e-05 -1.23794e-08 8.90005e-09 
7.60448e-05 -1.38705e-08 8.02737e-09 
7.6059e-05 -1.53473e-08 6.80163e-09 
7.60705e-05 -1.67827e-08 5.27016e-09 
7.60787e-05 -1.81145e-08 3.39635e-09 
7.6083e-05 -1.92572e-08 1.17414e-09 
7.6083e-05 -2.01448e-08 -1.19758e-09 
7.60786e-05 -2.07467e-08 -3.40502e-09 
7.60705e-05 -2.1017e-08 -5.07843e-09 
7.60597e-05 -2.09835e-08 -5.59397e-09 
7.55092e-05 1.76685e-08 -5.77546e-09 
7.54981e-05 1.77382e-08 -5.34739e-09 
7.5489e-05 1.76059e-08 -4.169e-09 
7.54827e-05 1.72551e-08 -2.46614e-09 
7.54797e-05 1.6706e-08 -6.24443e-10 
7.54801e-05 1.59773e-08 1.12119e-09 
7.54836e-05 1.50901e-08 2.63647e-09 
7.54897e-05 1.41096e-08 3.9093e-09 
7.54981e-05 1.30877e-08 4.9319e-09 
7.55082e-05 1.20379e-08 5.71881e-09 
7.55198e-05 1.09919e-08 6.31552e-09 
7.55325e-05 9.97566e-09 6.79298e-09 
7.5546e-05 9.0061e-09 7.11418e-09 
7.55602e-05 8.10087e-09 7.31802e-09 
7.55747e-05 7.2566e-09 7.47656e-09 
7.55896e-05 6.44163e-09 7.55168e-09 
7.56047e-05 5.70156e-09 7.56392e-09 
7.562e-05 5.0483e-09 7.49541e-09 
7.56353e-05 4.55289e-09 7.18694e-09 
7.56507e-05 4.67413e-09 6.17982e-09 
7.56655e-05 9.86252e-09 3.20384e-09 
7.56649e-05 3.43209e-08 -2.75886e-08 
7.56833e-05 3.31768e-07 3.23258e-08 
7.66651e-05 2.55557e-06 5.97806e-07 
7.73121e-05 1.61429e-05 1.2216e-06 
7.80718e-05 5.25259e-06 -1.48655e-06 
7.61728e-05 5.06983e-07 -5.26479e-07 
7.58534e-05 -1.49996e-08 -2.0189e-08 
7.5796e-05 -1.41848e-08 3.12791e-09 
7.58129e-05 -2.27048e-09 1.03514e-08 
7.58301e-05 -2.12691e-09 9.04899e-09 
7.58477e-05 -2.55231e-09 9.09388e-09 
7.58656e-05 -3.26101e-09 9.07264e-09 
7.58838e-05 -4.03847e-09 9.15503e-09 
7.59021e-05 -4.89699e-09 9.20467e-09 
7.59203e-05 -5.81543e-09 9.19458e-09 
7.59385e-05 -6.819e-09 9.13635e-09 
7.59563e-05 -7.90621e-09 8.95433e-09 
7.59735e-05 -9.05833e-09 8.62475e-09 
7.59898e-05 -1.02668e-08 8.1306e-09 
7.60049e-05 -1.1518e-08 7.43849e-09 
7.60183e-05 -1.27895e-08 6.53366e-09 
7.60297e-05 -1.40228e-08 5.33167e-09 
7.60384e-05 -1.51762e-08 3.84706e-09 
7.60441e-05 -1.62222e-08 2.11333e-09 
7.60462e-05 -1.70953e-08 1.10643e-10 
7.60444e-05 -1.77571e-08 -1.96917e-09 
7.60389e-05 -1.81561e-08 -3.84631e-09 
7.60304e-05 -1.83043e-08 -5.14656e-09 
7.60199e-05 -1.82386e-08 -5.31081e-09 
7.55429e-05 1.55254e-08 -5.52729e-09 
7.55321e-05 1.56181e-08 -5.32576e-09 
7.55228e-05 1.55729e-08 -4.41359e-09 
7.55159e-05 1.53438e-08 -2.9321e-09 
7.55118e-05 1.49539e-08 -1.2986e-09 
7.55108e-05 1.43937e-08 2.58798e-10 
7.55125e-05 1.37004e-08 1.66214e-09 
7.55168e-05 1.2909e-08 2.8742e-09 
7.55231e-05 1.20615e-08 3.87495e-09 
7.55313e-05 1.1199e-08 4.68062e-09 
7.55408e-05 1.03311e-08 5.30312e-09 
7.55515e-05 9.46179e-09 5.81608e-09 
7.55632e-05 8.59812e-09 6.20662e-09 
7.55756e-05 7.78339e-09 6.49614e-09 
7.55885e-05 7.01479e-09 6.69997e-09 
7.56019e-05 6.28646e-09 6.82584e-09 
7.56156e-05 5.61107e-09 6.91303e-09 
7.56296e-05 4.98242e-09 6.80745e-09 
7.56437e-05 4.36271e-09 6.27652e-09 
7.56577e-05 3.66483e-09 4.11001e-09 
7.56746e-05 2.90253e-09 1.1439e-09 
7.56515e-05 1.79265e-09 -7.53514e-08 
7.58762e-05 5.12643e-08 2.89278e-07 
7.75591e-05 1.57963e-06 -4.14052e-08 
7.39899e-05 1.73013e-05 3.50063e-07 
7.55242e-05 4.74256e-06 -8.37963e-07 
7.62734e-05 5.53653e-07 3.77914e-07 
7.56516e-05 2.88093e-08 4.61966e-08 
7.57668e-05 6.01332e-09 8.53917e-08 
7.58077e-05 -8.01179e-10 1.80655e-08 
7.58256e-05 -1.76608e-09 1.27053e-08 
7.58428e-05 -2.52541e-09 9.47353e-09 
7.58596e-05 -3.20433e-09 8.73201e-09 
7.58763e-05 -3.95529e-09 8.48059e-09 
7.58929e-05 -4.77489e-09 8.41047e-09 
7.59094e-05 -5.6224e-09 8.31559e-09 
7.59256e-05 -6.536e-09 8.14481e-09 
7.59414e-05 -7.51489e-09 7.87984e-09 
7.59563e-05 -8.53953e-09 7.47679e-09 
7.59703e-05 -9.59826e-09 6.92142e-09 
7.5983e-05 -1.06681e-08 6.18305e-09 
7.59939e-05 -1.17321e-08 5.25243e-09 
7.60029e-05 -1.27615e-08 4.11381e-09 
7.60094e-05 -1.36916e-08 2.70723e-09 
7.6013e-05 -1.45279e-08 1.09977e-09 
7.60134e-05 -1.51929e-08 -6.86532e-10 
7.60104e-05 -1.56629e-08 -2.52421e-09 
7.60042e-05 -1.59371e-08 -4.11115e-09 
7.59955e-05 -1.59835e-08 -5.12424e-09 
7.59853e-05 -1.58963e-08 -5.05252e-09 
7.55725e-05 1.36618e-08 -5.28562e-09 
7.5562e-05 1.37738e-08 -5.24573e-09 
7.55528e-05 1.37904e-08 -4.54026e-09 
7.55454e-05 1.36563e-08 -3.25965e-09 
7.55406e-05 1.33609e-08 -1.81436e-09 
7.55385e-05 1.29292e-08 -4.0199e-10 
7.55389e-05 1.23962e-08 8.83158e-10 
7.55416e-05 1.17742e-08 2.02099e-09 
7.55463e-05 1.10844e-08 2.99486e-09 
7.55527e-05 1.03469e-08 3.79533e-09 
7.55606e-05 9.61251e-09 4.44842e-09 
7.55696e-05 8.87926e-09 4.96784e-09 
7.55796e-05 8.14234e-09 5.39074e-09 
7.55904e-05 7.42466e-09 5.73966e-09 
7.56019e-05 6.73263e-09 6.00085e-09 
7.56139e-05 6.09156e-09 6.17912e-09 
7.56263e-05 5.46687e-09 6.29831e-09 
7.5639e-05 4.85209e-09 6.20166e-09 
7.56519e-05 4.19024e-09 5.61537e-09 
7.56648e-05 3.27623e-09 3.15706e-09 
7.56778e-05 -1.83921e-09 -6.25713e-10 
7.56668e-05 -1.21768e-08 -7.04846e-08 
7.58661e-05 -1.94613e-07 3.05731e-07 
7.65908e-05 -1.80065e-07 -1.20606e-06 
7.11346e-05 9.46066e-06 2.96604e-07 
7.54016e-05 2.4784e-06 3.30673e-07 
7.57038e-05 -1.45736e-07 4.24111e-07 
7.59446e-05 -6.30613e-08 -9.44815e-08 
7.57921e-05 -3.00341e-09 9.77392e-09 
7.58082e-05 -3.31671e-09 1.1892e-08 
7.58233e-05 -2.06626e-09 8.3109e-09 
7.58384e-05 -2.51663e-09 8.06226e-09 
7.58537e-05 -3.12909e-09 7.78729e-09 
7.5869e-05 -3.82749e-09 7.67909e-09 
7.5884e-05 -4.56992e-09 7.60538e-09 
7.58989e-05 -5.38514e-09 7.46827e-09 
7.59133e-05 -6.23441e-09 7.22944e-09 
7.59271e-05 -7.11294e-09 6.90925e-09 
7.59401e-05 -8.00941e-09 6.45777e-09 
7.5952e-05 -8.92085e-09 5.86025e-09 
7.59626e-05 -9.83587e-09 5.11469e-09 
7.59715e-05 -1.072e-08 4.19286e-09 
7.59785e-05 -1.15503e-08 3.10705e-09 
7.59831e-05 -1.23169e-08 1.78066e-09 
7.59851e-05 -1.29741e-08 3.00131e-10 
7.59842e-05 -1.34922e-08 -1.28019e-09 
7.59803e-05 -1.38372e-08 -2.91341e-09 
7.59736e-05 -1.40118e-08 -4.26666e-09 
7.59648e-05 -1.40139e-08 -5.03213e-09 
7.59551e-05 -1.38949e-08 -4.80005e-09 
7.55986e-05 1.20261e-08 -5.05707e-09 
7.55885e-05 1.21444e-08 -5.12752e-09 
7.55793e-05 1.22036e-08 -4.57343e-09 
7.55718e-05 1.21491e-08 -3.47346e-09 
7.55664e-05 1.19509e-08 -2.20618e-09 
7.55634e-05 1.16257e-08 -9.2385e-10 
7.55628e-05 1.12058e-08 2.77573e-10 
7.55642e-05 1.07109e-08 1.33958e-09 
7.55676e-05 1.01474e-08 2.24911e-09 
7.55726e-05 9.5473e-09 3.04336e-09 
7.5579e-05 8.91372e-09 3.70153e-09 
7.55866e-05 8.26399e-09 4.23132e-09 
7.55952e-05 7.63853e-09 4.69715e-09 
7.56046e-05 7.02403e-09 5.06232e-09 
7.56148e-05 6.40291e-09 5.36496e-09 
7.56255e-05 5.80366e-09 5.61053e-09 
7.56367e-05 5.22368e-09 5.79664e-09 
7.56483e-05 4.66013e-09 5.91837e-09 
7.56602e-05 4.10401e-09 5.87483e-09 
7.56726e-05 3.45509e-09 6.0151e-09 
7.56852e-05 1.93137e-09 3.54051e-09 
7.56943e-05 -4.29397e-09 2.95051e-09 
7.60671e-05 -4.6367e-08 3.31513e-07 
7.56236e-05 -1.40618e-07 -1.1976e-06 
7.35345e-05 8.15002e-06 8.75726e-07 
7.68244e-05 5.0116e-06 1.63269e-07 
7.61931e-05 7.52497e-07 -1.69458e-07 
7.58848e-05 1.08754e-07 -7.22551e-08 
7.57943e-05 1.03563e-08 1.17447e-08 
7.58062e-05 1.60561e-09 8.7197e-09 
7.58199e-05 -1.48615e-09 7.8425e-09 
7.58339e-05 -2.32753e-09 7.32318e-09 
7.58479e-05 -3.0291e-09 7.13379e-09 
7.58618e-05 -3.69338e-09 7.01247e-09 
7.58754e-05 -4.38258e-09 6.87322e-09 
7.58887e-05 -5.11886e-09 6.66914e-09 
7.59015e-05 -5.88253e-09 6.40219e-09 
7.59136e-05 -6.66151e-09 6.04267e-09 
7.59249e-05 -7.45195e-09 5.56889e-09 
7.5935e-05 -8.23864e-09 4.94785e-09 
7.59438e-05 -9.01443e-09 4.19581e-09 
7.5951e-05 -9.75659e-09 3.31341e-09 
7.59563e-05 -1.04548e-08 2.26357e-09 
7.59594e-05 -1.10911e-08 1.03149e-09 
7.59601e-05 -1.15944e-08 -3.09515e-10 
7.59582e-05 -1.19833e-08 -1.7447e-09 
7.59537e-05 -1.2237e-08 -3.17347e-09 
7.59467e-05 -1.23322e-08 -4.33685e-09 
7.5938e-05 -1.22917e-08 -4.91081e-09 
7.59286e-05 -1.217e-08 -4.54747e-09 
7.56215e-05 1.06352e-08 -4.84041e-09 
7.56118e-05 1.07523e-08 -4.98906e-09 
7.56029e-05 1.0832e-08 -4.55083e-09 
7.55952e-05 1.08026e-08 -3.61133e-09 
7.55895e-05 1.06661e-08 -2.4807e-09 
7.55859e-05 1.04477e-08 -1.31204e-09 
7.55844e-05 1.0122e-08 -2.18744e-10 
7.55849e-05 9.71784e-09 7.74485e-10 
7.55871e-05 9.2666e-09 1.65121e-09 
7.55909e-05 8.76793e-09 2.41175e-09 
7.55961e-05 8.23563e-09 3.04633e-09 
7.56024e-05 7.69456e-09 3.59439e-09 
7.56098e-05 7.14637e-09 4.08507e-09 
7.5618e-05 6.59724e-09 4.46044e-09 
7.5627e-05 6.05085e-09 4.77248e-09 
7.56366e-05 5.49886e-09 5.039e-09 
7.56467e-05 4.9728e-09 5.23439e-09 
7.56572e-05 4.483e-09 5.29524e-09 
7.56681e-05 4.11377e-09 5.04462e-09 
7.56791e-05 4.08466e-09 3.74456e-09 
7.56902e-05 8.29213e-09 4.08246e-10 
7.56833e-05 2.42005e-08 -3.60948e-08 
7.56808e-05 2.4996e-07 5.14915e-09 
7.65963e-05 2.58134e-06 5.82518e-07 
7.76281e-05 1.5836e-05 1.11615e-06 
7.65993e-05 7.46755e-06 -1.44645e-06 
7.61466e-05 8.43471e-07 4.86827e-07 
7.57329e-05 7.44163e-08 3.13886e-08 
7.57759e-05 1.06638e-08 6.80828e-08 
7.58016e-05 1.66018e-10 1.69498e-08 
7.58158e-05 -1.51623e-09 1.05971e-08 
7.58292e-05 -2.30782e-09 7.70268e-09 
7.58422e-05 -2.90746e-09 6.83095e-09 
7.58548e-05 -3.52151e-09 6.46813e-09 
7.58672e-05 -4.16178e-09 6.22833e-09 
7.58791e-05 -4.80891e-09 5.96977e-09 
7.58904e-05 -5.48617e-09 5.6525e-09 
7.5901e-05 -6.18678e-09 5.26654e-09 
7.59107e-05 -6.8905e-09 4.77072e-09 
7.59193e-05 -7.59017e-09 4.15012e-09 
7.59265e-05 -8.25554e-09 3.42297e-09 
7.59322e-05 -8.88014e-09 2.57386e-09 
7.59362e-05 -9.45058e-09 1.56496e-09 
7.59381e-05 -9.94671e-09 4.27876e-10 
7.59378e-05 -1.03619e-08 -7.79803e-10 
7.59351e-05 -1.06509e-08 -2.07877e-09 
7.59301e-05 -1.08118e-08 -3.33958e-09 
7.59229e-05 -1.08405e-08 -4.33187e-09 
7.59144e-05 -1.0767e-08 -4.76865e-09 
7.59055e-05 -1.06513e-08 -4.31331e-09 
7.56419e-05 9.38605e-09 -4.6274e-09 
7.56325e-05 9.51148e-09 -4.83579e-09 
7.56238e-05 9.60853e-09 -4.49792e-09 
7.56161e-05 9.60776e-09 -3.70495e-09 
7.56101e-05 9.51906e-09 -2.66777e-09 
7.56061e-05 9.35314e-09 -1.60159e-09 
7.5604e-05 9.11556e-09 -6.04381e-10 
7.56037e-05 8.8059e-09 3.26084e-10 
7.5605e-05 8.42761e-09 1.14273e-09 
7.56078e-05 8.01146e-09 1.87531e-09 
7.5612e-05 7.57134e-09 2.50074e-09 
7.56172e-05 7.10401e-09 3.04628e-09 
7.56235e-05 6.6257e-09 3.53355e-09 
7.56307e-05 6.13836e-09 3.92718e-09 
7.56386e-05 5.66025e-09 4.24722e-09 
7.56471e-05 5.18079e-09 4.52527e-09 
7.56562e-05 4.70723e-09 4.74229e-09 
7.56657e-05 4.22593e-09 4.79991e-09 
7.56757e-05 3.66832e-09 4.53106e-09 
7.56857e-05 2.78353e-09 2.63402e-09 
7.56974e-05 -1.85209e-09 2.66365e-09 
7.56846e-05 -1.49148e-08 -6.76465e-08 
7.58366e-05 -1.40151e-07 3.17983e-07 
7.71421e-05 -8.24001e-08 -6.62933e-07 
7.16106e-05 9.12597e-06 4.87783e-08 
7.56454e-05 4.90341e-06 6.75591e-07 
7.65309e-05 -1.32918e-07 -4.59039e-07 
7.59525e-05 -1.15583e-07 -1.08803e-07 
7.57861e-05 -2.37806e-08 6.52994e-09 
7.58035e-05 -5.0929e-09 8.08434e-09 
7.58135e-05 -2.24673e-09 6.33171e-09 
7.58252e-05 -2.28511e-09 6.25926e-09 
7.58368e-05 -2.76273e-09 5.98727e-09 
7.58483e-05 -3.31368e-09 5.79833e-09 
7.58593e-05 -3.90289e-09 5.58081e-09 
7.58699e-05 -4.51704e-09 5.31649e-09 
7.58799e-05 -5.12502e-09 4.97916e-09 
7.58892e-05 -5.726e-09 4.58077e-09 
7.58975e-05 -6.32975e-09 4.06869e-09 
7.59047e-05 -6.93077e-09 3.4583e-09 
7.59107e-05 -7.49404e-09 2.75984e-09 
7.59152e-05 -8.02319e-09 1.9453e-09 
7.5918e-05 -8.49987e-09 1.00836e-09 
7.59189e-05 -8.90483e-09 -5.2949e-11 
7.59178e-05 -9.22176e-09 -1.15981e-09 
7.59146e-05 -9.44556e-09 -2.31363e-09 
7.59092e-05 -9.54089e-09 -3.42203e-09 
7.59021e-05 -9.5418e-09 -4.28441e-09 
7.58938e-05 -9.45604e-09 -4.61748e-09 
7.58852e-05 -9.33357e-09 -4.09133e-09 
7.56598e-05 8.25705e-09 -4.4114e-09 
7.56508e-05 8.394e-09 -4.67218e-09 
7.56423e-05 8.48882e-09 -4.42548e-09 
7.56346e-05 8.5293e-09 -3.72846e-09 
7.56285e-05 8.50632e-09 -2.79602e-09 
7.56242e-05 8.39015e-09 -1.82026e-09 
7.56216e-05 8.20447e-09 -8.97461e-10 
7.56207e-05 7.94648e-09 -5.5984e-11 
7.56213e-05 7.63704e-09 7.29522e-10 
7.56233e-05 7.30595e-09 1.43737e-09 
7.56265e-05 6.92669e-09 2.02265e-09 
7.56309e-05 6.52731e-09 2.56832e-09 
7.56362e-05 6.11451e-09 3.04535e-09 
7.56424e-05 5.68098e-09 3.44757e-09 
7.56494e-05 5.26191e-09 3.79492e-09 
7.5657e-05 4.84124e-09 4.07833e-09 
7.56652e-05 4.40513e-09 4.33129e-09 
7.56739e-05 3.97806e-09 4.50019e-09 
7.5683e-05 3.5343e-09 4.43439e-09 
7.56925e-05 3.095e-09 4.45334e-09 
7.57026e-05 1.72614e-09 9.45612e-10 
7.57045e-05 3.00087e-09 2.49132e-10 
7.6079e-05 -4.0042e-08 3.00461e-07 
7.57851e-05 -7.97527e-09 -9.01611e-07 
7.38345e-05 7.46521e-06 -5.90285e-08 
7.35391e-05 6.24894e-06 4.78126e-07 
7.61248e-05 5.78252e-07 1.66074e-07 
7.56323e-05 3.36869e-09 3.75724e-08 
7.57654e-05 -7.50843e-10 6.21047e-08 
7.57969e-05 -9.95451e-10 1.11269e-08 
7.58096e-05 -1.62425e-09 8.44536e-09 
7.58209e-05 -2.07999e-09 6.20873e-09 
7.58316e-05 -2.5981e-09 5.63913e-09 
7.5842e-05 -3.1095e-09 5.29899e-09 
7.58519e-05 -3.64353e-09 5.01122e-09 
7.58614e-05 -4.1858e-09 4.72196e-09 
7.58702e-05 -4.73647e-09 4.38603e-09 
7.58782e-05 -5.27377e-09 3.98239e-09 
7.58854e-05 -5.8059e-09 3.45572e-09 
7.58914e-05 -6.31094e-09 2.86625e-09 
7.58963e-05 -6.79232e-09 2.20045e-09 
7.58997e-05 -7.23539e-09 1.41843e-09 
7.59016e-05 -7.64075e-09 5.27151e-10 
7.59017e-05 -7.97593e-09 -4.26644e-10 
7.58999e-05 -8.20312e-09 -1.43157e-09 
7.58963e-05 -8.34459e-09 -2.47428e-09 
7.58908e-05 -8.40886e-09 -3.46325e-09 
7.58837e-05 -8.39211e-09 -4.21734e-09 
7.58756e-05 -8.28647e-09 -4.44427e-09 
7.58674e-05 -8.15602e-09 -3.87534e-09 
7.56755e-05 7.26959e-09 -4.19647e-09 
7.5667e-05 7.40286e-09 -4.50425e-09 
7.56587e-05 7.51454e-09 -4.33898e-09 
7.56512e-05 7.57174e-09 -3.7018e-09 
7.5645e-05 7.57194e-09 -2.86404e-09 
7.56405e-05 7.49563e-09 -1.98452e-09 
7.56375e-05 7.36109e-09 -1.13085e-09 
7.56361e-05 7.17022e-09 -3.5091e-10 
7.56361e-05 6.93393e-09 3.89024e-10 
7.56374e-05 6.62937e-09 1.04758e-09 
7.56399e-05 6.30912e-09 1.62867e-09 
7.56435e-05 5.99284e-09 2.16799e-09 
7.5648e-05 5.6305e-09 2.60719e-09 
7.56534e-05 5.24856e-09 3.01699e-09 
7.56595e-05 4.86878e-09 3.38606e-09 
7.56663e-05 4.49638e-09 3.64736e-09 
7.56736e-05 4.11206e-09 3.86859e-09 
7.56815e-05 3.73391e-09 3.92849e-09 
7.56897e-05 3.44896e-09 3.56382e-09 
7.56982e-05 3.53918e-09 1.85847e-09 
7.57046e-05 7.37684e-09 -4.0225e-09 
7.57064e-05 2.5232e-08 -3.12154e-08 
7.56906e-05 2.21747e-07 -4.06348e-08 
7.65851e-05 2.0297e-06 6.58872e-07 
7.72839e-05 1.29921e-05 -1.17785e-07 
7.54183e-05 3.31464e-06 -9.54823e-07 
7.58821e-05 -2.18584e-07 5.58294e-07 
7.59295e-05 -1.21797e-07 -1.32709e-07 
7.57824e-05 -1.00093e-08 1.75627e-08 
7.57982e-05 -4.38211e-09 7.56749e-09 
7.58072e-05 -1.82759e-09 5.82364e-09 
7.58171e-05 -2.03804e-09 5.30708e-09 
7.58267e-05 -2.44268e-09 4.97689e-09 
7.58361e-05 -2.92639e-09 4.75092e-09 
7.5845e-05 -3.40085e-09 4.48431e-09 
7.58534e-05 -3.88081e-09 4.18643e-09 
7.58611e-05 -4.36379e-09 3.84188e-09 
7.58681e-05 -4.84574e-09 3.43795e-09 
7.58742e-05 -5.30819e-09 2.93404e-09 
7.58793e-05 -5.74006e-09 2.36178e-09 
7.58831e-05 -6.15826e-09 1.71035e-09 
7.58857e-05 -6.54196e-09 9.75117e-10 
7.58868e-05 -6.85588e-09 1.52498e-10 
7.58862e-05 -7.09098e-09 -7.18349e-10 
7.58841e-05 -7.27809e-09 -1.62993e-09 
7.58802e-05 -7.39036e-09 -2.58063e-09 
7.58746e-05 -7.41846e-09 -3.46862e-09 
7.58675e-05 -7.35576e-09 -4.11461e-09 
7.58597e-05 -7.24352e-09 -4.26836e-09 
7.58519e-05 -7.11925e-09 -3.66969e-09 
7.56894e-05 6.37609e-09 -3.99782e-09 
7.56812e-05 6.50957e-09 -4.32507e-09 
7.56732e-05 6.6373e-09 -4.22299e-09 
7.56658e-05 6.70573e-09 -3.66256e-09 
7.56597e-05 6.7134e-09 -2.90568e-09 
7.5655e-05 6.6702e-09 -2.09585e-09 
7.56518e-05 6.57038e-09 -1.30274e-09 
7.565e-05 6.43502e-09 -5.68763e-10 
7.56495e-05 6.25407e-09 1.05363e-10 
7.56503e-05 6.01683e-09 7.15016e-10 
7.56521e-05 5.7581e-09 1.30376e-09 
7.5655e-05 5.45731e-09 1.8071e-09 
7.56589e-05 5.13725e-09 2.22688e-09 
7.56635e-05 4.81852e-09 2.63966e-09 
7.56689e-05 4.48063e-09 3.00664e-09 
7.56749e-05 4.1339e-09 3.28171e-09 
7.56815e-05 3.80013e-09 3.47741e-09 
7.56886e-05 3.44783e-09 3.50106e-09 
7.56961e-05 3.1125e-09 2.97505e-09 
7.57038e-05 2.89146e-09 8.4498e-10 
7.57132e-05 4.00536e-09 -4.48363e-09 
7.56926e-05 8.79924e-09 -6.38285e-08 
7.59389e-05 1.37606e-07 2.47131e-07 
7.70798e-05 1.2928e-06 -2.78231e-07 
7.52736e-05 1.5091e-05 8.532e-07 
7.78062e-05 1.81295e-06 -8.697e-07 
7.56111e-05 -4.16841e-08 8.1307e-08 
7.57536e-05 -6.64648e-08 7.55298e-08 
7.57837e-05 -1.17193e-08 1.45162e-08 
7.57933e-05 -2.67445e-09 9.34353e-09 
7.5804e-05 -1.75429e-09 5.95461e-09 
7.58133e-05 -1.8841e-09 4.96265e-09 
7.58221e-05 -2.27612e-09 4.54721e-09 
7.58305e-05 -2.70564e-09 4.29177e-09 
7.58385e-05 -3.14596e-09 4.01551e-09 
7.58459e-05 -3.57874e-09 3.71433e-09 
7.58527e-05 -3.99486e-09 3.36924e-09 
7.58588e-05 -4.4154e-09 2.95913e-09 
7.5864e-05 -4.82678e-09 2.47203e-09 
7.58681e-05 -5.21923e-09 1.92001e-09 
7.58712e-05 -5.56458e-09 1.30142e-09 
7.5873e-05 -5.8589e-09 6.13649e-10 
7.58735e-05 -6.10982e-09 -1.34881e-10 
7.58725e-05 -6.30583e-09 -9.35633e-10 
7.587e-05 -6.44073e-09 -1.79284e-09 
7.58659e-05 -6.52098e-09 -2.65062e-09 
7.58602e-05 -6.51988e-09 -3.42529e-09 
7.58534e-05 -6.44715e-09 -3.99139e-09 
7.58458e-05 -6.32227e-09 -4.09164e-09 
7.58384e-05 -6.20336e-09 -3.47881e-09 
7.57015e-05 5.55656e-09 -3.80071e-09 
7.56937e-05 5.6936e-09 -4.14656e-09 
7.5686e-05 5.81393e-09 -4.09347e-09 
7.56788e-05 5.91305e-09 -3.59866e-09 
7.56727e-05 5.94995e-09 -2.91268e-09 
7.56679e-05 5.93163e-09 -2.16957e-09 
7.56645e-05 5.86713e-09 -1.43218e-09 
7.56625e-05 5.75212e-09 -7.44526e-10 
7.56616e-05 5.58814e-09 -1.19137e-10 
7.56619e-05 5.41776e-09 4.66034e-10 
7.56633e-05 5.19788e-09 1.00726e-09 
7.56656e-05 4.9486e-09 1.48686e-09 
7.56688e-05 4.68899e-09 1.91034e-09 
7.56728e-05 4.40932e-09 2.31651e-09 
7.56775e-05 4.11901e-09 2.66352e-09 
7.56829e-05 3.80982e-09 2.94661e-09 
7.56888e-05 3.49168e-09 3.15559e-09 
7.56952e-05 3.17077e-09 3.18646e-09 
7.5702e-05 2.84089e-09 2.69949e-09 
7.5709e-05 2.3864e-09 3.03394e-10 
7.57182e-05 1.05785e-09 -3.97852e-09 
7.56896e-05 -1.84776e-09 -8.5901e-08 
7.59308e-05 -9.52442e-09 3.17645e-07 
7.72634e-05 1.58943e-06 -5.59756e-07 
7.21482e-05 1.78457e-05 1.8968e-07 
7.70617e-05 -7.93398e-07 9.31875e-08 
7.62314e-05 1.53382e-07 -5.67776e-07 
7.57456e-05 4.01737e-08 8.11337e-09 
7.57882e-05 7.77034e-09 -1.90357e-09 
7.57938e-05 6.81365e-10 1.87759e-09 
7.58017e-05 -1.05751e-09 3.82613e-09 
7.58099e-05 -1.67316e-09 4.03561e-09 
7.58178e-05 -2.09184e-09 3.98958e-09 
7.58254e-05 -2.48303e-09 3.8262e-09 
7.58325e-05 -2.87199e-09 3.57503e-09 
7.58391e-05 -3.26138e-09 3.29079e-09 
7.5845e-05 -3.64525e-09 2.94251e-09 
7.58503e-05 -4.01544e-09 2.53762e-09 
7.58547e-05 -4.35494e-09 2.06874e-09 
7.58581e-05 -4.67736e-09 1.53695e-09 
7.58604e-05 -4.97323e-09 9.6891e-10 
7.58617e-05 -5.22816e-09 3.27865e-10 
7.58616e-05 -5.43954e-09 -3.83697e-10 
7.58602e-05 -5.60757e-09 -1.1126e-09 
7.58575e-05 -5.69851e-09 -1.88486e-09 
7.58532e-05 -5.71638e-09 -2.67303e-09 
7.58476e-05 -5.688e-09 -3.37224e-09 
7.58409e-05 -5.61316e-09 -3.85893e-09 
7.58337e-05 -5.48767e-09 -3.90711e-09 
7.58267e-05 -5.36123e-09 -3.29668e-09 
7.5712e-05 4.82339e-09 -3.61661e-09 
7.57046e-05 4.94165e-09 -3.97498e-09 
7.56972e-05 5.07099e-09 -3.94884e-09 
7.56902e-05 5.18047e-09 -3.499e-09 
7.56842e-05 5.23665e-09 -2.9035e-09 
7.56794e-05 5.24506e-09 -2.20031e-09 
7.5676e-05 5.22091e-09 -1.51311e-09 
7.56737e-05 5.13779e-09 -9.06845e-10 
7.56725e-05 5.00516e-09 -3.02179e-10 
7.56724e-05 4.84385e-09 2.56588e-10 
7.56733e-05 4.66043e-09 7.58118e-10 
7.56752e-05 4.45949e-09 1.23467e-09 
7.56779e-05 4.24603e-09 1.63738e-09 
7.56813e-05 4.00495e-09 2.01831e-09 
7.56855e-05 3.73998e-09 2.36978e-09 
7.56902e-05 3.47909e-09 2.63404e-09 
7.56955e-05 3.18507e-09 2.8247e-09 
7.57013e-05 2.89181e-09 2.8445e-09 
7.57074e-05 2.51711e-09 2.33092e-09 
7.57137e-05 1.80735e-09 -3.10717e-10 
7.572e-05 -3.04891e-09 -4.34749e-09 
7.57025e-05 -1.42388e-08 -7.78042e-08 
7.58948e-05 -1.91319e-07 3.09013e-07 
7.6534e-05 -1.58842e-07 -1.40606e-06 
7.06254e-05 9.84715e-06 2.01934e-07 
7.62755e-05 9.60989e-07 1.03103e-06 
7.58515e-05 4.92433e-09 -2.0854e-07 
7.57747e-05 -1.68988e-08 5.9902e-08 
7.57856e-05 -2.28715e-09 5.69691e-09 
7.57912e-05 -1.78039e-09 6.7146e-09 
7.5799e-05 -1.33525e-09 4.62211e-09 
7.58065e-05 -1.6102e-09 4.06914e-09 
7.58138e-05 -1.93989e-09 3.72279e-09 
7.58206e-05 -2.29639e-09 3.47744e-09 
7.5827e-05 -2.63849e-09 3.20815e-09 
7.58328e-05 -2.97884e-09 2.90118e-09 
7.5838e-05 -3.32582e-09 2.55966e-09 
7.58425e-05 -3.64316e-09 2.18311e-09 
7.58462e-05 -3.93463e-09 1.73892e-09 
7.5849e-05 -4.1963e-09 1.22055e-09 
7.58508e-05 -4.44256e-09 6.75834e-10 
7.58515e-05 -4.65412e-09 8.16565e-11 
7.5851e-05 -4.82671e-09 -5.78529e-10 
7.58494e-05 -4.94387e-09 -1.24348e-09 
7.58464e-05 -5.00895e-09 -1.94183e-09 
7.58421e-05 -5.02652e-09 -2.65921e-09 
7.58366e-05 -4.97468e-09 -3.28624e-09 
7.58301e-05 -4.87037e-09 -3.72546e-09 
7.58232e-05 -4.74944e-09 -3.72475e-09 
7.58165e-05 -4.61676e-09 -3.10718e-09 
7.57212e-05 4.17087e-09 -3.4521e-09 
7.57141e-05 4.29415e-09 -3.79921e-09 
7.57069e-05 4.43036e-09 -3.79799e-09 
7.57002e-05 4.53032e-09 -3.39993e-09 
7.56944e-05 4.6002e-09 -2.85622e-09 
7.56896e-05 4.62729e-09 -2.20599e-09 
7.56861e-05 4.60567e-09 -1.57392e-09 
7.56837e-05 4.54947e-09 -1.00821e-09 
7.56823e-05 4.47029e-09 -4.52545e-10 
7.56819e-05 4.34191e-09 7.20034e-11 
7.56824e-05 4.18217e-09 5.49193e-10 
7.56838e-05 4.00078e-09 1.0095e-09 
7.56861e-05 3.81615e-09 1.41691e-09 
7.56891e-05 3.61914e-09 1.76297e-09 
7.56927e-05 3.3862e-09 2.10186e-09 
7.56969e-05 3.1302e-09 2.38108e-09 
7.57017e-05 2.88588e-09 2.63261e-09 
7.57069e-05 2.63724e-09 2.86768e-09 
7.57127e-05 2.35506e-09 2.9379e-09 
7.57188e-05 1.99218e-09 3.18286e-09 
7.57257e-05 9.54919e-10 1.17736e-09 
7.5727e-05 -2.53865e-09 1.49698e-09 
7.61174e-05 -2.31161e-08 3.46508e-07 
7.56211e-05 -1.45905e-07 -1.22609e-06 
7.32913e-05 8.00882e-06 6.07483e-07 
7.61616e-05 5.84527e-07 6.54022e-07 
7.61047e-05 -8.83625e-08 -2.95123e-07 
7.58008e-05 2.52068e-08 -9.28358e-09 
7.57899e-05 9.24295e-10 -7.16214e-10 
7.57909e-05 2.21922e-10 2.49019e-09 
7.57969e-05 -1.00593e-09 3.49741e-09 
7.58036e-05 -1.41723e-09 3.44294e-09 
7.58101e-05 -1.76175e-09 3.30025e-09 
7.58162e-05 -2.08361e-09 3.10399e-09 
7.58219e-05 -2.39229e-09 2.87321e-09 
7.58271e-05 -2.68051e-09 2.56458e-09 
7.58316e-05 -2.96443e-09 2.22447e-09 
7.58354e-05 -3.24875e-09 1.86031e-09 
7.58386e-05 -3.52435e-09 1.43859e-09 
7.58408e-05 -3.75935e-09 9.61247e-10 
7.58421e-05 -3.94969e-09 4.44995e-10 
7.58425e-05 -4.12252e-09 -1.17631e-10 
7.58417e-05 -4.25172e-09 -7.25541e-10 
7.58398e-05 -4.32407e-09 -1.3258e-09 
7.58367e-05 -4.36205e-09 -1.98082e-09 
7.58324e-05 -4.3619e-09 -2.64178e-09 
7.5827e-05 -4.31318e-09 -3.17934e-09 
7.58208e-05 -4.20495e-09 -3.57506e-09 
7.58141e-05 -4.07668e-09 -3.54911e-09 
7.58078e-05 -3.9604e-09 -2.92625e-09 
7.5729e-05 3.56303e-09 -3.28521e-09 
7.57223e-05 3.68435e-09 -3.61735e-09 
7.57155e-05 3.818e-09 -3.65075e-09 
7.5709e-05 3.92233e-09 -3.29257e-09 
7.57033e-05 4.00524e-09 -2.78765e-09 
7.56986e-05 4.04739e-09 -2.19973e-09 
7.5695e-05 4.0352e-09 -1.62216e-09 
7.56925e-05 3.99533e-09 -1.07866e-09 
7.56909e-05 3.94596e-09 -5.46864e-10 
7.56903e-05 3.86008e-09 -8.14497e-11 
7.56905e-05 3.7313e-09 3.69939e-10 
7.56916e-05 3.584e-09 8.17043e-10 
7.56935e-05 3.41273e-09 1.21587e-09 
7.56961e-05 3.24239e-09 1.55268e-09 
7.56993e-05 3.04857e-09 1.84433e-09 
7.5703e-05 2.82689e-09 2.12502e-09 
7.57073e-05 2.62155e-09 2.37378e-09 
7.5712e-05 2.40649e-09 2.51939e-09 
7.57172e-05 2.26772e-09 2.44072e-09 
7.57227e-05 2.44785e-09 1.58362e-09 
7.57263e-05 6.31003e-09 -1.14885e-09 
7.57223e-05 2.28548e-08 -2.86438e-08 
7.56964e-05 2.40536e-07 2.65541e-08 
7.67424e-05 2.5119e-06 6.44189e-07 
7.66523e-05 1.5552e-05 5.74121e-07 
7.66441e-05 1.20753e-06 -6.83073e-07 
7.59434e-05 -3.58008e-07 -2.91203e-07 
7.57374e-05 -8.75447e-08 3.60771e-08 
7.57837e-05 -1.91871e-08 6.5185e-10 
7.57882e-05 -3.67188e-09 3.59775e-09 
7.57946e-05 -1.50416e-09 3.45915e-09 
7.58008e-05 -1.37909e-09 3.29554e-09 
7.58067e-05 -1.6076e-09 3.04819e-09 
7.58122e-05 -1.872e-09 2.81552e-09 
7.58173e-05 -2.15283e-09 2.57497e-09 
7.58218e-05 -2.41571e-09 2.28274e-09 
7.58258e-05 -2.65584e-09 1.94429e-09 
7.58291e-05 -2.88884e-09 1.57641e-09 
7.58317e-05 -3.11841e-09 1.16975e-09 
7.58335e-05 -3.32502e-09 7.43968e-10 
7.58344e-05 -3.4915e-09 2.53618e-10 
7.58344e-05 -3.62371e-09 -2.82014e-10 
7.58334e-05 -3.71627e-09 -8.22215e-10 
7.58313e-05 -3.7776e-09 -1.38374e-09 
7.58282e-05 -3.8012e-09 -1.99112e-09 
7.5824e-05 -3.77604e-09 -2.59473e-09 
7.58187e-05 -3.70997e-09 -3.08151e-09 
7.58127e-05 -3.60669e-09 -3.41287e-09 
7.58064e-05 -3.45738e-09 -3.37004e-09 
7.58004e-05 -3.34982e-09 -2.77124e-09 
7.57357e-05 3.00161e-09 -3.12903e-09 
7.57293e-05 3.11688e-09 -3.44227e-09 
7.57228e-05 3.2526e-09 -3.49933e-09 
7.57165e-05 3.35611e-09 -3.18365e-09 
7.5711e-05 3.44444e-09 -2.69563e-09 
7.57065e-05 3.50463e-09 -2.17379e-09 
7.57029e-05 3.52067e-09 -1.64554e-09 
7.57003e-05 3.51043e-09 -1.12073e-09 
7.56986e-05 3.45833e-09 -6.24944e-10 
7.56978e-05 3.38897e-09 -1.92832e-10 
7.56978e-05 3.30011e-09 2.32548e-10 
7.56986e-05 3.18461e-09 6.47874e-10 
7.57001e-05 3.04529e-09 1.03568e-09 
7.57024e-05 2.88349e-09 1.36209e-09 
7.57052e-05 2.71026e-09 1.63232e-09 
7.57085e-05 2.5532e-09 1.91162e-09 
7.57124e-05 2.36675e-09 2.11205e-09 
7.57167e-05 2.16099e-09 2.15374e-09 
7.57214e-05 1.97883e-09 1.7722e-09 
7.57261e-05 1.92995e-09 -1.62931e-10 
7.57345e-05 2.84145e-09 -2.91956e-09 
7.57018e-05 7.18993e-09 -7.1654e-08 
7.59696e-05 8.24429e-08 3.11426e-07 
7.70517e-05 1.23119e-06 -4.98138e-07 
7.46644e-05 1.43674e-05 1.25941e-06 
7.78024e-05 2.17229e-06 -1.51553e-06 
7.53106e-05 2.0385e-07 1.58136e-07 
7.56927e-05 2.54127e-08 1.13003e-07 
7.57667e-05 3.95501e-09 1.80527e-08 
7.57848e-05 -2.74952e-10 7.67675e-09 
7.57922e-05 -8.2707e-10 4.35273e-09 
7.57982e-05 -1.17914e-09 3.25877e-09 
7.58036e-05 -1.44153e-09 2.85035e-09 
7.58085e-05 -1.68651e-09 2.55707e-09 
7.58131e-05 -1.92395e-09 2.303e-09 
7.58172e-05 -2.15446e-09 2.02886e-09 
7.58207e-05 -2.3737e-09 1.69935e-09 
7.58235e-05 -2.58391e-09 1.3379e-09 
7.58256e-05 -2.76755e-09 9.48297e-10 
7.5827e-05 -2.9256e-09 5.50664e-10 
7.58276e-05 -3.05924e-09 1.05087e-10 
7.58274e-05 -3.15808e-09 -3.94e-10 
7.58261e-05 -3.24094e-09 -9.10169e-10 
7.5824e-05 -3.28652e-09 -1.42512e-09 
7.58208e-05 -3.28696e-09 -1.97877e-09 
7.58166e-05 -3.23838e-09 -2.52115e-09 
7.58116e-05 -3.15058e-09 -2.97497e-09 
7.58058e-05 -3.04744e-09 -3.25003e-09 
7.57998e-05 -2.91123e-09 -3.18147e-09 
7.57942e-05 -2.79442e-09 -2.62805e-09 
7.57413e-05 2.49803e-09 -2.96604e-09 
7.57352e-05 2.62025e-09 -3.26976e-09 
7.5729e-05 2.74997e-09 -3.34295e-09 
7.5723e-05 2.87671e-09 -3.06326e-09 
7.57177e-05 2.96314e-09 -2.60699e-09 
7.57133e-05 3.02427e-09 -2.12894e-09 
7.57098e-05 3.05148e-09 -1.63544e-09 
7.57071e-05 3.04871e-09 -1.15714e-09 
7.57054e-05 3.01362e-09 -6.9309e-10 
7.57044e-05 2.96528e-09 -2.70807e-10 
7.57043e-05 2.90022e-09 1.25375e-10 
7.57048e-05 2.81127e-09 5.19971e-10 
7.57061e-05 2.68979e-09 8.7202e-10 
7.5708e-05 2.53789e-09 1.17608e-09 
7.57104e-05 2.39525e-09 1.4712e-09 
7.57134e-05 2.24973e-09 1.74193e-09 
7.57169e-05 2.08435e-09 1.91615e-09 
7.57208e-05 1.89785e-09 1.94714e-09 
7.5725e-05 1.58803e-09 1.55386e-09 
7.57296e-05 8.42065e-10 -6.07794e-10 
7.57339e-05 -4.41193e-09 -3.5461e-09 
7.57174e-05 -1.85191e-08 -7.64756e-08 
7.58766e-05 -1.76415e-07 3.09692e-07 
7.66634e-05 3.13088e-07 -1.24654e-06 
7.03312e-05 1.17295e-05 3.34011e-07 
7.70721e-05 7.80363e-07 7.39787e-07 
7.59799e-05 6.65995e-07 -3.19783e-07 
7.57497e-05 1.89831e-07 6.26606e-08 
7.5785e-05 3.25203e-08 -3.45827e-10 
7.5784e-05 4.90519e-09 5.96847e-09 
7.57908e-05 -4.96651e-11 3.40357e-09 
7.57959e-05 -9.26417e-10 2.92073e-09 
7.58008e-05 -1.25195e-09 2.56384e-09 
7.58053e-05 -1.49076e-09 2.31503e-09 
7.58093e-05 -1.69534e-09 2.06701e-09 
7.5813e-05 -1.89919e-09 1.79783e-09 
7.5816e-05 -2.09218e-09 1.4757e-09 
7.58185e-05 -2.26903e-09 1.13374e-09 
7.58202e-05 -2.41824e-09 7.77143e-10 
7.58213e-05 -2.54621e-09 4.04224e-10 
7.58217e-05 -2.64942e-09 -2.10828e-11 
7.58212e-05 -2.74689e-09 -4.99579e-10 
7.58198e-05 -2.79961e-09 -9.66034e-10 
7.58176e-05 -2.81624e-09 -1.43674e-09 
7.58144e-05 -2.79046e-09 -1.93675e-09 
7.58104e-05 -2.72925e-09 -2.43178e-09 
7.58055e-05 -2.65208e-09 -2.85894e-09 
7.58e-05 -2.54303e-09 -3.10298e-09 
7.57943e-05 -2.42446e-09 -3.0093e-09 
7.5789e-05 -2.31591e-09 -2.4734e-09 
7.57459e-05 2.03405e-09 -2.79718e-09 
7.57401e-05 2.15692e-09 -3.10956e-09 
7.57342e-05 2.28881e-09 -3.17735e-09 
7.57285e-05 2.41681e-09 -2.92673e-09 
7.57234e-05 2.50663e-09 -2.52512e-09 
7.57191e-05 2.55952e-09 -2.07268e-09 
7.57157e-05 2.59936e-09 -1.61921e-09 
7.57131e-05 2.61075e-09 -1.16695e-09 
7.57113e-05 2.6041e-09 -7.3518e-10 
7.57102e-05 2.56772e-09 -3.31932e-10 
7.57099e-05 2.51597e-09 4.33955e-11 
7.57103e-05 2.4363e-09 4.05744e-10 
7.57113e-05 2.33967e-09 7.29424e-10 
7.57129e-05 2.23739e-09 1.03879e-09 
7.57151e-05 2.12849e-09 1.32925e-09 
7.57178e-05 1.98153e-09 1.58637e-09 
7.5721e-05 1.83364e-09 1.81433e-09 
7.57246e-05 1.68924e-09 2.0088e-09 
7.57286e-05 1.52658e-09 2.08244e-09 
7.57328e-05 1.15067e-09 2.24274e-09 
7.57398e-05 -4.46521e-10 1.85368e-09 
7.57296e-05 -9.02209e-09 -1.04831e-08 
7.61338e-05 -9.37441e-08 3.86494e-07 
7.5932e-05 -1.40155e-07 -1.13926e-06 
7.33936e-05 7.59337e-06 6.10905e-07 
7.63698e-05 5.44311e-06 2.59942e-07 
7.61132e-05 7.13417e-07 -1.26109e-07 
7.59277e-05 1.40557e-07 -8.52346e-08 
7.57843e-05 1.88252e-08 1.52843e-09 
7.57863e-05 2.4239e-09 3.90406e-09 
7.57895e-05 -2.20538e-10 3.00208e-09 
7.5794e-05 -8.65495e-10 2.63009e-09 
7.57983e-05 -1.09705e-09 2.32007e-09 
7.58024e-05 -1.29157e-09 2.08514e-09 
7.5806e-05 -1.48443e-09 1.85212e-09 
7.58092e-05 -1.67161e-09 1.58693e-09 
7.58119e-05 -1.83535e-09 1.29053e-09 
7.5814e-05 -1.97007e-09 9.74378e-10 
7.58155e-05 -2.08745e-09 6.28955e-10 
7.58163e-05 -2.19685e-09 2.78552e-10 
7.58165e-05 -2.2885e-09 -1.27398e-10 
7.58158e-05 -2.35134e-09 -5.67302e-10 
7.58143e-05 -2.37546e-09 -9.91108e-10 
7.58121e-05 -2.37401e-09 -1.4326e-09 
7.5809e-05 -2.35204e-09 -1.88507e-09 
7.58051e-05 -2.30383e-09 -2.3541e-09 
7.58004e-05 -2.21338e-09 -2.73202e-09 
7.57951e-05 -2.08501e-09 -2.94059e-09 
7.57898e-05 -1.95736e-09 -2.85178e-09 
7.57847e-05 -1.85124e-09 -2.323e-09 
7.57496e-05 1.61567e-09 -2.63745e-09 
7.57441e-05 1.72417e-09 -2.94587e-09 
7.57385e-05 1.84321e-09 -3.02338e-09 
7.57331e-05 1.95833e-09 -2.78829e-09 
7.57283e-05 2.06117e-09 -2.43612e-09 
7.57241e-05 2.14182e-09 -2.00459e-09 
7.57208e-05 2.20742e-09 -1.57388e-09 
7.57182e-05 2.23708e-09 -1.16367e-09 
7.57163e-05 2.23388e-09 -7.64505e-10 
7.57152e-05 2.19593e-09 -3.87561e-10 
7.57148e-05 2.14375e-09 -2.98979e-11 
7.5715e-05 2.08606e-09 3.20214e-10 
7.57159e-05 2.03295e-09 6.32895e-10 
7.57173e-05 1.95301e-09 9.26854e-10 
7.57193e-05 1.85635e-09 1.19591e-09 
7.57217e-05 1.74219e-09 1.41564e-09 
7.57246e-05 1.61462e-09 1.6162e-09 
7.57279e-05 1.49428e-09 1.69038e-09 
7.57314e-05 1.38902e-09 1.43868e-09 
7.57352e-05 1.46049e-09 -2.58943e-10 
7.57367e-05 2.62601e-09 -3.06012e-09 
7.57382e-05 1.58267e-08 -4.04933e-08 
7.56206e-05 9.53323e-08 -3.13272e-08 
7.64693e-05 1.61037e-06 1.74023e-07 
7.61964e-05 1.11996e-05 1.1104e-06 
7.83073e-05 1.3103e-05 -1.26466e-07 
7.65436e-05 1.83401e-06 -2.04178e-07 
7.56844e-05 1.82666e-07 1.17154e-07 
7.57558e-05 1.18216e-08 6.70149e-08 
7.5779e-05 1.73393e-09 1.66637e-08 
7.57869e-05 -5.67824e-10 6.83354e-09 
7.57918e-05 -8.17506e-10 3.59462e-09 
7.57961e-05 -9.94292e-10 2.48536e-09 
7.57998e-05 -1.15107e-09 1.99791e-09 
7.58031e-05 -1.30419e-09 1.6911e-09 
7.5806e-05 -1.44701e-09 1.41795e-09 
7.58083e-05 -1.58052e-09 1.13776e-09 
7.58101e-05 -1.69304e-09 8.46674e-10 
7.58114e-05 -1.78662e-09 5.14675e-10 
7.5812e-05 -1.87916e-09 1.64853e-10 
7.5812e-05 -1.959e-09 -2.0647e-10 
7.58112e-05 -1.99143e-09 -6.09676e-10 
7.58097e-05 -2.00443e-09 -9.96308e-10 
7.58075e-05 -1.98764e-09 -1.40969e-09 
7.58044e-05 -1.95282e-09 -1.83994e-09 
7.58007e-05 -1.88309e-09 -2.25586e-09 
7.57962e-05 -1.77736e-09 -2.58788e-09 
7.57912e-05 -1.66189e-09 -2.78591e-09 
7.57861e-05 -1.54222e-09 -2.69175e-09 
7.57814e-05 -1.43716e-09 -2.17875e-09 
7.57525e-05 1.222e-09 -2.49419e-09 
7.57473e-05 1.31647e-09 -2.79912e-09 
7.5742e-05 1.44319e-09 -2.86924e-09 
7.57368e-05 1.56479e-09 -2.65073e-09 
7.57322e-05 1.67803e-09 -2.31831e-09 
7.57283e-05 1.76845e-09 -1.91891e-09 
7.5725e-05 1.82147e-09 -1.52407e-09 
7.57225e-05 1.86009e-09 -1.14307e-09 
7.57207e-05 1.86492e-09 -7.86666e-10 
7.57195e-05 1.84841e-09 -4.31677e-10 
7.5719e-05 1.83119e-09 -7.76663e-11 
7.57191e-05 1.79879e-09 2.55553e-10 
7.57199e-05 1.72402e-09 5.46739e-10 
7.57211e-05 1.64403e-09 8.24344e-10 
7.57229e-05 1.56016e-09 1.09364e-09 
7.57251e-05 1.47913e-09 1.3046e-09 
7.57277e-05 1.37346e-09 1.52121e-09 
7.57308e-05 1.2508e-09 1.69565e-09 
7.57342e-05 1.09368e-09 1.66315e-09 
7.57379e-05 7.97365e-10 1.67169e-09 
7.5743e-05 -5.69448e-10 -1.07062e-09 
7.57395e-05 -7.49777e-09 -1.89856e-09 
7.60674e-05 -1.50214e-08 2.46637e-07 
7.57777e-05 -3.8849e-07 -8.19137e-07 
7.54426e-05 7.73217e-06 1.20102e-06 
7.44468e-05 1.53976e-05 1.51463e-07 
7.75984e-05 8.88602e-07 -7.09712e-07 
7.6047e-05 1.39866e-07 -3.07145e-07 
7.5762e-05 1.43169e-08 3.24954e-08 
7.5785e-05 2.85779e-09 4.98582e-09 
7.57869e-05 6.50605e-11 3.31448e-09 
7.57906e-05 -5.5751e-10 2.58391e-09 
7.57942e-05 -7.93692e-10 2.06207e-09 
7.57976e-05 -9.53846e-10 1.76233e-09 
7.58006e-05 -1.09302e-09 1.52135e-09 
7.58031e-05 -1.2172e-09 1.2675e-09 
7.58052e-05 -1.32877e-09 1.00504e-09 
7.58068e-05 -1.42309e-09 7.3758e-10 
7.58079e-05 -1.51124e-09 4.12484e-10 
7.58083e-05 -1.58027e-09 7.20253e-11 
7.58081e-05 -1.62209e-09 -2.5839e-10 
7.58073e-05 -1.64132e-09 -6.23753e-10 
7.58058e-05 -1.64436e-09 -1.00023e-09 
7.58036e-05 -1.6389e-09 -1.38211e-09 
7.58007e-05 -1.59001e-09 -1.76661e-09 
7.5797e-05 -1.506e-09 -2.14556e-09 
7.57928e-05 -1.40784e-09 -2.45717e-09 
7.57881e-05 -1.29399e-09 -2.632e-09 
7.57833e-05 -1.16626e-09 -2.53615e-09 
7.57788e-05 -1.07352e-09 -2.04386e-09 
7.57546e-05 8.33859e-10 -2.36444e-09 
7.57497e-05 9.45977e-10 -2.63076e-09 
7.57447e-05 1.09977e-09 -2.70105e-09 
7.57398e-05 1.22624e-09 -2.51275e-09 
7.57354e-05 1.33073e-09 -2.20191e-09 
7.57317e-05 1.40416e-09 -1.84543e-09 
7.57286e-05 1.46415e-09 -1.47013e-09 
7.57261e-05 1.49579e-09 -1.11949e-09 
7.57243e-05 1.51967e-09 -7.83375e-10 
7.57232e-05 1.5418e-09 -4.41508e-10 
7.57226e-05 1.53571e-09 -9.82198e-11 
7.57227e-05 1.50402e-09 1.88036e-10 
7.57232e-05 1.44901e-09 4.61134e-10 
7.57243e-05 1.39186e-09 7.37467e-10 
7.57259e-05 1.31461e-09 9.96781e-10 
7.5728e-05 1.24505e-09 1.20177e-09 
7.57304e-05 1.17009e-09 1.35242e-09 
7.57332e-05 1.08229e-09 1.40389e-09 
7.57363e-05 1.10535e-09 1.07166e-09 
7.57396e-05 1.61666e-09 -4.86762e-10 
7.57411e-05 6.66929e-09 -6.11536e-09 
7.57336e-05 2.94487e-08 -3.50745e-08 
7.57201e-05 2.88506e-07 -4.6472e-08 
7.68472e-05 2.52876e-06 9.50988e-07 
7.87204e-05 1.64616e-05 5.34214e-07 
7.47299e-05 1.42142e-05 -1.70676e-06 
7.71707e-05 1.21985e-06 1.78824e-06 
7.6022e-05 1.17158e-08 -3.26172e-07 
7.57299e-05 -7.00644e-10 1.53116e-07 
7.57808e-05 -3.55976e-10 2.2764e-08 
7.57843e-05 -5.21214e-10 1.04753e-08 
7.57888e-05 -5.78878e-10 4.33955e-09 
7.57925e-05 -6.92371e-10 2.5127e-09 
7.57957e-05 -7.88494e-10 1.78838e-09 
7.57984e-05 -8.94809e-10 1.43024e-09 
7.58007e-05 -9.89671e-10 1.1598e-09 
7.58026e-05 -1.07906e-09 8.96666e-10 
7.5804e-05 -1.1699e-09 6.36687e-10 
7.58049e-05 -1.23499e-09 3.32184e-10 
7.58052e-05 -1.2767e-09 2.32382e-11 
7.5805e-05 -1.29875e-09 -2.90425e-10 
7.58041e-05 -1.31506e-09 -6.39297e-10 
7.58026e-05 -1.31663e-09 -9.95932e-10 
7.58004e-05 -1.29443e-09 -1.35056e-09 
7.57976e-05 -1.24692e-09 -1.68462e-09 
7.57941e-05 -1.16317e-09 -2.03292e-09 
7.57901e-05 -1.06168e-09 -2.32305e-09 
7.57857e-05 -9.35269e-10 -2.46912e-09 
7.57812e-05 -8.11163e-10 -2.38284e-09 
7.5777e-05 -7.08515e-10 -1.9126e-09 
7.57559e-05 4.99268e-10 -2.22369e-09 
7.57514e-05 6.14742e-10 -2.46127e-09 
7.57467e-05 7.40114e-10 -2.53208e-09 
7.57421e-05 8.67431e-10 -2.37485e-09 
7.57379e-05 9.73048e-10 -2.08938e-09 
7.57344e-05 1.07713e-09 -1.74855e-09 
7.57314e-05 1.14479e-09 -1.41926e-09 
7.5729e-05 1.18256e-09 -1.08997e-09 
7.57273e-05 1.22695e-09 -7.45734e-10 
7.57262e-05 1.2489e-09 -4.42332e-10 
7.57256e-05 1.23286e-09 -1.34173e-10 
7.57256e-05 1.21112e-09 1.47068e-10 
7.57261e-05 1.18988e-09 4.12002e-10 
7.57271e-05 1.1519e-09 6.68512e-10 
7.57285e-05 1.10167e-09 9.06314e-10 
7.57304e-05 1.03037e-09 1.12119e-09 
7.57327e-05 9.70517e-10 1.25428e-09 
7.57353e-05 8.95343e-10 1.25617e-09 
7.57382e-05 7.81264e-10 8.24463e-10 
7.57412e-05 5.85267e-10 -1.20626e-09 
7.57458e-05 2.90499e-10 -5.34656e-09 
7.57204e-05 -6.53065e-10 -6.94902e-08 
7.59275e-05 6.8851e-08 2.45856e-07 
7.78139e-05 1.42461e-06 3.76608e-07 
7.44453e-05 1.72837e-05 -5.82444e-07 
7.19259e-05 7.187e-06 -9.83405e-07 
7.61564e-05 -1.35077e-08 2.00112e-06 
7.59161e-05 -2.3325e-07 -2.41785e-07 
7.57392e-05 -1.29724e-08 1.18854e-07 
7.57802e-05 -5.51531e-09 1.7503e-08 
7.57837e-05 -8.33492e-10 8.31682e-09 
7.57878e-05 -5.49701e-10 3.67074e-09 
7.57912e-05 -5.57214e-10 2.21768e-09 
7.57941e-05 -6.55563e-10 1.62588e-09 
7.57966e-05 -7.28502e-10 1.32147e-09 
7.57988e-05 -7.94803e-10 1.06251e-09 
7.58005e-05 -8.69241e-10 7.97018e-10 
7.58017e-05 -9.27404e-10 5.54377e-10 
7.58025e-05 -9.79859e-10 2.75407e-10 
7.58027e-05 -1.01299e-09 -2.09509e-11 
7.58024e-05 -1.04706e-09 -3.1829e-10 
7.58015e-05 -1.05025e-09 -6.39982e-10 
7.58e-05 -1.02299e-09 -9.6905e-10 
7.57979e-05 -9.72868e-10 -1.29686e-09 
7.57952e-05 -9.06418e-10 -1.60381e-09 
7.57919e-05 -8.28678e-10 -1.92235e-09 
7.57882e-05 -7.24403e-10 -2.18367e-09 
7.5784e-05 -6.09236e-10 -2.31475e-09 
7.57798e-05 -4.90006e-10 -2.2305e-09 
7.57759e-05 -3.93099e-10 -1.7784e-09 
7.57567e-05 2.05221e-10 -2.07343e-09 
7.57524e-05 3.16607e-10 -2.30845e-09 
7.5748e-05 4.25939e-10 -2.38387e-09 
7.57437e-05 5.49496e-10 -2.22751e-09 
7.57398e-05 6.69662e-10 -1.96278e-09 
7.57364e-05 7.61833e-10 -1.64964e-09 
7.57336e-05 8.3549e-10 -1.35846e-09 
7.57314e-05 8.99783e-10 -1.03989e-09 
7.57297e-05 9.28272e-10 -7.19879e-10 
7.57286e-05 9.36524e-10 -4.4326e-10 
7.5728e-05 9.47407e-10 -1.49194e-10 
7.5728e-05 9.40123e-10 1.19864e-10 
7.57284e-05 9.21341e-10 3.72061e-10 
7.57293e-05 9.05627e-10 6.30625e-10 
7.57307e-05 8.78395e-10 8.36529e-10 
7.57324e-05 8.2176e-10 1.03632e-09 
7.57346e-05 7.76685e-10 1.17081e-09 
7.5737e-05 7.34905e-10 1.10438e-09 
7.57398e-05 6.76873e-10 4.75602e-10 
7.57425e-05 5.57219e-10 -1.97758e-09 
7.57473e-05 -7.04674e-10 -7.50704e-09 
7.57135e-05 -5.97669e-09 -8.22375e-08 
7.59768e-05 -6.29096e-08 2.98837e-07 
7.72957e-05 9.23299e-07 -4.15667e-07 
7.2815e-05 1.42118e-05 -5.30193e-07 
7.42183e-05 5.10222e-06 -6.69331e-08 
7.55295e-05 5.06453e-08 9.4345e-07 
7.59295e-05 -1.15903e-07 -1.25119e-07 
7.57789e-05 -2.52725e-09 1.755e-08 
7.57804e-05 -2.17905e-09 6.48393e-09 
7.5784e-05 -3.84502e-10 3.35131e-09 
7.57872e-05 -3.44036e-10 2.19684e-09 
7.57902e-05 -3.94228e-10 1.68106e-09 
7.57929e-05 -4.74082e-10 1.39616e-09 
7.57952e-05 -5.4832e-10 1.20568e-09 
7.57972e-05 -6.16966e-10 9.6005e-10 
7.57988e-05 -6.73208e-10 7.28943e-10 
7.57999e-05 -7.04431e-10 4.97667e-10 
7.58006e-05 -7.37688e-10 2.26211e-10 
7.58007e-05 -7.62098e-10 -5.17887e-11 
7.58003e-05 -7.77779e-10 -3.44818e-10 
7.57994e-05 -7.77965e-10 -6.26866e-10 
7.5798e-05 -7.48625e-10 -9.21674e-10 
7.5796e-05 -6.83687e-10 -1.22001e-09 
7.57935e-05 -6.13115e-10 -1.5248e-09 
7.57904e-05 -5.40181e-10 -1.81409e-09 
7.57868e-05 -4.3591e-10 -2.04277e-09 
7.57829e-05 -3.18654e-10 -2.16575e-09 
7.5779e-05 -1.99736e-10 -2.07879e-09 
7.57754e-05 -1.01126e-10 -1.65204e-09 
7.57568e-05 -7.05788e-11 -1.93038e-09 
7.57528e-05 2.96923e-11 -2.15821e-09 
7.57487e-05 1.54876e-10 -2.23582e-09 
7.57447e-05 2.81637e-10 -2.07223e-09 
7.5741e-05 3.95633e-10 -1.84127e-09 
7.57379e-05 4.89491e-10 -1.55915e-09 
7.57352e-05 5.66212e-10 -1.27311e-09 
7.57331e-05 6.27717e-10 -9.88528e-10 
7.57315e-05 6.60133e-10 -7.08371e-10 
7.57305e-05 6.8525e-10 -4.23192e-10 
7.57299e-05 7.05334e-10 -1.51675e-10 
7.57298e-05 6.99069e-10 9.49206e-11 
7.57302e-05 6.93839e-10 3.5403e-10 
7.57311e-05 6.72919e-10 5.94569e-10 
7.57324e-05 6.41317e-10 7.87781e-10 
7.5734e-05 6.2441e-10 9.79333e-10 
7.57361e-05 5.74615e-10 1.11123e-09 
7.57384e-05 5.12106e-10 1.04064e-09 
7.5741e-05 3.36259e-10 4.32834e-10 
7.57433e-05 -5.43e-10 -2.45923e-09 
7.57458e-05 -6.65022e-09 -6.3972e-09 
7.57148e-05 -2.92195e-08 -8.92601e-08 
7.58182e-05 -2.50127e-07 2.44565e-07 
7.63448e-05 -1.34842e-07 -1.34543e-06 
7.04514e-05 9.18376e-06 2.30366e-07 
7.74956e-05 4.23886e-06 1.60136e-06 
7.59323e-05 1.87071e-07 -6.31948e-07 
7.57538e-05 -1.02774e-08 1.03079e-07 
7.57832e-05 -1.41419e-08 -8.34168e-09 
7.57792e-05 -1.19067e-09 4.73076e-09 
7.57834e-05 -5.01362e-10 2.13218e-09 
7.57865e-05 -2.65936e-10 1.80053e-09 
7.57894e-05 -2.9235e-10 1.51239e-09 
7.57919e-05 -3.17802e-10 1.29089e-09 
7.57942e-05 -3.67384e-10 1.11835e-09 
7.5796e-05 -4.13302e-10 8.92039e-10 
7.57974e-05 -4.5575e-10 6.71143e-10 
7.57985e-05 -4.96268e-10 4.57276e-10 
7.57991e-05 -5.22099e-10 1.8964e-10 
7.57992e-05 -5.33053e-10 -6.88705e-11 
7.57988e-05 -5.1804e-10 -3.432e-10 
7.57979e-05 -5.04091e-10 -6.19148e-10 
7.57965e-05 -4.78739e-10 -8.74127e-10 
7.57947e-05 -4.33496e-10 -1.14345e-09 
7.57923e-05 -3.65706e-10 -1.44202e-09 
7.57894e-05 -2.74776e-10 -1.7024e-09 
7.57861e-05 -1.65636e-10 -1.89966e-09 
7.57824e-05 -4.72959e-11 -2.01783e-09 
7.57788e-05 7.00261e-11 -1.92931e-09 
7.57754e-05 1.68315e-10 -1.51894e-09 
7.57564e-05 -3.45354e-10 -1.79754e-09 
7.57527e-05 -2.39169e-10 -2.00421e-09 
7.57489e-05 -9.95804e-11 -2.06657e-09 
7.57452e-05 4.00347e-11 -1.92627e-09 
7.57418e-05 1.53862e-10 -1.7175e-09 
7.57388e-05 2.44442e-10 -1.46244e-09 
7.57363e-05 3.10957e-10 -1.20599e-09 
7.57343e-05 3.59124e-10 -9.36565e-10 
7.57328e-05 4.10678e-10 -6.67894e-10 
7.57318e-05 4.56179e-10 -3.96931e-10 
7.57313e-05 4.6776e-10 -1.57152e-10 
7.57312e-05 4.66802e-10 8.48611e-11 
7.57316e-05 4.65245e-10 3.37307e-10 
7.57324e-05 4.50862e-10 5.51219e-10 
7.57336e-05 4.38644e-10 7.77932e-10 
7.57352e-05 4.33168e-10 9.68284e-10 
7.57372e-05 4.0785e-10 1.1274e-09 
7.57395e-05 4.00114e-10 1.28789e-09 
7.57421e-05 4.25568e-10 1.26261e-09 
7.5745e-05 8.09961e-10 1.07886e-09 
7.57479e-05 1.23076e-09 -2.74342e-10 
7.5753e-05 1.76479e-08 -2.24341e-09 
7.59892e-05 -1.14415e-08 2.3466e-07 
7.55501e-05 2.12671e-07 -1.09818e-06 
7.33534e-05 5.68145e-06 1.25916e-07 
7.37045e-05 4.89604e-06 1.06753e-06 
7.63262e-05 1.98872e-07 -3.12735e-07 
7.57036e-05 9.32476e-09 3.65041e-09 
7.57662e-05 -4.08888e-09 2.51502e-08 
7.57798e-05 1.80983e-10 2.70166e-09 
7.5783e-05 5.68693e-11 2.53463e-09 
7.57861e-05 -4.42763e-11 1.75579e-09 
7.57889e-05 -1.17816e-10 1.48143e-09 
7.57913e-05 -1.56408e-10 1.25184e-09 
7.57934e-05 -1.94844e-10 1.05781e-09 
7.57952e-05 -2.32126e-10 8.43558e-10 
7.57965e-05 -2.62022e-10 6.19972e-10 
7.57975e-05 -2.90943e-10 4.17958e-10 
7.5798e-05 -2.99632e-10 1.65345e-10 
7.57981e-05 -3.06133e-10 -6.88477e-11 
7.57978e-05 -2.89826e-10 -3.25238e-10 
7.57969e-05 -2.65061e-10 -5.97666e-10 
7.57956e-05 -2.34766e-10 -8.35953e-10 
7.57938e-05 -1.88925e-10 -1.08046e-09 
7.57916e-05 -1.18052e-10 -1.34543e-09 
7.57889e-05 -2.4398e-11 -1.57833e-09 
7.57858e-05 8.53092e-11 -1.76087e-09 
7.57825e-05 1.99357e-10 -1.87015e-09 
7.57791e-05 3.18561e-10 -1.77775e-09 
7.5776e-05 4.14471e-10 -1.39748e-09 
7.57555e-05 -5.66467e-10 -1.65911e-09 
7.57521e-05 -4.59968e-10 -1.84377e-09 
7.57486e-05 -3.27851e-10 -1.89667e-09 
7.57451e-05 -2.04739e-10 -1.77608e-09 
7.5742e-05 -9.37008e-11 -1.601e-09 
7.57392e-05 -5.02753e-12 -1.37231e-09 
7.57369e-05 7.04692e-11 -1.1324e-09 
7.5735e-05 1.3843e-10 -8.82238e-10 
7.57336e-05 1.84908e-10 -6.1951e-10 
7.57327e-05 2.09228e-10 -3.76944e-10 
7.57322e-05 2.19962e-10 -1.57933e-10 
7.57321e-05 2.4078e-10 8.68747e-11 
7.57325e-05 2.50837e-10 3.27483e-10 
7.57333e-05 2.57354e-10 5.38265e-10 
7.57345e-05 2.62174e-10 7.59946e-10 
7.57361e-05 2.50684e-10 9.43502e-10 
7.5738e-05 2.45511e-10 1.11004e-09 
7.57403e-05 2.24755e-10 1.29169e-09 
7.57428e-05 2.14814e-10 1.35356e-09 
7.57459e-05 1.45725e-10 1.62739e-09 
7.57482e-05 1.20386e-09 -4.00872e-10 
7.57643e-05 -2.59618e-09 1.82683e-08 
7.59204e-05 7.77914e-08 8.31891e-08 
7.5855e-05 3.48022e-07 1.9855e-09 
7.68662e-05 5.68647e-06 1.16456e-07 
7.52784e-05 2.38363e-06 -2.98549e-07 
7.62769e-05 -4.29451e-07 1.8937e-07 
7.59233e-05 -7.69573e-08 -1.66967e-07 
7.57757e-05 -9.52557e-09 9.2348e-09 
7.57813e-05 -2.67238e-09 9.11087e-10 
7.5783e-05 -3.83257e-10 1.80544e-09 
7.5786e-05 -7.01091e-11 1.54249e-09 
7.57886e-05 -1.06121e-11 1.38387e-09 
7.5791e-05 -3.11725e-11 1.18698e-09 
7.5793e-05 -5.17342e-11 1.00742e-09 
7.57947e-05 -6.27851e-11 8.13521e-10 
7.5796e-05 -6.33684e-11 5.88778e-10 
7.5797e-05 -6.92235e-11 3.98721e-10 
7.57975e-05 -6.75823e-11 1.57421e-10 
7.57976e-05 -6.93672e-11 -8.43777e-11 
7.57972e-05 -7.46428e-11 -3.06741e-10 
7.57964e-05 -4.69503e-11 -5.697e-10 
7.57951e-05 -8.14351e-12 -7.87829e-10 
7.57935e-05 4.99199e-11 -1.01152e-09 
7.57914e-05 1.07122e-10 -1.26037e-09 
7.57889e-05 1.87288e-10 -1.46174e-09 
7.57861e-05 2.89756e-10 -1.62213e-09 
7.5783e-05 4.17058e-10 -1.71698e-09 
7.57799e-05 5.42283e-10 -1.62482e-09 
7.57771e-05 6.39448e-10 -1.27497e-09 
7.57541e-05 -7.67256e-10 -1.52274e-09 
7.5751e-05 -6.57884e-10 -1.68208e-09 
7.57478e-05 -5.23435e-10 -1.73736e-09 
7.57447e-05 -4.10096e-10 -1.64896e-09 
7.57418e-05 -3.10944e-10 -1.47656e-09 
7.57392e-05 -2.05847e-10 -1.2709e-09 
7.5737e-05 -1.26678e-10 -1.05653e-09 
7.57353e-05 -7.58536e-11 -8.22517e-10 
7.5734e-05 -3.54248e-11 -5.86118e-10 
7.57331e-05 -7.49179e-12 -3.64253e-10 
7.57326e-05 2.17458e-11 -1.3781e-10 
7.57326e-05 4.64248e-11 1.01277e-10 
7.5733e-05 5.39925e-11 3.18778e-10 
7.57338e-05 5.65115e-11 5.31937e-10 
7.5735e-05 6.09045e-11 7.47717e-10 
7.57366e-05 6.96911e-11 9.2293e-10 
7.57385e-05 7.84455e-11 1.06322e-09 
7.57407e-05 9.99159e-11 1.16731e-09 
7.57432e-05 2.15988e-10 1.04157e-09 
7.57458e-05 7.37105e-10 1.06517e-10 
7.57499e-05 5.44133e-09 -1.09256e-09 
7.57289e-05 1.94629e-08 -4.15274e-08 
7.57333e-05 2.55908e-07 4.81773e-08 
7.6708e-05 2.2175e-06 5.10819e-07 
7.67054e-05 1.44267e-05 1.03317e-06 
7.7356e-05 2.60358e-06 -1.28794e-06 
7.58612e-05 -2.51417e-08 -3.26739e-07 
7.58103e-05 9.61953e-09 -1.64315e-08 
7.5789e-05 1.1793e-09 -2.31596e-08 
7.57795e-05 4.61513e-10 -2.61553e-11 
7.57835e-05 2.27783e-10 5.77053e-10 
7.5786e-05 1.66487e-10 1.27502e-09 
7.57887e-05 1.40303e-10 1.26292e-09 
7.5791e-05 1.26714e-10 1.13788e-09 
7.5793e-05 1.30056e-10 9.84293e-10 
7.57946e-05 1.34679e-10 8.00942e-10 
7.57959e-05 1.40924e-10 5.81642e-10 
7.57968e-05 1.3534e-10 3.70647e-10 
7.57973e-05 1.10632e-10 1.49411e-10 
7.57974e-05 1.19936e-10 -8.48216e-11 
7.5797e-05 1.34585e-10 -3.00193e-10 
7.57963e-05 1.61669e-10 -5.27612e-10 
7.57951e-05 2.07717e-10 -7.33202e-10 
7.57936e-05 2.53938e-10 -9.5529e-10 
7.57916e-05 3.06162e-10 -1.18123e-09 
7.57893e-05 3.88618e-10 -1.34973e-09 
7.57867e-05 4.84778e-10 -1.48896e-09 
7.57839e-05 5.99569e-10 -1.55267e-09 
7.57811e-05 7.28515e-10 -1.47391e-09 
7.57785e-05 8.15104e-10 -1.16034e-09 
7.57524e-05 -9.46009e-10 -1.38252e-09 
7.57496e-05 -8.35301e-10 -1.51381e-09 
7.57467e-05 -6.99454e-10 -1.57536e-09 
7.57438e-05 -5.75457e-10 -1.51786e-09 
7.57411e-05 -4.68645e-10 -1.36321e-09 
7.57388e-05 -3.93667e-10 -1.17135e-09 
7.57368e-05 -3.30828e-10 -9.91035e-10 
7.57351e-05 -2.8602e-10 -7.84106e-10 
7.57339e-05 -2.53827e-10 -5.46669e-10 
7.57331e-05 -2.12485e-10 -3.29241e-10 
7.57327e-05 -1.85221e-10 -1.2102e-10 
7.57327e-05 -1.76816e-10 1.06487e-10 
7.57331e-05 -1.58023e-10 3.21426e-10 
7.57339e-05 -1.46507e-10 5.24648e-10 
7.57351e-05 -1.4458e-10 7.40092e-10 
7.57367e-05 -1.33261e-10 9.17337e-10 
7.57386e-05 -1.06343e-10 1.05548e-09 
7.57408e-05 -9.47391e-11 1.08678e-09 
7.57433e-05 -2.261e-10 7.94576e-10 
7.57457e-05 -9.39173e-10 -1.0165e-09 
7.57497e-05 -6.67389e-09 -9.71936e-10 
7.5719e-05 -2.73235e-08 -7.83682e-08 
7.58321e-05 -2.1124e-07 3.01946e-07 
7.69767e-05 -1.63533e-07 -8.05212e-07 
7.10663e-05 8.46163e-06 3.02335e-07 
7.74014e-05 4.05989e-06 5.74511e-07 
7.62806e-05 4.35792e-07 -8.67487e-07 
7.57975e-05 6.58082e-08 4.76014e-08 
7.57734e-05 -4.61054e-09 -3.33047e-09 
7.57806e-05 1.04919e-09 4.0224e-09 
7.57834e-05 1.57648e-10 1.9101e-09 
7.57864e-05 2.80154e-10 1.6703e-09 
7.57889e-05 2.86913e-10 1.37434e-09 
7.57912e-05 3.00188e-10 1.16464e-09 
7.57932e-05 3.07086e-10 9.89363e-10 
7.57949e-05 3.12743e-10 7.9445e-10 
7.57962e-05 3.15562e-10 5.79512e-10 
7.57971e-05 3.21067e-10 3.5034e-10 
7.57976e-05 3.22812e-10 1.34153e-10 
7.57976e-05 3.29718e-10 -6.79931e-11 
7.57973e-05 3.49418e-10 -2.85862e-10 
7.57966e-05 3.63174e-10 -4.9784e-10 
7.57955e-05 3.9276e-10 -6.8583e-10 
7.57941e-05 4.27531e-10 -9.02987e-10 
7.57922e-05 4.89572e-10 -1.09701e-09 
7.57901e-05 5.6491e-10 -1.24505e-09 
7.57877e-05 6.53391e-10 -1.36742e-09 
7.57852e-05 7.65394e-10 -1.39763e-09 
7.57826e-05 8.86745e-10 -1.32204e-09 
7.57804e-05 9.88755e-10 -1.03934e-09 
7.57504e-05 -1.06777e-09 -1.23786e-09 
7.57478e-05 -9.61605e-10 -1.3566e-09 
7.57452e-05 -8.4393e-10 -1.42248e-09 
7.57426e-05 -7.30824e-10 -1.38208e-09 
7.57402e-05 -6.39902e-10 -1.25947e-09 
7.5738e-05 -5.68308e-10 -1.09776e-09 
7.57361e-05 -5.04899e-10 -9.21486e-10 
7.57346e-05 -4.5882e-10 -7.42972e-10 
7.57334e-05 -4.2911e-10 -5.16564e-10 
7.57327e-05 -4.11013e-10 -3.04074e-10 
7.57323e-05 -4.0145e-10 -1.13924e-10 
7.57323e-05 -3.77242e-10 1.24203e-10 
7.57328e-05 -3.53435e-10 3.33274e-10 
7.57336e-05 -3.4032e-10 5.25182e-10 
7.57348e-05 -3.11575e-10 7.47779e-10 
7.57364e-05 -2.79736e-10 9.45043e-10 
7.57384e-05 -2.53429e-10 1.11252e-09 
7.57407e-05 -2.26551e-10 1.25517e-09 
7.57432e-05 -1.67181e-10 1.27454e-09 
7.5746e-05 1.53142e-10 1.29869e-09 
7.57491e-05 -1.75643e-10 1.7711e-10 
7.57459e-05 1.42636e-08 -4.44901e-09 
7.60206e-05 -4.75718e-08 2.64006e-07 
7.56385e-05 1.98092e-07 -9.66341e-07 
7.39819e-05 5.07335e-06 4.40143e-07 
7.44717e-05 7.05033e-06 2.31204e-07 
7.60897e-05 9.56828e-07 1.92729e-07 
7.56248e-05 1.06258e-07 7.56053e-08 
7.57544e-05 1.78293e-08 6.20489e-08 
7.57785e-05 2.54004e-09 9.5144e-09 
7.57833e-05 7.29788e-10 4.94282e-09 
7.57867e-05 4.30997e-10 2.3949e-09 
7.57895e-05 4.35472e-10 1.61402e-09 
7.57918e-05 4.5105e-10 1.22262e-09 
7.57939e-05 4.72636e-10 1.00984e-09 
7.57955e-05 4.85423e-10 7.92148e-10 
7.57968e-05 4.90352e-10 5.74099e-10 
7.57977e-05 5.05624e-10 3.63411e-10 
7.57982e-05 5.44779e-10 1.45429e-10 
7.57983e-05 5.5879e-10 -6.42138e-11 
7.5798e-05 5.55743e-10 -2.82506e-10 
7.57973e-05 5.59455e-10 -4.78717e-10 
7.57963e-05 5.74536e-10 -6.56535e-10 
7.57949e-05 6.06757e-10 -8.48052e-10 
7.57932e-05 6.6238e-10 -1.01708e-09 
7.57912e-05 7.18148e-10 -1.15773e-09 
7.5789e-05 8.07291e-10 -1.23689e-09 
7.57867e-05 9.17975e-10 -1.25426e-09 
7.57845e-05 1.02351e-09 -1.1735e-09 
7.57825e-05 1.11897e-09 -9.0689e-10 
7.57481e-05 -1.19905e-09 -1.07916e-09 
7.57459e-05 -1.07309e-09 -1.1978e-09 
7.57436e-05 -9.48524e-10 -1.28046e-09 
7.57412e-05 -8.51524e-10 -1.26259e-09 
7.57389e-05 -7.65683e-10 -1.16584e-09 
7.57369e-05 -6.96466e-10 -1.01653e-09 
7.57352e-05 -6.52834e-10 -8.68896e-10 
7.57337e-05 -6.2617e-10 -7.1039e-10 
7.57326e-05 -6.08736e-10 -4.944e-10 
7.57319e-05 -5.99705e-10 -2.95241e-10 
7.57315e-05 -5.77228e-10 -9.28197e-11 
7.57316e-05 -5.55099e-10 1.41879e-10 
7.57321e-05 -5.44751e-10 3.35837e-10 
7.57329e-05 -5.20439e-10 5.42517e-10 
7.57342e-05 -4.877e-10 7.74034e-10 
7.57358e-05 -4.5841e-10 9.64504e-10 
7.57379e-05 -4.30599e-10 1.12845e-09 
7.57402e-05 -3.96802e-10 1.31464e-09 
7.57428e-05 -3.14557e-10 1.45042e-09 
7.57461e-05 -1.62163e-10 1.88466e-09 
7.5748e-05 1.85202e-09 5.1791e-10 
7.57653e-05 6.39591e-09 1.891e-08 
7.58716e-05 9.89279e-08 6.86841e-08 
7.62978e-05 7.75031e-07 4.53055e-07 
7.70352e-05 5.57988e-06 -4.1505e-07 
7.52089e-05 6.18914e-06 2.24028e-07 
7.62657e-05 6.63376e-08 -4.8362e-08 
7.59592e-05 -9.4598e-08 -1.70832e-07 
7.5778e-05 -1.1655e-08 -7.5158e-09 
7.57836e-05 -3.24582e-09 -2.19288e-10 
7.5785e-05 -4.20448e-11 6.76885e-10 
7.57878e-05 4.15722e-10 1.33605e-09 
7.57904e-05 5.5371e-10 1.27786e-09 
7.57928e-05 6.19197e-10 1.13761e-09 
7.57948e-05 6.60073e-10 9.9168e-10 
7.57965e-05 6.8627e-10 7.82417e-10 
7.57978e-05 7.01517e-10 5.69291e-10 
7.57988e-05 7.19411e-10 3.80552e-10 
7.57993e-05 7.2692e-10 1.60753e-10 
7.57994e-05 7.32913e-10 -6.33016e-11 
7.57991e-05 7.49347e-10 -2.75992e-10 
7.57985e-05 7.57435e-10 -4.71617e-10 
7.57974e-05 7.59778e-10 -6.35516e-10 
7.57961e-05 7.74863e-10 -8.02644e-10 
7.57945e-05 8.01862e-10 -9.57377e-10 
7.57927e-05 8.60476e-10 -1.07287e-09 
7.57906e-05 9.25973e-10 -1.12621e-09 
7.57886e-05 9.95439e-10 -1.13423e-09 
7.57866e-05 1.08904e-09 -1.0354e-09 
7.57848e-05 1.19108e-09 -7.66962e-10 
7.57456e-05 -1.2303e-09 -9.17217e-10 
7.57437e-05 -1.12433e-09 -1.03682e-09 
7.57417e-05 -1.02168e-09 -1.15439e-09 
7.57395e-05 -9.27115e-10 -1.14955e-09 
7.57375e-05 -8.48276e-10 -1.07375e-09 
7.57356e-05 -8.14669e-10 -9.73378e-10 
7.57339e-05 -7.98837e-10 -8.33681e-10 
7.57325e-05 -7.83965e-10 -6.84702e-10 
7.57314e-05 -7.82792e-10 -4.91174e-10 
7.57307e-05 -7.79461e-10 -2.79177e-10 
7.57304e-05 -7.63654e-10 -7.20289e-11 
7.57305e-05 -7.59532e-10 1.39302e-10 
7.5731e-05 -7.48756e-10 3.53473e-10 
7.57319e-05 -7.1265e-10 5.64003e-10 
7.57332e-05 -6.97786e-10 7.72323e-10 
7.57349e-05 -6.69546e-10 9.63301e-10 
7.5737e-05 -6.06023e-10 1.08627e-09 
7.57394e-05 -5.09157e-10 1.08302e-09 
7.57421e-05 -3.11869e-10 6.4954e-10 
7.57448e-05 4.01776e-10 -1.21749e-09 
7.57485e-05 5.36113e-09 -6.35775e-09 
7.57278e-05 2.43126e-08 -4.73066e-08 
7.56953e-05 2.52306e-07 -8.05677e-08 
7.64567e-05 2.10498e-06 6.34694e-07 
7.76302e-05 1.34828e-05 3.07561e-07 
7.52855e-05 9.24391e-06 -8.96135e-07 
7.61163e-05 4.98922e-07 -3.30872e-07 
7.57023e-05 5.78758e-09 3.36218e-08 
7.57732e-05 -2.26729e-10 1.78681e-08 
7.57815e-05 1.62509e-09 3.1407e-09 
7.57856e-05 8.42059e-10 2.41614e-09 
7.57887e-05 7.75468e-10 1.72879e-09 
7.57916e-05 7.57713e-10 1.44564e-09 
7.5794e-05 8.05818e-10 1.21316e-09 
7.57962e-05 8.4274e-10 1.01864e-09 
7.57979e-05 8.73684e-10 8.00078e-10 
7.57993e-05 9.04297e-10 5.8703e-10 
7.58002e-05 9.20578e-10 3.79868e-10 
7.58008e-05 9.12227e-10 1.51322e-10 
7.58009e-05 9.23655e-10 -4.79615e-11 
7.58006e-05 9.30733e-10 -2.64698e-10 
7.58e-05 9.29729e-10 -4.6869e-10 
7.57989e-05 9.27499e-10 -6.28231e-10 
7.57976e-05 9.19892e-10 -7.92083e-10 
7.57961e-05 9.21954e-10 -9.09335e-10 
7.57943e-05 9.5572e-10 -9.94834e-10 
7.57924e-05 9.98601e-10 -1.05507e-09 
7.57905e-05 1.05204e-09 -1.03445e-09 
7.57887e-05 1.14502e-09 -8.90278e-10 
7.57873e-05 1.25003e-09 -6.16698e-10 
7.57432e-05 -1.20466e-09 -7.4716e-10 
7.57416e-05 -1.09549e-09 -9.10857e-10 
7.57397e-05 -1.01772e-09 -1.04506e-09 
7.57378e-05 -9.64317e-10 -1.05627e-09 
7.57358e-05 -9.40277e-10 -1.02252e-09 
7.5734e-05 -9.2793e-10 -9.45347e-10 
7.57323e-05 -9.30197e-10 -8.18616e-10 
7.5731e-05 -9.38805e-10 -6.75286e-10 
7.57299e-05 -9.38696e-10 -4.86896e-10 
7.57292e-05 -9.46435e-10 -2.80044e-10 
7.57289e-05 -9.68121e-10 -7.31515e-11 
7.57289e-05 -9.66491e-10 1.41729e-10 
7.57295e-05 -9.42004e-10 3.77727e-10 
7.57304e-05 -9.1675e-10 5.84126e-10 
7.57318e-05 -8.83387e-10 7.88558e-10 
7.57335e-05 -8.33661e-10 1.00454e-09 
7.57357e-05 -7.74149e-10 1.15589e-09 
7.57383e-05 -7.1749e-10 1.16866e-09 
7.57412e-05 -7.84618e-10 7.95996e-10 
7.57442e-05 -1.55361e-09 -1.26523e-09 
7.57491e-05 -7.80053e-09 -2.18418e-09 
7.57261e-05 -3.70986e-08 -7.71243e-08 
7.58389e-05 -2.32322e-07 2.69249e-07 
7.6828e-05 -5.48731e-07 -9.16405e-07 
7.06284e-05 7.3016e-06 -2.78024e-07 
7.48724e-05 6.63286e-07 4.76225e-07 
7.63258e-05 -9.06982e-07 1.23941e-07 
7.58857e-05 -1.63467e-07 -1.37793e-07 
7.57763e-05 -2.947e-08 1.44303e-08 
7.57845e-05 -4.89745e-09 1.60579e-09 
7.57868e-05 -1.90824e-10 2.15666e-09 
7.57902e-05 6.56777e-10 1.67503e-09 
7.57931e-05 8.76535e-10 1.45443e-09 
7.57957e-05 9.61485e-10 1.24507e-09 
7.57979e-05 1.01797e-09 1.03623e-09 
7.57997e-05 1.05806e-09 8.25369e-10 
7.58011e-05 1.10044e-09 6.09059e-10 
7.58021e-05 1.11884e-09 3.76554e-10 
7.58026e-05 1.13735e-09 1.60324e-10 
7.58027e-05 1.13411e-09 -5.2724e-11 
7.58024e-05 1.10074e-09 -2.79887e-10 
7.58018e-05 1.08145e-09 -4.71397e-10 
7.58007e-05 1.05384e-09 -6.35835e-10 
7.57994e-05 1.02994e-09 -7.91833e-10 
7.57978e-05 1.01861e-09 -8.92615e-10 
7.57961e-05 1.01411e-09 -9.53211e-10 
7.57943e-05 1.03096e-09 -9.94694e-10 
7.57925e-05 1.07624e-09 -9.42759e-10 
7.5791e-05 1.14483e-09 -7.65182e-10 
7.57898e-05 1.20808e-09 -4.87973e-10 
7.57408e-05 -1.13776e-09 -5.80434e-10 
7.57395e-05 -1.049e-09 -7.84518e-10 
7.57379e-05 -9.81279e-10 -9.67059e-10 
7.5736e-05 -9.61173e-10 -1.02002e-09 
7.57341e-05 -9.61895e-10 -9.91415e-10 
7.57323e-05 -9.68518e-10 -9.38822e-10 
7.57306e-05 -1.01223e-09 -8.37479e-10 
7.57291e-05 -1.05251e-09 -6.80443e-10 
7.5728e-05 -1.08563e-09 -4.92673e-10 
7.57273e-05 -1.11142e-09 -2.9642e-10 
7.5727e-05 -1.12559e-09 -9.10669e-11 
7.57271e-05 -1.13537e-09 1.54644e-10 
7.57276e-05 -1.12426e-09 3.93434e-10 
7.57286e-05 -1.10204e-09 6.10428e-10 
7.573e-05 -1.03627e-09 8.43119e-10 
7.57319e-05 -9.71465e-10 1.06559e-09 
7.57342e-05 -9.12367e-10 1.27045e-09 
7.57369e-05 -8.47378e-10 1.45467e-09 
7.574e-05 -8.52911e-10 1.53689e-09 
7.57433e-05 -1.22831e-09 1.57149e-09 
7.57478e-05 -5.82812e-09 1.60159e-09 
7.57388e-05 -2.01664e-08 -1.32027e-08 
7.59911e-05 -2.30768e-07 2.75564e-07 
7.58831e-05 -5.30252e-07 -8.40443e-07 
7.34628e-05 2.24374e-06 1.9106e-07 
7.59904e-05 1.11044e-06 3.7874e-07 
7.57596e-05 1.64156e-07 -6.06941e-08 
7.58184e-05 3.50889e-08 -1.47241e-08 
7.57831e-05 1.12743e-08 -6.41122e-09 
7.57831e-05 2.11412e-09 3.26966e-09 
7.57884e-05 1.15461e-09 1.7531e-09 
7.57918e-05 1.00106e-09 1.70165e-09 
7.57949e-05 1.06311e-09 1.48984e-09 
7.57976e-05 1.1434e-09 1.29322e-09 
7.57999e-05 1.22129e-09 1.07566e-09 
7.58018e-05 1.2766e-09 8.58235e-10 
7.58033e-05 1.30605e-09 6.26928e-10 
7.58043e-05 1.32373e-09 3.90975e-10 
7.58049e-05 1.33152e-09 1.6006e-10 
7.5805e-05 1.30177e-09 -8.30013e-11 
7.58046e-05 1.27925e-09 -3.02578e-10 
7.58039e-05 1.23604e-09 -4.94371e-10 
7.58028e-05 1.19583e-09 -6.6649e-10 
7.58014e-05 1.14835e-09 -8.09914e-10 
7.57998e-05 1.10091e-09 -9.01907e-10 
7.57981e-05 1.05087e-09 -9.53561e-10 
7.57963e-05 1.03048e-09 -9.57816e-10 
7.57946e-05 1.04089e-09 -8.75718e-10 
7.57931e-05 1.07201e-09 -6.76955e-10 
7.57921e-05 1.13094e-09 -3.74081e-10 
7.57387e-05 -9.58322e-10 -4.45821e-10 
7.57376e-05 -9.03798e-10 -6.99544e-10 
7.57361e-05 -8.77806e-10 -9.06598e-10 
7.57343e-05 -8.74731e-10 -1.00178e-09 
7.57324e-05 -9.13887e-10 -9.97273e-10 
7.57305e-05 -9.74828e-10 -9.60491e-10 
7.57287e-05 -1.02585e-09 -8.74491e-10 
7.57272e-05 -1.0866e-09 -7.18072e-10 
7.5726e-05 -1.1528e-09 -5.33496e-10 
7.57252e-05 -1.20133e-09 -3.09467e-10 
7.57248e-05 -1.22135e-09 -1.00064e-10 
7.57249e-05 -1.23997e-09 1.41894e-10 
7.57254e-05 -1.24302e-09 4.0108e-10 
7.57265e-05 -1.21158e-09 6.49904e-10 
7.5728e-05 -1.16205e-09 9.02994e-10 
7.573e-05 -1.09706e-09 1.11795e-09 
7.57325e-05 -1.01383e-09 1.34134e-09 
7.57353e-05 -9.17298e-10 1.55136e-09 
7.57386e-05 -7.81473e-10 1.73346e-09 
7.57423e-05 -6.22504e-10 1.88052e-09 
7.57453e-05 -1.11599e-10 1.85811e-09 
7.57553e-05 2.14124e-10 5.79655e-09 
7.57759e-05 -2.64261e-08 2.86699e-08 
7.58523e-05 2.08086e-07 4.02748e-08 
7.62104e-05 7.26468e-07 1.30378e-07 
7.6668e-05 3.99831e-06 4.68767e-08 
7.60149e-05 6.27004e-07 -1.94629e-07 
7.58585e-05 1.01955e-07 -4.36408e-08 
7.57812e-05 7.76901e-09 3.0974e-12 
7.57873e-05 3.15187e-09 2.48131e-09 
7.57902e-05 1.14911e-09 1.83639e-09 
7.57937e-05 1.1039e-09 1.79131e-09 
7.5797e-05 1.17343e-09 1.56249e-09 
7.57999e-05 1.26554e-09 1.36753e-09 
7.58023e-05 1.34459e-09 1.13457e-09 
7.58043e-05 1.40374e-09 8.88843e-10 
7.58059e-05 1.44147e-09 6.42221e-10 
7.58069e-05 1.46139e-09 3.99385e-10 
7.58075e-05 1.45027e-09 1.41524e-10 
7.58075e-05 1.43585e-09 -9.79438e-11 
7.58071e-05 1.40492e-09 -3.34322e-10 
7.58063e-05 1.34961e-09 -5.37052e-10 
7.58051e-05 1.28603e-09 -7.06704e-10 
7.58036e-05 1.20314e-09 -8.57517e-10 
7.58019e-05 1.12324e-09 -9.54061e-10 
7.58e-05 1.03727e-09 -9.95884e-10 
7.57982e-05 9.69908e-10 -9.56677e-10 
7.57964e-05 9.28216e-10 -8.56114e-10 
7.5795e-05 9.1923e-10 -6.17362e-10 
7.57942e-05 9.47746e-10 -2.6585e-10 
7.57371e-05 -6.70769e-10 -3.24385e-10 
7.57361e-05 -6.28246e-10 -6.46734e-10 
7.57346e-05 -6.44071e-10 -8.96791e-10 
7.57328e-05 -7.07094e-10 -1.02179e-09 
7.57308e-05 -7.92992e-10 -1.06028e-09 
7.57287e-05 -8.99318e-10 -1.01602e-09 
7.57269e-05 -9.8446e-10 -9.14415e-10 
7.57252e-05 -1.06021e-09 -7.70952e-10 
7.57239e-05 -1.12665e-09 -5.85497e-10 
7.5723e-05 -1.19324e-09 -3.47732e-10 
7.57225e-05 -1.23633e-09 -1.16512e-10 
7.57226e-05 -1.25126e-09 1.32402e-10 
7.57231e-05 -1.24704e-09 4.15608e-10 
7.57242e-05 -1.22395e-09 6.78954e-10 
7.57259e-05 -1.18599e-09 9.38485e-10 
7.5728e-05 -1.12109e-09 1.17901e-09 
7.57306e-05 -1.0339e-09 1.38839e-09 
7.57336e-05 -9.4289e-10 1.56106e-09 
7.57371e-05 -8.47028e-10 1.58857e-09 
7.57408e-05 -8.37902e-10 1.13989e-09 
7.5745e-05 -1.50695e-09 -3.77383e-10 
7.57477e-05 -6.11985e-09 -6.7089e-09 
7.57257e-05 -2.46468e-08 -4.86565e-08 
7.55466e-05 -7.28569e-08 -1.80938e-07 
7.53388e-05 5.64409e-07 -2.99383e-07 
7.33426e-05 4.95845e-06 1.53429e-07 
7.59248e-05 4.86778e-07 2.92537e-07 
7.5629e-05 -2.22254e-08 6.30923e-08 
7.57629e-05 -3.42755e-09 5.6907e-08 
7.57867e-05 -2.57472e-10 7.60624e-09 
7.57915e-05 8.46631e-10 4.63252e-09 
7.57956e-05 1.05999e-09 2.55919e-09 
7.57992e-05 1.19445e-09 1.87299e-09 
7.58022e-05 1.28428e-09 1.49191e-09 
7.58049e-05 1.35821e-09 1.21117e-09 
7.5807e-05 1.42306e-09 9.35497e-10 
7.58086e-05 1.46377e-09 6.72555e-10 
7.58097e-05 1.47746e-09 3.93586e-10 
7.58102e-05 1.46799e-09 1.35182e-10 
7.58102e-05 1.45503e-09 -1.21222e-10 
7.58097e-05 1.39611e-09 -3.7902e-10 
7.58088e-05 1.33735e-09 -5.88734e-10 
7.58075e-05 1.23189e-09 -7.9167e-10 
7.58058e-05 1.12557e-09 -9.30615e-10 
7.58039e-05 1.01657e-09 -1.02259e-09 
7.58018e-05 9.08329e-10 -1.06945e-09 
7.57998e-05 7.92179e-10 -1.0181e-09 
7.5798e-05 7.02997e-10 -8.73871e-10 
7.57966e-05 6.63797e-10 -6.01391e-10 
7.57958e-05 6.55532e-10 -1.98957e-10 
7.57362e-05 -2.35923e-10 -2.5058e-10 
7.57353e-05 -2.54352e-10 -6.38577e-10 
7.57337e-05 -3.27794e-10 -9.30603e-10 
7.57317e-05 -4.40392e-10 -1.08338e-09 
7.57295e-05 -5.63426e-10 -1.13239e-09 
7.57272e-05 -6.8781e-10 -1.09519e-09 
7.57251e-05 -8.10699e-10 -9.82023e-10 
7.57233e-05 -9.14205e-10 -8.21794e-10 
7.57218e-05 -9.9321e-10 -6.34467e-10 
7.57208e-05 -1.05763e-09 -3.90791e-10 
7.57203e-05 -1.09842e-09 -1.30522e-10 
7.57203e-05 -1.11223e-09 1.30958e-10 
7.57208e-05 -1.11006e-09 4.22603e-10 
7.5722e-05 -1.09183e-09 7.02975e-10 
7.57237e-05 -1.04461e-09 9.85119e-10 
7.57259e-05 -9.76117e-10 1.24677e-09 
7.57287e-05 -8.94129e-10 1.47942e-09 
7.57319e-05 -8.09109e-10 1.71337e-09 
7.57356e-05 -7.88764e-10 1.90664e-09 
7.57396e-05 -1.11021e-09 2.0262e-09 
7.57433e-05 -3.49387e-09 1.72081e-09 
7.57462e-05 -1.51595e-08 1.34709e-09 
7.57244e-05 -6.92807e-08 -2.07243e-08 
7.58958e-05 -2.244e-07 2.17817e-07 
7.61089e-05 -9.6731e-07 -3.8283e-07 
7.47609e-05 2.32473e-07 -3.63103e-08 
7.59393e-05 -6.4033e-07 3.81255e-07 
7.58869e-05 -2.0705e-07 -1.63032e-07 
7.57615e-05 -4.09232e-08 2.3808e-08 
7.57886e-05 -8.98126e-09 3.26766e-09 
7.57935e-05 -6.30722e-10 2.49448e-09 
7.57979e-05 8.41364e-10 2.04325e-09 
7.58016e-05 1.19137e-09 1.73552e-09 
7.58048e-05 1.31684e-09 1.48587e-09 
7.58076e-05 1.39769e-09 1.24775e-09 
7.58098e-05 1.45414e-09 9.64146e-10 
7.58115e-05 1.48412e-09 6.8428e-10 
7.58126e-05 1.49875e-09 3.92835e-10 
7.58131e-05 1.49931e-09 1.32243e-10 
7.58131e-05 1.46662e-09 -1.55154e-10 
7.58125e-05 1.41147e-09 -4.22083e-10 
7.58114e-05 1.33166e-09 -6.54693e-10 
7.58099e-05 1.22543e-09 -8.75313e-10 
7.5808e-05 1.11082e-09 -1.01128e-09 
7.58058e-05 9.64619e-10 -1.12091e-09 
7.58035e-05 8.13135e-10 -1.16002e-09 
7.58012e-05 6.59449e-10 -1.11417e-09 
7.57991e-05 5.04545e-10 -9.39212e-10 
7.57976e-05 3.69507e-10 -6.33238e-10 
7.57967e-05 2.82121e-10 -1.99725e-10 
