-0.00190635 
0.0132619 
0.0271452 
0.0402658 
0.0527444 
0.0644893 
0.0755614 
0.0860032 
0.0957127 
0.104616 
0.112379 
0.118518 
0.122218 
0.122402 
0.117835 
0.107601 
0.091966 
0.0728633 
0.053432 
0.0364367 
0.0232596 
0.0138528 
0.00754918 
0.00364674 
0.00150601 
0.000509531 
0.000106038 
9.91371e-06 
6.12969e-07 
4.32841e-08 
3.25005e-09 
1.41583e-10 
0.000625226 
0.00536303 
0.0100301 
0.0137777 
0.0173129 
0.0197534 
0.0229198 
0.0236335 
0.0273323 
0.0238001 
0.0224349 
0.0190963 
0.018663 
0.0183486 
0.0159882 
0.0134095 
0.0115821 
0.0102728 
0.00659459 
0.00382305 
0.00271952 
-0.000692522 
-0.00315717 
-0.00425559 
-0.00549906 
-0.00617275 
-0.00674854 
-0.00678604 
-7.01191e-12 
-7.19731e-11 
-2.98685e-09 
-1.09867e-06 
-2.16987e-05 
6.42163e-05 
0.000424733 
0.00113094 
0.00233834 
0.00353312 
0.00568106 
0.00266772 
4.94776e-11 
5.8667e-12 
6.63664e-13 
1.60276e-13 
9.91581e-14 
1.07483e-13 
1.48411e-13 
2.37302e-13 
4.26127e-13 
8.25764e-13 
1.63346e-12 
3.23097e-12 
6.59194e-12 
1.55646e-11 
3.75422e-11 
1.79426e-11 
1.99795e-10 
-3.87891e-11 
-0.00902036 
0.00590357 
0.0203711 
0.0338178 
0.0466258 
0.0586821 
0.0701101 
0.0808411 
0.090956 
0.100283 
0.108669 
0.115692 
0.120735 
0.122827 
0.120786 
0.113449 
0.100376 
0.0826691 
0.063002 
0.0445186 
0.0293703 
0.0181307 
0.0103631 
0.00534144 
0.00239539 
0.000629483 
0.000903018 
0.000255933 
3.55449e-05 
2.46394e-06 
1.60636e-07 
1.18596e-08 
0.0101823 
8.5138e-10 
0.00656334 
0.00361415 
0.000269007 
0.0103369 
0.00792739 
0.0189658 
0.0118128 
0.0158284 
0.0186544 
0.0217644 
0.0510578 
0.0243101 
0.0284914 
0.0245556 
0.0230246 
0.0488687 
0.0478433 
0.0190034 
0.0438756 
0.0144335 
0.011388 
0.0325876 
0.00804632 
0.0225687 
0.00528388 
0.00290752 
0.00101609 
0.00857119 
-0.00205926 
-0.00411763 
0.00200346 
-0.0045261 
-0.00581988 
-0.00651566 
-0.0045603 
-0.00708375 
-0.00446545 
-0.008448 
-4.16809e-10 
-5.46506e-10 
-2.2462e-09 
-9.00867e-08 
-6.04629e-06 
-5.27673e-06 
0.000187992 
0.000712336 
0.000713484 
0.00151801 
0.00172079 
0.00245462 
0.00297357 
0.00506285 
0.00624276 
0.00492168 
0.00487885 
0.005424 
0.00123559 
1.74663e-11 
1.87013e-12 
2.90092e-13 
1.13727e-13 
9.88779e-14 
1.2352e-13 
1.8466e-13 
3.14339e-13 
5.90755e-13 
1.16228e-12 
2.29757e-12 
4.56637e-12 
9.86848e-12 
2.52202e-11 
3.1329e-11 
1.89354e-12 
0.00249778 
0.0174691 
0.0312518 
0.0442358 
0.0565037 
0.068093 
0.0789668 
0.0892495 
0.0987105 
0.107287 
0.114599 
0.120062 
0.122747 
0.121522 
0.115231 
0.103184 
0.0861509 
0.0666384 
0.0478249 
0.0319708 
0.0200115 
0.0116294 
0.00613599 
0.00282919 
0.0010956 
0.000327411 
5.08519e-05 
3.60839e-06 
2.33914e-07 
1.73183e-08 
1.40063e-09 
0.0146763 
0.0228049 
0.0311927 
0.0379303 
0.0443135 
0.0488597 
0.0539744 
0.0537784 
0.0519511 
0.0470813 
0.0417547 
0.0374249 
0.0297964 
0.0248913 
0.0203656 
0.0159163 
0.0106922 
0.00671845 
0.00360375 
0.000646721 
-0.00170733 
-0.00353565 
1.00376e-08 
3.01377e-07 
-1.78379e-05 
0.000134915 
0.000445583 
0.000695905 
6.16844e-11 
7.32267e-12 
9.16498e-13 
2.60929e-13 
1.90516e-13 
2.22043e-13 
3.18679e-13 
5.26904e-13 
9.78794e-13 
1.95242e-12 
3.94744e-12 
7.99256e-12 
1.68248e-11 
4.18374e-11 
1.06008e-10 
-2.71679e-11 
0.0244911 
0.0378071 
0.0504749 
0.0623731 
0.0736371 
0.0841946 
0.094073 
0.103119 
0.11113 
0.117607 
0.121814 
0.122705 
0.119063 
0.109938 
0.0951702 
0.0764517 
0.0569599 
0.0393934 
0.0254874 
0.0154088 
0.00855907 
0.00424655 
0.00180633 
1.4307e-05 
8.95434e-07 
6.29126e-08 
4.86273e-09 
0.0346092 
0.0411654 
0.0467055 
0.0536653 
0.0502958 
0.013331 
-0.00264623 
2.03734e-13 
1.98567e-13 
2.60742e-13 
4.03071e-13 
7.0948e-13 
1.37784e-12 
2.7788e-12 
5.6132e-12 
1.1465e-11 
2.57905e-11 
6.94484e-11 
6.65565e-11 
0.000144269 
0.0270403 
0.0560035 
0.0350817 
0.0455439 
0.0396889 
0.0274437 
0.0182587 
0.00505898 
-0.000610545 
0.000242256 
1.21591e-05 
-1.69631e-05 
-4.96003e-08 
4.34108e-13 
2.36379e-12 
2.21344e-11 
0.0188215 
0.0232976 
0.0328194 
0.0459645 
0.0583201 
0.0699091 
0.0807848 
0.0909947 
0.100332 
0.108725 
0.115814 
0.120868 
0.122965 
0.120947 
0.113685 
0.100803 
0.0831391 
0.0635451 
0.0452914 
0.0300609 
0.0187037 
0.0107529 
0.00559984 
0.00253147 
0.00095259 
8.31488e-06 
0.000258532 
0.0416214 
3.85887e-07 
2.90689e-08 
2.5379e-09 
0.0525566 
0.0116236 
0.0162252 
3.82714e-10 
0.0113175 
2.0126e-11 
0.0171772 
0.0229906 
0.0050151 
0.0474231 
0.056355 
0.0833538 
0.0624013 
0.0669281 
0.0709066 
0.074335 
0.0848491 
0.0867026 
0.0945523 
0.0985568 
0.0809016 
0.0628996 
0.0813681 
0.0780772 
0.0303366 
0.0693516 
0.0743896 
0.051722 
0.0558399 
0.0768848 
0.0908144 
0.089186 
0.0594671 
0.0736504 
0.0699253 
0.0384565 
0.0347987 
0.0463497 
0.0418374 
0.0409625 
0.0166955 
0.0262758 
0.00212338 
0.0193369 
0.00648523 
0.00424578 
0.00953704 
0.0068921 
0.00885655 
0.0123612 
0.000548748 
6.70084e-13 
-1.76398e-08 
-1.8816e-06 
-3.97044e-09 
1.55936e-09 
1.38237e-12 
5.37031e-05 
-2.64659e-07 
1.82021e-06 
0.000307654 
0.000429145 
0.000842298 
8.81459e-05 
9.25186e-05 
0.00015269 
0.00259332 
0.00105232 
0.00426782 
0.0019979 
0.00799038 
0.00884212 
0.00507194 
-1.6525e-11 
3.53925e-10 
8.18776e-10 
1.45835e-10 
2.74401e-12 
3.4854e-12 
5.80871e-11 
1.65802e-10 
6.49671e-11 
8.43991e-13 
1.80331e-12 
1.20653e-12 
6.70043e-12 
2.18349e-11 
7.61829e-12 
7.05956e-13 
1.01771e-12 
1.69638e-12 
3.17984e-12 
6.55554e-12 
1.39768e-11 
2.94077e-11 
6.12345e-11 
1.36971e-10 
3.68414e-10 
2.67113e-10 
-4.04607e-11 
-3.22644e-10 
-1.48029e-10 
0.0259439 
0.0235669 
0.0305341 
-4.63787e-10 
0.0792756 
0.0921197 
0.0717817 
0.066149 
0.0812164 
0.0775043 
0.00437585 
0.0101638 
0.00636855 
0.00341782 
0.00367686 
0.00476015 
0.00883635 
0.0101581 
0.0106522 
0.000529983 
0.000657012 
0.000342149 
0.0353889 
0.0433546 
0.0780254 
0.0857751 
0.0885108 
0.0444014 
0.0226153 
0.0323008 
0.0284309 
0.01139 
-0.000956062 
0.00124381 
-1.32778e-09 
0.0394876 
0.0522484 
0.0641712 
0.0754429 
0.0859368 
0.0957792 
0.104652 
0.112472 
0.118638 
0.12236 
0.122551 
0.118008 
0.107964 
0.0923939 
0.073346 
0.0541117 
0.0372035 
0.0239175 
0.0143502 
0.00786556 
0.00384748 
0.00115556 
0.00159723 
3.36317e-05 
0.0764642 
5.13058e-07 
1.70361e-06 
1.03689e-07 
8.43022e-09 
0.0162916 
0.0731527 
0.029596 
0.093668 
0.0971391 
0.0950782 
0.0577699 
0.0301209 
0.0780619 
0.0823416 
0.0496715 
0.109847 
0.0947762 
0.0829547 
0.0868081 
0.0532616 
0.0839279 
0.0800563 
0.119047 
0.122827 
0.0654755 
0.122055 
0.0153482 
0.117938 
0.111487 
0.0367481 
0.0140466 
0.00074296 
0.103497 
0.0944586 
0.000358025 
0.0844658 
0.0738148 
0.0373314 
0.0624035 
0.0502714 
1.47872e-07 
0.00119272 
7.55858e-06 
0.0114385 
0.0501183 
0.00184382 
0.00633647 
0.0682314 
0.00610349 
0.056467 
6.47334e-13 
8.27844e-13 
1.29501e-12 
2.29267e-12 
4.52022e-12 
9.56042e-12 
2.03288e-11 
4.23312e-11 
8.98992e-11 
2.19933e-10 
6.03024e-10 
0.0895896 
0.000103285 
0.0792694 
0.00477506 
-0.00290699 
0.0938769 
0.0480986 
0.0611846 
0.0573143 
3.28643e-09 
0.0029312 
0.00630695 
0.0118697 
0.0203266 
0.0322838 
0.0480113 
0.0665876 
0.0860975 
0.103154 
0.115159 
0.121584 
0.122927 
0.120326 
0.114952 
0.107644 
0.0990857 
0.0929841 
8.49476e-10 
3.06019e-10 
1.33117e-10 
6.25593e-11 
1.32418e-05 
0.0250204 
0.0362414 
0.00461136 
0.0216878 
0.00184699 
0.0961634 
0.0621979 
1.0173e-09 
0.00173073 
0.00306286 
1.10102e-08 
1.36076e-07 
0.000147606 
2.5421e-06 
0.00187972 
0.00439119 
0.00878164 
0.0157218 
0.0258635 
0.0397623 
0.0570511 
0.00711065 
0.00918797 
-0.00109661 
0.00187242 
0.0438857 
1.04657e-12 
0.00708312 
5.00911e-05 
1.30742e-05 
3.81217e-08 
0.0367234 
0.0678655 
0.0184612 
1.46427e-09 
5.01566e-10 
1.97384e-10 
9.10865e-11 
4.28065e-11 
1.97578e-11 
9.05636e-12 
0.00269019 
4.42131e-12 
2.40378e-12 
1.47446e-12 
1.07619e-12 
1.22245e-12 
1.85273e-12 
3.20786e-12 
6.24624e-12 
1.33467e-11 
2.91481e-11 
0.00906605 
3.81651e-05 
2.91734e-12 
3.70782e-07 
0.0526847 
0.0395572 
0.0762333 
1.52639e-06 
0.0321476 
0.109939 
0.0966854 
0.0503025 
0.109576 
0.116507 
0.0245762 
0.121379 
0.0829517 
0.123209 
0.120848 
0.104853 
0.113214 
4.17682e-10 
0.100019 
0.00011933 
6.10082e-05 
0.0822936 
0.0627818 
0.0446486 
0.0297804 
0.0185658 
0.0106985 
0.00558118 
1.31312e-08 
0.0759103 
0.0725598 
0.065639 
1.56128e-07 
0.00160133 
0.0411624 
4.55292e-08 
5.4599e-08 
1.57036e-08 
0.00253031 
0.00186032 
0.0915737 
0.0941176 
0.0849984 
1.05832e-11 
6.2088e-12 
0.0628043 
0.028298 
0.031071 
0.0338496 
0.0389326 
1.28893e-09 
0.110376 
0.0693641 
3.60479e-09 
0.117724 
0.114629 
0.107312 
0.109122 
0.102213 
0.00219877 
0.0103582 
0.119261 
0.118655 
0.120959 
0.000982524 
0.0099683 
0.105558 
0.108654 
4.01733e-09 
1.53855e-09 
0.0868323 
1.63623e-11 
5.0443e-06 
0.000679977 
0.000863015 
0.016222 
0.0191166 
3.72667e-12 
0.0082407 
0.0100636 
0.0648354 
0.0875743 
1.26994e-10 
5.42507e-11 
1.15174e-11 
2.13154e-11 
3.11233e-12 
4.51963e-12 
5.12885e-12 
4.72698e-12 
6.35988e-12 
8.26917e-12 
8.36496e-12 
1.10699e-11 
1.517e-11 
0.00334403 
3.55445e-11 
6.99197e-11 
8.3316e-11 
1.08691e-10 
1.69176e-10 
2.86659e-05 
2.83711e-10 
6.15529e-10 
1.3798e-09 
2.1812e-09 
2.97932e-09 
4.82958e-09 
0.0918818 
0.0906307 
0.095515 
-2.53775e-10 
8.99168e-06 
0.0816307 
0.0855315 
0.0706093 
0.0690469 
0.0747828 
0.109477 
0.110204 
0.116407 
0.116632 
0.0558972 
0.000978229 
4.41601e-06 
8.14238e-09 
0.00147748 
0.00141747 
0.00215332 
0.0207678 
0.122735 
0.123248 
0.0691959 
0.0588437 
0.0632499 
0.102387 
0.0651428 
0.0262168 
0.0236589 
0.0316864 
0.0179522 
0.0462496 
0.050887 
0.111008 
0.0484994 
0.0462841 
0.0539536 
4.90243e-09 
3.8926e-05 
4.80027e-09 
2.27804e-07 
0.116974 
0.11645 
3.02152e-06 
0.0394515 
0.0591886 
0.101256 
0.113251 
0.122633 
4.94865e-10 
1.26961e-11 
5.3493e-12 
0.0754399 
0.0086672 
0.00783896 
0.0534309 
0.0471442 
0.0367782 
0.0317819 
0.0237102 
0.0142589 
0.00623239 
0.0561376 
0.0155103 
0.00383171 
0.0254708 
0.0752002 
0.0963953 
0.0390333 
0.0681602 
0.0045267 
0.0045341 
0.0612995 
0.108806 
0.0818954 
0.106725 
0.0352796 
0.116637 
0.118755 
0.0917843 
0.10845 
0.0559223 
0.0620851 
0.070773 
0.0659561 
0.00319663 
0.0120754 
0.0116811 
7.66925e-09 
0.111308 
0.104548 
0.0269482 
0.00115291 
0.122957 
0.0882749 
0.122529 
2.02223e-11 
2.61462e-11 
0.0231771 
0.0255016 
9.2862e-05 
0.0228992 
0.0171114 
0.112411 
0.115969 
0.0537597 
0.0452094 
0.10016 
0.0102147 
0.0877767 
3.39597e-12 
6.85099e-12 
4.79778e-12 
2.39698e-05 
0.0957008 
1.70108e-10 
2.38221e-11 
3.72873e-07 
1.69946e-07 
0.0802815 
0.0442898 
0.057119 
4.57959e-11 
2.92395e-06 
1.9138e-10 
4.18358e-10 
9.1053e-10 
0.112605 
0.0736497 
0.0788906 
0.0994238 
0.00608217 
0.000701657 
0.000566127 
2.59619e-10 
0.0327564 
0.0306104 
0.0375406 
0.0145362 
0.0177189 
0.0136585 
0.0189459 
0.0153534 
0.106893 
0.113357 
0.0746354 
0.1087 
0.0877092 
0.0973606 
0.0930081 
0.0782708 
0.101815 
0.0924708 
0.0405562 
0.0486874 
0.0439294 
0.00818907 
0.0933334 
0.0123415 
3.082e-11 
7.9213e-09 
0.0982085 
0.00801538 
0.121516 
0.11578 
0.0117488 
0.0200412 
0.00433388 
0.00289918 
0.0817051 
0.0156536 
0.10152 
1.88939e-10 
4.9755e-10 
5.66943e-11 
0.00818271 
1.93536e-09 
8.8497e-10 
3.93945e-10 
5.92619e-10 
1.30628e-09 
4.20345e-05 
0.123357 
0.125568 
0.00245763 
0.0349693 
0.0699263 
1.78401e-08 
0.120649 
0.125544 
4.66805e-07 
0.0104594 
0.100299 
0.113058 
0.0834446 
0.117483 
2.84e-08 
0.0861458 
0.000179554 
0.0522073 
0.0829036 
0.0699122 
0.0290188 
0.0770978 
0.00371944 
0.00280015 
0.018122 
0.00542373 
0.00418046 
0.0840062 
0.0231535 
0.0247407 
0.0195288 
0.102188 
0.00765933 
0.00842013 
0.00603424 
0.0358458 
0.0308944 
0.110823 
0.108162 
0.0711918 
0.0177727 
0.0139103 
0.0150691 
0.011386 
0.0439691 
5.13054e-05 
0.0401763 
0.114961 
0.0625581 
0.0664303 
1.08563e-10 
0.00386271 
0.0134609 
0.12193 
0.114358 
0.116874 
0.0881568 
0.00973888 
1.3129e-09 
0.106821 
0.123247 
0.000942404 
0.000949583 
0.000621107 
8.77833e-09 
0.0106375 
0.000775498 
0.00089324 
0.000289286 
1.10044e-09 
2.64366e-06 
5.53939e-06 
0.0147482 
2.60018e-10 
5.94605e-09 
1.24187e-08 
2.59044e-09 
1.69314e-09 
2.20972e-09 
3.44887e-09 
3.95771e-09 
5.40127e-09 
8.30907e-09 
0.10546 
0.0488357 
0.0508073 
0.0470594 
1.60847e-05 
0.00614745 
0.0132605 
0.0614912 
0.0547548 
0.122686 
0.121386 
0.000422556 
0.123504 
0.123109 
0.0660049 
1.65025e-10 
2.02381e-10 
3.14307e-10 
7.30051e-11 
1.33799e-10 
0.119825 
0.0599071 
0.0644719 
9.08679e-05 
0.102525 
0.105911 
0.0963376 
0.0123053 
0.0121643 
0.0148978 
0.110788 
0.113639 
0.112484 
0.113165 
0.0396846 
0.101454 
0.105336 
6.20517e-08 
0.000182228 
0.00019876 
0.0154253 
0.0164542 
0.0172132 
0.0170099 
0.0161872 
0.0195966 
0.0179096 
0.116728 
0.000150391 
0.000223084 
0.124494 
0.0869834 
0.128949 
2.47349e-07 
0.0412907 
4.1117e-09 
1.36692e-09 
0.0459852 
0.0435784 
0.123269 
0.077559 
0.000124707 
7.57301e-05 
0.118353 
0.117241 
0.0303207 
0.129503 
0.119991 
0.0954524 
0.119605 
0.120091 
0.0938273 
3.09193e-08 
0.125511 
0.073893 
0.0810404 
0.08941 
0.0460107 
0.0379271 
0.116194 
0.0439066 
0.0475098 
0.10331 
0.0015547 
0.090301 
0.071818 
0.114047 
1.24532e-08 
1.24476e-08 
4.42862e-09 
0.0809015 
0.0739138 
1.85908e-11 
3.56032e-11 
0.0641697 
0.00179405 
3.99555e-11 
0.00528131 
0.0988266 
0.0927727 
0.00337397 
0.0766619 
0.0907407 
0.127432 
0.113915 
0.0919948 
0.0931661 
0.129372 
0.124998 
1.17197e-11 
5.09278e-10 
4.22482e-10 
5.2817e-10 
0.0207658 
0.024986 
0.00109564 
0.123634 
0.0233036 
0.0253845 
5.0522e-11 
6.30683e-11 
9.0822e-11 
0.123804 
2.34255e-05 
1.80776e-08 
1.30931e-08 
6.9778e-07 
3.17172e-07 
2.82891e-06 
0.123994 
0.0905108 
0.0878475 
0.0941828 
1.24227e-11 
1.76499e-11 
5.75738e-11 
0.126033 
0.109959 
1.41706e-11 
1.85503e-11 
2.35161e-11 
0.00135683 
0.00158604 
0.0979915 
0.0969361 
0.101538 
0.0719067 
0.0644034 
0.122226 
0.0364207 
1.14904e-10 
6.90087e-10 
8.4395e-10 
1.39115e-09 
2.54982e-11 
3.18528e-11 
4.44716e-11 
0.107683 
0.111305 
0.117106 
0.0519151 
0.0536408 
1.40857e-05 
0.0774258 
0.0760971 
0.0816178 
0.125159 
0.124599 
0.127195 
0.128176 
0.0401944 
0.045096 
0.0551084 
0.0589653 
0.0324189 
0.030038 
0.0367905 
0.000472664 
0.0215497 
0.0227193 
0.0820625 
0.0704193 
0.104895 
0.107923 
0.0022594 
2.02854e-08 
2.75416e-08 
4.34557e-08 
0.0535675 
0.0557987 
0.0582994 
2.51837e-05 
0.00493305 
0.0996356 
0.00720205 
0.00687542 
0.00940019 
0.104687 
0.108158 
0.106301 
0.122049 
0.121736 
0.123136 
0.116389 
0.118592 
0.120328 
0.109191 
5.76797e-06 
0.0897691 
0.133492 
0.124061 
0.0860927 
0.134377 
0.0489411 
0.0984759 
0.025823 
0.0313665 
0.0267201 
0.102695 
6.47972e-06 
0.132284 
0.0243047 
0.0254978 
0.054939 
0.130304 
0.0733906 
0.0534331 
0.000288618 
0.0835853 
0.123853 
0.0346841 
0.112378 
1.92095e-11 
4.75421e-11 
2.45828e-11 
0.0599262 
0.00586327 
0.116692 
0.0994583 
0.065337 
4.42353e-10 
0.00148565 
0.00418256 
0.00542926 
2.70408e-05 
1.50034e-05 
0.133653 
0.135796 
0.104742 
0.0422496 
0.0366698 
5.67877e-08 
0.11593 
0.000776993 
0.000390465 
8.9056e-11 
0.126499 
0.000717228 
0.000650048 
0.000387292 
0.107376 
0.000511841 
0.000575498 
1.31491e-10 
0.12873 
3.41126e-06 
0.122846 
0.0431542 
3.58407e-10 
0.127412 
0.112207 
0.000120162 
0.000455482 
3.76722e-05 
0.0584583 
0.108317 
0.111465 
0.000233908 
0.000385924 
0.000172353 
0.0507067 
0.0445023 
0.120399 
0.117874 
0.000370743 
0.122758 
0.000334819 
0.118681 
0.0674779 
0.000360845 
0.000893589 
0.00105374 
0.000607391 
0.0589266 
0.0664414 
0.0610044 
0.000420768 
0.0330261 
0.0308894 
0.038166 
0.00354636 
0.111978 
0.00233561 
0.0026374 
0.00171156 
0.0802811 
0.13435 
0.129267 
3.84169e-07 
0.069581 
0.0625657 
0.132251 
0.0204961 
0.0921672 
0.135648 
0.0947467 
0.104604 
0.0986006 
0.0549917 
0.125998 
0.0514107 
0.00212402 
3.1205e-06 
0.136703 
0.101592 
2.86128e-08 
9.12017e-11 
0.000499943 
0.0598605 
0.0613987 
0.134502 
0.0720839 
8.01197e-10 
6.80277e-10 
6.37518e-08 
0.0598252 
0.109162 
0.00235523 
0.0793503 
0.0722424 
0.0936912 
4.1695e-11 
0.0223297 
0.043324 
0.123245 
0.00519109 
0.00396094 
0.120622 
3.11278e-09 
0.0209337 
0.11322 
0.107106 
0.00732212 
0.00775949 
1.96826e-10 
0.0871344 
0.0807349 
0.0531685 
0.0856395 
0.0134506 
0.0959815 
0.000518128 
0.115052 
0.115684 
0.0607969 
0.00152668 
0.0758447 
0.101043 
0.0841913 
1.33814e-10 
1.56609e-10 
2.33035e-10 
0.111592 
0.000381242 
1.60278e-06 
1.40793e-08 
0.121237 
1.14632e-07 
8.05343e-08 
1.79434e-09 
0.066035 
0.113728 
0.0073383 
0.00573889 
0.00119362 
0.128378 
0.0830048 
0.0872335 
2.92272e-10 
3.46586e-10 
5.21036e-10 
0.0638344 
0.0650363 
0.0936182 
0.0280421 
3.69707e-08 
7.65345e-08 
0.0481343 
0.0531814 
0.118146 
0.000948748 
6.27933e-11 
1.06041e-10 
1.05677e-05 
2.66063e-05 
0.123268 
0.125272 
0.116232 
0.104103 
0.107476 
5.58669e-09 
0.134438 
0.0434671 
4.08986e-10 
1.16424e-09 
1.33673e-10 
1.82001e-07 
9.02661e-09 
1.10452e-08 
1.75402e-08 
0.0887909 
0.0819883 
0.000608952 
0.0845101 
0.0886174 
0.0790302 
0.0777691 
0.0832835 
0.0682811 
0.0174718 
0.132167 
0.113123 
0.000356901 
1.06797e-09 
1.24637e-09 
2.01682e-09 
0.057965 
4.71956e-11 
6.29508e-11 
7.46725e-11 
0.0368588 
0.0390273 
0.0283071 
0.0291876 
0.000260309 
0.000165405 
0.0297945 
0.120729 
0.121114 
0.116425 
0.122347 
0.118151 
0.128881 
0.0728567 
0.0204958 
0.130622 
0.0377119 
0.010612 
0.0139885 
0.0132898 
0.0170333 
0.0174965 
0.0187889 
0.0145324 
0.130821 
0.136536 
0.134708 
0.0910804 
0.123846 
0.124076 
0.118918 
0.0100662 
0.0109899 
0.00806244 
0.000666514 
0.00066881 
0.107008 
0.105159 
7.35538e-09 
3.15837e-09 
0.0238404 
0.000891795 
0.000891268 
0.134454 
0.0965363 
0.0991675 
0.02299 
0.137468 
0.0985727 
0.0995586 
0.0269141 
0.1119 
0.0505733 
0.0464529 
0.0533779 
0.139824 
1.3108e-06 
0.0330876 
0.0381234 
0.0333018 
0.0494014 
0.0992535 
0.00060042 
0.122879 
0.122663 
0.123822 
0.0630871 
0.0731377 
0.00371627 
0.000562449 
0.122768 
0.00208205 
1.15918e-07 
1.58885e-07 
2.39312e-07 
1.2143e-09 
6.28705e-11 
1.54246e-10 
7.71065e-11 
0.0934981 
0.13138 
0.00120651 
0.00104802 
0.0013596 
0.0582185 
0.128371 
0.12967 
0.097495 
0.0996851 
0.091233 
0.0045117 
0.139661 
0.0299928 
0.0261826 
0.0339063 
2.86921e-08 
4.88577e-06 
3.51022e-09 
3.158e-09 
0.104839 
0.136893 
0.000741962 
2.28993e-08 
0.0664433 
0.113774 
0.0407685 
0.11602 
0.0001029 
1.06907e-07 
0.136932 
0.0100229 
0.0333744 
0.0285854 
0.006252 
0.096302 
0.0656069 
0.0603448 
0.067954 
0.0897946 
6.26662e-09 
0.13266 
0.1387 
0.140927 
0.139981 
0.11998 
0.116072 
1.87942e-06 
9.38826e-07 
5.89073e-06 
0.100659 
0.00421482 
0.00563862 
1.06539e-06 
0.00342069 
0.000746441 
0.000926631 
0.0010165 
0.00187905 
0.00174851 
0.00309249 
4.76988e-08 
0.000154181 
0.097899 
5.903e-08 
0.120371 
0.0235946 
0.0309569 
0.0334706 
0.0752404 
0.049648 
0.0491059 
0.112592 
0.1358 
0.137096 
0.0614869 
0.103972 
0.0556239 
0.105145 
0.138822 
0.138715 
0.101296 
5.51575e-05 
0.0228101 
0.0214209 
0.11716 
0.0445017 
0.100435 
0.128266 
0.0946868 
0.100322 
0.108118 
0.075148 
0.0803678 
0.000331371 
0.0871639 
0.0821243 
0.088652 
0.055026 
0.141213 
0.0677649 
0.120981 
0.120099 
0.0509685 
0.0380005 
0.0403986 
0.00121746 
0.026745 
0.003306 
0.00396678 
0.138062 
4.03892e-10 
0.0675834 
2.51593e-09 
0.081829 
0.0751399 
0.0353014 
0.0719304 
4.33518e-10 
0.00139614 
0.0739267 
0.0193241 
0.133737 
0.132498 
0.134984 
0.121919 
0.122218 
1.82782e-05 
3.62397e-06 
1.68916e-06 
0.00138181 
9.51071e-06 
1.1381e-08 
0.0693137 
0.000979776 
0.103793 
0.0049157 
0.00369841 
0.11658 
0.117133 
0.00033852 
1.60368e-09 
2.82695e-09 
0.109992 
0.113113 
0.000438048 
5.11517e-07 
3.31956e-07 
6.74521e-07 
0.042938 
0.0563716 
0.0615091 
2.78751e-10 
4.72859e-10 
1.04359e-09 
1.82265e-09 
0.139575 
0.123369 
0.124395 
0.125929 
0.00965361 
0.103214 
0.0775126 
0.0703928 
1.72447e-08 
7.81667e-09 
0.140968 
6.30801e-08 
1.22632e-07 
0.132754 
0.000201743 
0.00748384 
0.00760347 
0.0693967 
0.0704892 
0.0915071 
0.0955627 
0.13555 
0.111057 
0.113165 
0.112209 
0.110603 
6.21206e-09 
1.17312e-08 
0.117318 
0.052933 
0.033633 
2.22487e-07 
1.96435e-07 
0.0678886 
0.124551 
0.129322 
0.125606 
0.109797 
0.10526 
1.64924e-10 
0.0230008 
0.131644 
4.21209e-08 
7.86355e-08 
0.0495908 
0.0440783 
0.0128692 
0.0105077 
0.0796991 
0.0809063 
0.000868607 
0.0581858 
0.0607463 
0.0515059 
0.0411126 
0.0386938 
0.0461163 
0.109161 
0.0148039 
0.0181437 
0.0109625 
0.010203 
0.0138441 
0.124193 
0.00215749 
0.00241728 
0.0015529 
0.00701799 
0.00771333 
0.0054601 
0.109164 
0.100058 
0.0943145 
0.118186 
0.000495255 
0.017981 
0.0167851 
0.00077807 
0.0726952 
0.113984 
2.92684e-05 
0.00100915 
1.65445e-10 
0.105691 
0.119554 
0.000429533 
0.120652 
0.139147 
4.4506e-07 
0.111524 
0.104947 
0.105834 
7.61338e-05 
0.0460069 
0.0958313 
1.03653e-09 
0.122827 
0.0320306 
0.0713063 
0.0903927 
0.0392793 
0.033875 
3.93215e-09 
4.46081e-09 
6.95983e-09 
0.0030918 
0.0980805 
0.09588 
0.00149982 
0.0493665 
0.119646 
0.0384753 
0.142566 
0.00457027 
0.10381 
0.102263 
4.45781e-10 
0.000131258 
3.45208e-07 
0.0428057 
1.17835e-09 
0.0204223 
3.05462e-05 
0.136481 
0.00173708 
0.0772735 
0.000776976 
0.033193 
0.12817 
1.12829e-07 
0.115236 
0.118671 
6.77589e-10 
0.121433 
0.00130297 
0.000664713 
0.103161 
2.57302e-07 
0.114989 
2.18961e-08 
0.118869 
0.120954 
0.140132 
1.33266e-07 
0.122721 
0.120648 
9.72598e-07 
0.000183972 
0.000180743 
0.0612346 
0.078867 
0.0257727 
0.0217742 
0.136779 
0.000298147 
0.00559802 
4.28295e-08 
0.105201 
0.0863119 
0.085209 
0.09045 
0.118875 
0.123438 
0.119601 
0.0606072 
0.000875916 
0.000468705 
1.74552e-10 
2.37616e-10 
2.92799e-10 
6.4489e-07 
0.100633 
0.0955035 
0.0991973 
0.0780569 
0.0256558 
0.0657012 
0.0656746 
0.141084 
0.141725 
0.1108 
0.0199439 
0.0237988 
0.0390997 
0.10942 
0.11107 
0.104267 
0.0632966 
0.141814 
0.126637 
0.0707195 
3.29659e-09 
2.21405e-08 
1.14031e-07 
6.09605e-08 
1.16475e-07 
0.10543 
1.01062e-07 
0.107625 
6.78364e-05 
1.25012e-06 
0.0273852 
8.04872e-09 
0.0843354 
0.0845933 
1.14311e-09 
6.75312e-07 
0.0848543 
0.0138676 
0.124513 
0.106196 
0.124481 
0.0712957 
0.0940451 
0.0844148 
0.00229203 
0.0442918 
3.55623e-06 
0.049456 
0.0546606 
0.0502601 
0.142609 
0.0604882 
0.0299801 
0.00419346 
0.00466168 
0.00348071 
0.0775287 
0.133933 
0.143489 
0.143101 
0.017058 
0.0159365 
0.076217 
0.123633 
0.123771 
0.00220973 
0.00195712 
0.00142372 
7.48157e-10 
0.139766 
5.29877e-05 
0.134387 
0.0817819 
0.0828825 
0.000813769 
0.106835 
0.000105186 
1.41616e-08 
1.31104e-08 
0.124506 
0.123414 
0.111553 
0.0962615 
0.0563416 
0.0550954 
0.0299208 
4.52068e-05 
0.00121572 
0.0870298 
0.089467 
0.0801022 
0.131174 
0.128538 
0.13164 
1.317e-06 
5.59154e-07 
0.00673039 
0.116548 
0.101415 
0.000526894 
0.109232 
1.31774e-05 
0.102117 
0.0904717 
0.133884 
0.0014795 
0.114128 
0.11576 
3.01527e-07 
2.22959e-07 
0.000159461 
0.000498054 
0.115426 
0.118173 
2.25356e-05 
2.57439e-06 
5.37374e-06 
4.05015e-07 
0.123958 
0.125008 
0.0649682 
0.0699864 
0.0760844 
0.00027867 
0.141288 
5.24177e-09 
9.05273e-09 
0.00125665 
2.58755e-09 
0.140523 
5.05648e-05 
0.0658033 
0.137437 
0.0739227 
0.00604464 
0.0793443 
0.0984707 
0.1023 
0.13863 
0.137008 
0.139433 
0.000784092 
0.000881741 
8.58277e-06 
0.12136 
0.14247 
0.143955 
0.143076 
0.120988 
3.09941e-08 
5.95846e-08 
1.9471e-09 
3.42373e-09 
0.0640957 
0.130433 
0.00669705 
0.00520047 
0.00066458 
0.000924714 
7.31659e-05 
0.130977 
1.02556e-05 
0.00128427 
5.71388e-09 
0.0588401 
0.056351 
0.0747349 
0.123178 
0.123388 
0.0654455 
0.000158974 
0.044105 
4.40271e-08 
2.12001e-08 
0.0710251 
0.0474363 
0.0497656 
0.0413819 
7.37448e-07 
0.00917882 
0.00735034 
0.0421232 
0.0185493 
0.014864 
0.0951929 
0.0894234 
0.000245904 
0.0377385 
4.03266e-06 
5.11657e-10 
0.0874171 
0.0850134 
0.127286 
0.107057 
0.0794023 
0.0122267 
0.0131789 
0.00995816 
7.38691e-07 
0.0373909 
1.87354e-08 
2.21868e-08 
3.3086e-08 
0.124552 
0.0722839 
0.0780984 
0.078835 
0.0400323 
6.58881e-10 
6.37448e-06 
1.46382e-08 
0.141917 
0.00474088 
0.000653172 
0.000474911 
0.000791691 
3.59304e-07 
0.00112597 
0.101515 
6.26899e-05 
0.131368 
0.00266992 
0.000606092 
0.109569 
0.00336375 
0.0106426 
0.122759 
5.87964e-06 
0.142234 
4.25678e-07 
0.111019 
0.111724 
0.00151355 
0.0194375 
0.094647 
2.7233e-07 
0.134416 
0.00203742 
0.00211497 
0.000380173 
0.120623 
0.134747 
0.11908 
0.140069 
1.17559e-09 
1.5512e-06 
1.46094e-06 
0.000219158 
0.00183791 
0.11668 
0.140261 
0.00136029 
0.0068158 
0.118272 
0.12003 
2.01357e-09 
0.0844812 
2.43848e-05 
0.0791712 
5.74984e-05 
0.000455477 
0.000547354 
0.0246679 
0.0207478 
4.58872e-09 
0.00928513 
0.0474959 
0.0493607 
0.0553409 
0.050629 
6.4977e-05 
0.0711112 
0.0850146 
0.143555 
0.00010221 
0.00263317 
0.000315587 
0.00032464 
0.137778 
0.140545 
0.138063 
1.15847e-09 
3.73223e-05 
0.000112519 
0.0346553 
0.000615161 
0.0920797 
0.0199 
0.0133061 
0.0454466 
0.0941315 
0.0906099 
0.0607766 
0.0757832 
0.0307357 
0.026204 
0.131466 
0.000191315 
0.00222129 
0.0836556 
0.0841994 
1.57316e-05 
2.80314e-09 
2.04806e-07 
3.521e-08 
0.0900839 
0.0901694 
0.122569 
0.0903597 
0.08405 
0.101661 
0.0782188 
0.032797 
0.000706993 
0.0354754 
0.00592688 
0.12837 
0.0403709 
0.141972 
2.59345e-08 
0.09351 
0.0975237 
0.0606962 
0.140252 
0.108065 
0.0851417 
0.00291769 
0.000544063 
0.143904 
0.0572299 
0.0630035 
0.143244 
0.0582922 
0.0671383 
0.0938951 
9.75156e-05 
0.128046 
0.000697251 
0.12247 
4.64998e-07 
0.0754909 
0.0780312 
0.0683648 
0.0784569 
0.00265527 
2.87543e-05 
0.142556 
1.0608e-06 
0.114812 
0.117225 
0.0903122 
0.0161775 
0.0151116 
0.112945 
4.54194e-05 
0.0900325 
0.110791 
3.03014e-06 
0.113579 
0.120266 
2.04179e-07 
0.12015 
0.000206126 
0.0733859 
0.137832 
0.122137 
0.073393 
2.3881e-08 
8.98903e-05 
5.18531e-07 
0.124455 
0.12458 
0.000416083 
0.121144 
0.00104721 
0.00108351 
0.00897155 
0.0100556 
0.124653 
0.12469 
0.113053 
0.144322 
0.1052 
0.108811 
0.0833767 
0.089041 
0.137583 
0.000140449 
0.0853129 
0.0804432 
0.0883141 
0.0872531 
0.092518 
0.00343214 
0.0730725 
0.0300915 
0.125113 
0.124907 
0.000680961 
0.000379536 
0.00443818 
0.0033253 
0.0852793 
1.27241e-07 
8.45498e-09 
8.41741e-09 
1.50739e-08 
0.0828612 
0.00132144 
0.0014478 
0.112517 
0.0260033 
0.0611207 
0.0922853 
0.0895296 
0.0012313 
0.11425 
0.130814 
0.134384 
0.0377662 
0.0325338 
0.144635 
0.000143243 
0.00634908 
0.00494836 
0.0762054 
0.115617 
0.124395 
0.124857 
0.0245374 
0.0175911 
0.0143641 
0.0456771 
0.00164816 
0.0544125 
0.104391 
0.0806686 
0.000331307 
0.100592 
0.102613 
0.0943114 
0.131786 
0.12795 
0.06585 
0.125256 
0.121439 
0.124762 
0.0904073 
1.55086e-05 
4.85131e-09 
2.41988e-05 
0.00321817 
0.00429979 
0.00103053 
0.0544738 
0.00208298 
0.00178962 
0.000142336 
0.0636934 
0.0567966 
0.0710625 
0.00270563 
0.000209401 
0.109781 
0.00258069 
0.0657813 
0.054896 
0.0757783 
0.0732898 
0.000310519 
2.38039e-05 
0.0876043 
0.102572 
0.0969496 
0.0819577 
0.086351 
0.124192 
0.000776195 
0.000121762 
0.000898335 
0.0355635 
0.060945 
0.137545 
0.0895048 
0.0905262 
0.00127464 
0.142838 
0.0957131 
0.0954376 
0.0255419 
0.0307439 
0.144706 
0.0805086 
0.000109776 
0.0890623 
0.0672808 
0.0969459 
0.0856745 
0.12268 
0.000490516 
3.86505e-07 
0.0665619 
0.0185162 
0.116791 
0.118139 
0.14392 
1.8299e-06 
0.117159 
0.116631 
0.119842 
0.0819051 
0.00222516 
0.109117 
0.111201 
0.049597 
0.00637177 
5.32353e-05 
7.69393e-05 
3.63184e-05 
1.07145e-07 
0.135058 
0.118335 
0.134623 
0.121827 
0.00343845 
1.71695e-05 
0.00351996 
0.00393005 
0.00448108 
0.134736 
0.0706114 
0.0903929 
0.0905176 
1.02018e-06 
0.106434 
0.0010333 
0.000221508 
0.125442 
0.12581 
0.0767041 
0.0761154 
1.30568e-07 
0.0715 
0.00156843 
0.113219 
0.00120024 
3.59851e-05 
1.64488e-06 
7.7306e-05 
0.0611856 
4.2467e-06 
0.00252908 
0.00248248 
0.137979 
2.52312e-05 
3.29922e-05 
0.000324629 
0.00281635 
0.0235476 
0.0197822 
0.0561054 
0.123343 
5.52612e-08 
0.115508 
0.0821762 
0.0778779 
0.0185291 
0.0224467 
0.0123637 
0.00204905 
0.00258396 
0.0999044 
0.0923902 
0.102694 
0.144788 
0.0457119 
0.03983 
0.0810354 
8.00617e-05 
0.11303 
0.114499 
0.108151 
0.0919913 
0.0929225 
2.39151e-05 
0.0131481 
0.0160483 
0.00866532 
0.00695213 
3.64549e-05 
0.123973 
0.108185 
0.12571 
0.125771 
0.125273 
0.011563 
0.0124362 
0.00938218 
0.079476 
0.00176456 
7.12038e-05 
7.56278e-08 
1.39378e-07 
0.144873 
0.0010577 
0.0661769 
0.0311771 
0.0655362 
3.37367e-05 
0.0549916 
0.13434 
0.128313 
0.10058 
0.10441 
0.00166255 
0.00181974 
0.141445 
1.40059e-05 
0.0554025 
0.0697519 
0.13813 
0.0806893 
6.21869e-06 
0.121291 
6.53526e-06 
0.0603147 
0.0523584 
0.117848 
0.000501519 
0.140488 
0.122254 
0.139798 
8.22467e-07 
0.137138 
0.0953074 
0.0953051 
6.10619e-06 
0.0698645 
0.0759211 
0.124733 
0.135129 
0.000234995 
0.000335173 
0.000162598 
0.144016 
0.142497 
0.0356629 
0.040192 
0.00321426 
0.00313265 
0.00356234 
0.118974 
0.144224 
0.073353 
0.049436 
0.00544163 
3.42365e-07 
0.00147662 
0.144717 
0.125647 
0.125609 
1.63337e-05 
0.130766 
0.0814834 
0.118486 
0.144137 
0.000281725 
0.100679 
0.0986259 
5.07366e-07 
3.87212e-06 
2.02557e-06 
5.38223e-06 
1.06343e-05 
9.33515e-07 
1.64606e-06 
0.125745 
0.0769871 
5.12202e-06 
0.119215 
7.39224e-07 
1.16047e-06 
0.000443985 
2.49552e-06 
1.82728e-06 
3.87355e-06 
0.0012192 
0.00202966 
0.0017222 
0.089868 
0.0921583 
0.0828897 
6.69286e-08 
0.0652555 
0.139219 
0.00193177 
0.118307 
0.00921292 
0.0080302 
0.0115037 
0.111599 
0.114922 
0.000955902 
0.001188 
0.000654751 
0.000681664 
0.0871057 
3.95803e-06 
0.000836485 
6.07948e-08 
0.0472078 
0.144547 
6.28422e-05 
0.000108036 
0.121898 
0.119524 
0.122256 
0.000161934 
0.00016053 
0.0813094 
0.0776937 
2.39405e-07 
0.00023079 
0.0294509 
0.0250196 
3.55555e-08 
0.00421998 
0.00321051 
0.113661 
0.0153223 
0.0142878 
0.12889 
0.129178 
4.35088e-07 
0.143408 
0.0479536 
8.43788e-06 
0.0435347 
0.0395386 
0.043869 
5.52096e-06 
1.31441e-05 
0.116921 
0.0733412 
0.130919 
0.102014 
1.86345e-05 
0.0708874 
0.101072 
1.32741e-05 
0.110201 
0.125607 
0.129511 
0.0894073 
0.0791507 
0.0761989 
3.00049e-07 
0.00243487 
0.00126253 
0.00159369 
0.0614288 
0.0638288 
0.0546317 
1.30499e-05 
0.0488742 
0.0313318 
0.0755604 
0.129467 
3.32919e-05 
1.26314e-05 
0.0947669 
0.0956821 
0.144828 
0.000348256 
0.125363 
0.114784 
0.121537 
0.0537099 
0.086009 
0.0460135 
0.142578 
0.125225 
0.123537 
0.142471 
0.000349038 
0.14057 
0.105799 
0.000488405 
0.00211945 
8.29011e-05 
0.132109 
0.135362 
0.132365 
8.34396e-06 
0.0420081 
0.100379 
0.105346 
0.10017 
1.90849e-05 
0.0862467 
0.00484909 
0.00583174 
0.0439016 
0.140314 
0.000119506 
0.00179395 
0.125706 
0.0580371 
1.1177e-05 
0.0439009 
5.47485e-07 
0.00131156 
1.86171e-05 
0.106496 
0.104562 
0.0905597 
3.87653e-05 
0.000572645 
2.70256e-05 
4.56385e-05 
8.21432e-06 
7.62423e-08 
1.57265e-07 
2.62316e-07 
0.000949726 
0.14466 
0.0175767 
2.78888e-06 
0.143977 
0.142248 
0.117359 
0.118715 
0.107435 
0.107858 
5.01322e-08 
2.88984e-07 
0.000367793 
0.0690553 
0.0683944 
0.0272125 
0.0228406 
0.0273783 
5.47594e-05 
0.135577 
0.00326277 
2.0471e-05 
0.0362457 
0.0311768 
0.142472 
0.141303 
0.142643 
4.98188e-07 
4.34836e-06 
1.57017e-05 
8.73018e-07 
9.99699e-06 
1.62113e-05 
7.3229e-06 
3.15125e-06 
2.92885e-05 
8.72408e-08 
1.64923e-06 
0.000664227 
0.120797 
0.123233 
4.07629e-07 
0.0684075 
1.07971e-06 
4.07167e-08 
0.0059359 
0.00468285 
0.125459 
0.00230177 
0.132714 
0.109291 
0.126627 
0.126496 
0.0888465 
0.0737168 
0.132574 
0.00170291 
3.05638e-05 
0.00200895 
0.0590605 
0.0477185 
0.0432462 
5.48643e-05 
0.067142 
0.124651 
5.5768e-08 
0.0634914 
9.52566e-07 
0.107376 
0.110931 
0.00251369 
0.00253529 
0.097985 
7.04271e-05 
0.000364364 
0.14246 
1.13206e-07 
8.6991e-08 
1.49584e-07 
1.28861e-07 
2.47442e-07 
1.32079e-07 
2.81323e-07 
0.115399 
0.0021083 
0.0971379 
2.81872e-07 
6.84709e-08 
6.05564e-07 
3.81066e-07 
7.56052e-08 
0.0910343 
0.144524 
0.114008 
0.0953097 
0.0521415 
5.7299e-06 
0.143685 
0.124854 
0.1231 
7.87485e-07 
0.12628 
1.73331e-05 
0.104528 
0.132856 
1.63585e-07 
0.102283 
0.100398 
0.000179352 
0.000268866 
0.00012359 
3.82922e-05 
0.00457254 
0.00514528 
1.84566e-07 
0.00400392 
0.00404903 
0.00460331 
0.00719016 
0.00843757 
0.0807058 
0.125959 
0.131914 
5.48012e-05 
0.138044 
0.000551646 
0.142244 
0.0997265 
0.140311 
0.0613721 
0.11159 
0.113156 
0.106419 
0.00262401 
0.00229986 
2.38754e-07 
0.0145288 
0.0135271 
0.14465 
0.0353062 
0.0307935 
0.0562268 
0.0620991 
0.0779749 
0.0707272 
0.000802302 
0.128578 
0.0791327 
0.0872164 
0.00172047 
0.0501813 
0.0523535 
0.0439968 
2.48822e-07 
0.12174 
0.118614 
0.00139553 
0.00178435 
0.0952198 
0.094342 
0.0950496 
0.120377 
0.143702 
0.0224489 
0.0187939 
2.06075e-07 
1.86674e-08 
3.94839e-08 
0.123002 
1.82788e-08 
8.02535e-08 
1.66916e-07 
0.111969 
0.0985287 
0.0964438 
5.84357e-05 
0.108447 
0.126439 
1.37771e-05 
2.30167e-07 
3.46016e-07 
2.03845e-07 
0.117514 
2.38121e-07 
3.77578e-07 
1.27571e-06 
2.6992e-06 
5.27211e-07 
0.000296214 
2.84377e-06 
0.068788 
0.0648309 
0.0645842 
0.0006609 
0.000769322 
0.129674 
0.00259626 
0.0852083 
8.33174e-06 
0.000387188 
0.138031 
0.0116556 
0.0108488 
0.00272695 
0.00205223 
0.00292694 
0.134722 
0.00344274 
0.0347385 
3.97752e-05 
0.0389676 
0.0344952 
0.0385107 
0.0978767 
0.0906131 
0.101108 
0.0381416 
0.140347 
0.137618 
0.140197 
0.119798 
1.34805e-06 
0.12518 
0.126911 
0.126895 
0.0164741 
0.107165 
1.80206e-07 
0.120142 
1.39475e-06 
4.6642e-07 
2.19157e-06 
8.57442e-07 
0.0198786 
3.48271e-07 
3.76949e-07 
0.135453 
0.116795 
7.2635e-07 
4.14836e-05 
0.00809793 
0.00873525 
0.0064358 
0.10364 
4.53757e-07 
2.24252e-06 
0.0416757 
4.25554e-07 
0.0620646 
0.0875029 
0.089738 
0.0803315 
0.117836 
2.5572e-07 
0.0995397 
0.0975286 
2.27717e-05 
2.2469e-05 
4.4676e-05 
0.139718 
4.56708e-07 
7.90025e-06 
0.0956895 
0.144492 
0.115383 
0.00315276 
7.03912e-06 
1.96506e-06 
0.000981873 
0.125438 
0.0143028 
3.06459e-05 
2.08252e-05 
1.10219e-07 
0.12359 
6.06716e-07 
0.0999579 
0.00276338 
0.00291018 
0.0377333 
0.0998816 
0.135413 
0.138108 
0.135513 
0.000110993 
0.0565028 
0.000634505 
0.0364487 
1.45569e-05 
7.51206e-07 
5.52164e-05 
4.4352e-06 
0.0872585 
5.18725e-07 
2.34873e-07 
0.126983 
0.000107328 
7.97509e-05 
0.102863 
0.102074 
0.10666 
0.0951875 
0.0931018 
9.27023e-07 
0.122888 
0.0274366 
8.24307e-07 
0.126189 
0.12623 
6.22934e-07 
0.141758 
0.0553756 
0.00281784 
1.32086e-06 
0.0118732 
0.143139 
0.00117741 
0.110499 
0.143977 
3.12242e-06 
5.11723e-06 
2.43857e-06 
0.122656 
0.143984 
0.143797 
1.53666e-06 
6.49533e-07 
4.73244e-06 
0.034602 
0.0200231 
0.0237697 
0.000515765 
9.96648e-05 
0.0281165 
0.0238688 
0.000221189 
0.00357618 
0.112776 
0.111577 
0.000609299 
0.0561851 
0.000287606 
0.0996621 
0.0998126 
0.143574 
0.0676189 
0.064173 
2.64715e-06 
0.122268 
0.116519 
0.120909 
0.000974283 
1.9908e-05 
0.125162 
0.124922 
0.126914 
8.47655e-07 
0.00120574 
0.00158262 
0.129719 
0.11083 
0.115503 
9.53418e-08 
7.10294e-06 
4.25483e-06 
0.144174 
3.69548e-06 
4.38243e-06 
5.67551e-06 
0.000534133 
0.000637389 
0.104195 
0.114551 
0.0329972 
0.0928041 
0.0961936 
0.0932904 
1.46202e-06 
0.119093 
0.142134 
0.0296988 
0.000289079 
4.2115e-06 
1.11641e-05 
1.86951e-05 
0.000450219 
0.00062957 
0.00389503 
0.00304424 
0.0329732 
0.126574 
0.135463 
0.132725 
0.00343822 
0.0653666 
0.0940708 
7.37534e-05 
5.98083e-07 
7.31467e-07 
0.036523 
1.6497e-06 
0.0127954 
0.0541911 
0.0443928 
0.113788 
0.116997 
0.000297917 
0.00339652 
5.73643e-05 
7.08342e-05 
3.55975e-05 
4.13983e-05 
8.43338e-07 
2.21302e-06 
0.0972747 
0.00380359 
0.00347639 
0.045428 
0.114252 
0.109751 
0.0143957 
0.0172587 
0.124829 
0.107901 
2.36154e-06 
2.17424e-06 
1.00685e-06 
0.000547962 
0.000453729 
4.46994e-07 
0.0402052 
0.104551 
0.00307429 
9.27332e-05 
0.0908304 
0.0884539 
1.086e-06 
0.106554 
0.000131898 
0.00633083 
0.00747582 
1.59901e-06 
2.5211e-06 
1.58541e-06 
3.6587e-06 
6.63697e-06 
1.05988e-05 
0.000111813 
6.64478e-06 
0.132701 
0.0624646 
4.35448e-07 
1.04062e-05 
0.0509229 
0.000110713 
0.119585 
0.122314 
3.56539e-06 
0.000131715 
0.000159613 
1.30552e-06 
1.21927e-06 
0.043633 
0.122717 
0.10166 
6.00884e-06 
0.108844 
0.108611 
0.000160328 
2.94409e-06 
0.00499671 
0.104765 
0.104069 
0.051938 
0.000123045 
0.143393 
6.98033e-06 
5.61608e-06 
0.000146794 
0.137894 
0.137875 
0.0499334 
0.0586431 
0.097204 
0.0979608 
0.0597218 
0.0656173 
0.0737327 
0.000467709 
6.4487e-05 
4.532e-07 
6.40222e-07 
6.9792e-07 
0.128063 
0.102513 
0.096177 
0.105205 
0.139592 
0.0243151 
0.0656494 
4.89025e-08 
0.0400198 
0.0346391 
1.08726e-06 
1.21805e-06 
0.142986 
0.109959 
0.104426 
0.000115641 
1.09918e-05 
6.9472e-06 
0.0489885 
7.90735e-06 
0.047918 
0.127965 
0.000192436 
0.000178219 
0.0333874 
0.00102838 
0.141988 
0.116161 
0.111625 
0.100276 
0.00250418 
0.00307888 
3.11121e-06 
2.43383e-06 
3.00312e-08 
0.0994785 
0.143982 
0.0109726 
1.76582e-06 
1.17505e-06 
0.0166976 
0.0137786 
6.0285e-06 
0.000316454 
0.14165 
0.140014 
0.124765 
0.129618 
0.000851089 
0.0256347 
3.59124e-06 
0.000148611 
0.000560998 
0.104445 
0.0101561 
0.0298486 
0.128296 
0.132898 
0.000838293 
1.71965e-05 
1.15506e-05 
0.000935275 
0.00095927 
0.00422804 
0.00430056 
1.02832e-08 
0.00184361 
0.00137692 
0.0562216 
0.0523222 
0.0103349 
0.127509 
0.127298 
0.136373 
0.136257 
0.0283025 
0.0267867 
0.129617 
0.126247 
4.27631e-05 
4.74374e-05 
6.76149e-05 
0.00524666 
0.0854719 
0.077469 
0.0897916 
0.028456 
0.126643 
0.127096 
0.125523 
0.087171 
0.0848943 
9.18161e-07 
0.13507 
0.00803858 
9.67215e-05 
6.67965e-07 
0.0314957 
0.0103632 
0.00953562 
0.00071368 
0.0436645 
1.15108e-05 
1.60471e-06 
1.17162e-06 
6.57098e-07 
3.8306e-07 
3.82154e-07 
0.000203007 
0.00412544 
0.0833888 
0.000136108 
3.08063e-06 
0.121077 
0.11754 
9.61428e-06 
3.84208e-06 
1.85134e-06 
0.00455513 
0.000187979 
0.00386351 
0.117672 
0.00395664 
0.00464757 
0.000275126 
0.107548 
0.0979941 
1.7418e-05 
0.0453957 
0.0555131 
0.052053 
0.103927 
0.109427 
0.118998 
0.0213528 
0.0226787 
0.0178602 
0.0537207 
0.0472979 
0.141436 
0.0344625 
0.102746 
0.10205 
0.106813 
0.100465 
0.104129 
0.10084 
2.11072e-05 
0.108043 
0.000140268 
0.109038 
0.109691 
3.47738e-05 
0.13587 
0.143035 
1.26579e-06 
0.137507 
0.000238733 
0.142745 
0.046813 
0.0518391 
0.139246 
0.128303 
0.0929603 
0.143221 
7.16269e-07 
1.0247e-06 
8.86218e-07 
0.000224797 
0.00024055 
0.000449043 
0.000361792 
0.122416 
0.000247425 
1.48266e-05 
6.87321e-06 
0.11319 
0.0540813 
0.0491662 
0.0510071 
0.0223279 
3.1717e-06 
1.82753e-05 
2.1708e-05 
2.69438e-05 
0.0292268 
0.000264404 
4.52215e-05 
1.04056e-06 
0.0363655 
0.00584496 
0.00583629 
0.00645836 
0.103263 
0.000275295 
0.00112449 
3.35684e-06 
8.58406e-07 
6.66553e-06 
5.025e-06 
0.0106303 
0.00908954 
0.0127417 
0.00530916 
0.044447 
0.0406775 
5.74518e-07 
0.000289778 
0.128958 
1.26979e-05 
1.6195e-05 
1.81983e-05 
0.0418818 
0.00122881 
0.000224593 
0.000157348 
0.00135548 
0.00136808 
0.0495678 
3.03708e-05 
0.00144603 
0.00222593 
0.002751 
9.73292e-07 
0.0204599 
9.9188e-07 
0.0246192 
1.48708e-06 
4.39432e-06 
9.56785e-06 
0.000301183 
0.0399868 
0.00145686 
3.25663e-06 
1.5004e-06 
1.06374e-06 
1.38777e-06 
0.00200886 
0.00242787 
0.000483338 
5.48056e-06 
6.81011e-06 
8.24982e-06 
1.28575e-05 
1.55921e-05 
0.124666 
0.122153 
0.134921 
0.132279 
9.05793e-06 
7.96303e-06 
0.00200968 
0.137359 
0.132247 
0.00686817 
0.000178516 
0.142429 
0.0074449 
0.0301673 
0.00902078 
0.00100008 
0.00101008 
0.12454 
6.42926e-07 
1.5285e-05 
2.48058e-06 
0.000313311 
0.000297463 
0.000377165 
2.78099e-06 
2.47964e-06 
4.43824e-06 
0.0813708 
0.0882101 
0.00513482 
0.000417547 
0.000173326 
7.13982e-05 
1.88852e-06 
4.63594e-06 
0.000332548 
0.0244091 
0.00429357 
1.64824e-05 
0.0425221 
0.135724 
0.0169344 
0.11247 
0.112191 
5.51678e-06 
2.24408e-06 
0.113182 
0.128985 
2.89321e-05 
0.0781246 
0.0763109 
0.115693 
0.000520476 
0.000358612 
0.0848984 
7.31583e-06 
9.23173e-06 
0.0910153 
0.0398401 
0.000708034 
0.000342731 
0.00635371 
0.00650542 
0.10144 
0.108452 
0.138971 
1.78442e-06 
0.113317 
0.106629 
0.111378 
2.72015e-05 
1.82247e-05 
0.000488326 
0.00040008 
5.3703e-06 
1.59656e-06 
2.0447e-06 
0.0329498 
0.0373245 
0.141144 
0.0752807 
0.0775999 
0.0679657 
0.139521 
0.139384 
1.51712e-06 
1.73507e-06 
0.00143899 
1.96668e-06 
0.142931 
0.107933 
0.0272089 
0.122209 
0.118165 
0.0378863 
0.000273904 
0.0914204 
0.142765 
0.139945 
0.0962285 
0.00541381 
0.0058216 
0.00419011 
8.09273e-05 
0.128004 
0.00500146 
0.0210352 
2.12985e-06 
7.07052e-07 
0.100214 
0.0935858 
0.00411821 
0.00488866 
0.13136 
0.0399908 
2.57486e-06 
0.000733729 
0.128585 
0.108104 
0.102211 
0.0860735 
0.0054185 
0.0024213 
0.0395611 
1.76905e-06 
2.54943e-06 
2.1748e-06 
1.49589e-06 
1.07759e-06 
0.001387 
0.126619 
0.126769 
3.03877e-06 
0.00035639 
0.131517 
0.121673 
0.00772037 
0.00736792 
2.1365e-05 
0.000596778 
0.0356108 
0.0627983 
0.142312 
0.0843254 
0.0820236 
1.41794e-06 
0.012136 
0.00981919 
0.116013 
0.0557583 
0.00753167 
2.00361e-06 
2.08049e-06 
1.44874e-05 
1.07757e-05 
1.94271e-06 
1.39331e-06 
1.78417e-06 
0.000198059 
2.10491e-06 
0.119152 
3.40659e-06 
0.0446374 
0.0411679 
5.19388e-05 
5.65638e-05 
0.00180931 
0.00186774 
0.00103782 
6.67398e-07 
0.0526038 
0.0604961 
0.0253624 
1.10809e-06 
0.128295 
0.128283 
0.12914 
0.126131 
0.129058 
0.00131944 
0.00118963 
0.000794837 
1.14836e-06 
0.126956 
0.125477 
3.9277e-05 
3.85675e-06 
0.00522577 
0.00480217 
0.00139157 
0.00686178 
3.81209e-06 
0.00713189 
0.00644612 
0.00147977 
2.88926e-05 
0.000519285 
0.0277422 
2.06766e-06 
0.0718196 
0.0886152 
0.127482 
0.000305101 
0.000400141 
0.107293 
3.3473e-06 
6.31639e-06 
0.00058279 
0.114797 
0.0255991 
0.0244012 
0.00271728 
1.08126e-05 
0.0386537 
0.13121 
4.69907e-05 
0.00188946 
0.00229444 
0.00571655 
0.127727 
0.000614199 
2.84601e-05 
0.129042 
0.125844 
3.0133e-06 
0.00203696 
0.00201998 
0.00275474 
3.5241e-06 
0.141436 
3.67235e-06 
1.24461e-06 
0.138225 
8.6841e-06 
1.17153e-06 
0.000129796 
0.00069422 
0.000486775 
0.000639994 
0.000700515 
0.11204 
2.86211e-06 
0.138691 
0.141129 
0.142099 
0.140945 
1.59607e-06 
2.96858e-06 
0.111576 
0.0337063 
0.00605199 
0.0170856 
2.53339e-06 
0.0266912 
0.0312039 
0.111423 
1.72556e-06 
2.5681e-05 
9.90272e-06 
1.34773e-05 
1.21055e-05 
0.0237866 
0.114398 
0.0327251 
0.0377259 
0.0419161 
2.55615e-06 
0.0723276 
0.0746957 
0.0650125 
0.125994 
0.125793 
0.0818493 
0.0509755 
0.0721305 
0.0636893 
0.0757034 
0.0869813 
0.000974727 
0.140244 
0.137724 
0.139744 
0.0356033 
2.40477e-06 
3.14872e-06 
3.18886e-06 
0.000834257 
0.000966068 
0.00113739 
5.53214e-05 
0.0082062 
7.67016e-05 
2.36513e-06 
3.11125e-06 
4.31405e-06 
3.95337e-06 
3.24307e-06 
2.31957e-06 
3.18677e-06 
2.91463e-06 
0.00799964 
0.00779507 
0.00954726 
0.000120554 
0.0218854 
0.00564911 
0.000201715 
5.67982e-05 
0.0343724 
0.031272 
0.0442421 
0.0410589 
0.00330589 
0.00113019 
0.00129773 
0.00157862 
0.0235871 
0.0202913 
0.0221474 
3.89784e-05 
0.125723 
4.41142e-06 
0.119419 
0.042878 
0.021486 
0.135242 
0.115484 
2.59543e-05 
0.00371165 
0.00399601 
0.00444837 
0.00244408 
0.000573581 
0.121665 
0.124247 
0.0292589 
0.0249814 
0.000160722 
0.000101351 
0.000158534 
8.50856e-05 
0.118302 
0.117795 
0.121268 
0.00436787 
0.00798267 
0.00746739 
6.20925e-06 
0.00611609 
0.128299 
0.00186042 
0.00189095 
3.93344e-05 
0.00076808 
0.0416485 
0.000659509 
0.000830038 
3.71912e-06 
0.127077 
0.0813209 
0.0790392 
0.104516 
0.000110002 
0.000815899 
0.116262 
0.00345064 
1.57848e-05 
0.0410635 
0.0479105 
4.67791e-05 
4.50369e-06 
0.115659 
0.10987 
8.24041e-05 
8.72859e-05 
0.0328315 
0.0663949 
0.0647621 
8.51864e-05 
7.44909e-05 
0.127076 
1.65393e-05 
0.0767524 
3.38656e-05 
0.130832 
4.83291e-05 
7.02162e-05 
2.66234e-06 
0.102595 
0.100166 
0.0446373 
0.109822 
0.1137 
0.000311783 
3.5774e-06 
4.58388e-06 
0.0158405 
0.0130505 
0.00646274 
0.105232 
0.104684 
0.109114 
0.138435 
0.136705 
0.140953 
0.141923 
0.0371509 
6.15314e-06 
0.0318402 
0.115297 
0.134802 
0.000290386 
0.000202574 
0.120194 
4.67491e-06 
4.93284e-06 
0.139971 
0.141865 
0.0306673 
0.0697641 
0.0152661 
0.020263 
0.0305821 
0.0146825 
3.08688e-05 
1.86003e-06 
0.0704482 
0.0701079 
0.0598811 
0.0529988 
0.00630591 
0.0072624 
0.0797514 
0.119564 
4.53652e-06 
0.0977059 
0.0908415 
7.65694e-06 
9.86945e-06 
0.127828 
1.03597e-05 
7.29129e-06 
0.128864 
0.0085206 
0.00672786 
0.000414306 
3.4331e-06 
3.78203e-06 
0.000106752 
0.0432781 
0.0393241 
0.0404974 
0.0200894 
0.0190246 
5.3683e-06 
6.38215e-06 
0.0848977 
0.00912749 
0.00980949 
0.00830852 
4.00562e-05 
4.85679e-05 
5.88401e-05 
0.000383922 
3.53188e-06 
3.4824e-06 
0.00201313 
0.0067876 
3.17913e-06 
4.41524e-06 
0.0746729 
0.000624544 
0.128224 
0.000188874 
9.59393e-05 
3.99226e-06 
0.0123978 
0.140242 
0.14145 
6.69054e-06 
4.97494e-06 
8.68882e-06 
0.125471 
0.0923173 
0.00232424 
0.129813 
0.129543 
0.00190436 
0.00134154 
0.113508 
0.0347345 
0.0317215 
2.11973e-05 
1.58239e-05 
3.02963e-05 
3.92188e-05 
4.22363e-05 
0.00264649 
0.00256658 
0.00275946 
0.00282878 
0.0301716 
0.00501081 
0.126332 
5.89136e-06 
5.46459e-06 
0.0265959 
0.117044 
0.116627 
0.0284111 
0.132139 
8.83958e-06 
0.129812 
0.000281114 
0.00256949 
7.28013e-05 
0.00122051 
0.0705174 
0.000714409 
0.0655439 
1.42325e-05 
0.11122 
0.097632 
0.0901471 
0.0952984 
0.00069243 
0.00129391 
0.125245 
0.124311 
0.00335201 
0.0222183 
0.113171 
0.00455529 
1.64924e-05 
1.97956e-05 
0.129977 
0.105983 
0.00306335 
0.029619 
0.124834 
0.123787 
6.9389e-06 
0.107729 
0.125248 
0.0199903 
0.0194988 
0.0160417 
0.000380993 
0.141278 
0.141502 
0.141038 
0.0108591 
4.37896e-05 
0.0296045 
0.0329486 
7.45056e-06 
5.33976e-06 
0.134225 
4.93127e-05 
0.119344 
0.118969 
0.117838 
0.118235 
0.000313325 
0.000156106 
0.000148954 
0.000243712 
0.121389 
0.14011 
1.17178e-05 
0.0333167 
0.0256525 
0.00338708 
0.111379 
0.0169403 
8.93411e-06 
1.01424e-05 
1.31935e-05 
2.35277e-05 
0.11257 
0.112375 
1.09656e-06 
0.0693712 
0.0716771 
0.0620736 
0.00370333 
0.00373978 
0.00473568 
0.138383 
7.12594e-05 
3.864e-06 
5.35161e-06 
4.77056e-06 
0.0583197 
0.0506437 
0.0616011 
0.0946743 
0.00470835 
0.00837494 
0.0260332 
0.0237031 
0.0065017 
3.07991e-05 
7.65275e-06 
1.00711e-05 
0.126898 
0.0345091 
0.031892 
0.0608771 
0.0589445 
0.119398 
7.51847e-06 
0.004251 
0.0259339 
0.139553 
0.0271934 
0.00313563 
0.00355605 
0.0101592 
0.000654017 
0.129517 
0.129581 
0.130077 
0.0179722 
0.0402721 
0.0347469 
0.126143 
0.0220746 
0.00634827 
0.00112041 
0.0132658 
0.107963 
2.95863e-05 
2.12843e-05 
0.121449 
0.125178 
0.121089 
6.42098e-05 
0.000522884 
0.00804436 
0.00793169 
7.56146e-06 
1.8999e-05 
1.39992e-05 
0.0099288 
1.23039e-05 
0.119152 
0.114758 
9.71145e-05 
0.063522 
0.0565145 
0.0545723 
0.011883 
0.00132335 
0.00159863 
0.12467 
0.107311 
0.0914639 
0.0314382 
0.0369719 
0.0017119 
0.0759653 
8.03574e-06 
0.111046 
0.111682 
2.28671e-05 
0.129323 
0.107838 
0.00071585 
0.119532 
0.00972472 
1.70875e-05 
1.49696e-05 
0.0156699 
0.000126429 
0.000120246 
0.0998067 
2.23603e-05 
0.0149802 
0.00522283 
0.0020627 
0.000765925 
0.00318491 
0.000132734 
5.8221e-06 
0.0905507 
0.0876717 
0.00174136 
7.70078e-06 
0.000564642 
0.000135841 
0.0114855 
0.00926421 
0.0170044 
8.87635e-05 
0.13645 
0.137595 
0.00556131 
9.96679e-06 
0.00105267 
0.00112699 
0.00149566 
0.119996 
0.134001 
0.131317 
0.0235232 
0.0250348 
0.00890717 
5.51076e-06 
0.028409 
0.136488 
0.139779 
0.139131 
8.62042e-06 
8.95891e-06 
0.00106186 
0.00135721 
0.00150374 
0.123784 
0.00877249 
0.00359102 
4.28192e-05 
0.0176937 
0.000871615 
0.104629 
0.114692 
0.015907 
0.0856981 
0.0782637 
0.0606182 
0.059443 
0.0481729 
0.0419211 
0.00917913 
0.0102702 
0.0211605 
0.0239916 
0.000112591 
9.6784e-05 
0.140189 
1.7369e-05 
0.00574145 
1.71887e-05 
0.0683683 
0.0755791 
9.49732e-06 
5.9173e-06 
0.000872233 
0.140513 
0.0187727 
0.0170483 
0.120548 
0.123487 
0.133742 
5.32046e-06 
1.16148e-05 
1.37967e-05 
5.43294e-06 
7.00612e-06 
6.79591e-06 
0.0264704 
0.0109893 
7.43553e-06 
9.83615e-06 
0.129354 
0.127763 
0.0338435 
0.0306667 
0.0314906 
0.023982 
0.0972655 
4.68517e-06 
0.00228445 
0.00288694 
0.0013503 
2.0084e-05 
0.110459 
0.122284 
0.121722 
3.99598e-05 
9.43711e-06 
0.000197522 
0.000172111 
0.120059 
0.00224339 
0.131124 
0.135751 
7.66153e-05 
0.114408 
0.117707 
0.0221195 
0.0247107 
0.00439874 
0.00396102 
0.0731969 
0.116591 
6.61356e-06 
0.0130523 
0.128227 
0.00279296 
0.0123867 
0.124275 
0.0117377 
0.00198757 
0.103892 
7.7713e-05 
0.000108294 
0.00316283 
0.0014547 
0.00216206 
0.137672 
0.130811 
0.130658 
0.0230958 
0.138779 
0.140204 
0.00325226 
7.67275e-05 
0.0805321 
6.28003e-05 
4.61431e-05 
3.45728e-05 
8.87321e-05 
0.00579702 
0.00621434 
0.00676736 
0.128193 
0.129822 
5.11334e-05 
3.74804e-05 
0.123107 
0.00980863 
0.00289174 
0.000133659 
0.12352 
0.0594392 
0.120526 
0.000172563 
0.00198797 
0.0550215 
0.0530545 
0.117982 
6.48763e-06 
0.0812247 
0.0856382 
0.0781497 
0.0831049 
1.52711e-05 
0.00358105 
0.133933 
0.103676 
2.60224e-05 
0.00251325 
0.0133627 
0.0109783 
0.0123382 
0.1244 
0.127852 
0.123929 
1.60292e-05 
1.79928e-05 
0.00119639 
3.19148e-05 
0.122682 
0.00318869 
5.67734e-06 
3.6125e-05 
4.35588e-05 
0.133159 
0.000680634 
0.000237357 
1.1016e-05 
1.32468e-05 
0.00425471 
0.000126695 
0.000106328 
4.77635e-05 
0.111615 
0.131318 
0.000618561 
8.57134e-06 
9.45216e-06 
0.0251443 
1.78202e-05 
2.38033e-05 
2.3177e-05 
0.000205031 
0.0186249 
0.0965085 
0.104262 
0.0960941 
0.103768 
0.00140195 
0.068483 
0.0662535 
0.138942 
0.019497 
0.000306826 
1.05998e-05 
0.00485893 
4.11262e-05 
0.000170314 
0.000468023 
8.37273e-06 
1.15154e-05 
1.03521e-05 
0.00712209 
2.80843e-05 
7.3246e-05 
0.0182438 
0.0950532 
0.0879569 
0.00139059 
0.00170572 
0.000193227 
0.00466371 
0.00515036 
0.00532731 
0.125778 
0.125562 
0.128091 
0.000954723 
0.0640293 
0.0161982 
9.5203e-06 
0.0267785 
0.0241994 
0.119406 
0.117941 
0.0197272 
0.00208161 
0.0506693 
0.0488651 
0.130547 
0.129931 
0.00117517 
0.00159118 
0.00095029 
5.30281e-05 
0.122183 
0.00418034 
0.00483854 
0.0202498 
0.00254655 
9.51036e-05 
0.000156597 
0.0309305 
0.000532979 
0.139919 
0.000156117 
1.4825e-05 
9.85933e-05 
0.110977 
0.0113647 
0.000221563 
0.000171214 
0.000228836 
9.03209e-05 
0.00244974 
0.130897 
0.117295 
0.0466721 
0.0451083 
0.0389683 
0.0455425 
0.0023743 
0.0027181 
0.078182 
0.123698 
0.0279778 
0.133027 
0.00622353 
0.0971958 
0.0554656 
0.132768 
0.135628 
0.115613 
0.117365 
0.000104995 
0.11648 
0.00316782 
0.135598 
2.05162e-05 
0.0107467 
0.00260082 
0.0501148 
0.126733 
0.125967 
1.73768e-05 
0.00177016 
0.00128202 
0.135444 
0.000265389 
0.000236716 
0.0262495 
0.133055 
0.0776143 
0.0747466 
4.11001e-05 
0.00745999 
0.130644 
0.000223025 
0.137325 
0.130254 
0.138842 
9.39483e-05 
0.00012078 
0.00222704 
0.00281788 
1.76996e-05 
2.18951e-05 
0.0224357 
0.02381 
1.26242e-05 
0.111391 
0.113151 
0.105701 
0.0211009 
0.000396957 
1.33585e-05 
0.00204297 
0.00241942 
0.00254581 
0.0883954 
0.131248 
0.00018142 
2.32526e-05 
0.00800074 
0.00629386 
0.0226408 
0.0253007 
0.0631706 
0.0139492 
0.0728432 
0.0654167 
0.0508781 
0.0498973 
0.037679 
0.0322618 
0.00294029 
0.000124895 
0.138556 
0.1392 
0.0177684 
0.000387643 
3.34703e-05 
2.39724e-05 
0.00790006 
3.89839e-05 
0.119842 
0.120508 
0.122505 
0.1279 
0.122582 
0.126883 
0.000224418 
0.000177619 
0.12302 
0.000183383 
0.118031 
0.0114828 
0.0569148 
0.0053357 
0.131902 
0.131671 
3.46761e-05 
3.07694e-05 
0.0147774 
0.00853659 
1.18637e-05 
9.27532e-06 
0.0166991 
0.000332965 
0.000384925 
0.000820997 
0.0617327 
0.0686351 
2.33175e-05 
0.0573355 
1.17981e-05 
1.46955e-05 
1.47732e-05 
1.31381e-05 
1.88409e-05 
2.47712e-05 
0.126502 
0.123418 
8.38689e-05 
1.97316e-05 
0.0201244 
0.0179673 
0.0260838 
0.0236916 
0.0243029 
0.00390636 
0.00468746 
0.00197015 
0.0178115 
0.0195061 
0.000250932 
0.137528 
0.000561692 
1.97687e-05 
2.39386e-05 
2.75255e-05 
0.000193343 
0.000237897 
0.000264119 
9.13684e-06 
0.00164381 
0.000276122 
0.13787 
0.00394899 
0.000415572 
0.000369254 
0.00408199 
0.00366949 
0.00357558 
0.00283327 
2.1643e-05 
1.82799e-05 
0.0169808 
0.0162425 
0.000222008 
0.000327324 
0.000186153 
0.00864781 
0.00928302 
0.00976451 
0.00499619 
0.00562697 
0.00653556 
0.00180616 
0.00161356 
0.000114277 
0.000198878 
0.0957519 
0.00038911 
0.0884399 
0.00330042 
0.0294964 
0.0351654 
0.083951 
0.127099 
3.39539e-05 
0.130141 
0.0924118 
5.5543e-05 
0.111338 
0.109479 
0.0027969 
0.0132245 
0.00435623 
0.0183803 
0.0166034 
0.124545 
0.00203257 
0.0185558 
0.0816802 
9.00398e-05 
4.95729e-05 
0.0733762 
0.0662096 
0.0708268 
0.023061 
0.0136396 
0.00354087 
1.62013e-05 
0.00115929 
0.000314071 
0.137882 
0.0137726 
5.51524e-05 
0.0737327 
0.0590862 
4.23931e-05 
0.0141838 
0.0105533 
0.0934536 
0.00190218 
0.131321 
0.00031164 
0.00866085 
0.00949991 
0.056025 
0.0539708 
0.0128182 
0.00010112 
0.000410656 
0.000659338 
6.48349e-05 
2.6751e-05 
0.016096 
0.0479399 
0.00249622 
1.55387e-05 
0.00636047 
0.0492129 
0.0414985 
0.125303 
0.125415 
0.00253764 
0.00585029 
0.0168365 
0.0137625 
0.0186393 
4.74991e-05 
0.0827607 
0.0752151 
2.4368e-05 
0.00435957 
0.134578 
0.00480845 
0.0100051 
0.0453495 
0.129444 
0.127456 
0.00117359 
0.00997463 
0.131119 
0.131548 
0.130118 
0.0691563 
6.80106e-05 
0.109991 
0.103028 
0.138842 
0.138828 
0.138516 
0.136486 
0.000247721 
0.114725 
0.00163469 
2.35434e-05 
2.41632e-05 
3.06061e-05 
3.47371e-05 
0.0454191 
0.0393022 
0.0799941 
3.68839e-05 
0.0124475 
0.0139926 
7.88853e-05 
9.17595e-05 
0.00101262 
0.00117751 
0.000696184 
0.000507037 
0.00742193 
0.0001191 
0.00241096 
0.000512042 
0.000108541 
0.00389378 
0.00338931 
0.0266461 
0.0378881 
0.0365022 
0.00305692 
0.00390255 
0.00413052 
0.128003 
0.0722162 
0.0472894 
2.03666e-05 
0.131833 
0.130707 
0.0851218 
0.000615607 
0.00042751 
0.10729 
2.89202e-05 
0.015203 
0.0145971 
0.0192218 
3.61338e-05 
0.000378288 
0.0667459 
9.76419e-05 
0.000124552 
0.0472936 
0.000358912 
0.0653561 
0.06291 
0.115785 
2.39508e-05 
2.16453e-05 
0.00104839 
0.00723589 
0.00803323 
0.137564 
0.129994 
0.002959 
0.000209982 
0.00391679 
0.00476987 
0.0127051 
0.00691401 
0.00757853 
3.74784e-05 
4.69765e-05 
0.0202979 
0.0221519 
0.101409 
0.103424 
0.0946609 
5.61641e-05 
4.0808e-05 
0.0125416 
0.132481 
0.0950106 
0.0946409 
0.0109876 
4.25444e-05 
0.000441948 
0.132518 
0.132807 
0.10913 
0.0510183 
0.0869887 
0.0787555 
0.0863938 
5.64707e-05 
0.00612294 
0.0436096 
0.0416687 
0.0286602 
0.0241351 
0.136346 
0.13448 
7.69775e-05 
5.26862e-05 
0.0123267 
0.0058454 
8.66053e-05 
4.5177e-05 
0.00495721 
0.0399606 
0.0128712 
0.000608024 
0.0064431 
0.00724599 
0.00759277 
0.0429121 
0.036245 
0.0439709 
0.0435406 
0.0140666 
0.0023987 
2.56631e-05 
3.2217e-05 
0.014743 
0.127886 
4.37462e-05 
0.120939 
0.102216 
0.108882 
0.000191666 
0.000734241 
0.000702881 
2.9762e-05 
2.52098e-05 
0.000482547 
0.000388415 
4.94625e-05 
0.000484667 
0.053301 
0.000264283 
0.0117211 
0.00697181 
0.13472 
0.134094 
0.00379246 
0.00339802 
0.00532962 
6.98918e-05 
6.51645e-05 
0.0106346 
0.00175363 
0.00145266 
0.116366 
0.0181357 
0.0190998 
0.123139 
0.00580243 
0.00687516 
0.134186 
0.136321 
0.0135453 
0.060113 
0.0530347 
0.000366221 
0.000453278 
0.000583614 
0.00055273 
0.000494048 
0.134981 
5.95217e-05 
6.66576e-05 
0.00272333 
0.000419831 
0.131506 
4.8111e-05 
3.8915e-05 
4.29722e-05 
0.120596 
0.00639338 
0.127586 
0.131616 
0.119217 
0.0796896 
0.00017564 
0.0166729 
0.0188961 
0.0270973 
0.0315275 
0.00218342 
0.127913 
0.132019 
2.41271e-05 
0.100832 
0.098789 
0.0369349 
0.116186 
0.114444 
0.00528029 
0.000773782 
0.000140706 
0.0113238 
0.0590361 
0.00902005 
0.0427053 
0.000616721 
0.0069205 
4.06073e-05 
0.00891035 
0.00691084 
0.136984 
0.00145217 
0.00173885 
0.016644 
0.003076 
0.106642 
0.0108273 
0.00953372 
0.0130072 
0.00222658 
0.00215104 
0.00307811 
8.74102e-05 
0.131966 
0.131469 
0.10478 
0.00357297 
0.00432235 
0.00411858 
0.00483482 
0.0445253 
0.000831108 
0.000983519 
7.70583e-05 
9.17969e-05 
0.000104816 
0.0137627 
0.00307588 
0.0115515 
0.0132755 
0.000145702 
0.00545594 
0.00319822 
0.0338514 
0.0324221 
0.000948069 
0.000748193 
0.000862512 
0.0010194 
0.0146383 
0.00880505 
0.0102121 
0.000412849 
0.000505687 
0.000545642 
0.00420749 
0.00489158 
0.0129592 
0.0107761 
0.0149044 
0.00445858 
0.00496844 
0.0939263 
0.000235214 
0.0203924 
0.00759344 
0.125835 
0.122328 
0.0697613 
0.0721142 
0.0623885 
0.0352242 
0.0299892 
0.000477724 
0.00257542 
0.137476 
5.1536e-05 
0.0183029 
0.100768 
0.0993327 
0.00410154 
0.129922 
0.112752 
0.106765 
0.0154433 
0.00023811 
0.126957 
0.111702 
0.104987 
0.110126 
0.0641824 
0.0511224 
0.0573055 
0.000449454 
0.000556363 
0.000100727 
0.000128757 
0.00918614 
0.00968134 
0.00749622 
0.00833464 
0.00952726 
0.0184456 
0.00354206 
0.00380315 
0.00442469 
0.0155448 
0.131732 
0.0174885 
0.0232181 
0.00401005 
0.127678 
0.00518056 
4.06402e-05 
0.00314077 
0.122678 
0.0353544 
0.0402239 
0.134032 
0.0571949 
4.61316e-05 
0.0119968 
0.00465437 
0.000965101 
0.000790357 
0.000208646 
0.0368247 
0.00981034 
6.34601e-05 
5.85576e-05 
0.128561 
0.000217608 
0.0002777 
0.0615186 
0.0590934 
0.000709288 
0.00832256 
9.38845e-05 
0.0306179 
0.0294858 
0.054729 
0.0527556 
5.13294e-05 
0.00914604 
0.000588438 
0.137127 
0.00141866 
0.0863881 
0.0855478 
0.00640012 
0.00748129 
0.0624078 
8.10176e-05 
0.131513 
0.0205568 
0.0894773 
0.0917353 
0.082058 
0.0979966 
0.0051468 
5.55339e-05 
0.0035523 
0.0958262 
0.123343 
0.000472516 
0.0088723 
5.01076e-05 
0.000106984 
8.72599e-05 
0.0699317 
0.129687 
0.0349528 
0.0335089 
0.132976 
0.132088 
0.134603 
0.13372 
0.130196 
5.76347e-05 
0.0211749 
0.0024883 
0.00221455 
4.99354e-05 
0.00011405 
0.000132321 
0.00844205 
0.00099611 
0.137771 
0.137479 
0.0373014 
0.0323802 
0.0381844 
5.82917e-05 
7.3424e-05 
0.11949 
0.114463 
3.26025e-05 
0.0928234 
0.000383902 
0.00104844 
0.000983588 
0.040077 
0.00109938 
0.129556 
0.00999023 
0.131536 
0.000970825 
0.131494 
0.000832747 
0.132682 
0.0136112 
0.0130372 
0.126141 
0.0482208 
0.0418539 
0.000189362 
0.129314 
0.130056 
0.126858 
8.70312e-05 
0.000110333 
0.000108526 
0.00497825 
0.00140715 
0.00155431 
0.000942297 
0.137394 
0.135918 
0.137015 
7.91161e-05 
0.00011844 
0.000914601 
0.00109005 
6.05938e-05 
0.0384838 
0.000132129 
0.000777768 
0.119929 
0.114714 
0.118633 
0.0435439 
0.00230842 
0.0117388 
0.0234112 
0.0269598 
0.126435 
0.00643952 
0.0296269 
0.00292177 
0.0500162 
0.0101139 
0.00650903 
0.00733323 
6.05895e-05 
0.088546 
0.0863234 
0.000605382 
0.092699 
0.000101247 
0.000286253 
0.000225938 
0.000483457 
7.46992e-05 
0.0546008 
0.129662 
0.128872 
0.00573499 
0.00685914 
0.000958642 
0.00117108 
0.136378 
0.132657 
0.00581106 
0.00540566 
0.00653882 
0.0768454 
0.0769201 
0.00142971 
0.0011914 
8.68771e-05 
0.0222237 
9.83013e-05 
0.0123121 
8.35405e-05 
0.000111463 
0.000103045 
0.0272418 
0.0259165 
0.0417014 
0.00951761 
0.136398 
0.00148267 
0.0167008 
0.0344429 
0.0841169 
8.72534e-05 
0.000108529 
0.000115587 
0.000137604 
0.000164164 
0.000167523 
0.116373 
0.000305851 
0.00120273 
0.0151275 
0.00194105 
0.000235044 
0.0103179 
0.0125326 
0.0329283 
0.0905813 
0.000328226 
0.000464655 
0.000397257 
0.133432 
0.00201841 
0.000101083 
0.101926 
0.0948574 
0.000203578 
5.71405e-05 
6.81813e-05 
7.41704e-05 
6.16398e-05 
0.0551156 
0.000228108 
0.000112293 
0.0680028 
0.00637365 
0.0265652 
0.0172627 
0.000132437 
0.136014 
0.000133767 
0.00506519 
0.0074085 
0.12973 
0.132727 
0.133369 
0.000211714 
0.00273148 
0.0028135 
0.0121935 
0.0115736 
0.00191608 
0.000407639 
0.000346907 
0.0351634 
0.00327844 
0.000995022 
0.000834021 
0.0441785 
0.0104832 
0.0471885 
0.000982426 
0.00120859 
0.0825594 
0.00516054 
0.000288285 
0.00214558 
0.00187476 
0.111854 
0.0458644 
0.0508584 
0.045257 
0.0488348 
0.0526846 
0.02494 
0.0237392 
0.128181 
0.133474 
0.0773216 
0.0761068 
0.00952489 
0.0110276 
0.000178794 
0.00406024 
0.00631666 
0.0178627 
0.00765839 
0.00683288 
0.129528 
0.0666805 
0.0070679 
0.131296 
0.129085 
0.00173717 
0.00147129 
0.00136693 
0.000120348 
0.000184718 
0.000246004 
0.000164262 
0.0483227 
0.000109578 
0.0144242 
0.000176416 
0.00529718 
0.000213864 
0.000179895 
0.000244834 
0.000208661 
0.135891 
0.135728 
0.107086 
0.105689 
0.00161601 
0.00203673 
0.0323303 
0.0324955 
0.0276209 
0.0288536 
0.00139474 
0.00160764 
0.00182238 
0.000134755 
0.01257 
0.110332 
0.103865 
0.000905159 
0.019448 
0.00158458 
0.010464 
0.0141983 
0.0306557 
0.124874 
0.120874 
0.000117003 
0.057154 
0.0593502 
0.0502848 
0.0376186 
0.032099 
0.0595308 
0.115557 
0.120766 
0.000167434 
0.000217514 
0.000227133 
0.110665 
0.13378 
0.0159363 
0.0282858 
0.030717 
0.00791417 
0.00251258 
0.00227514 
0.00447333 
0.0083108 
0.00771574 
0.00586326 
0.000220325 
0.000191252 
0.0136042 
0.000135065 
0.0886513 
0.000696717 
0.00141496 
0.0017242 
0.00190386 
0.101804 
0.10033 
0.0962404 
0.00732911 
0.00922469 
0.000130246 
0.000165211 
0.00122116 
0.0851663 
0.000221691 
0.000270768 
0.00028414 
0.0829791 
0.00947669 
0.135563 
0.0278254 
0.0193693 
0.00267389 
0.00106836 
0.0337349 
0.0384017 
0.0381764 
0.00874247 
0.0137446 
0.00216745 
0.00673241 
0.000482567 
0.134102 
0.0404356 
0.0703896 
0.0213459 
0.0265674 
0.13419 
0.00909687 
0.0102518 
0.00181016 
0.135518 
0.0275158 
0.00393428 
0.0787573 
0.0765163 
0.135402 
0.135765 
0.0163858 
0.0689785 
0.0246144 
0.0259162 
0.0204639 
0.134786 
0.134886 
0.134469 
0.134132 
0.0633656 
0.135169 
0.0155162 
0.00797078 
0.00888755 
0.0136844 
0.000609453 
0.0418457 
0.0149519 
0.0002984 
0.134631 
0.132308 
0.134289 
0.00030869 
0.09779 
0.0064354 
0.00685697 
0.00496395 
0.00801074 
0.00850809 
0.00967817 
0.0753443 
0.0730904 
0.000814935 
0.00236133 
0.00264719 
0.000269615 
0.133223 
0.133541 
0.131872 
0.000174114 
0.00925081 
0.0102709 
0.0105048 
0.102984 
0.000188249 
0.0220194 
0.0737551 
0.00023759 
0.000622922 
0.0793457 
0.000134809 
0.000170653 
0.0892235 
0.0814876 
0.134208 
0.134157 
0.0119096 
0.000159343 
0.000226101 
0.0945103 
0.126019 
0.0067074 
0.0256741 
0.0128211 
0.0236682 
0.134944 
0.0201311 
0.000477398 
0.00159175 
0.00208994 
0.000465504 
0.1333 
0.0092517 
0.00829629 
0.0365632 
0.065558 
0.00153793 
0.00179737 
0.00182674 
0.0145436 
0.0673816 
0.0659817 
0.00184165 
0.00220914 
0.0962895 
0.00734911 
0.000189287 
0.000255546 
0.133418 
0.0420388 
0.0285558 
0.0197414 
0.0186432 
0.021326 
0.124834 
0.0561684 
0.0541482 
0.0334757 
0.00217854 
0.0696404 
0.0178977 
0.00286302 
0.00246913 
0.00338433 
0.000524313 
0.000385502 
0.00246533 
0.0100092 
0.0223626 
0.0169976 
0.00289057 
0.000243325 
0.000316204 
0.000430597 
0.000346539 
0.000416128 
0.0109917 
0.0103494 
0.0398733 
0.0449276 
0.00397021 
0.00295956 
0.0107759 
0.000979223 
0.00120952 
0.0025293 
0.123634 
0.0719791 
0.0797454 
0.0987404 
0.0913677 
0.0234052 
0.122142 
0.0565517 
0.117643 
0.112125 
0.000758634 
0.000272357 
0.0454938 
0.0474439 
0.039326 
0.000171085 
0.000206763 
0.000219595 
0.120139 
0.124752 
0.0228278 
0.0188694 
0.00626313 
0.0202411 
0.0344802 
0.000393934 
0.00286724 
0.000438139 
0.000432438 
0.0102102 
0.00370324 
0.0716133 
0.00113052 
0.0919663 
0.0906512 
0.12721 
0.12358 
0.101835 
0.108323 
0.000302919 
0.085107 
0.0771815 
0.0839778 
0.0281908 
0.000275627 
0.00034276 
0.000468976 
0.000596274 
0.0241433 
0.000274088 
0.00291184 
0.00366764 
0.010764 
0.000447937 
0.000540989 
0.00057536 
0.0119004 
0.000418126 
0.0240216 
0.00809846 
0.0433416 
0.048154 
0.000611973 
0.0694878 
0.000487253 
0.000386116 
0.00133294 
0.133686 
0.134072 
0.0242429 
0.130077 
0.0369436 
0.0365621 
0.031952 
0.061999 
0.010359 
0.0301931 
0.00946967 
0.01081 
0.00964913 
0.0179666 
0.0634365 
0.00497428 
0.0282935 
0.0281358 
0.00320406 
0.0130096 
0.000562112 
0.0133196 
0.000758013 
0.00107469 
0.000661926 
0.00443698 
0.00769613 
0.00295178 
0.015737 
0.0102623 
0.033254 
0.0293628 
0.0320112 
0.000249793 
0.0124958 
0.04607 
0.0122534 
0.0152258 
0.0108081 
0.000348635 
0.00051271 
0.000317447 
0.00635518 
0.00187778 
0.0027697 
0.00315642 
0.00335351 
0.0163417 
0.0056146 
0.00598665 
0.00429495 
0.000401256 
0.0270784 
0.00388309 
0.119216 
0.000372614 
0.117278 
0.115541 
0.0879676 
0.0210899 
0.0164338 
0.000392056 
0.00048661 
0.000507119 
0.00743528 
0.000504848 
0.00481132 
0.00391971 
0.0049752 
0.00455726 
0.0599353 
0.0128642 
0.0134289 
0.0657236 
0.000283269 
0.000379531 
0.000347139 
0.0053226 
0.00688672 
0.130927 
0.0755434 
0.0677524 
0.132146 
0.132059 
0.000502656 
0.00169413 
0.0166537 
0.0129658 
0.0316152 
0.0114012 
0.0120095 
0.013506 
0.00124054 
0.129927 
0.000648292 
0.00404019 
0.00149159 
0.0353081 
0.0397995 
0.00374769 
0.0564441 
0.00266986 
0.0578961 
0.0563116 
0.0599808 
0.00316921 
0.00929733 
0.000422048 
0.000559319 
0.0614355 
0.0176632 
0.113493 
0.0614129 
0.133409 
0.0203461 
0.000814344 
0.0611633 
0.0184117 
0.0299714 
0.00816745 
0.0245604 
0.0142741 
0.00263385 
0.0173964 
0.00404062 
0.000811671 
0.0351869 
0.00086484 
0.0189046 
0.0018512 
0.000499713 
0.000543787 
0.00990879 
0.00929828 
0.0253531 
0.0144562 
0.00231284 
0.00173078 
0.0151613 
0.000824306 
0.00103814 
0.131044 
0.12812 
0.124223 
0.127862 
0.0133 
0.107644 
0.109519 
0.100883 
0.023667 
0.00345127 
0.0529409 
0.050936 
0.0854918 
0.0776925 
0.0187278 
0.000992011 
0.00107926 
0.0583288 
0.0682124 
0.0148446 
0.107446 
0.000979502 
0.000801696 
0.0265572 
0.0222005 
0.0022274 
0.00438816 
0.00385821 
0.0172082 
0.0808885 
0.113562 
0.0864686 
0.0935955 
0.130743 
0.128168 
0.000584561 
0.000654969 
0.00634127 
0.000906552 
0.000634869 
0.0185334 
0.126969 
0.126736 
0.000634846 
0.0824413 
0.120731 
0.11566 
0.000534767 
0.00470607 
0.0200318 
0.000949136 
0.00118608 
0.00508867 
0.00643009 
0.00084641 
0.0494995 
0.00457565 
0.00510563 
0.00321208 
0.112849 
0.118322 
0.052162 
0.0509892 
0.00374584 
0.0149216 
0.0558655 
0.0138412 
0.0724968 
0.00678616 
0.000336289 
0.000382867 
0.000453147 
0.0201713 
0.0447852 
0.0389191 
0.0451428 
0.126383 
0.00487485 
0.0527687 
0.0113916 
0.011383 
0.0140965 
0.0204178 
0.0178795 
0.0241228 
0.00549068 
0.107173 
0.0995308 
0.00840295 
0.000745595 
0.00101941 
0.0495365 
0.0478337 
0.0129815 
0.0125297 
0.00320592 
0.0426941 
0.03682 
0.000647809 
0.000886276 
0.000707488 
0.00578153 
0.00220439 
0.000805576 
0.00100004 
0.00795018 
0.0759135 
0.0530849 
0.014519 
0.0618196 
0.0545113 
0.000989805 
0.0749723 
0.131499 
0.129717 
0.126591 
0.129406 
0.015049 
0.0118391 
0.0140458 
0.000975471 
0.0011648 
0.00123074 
0.000913771 
0.00109197 
0.00114247 
0.00446407 
0.014115 
0.00600592 
0.00584451 
0.00459998 
0.0302279 
0.0486373 
0.0471707 
0.00509742 
0.0160907 
0.0184278 
0.000984763 
0.000909922 
0.00117272 
0.0512893 
0.00098066 
0.0154703 
0.014363 
0.0193893 
0.0159487 
0.0705686 
0.0777308 
0.0654399 
0.00718711 
0.0923843 
0.00519475 
0.00486759 
0.000831424 
0.00692712 
0.105497 
0.00645231 
0.000566792 
0.000673152 
0.00123532 
0.0121246 
0.00131417 
0.00609198 
0.00668497 
0.0013121 
0.0271309 
0.0105816 
0.00633402 
0.0169203 
0.0278613 
0.00158016 
0.0219962 
0.00991159 
0.12291 
0.117889 
0.122683 
0.00538405 
0.0248179 
0.0262942 
0.0953237 
0.0875202 
0.104916 
0.000621771 
0.00533937 
0.0714064 
0.063647 
0.10262 
0.00341445 
0.00366109 
0.00250675 
0.00756276 
0.00104467 
0.00112783 
0.0668741 
0.125838 
0.126819 
0.12235 
0.0444464 
0.00375796 
0.0328605 
0.00320223 
0.00160444 
0.00175814 
0.00180497 
0.00662346 
0.00806437 
0.00714175 
0.0986459 
0.044503 
0.0651783 
0.00593895 
0.121775 
0.112185 
0.105745 
0.00898011 
0.00838621 
0.00153081 
0.056604 
0.0460977 
0.00834889 
0.010099 
0.00193682 
0.00165559 
0.00514714 
0.122001 
0.00151904 
0.00179854 
0.117051 
0.00106201 
0.0295744 
0.0343211 
0.0076101 
0.0439748 
0.0427163 
0.00886873 
0.0411457 
0.00153243 
0.00185662 
0.057809 
0.00595858 
0.0975197 
0.104788 
0.111215 
0.017077 
0.00071165 
0.0399659 
0.0415875 
0.0343269 
0.00134649 
0.0011097 
0.00182169 
0.0103675 
0.0904196 
0.0129634 
0.00821766 
0.00947688 
0.0835407 
0.0244892 
0.0204112 
0.0118998 
0.00130686 
0.0072301 
0.00695214 
0.00723256 
0.00764383 
0.00866405 
0.00200689 
0.0945124 
0.00517342 
0.00129522 
0.0441405 
0.00109377 
0.00102296 
0.0015517 
0.0675722 
0.00591263 
0.0174053 
0.0151629 
0.00368584 
0.00778182 
0.00861383 
0.00894227 
0.0136634 
0.0490455 
0.0425616 
0.0224586 
0.00173372 
0.00203127 
0.00212523 
0.038416 
0.037012 
0.116623 
0.0187836 
0.0169531 
0.000954364 
0.0762212 
0.0102929 
0.001513 
0.0559204 
0.0624231 
0.000675509 
0.00182163 
0.0097857 
0.00182283 
0.0136912 
0.0111052 
0.00643835 
0.0918079 
0.0086521 
0.0390942 
0.0338395 
0.0383864 
0.00863725 
0.0897074 
0.0303867 
0.0256665 
0.00809163 
0.00752507 
0.00242052 
0.00216082 
0.00182772 
0.0827169 
0.00139582 
0.0341107 
0.0133222 
0.0403372 
0.0390393 
0.0600022 
0.122765 
0.117853 
0.12341 
0.0227859 
0.0155438 
0.0155651 
0.018606 
0.00191267 
0.00206635 
0.00218038 
0.0116421 
0.00982346 
0.116723 
0.0516307 
0.00132354 
0.00905836 
0.110517 
0.0812863 
0.0732462 
0.0255713 
0.00191223 
0.0529785 
0.0144705 
0.057647 
0.0506025 
0.0895847 
0.00407977 
0.0018893 
0.115395 
0.042648 
0.0354498 
0.00198812 
0.0215381 
0.00255819 
0.00261121 
0.00516829 
0.00601151 
0.00306158 
0.100541 
0.0942272 
0.00772134 
0.00276783 
0.00889872 
0.0606316 
0.021745 
0.109523 
0.00262384 
0.0546376 
0.00265971 
0.00316469 
0.0126159 
0.0147765 
0.0017885 
0.00216742 
0.00202597 
0.00263941 
0.00311189 
0.0971514 
0.011834 
0.048161 
0.00842329 
0.0108987 
0.00169607 
0.00292259 
0.00331449 
0.00352797 
0.000914161 
0.0127648 
0.0962932 
0.0186414 
0.0815972 
0.110758 
0.00224491 
0.00289219 
0.00318965 
0.00532862 
0.0172742 
0.0291079 
0.0450353 
0.0469593 
0.0184021 
0.105177 
0.0109883 
0.0114487 
0.0129976 
0.0252089 
0.0216406 
0.0293173 
0.0168005 
0.0820994 
0.00431018 
0.0197759 
0.10354 
0.0409292 
0.000661459 
0.120324 
0.0312684 
0.0744855 
0.067031 
0.0599868 
0.0664759 
0.0176936 
0.00921996 
0.0104335 
0.0100216 
0.0118742 
0.0134474 
0.0378832 
0.0324014 
0.0367824 
0.083312 
0.0102792 
0.0104639 
0.0123185 
0.000575544 
0.00262147 
0.00306957 
0.00308322 
0.0316855 
0.0363025 
0.0352472 
0.00892074 
0.0144735 
0.00207117 
0.0042459 
0.009297 
0.00449752 
0.0279335 
0.0666899 
0.0591777 
0.0182745 
0.0190894 
0.0217283 
0.0145132 
0.0224536 
0.018614 
0.113057 
0.032846 
0.0284527 
0.03177 
0.0197044 
0.0806523 
0.0882814 
0.0397211 
0.0140409 
0.00577802 
0.102552 
0.00309217 
0.0331751 
0.0321319 
0.0176688 
0.00478199 
0.00525974 
0.00578093 
0.00801155 
0.00310612 
0.0162216 
0.0136958 
0.0392268 
0.0127623 
0.0451796 
0.0793252 
0.0738131 
0.00290632 
0.0023087 
0.0967497 
0.0123547 
0.0032466 
0.0266366 
0.0255528 
0.00483937 
0.00417402 
0.0114032 
0.106816 
0.0127862 
0.0136984 
0.00321728 
0.0112699 
0.0126698 
0.0108193 
0.0120036 
0.0121843 
0.0357866 
0.00322631 
0.00429509 
0.00501661 
0.0184232 
0.0205414 
0.00282004 
0.0433799 
0.048831 
0.00759221 
0.0176626 
0.0234959 
0.0229495 
0.00614639 
0.0343889 
0.00417788 
0.00479515 
0.00483398 
0.00445376 
0.005 
0.00393332 
0.00352101 
0.00315954 
0.0348065 
0.0163554 
0.0183977 
0.00296444 
0.0840014 
0.00685818 
0.0131268 
0.0158327 
0.0162271 
0.0187968 
0.00347565 
0.0906346 
0.00354387 
0.0804866 
0.00532992 
0.00345842 
0.0726476 
0.0659153 
0.004434 
0.0946872 
0.0309282 
0.0287242 
0.00457207 
0.00521373 
0.0757989 
0.0153149 
0.00946788 
0.0298563 
0.0287432 
0.0919303 
0.0123062 
0.0759059 
0.087023 
0.0678402 
0.072889 
0.0701577 
0.0149988 
0.0330855 
0.0372971 
0.00981512 
0.0205837 
0.00469526 
0.0529036 
0.0464737 
0.0160812 
0.0129909 
0.026368 
0.0299357 
0.0725562 
0.00492309 
0.00470092 
0.00367894 
0.0268241 
0.0829441 
0.00624432 
0.065287 
0.0123907 
0.0153666 
0.0299573 
0.0244154 
0.00526527 
0.00688496 
0.0164323 
0.035961 
0.023912 
0.0230275 
0.0786639 
0.071473 
0.0768714 
0.0587592 
0.0673812 
0.0679061 
0.0923001 
0.0156023 
0.017331 
0.0216234 
0.00658085 
0.00723596 
0.0169727 
0.018029 
0.0264285 
0.0521004 
0.0129619 
0.0491482 
0.0140213 
0.0590111 
0.00660165 
0.102298 
0.0174103 
0.0952316 
0.0162075 
0.0145562 
0.0195666 
0.0191708 
0.0465726 
0.0216023 
0.0410423 
0.0798549 
0.00755004 
0.00687465 
0.0255434 
0.0843488 
0.0263462 
0.0419631 
0.0169388 
0.0227499 
0.0513639 
0.00608301 
0.0608459 
0.0221604 
0.00741369 
0.0314434 
0.0539037 
0.0717397 
0.0687456 
0.0400324 
0.00806916 
0.00778749 
0.0477518 
0.00851247 
0.0110896 
0.00710151 
0.0613615 
0.014177 
0.00920356 
0.0276732 
0.0151426 
0.0166457 
0.0069962 
0.0062041 
0.0211732 
0.010767 
0.00978325 
0.0131849 
0.0148028 
0.0119274 
0.0161794 
0.00467616 
0.0229741 
0.0511478 
0.0577171 
0.0248059 
0.0240401 
0.0209343 
0.00968591 
0.00725143 
0.0230352 
0.0191459 
0.0245222 
0.0320772 
0.0205906 
0.023167 
0.00809585 
0.018912 
0.0197231 
0.0157755 
0.00768198 
0.0374761 
0.0209681 
0.0685371 
0.0665654 
0.0515731 
0.0176202 
0.0187161 
0.0615157 
0.0546954 
0.0555888 
0.048642 
0.00627726 
0.00883238 
0.0357705 
0.0494054 
0.0266185 
0.0633722 
0.0569254 
0.0623762 
0.0228431 
0.0629306 
0.0368261 
0.0453211 
0.0278736 
0.00926062 
0.0105162 
0.0454229 
0.0177353 
0.0228987 
0.0246485 
0.0103461 
0.0108468 
0.00986096 
0.0275535 
0.0587239 
0.0284292 
0.041674 
0.0609487 
0.0232766 
0.00892825 
0.0401171 
0.0261308 
0.0473653 
0.0199176 
0.0188683 
0.0447688 
0.0180838 
0.0205003 
0.0219387 
0.0226419 
0.00699633 
0.0223862 
0.0223468 
0.0386944 
0.0387633 
0.0240989 
0.0236616 
0.0212022 
0.00869258 
0.00957564 
0.00996598 
0.0251254 
0.0196723 
0.0122523 
0.028077 
0.021551 
0.0265342 
0.0519562 
0.0322696 
0.0176401 
0.0311792 
0.024383 
0.0105529 
0.0118213 
0.0352398 
0.0293696 
0.0149249 
0.0135632 
0.0182828 
0.0268343 
0.0194846 
0.00991157 
0.0376121 
0.0442566 
0.0497567 
0.0306463 
0.0115554 
0.033824 
0.0125596 
0.0148341 
0.0333666 
0.0142081 
0.013143 
0.0206214 
0.0293193 
0.0246885 
0.0122396 
0.0475459 
0.027345 
0.0269399 
0.0432253 
0.0161636 
0.0359742 
0.0138937 
0.0595185 
0.0320728 
0.0152746 
0.0501616 
0.0133776 
0.0301725 
0.0290679 
0.0545905 
0.0543162 
0.0569362 
0.0263655 
0.0167956 
0.049727 
0.0377469 
0.0339405 
0.0197247 
0.0321151 
0.0423411 
0.0384206 
0.0184777 
0.0342828 
0.0286438 
0.0423425 
