-0.00829768 
0.00822714 
0.0240119 
0.0381871 
0.0510955 
0.0629392 
0.0739276 
0.0841464 
0.093445 
0.10172 
0.108544 
0.113421 
0.115779 
0.115141 
0.11119 
0.104099 
0.0943538 
0.0829122 
0.0707562 
0.0585626 
0.0472477 
0.037245 
0.0288041 
0.0217575 
0.0159516 
0.0112249 
0.007447 
0.00351004 
0.000881252 
0.000144744 
2.15913e-05 
2.20372e-06 
0.00165971 
0.00453889 
0.00820079 
0.0112214 
0.0142568 
0.0164313 
0.0192247 
0.0201491 
0.0226329 
0.019191 
0.0177246 
0.0144916 
0.0139932 
0.0136161 
0.011276 
0.00879545 
0.00699102 
0.0055919 
0.00218228 
-0.000513337 
-0.00165944 
-0.00485055 
-0.00702823 
-0.00803151 
-0.00919426 
-0.00965821 
-0.0100383 
-0.010872 
2.29361e-10 
1.35706e-09 
-4.09101e-08 
5.16918e-06 
4.00961e-05 
-0.000403122 
-0.00018772 
0.0013465 
0.0026112 
0.00372474 
0.00451047 
0.00485789 
6.70038e-07 
4.32109e-08 
-2.95202e-11 
-1.79985e-10 
4.05358e-10 
1.69238e-10 
1.19592e-11 
-3.43987e-11 
-6.02227e-11 
-1.21482e-10 
-1.78815e-10 
-2.40203e-10 
-2.80278e-10 
-3.16698e-10 
-9.93076e-10 
-7.70486e-11 
2.63201e-06 
1.84062e-09 
-0.0144762 
-8.3215e-05 
0.016375 
0.0313182 
0.0448151 
0.0571145 
0.068535 
0.0791115 
0.0889213 
0.097734 
0.105354 
0.111257 
0.114944 
0.115861 
0.113577 
0.108037 
0.099492 
0.0887752 
0.0768916 
0.0645797 
0.0527895 
0.042095 
0.0328149 
0.0251323 
0.0187425 
0.0119986 
0.0134825 
0.00932748 
0.00539599 
0.00191983 
0.000368553 
5.58081e-05 
0.00484842 
8.06744e-06 
0.00577765 
0.00327187 
0.00255691 
0.00875486 
0.00649702 
0.01545 
0.00962964 
0.0129916 
0.0155165 
0.0182324 
0.0420739 
0.0201589 
0.0234324 
0.019948 
0.018338 
0.0392866 
0.0379842 
0.0143411 
0.0344579 
0.00989554 
0.00678849 
0.0239444 
0.00347746 
0.0145227 
0.000831363 
-0.00138597 
-0.0032847 
0.00190924 
-0.00604183 
-0.00795059 
-0.00368445 
-0.00824833 
-0.00938129 
-0.0099045 
-0.009386 
-0.0104793 
-0.0109251 
-0.0119894 
1.8672e-08 
3.71539e-10 
1.31014e-07 
5.10188e-07 
7.50746e-05 
-0.000127646 
-0.000287684 
0.000878603 
0.000583615 
0.00193126 
0.00192305 
0.00304196 
0.00327014 
0.00452292 
0.0046661 
0.0045257 
0.00398155 
0.00701641 
0.00403155 
1.91429e-07 
7.09567e-09 
-8.64779e-10 
3.2661e-10 
2.98368e-10 
7.15757e-11 
-1.95468e-11 
-4.47898e-11 
-8.63253e-11 
-1.53419e-10 
-2.05415e-10 
-2.70387e-10 
-2.76767e-10 
-5.20545e-10 
-9.27896e-10 
4.99404e-10 
-0.00352668 
0.0130696 
0.0284453 
0.0422518 
0.054827 
0.066434 
0.0771889 
0.0871973 
0.0962101 
0.104097 
0.110396 
0.114579 
0.116065 
0.114412 
0.109471 
0.101452 
0.0910307 
0.079245 
0.0669809 
0.0550047 
0.0440377 
0.0344419 
0.0264752 
0.0198424 
0.0143592 
0.00986583 
0.00588376 
0.00222023 
0.000455193 
6.88384e-05 
1.07299e-05 
0.0121153 
0.0187269 
0.0254391 
0.0311814 
0.0365763 
0.0405854 
0.045972 
0.0447574 
0.0422931 
0.0373311 
0.0323033 
0.0282139 
0.0211895 
0.0167257 
0.0126264 
0.00861914 
0.00375786 
0.000278482 
-0.0022776 
-0.00490091 
-0.00676572 
-0.00819601 
1.1645e-06 
3.36008e-05 
-9.1433e-05 
-0.000244822 
0.000281799 
0.00318923 
7.08885e-07 
5.36845e-08 
2.70845e-09 
1.21188e-09 
1.02718e-09 
4.02265e-10 
1.08184e-10 
6.05004e-12 
-7.7469e-11 
-2.1914e-10 
-3.21532e-10 
-4.67114e-10 
-5.16212e-10 
-7.17058e-10 
-2.96353e-09 
1.5682e-09 
0.0210019 
0.0355057 
0.0486759 
0.0607201 
0.0719265 
0.0822931 
0.0918269 
0.100311 
0.107477 
0.11279 
0.115688 
0.115658 
0.112329 
0.105827 
0.0964801 
0.0852132 
0.0731348 
0.0608576 
0.0493181 
0.0390377 
0.0302485 
0.0229812 
0.0169689 
0.0038643 
0.00106223 
0.000179484 
2.6741e-05 
0.0284145 
0.0340044 
0.0387813 
0.0438037 
0.0407692 
0.00613566 
-0.0074692 
1.31013e-09 
6.78474e-10 
2.18669e-10 
4.46505e-11 
-2.96454e-11 
-1.45834e-10 
-2.76158e-10 
-3.86426e-10 
-5.1736e-10 
-5.17408e-10 
-1.45375e-09 
-9.22824e-10 
0.0079143 
0.0220827 
0.0461354 
0.0260159 
0.0361623 
0.0304887 
0.0189692 
0.0108301 
-0.00114587 
-0.00588137 
-6.08341e-05 
-9.4537e-05 
1.95865e-05 
7.89764e-06 
8.30371e-10 
1.34291e-08 
2.1023e-07 
0.0143508 
0.0192347 
0.0298648 
0.0437401 
0.0563579 
0.0679574 
0.078706 
0.0886386 
0.0975336 
0.105233 
0.111327 
0.115171 
0.116241 
0.114123 
0.108683 
0.100317 
0.0895788 
0.0775684 
0.0653427 
0.0534368 
0.0426438 
0.0332764 
0.0254549 
0.019085 
0.0138006 
0.00303713 
0.00927564 
0.033665 
0.00060255 
8.94608e-05 
1.31657e-05 
0.0427041 
0.00620394 
0.011257 
4.16063e-06 
0.00972043 
6.31969e-08 
0.0142623 
0.0191958 
0.00506241 
0.0383773 
0.0460068 
0.0688952 
0.050978 
0.0547535 
0.0582204 
0.0611876 
0.0695902 
0.071495 
0.0803565 
0.0815369 
0.0673693 
0.049215 
0.0662746 
0.0629064 
0.0202265 
0.0550882 
0.0597229 
0.039137 
0.0429186 
0.0619951 
0.0742254 
0.0727978 
0.04625 
0.0588419 
0.0555085 
0.0276001 
0.0243804 
0.0347641 
0.0306634 
0.0297228 
0.00822944 
0.0165555 
-0.00415636 
0.0104454 
-0.000482295 
-0.0023788 
0.00228188 
4.42619e-06 
0.00152073 
0.00473062 
2.74628e-06 
2.30954e-09 
-1.74146e-07 
7.61767e-06 
8.66623e-09 
2.34098e-07 
-4.2943e-09 
-3.09586e-05 
-1.08161e-06 
2.65142e-06 
-0.000211573 
2.80803e-06 
0.000537324 
-1.45631e-05 
-0.000108986 
-6.7826e-05 
0.00312012 
0.00137599 
0.00496914 
0.0024846 
0.00700064 
0.0086687 
0.00460057 
1.28486e-09 
2.96936e-06 
5.65515e-06 
1.26783e-06 
-3.33302e-09 
3.3142e-09 
3.55405e-07 
1.22067e-06 
3.68926e-07 
3.36575e-10 
2.6923e-09 
5.40865e-09 
8.06146e-09 
7.94414e-08 
2.22917e-08 
1.49798e-09 
3.06192e-10 
-1.65538e-10 
-3.26774e-10 
-7.46209e-10 
-1.3339e-09 
-1.92575e-09 
-2.76388e-09 
-2.75852e-09 
-6.70284e-09 
-6.41208e-09 
3.82431e-09 
1.52099e-08 
8.01949e-09 
0.0223351 
0.0195125 
0.0272183 
1.06643e-08 
0.0638768 
0.0753315 
0.0573009 
0.0521309 
0.0655878 
0.0623127 
0.00340231 
0.00841468 
0.00628557 
0.00411834 
0.00421376 
0.00533676 
0.00779566 
0.00889697 
0.00981881 
0.0114531 
0.0121866 
0.00997436 
0.0287279 
0.0354847 
0.0638179 
0.0712751 
0.072685 
0.0326724 
0.0133241 
0.0220367 
0.0186093 
0.00370692 
-0.00705201 
0.00125579 
5.41314e-08 
0.0369804 
0.0502013 
0.0622342 
0.0734367 
0.0837249 
0.0932298 
0.101544 
0.108515 
0.113559 
0.116087 
0.115603 
0.111788 
0.104834 
0.0951626 
0.0836721 
0.0714625 
0.0593493 
0.047918 
0.037783 
0.0291827 
0.0221291 
0.0146506 
0.0163442 
0.0050104 
0.0856982 
0.000701348 
0.00148907 
0.000240558 
3.34635e-05 
0.0138538 
0.0602002 
0.0239584 
0.0787227 
0.0822104 
0.0969714 
0.0470354 
0.0247246 
0.0643165 
0.0680411 
0.037743 
0.106265 
0.0779623 
0.0676742 
0.070737 
0.0407732 
0.0681659 
0.06483 
0.112756 
0.116027 
0.0516092 
0.116001 
0.00733529 
0.113034 
0.107633 
0.0260331 
0.00601949 
0.000435153 
0.100407 
0.0918636 
-0.00567867 
0.0821747 
0.0716971 
0.0345393 
0.060336 
0.0480446 
1.01955e-06 
0.0011123 
3.7149e-06 
0.00995313 
0.0409282 
0.0021744 
0.0061975 
0.0661465 
0.00431491 
0.0543357 
2.21529e-09 
8.04767e-10 
8.49798e-14 
-2.46027e-10 
-4.77244e-10 
-1.07164e-09 
-1.56004e-09 
-2.40902e-09 
-2.80335e-09 
-3.52641e-09 
-1.39202e-08 
0.0871669 
0.00707195 
0.0770886 
-0.0015351 
-0.00825569 
0.0771367 
0.0359367 
0.0476539 
0.04423 
1.54719e-05 
0.0200201 
0.0265946 
0.0346606 
0.0442937 
0.055315 
0.067321 
0.0795932 
0.0915096 
0.101959 
0.109892 
0.114823 
0.116405 
0.114845 
0.110607 
0.10421 
0.096271 
0.0761969 
-1.66664e-08 
-4.7612e-09 
-4.74303e-09 
-3.3752e-09 
-4.23227e-05 
0.0156396 
0.0262578 
-0.00197337 
0.0128276 
0.00204243 
0.0793798 
0.0509975 
6.33863e-06 
-0.00433041 
-0.00334055 
4.0196e-05 
0.000290808 
0.00781306 
0.00178348 
0.0172046 
0.0231537 
0.0304677 
0.0393062 
0.0497053 
0.0613248 
0.0734927 
0.00657247 
0.00803318 
-0.00727642 
-0.00435225 
0.0414303 
5.2487e-09 
0.00760781 
0.00563931 
0.00357457 
0.000108804 
0.030017 
0.0557828 
0.0100159 
-3.86086e-08 
-7.66101e-09 
-4.51876e-09 
-4.29544e-09 
-2.50869e-09 
-1.73783e-09 
-6.57851e-10 
0.00318191 
-8.75905e-11 
3.21388e-10 
1.45768e-09 
3.90858e-09 
2.51878e-09 
7.49976e-10 
7.09456e-11 
-2.79787e-10 
-1.2044e-09 
-2.09054e-09 
0.00315013 
0.00503439 
9.51523e-09 
-4.31183e-06 
0.0502166 
0.0365697 
0.0738314 
0.00136961 
0.0227638 
0.0913554 
0.0937889 
0.0387527 
0.10582 
0.111845 
0.0161661 
0.115646 
0.0676262 
0.116619 
0.114391 
0.0869621 
0.108811 
2.35179e-06 
0.100312 
0.0070776 
0.00581169 
0.0894858 
0.0774051 
0.06505 
0.0531991 
0.042355 
0.0329997 
0.0252298 
4.00952e-05 
0.0629762 
0.0835643 
0.079301 
0.000343155 
0.0162218 
0.034165 
0.00012386 
0.000153439 
4.91485e-05 
0.0188908 
0.0169645 
0.0951369 
0.0968233 
0.0912582 
-2.05256e-08 
1.13167e-09 
0.0519032 
0.019425 
0.0224677 
0.0281568 
0.0326278 
5.486e-06 
0.0919442 
0.0576134 
-4.90297e-08 
0.112006 
0.109932 
0.104911 
0.106236 
0.101823 
0.00252753 
0.00361521 
0.114063 
0.113593 
0.115372 
0.000567524 
0.0100114 
0.102153 
0.104921 
1.40132e-05 
6.42661e-06 
0.084255 
-9.50242e-10 
9.73633e-05 
8.91516e-05 
0.000359683 
0.0144775 
0.0164277 
5.53277e-09 
0.0087541 
0.0104403 
0.0624923 
0.0727858 
-7.39423e-09 
-4.07622e-09 
-6.99339e-10 
5.25741e-10 
8.26875e-09 
1.76615e-08 
1.31528e-08 
3.02466e-09 
8.62076e-09 
5.20937e-09 
-6.54324e-11 
2.76766e-09 
1.29125e-09 
0.0037185 
-2.33469e-09 
-3.42858e-09 
-6.01729e-09 
-6.67938e-09 
-9.45252e-09 
-3.87897e-05 
-1.33857e-08 
-2.0441e-08 
-2.00001e-08 
-2.77411e-08 
-3.51362e-08 
-6.08461e-08 
0.0891638 
0.0878306 
0.0925688 
-2.03129e-08 
0.00299464 
0.0791633 
0.0828768 
0.0682556 
0.0665755 
0.0722731 
0.0908618 
0.0916956 
0.0977104 
0.0976015 
0.0461278 
0.0138614 
-2.28474e-05 
-4.47627e-07 
0.00138005 
0.00109615 
0.00229007 
0.0128024 
0.116509 
0.116795 
0.0555458 
0.056466 
0.0607626 
0.0848415 
0.0522531 
0.0221095 
0.0202329 
0.0265244 
0.0130254 
0.0435858 
0.0482273 
0.0925687 
0.040224 
0.038752 
0.0448933 
-4.26854e-08 
-0.000187684 
1.68554e-05 
-1.5389e-06 
0.0983728 
0.0974199 
0.0019695 
0.0297291 
0.0472776 
0.0981372 
0.109076 
0.115925 
2.60253e-06 
1.01085e-08 
-1.0805e-08 
0.0854277 
0.0300205 
0.0288664 
0.0712188 
0.0668665 
0.059027 
0.0548856 
0.0476237 
0.0375218 
0.026235 
0.0730835 
0.0389019 
0.0218911 
0.0492414 
0.0627158 
0.0808859 
0.0608055 
0.0569669 
0.00517369 
0.00542548 
0.0509969 
0.091459 
0.0680103 
0.0884129 
0.0261602 
0.0979263 
0.112909 
0.0754436 
0.0900912 
0.043843 
0.0492849 
0.0580028 
0.0531997 
0.003447 
0.0117777 
0.0109893 
-7.66369e-08 
0.0930409 
0.101138 
0.0188102 
0.0145463 
0.116331 
0.0728716 
0.116458 
3.65427e-08 
7.94679e-08 
0.0185984 
0.021392 
-0.00015764 
0.0151969 
0.0095649 
0.1083 
0.0970168 
0.0424114 
0.034221 
0.0970056 
0.00442155 
0.0734041 
5.5765e-09 
1.85327e-08 
2.12812e-08 
-4.26925e-05 
0.0787943 
6.29093e-07 
-1.31008e-09 
0.00067206 
0.000383689 
0.0777001 
0.0413765 
0.0545725 
-9.66766e-10 
-7.06437e-06 
-9.33579e-09 
-1.78986e-08 
-1.98385e-08 
0.0938269 
0.0593941 
0.0646343 
0.0821173 
0.00699873 
0.0125272 
0.011776 
-1.08169e-08 
0.0292951 
0.0267469 
0.0342475 
0.0130394 
0.0154479 
0.0064935 
0.011647 
0.00842287 
0.0887971 
0.0949558 
0.0609386 
0.0908214 
0.0717805 
0.0809236 
0.0769617 
0.0634685 
0.0846216 
0.077029 
0.0300681 
0.0379169 
0.0336801 
0.00174004 
0.0780338 
0.00579076 
6.88436e-11 
-1.04865e-07 
0.0821374 
0.00181693 
0.115049 
0.111214 
0.0342906 
0.0438425 
0.0228074 
0.019716 
0.0682254 
0.0102073 
0.0844102 
7.18037e-07 
1.40239e-06 
4.20389e-08 
0.00870227 
-3.01211e-08 
-3.19974e-08 
-1.58113e-08 
-2.47546e-08 
-3.36818e-08 
-5.6934e-05 
0.104661 
0.106188 
0.0184472 
0.0269938 
0.057841 
-2.25138e-07 
0.114509 
0.106177 
-5.6345e-06 
0.0323457 
0.0843708 
0.0954643 
0.0686384 
0.112584 
-4.49463e-07 
0.0720868 
0.00802437 
0.0705381 
0.0800444 
0.0590584 
0.0524504 
0.0650703 
0.0213736 
0.0191956 
0.0417256 
0.0246793 
0.0222134 
0.070938 
0.0469102 
0.048408 
0.0431357 
0.0870641 
0.0283719 
0.0293959 
0.0256278 
0.0582589 
0.0540522 
0.0929488 
0.0916304 
0.0829771 
0.011548 
0.0368089 
0.0381205 
0.0334959 
0.0349228 
0.00547218 
0.0341516 
0.0962624 
0.0528698 
0.0564532 
1.05071e-10 
0.00408087 
0.0123059 
0.103199 
0.109909 
0.112034 
0.0852221 
0.0107347 
3.03302e-06 
0.103085 
0.116974 
0.000488313 
0.0134405 
-3.77086e-05 
-1.15969e-07 
0.00451663 
-0.00044107 
0.000220248 
0.00939443 
-2.98562e-08 
0.00172523 
-1.70178e-05 
0.0143233 
-7.26109e-09 
-1.25132e-07 
-1.90481e-07 
-8.51267e-08 
-5.07711e-08 
-4.16399e-08 
-9.73362e-08 
-1.14199e-07 
-1.60727e-07 
-1.96799e-07 
0.0879211 
0.0391509 
0.0415534 
0.0439179 
0.00377335 
0.00700951 
0.0114978 
0.0767891 
0.0723176 
0.116164 
0.115178 
-0.000128415 
0.116977 
0.116603 
0.063269 
-1.7876e-09 
8.71657e-09 
2.56418e-09 
4.66836e-10 
9.38077e-09 
0.10129 
0.0571155 
0.0615696 
-0.000236857 
0.0990576 
0.102152 
0.0813167 
0.0127939 
0.0128867 
0.0148187 
0.106725 
0.109221 
0.1087 
0.0956904 
0.0311703 
0.0857724 
0.0901472 
-1.01135e-06 
0.00790517 
-0.000353232 
0.0137492 
0.0153003 
0.0160476 
0.0156648 
0.0102796 
0.0137375 
0.012499 
0.0986089 
-0.000165842 
-0.000239741 
0.106833 
0.0839477 
0.109641 
-2.33968e-06 
0.03322 
1.01863e-05 
4.00948e-06 
0.0661249 
0.0643501 
0.104721 
0.065305 
0.00720056 
0.006123 
0.11292 
0.112012 
0.0227986 
0.11006 
0.101969 
0.080174 
0.114317 
0.114715 
0.0793316 
9.51071e-05 
0.10685 
0.0627855 
0.0688636 
0.0756071 
0.0374367 
0.0599311 
0.0987876 
0.0376049 
0.0402657 
0.0875789 
0.0158026 
0.0947338 
0.0690839 
0.0972702 
3.37601e-05 
4.376e-05 
1.41628e-05 
0.0890144 
0.0847614 
2.06398e-08 
6.0584e-09 
0.0785893 
0.01649 
-7.62802e-08 
0.00621751 
0.099972 
0.0963595 
0.00336901 
0.0637801 
0.0760286 
0.108352 
0.109807 
0.0888364 
0.0900848 
0.110016 
0.105762 
3.36614e-08 
-1.08449e-08 
-1.52617e-08 
1.70578e-06 
0.0188653 
0.0215122 
0.014024 
0.117184 
0.0181738 
0.0207484 
2.03076e-09 
1.36963e-08 
1.03431e-08 
0.104766 
-1.8567e-05 
-1.65605e-07 
-1.34139e-07 
0.000999548 
0.000597033 
-7.10571e-06 
0.104991 
0.0764231 
0.074606 
0.0798934 
2.96211e-08 
6.73698e-08 
8.96382e-08 
0.107471 
0.105895 
2.90413e-08 
5.62056e-08 
4.27738e-08 
0.000897906 
0.00105142 
0.0947455 
0.093617 
0.0980282 
0.0602274 
0.0529444 
0.104662 
0.0288519 
2.18227e-07 
-2.31714e-08 
-2.30986e-08 
-3.14745e-08 
1.28208e-08 
3.15347e-08 
2.12678e-08 
0.0930253 
0.0955192 
0.0999092 
0.0487568 
0.0507036 
0.00342495 
0.0746552 
0.0732046 
0.0786569 
0.105866 
0.105489 
0.108167 
0.108954 
0.0367147 
0.041701 
0.0465432 
0.0501909 
0.0278354 
0.0256535 
0.0316848 
-0.000531756 
0.0148849 
0.0163876 
0.0686438 
0.0675469 
0.0884128 
0.0916353 
0.00257841 
-2.3117e-07 
-2.59614e-07 
-5.5996e-07 
0.0433351 
0.0459357 
0.0553145 
0.00422798 
0.00573789 
0.0847283 
0.0083212 
0.00794793 
0.0104003 
0.0887802 
0.105991 
0.104676 
0.116192 
0.115984 
0.116968 
0.0993951 
0.101431 
0.103611 
0.092125 
0.00256221 
0.0864271 
0.114331 
0.106455 
0.0739158 
0.115076 
0.0410064 
0.0834132 
0.0187664 
0.0242941 
0.0201063 
0.0881122 
0.00253512 
0.113454 
0.018796 
0.0204889 
0.0515135 
0.111718 
0.0702276 
0.0450466 
0.00923835 
0.0907547 
0.117331 
0.0572935 
0.0954071 
-2.84577e-11 
8.48301e-08 
7.60289e-08 
0.0759586 
0.00664728 
0.111908 
0.0854698 
0.0564346 
4.80463e-08 
0.015365 
0.00465005 
0.0060833 
0.00397359 
0.00354347 
0.114555 
0.116915 
0.090038 
0.0633573 
0.0589137 
-5.67516e-07 
0.100106 
-0.000315272 
0.0103244 
2.40883e-07 
0.109181 
0.000222199 
0.0118632 
0.0100736 
0.09207 
0.0109574 
0.0114027 
-4.86118e-08 
0.109458 
-1.40157e-05 
0.10559 
0.0359496 
2.86968e-07 
0.109232 
0.107783 
-0.000204668 
-0.000708983 
-4.82325e-05 
0.0493954 
0.104208 
0.10702 
-8.30612e-05 
-0.000396423 
-0.000379556 
0.069608 
0.0650661 
0.114562 
0.112833 
-0.000556904 
0.116367 
0.00950884 
0.113473 
0.0642893 
0.000102537 
0.0130768 
0.0136797 
0.0114693 
0.0480918 
0.0553752 
0.0505517 
-0.000425343 
0.029056 
0.0264696 
0.0343532 
0.0207382 
0.0960617 
0.0178833 
0.018557 
0.0159673 
0.0690264 
0.115527 
0.111318 
-3.56857e-06 
0.0822194 
0.077739 
0.11387 
0.0190433 
0.0800618 
0.116572 
0.0912688 
0.0903884 
0.0846775 
0.0471184 
0.108604 
0.043832 
0.00159042 
0.00204845 
0.117655 
0.0880273 
0.000109799 
9.11757e-08 
-0.000386696 
0.0563589 
0.0581274 
0.115746 
0.0687561 
1.22488e-07 
4.77022e-08 
0.000204206 
0.0511825 
0.0941353 
0.0025615 
0.088349 
0.0839679 
0.0901232 
1.23796e-07 
0.0459465 
0.037616 
0.11683 
0.0238873 
0.0214809 
0.103437 
8.35359e-06 
0.0190656 
0.0977352 
0.0928014 
0.00847328 
0.0092046 
5.15402e-08 
0.0753629 
0.0691189 
0.0713626 
0.0731512 
0.0359862 
0.082975 
-0.000150601 
0.110266 
0.110894 
0.0529978 
0.00078789 
0.0656877 
0.101474 
0.0718409 
7.0562e-08 
1.37923e-07 
1.17072e-07 
0.108464 
1.12615e-05 
-3.38171e-06 
-2.50009e-07 
0.115263 
-7.13587e-07 
-5.25071e-07 
1.81971e-08 
0.0626707 
0.0980941 
0.0275262 
0.0247615 
0.000121508 
0.11107 
0.0717907 
0.0749126 
4.53659e-08 
1.07588e-07 
1.13041e-07 
0.0540893 
0.0557343 
0.0803567 
0.0514875 
-5.44877e-07 
-9.0751e-07 
0.0444346 
0.049498 
0.112975 
0.00010567 
1.03936e-07 
1.57475e-07 
-2.18665e-05 
3.60717e-06 
0.106988 
0.108756 
0.1012 
0.100261 
0.103329 
1.22153e-09 
0.115214 
0.0367629 
9.83747e-07 
1.75445e-06 
-4.91674e-08 
-1.40815e-06 
-7.46145e-08 
5.20169e-08 
-1.47775e-07 
0.0941441 
0.0900553 
-0.000632766 
0.0812712 
0.0851621 
0.0758409 
0.0744408 
0.0799188 
0.0594065 
0.017371 
0.11322 
0.109603 
-0.00047685 
3.47351e-08 
1.22535e-07 
7.71108e-08 
0.0500852 
1.08716e-07 
2.30107e-07 
1.60223e-07 
0.0320421 
0.0346524 
0.0223549 
0.0234707 
0.00881757 
0.00758855 
0.053027 
0.115144 
0.115479 
0.0999052 
0.105398 
0.101903 
0.110713 
0.0628384 
0.0196525 
0.11199 
0.0310353 
0.0120662 
0.0148274 
0.014388 
0.0173465 
0.0407679 
0.0421236 
0.0372117 
0.112785 
0.117334 
0.115405 
0.0787059 
0.117475 
0.117581 
0.103374 
0.0315781 
0.0327168 
0.0285462 
-8.26304e-05 
-4.26592e-05 
0.105578 
0.10427 
2.9987e-05 
1.31786e-05 
0.0473941 
-0.000511482 
-0.000241868 
0.116527 
0.0926558 
0.0868483 
0.0207702 
0.119035 
0.0948496 
0.0959195 
0.0503185 
0.0975011 
0.0438148 
0.0405807 
0.046613 
0.12113 
0.00141141 
0.026773 
0.0319197 
0.0274296 
0.0429242 
0.0869688 
-0.00018751 
0.116835 
0.11668 
0.11751 
0.0593187 
0.0644355 
0.0027723 
-0.000483677 
0.116518 
0.00151762 
-7.4839e-07 
-7.52132e-07 
-1.3509e-06 
3.75855e-06 
4.10221e-08 
3.20053e-07 
1.95698e-07 
0.0818854 
0.114099 
-0.000205603 
5.69693e-06 
0.000493544 
0.0517227 
0.111864 
0.11329 
0.0994924 
0.100953 
0.0957414 
0.00402565 
0.120961 
0.0259001 
0.0240853 
0.0294665 
-5.16878e-07 
0.00229961 
4.51352e-08 
8.95019e-09 
0.0915474 
0.118613 
-0.000240012 
-4.25446e-07 
0.0579258 
0.108952 
0.0622362 
0.100942 
-0.000120844 
-6.33407e-07 
0.117736 
0.0114426 
0.0561667 
0.0518417 
0.00609305 
0.0828306 
0.0580671 
0.0540025 
0.0605673 
0.0776003 
3.55954e-08 
0.11423 
0.120146 
0.122451 
0.121609 
0.114434 
0.111746 
-1.96929e-06 
-2.57928e-06 
-1.18061e-05 
0.0871949 
0.00483782 
0.00563449 
0.00118545 
0.00267176 
-0.000164033 
-0.000212846 
-0.000284133 
0.00144038 
0.000683088 
0.001673 
-7.54134e-07 
-0.000320384 
0.0844417 
0.000203371 
0.104643 
0.0226075 
0.0259687 
0.0289291 
0.0716076 
0.042244 
0.0685616 
0.0991602 
0.11766 
0.119238 
0.0536278 
0.0908425 
0.0484925 
0.0921918 
0.120656 
0.120117 
0.0972303 
0.00511216 
0.0461953 
0.0448052 
0.102407 
0.0397299 
0.0883318 
0.111344 
0.0835658 
0.0961726 
0.0943635 
0.0667628 
0.0706083 
0.00938972 
0.07644 
0.0727289 
0.0782973 
0.0484369 
0.122796 
0.0812878 
0.115253 
0.11453 
0.0454295 
0.0339457 
0.0361094 
-0.000180286 
0.0250729 
0.0198874 
0.00457694 
0.120021 
3.79816e-07 
0.059472 
5.74835e-07 
0.0706705 
0.0641582 
0.0577668 
0.0627108 
4.85619e-07 
0.000195223 
0.0701063 
0.0196997 
0.115997 
0.115517 
0.117501 
0.116014 
0.116289 
0.00361998 
0.00190515 
0.00145012 
0.0147699 
0.00290314 
5.45447e-07 
0.0656369 
-0.000492734 
0.103748 
0.023118 
0.0206372 
0.11139 
0.111955 
-0.000456625 
5.1216e-07 
9.83243e-07 
0.105468 
0.108251 
5.19248e-05 
-1.51534e-06 
-1.55022e-06 
-2.6365e-06 
0.0639198 
0.0523766 
0.0574645 
4.80673e-07 
7.1793e-07 
5.01714e-07 
9.36718e-07 
0.120819 
0.117038 
0.108995 
0.110513 
0.0306976 
0.0992995 
0.087474 
0.0830298 
7.57721e-05 
3.68936e-05 
0.122425 
-1.96887e-07 
-4.73435e-07 
0.115558 
-0.000117542 
0.00853833 
0.00932807 
0.0590139 
0.0605039 
0.0877242 
0.0915627 
0.117889 
0.0988864 
0.0990792 
0.109276 
0.108127 
4.20322e-07 
8.1062e-07 
0.112681 
0.0477631 
0.0281876 
-1.26578e-06 
-1.03831e-06 
0.0640193 
0.108167 
0.112687 
0.109495 
0.0958559 
0.0933435 
5.78672e-07 
0.0226153 
0.114199 
7.66094e-07 
9.9968e-07 
0.0435517 
0.0381928 
0.035007 
0.0317806 
0.0759031 
0.0772631 
0.0127943 
0.0749448 
0.0767045 
0.0703035 
0.037038 
0.0343223 
0.0421622 
0.0965639 
0.0162252 
0.0190293 
0.0125912 
0.0116787 
0.0152775 
0.117659 
0.0170703 
0.0176643 
0.0152987 
0.0267061 
0.0276954 
0.0239834 
0.0957766 
0.088037 
0.0826002 
0.103676 
-0.000528646 
0.0410346 
0.0397701 
-0.000547893 
0.0638728 
0.101161 
0.00409414 
0.0132451 
1.6119e-07 
0.105073 
0.114011 
-0.000195349 
0.105622 
0.12168 
0.000811691 
0.100327 
0.100598 
0.101558 
0.00559076 
0.0416179 
0.0859955 
2.16829e-06 
0.107989 
0.0549323 
0.0670635 
0.081181 
0.0610849 
0.0565123 
5.18283e-07 
1.12623e-06 
8.75637e-07 
0.0190984 
0.100276 
0.0988119 
0.000370446 
0.0456709 
0.114438 
0.0331774 
0.124746 
0.00454104 
0.0932536 
0.10313 
1.26026e-06 
0.00681357 
0.000647247 
0.0397166 
8.75818e-07 
0.0436327 
0.00396599 
0.119671 
0.000972665 
0.0731478 
0.0118088 
0.0300751 
0.112919 
0.000359437 
0.111433 
0.113093 
5.04027e-07 
0.106016 
-0.000187181 
-0.000242409 
0.0986378 
0.000601886 
0.101464 
6.437e-07 
0.105192 
0.106887 
0.121757 
0.000361917 
0.116627 
0.11522 
-1.726e-06 
-0.000180429 
0.00761026 
0.0543441 
0.0701274 
0.0491111 
0.0449969 
0.119644 
-8.10439e-05 
0.00681276 
7.84991e-07 
0.0952576 
0.0826187 
0.0813692 
0.0865464 
0.104699 
0.108929 
0.105766 
0.054271 
-0.000121669 
-0.000481481 
2.80136e-07 
6.42878e-07 
5.03117e-07 
-1.96924e-06 
0.0904009 
0.0865957 
0.0901411 
0.0686215 
0.0250929 
0.0589733 
0.0593757 
0.123291 
0.124213 
0.0979203 
0.0212201 
0.0242342 
0.0335274 
0.10765 
0.108817 
0.104492 
0.0562401 
0.124006 
0.111145 
0.063247 
3.64324e-06 
9.73121e-07 
3.37054e-06 
4.22565e-06 
5.79115e-06 
0.0965133 
0.000319721 
0.102916 
0.00554209 
-3.16084e-06 
0.0506179 
3.55061e-06 
0.0749162 
0.0755477 
3.49107e-06 
0.000953825 
0.0771149 
0.0361601 
0.117961 
0.0940863 
0.117977 
0.0645886 
0.097995 
0.0759598 
-0.000171474 
0.0414889 
-5.32957e-06 
0.0450849 
0.0503239 
0.0472503 
0.12512 
0.0545185 
0.0283594 
0.00390114 
0.0223525 
0.0198542 
0.0676925 
0.117622 
0.126032 
0.125013 
0.0397896 
0.0385547 
0.0656398 
0.117391 
0.117496 
0.0168735 
0.016274 
0.000257254 
7.73066e-07 
0.122608 
0.00494686 
0.118596 
0.077495 
0.078765 
0.012057 
0.102031 
0.00651476 
5.43376e-06 
3.79031e-06 
0.117959 
0.117189 
0.0989351 
0.0994718 
0.0516553 
0.0492958 
0.0283507 
0.00513469 
0.0138173 
0.0933734 
0.09496 
0.0891604 
0.115363 
0.113774 
0.116267 
0.0012718 
0.000861835 
0.00818397 
0.112403 
0.0925131 
-0.000188917 
0.104652 
0.00318081 
0.0940015 
0.0820672 
0.117251 
0.000258762 
0.102353 
0.102494 
3.46931e-06 
4.24639e-06 
0.00742502 
0.0107603 
0.110171 
0.112571 
0.00381656 
-1.33045e-06 
-1.05289e-05 
-2.38425e-06 
0.109878 
0.111092 
0.0606585 
0.0655148 
0.0717225 
0.00869948 
0.124017 
3.92202e-06 
6.65444e-06 
-3.31922e-06 
7.31174e-06 
0.122961 
-0.000154053 
0.080218 
0.120537 
0.065865 
0.00607461 
0.0710045 
0.0941126 
0.0976809 
0.121478 
0.120587 
0.122561 
-0.00054437 
-0.000378174 
-2.36959e-05 
0.115434 
0.124452 
0.126095 
0.125311 
0.115056 
3.0741e-06 
4.61965e-06 
2.84813e-06 
4.83952e-06 
0.0584657 
0.114339 
0.0258806 
0.0232172 
-0.000137196 
-0.000315642 
-0.000211315 
0.115194 
0.00277028 
-0.000124774 
5.85487e-06 
0.0755692 
0.0738303 
0.0671102 
0.116925 
0.117131 
0.0602206 
-0.000270186 
0.0387636 
0.000166168 
8.58378e-05 
0.0637345 
0.0674149 
0.069132 
0.0627472 
3.79066e-06 
0.0296822 
0.0268188 
0.0372648 
0.0199227 
0.0165972 
0.0838682 
0.0782501 
-0.00029402 
0.0360102 
-1.1776e-05 
1.18564e-06 
0.0939909 
0.0924096 
0.11208 
0.0951975 
0.0748346 
0.0339336 
0.0350747 
0.0307038 
2.39967e-06 
0.0345142 
2.63131e-06 
5.08647e-06 
4.82223e-06 
0.118068 
0.066168 
0.0704552 
0.0718679 
0.0387843 
1.86659e-06 
-1.72415e-05 
1.82972e-05 
0.125422 
0.00391973 
-0.000606383 
-0.000683398 
-0.000260363 
2.15764e-06 
-0.000181455 
0.0946076 
0.00517264 
0.117306 
0.000705463 
0.011153 
0.104381 
0.00270207 
0.0120588 
0.116453 
0.0022386 
0.125306 
6.86522e-06 
0.106 
0.10677 
0.000196451 
0.0423829 
0.0892583 
1.88205e-05 
0.118087 
0.000691783 
0.000648602 
-0.000409383 
0.10733 
0.119024 
0.114265 
0.123966 
2.34968e-06 
3.12388e-06 
1.77534e-06 
0.00805772 
-0.000239721 
0.104007 
0.123634 
0.0142619 
0.00735147 
0.105853 
0.107342 
3.6832e-06 
0.078475 
-7.81114e-05 
0.0736991 
-9.89624e-05 
-0.000253745 
0.0106535 
0.0478905 
0.0437324 
9.83207e-06 
0.0100637 
0.0427891 
0.0441971 
0.0498971 
0.0460679 
0.00528132 
0.0647104 
0.0766703 
0.126433 
0.00606583 
0.000588709 
-0.000330787 
-0.000423507 
0.121545 
0.124231 
0.12212 
3.04834e-06 
-0.000152155 
-0.000195198 
0.0336282 
0.0114207 
0.0970941 
0.0214365 
0.0149719 
0.0442478 
0.0879416 
0.0862425 
0.0573667 
0.0687362 
0.0536949 
0.0493522 
0.116279 
-0.000315902 
0.000434536 
0.0731471 
0.0740691 
0.00317639 
9.56222e-06 
0.000476593 
1.72335e-05 
0.0810637 
0.0815179 
0.116658 
0.0806107 
0.0792532 
0.0902519 
0.073394 
0.0312015 
-0.000563075 
0.0345717 
0.0059544 
0.114704 
0.039665 
0.125963 
2.69247e-05 
0.0892764 
0.0930498 
0.0552844 
0.12459 
0.107067 
0.0805188 
0.018479 
-0.00056176 
0.127068 
0.0528943 
0.0583369 
0.126484 
0.054039 
0.0630814 
0.0897067 
0.00604354 
0.115004 
0.0113362 
0.116142 
0.000735197 
0.0864554 
0.0881239 
0.0819382 
0.0740213 
0.000995963 
0.0039972 
0.125887 
2.1489e-05 
0.109515 
0.10481 
0.0869917 
0.0385693 
0.0373503 
0.107446 
0.00472622 
0.0792275 
0.100851 
-2.46324e-06 
0.108155 
0.114271 
0.000420625 
0.115076 
-0.000356051 
0.0685885 
0.122715 
0.109803 
0.0687837 
2.11817e-05 
-0.000243766 
2.12402e-05 
0.117861 
0.118005 
0.00978056 
0.108122 
0.0129308 
-0.000503734 
0.00939698 
0.0114771 
0.118139 
0.118176 
0.102638 
0.127116 
0.100221 
0.103534 
0.078415 
0.0826314 
0.122077 
-0.000279652 
0.0773028 
0.0727414 
0.0841612 
0.0829443 
0.0881484 
0.0016723 
0.0692171 
0.0300347 
0.11847 
0.118309 
-0.000523622 
0.00951879 
0.0216472 
0.0192906 
0.0929378 
1.0506e-05 
1.50367e-05 
1.6142e-05 
2.19693e-05 
0.091349 
-8.97811e-05 
-8.70493e-05 
0.100485 
0.0272535 
0.0585971 
0.0857885 
0.0846412 
-0.00019353 
0.111049 
0.117611 
0.119528 
0.0598388 
0.0552834 
0.12777 
0.00676174 
0.0250197 
0.0224626 
0.0694284 
0.112048 
0.110443 
0.111184 
0.0255555 
0.0194387 
0.016064 
0.04478 
8.1513e-05 
0.0725911 
0.0968057 
0.0733431 
0.00941713 
0.102386 
0.103739 
0.0985762 
0.116912 
0.113386 
0.0600012 
0.112096 
0.109893 
0.112414 
0.0803065 
0.00312486 
1.50865e-05 
0.00366447 
0.00238142 
0.00315909 
-0.000435512 
0.0512995 
0.016271 
0.0155299 
0.00681521 
0.0790047 
0.0742911 
0.0650108 
0.00214791 
0.00753787 
0.108256 
0.00177272 
0.0602576 
0.0530462 
0.0869394 
0.085296 
0.00867677 
0.00358652 
0.0823351 
0.0915043 
0.0860152 
0.0765872 
0.0808837 
0.117508 
-0.000582399 
-0.000288727 
-0.000421379 
0.0362832 
0.0558784 
0.123451 
0.0846761 
0.0858549 
-0.000254159 
0.127037 
0.0859353 
0.0860525 
0.0273893 
0.0312361 
0.128472 
0.0901429 
0.00609699 
0.086997 
0.0640554 
0.0864057 
0.078286 
0.112067 
0.0100749 
0.000608205 
0.0650292 
0.041174 
0.105666 
0.106849 
0.127697 
2.37083e-05 
0.111467 
0.110879 
0.11381 
0.0813838 
0.000508472 
0.100738 
0.10234 
0.049695 
0.006203 
0.00487806 
0.00545473 
0.00418578 
0.000288509 
0.119632 
0.113998 
0.121214 
0.10933 
0.00176034 
-1.58572e-05 
0.0020601 
0.00285227 
0.00320016 
0.12031 
0.065189 
0.0823313 
0.0827704 
3.09999e-05 
0.106323 
-0.000318244 
0.00771185 
0.112349 
0.112967 
0.0704603 
0.0703155 
0.000297428 
0.0694996 
-0.000105337 
0.101433 
0.0134288 
-0.00010996 
3.50665e-06 
-0.000119559 
0.0600856 
3.33867e-05 
0.000780686 
0.00119023 
0.12266 
-8.40069e-05 
-0.000185345 
0.00886626 
0.0179706 
0.0466032 
0.0425055 
0.0514798 
0.117262 
0.000176731 
0.109613 
0.0806698 
0.078221 
0.0207727 
0.0245147 
0.0141336 
0.000524248 
0.00103124 
0.0945115 
0.0895973 
0.0966396 
0.128715 
0.0661796 
0.0614984 
0.0743276 
-0.000262164 
0.110534 
0.111574 
0.10752 
0.0865681 
0.0876998 
0.00341874 
0.0148507 
0.0182622 
0.0286604 
0.0258815 
0.00417196 
0.117253 
0.0968529 
0.118783 
0.118881 
0.118618 
0.0327915 
0.0338651 
0.0296183 
0.0738974 
-6.25789e-05 
-0.000157475 
1.30241e-05 
1.83648e-05 
0.129112 
-0.000427695 
0.0806968 
0.0324303 
0.060414 
-6.45688e-05 
0.0553179 
0.121543 
0.114061 
0.0957326 
0.0993143 
0.000106179 
0.000197731 
0.1265 
0.00274764 
0.0549146 
0.0646952 
0.123095 
0.0813247 
-2.57484e-05 
0.111683 
1.38834e-05 
0.060203 
0.0712175 
0.1089 
0.0102917 
0.124766 
0.110008 
0.125238 
0.000939356 
0.12366 
0.0865546 
0.0868661 
0.00209435 
0.0690525 
0.073588 
0.118217 
0.120341 
0.00778596 
0.00878189 
0.00701242 
0.128083 
0.12648 
0.0371304 
0.0404685 
0.00168111 
0.00148822 
0.00226878 
0.112821 
0.128769 
0.0682853 
0.0503211 
0.00478707 
2.17397e-05 
-0.000314835 
0.127982 
0.118869 
0.118851 
-4.73019e-05 
0.11895 
0.0750844 
0.112272 
0.128382 
-0.000628953 
0.102835 
0.101471 
2.07426e-05 
0.00199317 
0.00147393 
0.00202888 
0.00261218 
2.64858e-05 
0.00121177 
0.114698 
0.078384 
1.70361e-05 
0.10934 
4.03846e-05 
4.03266e-05 
-0.000501389 
2.54813e-05 
3.42507e-05 
-4.97227e-06 
-0.000359559 
0.0159298 
0.0151995 
0.0960277 
0.0975383 
0.0917282 
0.00016124 
0.0647519 
0.12542 
0.000556838 
0.106427 
0.00992503 
0.00831996 
0.012655 
0.105924 
0.108946 
0.0126416 
0.0133756 
0.0109992 
-0.000410947 
0.0820317 
3.85225e-06 
-0.00058221 
8.42253e-05 
0.0470819 
0.127324 
-0.000199309 
-0.000417409 
0.115467 
0.114857 
0.116605 
-0.000194321 
-0.000386059 
0.0792337 
0.0772258 
0.000431949 
-0.000365577 
0.0524377 
0.0480416 
0.000103216 
0.0209186 
0.0187136 
0.104676 
0.0373047 
0.0360984 
0.115194 
0.115756 
0.000559023 
0.127516 
0.0678692 
-5.98514e-06 
0.0447669 
0.040638 
0.0453503 
-6.36749e-07 
-6.09114e-07 
0.106871 
0.0855952 
0.118374 
0.0914728 
-4.75967e-05 
0.0839541 
0.0909565 
2.09468e-05 
0.104427 
0.118551 
0.116615 
0.0838943 
0.0768926 
0.0753864 
4.41838e-05 
0.00023969 
-0.000343136 
-0.000178185 
0.0776339 
0.0793017 
0.0728751 
-3.20522e-05 
0.0508752 
0.0334364 
0.0781591 
0.118974 
0.00390012 
0.0028751 
0.0898704 
0.090941 
0.128877 
-0.000331317 
0.116021 
0.106207 
0.115058 
0.0554595 
0.0788895 
0.0664184 
0.126858 
0.118623 
0.116692 
0.128356 
-0.000580906 
0.125141 
0.0957365 
-0.000617689 
0.000109553 
0.00550387 
0.117844 
0.120868 
0.118375 
-1.66646e-05 
0.0633264 
0.0909617 
0.095613 
0.0910653 
-1.99478e-05 
0.079668 
0.00413541 
0.0052232 
0.0461683 
0.125494 
-0.000179978 
7.20079e-05 
0.118941 
0.0596749 
-5.44434e-05 
0.0647898 
4.94375e-05 
-0.000527135 
0.00319952 
0.10121 
0.100536 
0.0833531 
-6.56627e-05 
-0.000570682 
-6.82565e-05 
-0.000117994 
0.00243341 
8.51378e-05 
0.000151676 
2.42735e-05 
-0.000492029 
0.129484 
0.039872 
0.00150431 
0.129205 
0.127126 
0.113582 
0.107157 
0.100263 
0.101696 
1.24706e-05 
0.000423337 
-0.000653178 
0.0719093 
0.072169 
0.0290541 
0.025307 
0.029784 
0.00474319 
0.123508 
0.00164299 
-9.07897e-05 
0.0585225 
0.0539786 
0.127541 
0.12662 
0.127928 
4.43645e-05 
0.00177781 
-4.60223e-05 
5.35536e-05 
0.00246113 
0.00290502 
0.00220747 
0.00148271 
-0.000100514 
1.80892e-05 
7.92822e-05 
-0.000434829 
0.114189 
0.116329 
5.0232e-05 
0.0825106 
5.33365e-05 
2.99853e-05 
0.024033 
0.0216301 
0.118352 
0.000402787 
0.119543 
0.0985635 
0.119602 
0.119519 
0.0828902 
0.0727288 
0.119156 
4.52461e-05 
0.00386641 
0.000115094 
0.0761622 
0.0505252 
0.0461591 
0.00464876 
0.0718167 
0.115971 
6.06217e-05 
0.0686147 
2.05237e-05 
0.101884 
0.105155 
0.00072425 
0.000833113 
0.0927321 
-0.000173054 
0.00879638 
0.128625 
9.67147e-05 
6.45065e-05 
7.96816e-05 
5.69054e-05 
9.35907e-05 
8.0253e-05 
0.000133461 
0.104078 
0.000308225 
0.0917072 
8.36975e-05 
2.92176e-05 
1.11686e-05 
0.000132519 
0.000156934 
0.0840779 
0.129199 
0.107453 
0.0877528 
0.0548797 
0.00189532 
0.128386 
0.118414 
0.117258 
0.000843144 
0.113953 
-8.80364e-05 
0.105457 
0.121446 
0.000281929 
0.097977 
0.0974802 
0.00706718 
0.00803293 
0.00622319 
-0.000130467 
0.00321686 
0.00420556 
3.86238e-05 
0.0024034 
0.00236869 
0.00327515 
0.00694609 
0.0085951 
0.0748883 
0.119147 
0.1213 
-0.000169443 
0.123611 
0.0100208 
0.127408 
0.0947439 
0.125787 
0.0777745 
0.109901 
0.110995 
0.106743 
0.000575463 
0.000180429 
6.38015e-06 
0.0360808 
0.0348761 
0.12975 
0.0375248 
0.0336089 
0.0588336 
0.0636337 
0.0887844 
0.084102 
-0.000538614 
0.118828 
0.0811043 
0.0866558 
0.0148122 
0.069692 
0.0713025 
0.0648935 
0.000215448 
0.11646 
0.114481 
-0.000240009 
-7.83505e-05 
0.087382 
0.0884654 
0.0893823 
0.113697 
0.128669 
0.0453123 
0.0411855 
0.00013961 
5.51365e-05 
8.8827e-05 
0.111254 
4.59854e-05 
2.52155e-05 
5.19084e-05 
0.10678 
0.101778 
0.100383 
-0.000170872 
0.103696 
0.114364 
-2.95339e-05 
0.000306627 
6.21786e-05 
0.000222315 
0.111135 
0.000170575 
0.00021179 
0.00103171 
8.10374e-05 
0.000561777 
-0.00037318 
2.26229e-05 
0.0709347 
0.0683919 
0.0689081 
-0.000680293 
-0.000634206 
0.117017 
0.000677236 
0.0794124 
0.00225255 
-0.00056711 
0.125234 
0.0325614 
0.031523 
0.0176068 
0.0158352 
0.000990075 
0.123338 
0.00142697 
0.0544057 
-9.35999e-05 
0.0415437 
0.0373573 
0.0415332 
0.0940224 
0.089268 
0.0962065 
0.0600969 
0.126989 
0.125312 
0.127196 
0.112689 
7.07838e-05 
0.115464 
0.119675 
0.119712 
0.0187933 
0.0965824 
0.000243221 
0.112617 
0.000974427 
0.000201511 
0.0014058 
0.000741687 
0.0222737 
0.000341662 
0.000314846 
0.122335 
0.10972 
0.000192012 
0.00420099 
0.0275311 
0.0283942 
0.0247863 
0.101446 
0.000302315 
6.38873e-05 
0.045578 
0.000103831 
0.0681642 
0.0948232 
0.0963087 
0.0903614 
0.111997 
0.000138373 
0.0981392 
0.097256 
-3.37781e-05 
-3.31935e-05 
-7.4024e-05 
0.127387 
0.000135851 
-1.2081e-05 
0.0886343 
0.129462 
0.108969 
0.001011 
0.00201353 
8.95422e-05 
-0.000456309 
0.118873 
0.0162771 
-8.98689e-05 
-1.34734e-05 
0.000148523 
0.114046 
8.43208e-05 
0.0914545 
0.000803423 
0.00113387 
0.0415585 
0.0916647 
0.121488 
0.123943 
0.121861 
-0.000201054 
0.0744058 
0.0104489 
0.0586136 
0.00279425 
0.000178931 
-0.000310607 
6.80896e-05 
0.0811935 
0.000124545 
5.50797e-05 
0.119574 
-0.000194896 
0.00520873 
0.0975157 
0.0965737 
0.101048 
0.0946316 
0.0936399 
0.000719172 
0.111441 
0.0305799 
0.000288712 
0.118079 
0.119377 
0.000279905 
0.127565 
0.0619834 
0.000799599 
6.10604e-06 
0.0133202 
0.128733 
0.0128358 
0.100224 
0.129472 
0.00152503 
0.00183721 
0.00123178 
0.11559 
0.12953 
0.129648 
0.000904829 
0.000542283 
9.3088e-05 
0.0570578 
0.0228507 
0.0262798 
-0.000450296 
-0.0003104 
0.0510232 
0.0467232 
-0.000507062 
0.00191467 
0.10841 
0.107981 
-0.000481859 
0.0620824 
-0.000526769 
0.0919878 
0.0924035 
0.12966 
0.0693174 
0.0671659 
0.000127348 
0.115217 
0.111554 
0.114722 
0.0121339 
0.00309253 
0.117902 
0.117595 
0.119434 
9.66336e-05 
-0.000304023 
-0.000162677 
0.117594 
0.100249 
0.104294 
0.000155281 
-3.53987e-07 
2.42594e-05 
0.129868 
0.000132478 
0.000112414 
0.000144374 
-0.000294481 
-0.000497312 
0.0958675 
0.104112 
0.0555122 
0.0863677 
0.0894088 
0.0868364 
0.00086407 
0.107931 
0.128863 
0.0524943 
-0.000588169 
1.95008e-05 
-3.57424e-06 
-2.3847e-05 
-0.000368425 
-0.00030778 
0.0199688 
0.0180654 
0.0369847 
0.11964 
0.122576 
0.120066 
0.00133603 
0.0667844 
0.0992038 
0.00519967 
0.000313426 
0.000389611 
0.0408475 
2.17075e-05 
0.0336942 
0.0615349 
0.0639215 
0.107611 
0.110524 
0.00819282 
0.0014142 
-0.00022141 
-0.000137677 
-2.03266e-05 
-1.3716e-05 
0.000207573 
0.001078 
0.0941496 
0.00173507 
0.00160664 
0.0494686 
0.104108 
0.0999525 
0.0167006 
0.0198385 
0.118538 
0.104644 
0.00112239 
7.09782e-05 
0.000225331 
-0.000390104 
-0.00044993 
0.000444125 
0.0446705 
0.0957102 
0.000880843 
-0.000276424 
0.0908626 
0.0897767 
0.00101252 
0.104122 
0.00618089 
0.00578056 
0.00733407 
2.21261e-05 
3.89724e-05 
0.00107922 
5.91703e-05 
2.38681e-05 
-1.70399e-06 
-0.000303937 
5.2993e-05 
0.12028 
0.0651684 
0.00024603 
7.17932e-05 
0.05825 
-0.000338213 
0.11271 
0.11516 
4.55675e-05 
-0.000141436 
-0.000175343 
0.000272188 
0.000255054 
0.0482439 
0.117188 
0.10051 
8.34593e-06 
0.0998848 
0.0999212 
-0.00027812 
3.70136e-05 
0.00347498 
0.0956241 
0.0959943 
0.0586959 
-0.000380065 
0.12978 
0.000106094 
4.42169e-05 
-0.000216374 
0.124358 
0.124587 
0.0695594 
0.0759582 
0.0907333 
0.0916384 
0.0622771 
0.0713887 
0.0775162 
0.00957305 
-0.000286872 
9.37975e-05 
0.000113986 
0.000100136 
0.120547 
0.104483 
0.100613 
0.0993106 
0.127534 
0.026693 
0.08086 
9.30218e-05 
0.0616801 
0.0569477 
0.000371689 
0.000360177 
0.128876 
0.109143 
0.105779 
-0.000273666 
3.84584e-05 
6.22935e-05 
0.053065 
6.03503e-05 
0.0680371 
0.120528 
-0.000295495 
-0.000285408 
0.0371769 
0.0124583 
0.129 
0.113071 
0.110291 
0.094497 
0.000526136 
0.00101869 
0.00140998 
0.0012823 
4.56754e-05 
0.0935494 
0.129966 
0.031349 
0.000892257 
0.000716622 
0.0386525 
0.0348955 
9.59523e-05 
-0.000554562 
0.127757 
0.126103 
0.11757 
0.120572 
-0.000405847 
0.0296133 
0.000140492 
-0.000197255 
-0.000627735 
0.0983988 
0.0303053 
0.0330749 
0.120184 
0.122824 
-0.000529073 
0.00287145 
0.00246701 
-0.000414963 
-0.000450871 
0.00269894 
0.00275096 
3.33005e-05 
0.0148564 
0.0134066 
0.0615135 
0.0585024 
0.0111857 
0.120276 
0.120134 
0.125302 
0.12544 
0.0510467 
0.0496467 
0.117768 
0.114715 
-6.95625e-05 
-0.000115258 
-8.78821e-05 
0.00389615 
0.0861096 
0.0806901 
0.0894967 
0.0326275 
0.119755 
0.120087 
0.119062 
0.0949534 
0.0934488 
0.000262432 
0.122725 
0.0270511 
0.00548569 
0.000414566 
0.0359985 
0.0302338 
0.0291529 
-0.000267274 
0.0514001 
0.000140977 
0.000355074 
0.000567035 
0.000207506 
0.000151456 
0.000178745 
0.00709854 
0.00224236 
0.0869312 
-0.000292901 
0.00134018 
0.116234 
0.114037 
1.07009e-05 
0.00134278 
0.000329425 
0.00257951 
-0.000444377 
0.00193849 
0.113369 
0.00209558 
0.00267839 
-0.000141387 
0.101123 
0.0987167 
1.98822e-05 
0.0660653 
0.0602958 
0.0577557 
0.096362 
0.0999168 
0.108024 
0.043925 
0.0452716 
0.0399224 
0.0724827 
0.0675553 
0.129049 
0.0392205 
0.0964136 
0.0955536 
0.100239 
0.0934666 
0.0967824 
0.094039 
7.12141e-05 
0.0998565 
-0.0002409 
0.102889 
0.103678 
0.00383134 
0.125631 
0.129561 
0.000529424 
0.124757 
-0.000425583 
0.129743 
0.0516703 
0.0561551 
0.127724 
0.120909 
0.0947517 
0.12988 
0.000244037 
0.000330492 
0.000250403 
-0.000282871 
-0.000274325 
-0.000267783 
-0.000380582 
0.111465 
-0.000332092 
0.000100056 
0.000207003 
0.106896 
0.0585555 
0.0541941 
0.056286 
0.0256139 
0.000138412 
0.000107492 
0.000122076 
0.000134761 
0.032862 
-0.000183016 
0.00409065 
0.000431743 
0.0552932 
0.0048802 
0.00464118 
0.00614757 
0.102755 
-0.000244108 
-0.000586957 
1.2294e-05 
0.000174431 
0.00197103 
0.00169608 
0.0113201 
0.00939979 
0.0142258 
0.00392408 
0.0516824 
0.0481745 
0.000381154 
-0.000459819 
0.121287 
0.000144961 
0.000184249 
0.000147067 
0.0631758 
-0.000208955 
0.00727793 
0.00660348 
-0.000250754 
-0.000232512 
0.0575021 
-1.12581e-05 
-0.000386252 
0.000324191 
0.00069994 
0.000103899 
0.0230164 
0.000170396 
0.0279725 
0.000171209 
0.00022558 
-3.69472e-06 
-0.000400356 
0.0597393 
-0.000203263 
2.71414e-05 
0.000231174 
0.000552343 
0.00056838 
0.000160036 
0.000479007 
-0.000328947 
6.28627e-06 
2.49219e-05 
6.72153e-05 
2.62121e-05 
8.06694e-05 
0.11859 
0.117016 
0.122819 
0.120404 
0.000237593 
0.000154347 
0.000134825 
0.124847 
0.122731 
0.0249852 
-0.000223824 
0.129758 
0.0261944 
0.0348033 
0.0281309 
-0.000168166 
-0.000362206 
0.117006 
0.000479216 
0.00021565 
0.000290299 
-0.00035945 
-7.82545e-05 
-2.63692e-05 
0.00043218 
0.000403233 
0.00137411 
0.0859404 
0.0909391 
0.00396538 
-0.000240601 
9.28876e-06 
-8.20035e-05 
0.000308196 
0.00158533 
-0.000346039 
0.0282759 
0.00255878 
-5.86614e-07 
0.0507788 
0.125746 
0.0205153 
0.103646 
0.103608 
0.0016385 
0.000370062 
0.103847 
0.121475 
6.21452e-06 
0.0824027 
0.0817346 
0.112439 
0.00984316 
-0.000107104 
0.0868062 
0.000300076 
0.000296227 
0.0937763 
0.0477061 
-8.70776e-05 
-0.000249522 
0.00531414 
0.00576302 
0.101901 
0.106562 
0.127773 
0.000255141 
0.110147 
0.105756 
0.109254 
2.02374e-05 
0.000124154 
-0.000320162 
-0.000247111 
2.6927e-05 
0.000367858 
0.000422045 
0.0380389 
0.0425407 
0.129067 
0.0872747 
0.0888381 
0.0824629 
0.126456 
0.126536 
0.000550885 
0.000473097 
-0.000244396 
0.000148508 
0.129912 
0.0999938 
0.0316189 
0.111508 
0.107889 
0.059795 
-0.000309968 
0.0978534 
0.129613 
0.126311 
0.0978475 
0.0227313 
0.0233818 
0.020477 
-0.000166448 
0.120711 
0.00307064 
0.0240332 
0.000502883 
0.000745014 
0.103357 
0.0993023 
0.00207011 
0.00294586 
0.123019 
0.0455285 
0.000313194 
0.0109568 
0.121213 
0.108273 
0.104694 
0.0898543 
0.00353573 
0.0161683 
0.0612022 
0.000436658 
0.000555947 
0.000476606 
0.000768343 
0.000625406 
3.66553e-05 
0.118869 
0.119106 
0.00113885 
0.00852418 
0.122871 
0.116316 
0.00784568 
0.00647298 
2.49082e-05 
-0.000353408 
0.0410708 
0.0790409 
0.128871 
0.0934178 
0.0918826 
0.000722524 
0.0325147 
0.0291779 
0.109315 
0.0739971 
0.0259549 
0.000702096 
0.000677386 
0.00268115 
0.00234721 
8.95184e-05 
0.000493909 
0.000494992 
-0.000544973 
0.000177807 
0.112171 
0.000200745 
0.0514117 
0.0482706 
-7.59504e-06 
-2.01345e-05 
0.000141649 
0.00021831 
-0.000233946 
0.000304422 
0.0606319 
0.0674842 
0.0479967 
5.37999e-05 
0.120565 
0.120469 
0.121368 
0.114839 
0.117728 
-7.69882e-05 
0.0126792 
0.0109341 
0.000417202 
0.120065 
0.119175 
0.0040011 
0.000521092 
0.0219555 
0.0212569 
-0.000369018 
0.0054677 
0.000361732 
0.0250711 
0.0241149 
9.76256e-05 
0.00032422 
-9.20085e-05 
0.0323744 
4.65848e-05 
0.0787437 
0.096361 
0.120451 
0.000168823 
0.000139465 
0.107173 
0.000413483 
0.0018306 
-0.000224043 
0.112449 
0.0298946 
0.0282746 
0.000687837 
0.000234005 
0.0468185 
0.12332 
3.31879e-05 
0.00041207 
0.000539374 
0.00410154 
0.120757 
7.0793e-05 
7.2052e-05 
0.121638 
0.119115 
0.000607731 
0.000268294 
0.000147184 
0.000834101 
0.000190889 
0.129469 
0.00118781 
0.000131309 
0.127662 
0.00193009 
0.000165893 
-4.3867e-05 
-0.000115885 
-0.000166743 
-0.000155658 
-0.000105385 
0.105478 
0.000638081 
0.1264 
0.127842 
0.128941 
0.127908 
0.000180374 
0.000258864 
0.103476 
0.0408969 
0.00410623 
0.0195235 
0.000727305 
0.0492763 
0.0537656 
0.104722 
0.000209617 
0.00337772 
0.00216384 
0.00246119 
0.00226953 
0.046196 
0.107331 
0.0551069 
0.0435361 
0.0476938 
0.000989843 
0.0855654 
0.0871755 
0.0806146 
0.119942 
0.120088 
0.0873214 
0.0704857 
0.0771117 
0.0706088 
0.0803928 
0.0915455 
2.54465e-05 
0.128843 
0.127535 
0.128711 
0.0577259 
0.000663583 
0.000776542 
0.000753557 
-9.61752e-05 
1.76399e-05 
0.000162572 
0.00447155 
0.00708341 
0.00492473 
0.000755596 
0.000300442 
0.000339673 
0.000306035 
0.000620442 
0.000899297 
0.00106757 
0.00097043 
0.00781276 
0.00837832 
0.00933774 
1.67131e-05 
0.0242942 
0.00338665 
0.00696311 
0.00019759 
0.0413535 
0.0378976 
0.0506955 
0.0477511 
0.00123386 
-3.54821e-05 
0.000104349 
0.000282035 
0.0271436 
0.0235726 
0.0262272 
0.000141748 
0.119203 
0.000235905 
0.115381 
0.0640064 
0.0438181 
0.125832 
0.108672 
0.000106554 
0.00164627 
0.00193729 
0.00239958 
0.0164049 
-5.55223e-05 
0.11429 
0.116621 
0.0517536 
0.0473583 
-9.14414e-05 
0.00547394 
0.00631686 
0.00513008 
0.111064 
0.110448 
0.113786 
0.0205455 
0.0070755 
0.00648005 
0.000490842 
0.0231445 
0.12026 
0.00047289 
0.000583575 
0.000412194 
0.000220253 
0.0606702 
0.000232625 
0.00036698 
0.000469998 
0.120293 
0.0917372 
0.0901799 
0.105535 
4.62578e-05 
-1.87419e-05 
0.113469 
0.00136373 
0.000216535 
0.049715 
0.0565715 
6.40145e-05 
0.000742588 
0.106945 
0.109461 
8.88286e-05 
7.55836e-05 
0.0403104 
0.0741339 
0.0730825 
0.000279083 
0.000266205 
0.120444 
0.000384436 
0.083046 
0.000237349 
0.123311 
0.000238828 
0.000276914 
2.63929e-05 
0.103667 
0.102361 
0.0654084 
0.102871 
0.106485 
0.00800967 
0.000569104 
0.000664133 
0.037353 
0.0336489 
0.00507866 
0.0983894 
0.0977333 
0.102017 
0.126371 
0.124702 
0.129348 
0.129629 
0.0590512 
0.00147381 
0.0374472 
0.106818 
0.125751 
0.000105426 
0.0001091 
0.115897 
0.000823772 
0.000853686 
0.127706 
0.129379 
0.0374868 
0.0775282 
0.017332 
0.0425813 
0.052965 
0.0164647 
0.000349019 
0.000180304 
0.0767159 
0.0770766 
0.0771148 
0.0720205 
0.00464888 
0.00598425 
0.0861573 
0.116065 
0.000426372 
0.102096 
0.0978535 
0.000311632 
0.000363315 
0.120966 
0.00199845 
0.00167021 
0.117779 
0.0270582 
0.0240841 
0.00884999 
0.000854869 
0.000858289 
-0.000262585 
0.049357 
0.0454059 
0.0468359 
0.0420039 
0.040886 
0.000823429 
0.000909667 
0.0904289 
0.00941779 
0.00923104 
0.00772143 
0.0002115 
0.00027959 
0.000285076 
0.000225571 
0.000927424 
0.000951411 
0.000135225 
0.00557246 
0.000242808 
0.000290217 
0.08181 
0.0101805 
0.120092 
0.000200618 
2.84735e-05 
0.000277811 
0.0141678 
0.127757 
0.129518 
0.000520859 
0.000482418 
0.0017458 
0.114721 
0.0958086 
0.000498461 
0.121963 
0.121963 
0.0150572 
0.0131273 
0.103913 
0.0415241 
0.0382139 
0.000401893 
0.000299995 
0.000268016 
0.000361023 
0.000315778 
0.00130051 
0.00090656 
0.00120381 
0.000825354 
0.0353591 
0.0215133 
0.118372 
0.000612547 
0.000649265 
0.0312282 
0.107583 
0.107419 
0.0336264 
0.1205 
0.000578848 
0.121426 
9.80946e-05 
0.00118417 
0.000631349 
0.000641022 
0.0790479 
7.24486e-05 
0.0744677 
0.00212282 
0.11015 
0.099917 
0.0945977 
0.0986621 
0.000522337 
0.000377395 
0.119178 
0.118523 
0.0181854 
0.0262989 
0.111694 
0.00261464 
0.00236707 
0.00245732 
0.123107 
0.107239 
0.00144047 
0.0367104 
0.119104 
0.118377 
0.000628743 
0.100213 
0.120116 
0.0229211 
0.0224434 
0.0184079 
0.00843823 
0.128775 
0.129303 
0.128728 
0.0118672 
5.7403e-05 
0.0351385 
0.0387768 
0.001547 
0.0013271 
0.122639 
0.0039925 
0.116313 
0.116277 
0.107838 
0.109659 
0.000313581 
2.34172e-05 
0.000103415 
0.000172613 
0.116749 
0.128342 
0.000688428 
0.0555397 
0.0314075 
0.0185256 
0.103497 
0.0385961 
0.0006495 
0.000734887 
0.000754559 
0.00322849 
0.111838 
0.112007 
1.38607e-05 
0.0837531 
0.0853407 
0.078697 
0.00173255 
0.00210424 
0.0028401 
0.128158 
0.000211274 
0.000642987 
0.00077176 
0.000696534 
0.0663429 
0.0594403 
0.0690387 
0.0990212 
0.020475 
0.00735772 
0.0316377 
0.0287099 
0.004998 
0.00337692 
0.000379655 
0.000411189 
0.120501 
0.0410473 
0.0381918 
0.0701243 
0.0688205 
0.115492 
0.000401667 
0.0196111 
0.04278 
0.128784 
0.0495783 
0.00133692 
0.00194357 
0.00948397 
0.000558363 
0.12149 
0.121456 
0.122103 
0.0204821 
0.061742 
0.0567804 
0.118075 
0.044114 
0.00486667 
0.00042394 
0.0144315 
0.100643 
0.0033434 
0.00289088 
0.111335 
0.114686 
0.111218 
0.00435958 
0.00064525 
0.00738243 
0.00613615 
0.000460621 
0.00264361 
0.000234155 
0.00953746 
0.00188718 
0.115476 
0.112786 
0.000824219 
0.0731503 
0.0657577 
0.0644705 
0.0126452 
0.000909309 
0.00114926 
0.119946 
0.108054 
0.0971248 
0.039186 
0.0455027 
0.000736957 
0.088407 
0.00072827 
0.103593 
0.104264 
0.00274683 
0.122863 
0.108482 
0.0104837 
0.11044 
0.00946759 
0.000855969 
0.000761939 
0.0177064 
0.000407965 
0.00037066 
0.103489 
0.00051401 
0.0359711 
0.00328108 
0.0151903 
0.000755368 
0.00157944 
0.000513429 
0.00112954 
0.0958445 
0.0940542 
0.00064304 
0.000805853 
0.00958528 
0.000192661 
0.0313944 
0.0280671 
0.0198612 
0.000470933 
0.124666 
0.126033 
0.00370219 
0.000459722 
0.011969 
0.00032047 
0.000607 
0.110674 
0.122655 
0.120234 
0.0284445 
0.0308914 
0.00818791 
0.0012238 
0.0507157 
0.127064 
0.128216 
0.127375 
0.00110077 
0.00110547 
0.000190283 
0.000534642 
0.00052311 
0.11592 
0.00809887 
0.0187072 
0.000522143 
0.0390774 
0.00080991 
0.106923 
0.106619 
0.0370444 
0.0947666 
0.0899847 
0.0688603 
0.0682293 
0.0683075 
0.0631135 
0.00844809 
0.0102632 
0.0249104 
0.0283997 
0.00544706 
0.00506929 
0.128776 
0.000479137 
0.0221893 
0.00221842 
0.0776248 
0.0835006 
0.000996505 
0.00107833 
0.000563378 
0.128899 
0.0218282 
0.0199881 
0.112795 
0.115497 
0.1254 
0.000953384 
0.00120102 
0.00122407 
0.00101142 
0.00110651 
0.00105767 
0.0319255 
0.0119653 
0.000444893 
0.000507212 
0.121968 
0.121085 
0.0398816 
0.0362286 
0.0375328 
0.0289376 
0.101178 
0.00119123 
0.000989105 
0.00146303 
0.000543052 
0.000366699 
0.110217 
0.113105 
0.11277 
0.000696302 
0.000821018 
0.000653507 
0.000570374 
0.112195 
0.00107982 
0.120283 
0.126752 
0.000734536 
0.106554 
0.109346 
0.0261251 
0.0292335 
0.0195898 
0.0188311 
0.0820015 
0.109013 
0.00102865 
0.0138757 
0.117659 
0.0169591 
0.0130157 
0.118931 
0.0126577 
0.000824112 
0.106138 
0.000492151 
0.000601948 
0.0173396 
0.000849918 
0.00156104 
0.127853 
0.122418 
0.122384 
0.0451419 
0.128496 
0.128989 
0.00189734 
0.00021577 
0.0876995 
0.00429166 
0.00392982 
0.000493767 
0.000239857 
0.00399643 
0.00449478 
0.0052275 
0.119794 
0.121322 
0.000742434 
0.000560923 
0.118141 
0.0108025 
0.0166569 
0.000223568 
0.119484 
0.0700089 
0.116409 
0.00118385 
0.00124752 
0.0656122 
0.0641379 
0.115963 
0.00139195 
0.0896802 
0.0918532 
0.0862389 
0.0902806 
0.00103593 
0.00139799 
0.125836 
0.106107 
0.00305308 
0.00158279 
0.0144517 
0.0109403 
0.0324313 
0.11442 
0.117514 
0.114198 
0.00110924 
0.000605884 
0.0014705 
0.00296347 
0.11448 
0.00210365 
0.00112834 
0.00319709 
0.00332462 
0.122345 
0.0100663 
0.000368001 
0.00127464 
0.00131013 
0.00290179 
0.000594103 
0.000478772 
0.000644012 
0.111881 
0.124277 
0.000495146 
0.00149341 
0.00151597 
0.0472228 
0.000546927 
0.000691895 
0.000590341 
0.00682024 
0.040058 
0.101503 
0.106917 
0.101476 
0.106791 
0.00158076 
0.0833491 
0.0817658 
0.128391 
0.0229782 
0.00776906 
0.00168636 
0.0031551 
0.00358267 
0.00625534 
0.000354992 
0.000894856 
0.00107391 
0.000940023 
0.0057249 
0.00265058 
0.00056179 
0.0209277 
0.100695 
0.096292 
0.0011595 
0.00144709 
0.000517678 
0.0030178 
0.00380848 
0.00404682 
0.117451 
0.117112 
0.119574 
0.00126612 
0.0744395 
0.0175965 
0.000500052 
0.0320719 
0.02916 
0.115914 
0.114937 
0.0231603 
0.0146598 
0.0611585 
0.0596602 
0.122578 
0.122347 
0.0124147 
0.0137109 
0.0112285 
0.000873613 
0.117762 
0.00300887 
0.0035379 
0.041792 
0.00130501 
0.000706138 
0.000338442 
0.053083 
0.000900294 
0.128849 
0.000602122 
0.00197751 
0.000639081 
0.111631 
0.0117917 
0.00132517 
0.00104665 
0.00148387 
0.00103253 
0.00179739 
0.122777 
0.115664 
0.0567278 
0.0555547 
0.0480208 
0.0544565 
0.00211202 
0.002534 
0.0878271 
0.114715 
0.0353105 
0.125113 
0.00466882 
0.102136 
0.0644413 
0.125216 
0.126802 
0.107856 
0.109251 
0.000978519 
0.114268 
0.00223053 
0.12434 
0.000849218 
0.0300038 
0.0158651 
0.0698246 
0.116915 
0.11638 
0.000704261 
0.00178685 
0.00184367 
0.124378 
0.000849599 
0.000750287 
0.0482861 
0.122509 
0.086605 
0.0846509 
0.000781198 
0.00628286 
0.12022 
0.000941078 
0.125971 
0.123737 
0.12729 
0.00118288 
0.00130385 
0.00138738 
0.00195104 
0.00119903 
0.00129061 
0.0276015 
0.0296241 
0.00175737 
0.110901 
0.112078 
0.107442 
0.0426708 
0.000645716 
0.00130842 
0.00124499 
0.00167368 
0.00174659 
0.0958889 
0.122539 
0.000476432 
0.000991445 
0.0259272 
0.0230366 
0.0268275 
0.0298808 
0.0797336 
0.0343722 
0.0865009 
0.0813629 
0.06023 
0.0598659 
0.0594138 
0.054291 
0.0165104 
0.00555289 
0.12822 
0.128298 
0.0205442 
0.00829499 
0.00274434 
0.00238115 
0.00661567 
0.00312196 
0.111594 
0.112025 
0.114059 
0.122196 
0.119051 
0.121702 
0.00122923 
0.000979016 
0.114225 
0.00135865 
0.115295 
0.030933 
0.0750515 
0.0211106 
0.123283 
0.123188 
0.00123895 
0.00114341 
0.0353275 
0.00746236 
0.00138339 
0.0013705 
0.0186865 
0.0008871 
0.000760722 
0.00156057 
0.0727565 
0.078693 
0.00158137 
0.0684481 
0.00136115 
0.00151282 
0.00146316 
0.00157768 
0.000752331 
0.000758308 
0.120411 
0.11859 
0.000898318 
0.00113127 
0.02353 
0.0209126 
0.0309813 
0.0275572 
0.0289663 
0.00276955 
0.00372322 
0.000908546 
0.0210431 
0.0232867 
0.000437634 
0.127851 
0.00945254 
0.00135232 
0.00142367 
0.0015855 
0.000928609 
0.00115379 
0.00117204 
0.00137408 
0.0136174 
0.000979889 
0.127969 
0.00295524 
0.00126118 
0.00115796 
0.0186296 
0.0179265 
0.00247646 
0.00182148 
0.00113617 
0.000964262 
0.0378946 
0.0370754 
0.00675259 
0.00766804 
0.00629186 
0.00774834 
0.00850811 
0.00943234 
0.00321286 
0.00385799 
0.00495162 
0.0137174 
0.0133709 
0.00113895 
0.00157949 
0.100837 
0.00205709 
0.0958707 
0.00262905 
0.037073 
0.0436179 
0.091806 
0.117672 
0.00175641 
0.119978 
0.0993144 
0.00400787 
0.111192 
0.109971 
0.01709 
0.0144845 
0.00377118 
0.039364 
0.0189821 
0.120505 
0.0146421 
0.0212717 
0.0903819 
0.00472626 
0.00371432 
0.0828641 
0.0769468 
0.0811643 
0.044742 
0.0153586 
0.00254434 
0.00183952 
0.00130612 
0.00114637 
0.126847 
0.0143326 
0.000985033 
0.0844221 
0.0766495 
0.000926239 
0.0153905 
0.0103852 
0.0987233 
0.00259361 
0.122493 
0.000794044 
0.0268302 
0.00882709 
0.0744321 
0.0728767 
0.0132496 
0.00497226 
0.000693644 
0.000968261 
0.00378872 
0.00108038 
0.0176527 
0.0575378 
0.0024368 
0.00183701 
0.00551917 
0.0606627 
0.0520907 
0.116399 
0.116654 
0.00307917 
0.0219364 
0.0190355 
0.0148042 
0.0214209 
0.00200964 
0.0931372 
0.0881382 
0.00176663 
0.00335182 
0.126347 
0.00417035 
0.0105197 
0.0564616 
0.122187 
0.121047 
0.011845 
0.0286472 
0.123094 
0.123352 
0.122624 
0.0805104 
0.0038458 
0.111151 
0.106447 
0.127768 
0.128126 
0.127631 
0.125565 
0.00173234 
0.113409 
0.00186497 
0.000790407 
0.00168514 
0.00183588 
0.00189317 
0.0660865 
0.0607928 
0.0898017 
0.00152271 
0.013123 
0.0152186 
0.00436399 
0.0045284 
0.0116622 
0.0117961 
0.0101557 
0.00154216 
0.0246876 
0.00519164 
0.00277734 
0.00257338 
0.00492905 
0.00356575 
0.00294159 
0.0332681 
0.0479325 
0.046496 
0.0032799 
0.00421567 
0.00406954 
0.118387 
0.0834771 
0.067572 
0.00211355 
0.121728 
0.120902 
0.0947111 
0.00929575 
0.00824376 
0.108832 
0.0024886 
0.0353013 
0.0346107 
0.0402354 
0.00111387 
0.00186589 
0.0788646 
0.00132444 
0.00143741 
0.0590512 
0.00098189 
0.0769482 
0.0751723 
0.114963 
0.00208709 
0.00193064 
0.00155108 
0.00605552 
0.0255625 
0.126735 
0.121194 
0.0028667 
0.00176017 
0.00330973 
0.00434921 
0.0136687 
0.00588104 
0.00678371 
0.00162791 
0.00173778 
0.0257189 
0.0269413 
0.104921 
0.106263 
0.100787 
0.00211091 
0.00178837 
0.0133297 
0.12388 
0.101085 
0.100886 
0.0111638 
0.00127346 
0.000923458 
0.12353 
0.124048 
0.110052 
0.0706125 
0.0951108 
0.0891663 
0.0948935 
0.00109524 
0.00544197 
0.0535884 
0.0519412 
0.0506569 
0.0457975 
0.125566 
0.123942 
0.00385648 
0.003298 
0.0127073 
0.00540246 
0.00406536 
0.0014077 
0.0200262 
0.0506362 
0.0326416 
0.00122575 
0.00547383 
0.00651149 
0.00687632 
0.0525893 
0.0451663 
0.0537511 
0.054856 
0.0163043 
0.015199 
0.00187106 
0.00203687 
0.0161324 
0.118612 
0.00109832 
0.117224 
0.106096 
0.110612 
0.00613549 
0.00213121 
0.00214122 
0.00213984 
0.00190254 
0.00213533 
0.00177892 
0.00125588 
0.00229505 
0.0650573 
0.00196076 
0.0119707 
0.00666056 
0.124559 
0.123917 
0.0176792 
0.0169939 
0.00470064 
0.00167388 
0.00174231 
0.0294562 
0.0135024 
0.0128033 
0.11449 
0.0211475 
0.0233273 
0.11977 
0.00520424 
0.006457 
0.126154 
0.127214 
0.0333555 
0.0776402 
0.0722004 
0.00776829 
0.00172412 
0.00212589 
0.00157999 
0.0014354 
0.126666 
0.00222283 
0.00235093 
0.0158087 
0.00235125 
0.124744 
0.0016895 
0.0014823 
0.00107424 
0.118021 
0.00599657 
0.122362 
0.124824 
0.11731 
0.0913199 
0.0057706 
0.0369312 
0.0213113 
0.0344688 
0.0397462 
0.00270711 
0.119096 
0.12224 
0.00214642 
0.104919 
0.103571 
0.0475429 
0.115628 
0.114274 
0.00480962 
0.0031078 
0.00523148 
0.0116956 
0.072084 
0.00953143 
0.063749 
0.00153196 
0.00701722 
0.0026348 
0.00852092 
0.0235418 
0.126484 
0.00228657 
0.00222743 
0.0191223 
0.00424042 
0.109398 
0.0103682 
0.00938432 
0.0141834 
0.00332231 
0.00329635 
0.00441066 
0.0016249 
0.123783 
0.123478 
0.107546 
0.00296909 
0.00383815 
0.00442147 
0.00496159 
0.0652373 
0.00339114 
0.00364684 
0.00165912 
0.0018894 
0.00187683 
0.0144318 
0.00373503 
0.0305004 
0.0143819 
0.00518667 
0.0208885 
0.0035545 
0.0435742 
0.0421324 
0.00169351 
0.00160945 
0.0019898 
0.00194708 
0.0165589 
0.009251 
0.0107927 
0.00169953 
0.0020185 
0.00196754 
0.00486793 
0.00552382 
0.0149135 
0.0110173 
0.0165273 
0.00519223 
0.00589925 
0.10061 
0.00648368 
0.0241656 
0.00777987 
0.120185 
0.118125 
0.0845362 
0.0861991 
0.0792982 
0.0570644 
0.0518886 
0.00836337 
0.0032848 
0.127146 
0.00169618 
0.0213419 
0.105396 
0.104643 
0.00550635 
0.12098 
0.112437 
0.10882 
0.0169732 
0.00670259 
0.122144 
0.112726 
0.108486 
0.11185 
0.0769948 
0.0632434 
0.0690968 
0.00265289 
0.00293809 
0.00146917 
0.00160702 
0.0271778 
0.0275569 
0.0245646 
0.00881469 
0.0106967 
0.020821 
0.00482311 
0.00523726 
0.00590402 
0.0159219 
0.122545 
0.0378121 
0.0295597 
0.00353733 
0.118724 
0.00597798 
0.0026942 
0.0160794 
0.119567 
0.0458698 
0.0515387 
0.126105 
0.0706435 
0.00296663 
0.0311316 
0.0189758 
0.00347713 
0.00296532 
0.00593118 
0.0584702 
0.0104242 
0.00350356 
0.00294588 
0.122891 
0.00194766 
0.00217899 
0.0733122 
0.0714581 
0.00182436 
0.00870654 
0.00263531 
0.0394127 
0.0382884 
0.0676524 
0.0661493 
0.0028127 
0.00982692 
0.00319781 
0.127013 
0.00236438 
0.0948777 
0.094668 
0.00661237 
0.00792929 
0.0757391 
0.0022148 
0.123682 
0.0254638 
0.0977039 
0.0991934 
0.0929177 
0.10339 
0.00527205 
0.00308741 
0.0167853 
0.101972 
0.11998 
0.00293406 
0.00844755 
0.00263915 
0.0024712 
0.00219504 
0.0820733 
0.120402 
0.0440238 
0.0424941 
0.124406 
0.124034 
0.124608 
0.123933 
0.123967 
0.00242798 
0.0423509 
0.0148579 
0.0142794 
0.00190954 
0.00294153 
0.00315037 
0.00765938 
0.0107311 
0.127571 
0.127418 
0.0465671 
0.0407718 
0.0473568 
0.00258298 
0.00278589 
0.116491 
0.113539 
0.00211965 
0.100071 
0.00777594 
0.00277561 
0.00262254 
0.0613486 
0.00300102 
0.120195 
0.00991124 
0.12213 
0.00312796 
0.121989 
0.0101744 
0.123551 
0.0327773 
0.0321427 
0.121641 
0.068397 
0.0628679 
0.00545976 
0.122251 
0.122733 
0.120862 
0.00209593 
0.0022943 
0.00214114 
0.0065529 
0.0119766 
0.0123867 
0.0104013 
0.127609 
0.126998 
0.127404 
0.00275091 
0.00184474 
0.00397752 
0.00434776 
0.0024917 
0.0498915 
0.00169491 
0.010153 
0.117954 
0.114803 
0.117248 
0.0554953 
0.0141155 
0.0138881 
0.0296425 
0.0346064 
0.12186 
0.0077741 
0.0389506 
0.0154494 
0.0638094 
0.0280868 
0.00804891 
0.00921973 
0.00124249 
0.0973537 
0.0958565 
0.00345687 
0.100194 
0.00420347 
0.00234926 
0.00217077 
0.00312942 
0.00264057 
0.0685787 
0.122678 
0.12215 
0.00570535 
0.00726913 
0.00425544 
0.00465361 
0.126767 
0.123157 
0.00628666 
0.00549469 
0.00760167 
0.0879067 
0.0877127 
0.00457195 
0.00271871 
0.00368008 
0.0434183 
0.00361033 
0.014465 
0.00235682 
0.00278419 
0.00243549 
0.0356029 
0.0341606 
0.0537185 
0.00969489 
0.126056 
0.00393398 
0.0200781 
0.0560707 
0.0938909 
0.00350339 
0.0039422 
0.00383906 
0.00352354 
0.00353258 
0.00529662 
0.11589 
0.00665781 
0.00313905 
0.034622 
0.00314401 
0.00592493 
0.0117846 
0.0148731 
0.0547161 
0.0986907 
0.00696823 
0.0081224 
0.00732091 
0.12441 
0.0135048 
0.00166346 
0.105965 
0.101606 
0.00242905 
0.00268282 
0.00294226 
0.00295344 
0.00115745 
0.0673457 
0.00226675 
0.0044848 
0.0810483 
0.00848414 
0.0482723 
0.0207861 
0.00333501 
0.126117 
0.00443317 
0.0070871 
0.00899394 
0.123694 
0.125318 
0.12462 
0.00533455 
0.00419517 
0.00435586 
0.0305294 
0.0298403 
0.00491916 
0.0073061 
0.00673722 
0.0463354 
0.0160994 
0.00340367 
0.00284097 
0.0578635 
0.0284778 
0.0596155 
0.00456182 
0.00498618 
0.0929717 
0.00775091 
0.0025124 
0.0133849 
0.0128416 
0.113076 
0.059264 
0.0636431 
0.0579499 
0.061933 
0.0667532 
0.0323383 
0.0309331 
0.121904 
0.124039 
0.0886335 
0.0879985 
0.0106279 
0.0129682 
0.00277311 
0.00603363 
0.00648572 
0.020983 
0.00874535 
0.00792723 
0.123506 
0.0825378 
0.0098151 
0.123712 
0.122471 
0.00525275 
0.00463379 
0.00318857 
0.00427312 
0.00246146 
0.00276316 
0.00294388 
0.0623653 
0.00153541 
0.0165459 
0.0035981 
0.0198976 
0.0038314 
0.00340019 
0.00394714 
0.00359328 
0.126737 
0.126571 
0.110048 
0.109263 
0.00293568 
0.0036004 
0.0426 
0.0412018 
0.0357532 
0.0461982 
0.00287429 
0.00333874 
0.00345158 
0.00397482 
0.0136547 
0.111144 
0.107241 
0.00281688 
0.0399874 
0.00356967 
0.0105881 
0.0163544 
0.0522613 
0.119777 
0.117406 
0.00365015 
0.075456 
0.0770973 
0.0700289 
0.0590499 
0.053602 
0.0735604 
0.115418 
0.118531 
0.0025982 
0.00287311 
0.00285296 
0.112415 
0.124518 
0.0355108 
0.0374366 
0.0410676 
0.0247793 
0.00564477 
0.00556176 
0.0187638 
0.00990991 
0.00872149 
0.00821602 
0.00323869 
0.00331049 
0.0160256 
0.00194655 
0.0975848 
0.00948269 
0.0116984 
0.00589281 
0.00596931 
0.106627 
0.105725 
0.10268 
0.00967459 
0.0124162 
0.00349639 
0.00383459 
0.0112317 
0.0953407 
0.00242855 
0.00277735 
0.00267002 
0.0938637 
0.0119311 
0.126378 
0.0494753 
0.0239708 
0.0144504 
0.00319129 
0.0448082 
0.050507 
0.0512912 
0.025796 
0.03247 
0.00472165 
0.0100963 
0.00329948 
0.125087 
0.0532019 
0.082624 
0.0280185 
0.0342707 
0.124536 
0.0105707 
0.0121335 
0.00608253 
0.126388 
0.0350386 
0.00607326 
0.090885 
0.0893328 
0.125571 
0.126118 
0.0204612 
0.0841657 
0.0459553 
0.0472295 
0.0410646 
0.125314 
0.125484 
0.125251 
0.12566 
0.0801867 
0.126061 
0.018716 
0.0244512 
0.0130142 
0.0162224 
0.00368575 
0.0555014 
0.0174786 
0.00458527 
0.126261 
0.125074 
0.126038 
0.0045875 
0.104174 
0.0222149 
0.0226068 
0.0193862 
0.00884036 
0.0101927 
0.0110527 
0.0887239 
0.0871623 
0.00969952 
0.00493361 
0.00525415 
0.00452693 
0.12476 
0.124924 
0.124075 
0.00495124 
0.0119627 
0.0138312 
0.0136135 
0.107614 
0.00291327 
0.0283259 
0.0863247 
0.00327006 
0.00869224 
0.0916001 
0.00383399 
0.00403518 
0.0981172 
0.0930637 
0.125801 
0.125712 
0.0138242 
0.00405284 
0.00486877 
0.101669 
0.120512 
0.0225522 
0.0346269 
0.013644 
0.0304732 
0.125808 
0.024625 
0.00539815 
0.00416762 
0.00514821 
0.0072621 
0.125275 
0.0263669 
0.0119623 
0.0498993 
0.0817782 
0.00464355 
0.0051463 
0.00519668 
0.0333454 
0.0810348 
0.0799759 
0.00641785 
0.0070608 
0.103332 
0.0105652 
0.00467203 
0.0051715 
0.125637 
0.0546957 
0.049862 
0.0253887 
0.0241104 
0.0275493 
0.119945 
0.0746863 
0.0731236 
0.0453553 
0.00654036 
0.0829671 
0.0377601 
0.00546667 
0.00475852 
0.00550343 
0.00539359 
0.00473489 
0.00664088 
0.0124145 
0.0294279 
0.0207464 
0.00492406 
0.00338238 
0.00420816 
0.00478893 
0.00413676 
0.00357755 
0.0285561 
0.0277849 
0.0536064 
0.0591732 
0.0172203 
0.0149539 
0.0138611 
0.00478671 
0.00526802 
0.00734017 
0.119161 
0.0850895 
0.0911553 
0.104217 
0.0995183 
0.0310114 
0.118469 
0.0713069 
0.115614 
0.112293 
0.00920706 
0.00576532 
0.0660656 
0.0676346 
0.0605307 
0.00468632 
0.00505476 
0.0049335 
0.118182 
0.120885 
0.0436161 
0.0387954 
0.00885061 
0.0268169 
0.04641 
0.00411747 
0.00635019 
0.0052754 
0.00542563 
0.0137624 
0.00782354 
0.0862606 
0.0107158 
0.100069 
0.0993431 
0.121464 
0.119368 
0.106944 
0.111013 
0.00538337 
0.0951552 
0.0895854 
0.0943705 
0.0378925 
0.00473591 
0.00520137 
0.00342965 
0.00381331 
0.0332113 
0.00502474 
0.00687755 
0.00829397 
0.0138505 
0.00355928 
0.00400525 
0.00392958 
0.0148321 
0.00681714 
0.0448277 
0.0109817 
0.057723 
0.0628036 
0.00846246 
0.0847524 
0.00440951 
0.00379227 
0.0112092 
0.125379 
0.125285 
0.030996 
0.12358 
0.0490569 
0.0501336 
0.0442952 
0.0792419 
0.0153769 
0.0409848 
0.0143045 
0.0165813 
0.0135993 
0.0233884 
0.0780656 
0.00726013 
0.0392172 
0.0386289 
0.00863793 
0.0162835 
0.00775728 
0.0157741 
0.00908996 
0.010385 
0.00826858 
0.00695126 
0.023648 
0.00741656 
0.0190379 
0.0145088 
0.0458119 
0.0420944 
0.0447061 
0.00580385 
0.030365 
0.0605275 
0.0152598 
0.0202842 
0.0130951 
0.00639348 
0.00735156 
0.00592189 
0.0093725 
0.0124321 
0.00501813 
0.0057554 
0.00572848 
0.0326926 
0.0202599 
0.0207214 
0.0177481 
0.00442006 
0.0369708 
0.00727273 
0.116612 
0.00560793 
0.11562 
0.114502 
0.0976062 
0.0412743 
0.0355965 
0.00369317 
0.00417043 
0.00406324 
0.011981 
0.00663642 
0.00976037 
0.00848364 
0.00971672 
0.00900531 
0.077702 
0.0178982 
0.0175153 
0.0820913 
0.00509484 
0.00550413 
0.00528464 
0.00863773 
0.0111021 
0.124226 
0.0891517 
0.0835626 
0.124672 
0.124563 
0.00469154 
0.0120151 
0.0217286 
0.0189244 
0.0425117 
0.0167486 
0.017546 
0.0196637 
0.0106039 
0.123428 
0.00592837 
0.00744103 
0.0114655 
0.0490642 
0.0539378 
0.00992562 
0.0749522 
0.00689102 
0.072914 
0.0717521 
0.0745197 
0.00896291 
0.0147771 
0.00637708 
0.00694669 
0.0764786 
0.022918 
0.114222 
0.0756975 
0.124964 
0.027552 
0.00590899 
0.074696 
0.0233505 
0.0512301 
0.0242261 
0.0339396 
0.0179212 
0.00675769 
0.0366452 
0.0092993 
0.00652823 
0.0565752 
0.00507654 
0.0237124 
0.00677285 
0.00482432 
0.00493642 
0.0264647 
0.0257061 
0.0345284 
0.0201801 
0.013312 
0.0117446 
0.0201675 
0.00517751 
0.00571143 
0.12429 
0.122742 
0.120587 
0.122554 
0.0312767 
0.109671 
0.110907 
0.105598 
0.0320018 
0.00902111 
0.0721352 
0.0705714 
0.0958046 
0.0905925 
0.0234959 
0.0072066 
0.00751599 
0.0764016 
0.0822958 
0.0186658 
0.110509 
0.00625029 
0.00558549 
0.0475125 
0.042418 
0.00745815 
0.0103633 
0.00964478 
0.0222773 
0.0926872 
0.113438 
0.0967138 
0.101549 
0.123518 
0.122082 
0.00690415 
0.00720969 
0.0122081 
0.00911603 
0.0062451 
0.0255132 
0.122039 
0.121858 
0.00629487 
0.0935374 
0.117773 
0.114768 
0.00610477 
0.00776983 
0.0265357 
0.00489408 
0.00546347 
0.0105315 
0.0125021 
0.00919249 
0.0648612 
0.00837562 
0.0123354 
0.00736728 
0.113823 
0.117063 
0.0672439 
0.0665646 
0.0102512 
0.0187653 
0.0710267 
0.0214677 
0.0864128 
0.0217688 
0.00577165 
0.00643641 
0.00637968 
0.0280681 
0.0605269 
0.0534132 
0.0605792 
0.121463 
0.0107654 
0.0720171 
0.0283663 
0.0169135 
0.0179277 
0.0288719 
0.0250963 
0.0334309 
0.00931104 
0.109673 
0.105536 
0.0133784 
0.00761896 
0.00873463 
0.0692513 
0.0678633 
0.017322 
0.0167615 
0.00940455 
0.063514 
0.0580421 
0.00569336 
0.00668868 
0.0058322 
0.0128262 
0.00772004 
0.00534836 
0.00582752 
0.014743 
0.0884704 
0.068973 
0.0191207 
0.0792027 
0.0733863 
0.00783914 
0.0882184 
0.123956 
0.123277 
0.121472 
0.123041 
0.0333478 
0.0141665 
0.0199031 
0.00793254 
0.00816422 
0.00841626 
0.00500319 
0.00565607 
0.00554635 
0.00976872 
0.0191082 
0.0103615 
0.0138337 
0.00831249 
0.0429645 
0.0644886 
0.0632476 
0.0126716 
0.0233655 
0.0266592 
0.00636512 
0.00869965 
0.00931222 
0.0675895 
0.00601058 
0.0231991 
0.0208402 
0.0388915 
0.0343297 
0.0851987 
0.0904362 
0.0808909 
0.0223336 
0.100835 
0.0188156 
0.0184509 
0.00590225 
0.0144468 
0.109304 
0.0133436 
0.00642792 
0.0066901 
0.00868569 
0.0292447 
0.00789204 
0.0114703 
0.0121469 
0.00975234 
0.038134 
0.0169901 
0.0138656 
0.0247169 
0.0487733 
0.00716538 
0.0310838 
0.0180524 
0.119706 
0.11678 
0.119553 
0.0110476 
0.0354723 
0.0377336 
0.102151 
0.0971469 
0.108218 
0.00666476 
0.0123472 
0.0862811 
0.0805348 
0.106881 
0.0157878 
0.0161236 
0.0137116 
0.0131007 
0.00810767 
0.00897984 
0.0818343 
0.120955 
0.121415 
0.118797 
0.0648688 
0.0106558 
0.0540743 
0.00977874 
0.00914334 
0.00940232 
0.00697228 
0.0124375 
0.0147017 
0.0129565 
0.104972 
0.0650394 
0.0801551 
0.0135416 
0.118985 
0.112686 
0.108758 
0.0246271 
0.0239002 
0.00784318 
0.072285 
0.0662239 
0.0158115 
0.0184509 
0.00787154 
0.00709373 
0.00889976 
0.118959 
0.00820578 
0.00866822 
0.115933 
0.00984595 
0.0424995 
0.0481078 
0.0167649 
0.0594599 
0.0584448 
0.0176647 
0.0617212 
0.00727976 
0.00795475 
0.074394 
0.0200036 
0.103617 
0.108867 
0.112761 
0.0239982 
0.00705058 
0.0609324 
0.0623053 
0.0554152 
0.00956048 
0.00854555 
0.010425 
0.0263859 
0.0994747 
0.0203957 
0.016968 
0.0188549 
0.094832 
0.044896 
0.0399943 
0.0209351 
0.0100596 
0.0120116 
0.0114718 
0.014214 
0.015122 
0.0163981 
0.0120059 
0.101755 
0.0131572 
0.00909184 
0.0603859 
0.00723024 
0.00703875 
0.00836036 
0.0822325 
0.0143993 
0.0233127 
0.0220153 
0.0109059 
0.016665 
0.0182232 
0.018374 
0.0207457 
0.068827 
0.0629621 
0.0325039 
0.00702472 
0.00782404 
0.00775831 
0.0591594 
0.0579054 
0.115917 
0.0275188 
0.0242002 
0.00894772 
0.0894955 
0.0197042 
0.00750215 
0.0729762 
0.078584 
0.00781634 
0.00818588 
0.01861 
0.00843767 
0.0311358 
0.0272135 
0.0205931 
0.0999528 
0.0153126 
0.0541214 
0.047747 
0.0535248 
0.0187224 
0.0990372 
0.0513023 
0.0460728 
0.0227482 
0.022075 
0.0126891 
0.0110813 
0.0101957 
0.0941945 
0.00808344 
0.0548742 
0.0208311 
0.0560949 
0.0549464 
0.0760934 
0.119314 
0.116433 
0.119415 
0.0330932 
0.0240522 
0.0241001 
0.0282174 
0.00950683 
0.00949733 
0.0113826 
0.0206183 
0.017377 
0.115979 
0.0687477 
0.0101273 
0.0153855 
0.111904 
0.0931783 
0.0875329 
0.0370529 
0.011856 
0.0697852 
0.0249011 
0.07597 
0.0700288 
0.0993618 
0.0164904 
0.0106856 
0.114593 
0.059227 
0.0560702 
0.011375 
0.0317288 
0.0113064 
0.0114426 
0.0139003 
0.0149391 
0.0097521 
0.106283 
0.102077 
0.0174222 
0.00970064 
0.0137863 
0.0766363 
0.031846 
0.111752 
0.0102941 
0.0707958 
0.00975389 
0.0107153 
0.02243 
0.0256732 
0.00987897 
0.010955 
0.0102666 
0.010778 
0.0115855 
0.103936 
0.0185938 
0.0648122 
0.013651 
0.0222265 
0.0110986 
0.00973594 
0.0106772 
0.0106518 
0.00879091 
0.023554 
0.103431 
0.0287321 
0.0934643 
0.11246 
0.0121314 
0.0113443 
0.0118769 
0.0185913 
0.0270855 
0.0494855 
0.062237 
0.0637669 
0.0259322 
0.108662 
0.0201392 
0.021011 
0.0230134 
0.0367652 
0.0322207 
0.0425803 
0.0282991 
0.094042 
0.0169455 
0.0291076 
0.107991 
0.0576919 
0.0077121 
0.117538 
0.0516964 
0.0881403 
0.0823804 
0.0768985 
0.0818425 
0.0364112 
0.0162942 
0.0178719 
0.0169245 
0.0225998 
0.0248494 
0.0584637 
0.0528684 
0.0529329 
0.0943942 
0.0172316 
0.0176244 
0.019982 
0.00763976 
0.0100007 
0.0111139 
0.0108104 
0.0525212 
0.0514893 
0.0504502 
0.0196335 
0.0320551 
0.0122553 
0.0138358 
0.0243884 
0.0129524 
0.0483659 
0.0829786 
0.0770339 
0.0279338 
0.0295446 
0.0321813 
0.0262201 
0.0421957 
0.0374447 
0.11351 
0.0468924 
0.0418782 
0.0459288 
0.0318614 
0.0928603 
0.0980981 
0.0566149 
0.0250351 
0.0190453 
0.107512 
0.0131761 
0.0481764 
0.0472695 
0.027476 
0.0130202 
0.0143961 
0.014503 
0.0185967 
0.0144074 
0.0271469 
0.0233687 
0.0596073 
0.0209135 
0.0652426 
0.0919639 
0.0877915 
0.0143961 
0.0121583 
0.103379 
0.0248024 
0.01276 
0.0463476 
0.0453421 
0.0147586 
0.0133334 
0.0235724 
0.109809 
0.0213599 
0.022516 
0.0143135 
0.02204 
0.024028 
0.0217751 
0.0237144 
0.0237075 
0.052024 
0.0125804 
0.0129653 
0.0141539 
0.0312681 
0.0339197 
0.0119486 
0.0608619 
0.066441 
0.0215301 
0.0307456 
0.0432457 
0.0361257 
0.0185398 
0.0505947 
0.0129636 
0.0143438 
0.0140691 
0.0143086 
0.0154115 
0.0159275 
0.0139227 
0.0135464 
0.0550697 
0.0291833 
0.0318802 
0.0131027 
0.095177 
0.0209192 
0.0261899 
0.0274865 
0.0282175 
0.031462 
0.0142414 
0.0992953 
0.0149192 
0.0925323 
0.0180197 
0.0153315 
0.0875247 
0.0816999 
0.0153632 
0.102364 
0.0463281 
0.0485997 
0.0157772 
0.0165038 
0.0896127 
0.0293071 
0.0206696 
0.0440378 
0.0430086 
0.100762 
0.0287415 
0.0899512 
0.0971811 
0.083745 
0.0872413 
0.0850287 
0.0239671 
0.0492904 
0.0545519 
0.025064 
0.0396245 
0.0170153 
0.0719291 
0.0662189 
0.0338486 
0.0296145 
0.0411294 
0.0455572 
0.0868377 
0.0165368 
0.0162851 
0.0140451 
0.0408034 
0.0944522 
0.0173471 
0.0813092 
0.0251148 
0.0244493 
0.0497835 
0.0397367 
0.0164746 
0.0194277 
0.0309638 
0.0559453 
0.0431014 
0.0419574 
0.0913961 
0.0861036 
0.0901406 
0.0759538 
0.0836845 
0.0838429 
0.100531 
0.0283462 
0.0306752 
0.0406269 
0.0181156 
0.0191844 
0.0274645 
0.0287203 
0.0403697 
0.0696265 
0.0218771 
0.0678006 
0.0234743 
0.0757606 
0.0170312 
0.106923 
0.0322308 
0.102318 
0.0304756 
0.0273898 
0.0333567 
0.0320409 
0.064511 
0.0331078 
0.0611659 
0.0924152 
0.0184066 
0.0171436 
0.0383986 
0.0952113 
0.0390956 
0.061974 
0.0348642 
0.0357235 
0.0695647 
0.0186423 
0.0783627 
0.0372622 
0.0171545 
0.0511205 
0.0727199 
0.0863113 
0.084322 
0.057849 
0.0218213 
0.0186282 
0.0673471 
0.0223435 
0.0263832 
0.0200978 
0.0788839 
0.0283512 
0.0201443 
0.0427813 
0.0282825 
0.0302104 
0.0185675 
0.0168114 
0.0371518 
0.0232138 
0.0218581 
0.0270048 
0.0317846 
0.0274753 
0.0295552 
0.0170567 
0.0355569 
0.0693169 
0.0750429 
0.037233 
0.0411496 
0.0327342 
0.0220377 
0.0182158 
0.036305 
0.0305965 
0.0374812 
0.051769 
0.0350337 
0.0380285 
0.0214415 
0.0373303 
0.0375604 
0.0332425 
0.0204754 
0.0557062 
0.0399247 
0.0840494 
0.0826381 
0.0694999 
0.0330706 
0.034467 
0.0787621 
0.073244 
0.073982 
0.0681553 
0.01673 
0.0217289 
0.0529777 
0.0673491 
0.0463525 
0.0798089 
0.0745466 
0.0790614 
0.0398083 
0.0795338 
0.0567162 
0.0636899 
0.047014 
0.0216856 
0.0234184 
0.0636867 
0.0291089 
0.0417693 
0.040055 
0.02494 
0.0236178 
0.0232269 
0.0461982 
0.07664 
0.0465295 
0.0593869 
0.0782576 
0.0385605 
0.0219424 
0.0581381 
0.0442148 
0.0668446 
0.0365652 
0.0303406 
0.0630742 
0.0346772 
0.0356711 
0.0375236 
0.0365283 
0.0179987 
0.038188 
0.0362794 
0.0572261 
0.0569934 
0.0421791 
0.0416788 
0.0386347 
0.0206814 
0.0228521 
0.022533 
0.0404453 
0.0350425 
0.0267773 
0.0469781 
0.0374801 
0.0442576 
0.0706805 
0.0510896 
0.0351563 
0.0503936 
0.0426301 
0.0251011 
0.0264428 
0.0527189 
0.0465822 
0.0296396 
0.0278223 
0.034498 
0.041878 
0.0351661 
0.0243203 
0.0575888 
0.0629738 
0.0681272 
0.0471273 
0.026152 
0.052274 
0.028204 
0.029901 
0.0528831 
0.0302186 
0.0276375 
0.0375762 
0.0475801 
0.0429936 
0.0265841 
0.0667143 
0.0452915 
0.0435554 
0.0629899 
0.0320048 
0.0556339 
0.028864 
0.0770226 
0.049234 
0.0325173 
0.069328 
0.0281608 
0.0472747 
0.0453902 
0.0726513 
0.0723102 
0.0752029 
0.0431987 
0.0329929 
0.0685263 
0.0570155 
0.052782 
0.0365843 
0.0509831 
0.0617444 
0.0571877 
0.0352533 
0.0520822 
0.0451952 
0.0613049 
