0.00242544 0.000406863 -0.00142897 
0.00339866 0.000674475 -0.0018219 
0.00444711 0.000901026 -0.00225761 
0.00564913 0.00115028 -0.00273875 
0.00701284 0.00143019 -0.00326851 
0.00854146 0.00174305 -0.00385052 
0.0102414 0.00208943 -0.00448578 
0.0121189 0.00246829 -0.00517459 
0.0141794 0.00287997 -0.0059186 
0.0164252 0.00332848 -0.00671566 
0.018857 0.00380936 -0.00756424 
0.0214708 0.00432515 -0.00846132 
0.0242594 0.00487268 -0.00940112 
0.0272073 0.00545138 -0.0103795 
0.0302997 0.00605723 -0.011388 
0.0335136 0.006687 -0.0124185 
0.0368214 0.00733654 -0.0134627 
0.0401993 0.0079966 -0.0145089 
0.0436106 0.00866616 -0.0155469 
0.047016 0.00933761 -0.0165662 
0.0503812 0.0100022 -0.0175543 
0.0536679 0.0106519 -0.0184938 
0.0568185 0.0112829 -0.0193791 
0.0598062 0.0118783 -0.0201934 
0.0625744 0.0124442 -0.0209248 
0.0650894 0.0129531 -0.021562 
0.0672991 0.0134193 -0.0220939 
0.0691732 0.0138115 -0.0225055 
0.070658 0.0141429 -0.0227918 
0.0717244 0.0143931 -0.022943 
0.0723432 0.0145611 -0.0229464 
0.0724858 0.0146315 -0.022803 
0.0721224 0.0146199 -0.0225042 
0.0712384 0.0145013 -0.0220452 
0.0698145 0.0142852 -0.0214219 
0.0678415 0.013958 -0.0206411 
0.0653253 0.0135282 -0.0196942 
0.0622561 0.012989 -0.0185944 
0.0586604 0.0123422 -0.0173427 
0.05454 0.0116011 -0.0159441 
0.0499282 0.0107484 -0.0144139 
0.0448753 0.00979975 -0.0127694 
0.0394232 0.00877361 -0.011025 
0.033649 0.00765853 -0.00921321 
0.0276511 0.00648392 -0.00735429 
0.0215263 0.00525678 -0.00548918 
0.0154131 0.00399923 -0.003654 
0.00944469 0.00274118 -0.0018308 
0.00354428 0.00139315 -0.000192262 
0.00455674 0.000236688 -0.00184538 
0.00735304 0.000478943 -0.00199495 
0.00980083 0.000721724 -0.00231342 
0.0123357 0.000925623 -0.00270036 
0.0151004 0.00112125 -0.00311734 
0.0181399 0.00132331 -0.00355345 
0.0214654 0.00153511 -0.00400796 
0.025082 0.001757 -0.00447858 
0.0289916 0.00198753 -0.00496419 
0.0331931 0.00222771 -0.00546058 
0.0376818 0.00247389 -0.00596235 
0.0424453 0.00272623 -0.00646648 
0.0474696 0.00298174 -0.00696704 
0.05273 0.0032415 -0.00745805 
0.0581965 0.00350098 -0.00793518 
0.0638334 0.0037615 -0.00839164 
0.0695973 0.00401886 -0.00882303 
0.0754424 0.00427252 -0.00922464 
0.0813144 0.0045221 -0.00959086 
0.0871569 0.00476317 -0.00991659 
0.092909 0.00499602 -0.0101992 
0.0985083 0.00521891 -0.0104344 
0.103892 0.00542834 -0.0106205 
0.10899 0.0056289 -0.0107545 
0.113733 0.0058159 -0.0108342 
0.118055 0.00598679 -0.0108545 
0.12189 0.00613947 -0.0108234 
0.125182 0.00627711 -0.0107299 
0.127858 0.00639689 -0.0105807 
0.129866 0.00649605 -0.010372 
0.131148 0.0065765 -0.0101065 
0.131663 0.00663005 -0.00978464 
0.131361 0.00666625 -0.00940642 
0.130211 0.00667149 -0.00896973 
0.128183 0.00664987 -0.00848384 
0.125259 0.00660181 -0.00794491 
0.121419 0.0065256 -0.00735943 
0.116669 0.00641273 -0.00672737 
0.11101 0.00627276 -0.00605446 
0.104463 0.00609387 -0.00534458 
0.0970624 0.00588118 -0.00460083 
0.0888505 0.00563023 -0.00383985 
0.0799018 0.00534288 -0.00306271 
0.0703059 0.00501179 -0.00228087 
0.0601737 0.00464326 -0.00151131 
0.0496514 0.00423048 -0.000756906 
0.0388953 0.00377571 -3.27997e-05 
0.0280889 0.00327979 0.000663512 
0.0173282 0.00277556 0.00142108 
0.00667142 0.00190786 0.00173442 
0.00927579 0.000180613 -0.00231867 
0.0131707 0.000385516 -0.00243646 
0.0168268 0.000574557 -0.00268952 
0.0205628 0.000722038 -0.00300407 
0.0245348 0.000853936 -0.00333569 
0.0287952 0.000978723 -0.00367092 
0.033359 0.0011001 -0.00400419 
0.038226 0.00121919 -0.00433155 
0.0433884 0.00133531 -0.00464962 
0.0488349 0.00144694 -0.00495336 
0.054546 0.00155391 -0.00523881 
0.0605 0.0016533 -0.00550263 
0.0666679 0.0017471 -0.00573934 
0.0730146 0.00183184 -0.00594513 
0.0794999 0.0019084 -0.00611845 
0.0860791 0.00197737 -0.00625436 
0.0927002 0.00203746 -0.00635295 
0.0993119 0.00208922 -0.00641231 
0.105856 0.00213444 -0.00643105 
0.112271 0.00217338 -0.0064102 
0.118494 0.00220707 -0.00634956 
0.124464 0.00223529 -0.006251 
0.130113 0.00226269 -0.00611413 
0.135377 0.0022851 -0.00594099 
0.14019 0.00230871 -0.00573439 
0.144485 0.00233398 -0.00549621 
0.148199 0.00235991 -0.00523027 
0.151274 0.00238802 -0.00493495 
0.153647 0.00242 -0.0046154 
0.155262 0.00245617 -0.00427313 
0.156066 0.00249531 -0.00391084 
0.156014 0.00253849 -0.00353223 
0.155064 0.00258506 -0.00313568 
0.153176 0.00263488 -0.00272822 
0.150326 0.00268549 -0.00231079 
0.146495 0.00273576 -0.00188457 
0.14167 0.00278635 -0.00145333 
0.135846 0.002834 -0.00102102 
0.129036 0.00287595 -0.000588777 
0.121259 0.00291207 -0.000163232 
0.112554 0.00293794 0.000252975 
0.102973 0.00295152 0.000652747 
0.0925928 0.00294837 0.00103262 
0.0815083 0.00292512 0.00138416 
0.069843 0.00287641 0.00170367 
0.0577398 0.00279844 0.00198721 
0.045359 0.00268722 0.00223416 
0.0328654 0.0025435 0.00245791 
0.0203185 0.0023965 0.00272905 
0.0079496 0.00178192 0.00240923 
0.014869 0.000175735 -0.00268918 
0.0195678 0.00031416 -0.00277313 
0.0241227 0.000448584 -0.00296316 
0.0287583 0.000551806 -0.00319901 
0.0336005 0.000636075 -0.00344545 
0.0386968 0.000708213 -0.00368577 
0.0440569 0.000771688 -0.0039117 
0.0496738 0.000826285 -0.00411891 
0.0555304 0.00087338 -0.00430308 
0.061604 0.000910854 -0.00446123 
0.0678687 0.000938608 -0.00459055 
0.0742925 0.000957159 -0.00468865 
0.0808407 0.000965213 -0.00475228 
0.0874734 0.000963402 -0.00478189 
0.0941487 0.000952863 -0.00477576 
0.100821 0.000933796 -0.00473333 
0.107441 0.000907342 -0.0046567 
0.113961 0.00087544 -0.0045458 
0.120327 0.000838696 -0.00440222 
0.126485 0.0008005 -0.00422767 
0.132381 0.00076064 -0.00402494 
0.137959 0.000722203 -0.00379642 
0.143164 0.00068674 -0.00354357 
0.147937 0.000657127 -0.00327014 
0.152224 0.000633102 -0.00297734 
0.155966 0.00061715 -0.00266887 
0.15911 0.000611596 -0.00234723 
0.1616 0.000616318 -0.00201392 
0.163385 0.000632742 -0.00167182 
0.164413 0.000662117 -0.00132315 
0.164638 0.000703837 -0.000971148 
0.164017 0.000758778 -0.000617065 
0.162511 0.000826351 -0.000263287 
0.160087 0.000906304 8.69546e-05 
0.156719 0.000997603 0.000431541 
0.152389 0.00109912 0.00076842 
0.147086 0.00120972 0.00109537 
0.140808 0.00132766 0.00140919 
0.133563 0.00145062 0.00170709 
0.125374 0.00157613 0.00198574 
0.116277 0.00170129 0.00224162 
0.106326 0.00182225 0.00247085 
0.0955913 0.00193506 0.00266959 
0.084168 0.00203446 0.00283334 
0.0721702 0.00211608 0.00296008 
0.0597312 0.00217435 0.00304891 
0.0469964 0.00220574 0.00310237 
0.0341077 0.00221228 0.00313424 
0.021107 0.00221548 0.0031977 
0.00834844 0.00167283 0.00262587 
0.0210495 0.000157035 -0.00292807 
0.0263197 0.00024825 -0.00299019 
0.0315079 0.00034225 -0.00312651 
0.0367694 0.0004088 -0.00329129 
0.0421926 0.000458002 -0.00345867 
0.047812 0.000493644 -0.0036132 
0.0536291 0.000518604 -0.00374708 
0.059629 0.000533728 -0.00385655 
0.0657891 0.000539534 -0.00393785 
0.0720803 0.000535664 -0.00399017 
0.0784727 0.00052215 -0.00401193 
0.084933 0.000499165 -0.00400242 
0.0914257 0.000467543 -0.00396202 
0.0979131 0.000428368 -0.00389104 
0.104357 0.000382198 -0.00378997 
0.110716 0.000330178 -0.00366094 
0.11695 0.000274838 -0.00350518 
0.123016 0.000216645 -0.0033242 
0.128871 0.000157854 -0.0031204 
0.13447 9.94453e-05 -0.00289584 
0.139768 4.48565e-05 -0.00265288 
0.144719 -5.76664e-06 -0.00239326 
0.149276 -5.0226e-05 -0.00211877 
0.153392 -8.72501e-05 -0.00183224 
0.157019 -0.000114244 -0.00153539 
0.160109 -0.000131174 -0.00123041 
0.162615 -0.000136035 -0.000918662 
0.164489 -0.000128122 -0.000602634 
0.165686 -0.000106343 -0.000284014 
0.166162 -7.01892e-05 3.51326e-05 
0.165874 -1.91775e-05 0.000352557 
0.164784 4.6769e-05 0.000666725 
0.162856 0.000127476 0.000975135 
0.160062 0.000222728 0.00127568 
0.156378 0.000331569 0.00156613 
0.151785 0.000453447 0.00184446 
0.146274 0.000586765 0.00210857 
0.139844 0.000729927 0.00235561 
0.132501 0.000881603 0.00258345 
0.124267 0.00103807 0.00278886 
0.115177 0.00119709 0.00296907 
0.105278 0.00135515 0.00312098 
0.0946389 0.00150763 0.00324135 
0.083344 0.00165062 0.00332757 
0.0714986 0.00177823 0.00337828 
0.0592216 0.001887 0.00339339 
0.0466436 0.00197264 0.00337541 
0.0338879 0.00203905 0.00333675 
0.0209839 0.00210067 0.00332045 
0.00836996 0.00155836 0.00264724 
0.0275373 0.00012566 -0.00307381 
0.0332109 0.000185897 -0.00311285 
0.0388248 0.000252158 -0.00320255 
0.0444874 0.000293035 -0.00330751 
0.0502604 0.000318097 -0.00340879 
0.0561635 0.000331246 -0.00349416 
0.0621905 0.000334385 -0.00355719 
0.0683221 0.000328587 -0.00359508 
0.0745325 0.000314548 -0.00360599 
0.0807926 0.000292294 -0.00359036 
0.0870727 0.000262711 -0.00354813 
0.0933418 0.00022613 -0.00348013 
0.0995685 0.000183601 -0.00338724 
0.10572 0.000136039 -0.00327066 
0.111765 8.45668e-05 -0.00313215 
0.117668 3.06415e-05 -0.00297319 
0.123397 -2.46562e-05 -0.00279481 
0.128915 -8.01056e-05 -0.0025995 
0.134189 -0.000133622 -0.00238823 
0.139181 -0.0001845 -0.00216283 
0.143854 -0.000231337 -0.00192419 
0.148169 -0.000272682 -0.00167472 
0.152087 -0.000306996 -0.00141528 
0.155569 -0.000333345 -0.00114763 
0.158573 -0.000350471 -0.000872639 
0.161058 -0.000357199 -0.000592352 
0.162983 -0.0003528 -0.000307782 
0.164307 -0.000336195 -2.06614e-05 
0.164989 -0.000306693 0.000267526 
0.16499 -0.000263736 0.000555083 
0.164273 -0.000207183 0.000840138 
0.162804 -0.000136274 0.00112113 
0.160551 -5.17276e-05 0.00139574 
0.157488 4.66197e-05 0.0016621 
0.153594 0.000158357 0.00191838 
0.148852 0.000282087 0.00216231 
0.143254 0.000417277 0.0023916 
0.136798 0.000562961 0.00260452 
0.129492 0.000716069 0.0027984 
0.121353 0.000875553 0.00297039 
0.112414 0.00103806 0.00311871 
0.102718 0.0012 0.00324044 
0.0923272 0.00135786 0.0033329 
0.0813181 0.00150717 0.00339424 
0.0697845 0.00164364 0.00342267 
0.057834 0.00176356 0.00341895 
0.0455826 0.00186361 0.00338431 
0.0331408 0.00194772 0.00333073 
0.0205279 0.00202545 0.00329235 
0.00824502 0.00145284 0.00259239 
0.0341538 9.2074e-05 -0.00315785 
0.040102 0.000134023 -0.00317512 
0.0459872 0.000182627 -0.00322739 
0.0518878 0.000208487 -0.00328726 
0.0578468 0.000221015 -0.00334041 
0.0638739 0.000223641 -0.00337743 
0.069957 0.000218887 -0.00339356 
0.0760749 0.000206916 -0.00338754 
0.0822028 0.000188908 -0.00335897 
0.0883138 0.000165437 -0.00330867 
0.0943815 0.000136746 -0.00323743 
0.100379 0.000103884 -0.00314643 
0.10628 6.72613e-05 -0.003037 
0.112057 2.81731e-05 -0.00291035 
0.117684 -1.25136e-05 -0.00276769 
0.123133 -5.38059e-05 -0.00260988 
0.128375 -9.49716e-05 -0.00243811 
0.133381 -0.000134899 -0.00225361 
0.138122 -0.000172612 -0.00205679 
0.142567 -0.000207321 -0.00184933 
0.146683 -0.000237476 -0.00163152 
0.150437 -0.000262589 -0.00140439 
0.153795 -0.000281901 -0.00116874 
0.156723 -0.00029416 -0.000925692 
0.159184 -0.000298615 -0.000676015 
0.161143 -0.000294479 -0.000421018 
0.162564 -0.000280773 -0.000161764 
0.16341 -0.000256959 0.000100474 
0.163645 -0.000222301 0.000364311 
0.163236 -0.000176261 0.000628201 
0.162149 -0.000118525 0.000890466 
0.160354 -4.88571e-05 0.00114962 
0.157825 3.27655e-05 0.00140326 
0.154537 0.000126428 0.00164998 
0.150473 0.000231495 0.00188773 
0.145617 0.000347489 0.0021141 
0.139963 0.000473736 0.00232756 
0.13351 0.000608891 0.00252619 
0.126264 0.00075137 0.00270697 
0.118244 0.000899364 0.00286839 
0.109476 0.00105037 0.00300813 
0.1 0.0012013 0.0031238 
0.089872 0.00134825 0.00321297 
0.0791604 0.00148817 0.00327422 
0.0679492 0.00161645 0.00330622 
0.0563353 0.0017297 0.00330918 
0.0444239 0.00182508 0.0032837 
0.0323145 0.00190687 0.00324086 
0.0200202 0.00198065 0.00320751 
0.0080902 0.00136538 0.00251978 
0.0408212 6.66726e-05 -0.00321329 
0.0469559 0.000100952 -0.00321539 
0.0530138 0.000141114 -0.00324322 
0.0590548 0.000161447 -0.00327534 
0.0651094 0.000171871 -0.00330027 
0.0711792 0.000175313 -0.00331049 
0.0772499 0.000173106 -0.00330315 
0.0833006 0.000166622 -0.00327799 
0.0893087 0.000156094 -0.00323516 
0.0952508 0.000142282 -0.00317556 
0.101104 0.000125529 -0.0031004 
0.106846 0.00010656 -0.00301044 
0.112453 8.58384e-05 -0.00290679 
0.117904 6.39447e-05 -0.0027901 
0.123175 4.20758e-05 -0.00266044 
0.128241 1.97515e-05 -0.0025189 
0.133078 -1.65626e-06 -0.0023661 
0.137661 -2.12437e-05 -0.00220185 
0.141961 -3.93155e-05 -0.00202674 
0.145952 -5.47718e-05 -0.00184133 
0.149604 -6.70099e-05 -0.0016454 
0.152889 -7.57411e-05 -0.00144013 
0.155775 -7.98914e-05 -0.00122597 
0.158231 -7.88993e-05 -0.00100329 
0.160226 -7.24199e-05 -0.000773226 
0.161728 -5.93313e-05 -0.000536531 
0.162704 -3.92597e-05 -0.000294265 
0.163124 -1.14861e-05 -4.7735e-05 
0.162956 2.46162e-05 0.000201743 
0.16217 6.94923e-05 0.000452622 
0.160738 0.000123759 0.000703322 
0.158634 0.000187425 0.000951973 
0.155835 0.000261005 0.00119674 
0.152322 0.000344275 0.00143597 
0.148078 0.000437074 0.00166739 
0.143093 0.00053917 0.00188917 
0.13736 0.000649919 0.00209961 
0.130881 0.000768166 0.00229644 
0.123662 0.000893009 0.00247745 
0.115719 0.0010228 0.00264123 
0.107077 0.00115475 0.00278507 
0.097773 0.00128746 0.00290748 
0.0878544 0.00141652 0.00300593 
0.0773845 0.00153925 0.00307959 
0.0664372 0.00165187 0.00312715 
0.0550996 0.00175072 0.00314855 
0.0434671 0.00183337 0.00314472 
0.0316303 0.00190298 0.00312534 
0.0195997 0.00196299 0.00311134 
0.00796163 0.00130024 0.00245613 
0.0475671 5.92156e-05 -0.00327658 
0.0538469 9.62918e-05 -0.00327457 
0.0600371 0.000135505 -0.00329336 
0.0661854 0.000159463 -0.00331555 
0.072313 0.000176522 -0.00333112 
0.078416 0.000189282 -0.00333466 
0.0844788 0.000198999 -0.00332459 
0.0904823 0.000206332 -0.00330069 
0.0964062 0.00021166 -0.00326368 
0.10223 0.000215644 -0.00321394 
0.107934 0.000218187 -0.00315245 
0.113497 0.00021997 -0.00307936 
0.1189 0.000221134 -0.0029951 
0.12412 0.000222089 -0.00289942 
0.129137 0.000222868 -0.00279209 
0.133926 0.00022398 -0.00267354 
0.138465 0.000225239 -0.00254316 
0.142729 0.000227179 -0.0024005 
0.14669 0.000229822 -0.00224616 
0.150324 0.000233642 -0.00207955 
0.153603 0.000238503 -0.001901 
0.156499 0.000245056 -0.00171122 
0.158985 0.000253803 -0.0015102 
0.161032 0.000264861 -0.00129895 
0.162613 0.00027945 -0.00107812 
0.163698 0.000297314 -0.000848831 
0.164261 0.000319809 -0.0006122 
0.164273 0.000347107 -0.000369691 
0.16371 0.000380106 -0.000122665 
0.162546 0.000419178 0.000127066 
0.160757 0.000465104 0.000377923 
0.158323 0.000518145 0.000627931 
0.155224 0.000578605 0.000875248 
0.151447 0.000646794 0.00111793 
0.146978 0.00072271 0.00135397 
0.14181 0.000806045 0.00158141 
0.135939 0.000896664 0.00179841 
0.129368 0.000993908 0.00200278 
0.122104 0.00109686 0.00219295 
0.114163 0.00120389 0.00236683 
0.105568 0.00131373 0.00252235 
0.0963518 0.0014239 0.0026583 
0.0865577 0.00153181 0.00277236 
0.0762415 0.00163415 0.00286382 
0.065469 0.00172803 0.002932 
0.0543161 0.00181003 0.00297743 
0.0428676 0.0018769 0.00300158 
0.0312044 0.00193079 0.00301293 
0.0193381 0.00197202 0.003027 
0.00788774 0.00126004 0.00241411 
0.0545274 8.1273e-05 -0.00338617 
0.0609612 0.000128919 -0.00339395 
0.0673016 0.000174795 -0.00342054 
0.073586 0.000210511 -0.00345053 
0.0798272 0.000242512 -0.00347553 
0.0860176 0.000272811 -0.00349156 
0.0921416 0.000302259 -0.00349773 
0.0981808 0.000331549 -0.00349369 
0.104116 0.000360386 -0.00347994 
0.10993 0.000389238 -0.00345632 
0.115601 0.000418322 -0.00342272 
0.12111 0.000447079 -0.0033786 
0.126435 0.000475931 -0.00332314 
0.131554 0.000504298 -0.00325532 
0.136443 0.000532102 -0.00317433 
0.141077 0.000558933 -0.00307934 
0.145432 0.000584498 -0.00296976 
0.149481 0.000608903 -0.00284451 
0.153197 0.000631765 -0.00270338 
0.156555 0.000652303 -0.0025468 
0.159528 0.000671908 -0.00237471 
0.162089 0.000689826 -0.00218776 
0.164214 0.000706956 -0.00198605 
0.165877 0.000722972 -0.0017714 
0.167055 0.0007391 -0.00154437 
0.167722 0.000755653 -0.00130716 
0.167858 0.000773808 -0.00106056 
0.167439 0.000793925 -0.000806838 
0.166445 0.000816986 -0.000547585 
0.164858 0.00084386 -0.000284771 
0.162659 0.000874947 -2.04092e-05 
0.159833 0.0009112 0.000243347 
0.156368 0.000953198 0.000504581 
0.152251 0.00100114 0.000761308 
0.147477 0.00105536 0.00101144 
0.142041 0.00111587 0.00125295 
0.135942 0.00118272 0.00148412 
0.129186 0.00125537 0.00170295 
0.121782 0.00133325 0.00190766 
0.113744 0.00141543 0.00209624 
0.105097 0.0015006 0.00226725 
0.0958694 0.0015868 0.00241897 
0.0861009 0.00167205 0.00255003 
0.0758395 0.00175377 0.00266006 
0.0651424 0.00182877 0.00274934 
0.0540741 0.00189419 0.00281944 
0.042704 0.00194694 0.0028735 
0.0310994 0.00198627 0.00291972 
0.0192732 0.00200806 0.00296801 
0.00788271 0.00124611 0.00239982 
0.0619553 0.000143935 -0.00358449 
0.0686054 0.000211927 -0.00362006 
0.0751752 0.000271216 -0.00367402 
0.0816898 0.0003281 -0.00373231 
0.0881525 0.000384574 -0.00378803 
0.094553 0.00044199 -0.00383824 
0.100875 0.000501001 -0.00388192 
0.1071 0.00056166 -0.00391817 
0.113207 0.00062382 -0.00394638 
0.119177 0.000686942 -0.00396496 
0.124985 0.000750684 -0.00397209 
0.130607 0.000814036 -0.00396624 
0.136016 0.000876787 -0.00394421 
0.141184 0.000936693 -0.00390501 
0.146082 0.000994129 -0.00384617 
0.150681 0.00104724 -0.00376655 
0.154951 0.00109596 -0.0036644 
0.158863 0.00113809 -0.00353989 
0.162389 0.00117508 -0.00339253 
0.165502 0.00120563 -0.00322312 
0.16818 0.00122927 -0.00303244 
0.170396 0.00124769 -0.00282178 
0.172132 0.00126007 -0.00259305 
0.173365 0.00126865 -0.0023482 
0.174078 0.00127293 -0.0020893 
0.174255 0.00127507 -0.00181873 
0.173879 0.00127533 -0.00153888 
0.172937 0.00127592 -0.00125233 
0.171415 0.00127748 -0.00096127 
0.169303 0.0012812 -0.000668278 
0.166588 0.00128846 -0.000375636 
0.163263 0.00129993 -8.5379e-05 
0.159322 0.00131636 0.000200186 
0.154758 0.00133865 0.000479056 
0.149569 0.00136692 0.000749138 
0.143757 0.00140202 0.00100896 
0.137323 0.00144315 0.00125667 
0.130275 0.00149068 0.0014906 
0.122625 0.0015437 0.00170889 
0.114389 0.00160178 0.00190986 
0.10559 0.00166382 0.0020919 
0.0962563 0.00172888 0.00225394 
0.0864218 0.00179491 0.00239553 
0.0761277 0.00185968 0.00251705 
0.065421 0.00192055 0.00261962 
0.0543526 0.00197516 0.00270655 
0.0429728 0.00202099 0.00278378 
0.0313243 0.00205557 0.00286174 
0.0194128 0.00206553 0.00294559 
0.00794776 0.00125674 0.00241477 
0.0702557 0.000267343 -0.00392982 
0.0772525 0.000365904 -0.00402022 
0.0842098 0.000449554 -0.0041296 
0.0911337 0.000540143 -0.00424436 
0.0980148 0.000634395 -0.00435999 
0.104839 0.000732989 -0.00447291 
0.111585 0.000835223 -0.00458088 
0.11823 0.000941034 -0.00468036 
0.124745 0.00104837 -0.00476828 
0.1311 0.00115622 -0.00484023 
0.13726 0.00126263 -0.00489129 
0.143187 0.00136514 -0.00491721 
0.148843 0.00146145 -0.0049132 
0.154186 0.00154892 -0.00487752 
0.15918 0.00162642 -0.00480594 
0.163785 0.00169136 -0.00469796 
0.167969 0.00174216 -0.00455346 
0.171699 0.00177918 -0.00437386 
0.174951 0.0018016 -0.00415974 
0.177702 0.00180937 -0.00391555 
0.179933 0.00180469 -0.00364392 
0.18163 0.0017876 -0.0033486 
0.182782 0.00176085 -0.00303431 
0.183381 0.00172606 -0.00270461 
0.18342 0.00168577 -0.00236432 
0.182894 0.00164171 -0.00201716 
0.1818 0.00159691 -0.00166708 
0.180135 0.00155283 -0.00131729 
0.177896 0.00151214 -0.000970963 
0.175082 0.0014764 -0.000630734 
0.17169 0.00144673 -0.000299036 
0.167719 0.00142492 2.2048e-05 
0.163169 0.00141164 0.00033074 
0.15804 0.0014075 0.000625565 
0.152335 0.00141311 0.000905231 
0.146055 0.00142821 0.00116889 
0.139208 0.00145288 0.00141509 
0.131801 0.00148642 0.001643 
0.123847 0.00152819 0.00185124 
0.115364 0.00157723 0.00203871 
0.106374 0.00163275 0.0022045 
0.0969027 0.00169341 0.00234804 
0.0869801 0.00175851 0.00247007 
0.0766381 0.00182566 0.00257214 
0.0659114 0.00189259 0.00265712 
0.0548367 0.00195658 0.0027291 
0.043443 0.00201769 0.00279665 
0.031737 0.00207567 0.00287593 
0.0196886 0.00210706 0.00297425 
0.00805921 0.00127738 0.00245408 
0.0800879 0.000484863 -0.00452122 
0.0876666 0.000633583 -0.00471308 
0.0952927 0.000757001 -0.0049211 
0.102935 0.000900533 -0.00513432 
0.110561 0.00105263 -0.0053474 
0.118144 0.00120984 -0.00555373 
0.125645 0.00137108 -0.00574507 
0.13302 0.00153228 -0.00591168 
0.140215 0.00168949 -0.00604401 
0.147172 0.00183737 -0.00613164 
0.153828 0.00197102 -0.00616522 
0.160119 0.00208489 -0.00613794 
0.165983 0.00217495 -0.0060441 
0.171364 0.00223692 -0.0058817 
0.176215 0.00226692 -0.00565121 
0.180496 0.00226597 -0.00535588 
0.184177 0.00223227 -0.00500192 
0.187242 0.0021682 -0.00459631 
0.189679 0.00207647 -0.00414814 
0.19149 0.0019611 -0.00366757 
0.19268 0.00182613 -0.00316392 
0.193261 0.00167724 -0.00264736 
0.193248 0.00151958 -0.00212664 
0.192658 0.00135803 -0.00161027 
0.191508 0.00119829 -0.00110549 
0.189815 0.00104478 -0.000618467 
0.187594 0.000901525 -0.000154006 
0.184858 0.000772293 0.000284057 
0.181617 0.000659752 0.000692853 
0.17788 0.000566623 0.00107072 
0.173651 0.00049414 0.00141637 
0.168934 0.000443276 0.00172947 
0.163732 0.00041469 0.0020105 
0.158044 0.00040785 0.00225993 
0.151872 0.000422112 0.00247827 
0.145217 0.00045717 0.00266735 
0.138081 0.000510591 0.00282771 
0.130469 0.000581168 0.00296028 
0.12239 0.000666893 0.00306592 
0.113858 0.00076521 0.00314457 
0.104891 0.0008746 0.00319659 
0.0955114 0.00099389 0.00322314 
0.0857419 0.00112107 0.00322613 
0.0756029 0.00125579 0.00320955 
0.0651127 0.00139439 0.0031783 
0.0542906 0.00153335 0.00313697 
0.0431521 0.00167287 0.00309277 
0.0316738 0.00182225 0.0030643 
0.019753 0.00196948 0.00307523 
0.00811301 0.0012316 0.00249579 
0.0925791 0.000856195 -0.00554592 
0.101158 0.00108666 -0.00590673 
0.109916 0.00127166 -0.00626448 
0.118744 0.00148964 -0.006605 
0.127553 0.00171158 -0.00691635 
0.136266 0.00192868 -0.00717842 
0.144789 0.00213146 -0.00736703 
0.15301 0.00230871 -0.00745917 
0.160812 0.00244906 -0.00743293 
0.168075 0.0025389 -0.00727283 
0.174688 0.00256943 -0.00696835 
0.180557 0.00253131 -0.00651897 
0.18561 0.00242072 -0.00593068 
0.1898 0.00223763 -0.0052179 
0.193105 0.00198615 -0.00439992 
0.195532 0.00167207 -0.00349917 
0.197106 0.00130694 -0.00254152 
0.197868 0.000901315 -0.00155131 
0.197874 0.000468093 -0.000552721 
0.197187 2.00336e-05 0.000432381 
0.195872 -0.00043062 0.00138519 
0.193998 -0.000872596 0.00228948 
0.191626 -0.00129512 0.00313246 
0.188815 -0.00168962 0.00390502 
0.185614 -0.00204882 0.00460035 
0.182068 -0.00236723 0.00521329 
0.178209 -0.00263859 0.00574376 
0.174062 -0.00286226 0.00619076 
0.169645 -0.00303493 0.00655525 
0.164967 -0.00315483 0.00684192 
0.160027 -0.00322414 0.00705351 
0.154823 -0.00324295 0.00719449 
0.149348 -0.00321329 0.00726999 
0.143588 -0.00313707 0.00728444 
0.137531 -0.00301702 0.00724438 
0.131163 -0.00285847 0.0071539 
0.124471 -0.00266273 0.00701757 
0.117443 -0.00243525 0.00683972 
0.110075 -0.00217973 0.00662382 
0.102364 -0.00189987 0.00637341 
0.0943165 -0.00160094 0.00609142 
0.0859434 -0.00128591 0.00578114 
0.0772557 -0.000956885 0.00544565 
0.068263 -0.000615559 0.00508991 
0.0589618 -0.000261318 0.00472156 
0.0493428 9.96743e-05 0.00434954 
0.0394076 0.000458443 0.0039768 
0.0291502 0.000824975 0.00360734 
0.0184437 0.00124076 0.00326705 
0.00775005 0.000873595 0.00248708 
0.109619 0.00146852 -0.00726905 
0.119815 0.00179932 -0.00781527 
0.13022 0.00204634 -0.00825668 
0.140547 0.0023054 -0.00855818 
0.150551 0.00251992 -0.00868063 
0.160005 0.00266353 -0.00857095 
0.168668 0.00270804 -0.00818598 
0.176313 0.00262887 -0.00750142 
0.182751 0.00240785 -0.00651647 
0.187843 0.00203888 -0.00525363 
0.191517 0.00152522 -0.0037534 
0.19376 0.000882242 -0.00207144 
0.194617 0.000131543 -0.000268399 
0.194182 -0.000699584 0.00159262 
0.192584 -0.00158173 0.00345462 
0.189972 -0.00248658 0.00526637 
0.186509 -0.00338817 0.00698475 
0.182358 -0.00426165 0.00857809 
0.177676 -0.00508937 0.0100222 
0.172607 -0.00585387 0.0113039 
0.16728 -0.00654722 0.0124141 
0.161805 -0.00715915 0.0133521 
0.156275 -0.00768732 0.0141221 
0.150762 -0.00812901 0.014731 
0.145317 -0.00848441 0.0151891 
0.139978 -0.00875638 0.0155065 
0.13477 -0.00894772 0.0156972 
0.129694 -0.0090607 0.0157712 
0.124753 -0.00910232 0.0157389 
0.119931 -0.00907224 0.0156151 
0.115205 -0.00897985 0.0154034 
0.11055 -0.00882366 0.015116 
0.105934 -0.00861097 0.0147593 
0.101321 -0.00834408 0.0143403 
0.0966761 -0.00802685 0.0138645 
0.091961 -0.00766186 0.0133358 
0.0871421 -0.00725312 0.01276 
0.0821876 -0.00680481 0.0121386 
0.0770691 -0.00631792 0.0114782 
0.0717649 -0.00580115 0.0107796 
0.0662598 -0.00525421 0.010047 
0.0605471 -0.00468508 0.00928207 
0.0546246 -0.00409339 0.00848869 
0.0484877 -0.00348125 0.0076703 
0.0421237 -0.00284708 0.0068331 
0.0354939 -0.00218794 0.00598563 
0.0285508 -0.00151608 0.00513848 
0.0213011 -0.000853382 0.00428561 
0.0137622 -0.000161345 0.00339752 
0.00616818 3.98067e-05 0.00231932 
0.133357 0.00238803 -0.00957908 
0.14514 0.002593 -0.00976446 
0.15634 0.00270362 -0.00950129 
0.166365 0.00266046 -0.00871188 
0.17476 0.00239578 -0.00738232 
0.181192 0.00188676 -0.00553342 
0.185435 0.00113607 -0.00324121 
0.187401 0.000171218 -0.000622497 
0.187135 -0.0009608 0.00218621 
0.184791 -0.0022026 0.0050479 
0.180611 -0.00349434 0.00783827 
0.174891 -0.00477847 0.0104533 
0.167953 -0.00600876 0.0128154 
0.160117 -0.00714394 0.0148738 
0.151694 -0.00816123 0.0165976 
0.14296 -0.00903696 0.01798 
0.134151 -0.0097632 0.01903 
0.125467 -0.0103419 0.0197705 
0.117057 -0.0107751 0.0202335 
0.109035 -0.0110778 0.0204554 
0.101477 -0.0112619 0.0204713 
0.0944335 -0.0113422 0.0203219 
0.0879168 -0.0113325 0.0200439 
0.0819305 -0.0112569 0.0196643 
0.0764621 -0.0111198 0.0192124 
0.0714823 -0.0109373 0.0187076 
0.0669589 -0.0107174 0.018169 
0.0628518 -0.0104691 0.017608 
0.0591226 -0.0101991 0.0170309 
0.0557302 -0.00990714 0.0164495 
0.0526245 -0.00959929 0.0158612 
0.0497708 -0.00927781 0.0152701 
0.0471216 -0.00893764 0.014676 
0.0446369 -0.00858535 0.0140751 
0.0422787 -0.00821428 0.0134665 
0.0400081 -0.00782608 0.0128462 
0.0377903 -0.00741811 0.0122113 
0.0355921 -0.00698936 0.0115579 
0.0333857 -0.00653961 0.0108845 
0.0311415 -0.00606589 0.0101866 
0.0288411 -0.00557141 0.00946417 
0.0264674 -0.00505474 0.00871417 
0.0240134 -0.00451883 0.0079371 
0.021473 -0.0039617 0.0071314 
0.018841 -0.00338137 0.00629437 
0.0160945 -0.00276536 0.00542615 
0.0131665 -0.0020993 0.00453222 
0.00998712 -0.00141882 0.00359638 
0.00653012 -0.000707552 0.00271464 
0.00329678 -0.000327492 0.00164651 
0.160379 0.00272544 -0.00931472 
0.169738 0.00206955 -0.00718132 
0.176123 0.00131691 -0.00438385 
0.179286 0.000225291 -0.00103407 
0.179168 -0.0010982 0.00262013 
0.175936 -0.00255771 0.00632772 
0.169943 -0.00404993 0.00986153 
0.16166 -0.00548967 0.013041 
0.151628 -0.00680429 0.0157386 
0.140405 -0.00793979 0.0178753 
0.128522 -0.00885597 0.0194249 
0.116447 -0.00953704 0.0204018 
0.104577 -0.00998366 0.0208509 
0.0932156 -0.0102072 0.0208458 
0.0825752 -0.0102358 0.0204659 
0.072793 -0.0100992 0.0198057 
0.0639298 -0.00983705 0.0189459 
0.0559989 -0.00948461 0.0179616 
0.0489719 -0.00906905 0.0169154 
0.0427916 -0.00861906 0.015852 
0.0373901 -0.00815282 0.0148096 
0.0326923 -0.00768967 0.0138119 
0.028621 -0.00723815 0.0128742 
0.0250985 -0.00680476 0.0120017 
0.0220611 -0.00639655 0.0112016 
0.0194434 -0.00601395 0.010471 
0.0171904 -0.00565766 0.00980736 
0.0152517 -0.00532721 0.00920509 
0.0135849 -0.00502089 0.00865924 
0.0121533 -0.00473755 0.00816566 
0.010922 -0.00447437 0.00771421 
0.0098636 -0.00422741 0.00730141 
0.00895226 -0.00399587 0.00692112 
0.00816468 -0.00377552 0.00656434 
0.00748303 -0.00356366 0.0062287 
0.00688787 -0.00335778 0.00590622 
0.00636283 -0.00315407 0.00559376 
0.00589314 -0.0029518 0.00528442 
0.00546577 -0.00274655 0.00497564 
0.00506757 -0.00253732 0.00466284 
0.0046879 -0.0023221 0.00434192 
0.00431823 -0.00209946 0.00401121 
0.00395246 -0.00186939 0.00366801 
0.00358961 -0.00163218 0.003311 
0.00323498 -0.00138811 0.00293706 
0.00290439 -0.00113442 0.00253956 
0.00259647 -0.000847095 0.00210946 
0.00227127 -0.000517321 0.00165795 
0.00212138 -0.000120138 0.000934369 
0.00210546 0.000271145 0.000176102 
0.171545 -4.01163e-05 -0.000241516 
0.170425 -0.00169582 0.00438134 
0.165032 -0.00319098 0.00862075 
0.15628 -0.00468075 0.0123868 
0.14489 -0.00600454 0.0154996 
0.131658 -0.00710113 0.0178371 
0.117395 -0.00792545 0.0193517 
0.102851 -0.00845211 0.02006 
0.0886655 -0.00868245 0.0200385 
0.0753285 -0.00863791 0.0194111 
0.0631712 -0.00836447 0.0183304 
0.0523654 -0.00791578 0.0169509 
0.0429606 -0.00735536 0.0154121 
0.034915 -0.00673021 0.0138293 
0.0281208 -0.00608463 0.012284 
0.0224443 -0.00545026 0.0108336 
0.0177374 -0.00484744 0.00950558 
0.0138591 -0.00428783 0.00831457 
0.0106789 -0.00377853 0.00726156 
0.00807855 -0.00331891 0.00633948 
0.0059576 -0.00290922 0.00553825 
0.00423033 -0.00254588 0.00484454 
0.00282631 -0.00222492 0.00424638 
0.00168584 -0.00194216 0.00373145 
0.000760772 -0.00169369 0.00328849 
1.17468e-05 -0.00147555 0.00290775 
-0.000593218 -0.00128412 0.00258061 
-0.00107985 -0.00111608 0.00229912 
-0.00146863 -0.00096855 0.00205707 
-0.00177605 -0.000838999 0.00184853 
-0.00201527 -0.000725042 0.00166871 
-0.002196 -0.000625178 0.00151359 
-0.00232652 -0.000537032 0.00137907 
-0.00241315 -0.000459347 0.0012623 
-0.00246031 -0.000391048 0.00116037 
-0.002472 -0.000330467 0.00107066 
-0.00245107 -0.00027668 0.000991024 
-0.00240038 -0.000228369 0.000919301 
-0.00232147 -0.000184818 0.000853727 
-0.00221659 -0.000144698 0.000792502 
-0.00208754 -0.000107222 0.000734349 
-0.00193584 -7.1747e-05 0.000677985 
-0.00176308 -3.76146e-05 0.000622723 
-0.0015697 -5.01039e-06 0.000568149 
-0.00135315 2.46028e-05 0.000514638 
-0.00110094 4.64649e-05 0.000463564 
-0.00077976 5.45976e-05 0.0004152 
-0.000401435 8.98896e-05 0.000385414 
-9.39047e-05 -7.38496e-05 0.00046445 
0.000377251 -0.00182638 0.00161491 
0.1477 -0.00431428 0.0126354 
0.134688 -0.00552083 0.0156913 
0.119574 -0.00634863 0.0177353 
0.1035 -0.00694378 0.018812 
0.0873917 -0.0072145 0.0189498 
0.072057 -0.00717114 0.0182626 
0.0581031 -0.00685383 0.0169396 
0.0458881 -0.00632687 0.0152098 
0.0355382 -0.0056722 0.0132899 
0.0270054 -0.00496058 0.0113575 
0.0201256 -0.004251 0.00953417 
0.0146807 -0.0035817 0.00788921 
0.0104365 -0.00297219 0.00645033 
0.00717288 -0.00243311 0.00522091 
0.00469202 -0.00196463 0.0041856 
0.00282719 -0.00156221 0.00332319 
0.0014407 -0.00122067 0.00260985 
0.000423064 -0.000932624 0.00202295 
-0.000312462 -0.000691256 0.00154158 
-0.000833219 -0.000489776 0.00114757 
-0.00119165 -0.000321816 0.000825239 
-0.0014281 -0.000181949 0.000561618 
-0.00157375 -6.57084e-05 0.000346155 
-0.00165272 3.10227e-05 0.000170064 
-0.00168337 0.000111329 2.60801e-05 
-0.00167983 0.000177934 -9.14283e-05 
-0.00165271 0.000233151 -0.000187111 
-0.00160994 0.000278737 -0.000264557 
-0.0015575 0.000316175 -0.00032681 
-0.00149946 0.000346652 -0.000376303 
-0.00143866 0.000371202 -0.00041513 
-0.00137699 0.000390727 -0.000444747 
-0.00131565 0.000405734 -0.000466562 
-0.00125506 0.000416667 -0.000481779 
-0.00119515 0.00042403 -0.000490938 
-0.0011359 0.000427982 -0.000494869 
-0.00107683 0.0004286 -0.000494004 
-0.00101735 0.000425963 -0.000488567 
-0.000956856 0.00042008 -0.000478787 
-0.000894859 0.000410834 -0.000464786 
-0.000830793 0.000398011 -0.000446548 
-0.000764177 0.00038183 -0.000423966 
-0.000695088 0.000362125 -0.000397053 
-0.000623872 0.000339132 -0.000365319 
-0.000552263 0.000313047 -0.00032786 
-0.000484649 0.000283881 -0.000281717 
-0.000431569 0.000250162 -0.000217326 
-0.00042212 0.000210271 -0.000114741 
-0.000669074 0.000249571 5.98086e-05 
-0.00144672 0.000819614 -0.000855158 
0.0989822 -0.00598895 0.0179975 
0.0816538 -0.0060378 0.0177289 
0.0653503 -0.00587727 0.0168167 
0.0506939 -0.00549438 0.0152148 
0.0381683 -0.00491152 0.0131875 
0.0279251 -0.00421779 0.0110125 
0.019859 -0.00349874 0.00891142 
0.0137082 -0.00281555 0.00702181 
0.00914292 -0.00220208 0.00540378 
0.00583631 -0.00167466 0.00406704 
0.0034969 -0.00123436 0.0029905 
0.00188467 -0.000876914 0.00214007 
0.000810464 -0.000592393 0.00147872 
0.000127406 -0.000369937 0.00097081 
-0.000276095 -0.000198414 0.00058555 
-0.000484649 -6.83261e-05 0.00029713 
-0.000562775 2.84763e-05 8.53102e-05 
-0.000559058 9.79659e-05 -6.531e-05 
-0.000509335 0.000144748 -0.000166679 
-0.000438609 0.000172641 -0.000228449 
-0.000362491 0.000185569 -0.000259293 
-0.000289667 0.000187599 -0.000267404 
-0.000224379 0.000182405 -0.000259995 
-0.000168115 0.000172968 -0.00024314 
-0.000121046 0.000161339 -0.000221276 
-8.24791e-05 0.00014888 -0.000197624 
-5.14154e-05 0.000136416 -0.000174113 
-2.67723e-05 0.000124481 -0.000151927 
-7.4641e-06 0.000113376 -0.000131684 
7.53836e-06 0.000103261 -0.00011352 
1.9134e-05 9.4179e-05 -9.73545e-05 
2.80114e-05 8.61259e-05 -8.30516e-05 
3.47269e-05 7.90568e-05 -7.04625e-05 
3.97792e-05 7.28872e-05 -5.93149e-05 
4.35055e-05 6.75394e-05 -4.93873e-05 
4.61342e-05 6.28821e-05 -4.05555e-05 
4.78964e-05 5.88456e-05 -3.26386e-05 
4.88861e-05 5.53363e-05 -2.55248e-05 
4.9209e-05 5.22605e-05 -1.91044e-05 
4.88999e-05 4.95497e-05 -1.33136e-05 
4.80051e-05 4.71182e-05 -8.10857e-06 
4.6547e-05 4.49425e-05 -3.39052e-06 
4.44714e-05 4.29713e-05 7.59035e-07 
4.17509e-05 4.12726e-05 4.31067e-06 
3.82173e-05 4.00936e-05 6.98458e-06 
3.3461e-05 4.02237e-05 8.00259e-06 
2.65095e-05 4.39044e-05 5.111e-06 
1.34521e-05 5.81084e-05 -6.41297e-06 
1.91902e-06 8.26511e-05 -5.89912e-05 
1.56681e-05 0.000100397 -1.83219e-05 
0.0505212 -0.00489553 0.0146384 
0.0370845 -0.0041035 0.0124617 
0.0262142 -0.00346189 0.0101492 
0.0178374 -0.00276244 0.00791285 
0.0116724 -0.00211146 0.00593771 
0.00731372 -0.00154854 0.00430379 
0.00434519 -0.00108756 0.0030147 
0.00240431 -0.00072733 0.00203332 
0.00119856 -0.00045558 0.00130721 
0.000500608 -0.000255941 0.000783248 
0.000137908 -0.000113192 0.000415425 
-1.91751e-05 -1.53609e-05 0.000168073 
-6.44851e-05 4.53429e-05 1.48489e-05 
-5.94094e-05 7.57735e-05 -6.63163e-05 
-3.73155e-05 8.48318e-05 -9.75373e-05 
-1.3355e-05 8.17895e-05 -9.92949e-05 
6.66127e-06 7.33244e-05 -8.72918e-05 
2.13182e-05 6.30477e-05 -7.1348e-05 
3.10052e-05 5.26976e-05 -5.62955e-05 
3.65243e-05 4.31128e-05 -4.36365e-05 
3.86563e-05 3.47385e-05 -3.33126e-05 
3.81481e-05 2.76593e-05 -2.47641e-05 
3.57181e-05 2.17629e-05 -1.76125e-05 
3.20663e-05 1.6836e-05 -1.16138e-05 
2.78064e-05 1.27043e-05 -6.6725e-06 
2.34061e-05 9.24194e-06 -2.71069e-06 
1.92027e-05 6.35185e-06 3.74867e-07 
1.53862e-05 3.95846e-06 2.68107e-06 
1.205e-05 1.9916e-06 4.33859e-06 
9.22406e-06 3.88392e-07 5.4757e-06 
6.87913e-06 -9.12029e-07 6.20341e-06 
4.9673e-06 -1.96388e-06 6.62106e-06 
3.43421e-06 -2.81388e-06 6.80943e-06 
2.22183e-06 -3.50057e-06 6.83131e-06 
1.27539e-06 -4.05132e-06 6.72888e-06 
5.43312e-07 -4.49257e-06 6.53723e-06 
-8.55022e-09 -4.84263e-06 6.28091e-06 
-4.14471e-07 -5.11154e-06 5.97557e-06 
-7.00528e-07 -5.31197e-06 5.63487e-06 
-8.8665e-07 -5.44779e-06 5.26531e-06 
-9.8587e-07 -5.5224e-06 4.86965e-06 
-1.01023e-06 -5.54074e-06 4.4608e-06 
-9.67916e-07 -5.50254e-06 4.03666e-06 
-8.57162e-07 -5.41992e-06 3.61882e-06 
-6.67025e-07 -5.31341e-06 3.24367e-06 
-3.60943e-07 -5.24617e-06 3.0131e-06 
1.83075e-07 -5.41038e-06 3.22883e-06 
1.18861e-06 -6.13307e-06 4.53121e-06 
2.7748e-06 -8.63676e-06 9.74493e-06 
6.66149e-06 -9.3948e-06 1.22921e-05 
0.0194149 -0.00257219 0.00786827 
0.0123624 -0.00173907 0.00586571 
0.00748897 -0.0013071 0.00412834 
0.00430491 -0.00088183 0.00277006 
0.00232576 -0.000557618 0.00176755 
0.00117481 -0.000322451 0.00105921 
0.000556506 -0.000157682 0.000578029 
0.000252241 -4.87529e-05 0.000269373 
0.000111713 1.37097e-05 9.16474e-05 
4.81122e-05 4.10896e-05 5.24664e-06 
2.14111e-05 4.85563e-05 -2.87437e-05 
1.36422e-05 4.73836e-05 -3.87567e-05 
1.46278e-05 4.22515e-05 -3.94721e-05 
1.73245e-05 3.49412e-05 -3.57946e-05 
1.77211e-05 2.69129e-05 -2.92239e-05 
1.50411e-05 1.93182e-05 -2.12584e-05 
1.04428e-05 1.2774e-05 -1.35371e-05 
5.45445e-06 7.58135e-06 -7.20921e-06 
1.1857e-06 3.77754e-06 -2.66875e-06 
-1.84586e-06 1.19589e-06 2.31829e-07 
-3.60904e-06 -4.30825e-07 1.86248e-06 
-4.35975e-06 -1.3658e-06 2.60337e-06 
-4.43355e-06 -1.82705e-06 2.75944e-06 
-4.11916e-06 -1.97689e-06 2.56866e-06 
-3.62451e-06 -1.93341e-06 2.19931e-06 
-3.07602e-06 -1.77862e-06 1.76195e-06 
-2.54594e-06 -1.56766e-06 1.32706e-06 
-2.07054e-06 -1.33629e-06 9.30562e-07 
-1.66334e-06 -1.10656e-06 5.88358e-07 
-1.32575e-06 -8.91149e-07 3.05061e-07 
-1.05179e-06 -6.96101e-07 7.62728e-08 
-8.33521e-07 -5.23554e-07 -1.03976e-07 
-6.6232e-07 -3.73009e-07 -2.4447e-07 
-5.29282e-07 -2.43282e-07 -3.51521e-07 
-4.2677e-07 -1.32749e-07 -4.31573e-07 
-3.48599e-07 -3.8867e-08 -4.90169e-07 
-2.89575e-07 3.98596e-08 -5.31204e-07 
-2.44944e-07 1.0523e-07 -5.57533e-07 
-2.12034e-07 1.58658e-07 -5.72129e-07 
-1.87953e-07 2.01159e-07 -5.76251e-07 
-1.70895e-07 2.33236e-07 -5.71001e-07 
-1.59023e-07 2.55798e-07 -5.5775e-07 
-1.51371e-07 2.6921e-07 -5.37058e-07 
-1.47418e-07 2.73866e-07 -5.10428e-07 
-1.47037e-07 2.70549e-07 -4.80269e-07 
-1.52052e-07 2.60557e-07 -4.52898e-07 
-1.69869e-07 2.49363e-07 -4.46747e-07 
-2.08074e-07 2.38014e-07 -5.00248e-07 
-3.55124e-07 3.82578e-07 -8.31644e-07 
-4.34835e-07 7.33191e-08 -1.13613e-06 
0.00580404 -0.000941999 0.00308544 
0.00301049 -0.000456968 0.00194317 
0.00147704 -0.0003032 0.001136 
0.000689461 -0.000143226 0.000599061 
0.000295503 -4.11244e-05 0.000275025 
0.000102084 1.14861e-05 0.000101421 
1.47152e-05 3.20367e-05 1.73442e-05 
-1.26148e-05 3.80945e-05 -2.16026e-05 
-1.17104e-05 3.61245e-05 -3.58811e-05 
-4.94354e-06 2.81025e-05 -3.37289e-05 
-1.81725e-06 1.77564e-05 -2.30311e-05 
-2.48707e-06 8.50232e-06 -1.12154e-05 
-4.3113e-06 2.03791e-06 -2.47861e-06 
-5.35104e-06 -1.54079e-06 2.35443e-06 
-5.14059e-06 -2.98779e-06 4.18074e-06 
-4.12518e-06 -3.16344e-06 4.19367e-06 
-2.87554e-06 -2.71879e-06 3.36051e-06 
-1.74443e-06 -2.06998e-06 2.31879e-06 
-8.77115e-07 -1.44483e-06 1.40033e-06 
-2.9129e-07 -9.38323e-07 7.18295e-07 
5.76708e-08 -5.66487e-07 2.67636e-07 
2.35235e-07 -3.09839e-07 -2.54236e-09 
3.03054e-07 -1.40617e-07 -1.47063e-07 
3.08601e-07 -3.39093e-08 -2.10072e-07 
2.83265e-07 2.97954e-08 -2.23882e-07 
2.45478e-07 6.46985e-08 -2.10022e-07 
2.05424e-07 8.07719e-08 -1.8235e-07 
1.68209e-07 8.5043e-08 -1.49741e-07 
1.35874e-07 8.22441e-08 -1.17052e-07 
1.08987e-07 7.55387e-08 -8.69437e-08 
8.72657e-08 6.69897e-08 -6.06493e-08 
7.01376e-08 5.78761e-08 -3.83693e-08 
5.68384e-08 4.89357e-08 -1.99287e-08 
4.67068e-08 4.05835e-08 -4.92248e-09 
3.90737e-08 3.30757e-08 7.10987e-09 
3.34114e-08 2.64515e-08 1.66618e-08 
2.92391e-08 2.07314e-08 2.41133e-08 
2.62234e-08 1.58791e-08 2.98429e-08 
2.40446e-08 1.18502e-08 3.41079e-08 
2.24906e-08 8.58687e-09 3.71268e-08 
2.13422e-08 6.08478e-09 3.90082e-08 
2.04529e-08 4.26133e-09 3.99047e-08 
1.97371e-08 3.09914e-09 3.99345e-08 
1.90147e-08 2.57443e-09 3.91313e-08 
1.82844e-08 2.64373e-09 3.76822e-08 
1.74764e-08 3.30376e-09 3.58106e-08 
1.67087e-08 4.49643e-09 3.42102e-08 
1.59548e-08 6.11186e-09 3.44397e-08 
2.0228e-08 1.19931e-09 5.17462e-08 
-8.37729e-09 2.71962e-08 6.37268e-08 
0.00128691 -0.000302431 0.000962226 
0.000439068 -6.71923e-05 0.000427125 
0.000107711 -1.07032e-05 0.000160437 
-1.31868e-05 2.02221e-05 3.63384e-05 
-3.73638e-05 2.99765e-05 -2.0281e-05 
-2.51684e-05 2.73007e-05 -3.4571e-05 
-1.15337e-05 1.62609e-05 -2.44081e-05 
-5.30014e-06 4.9009e-06 -8.94142e-06 
-3.52528e-06 -1.98718e-06 1.21255e-06 
-2.61409e-06 -4.25927e-06 4.80207e-06 
-1.48668e-06 -3.85788e-06 4.45446e-06 
-4.165e-07 -2.54485e-06 2.72465e-06 
3.11508e-07 -1.30947e-06 1.11783e-06 
6.50923e-07 -4.92922e-07 1.32113e-07 
6.98165e-07 -6.11976e-08 -3.1047e-07 
5.90294e-07 1.27911e-07 -4.30378e-07 
4.35569e-07 1.88227e-07 -3.96777e-07 
2.9241e-07 1.86533e-07 -3.07853e-07 
1.81671e-07 1.59311e-07 -2.13654e-07 
1.04731e-07 1.25507e-07 -1.35305e-07 
5.54127e-08 9.38387e-08 -7.77995e-08 
2.5885e-08 6.74321e-08 -3.89535e-08 
9.27658e-09 4.6749e-08 -1.4403e-08 
5.01464e-10 3.12098e-08 4.66556e-11 
-3.77011e-09 1.99214e-08 7.74087e-09 
-5.54806e-09 1.19786e-08 1.1116e-08 
-5.99215e-09 6.58247e-09 1.18297e-08 
-5.75841e-09 3.04494e-09 1.10402e-08 
-5.21579e-09 8.22168e-10 9.51119e-09 
-4.56537e-09 -4.96107e-10 7.69127e-09 
-3.9172e-09 -1.2184e-09 5.87231e-09 
-3.3252e-09 -1.56379e-09 4.20068e-09 
-2.81373e-09 -1.67757e-09 2.74249e-09 
-2.39005e-09 -1.65925e-09 1.51354e-09 
-2.0459e-09 -1.57498e-09 5.11563e-10 
-1.77554e-09 -1.46303e-09 -2.89522e-10 
-1.56534e-09 -1.3468e-09 -9.18469e-10 
-1.40357e-09 -1.24036e-09 -1.39835e-09 
-1.27894e-09 -1.15e-09 -1.7575e-09 
-1.18365e-09 -1.07988e-09 -2.01414e-09 
-1.10401e-09 -1.03312e-09 -2.18208e-09 
-1.03511e-09 -1.0083e-09 -2.27527e-09 
-9.67271e-10 -1.00634e-09 -2.30496e-09 
-8.94025e-10 -1.02354e-09 -2.27885e-09 
-8.0857e-10 -1.06057e-09 -2.20623e-09 
-7.02552e-10 -1.11039e-09 -2.09891e-09 
-5.58575e-10 -1.17618e-09 -1.98205e-09 
-3.71308e-10 -1.15472e-09 -1.95702e-09 
-5.57704e-11 -1.16178e-09 -2.78523e-09 
2.71646e-09 -9.72512e-10 -3.63899e-09 
5.76048e-05 -8.2733e-06 0.000111468 
-6.2293e-05 2.66059e-05 -1.54073e-05 
-4.68934e-05 2.1769e-05 -3.82654e-05 
-1.91071e-05 1.16659e-05 -2.34265e-05 
-4.80763e-06 1.36221e-06 -6.11328e-06 
-2.93707e-07 -2.85737e-06 2.19981e-06 
5.34641e-07 -2.65754e-06 3.03941e-06 
5.2428e-07 -1.13348e-06 1.24154e-06 
4.08245e-07 -1.02253e-08 -2.22875e-07 
2.74821e-07 3.95395e-07 -6.93994e-07 
1.28007e-07 3.94788e-07 -6.02243e-07 
8.53239e-09 2.81472e-07 -3.68278e-07 
-5.89611e-08 1.7774e-07 -1.74634e-07 
-8.08236e-08 1.0902e-07 -6.06781e-08 
-7.5067e-08 6.70959e-08 -6.93271e-09 
-5.82227e-08 3.99261e-08 1.43156e-08 
-4.06735e-08 2.11028e-08 2.04437e-08 
-2.68114e-08 8.39073e-09 1.98122e-08 
-1.72573e-08 6.33409e-10 1.64103e-08 
-1.11477e-08 -3.39893e-09 1.23003e-08 
-7.36876e-09 -4.95966e-09 8.52225e-09 
-5.02647e-09 -5.07871e-09 5.47194e-09 
-3.52645e-09 -4.49124e-09 3.21644e-09 
-2.51538e-09 -3.65506e-09 1.65856e-09 
-1.79977e-09 -2.82118e-09 6.54551e-10 
-1.2774e-09 -2.10113e-09 5.5868e-11 
-8.9093e-10 -1.52995e-09 -2.58513e-10 
-6.03832e-10 -1.09863e-09 -3.86898e-10 
-3.93513e-10 -7.8477e-10 -4.02946e-10 
-2.41597e-10 -5.62398e-10 -3.56679e-10 
-1.33127e-10 -4.07339e-10 -2.81315e-10 
-5.787e-11 -3.00205e-10 -1.98266e-10 
-6.57963e-12 -2.26392e-10 -1.18987e-10 
2.69163e-11 -1.75141e-10 -4.95301e-11 
4.81073e-11 -1.38936e-10 7.81991e-12 
6.01752e-11 -1.12555e-10 5.27824e-11 
6.5831e-11 -9.27258e-11 8.65268e-11 
6.72077e-11 -7.72026e-11 1.1072e-10 
6.53285e-11 -6.46261e-11 1.26873e-10 
6.12586e-11 -5.41222e-11 1.3669e-10 
5.53147e-11 -4.505e-11 1.41188e-10 
4.79254e-11 -3.70695e-11 1.41605e-10 
3.89751e-11 -2.98813e-11 1.38613e-10 
2.86651e-11 -2.3555e-11 1.33159e-10 
1.64748e-11 -1.77516e-11 1.25472e-10 
2.07534e-12 -1.30463e-11 1.16211e-10 
-1.70995e-11 -8.52294e-12 1.05425e-10 
-3.77552e-11 -1.8274e-11 1.01068e-10 
-1.05655e-10 1.23359e-11 1.23612e-10 
-2.45841e-10 -1.97742e-10 1.87548e-10 
0.000975101 6.64652e-05 -0.00138019 
0.000724701 -0.000904152 -0.000630028 
0.00129553 -0.00100885 -0.00109537 
0.00176577 -0.0012755 -0.00145701 
0.00232459 -0.00159026 -0.00185982 
0.00297828 -0.00194008 -0.00231253 
0.00372443 -0.00232682 -0.00282109 
0.0045643 -0.00275445 -0.00338653 
0.00550323 -0.00322461 -0.0040093 
0.00654612 -0.00373694 -0.00469137 
0.00769678 -0.00429291 -0.00543516 
0.00895518 -0.00489184 -0.00623835 
0.0103245 -0.00553186 -0.00710252 
0.0118009 -0.00621168 -0.00802397 
0.0133805 -0.00692536 -0.00900078 
0.0150536 -0.00767138 -0.0100265 
0.0168122 -0.0084427 -0.0110956 
0.0186414 -0.00923259 -0.0122002 
0.0205263 -0.010037 -0.0133293 
0.022454 -0.0108446 -0.0144765 
0.0243989 -0.0116474 -0.0156283 
0.0263397 -0.0124393 -0.0167715 
0.0282592 -0.0132119 -0.0178933 
0.0301296 -0.0139455 -0.0189829 
0.0319195 -0.0146434 -0.0200186 
0.033616 -0.0152864 -0.0209962 
0.035179 -0.0158704 -0.021889 
0.0365989 -0.0163806 -0.0226961 
0.0378352 -0.0168157 -0.0233885 
0.0388799 -0.0171543 -0.0239678 
0.0396918 -0.0173991 -0.0244083 
0.0402649 -0.017542 -0.0247041 
0.0405761 -0.01757 -0.0248432 
0.0406168 -0.0174817 -0.0248229 
0.0403582 -0.0172762 -0.0246233 
0.0398057 -0.0169452 -0.0242477 
0.0389378 -0.0164849 -0.0236854 
0.037763 -0.0159033 -0.022938 
0.0362729 -0.0151885 -0.0220037 
0.034472 -0.0143547 -0.0208833 
0.0323744 -0.0133998 -0.019586 
0.0299739 -0.0123303 -0.0181077 
0.0273064 -0.0111551 -0.0164697 
0.0243968 -0.00988755 -0.014688 
0.0212624 -0.00854227 -0.012773 
0.0179704 -0.00714537 -0.0107615 
0.0145666 -0.00571201 -0.00868132 
0.0111198 -0.00427773 -0.0065715 
0.00772289 -0.00287928 -0.00447201 
0.00446718 -0.00150678 -0.00238002 
0.00133983 -0.000542842 -0.000962277 
0.00406411 -0.00160892 -0.00112375 
0.00625714 -0.00158012 -0.00145258 
0.00822408 -0.00185051 -0.0018236 
0.0103481 -0.00216344 -0.00219268 
0.0127071 -0.00250292 -0.0025783 
0.0153219 -0.00286052 -0.0029852 
0.0181997 -0.00323594 -0.00341385 
0.0213453 -0.00362697 -0.00386305 
0.0247634 -0.00403313 -0.00433154 
0.0284552 -0.0044519 -0.00481457 
0.0324178 -0.00487707 -0.00531085 
0.036643 -0.00530794 -0.00581572 
0.0411191 -0.00573808 -0.0063267 
0.0458231 -0.00616283 -0.00683824 
0.0507305 -0.00657819 -0.00734769 
0.0558069 -0.00697819 -0.00784919 
0.0610143 -0.0073586 -0.00833949 
0.0663088 -0.00771492 -0.00881489 
0.0716414 -0.0080431 -0.00926848 
0.0769595 -0.00833667 -0.00969797 
0.082205 -0.00859396 -0.0100993 
0.0873199 -0.00881052 -0.0104677 
0.0922436 -0.00898274 -0.010803 
0.0969057 -0.00910896 -0.0111001 
0.101248 -0.00918821 -0.0113526 
0.1052 -0.00921047 -0.0115616 
0.10871 -0.00918859 -0.0117232 
0.111711 -0.00910566 -0.0118363 
0.114143 -0.0089728 -0.0118952 
0.115952 -0.00878151 -0.0119015 
0.117087 -0.00853805 -0.011849 
0.117509 -0.00823828 -0.0117417 
0.117174 -0.00788844 -0.0115681 
0.116053 -0.00747865 -0.0113342 
0.11412 -0.00702311 -0.0110378 
0.111354 -0.0065143 -0.0106791 
0.107746 -0.00596375 -0.0102529 
0.103301 -0.00536511 -0.00976572 
0.0980207 -0.00473011 -0.00921248 
0.0919364 -0.00406021 -0.00859629 
0.0850687 -0.00335566 -0.00792381 
0.0774736 -0.00263909 -0.00719733 
0.0692232 -0.00191116 -0.0064169 
0.0604038 -0.00117974 -0.00559784 
0.0511323 -0.00047187 -0.00474013 
0.0415502 0.000214158 -0.00385505 
0.0318166 0.000855378 -0.00294887 
0.0221142 0.00145407 -0.00202172 
0.0124644 0.00210963 -0.00104948 
0.00354538 0.00183533 -0.000166833 
0.00879443 -0.00210214 -0.00136313 
0.0122288 -0.00213692 -0.00163783 
0.0155111 -0.00233942 -0.00192958 
0.018948 -0.00260686 -0.00221696 
0.022648 -0.00289455 -0.00250251 
0.0266471 -0.003188 -0.00278656 
0.0309544 -0.00348247 -0.00306911 
0.0355688 -0.00377435 -0.00334836 
0.0404857 -0.00406156 -0.00362083 
0.0456949 -0.00433875 -0.00388424 
0.0511793 -0.00460298 -0.00413482 
0.0569203 -0.004851 -0.00437092 
0.0628892 -0.00507829 -0.00458774 
0.0690525 -0.00527996 -0.0047847 
0.0753715 -0.00545559 -0.00495941 
0.0817992 -0.00559903 -0.00511031 
0.088286 -0.00571087 -0.00523663 
0.0947789 -0.00578817 -0.00533815 
0.101217 -0.00582858 -0.00541492 
0.107538 -0.00583302 -0.00546719 
0.113678 -0.00580025 -0.00549537 
0.119573 -0.00573077 -0.00550187 
0.125153 -0.00562493 -0.00548425 
0.130354 -0.00548123 -0.00544781 
0.135105 -0.00530251 -0.00539322 
0.139335 -0.00508971 -0.00532169 
0.142986 -0.00484745 -0.00523284 
0.145994 -0.00457027 -0.00512959 
0.148296 -0.00426445 -0.00501286 
0.149836 -0.00393075 -0.0048828 
0.150561 -0.00357055 -0.00474155 
0.150428 -0.00318913 -0.00458739 
0.149393 -0.0027817 -0.00442286 
0.14742 -0.00235773 -0.00424719 
0.144488 -0.00191805 -0.00405954 
0.14058 -0.00146245 -0.00386159 
0.135682 -0.000995908 -0.00365321 
0.129798 -0.000524103 -0.0034328 
0.12294 -4.61314e-05 -0.00320314 
0.115134 0.00042771 -0.00296271 
0.10642 0.000895923 -0.00271379 
0.0968606 0.00134712 -0.00245556 
0.0865355 0.00177826 -0.00218986 
0.0755494 0.00217611 -0.00191634 
0.0640343 0.0025351 -0.00163539 
0.0521407 0.00284781 -0.00134613 
0.0400387 0.00310971 -0.00104527 
0.0278898 0.00334007 -0.000725257 
0.0156676 0.00361308 -0.000383274 
0.00453146 0.00258462 -0.000104497 
0.0144226 -0.00251468 -0.00153467 
0.0187903 -0.00255079 -0.00173866 
0.0230811 -0.00270575 -0.00195171 
0.0275123 -0.00291493 -0.00215998 
0.0321855 -0.00313848 -0.00235744 
0.0371352 -0.00336067 -0.00254261 
0.0423664 -0.00357349 -0.00271349 
0.0478714 -0.00377252 -0.00286895 
0.0536334 -0.00395406 -0.00300584 
0.0596318 -0.00411518 -0.00312249 
0.0658406 -0.00425283 -0.00321774 
0.0722292 -0.00436556 -0.00328872 
0.0787619 -0.00444864 -0.00333559 
0.0853985 -0.00450292 -0.00335813 
0.0920958 -0.00452632 -0.00335575 
0.0988052 -0.00451682 -0.00332998 
0.105477 -0.00447646 -0.00328205 
0.112057 -0.0044043 -0.00321283 
0.118493 -0.00430041 -0.00312528 
0.124723 -0.00416608 -0.00302065 
0.130691 -0.00400264 -0.00290225 
0.136339 -0.00381212 -0.00277162 
0.141606 -0.00359348 -0.00263255 
0.146431 -0.00335159 -0.00248559 
0.150755 -0.00308504 -0.00233406 
0.15452 -0.0027969 -0.00218106 
0.157666 -0.00248985 -0.00202709 
0.160139 -0.00216377 -0.00187438 
0.161884 -0.00182121 -0.00172484 
0.162847 -0.00146383 -0.00157975 
0.162984 -0.00109486 -0.00144039 
0.162251 -0.000715405 -0.00130698 
0.16061 -0.000327118 -0.0011811 
0.158028 6.59583e-05 -0.00106331 
0.154482 0.00046147 -0.000953358 
0.149957 0.000857171 -0.000851575 
0.144442 0.00125054 -0.000758281 
0.137939 0.00163711 -0.000673405 
0.130462 0.00201322 -0.000596674 
0.122038 0.00237439 -0.000528012 
0.112709 0.00271525 -0.000466934 
0.102536 0.00302985 -0.000412843 
0.0915983 0.00331203 -0.000364561 
0.0799996 0.00355425 -0.000321031 
0.0678647 0.00375149 -0.000279127 
0.0553369 0.0039 -0.000236029 
0.0425698 0.0040005 -0.000186703 
0.0296964 0.00407452 -0.000125703 
0.0166915 0.00416452 -5.28637e-05 
0.00501857 0.00270694 2.00908e-05 
0.020654 -0.00280207 -0.00164158 
0.0256936 -0.00283604 -0.00178587 
0.030705 -0.00295167 -0.00193356 
0.0358386 -0.00310191 -0.00207276 
0.0411687 -0.00326045 -0.00219706 
0.0467208 -0.00341146 -0.00230386 
0.0524918 -0.00354672 -0.0023917 
0.0584663 -0.00366293 -0.00245896 
0.06462 -0.00375567 -0.00250465 
0.0709251 -0.00382453 -0.00252785 
0.077351 -0.00386762 -0.00252802 
0.0838632 -0.00388358 -0.00250565 
0.0904245 -0.00387244 -0.00246151 
0.0969957 -0.00383429 -0.00239604 
0.103536 -0.00376857 -0.00231096 
0.110001 -0.00367662 -0.00220867 
0.116348 -0.00355939 -0.00209016 
0.122531 -0.00341702 -0.00195812 
0.128503 -0.00325152 -0.0018144 
0.134215 -0.00306329 -0.0016626 
0.139619 -0.00285467 -0.00150376 
0.144667 -0.00262637 -0.00134032 
0.149308 -0.0023791 -0.00117458 
0.153491 -0.00211478 -0.00100942 
0.157166 -0.00183481 -0.000845958 
0.160283 -0.0015406 -0.000686325 
0.162792 -0.0012327 -0.000532227 
0.164644 -0.000913159 -0.000385382 
0.165792 -0.000583279 -0.000247124 
0.166189 -0.000244609 -0.000119 
0.165794 0.000100546 -1.8735e-06 
0.164567 0.000451026 0.000103289 
0.162475 0.000804257 0.000195438 
0.159488 0.00115786 0.000274088 
0.155585 0.00150939 0.000338689 
0.150749 0.00185632 0.000389314 
0.144972 0.00219612 0.00042558 
0.138258 0.00252502 0.00044728 
0.130616 0.00283966 0.000455337 
0.122074 0.00313555 0.000449833 
0.112672 0.00340828 0.000431441 
0.102466 0.0036526 0.000401619 
0.0915306 0.00386309 0.000361437 
0.0799617 0.00403401 0.000314033 
0.0678737 0.00416192 0.000261407 
0.0553946 0.004244 0.000207836 
0.0426613 0.00428226 0.000156784 
0.0297859 0.00429695 0.00011262 
0.0167454 0.00431057 7.66002e-05 
0.0051926 0.00259775 8.15199e-05 
0.0272159 -0.00298881 -0.00168793 
0.032729 -0.00301219 -0.00178776 
0.0382277 -0.00309029 -0.00188408 
0.0438172 -0.00318866 -0.00196838 
0.0495476 -0.00328833 -0.00203699 
0.0554317 -0.00337697 -0.0020872 
0.0614595 -0.00344765 -0.00211801 
0.0676102 -0.00349751 -0.00212878 
0.0738564 -0.00352411 -0.00211953 
0.0801685 -0.00352785 -0.00209077 
0.0865152 -0.00350827 -0.00204297 
0.0928643 -0.00346575 -0.00197725 
0.0991822 -0.00340071 -0.0018948 
0.105434 -0.0033137 -0.00179726 
0.111585 -0.00320588 -0.00168648 
0.1176 -0.00307845 -0.00156375 
0.123441 -0.00293135 -0.00143118 
0.129071 -0.00276655 -0.00129086 
0.134451 -0.00258445 -0.00114421 
0.139544 -0.00238649 -0.000992778 
0.144309 -0.00217232 -0.000838793 
0.148704 -0.00194405 -0.000683887 
0.152687 -0.00170182 -0.000529658 
0.156218 -0.00144705 -0.000377465 
0.159252 -0.00117963 -0.000229185 
0.161746 -0.000901458 -8.59092e-05 
0.163657 -0.00061278 5.07226e-05 
0.164943 -0.000315072 0.000179448 
0.165561 -9.35548e-06 0.000299009 
0.165472 0.000302863 0.000408275 
0.164637 0.000619964 0.000505944 
0.163022 0.000940522 0.000591344 
0.160596 0.00126211 0.000663355 
0.157333 0.00158281 0.000721269 
0.153212 0.00190036 0.000764947 
0.14822 0.00221235 0.000793542 
0.14235 0.00251583 0.000806759 
0.135602 0.00280806 0.000805378 
0.127988 0.00308589 0.000788588 
0.119531 0.00334459 0.000757668 
0.110269 0.00358097 0.00071355 
0.100252 0.00379035 0.000657192 
0.0895495 0.00396766 0.000590572 
0.0782472 0.00410901 0.000515644 
0.0664477 0.0042101 0.000435209 
0.0542659 0.00427001 0.00035246 
0.0418238 0.00428937 0.000270626 
0.0292187 0.00428837 0.000193061 
0.0164278 0.0042737 0.000120398 
0.00523622 0.00238986 0.000122799 
0.0339098 -0.00310351 -0.00169984 
0.0397432 -0.00311133 -0.00176647 
0.0455518 -0.00315577 -0.0018261 
0.0514109 -0.00321197 -0.0018728 
0.0573535 -0.00326557 -0.00190465 
0.0633829 -0.00330667 -0.00192037 
0.0694834 -0.00333031 -0.00191911 
0.0756327 -0.00333485 -0.00190134 
0.0818039 -0.00331939 -0.0018678 
0.087969 -0.00328477 -0.00181902 
0.0941004 -0.00323117 -0.00175632 
0.10017 -0.00315956 -0.00168068 
0.106149 -0.00307068 -0.00159367 
0.112008 -0.00296537 -0.00149659 
0.11772 -0.00284447 -0.00139062 
0.123254 -0.00270838 -0.00127694 
0.12858 -0.00255774 -0.001157 
0.133668 -0.00239354 -0.00103178 
0.138485 -0.00221545 -0.000902709 
0.142998 -0.00202478 -0.000771112 
0.147174 -0.00182136 -0.000637847 
0.150977 -0.00160596 -0.000503866 
0.154373 -0.00137866 -0.000370671 
0.157323 -0.0011403 -0.000239204 
0.159792 -0.000891097 -0.000110686 
0.16174 -0.000631999 1.36516e-05 
0.163131 -0.00036364 0.000132768 
0.163926 -8.69585e-05 0.000245396 
0.164089 0.000197006 0.000350421 
0.163584 0.000486976 0.000446683 
0.162379 0.000781307 0.000533247 
0.160441 0.00107892 0.000608897 
0.157745 0.00137712 0.000672771 
0.154266 0.00167453 0.000724251 
0.149988 0.00196905 0.000762397 
0.144897 0.00225767 0.000786836 
0.138988 0.00253846 0.000797472 
0.132261 0.00280909 0.000793833 
0.124729 0.00306527 0.000776251 
0.116411 0.00330455 0.000745274 
0.10734 0.00352319 0.000701665 
0.0975631 0.00371691 0.000646852 
0.0871423 0.00388156 0.00058208 
0.076154 0.00401351 0.000509802 
0.0646907 0.00410939 0.000432505 
0.0528555 0.00416793 0.000352628 
0.0407591 0.00418932 0.000272741 
0.0284866 0.00419278 0.000195818 
0.0160173 0.00417244 0.000121244 
0.00522836 0.00216862 0.000152083 
0.0406359 -0.00317518 -0.00170336 
0.0466802 -0.00316882 -0.00174946 
0.0526789 -0.00318832 -0.00178774 
0.0586889 -0.00321539 -0.00181476 
0.0647309 -0.00323825 -0.00182947 
0.0708013 -0.00324915 -0.00183085 
0.076883 -0.00324451 -0.00181953 
0.0829533 -0.00322422 -0.00179567 
0.0889886 -0.00318789 -0.00176027 
0.0949641 -0.00313623 -0.00171419 
0.100856 -0.0030702 -0.00165841 
0.10664 -0.00299021 -0.00159386 
0.112293 -0.00289723 -0.00152135 
0.117792 -0.00279145 -0.00144188 
0.12311 -0.00267292 -0.00135565 
0.128223 -0.00254214 -0.00126404 
0.133105 -0.00239954 -0.00116767 
0.137729 -0.00224486 -0.00106657 
0.142067 -0.00207816 -0.000961885 
0.146091 -0.0019 -0.000853889 
0.149769 -0.00170955 -0.000743395 
0.153072 -0.00150774 -0.000631401 
0.155967 -0.00129478 -0.000518488 
0.158422 -0.0010707 -0.000405399 
0.160404 -0.00083613 -0.000293396 
0.161879 -0.000591658 -0.00018321 
0.162815 -0.00033789 -7.59822e-05 
0.163178 -7.58349e-05 2.71387e-05 
0.162936 0.000193536 0.000125035 
0.162058 0.000468877 0.000216509 
0.160515 0.000748858 0.00030054 
0.158281 0.00103178 0.000375815 
0.155332 0.00131573 0.000441614 
0.151649 0.00159922 0.000496865 
0.147216 0.00187974 0.000540717 
0.142023 0.00215522 0.000572722 
0.136066 0.00242363 0.000592461 
0.129347 0.00268224 0.000599347 
0.121875 0.00292789 0.00059375 
0.11367 0.0031583 0.000576141 
0.104762 0.00336971 0.000546616 
0.0951922 0.00355889 0.000506911 
0.0850158 0.00372156 0.000458312 
0.074302 0.00385525 0.000402731 
0.0631326 0.00395658 0.000342623 
0.0516011 0.00402397 0.000280213 
0.0398081 0.00405774 0.000218247 
0.0278302 0.00407559 0.000158932 
0.0156504 0.0040619 0.000100316 
0.00520923 0.00197103 0.000173436 
0.0473996 -0.00323609 -0.00172686 
0.0535942 -0.00322297 -0.00176585 
0.0597245 -0.00322928 -0.00179854 
0.0658337 -0.00324162 -0.0018224 
0.0719342 -0.0032491 -0.0018371 
0.0780178 -0.00324606 -0.00184239 
0.0840669 -0.00323077 -0.00183851 
0.0900612 -0.00320274 -0.00182608 
0.0959794 -0.00316251 -0.00180582 
0.1018 -0.00311029 -0.0017782 
0.107503 -0.00304692 -0.0017439 
0.113067 -0.00297238 -0.00170331 
0.118471 -0.00288704 -0.00165668 
0.123694 -0.00279065 -0.00160396 
0.128712 -0.00268246 -0.00154581 
0.133503 -0.00256334 -0.00148179 
0.138044 -0.00243241 -0.00141206 
0.142307 -0.00228888 -0.00133694 
0.146267 -0.0021335 -0.00125647 
0.149897 -0.00196557 -0.00117063 
0.153169 -0.00178494 -0.00108022 
0.156056 -0.0015924 -0.000985561 
0.158527 -0.00138758 -0.00088718 
0.160555 -0.00117102 -0.000786287 
0.162109 -0.000943455 -0.000683116 
0.16316 -0.000705278 -0.00057927 
0.163678 -0.000457491 -0.000475535 
0.163637 -0.000201119 -0.00037322 
0.163007 6.2737e-05 -0.000273486 
0.161764 0.00033264 -0.00017774 
0.159882 0.000607247 -8.71131e-05 
0.157339 0.000884709 -2.84416e-06 
0.154117 0.00116345 7.38604e-05 
0.1502 0.00144153 0.000141934 
0.145576 0.00171689 0.000200524 
0.140237 0.0019875 0.000248759 
0.134182 0.00225131 0.0002859 
0.127412 0.00250561 0.000311726 
0.119939 0.00274829 0.000326246 
0.11178 0.00297667 0.000329183 
0.102963 0.00318726 0.000321575 
0.0935243 0.00337811 0.000303933 
0.0835141 0.00354484 0.00027806 
0.0729938 0.00368543 0.000245465 
0.0620358 0.0037973 0.000208589 
0.0507231 0.00387909 0.000170371 
0.0391458 0.00393149 0.00013354 
0.0273734 0.00396962 0.000100887 
0.0153958 0.00397042 6.81336e-05 
0.00520001 0.00181406 0.000189059 
0.0543146 -0.00332115 -0.00179861 
0.0606527 -0.00331172 -0.00184503 
0.0669159 -0.00331852 -0.00188722 
0.0731363 -0.00333017 -0.00192397 
0.0793193 -0.00333747 -0.00195494 
0.0854541 -0.00333634 -0.0019801 
0.0915237 -0.00332575 -0.00199975 
0.097509 -0.00330534 -0.00201398 
0.103391 -0.00327555 -0.00202316 
0.109151 -0.00323601 -0.00202755 
0.114768 -0.00318698 -0.00202654 
0.120224 -0.00312773 -0.00202015 
0.125496 -0.00305775 -0.00200754 
0.130563 -0.00297606 -0.00198826 
0.135402 -0.00288196 -0.00196162 
0.139989 -0.00277486 -0.00192708 
0.144298 -0.00265419 -0.00188417 
0.148305 -0.00251892 -0.00183241 
0.151982 -0.00236913 -0.00177131 
0.155304 -0.00220464 -0.00170188 
0.158243 -0.00202575 -0.00162369 
0.160775 -0.00183279 -0.0015374 
0.162871 -0.00162562 -0.00144354 
0.164506 -0.0014058 -0.0013432 
0.165655 -0.00117333 -0.00123767 
0.166293 -0.000930192 -0.00112809 
0.166394 -0.00067663 -0.00101583 
0.165936 -0.000414613 -0.000902331 
0.164896 -0.000145147 -0.000789251 
0.163255 0.000129956 -0.000677809 
0.160992 0.000409318 -0.000569876 
0.158091 0.000690969 -0.000466783 
0.154539 0.000973154 -0.000369749 
0.150323 0.0012542 -0.000280152 
0.145436 0.001532 -0.000199036 
0.139875 0.0018045 -0.000127417 
0.133638 0.00206993 -6.59718e-05 
0.126732 0.00232592 -1.5272e-05 
0.119167 0.00257043 2.42351e-05 
0.110962 0.0028007 5.26591e-05 
0.10214 0.00301459 7.03988e-05 
0.0927377 0.00320942 7.79362e-05 
0.0827973 0.0033824 7.66751e-05 
0.072373 0.00353153 6.87427e-05 
0.0615283 0.00365558 5.65678e-05 
0.0503337 0.0037543 4.34578e-05 
0.0388652 0.00382913 3.37624e-05 
0.0271838 0.00389269 3.14109e-05 
0.0152892 0.00391356 3.06177e-05 
0.00521192 0.00170684 0.0002002 
0.0616097 -0.00346641 -0.00195143 
0.0681382 -0.0034755 -0.00202034 
0.0745974 -0.00349799 -0.00208909 
0.081004 -0.00352478 -0.00215647 
0.0873584 -0.00354853 -0.00222183 
0.0936478 -0.0035663 -0.0022851 
0.0998555 -0.00357722 -0.002346 
0.105963 -0.00358035 -0.00240433 
0.11195 -0.0035756 -0.00245907 
0.117797 -0.00356152 -0.00250929 
0.123482 -0.00353668 -0.00255362 
0.128983 -0.00350008 -0.00259044 
0.134273 -0.00344911 -0.00261761 
0.139328 -0.00338297 -0.00263419 
0.144119 -0.00329987 -0.00263815 
0.14862 -0.00319892 -0.0026285 
0.152802 -0.00307905 -0.00260343 
0.156638 -0.0029399 -0.00256372 
0.160099 -0.00278137 -0.00250855 
0.163161 -0.00260462 -0.00243767 
0.165798 -0.00240943 -0.00235289 
0.167985 -0.00219736 -0.00225427 
0.169701 -0.00196922 -0.00214434 
0.170922 -0.00172716 -0.00202352 
0.17163 -0.00147208 -0.00189453 
0.171805 -0.00120621 -0.00175857 
0.171429 -0.000930704 -0.00161855 
0.170486 -0.000647903 -0.00147596 
0.16896 -0.000359268 -0.00133291 
0.166837 -6.66571e-05 -0.00119161 
0.164105 0.000227894 -0.00105351 
0.160753 0.000522899 -0.000920433 
0.156774 0.000816487 -0.000794071 
0.15216 0.00110679 -0.00067563 
0.14691 0.00139198 -0.000566599 
0.141022 0.00167041 -0.000467383 
0.134501 0.00194031 -0.000379189 
0.127354 0.00219972 -0.000302386 
0.119593 0.00244654 -0.0002376 
0.111237 0.00267863 -0.000184954 
0.10231 0.00289389 -0.000144512 
0.0928438 0.00309031 -0.000115323 
0.0828765 0.00326634 -9.59774e-05 
0.0724541 0.00342097 -8.44201e-05 
0.0616293 0.00355373 -7.77428e-05 
0.0504585 0.00366654 -7.18647e-05 
0.0389978 0.00376367 -6.09514e-05 
0.0272898 0.00385613 -3.72608e-05 
0.0153448 0.0039012 -6.01128e-06 
0.00524838 0.00165341 0.000207423 
0.0696498 -0.00371858 -0.00223118 
0.0764816 -0.00376692 -0.00234455 
0.0832717 -0.00382697 -0.00246254 
0.0900175 -0.00389015 -0.00258482 
0.0967125 -0.00395272 -0.00270963 
0.103341 -0.00401161 -0.00283551 
0.109885 -0.00406495 -0.00296112 
0.116321 -0.00411015 -0.00308379 
0.122624 -0.0041449 -0.00320094 
0.128768 -0.0041659 -0.00330895 
0.134721 -0.00416931 -0.00340402 
0.140451 -0.00415229 -0.00348205 
0.145922 -0.00411057 -0.0035401 
0.1511 -0.00404383 -0.00357495 
0.15595 -0.00394828 -0.00358416 
0.160437 -0.0038242 -0.003566 
0.16453 -0.00367093 -0.00352111 
0.168198 -0.00349074 -0.0034486 
0.171414 -0.00328312 -0.00335025 
0.174156 -0.00305197 -0.00322858 
0.176402 -0.00279959 -0.00308504 
0.178137 -0.00252797 -0.00292376 
0.179343 -0.00224129 -0.00274736 
0.18001 -0.00194132 -0.00255992 
0.180126 -0.00163214 -0.0023644 
0.179682 -0.00131582 -0.00216489 
0.17867 -0.000995522 -0.00196395 
0.177084 -0.000673031 -0.00176515 
0.174918 -0.000350756 -0.00157091 
0.172165 -3.05894e-05 -0.00138334 
0.168822 0.000285842 -0.00120485 
0.164885 0.000596904 -0.00103691 
0.160353 0.000901055 -0.000880859 
0.155225 0.00119717 -0.00073787 
0.149501 0.00148375 -0.000608376 
0.143186 0.00176016 -0.000493317 
0.136284 0.00202438 -0.000392725 
0.128807 0.00227549 -0.000306979 
0.120768 0.0025114 -0.000236087 
0.112187 0.00273067 -0.000180052 
0.103086 0.00293171 -0.000138435 
0.0934955 0.00311359 -0.000110769 
0.0834471 0.00327592 -9.51158e-05 
0.0729776 0.00341893 -8.89518e-05 
0.0621273 0.00354371 -8.85567e-05 
0.0509375 0.00365374 -9.00881e-05 
0.0394393 0.00375775 -8.69624e-05 
0.0276396 0.00387075 -6.63169e-05 
0.0155399 0.00393732 -2.44755e-05 
0.00530175 0.0016524 0.000211383 
0.0790183 -0.0041519 -0.00272147 
0.0863606 -0.00427653 -0.00291261 
0.0937258 -0.00440786 -0.0031155 
0.101078 -0.00454078 -0.00332864 
0.108398 -0.0046734 -0.00354529 
0.115663 -0.00479998 -0.00376133 
0.122841 -0.00491479 -0.00396961 
0.129894 -0.00500997 -0.00416316 
0.136778 -0.00507897 -0.0043331 
0.143447 -0.00511363 -0.00447131 
0.149845 -0.00510683 -0.00456998 
0.155922 -0.00505375 -0.0046227 
0.161621 -0.00495006 -0.0046244 
0.166896 -0.0047952 -0.00457143 
0.171701 -0.00458877 -0.00446507 
0.175998 -0.00433413 -0.00430585 
0.179757 -0.00403638 -0.00409797 
0.182955 -0.00370049 -0.00384702 
0.185576 -0.00333317 -0.00356016 
0.187612 -0.00294261 -0.00324442 
0.18906 -0.00253466 -0.0029086 
0.189921 -0.00211715 -0.00256043 
0.190201 -0.00169572 -0.00220761 
0.189907 -0.00127625 -0.00185779 
0.189045 -0.000863471 -0.00151723 
0.187626 -0.000461496 -0.00119129 
0.185657 -7.29899e-05 -0.000884782 
0.183145 0.000299461 -0.000601143 
0.180096 0.000654508 -0.000343345 
0.176513 0.00099107 -0.000113052 
0.1724 0.0013084 8.86631e-05 
0.167759 0.00160653 0.000261404 
0.162593 0.00188563 0.0004055 
0.156902 0.00214574 0.000521769 
0.150689 0.00238724 0.000610807 
0.143957 0.00261077 0.000674511 
0.136711 0.00281611 0.000714118 
0.12896 0.00300305 0.000731208 
0.120716 0.0031713 0.000727353 
0.111996 0.00331966 0.00070376 
0.102823 0.00344781 0.000661372 
0.0932212 0.00355572 0.000602359 
0.0832158 0.00364517 0.000528165 
0.0728308 0.00371835 0.000443131 
0.0620912 0.0037781 0.000351541 
0.0510227 0.0038273 0.000257702 
0.0396374 0.00387729 0.000164576 
0.0278956 0.00395327 8.36178e-05 
0.0157316 0.00400633 3.94648e-05 
0.00534395 0.0016794 0.000214958 
0.0907012 -0.00491239 -0.00357435 
0.0989214 -0.00517093 -0.00389242 
0.107271 -0.0054205 -0.00422051 
0.115651 -0.00565555 -0.00454809 
0.124007 -0.00587119 -0.00485793 
0.132283 -0.0060524 -0.00513229 
0.140404 -0.0061799 -0.00535257 
0.148283 -0.00623595 -0.00549951 
0.155828 -0.00620367 -0.00555428 
0.162942 -0.00607132 -0.00550303 
0.169533 -0.0058309 -0.00533564 
0.175518 -0.00548273 -0.00504909 
0.18083 -0.00503156 -0.00464715 
0.185416 -0.00448917 -0.00413935 
0.189247 -0.00387098 -0.00353892 
0.19231 -0.00319333 -0.00286504 
0.194608 -0.00247625 -0.0021366 
0.196161 -0.0017374 -0.00137442 
0.197 -0.000994268 -0.000598541 
0.197161 -0.000262473 0.000172312 
0.19669 0.000444879 0.00092154 
0.195632 0.00111696 0.00163424 
0.194031 0.00174533 0.00229867 
0.191929 0.00232439 0.00290522 
0.189365 0.00285011 0.00344705 
0.186371 0.00332 0.00391831 
0.182974 0.00373472 0.00431753 
0.179194 0.00409456 0.00464236 
0.175047 0.00440082 0.00489335 
0.170538 0.00465786 0.00507287 
0.165673 0.00486765 0.00518335 
0.160451 0.0050336 0.00522848 
0.154868 0.00516023 0.00521177 
0.148917 0.00524993 0.00513848 
0.142591 0.00530696 0.00501463 
0.135884 0.00533483 0.00484315 
0.128789 0.0053351 0.0046305 
0.121303 0.00531013 0.00438097 
0.11343 0.00526167 0.00409879 
0.105174 0.00519013 0.00378939 
0.0965513 0.00509678 0.00345626 
0.0875761 0.00498374 0.00310229 
0.0782646 0.00485294 0.00273118 
0.0686271 0.00471 0.00234517 
0.0586649 0.00455983 0.00195171 
0.0483815 0.00440579 0.00155883 
0.0377853 0.00425174 0.00116658 
0.0268322 0.00412196 0.000764391 
0.0153503 0.00401856 0.000375282 
0.0052902 0.00163733 0.000245526 
0.106388 -0.0062421 -0.00498163 
0.116057 -0.00667231 -0.00542489 
0.125916 -0.00702039 -0.00581317 
0.135726 -0.00726206 -0.00610991 
0.145328 -0.00737281 -0.00626716 
0.154552 -0.00730988 -0.00623991 
0.163211 -0.00703878 -0.0059916 
0.17112 -0.00654056 -0.00549932 
0.178112 -0.00581376 -0.00475964 
0.184052 -0.00487682 -0.00378553 
0.188845 -0.00376008 -0.00260787 
0.19244 -0.00250686 -0.00126756 
0.194836 -0.0011632 0.000187603 
0.196071 0.000223549 0.00170802 
0.196217 0.00161061 0.00324709 
0.19537 0.00295966 0.00476208 
0.193645 0.0042398 0.00621681 
0.191162 0.00542762 0.0075825 
0.188044 0.00650555 0.00883697 
0.184411 0.00746397 0.00996578 
0.180371 0.0082972 0.0109575 
0.176024 0.00900418 0.0118094 
0.171456 0.00958958 0.01252 
0.166735 0.0100587 0.0130919 
0.161915 0.0104194 0.0135307 
0.15704 0.0106785 0.0138435 
0.152136 0.0108493 0.0140357 
0.147216 0.010937 0.0141178 
0.14229 0.0109502 0.0140952 
0.137345 0.010902 0.0139772 
0.132372 0.010794 0.0137688 
0.127349 0.0106357 0.0134788 
0.122252 0.0104322 0.013113 
0.117055 0.0101886 0.0126774 
0.111726 0.00991012 0.0121767 
0.106237 0.00959802 0.0116177 
0.10056 0.00925769 0.011005 
0.0946722 0.00888895 0.0103429 
0.0885521 0.008496 0.00963932 
0.0821888 0.00807899 0.00889624 
0.0755738 0.0076394 0.00812105 
0.0687098 0.00717812 0.00731584 
0.0615975 0.00669828 0.006485 
0.0542353 0.0062039 0.00563142 
0.0466048 0.00570463 0.00475659 
0.0386704 0.0052072 0.00386997 
0.0304172 0.00470672 0.00298716 
0.0218579 0.00420188 0.00209415 
0.0129105 0.00370957 0.00113868 
0.004814 0.00139607 0.000414948 
0.128318 -0.00818948 -0.00667971 
0.139723 -0.00844042 -0.00682413 
0.15081 -0.00831837 -0.0066273 
0.161112 -0.00778042 -0.00602746 
0.170264 -0.0068217 -0.00499193 
0.177945 -0.00545264 -0.00353461 
0.183894 -0.0037289 -0.00171158 
0.187947 -0.00173784 0.000388803 
0.190043 0.00041538 0.00266188 
0.190223 0.0026253 0.00500138 
0.188616 0.00479649 0.00731018 
0.185414 0.00684482 0.00950431 
0.180854 0.00870887 0.011518 
0.175192 0.0103465 0.0133105 
0.168692 0.0117336 0.0148497 
0.161602 0.0128638 0.0161258 
0.154149 0.0137405 0.0171433 
0.146536 0.0143816 0.0179118 
0.138927 0.0148088 0.0184547 
0.131459 0.0150505 0.0187938 
0.124237 0.0151301 0.0189571 
0.117336 0.0150794 0.0189713 
0.110801 0.0149255 0.0188662 
0.104668 0.0146882 0.0186595 
0.0989389 0.0143902 0.0183746 
0.0936123 0.0140466 0.0180279 
0.0886701 0.0136732 0.0176337 
0.0840857 0.0132799 0.0172013 
0.0798335 0.0128701 0.0167378 
0.0758702 0.0124569 0.0162481 
0.0721587 0.0120349 0.0157364 
0.0686609 0.0116113 0.0152005 
0.0653278 0.0111846 0.0146437 
0.0621224 0.0107533 0.0140612 
0.0589998 0.0103165 0.013453 
0.0559212 0.00987203 0.0128161 
0.0528476 0.00941787 0.0121483 
0.0497459 0.00895047 0.0114488 
0.0465839 0.00847055 0.0107138 
0.0433348 0.007972 0.00994583 
0.0399805 0.00745686 0.00914283 
0.0365077 0.00692028 0.00830753 
0.0329107 0.00636433 0.00743885 
0.0291813 0.0057882 0.0065362 
0.0253058 0.00519448 0.00559371 
0.0212368 0.00459216 0.00460543 
0.0168971 0.00398643 0.00358172 
0.0122874 0.00336203 0.0025557 
0.00746508 0.0026679 0.00151778 
0.00328924 0.00100954 0.000688436 
0.155601 -0.00848667 -0.00594894 
0.166142 -0.00704429 -0.0043664 
0.174428 -0.00494648 -0.00217475 
0.180045 -0.0023502 0.000453574 
0.182748 0.000539716 0.00333142 
0.182507 0.00352424 0.00626583 
0.179483 0.00641311 0.00908191 
0.173991 0.00905103 0.0116405 
0.166447 0.0113278 0.0138409 
0.157319 0.0131724 0.0156201 
0.147086 0.0145566 0.0169539 
0.1362 0.0154857 0.0178479 
0.125071 0.0159888 0.0183308 
0.114035 0.0161217 0.0184499 
0.103365 0.0159402 0.0182658 
0.0932571 0.0155195 0.0178438 
0.0838436 0.0149219 0.0172434 
0.0752014 0.0142045 0.0165226 
0.067355 0.0134238 0.0157309 
0.0602996 0.0126167 0.0149077 
0.0540041 0.0118158 0.014086 
0.0484228 0.0110441 0.0132858 
0.0434933 0.0103167 0.0125201 
0.039157 0.00963571 0.0118018 
0.0353545 0.00901182 0.0111332 
0.0320246 0.00844146 0.0105162 
0.0291108 0.00792441 0.00994872 
0.0265619 0.00745585 0.0094282 
0.0243333 0.00703092 0.00895225 
0.0223804 0.0066491 0.00851404 
0.020665 0.00630019 0.00810808 
0.019153 0.0059813 0.00773104 
0.0178109 0.0056894 0.00737438 
0.0166113 0.00541492 0.00703389 
0.0155274 0.00515732 0.00670349 
0.014535 0.00490966 0.00637754 
0.0136105 0.00466931 0.00605173 
0.0127352 0.00443119 0.00572033 
0.0118893 0.00419238 0.00537991 
0.0110559 0.00395007 0.00502637 
0.0102215 0.00370022 0.00465701 
0.00937543 0.00344131 0.00427046 
0.00851206 0.0031707 0.00386583 
0.00763035 0.00288682 0.00344171 
0.00673545 0.0025859 0.00299502 
0.00582601 0.00226893 0.00251004 
0.00485482 0.00194185 0.00197063 
0.00377957 0.00155728 0.00136927 
0.00270242 0.00115301 0.000684396 
0.00182076 4.32397e-05 0.000236616 
0.173639 -0.00183482 0.0015422 
0.175453 0.00185228 0.00485989 
0.173168 0.00543089 0.00806617 
0.167283 0.00869302 0.0109217 
0.158348 0.0114556 0.013283 
0.14706 0.0135977 0.0150645 
0.13417 0.0150668 0.0162301 
0.120409 0.0158628 0.0167921 
0.106443 0.0160382 0.016802 
0.0928261 0.015684 0.0163485 
0.0799813 0.0149224 0.015535 
0.0681872 0.0138767 0.0144738 
0.0576056 0.0126641 0.0132695 
0.0482852 0.0113905 0.0120102 
0.0401997 0.0101287 0.010764 
0.0332673 0.00893475 0.00957531 
0.0273783 0.00783501 0.0084723 
0.0224119 0.00684516 0.00747015 
0.0182454 0.00596976 0.00657154 
0.0147616 0.00520291 0.00577569 
0.0118559 0.00453816 0.00507568 
0.00943653 0.00396389 0.00446402 
0.00742401 0.00347082 0.00393195 
0.00575049 0.00304832 0.00347071 
0.00435976 0.00268719 0.00307219 
0.00320477 0.00237894 0.0027286 
0.00224639 0.00211641 0.00243307 
0.00145283 0.00189278 0.00217944 
0.000797714 0.00170257 0.00196199 
0.000259478 0.00154086 0.0017758 
-0.000178757 0.00140328 0.0016173 
-0.000531341 0.00128672 0.00148165 
-0.000810284 0.00118723 0.00136556 
-0.00102443 0.00110226 0.00126661 
-0.00118173 0.00102949 0.00118099 
-0.00128877 0.000966398 0.00110669 
-0.00135169 0.000911072 0.00104031 
-0.00137508 0.000861295 0.00098058 
-0.00136356 0.000815845 0.000924395 
-0.00132161 0.00077286 0.00087017 
-0.00125274 0.0007311 0.000816461 
-0.00116031 0.000689469 0.000761525 
-0.00104653 0.000646918 0.000705137 
-0.000910864 0.000602417 0.000647492 
-0.000745882 0.000553978 0.000590451 
-0.000527327 0.000497557 0.000536601 
-0.000225669 0.000434776 0.000469418 
9.32029e-05 0.000400933 0.000387335 
0.00121706 -0.000236461 0.000873494 
0.00316595 0.012455 -0.00986253 
0.158125 0.00916317 0.0108084 
0.147096 0.0120466 0.0129382 
0.13344 0.0140522 0.014362 
0.118198 0.0152248 0.0150731 
0.10229 0.0155793 0.0150981 
0.0865791 0.0151957 0.0145243 
0.0717727 0.0142225 0.013483 
0.0583606 0.0128472 0.0121346 
0.0466193 0.0112615 0.0106362 
0.0366299 0.00963046 0.00911802 
0.0283288 0.00807113 0.00767188 
0.0215604 0.00665425 0.00635079 
0.016125 0.00540922 0.00518147 
0.0118134 0.00434493 0.00416814 
0.00842533 0.00344929 0.00330305 
0.00578323 0.00270488 0.002573 
0.00373737 0.00209079 0.00196202 
0.00216338 0.00158714 0.0014538 
0.000960941 0.00117533 0.00103298 
4.9311e-05 0.000839649 0.000685448 
-0.000635697 0.000566155 0.00039898 
-0.00114452 0.000343747 0.000163503 
-0.00151704 0.000163348 -2.97788e-05 
-0.00178483 1.73272e-05 -0.000188062 
-0.00197232 -0.000100267 -0.00031722 
-0.00209856 -0.000194576 -0.000422087 
-0.00217833 -0.0002696 -0.000506608 
-0.00222298 -0.00032838 -0.000573955 
-0.00224118 -0.000373729 -0.000626735 
-0.00223932 -0.000407644 -0.000666992 
-0.00222208 -0.00043204 -0.00069642 
-0.00219286 -0.000448083 -0.000716132 
-0.00215396 -0.000456813 -0.000727071 
-0.0021066 -0.000459543 -0.000730162 
-0.00205162 -0.000456536 -0.000725758 
-0.00198933 -0.000448491 -0.000714293 
-0.00191956 -0.000435998 -0.000696154 
-0.00184201 -0.000419329 -0.000671561 
-0.00175626 -0.000398672 -0.000640545 
-0.00166182 -0.000374359 -0.000603354 
-0.00155815 -0.000346743 -0.00056037 
-0.00144514 -0.000315743 -0.000511543 
-0.00132275 -0.000281779 -0.000457245 
-0.00119138 -0.000244665 -0.000397142 
-0.00105163 -0.000204134 -0.000329857 
-0.000903146 -0.000158843 -0.000250118 
-0.00074347 -0.00010137 -0.000144552 
-0.000639256 1.68157e-05 -3.38647e-05 
-0.00130671 0.00049331 -8.57965e-06 
-0.00194694 -0.000249375 2.83392e-05 
0.111378 0.0148059 0.0136242 
0.0940674 0.0149589 0.0134641 
0.0771926 0.0143845 0.0126832 
0.0615295 0.0131374 0.0114205 
0.0476878 0.011453 0.009863 
0.0359877 0.00958525 0.00820623 
0.0264703 0.00774615 0.00660642 
0.0189714 0.00607632 0.0051594 
0.0132159 0.00463973 0.00391118 
0.00889661 0.00345202 0.00287031 
0.00571894 0.002496 0.00202482 
0.00342906 0.00174113 0.00135167 
0.00181624 0.00115437 0.000824475 
0.000711684 0.000703673 0.000417328 
-1.69186e-05 0.000361707 0.000107402 
-0.000472492 0.000106193 -0.000124328 
-0.000734129 -8.12985e-05 -0.000293649 
-0.000861867 -0.000214871 -0.000412835 
-0.000900357 -0.000305692 -0.000491298 
-0.000881656 -0.00036308 -0.00053693 
-0.000828383 -0.000394516 -0.000556458 
-0.00075635 -0.000406229 -0.000555795 
-0.000676317 -0.000403307 -0.000540185 
-0.000595407 -0.000389999 -0.000514233 
-0.000518012 -0.000369705 -0.000481784 
-0.000446664 -0.000345244 -0.000446027 
-0.000382514 -0.000318714 -0.000409381 
-0.000325944 -0.000291696 -0.000373546 
-0.000276754 -0.000265465 -0.000339744 
-0.000234304 -0.000240728 -0.000308552 
-0.000197882 -0.000217782 -0.000280222 
-0.000166856 -0.000196731 -0.000254796 
-0.000140473 -0.000177673 -0.000232105 
-0.000117991 -0.0001604 -0.000211843 
-9.8894e-05 -0.00014462 -0.000193678 
-8.26497e-05 -0.000130177 -0.000177292 
-6.88106e-05 -0.000116816 -0.000162348 
-5.70544e-05 -0.000104345 -0.000148571 
-4.7076e-05 -9.25448e-05 -0.000135684 
-3.87014e-05 -8.12745e-05 -0.000123461 
-3.1657e-05 -7.05046e-05 -0.000111755 
-2.59601e-05 -5.99881e-05 -0.000100379 
-2.15679e-05 -4.98092e-05 -8.93117e-05 
-1.87964e-05 -3.99212e-05 -7.86246e-05 
-1.8561e-05 -3.04337e-05 -6.86905e-05 
-2.34768e-05 -2.16746e-05 -6.05924e-05 
-4.07517e-05 -1.4502e-05 -5.78112e-05 
-9.33947e-05 -9.57905e-06 -6.89234e-05 
-0.000161431 -7.19496e-05 -0.000129083 
-0.000192219 -2.80581e-05 -6.99274e-05 
0.0597412 0.0128586 0.0104422 
0.045004 0.0110451 0.00881949 
0.0327162 0.0090428 0.00710153 
0.0229384 0.00705028 0.00545867 
0.0155121 0.00526844 0.00401633 
0.0100864 0.00378597 0.00282434 
0.00625924 0.00261321 0.00188364 
0.00365366 0.00171893 0.00116675 
0.00194792 0.00105666 0.000636101 
0.000883175 0.000578814 0.000254716 
0.000259009 0.000244689 -8.85112e-06 
-7.4804e-05 2.13612e-05 -0.000179141 
-0.000226487 -0.000116401 -0.000275221 
-0.000269991 -0.000189721 -0.000314197 
-0.000254637 -0.00021634 -0.00031199 
-0.000212384 -0.00021164 -0.000283716 
-0.00016265 -0.000188738 -0.000242673 
-0.000115975 -0.000158167 -0.000199407 
-7.70108e-05 -0.000127312 -0.000160531 
-4.68889e-05 -0.000100193 -0.000128598 
-2.47202e-05 -7.79978e-05 -0.000103161 
-8.94597e-06 -6.01923e-05 -8.25887e-05 
1.97753e-06 -4.5872e-05 -6.53712e-05 
9.35108e-06 -3.42062e-05 -5.05668e-05 
1.40937e-05 -2.46567e-05 -3.77847e-05 
1.69556e-05 -1.68873e-05 -2.68566e-05 
1.84542e-05 -1.06212e-05 -1.77011e-05 
1.89891e-05 -5.63941e-06 -1.01989e-05 
1.88861e-05 -1.74868e-06 -4.18263e-06 
1.83674e-05 1.25264e-06 5.3239e-07 
1.75988e-05 3.53419e-06 4.15257e-06 
1.66972e-05 5.23654e-06 6.87535e-06 
1.57402e-05 6.47239e-06 8.86033e-06 
1.47711e-05 7.34051e-06 1.02467e-05 
1.381e-05 7.91229e-06 1.11527e-05 
1.28706e-05 8.23607e-06 1.16696e-05 
1.19552e-05 8.35323e-06 1.18548e-05 
1.1061e-05 8.29456e-06 1.17712e-05 
1.01831e-05 8.08183e-06 1.14517e-05 
9.31157e-06 7.7303e-06 1.09264e-05 
8.4494e-06 7.25219e-06 1.02154e-05 
7.58302e-06 6.66469e-06 9.3396e-06 
6.72511e-06 5.97357e-06 8.32364e-06 
5.90287e-06 5.18355e-06 7.1999e-06 
5.19123e-06 4.28851e-06 6.04005e-06 
4.81523e-06 3.24219e-06 5.03329e-06 
5.41609e-06 2.00998e-06 4.62323e-06 
7.92631e-06 1.77835e-07 5.7841e-06 
1.80806e-05 1.64961e-06 1.4798e-05 
7.30166e-06 4.19618e-06 -6.12296e-06 
0.0237723 0.00722832 0.00520823 
0.0156108 0.00534606 0.00374701 
0.00978793 0.00373284 0.00254603 
0.00582053 0.0024752 0.00161114 
0.0032542 0.00154329 0.000925563 
0.00167902 0.00088547 0.000445402 
0.00076635 0.000441483 0.000128198 
0.000273449 0.000159756 -6.08111e-05 
3.27182e-05 -8.88645e-07 -0.000152144 
-6.5166e-05 -7.57143e-05 -0.000175954 
-8.94749e-05 -9.6111e-05 -0.00016151 
-8.17412e-05 -8.8402e-05 -0.000133052 
-6.3987e-05 -7.12958e-05 -0.000105396 
-4.57992e-05 -5.37542e-05 -8.24798e-05 
-3.02875e-05 -3.77329e-05 -6.24546e-05 
-1.81962e-05 -2.33502e-05 -4.39044e-05 
-9.52051e-06 -1.11939e-05 -2.74126e-05 
-3.82285e-06 -1.98759e-06 -1.40564e-05 
-3.6345e-07 4.13109e-06 -4.28419e-06 
1.59688e-06 7.60402e-06 2.15263e-06 
2.60703e-06 9.13405e-06 5.88386e-06 
3.00208e-06 9.39262e-06 7.64122e-06 
2.99646e-06 8.87478e-06 8.07758e-06 
2.73491e-06 7.93543e-06 7.70618e-06 
2.3292e-06 6.81275e-06 6.89923e-06 
1.86505e-06 5.66007e-06 5.90147e-06 
1.3976e-06 4.57427e-06 4.86873e-06 
9.6308e-07 3.60645e-06 3.89245e-06 
5.79273e-07 2.77552e-06 3.01651e-06 
2.52298e-07 2.08462e-06 2.25948e-06 
-1.81352e-08 1.5231e-06 1.62105e-06 
-2.38725e-07 1.07683e-06 1.0916e-06 
-4.1466e-07 7.27903e-07 6.59233e-07 
-5.51832e-07 4.60933e-07 3.11039e-07 
-6.56449e-07 2.61343e-07 3.28094e-08 
-7.32906e-07 1.16588e-07 -1.85119e-07 
-7.84584e-07 1.4821e-08 -3.52435e-07 
-8.14583e-07 -5.11834e-08 -4.76486e-07 
-8.25489e-07 -9.0206e-08 -5.63061e-07 
-8.186e-07 -1.07367e-07 -6.15914e-07 
-7.94574e-07 -1.07839e-07 -6.38402e-07 
-7.56331e-07 -9.61986e-08 -6.35059e-07 
-7.03501e-07 -7.42109e-08 -6.06391e-07 
-6.39932e-07 -4.59025e-08 -5.56911e-07 
-5.69897e-07 -1.1387e-08 -4.89771e-07 
-5.06969e-07 3.06733e-08 -4.14316e-07 
-4.87012e-07 8.16989e-08 -3.49382e-07 
-6.05953e-07 1.66927e-07 -3.9113e-07 
-1.31494e-06 -5.35263e-10 -8.41074e-07 
-5.12323e-08 -6.72575e-07 -1.53585e-07 
0.0070505 0.00288849 0.00170874 
0.00382568 0.00179695 0.000991932 
0.00192942 0.0010152 0.00048628 
0.000869534 0.000514785 0.000166479 
0.000313236 0.000214132 -7.01719e-06 
4.80254e-05 5.4803e-05 -7.8608e-05 
-5.82038e-05 -1.52009e-05 -9.36063e-05 
-8.51759e-05 -3.82709e-05 -8.63912e-05 
-7.68536e-05 -4.05975e-05 -7.25729e-05 
-5.55374e-05 -3.21971e-05 -5.41408e-05 
-3.3132e-05 -1.8268e-05 -3.28457e-05 
-1.55666e-05 -4.72885e-06 -1.36521e-05 
-4.26493e-06 4.39334e-06 -2.50277e-07 
1.81552e-06 8.57947e-06 6.81856e-06 
4.31827e-06 9.27515e-06 9.04658e-06 
4.69152e-06 8.05089e-06 8.43478e-06 
4.01684e-06 6.0312e-06 6.60841e-06 
3.00178e-06 3.94318e-06 4.57665e-06 
2.02626e-06 2.18558e-06 2.83334e-06 
1.24139e-06 8.99301e-07 1.53373e-06 
6.71406e-07 6.44698e-08 6.56439e-07 
2.87796e-07 -4.13012e-07 1.12051e-07 
4.86785e-08 -6.40962e-07 -1.96284e-07 
-8.70023e-08 -7.10219e-07 -3.49491e-07 
-1.52767e-07 -6.8768e-07 -4.06266e-07 
-1.7407e-07 -6.18216e-07 -4.06172e-07 
-1.68904e-07 -5.29337e-07 -3.75038e-07 
-1.49235e-07 -4.37678e-07 -3.29162e-07 
-1.23049e-07 -3.52196e-07 -2.78374e-07 
-9.51735e-08 -2.76989e-07 -2.28467e-07 
-6.82717e-08 -2.13541e-07 -1.82498e-07 
-4.3802e-08 -1.61529e-07 -1.41769e-07 
-2.23379e-08 -1.19908e-07 -1.06641e-07 
-4.02938e-09 -8.73074e-08 -7.70582e-08 
1.11956e-08 -6.23346e-08 -5.24459e-08 
2.35846e-08 -4.35089e-08 -3.22651e-08 
3.33794e-08 -2.97639e-08 -1.59545e-08 
4.08053e-08 -1.99757e-08 -2.98388e-09 
4.61256e-08 -1.33012e-08 7.1392e-09 
4.94227e-08 -9.0116e-09 1.46731e-08 
5.08656e-08 -6.55141e-09 2.00196e-08 
5.066e-08 -5.45616e-09 2.34221e-08 
4.88882e-08 -5.17482e-09 2.50902e-08 
4.57632e-08 -5.52764e-09 2.53378e-08 
4.15722e-08 -6.02678e-09 2.43496e-08 
3.69736e-08 -6.25631e-09 2.2695e-08 
3.34195e-08 -5.38321e-09 2.15275e-08 
3.83499e-08 -2.56473e-09 2.67344e-08 
6.25083e-08 2.83549e-08 5.0718e-08 
2.91549e-08 5.12115e-08 1.17096e-07 
0.00146634 0.000900616 0.000350741 
0.000508456 0.000413213 0.000106149 
9.05384e-05 0.000146823 -1.11817e-05 
-6.34112e-05 3.14872e-05 -5.1359e-05 
-9.60001e-05 -1.7371e-05 -6.06833e-05 
-7.53811e-05 -2.98191e-05 -5.05875e-05 
-4.07764e-05 -2.02488e-05 -2.8788e-05 
-1.31922e-05 -4.96521e-06 -7.78709e-06 
1.70602e-06 4.93614e-06 4.5102e-06 
6.7032e-06 7.87385e-06 8.11446e-06 
6.41483e-06 6.66209e-06 6.79253e-06 
4.3273e-06 3.97515e-06 4.02406e-06 
2.28669e-06 1.4936e-06 1.663e-06 
8.86402e-07 -9.9078e-08 2.15095e-07 
1.03742e-07 -8.30481e-07 -4.66463e-07 
-2.49107e-07 -9.96195e-07 -6.7402e-07 
-3.50357e-07 -8.76418e-07 -6.43282e-07 
-3.27887e-07 -6.56069e-07 -5.2041e-07 
-2.5941e-07 -4.34791e-07 -3.81864e-07 
-1.84963e-07 -2.55477e-07 -2.60927e-07 
-1.21347e-07 -1.27842e-07 -1.67526e-07 
-7.30825e-08 -4.57821e-08 -1.00651e-07 
-3.9268e-08 2.11447e-09 -5.528e-08 
-1.71293e-08 2.69063e-08 -2.58514e-08 
-3.6193e-09 3.72798e-08 -7.62672e-09 
3.89622e-09 3.92972e-08 2.99079e-09 
7.40969e-09 3.68025e-08 8.53286e-09 
8.43298e-09 3.22055e-08 1.08341e-08 
7.99932e-09 2.69525e-08 1.11553e-08 
6.78637e-09 2.18007e-08 1.03227e-08 
5.25813e-09 1.71674e-08 8.92369e-09 
3.6687e-09 1.32074e-08 7.29701e-09 
2.17629e-09 9.94712e-09 5.67246e-09 
8.50772e-10 7.32165e-09 4.16596e-09 
-2.73096e-10 5.2685e-09 2.83867e-09 
-1.19546e-09 3.68711e-09 1.71258e-09 
-1.92763e-09 2.48298e-09 7.80474e-10 
-2.49141e-09 1.58477e-09 2.49968e-11 
-2.90047e-09 9.2624e-10 -5.73355e-10 
-3.17581e-09 4.46688e-10 -1.03625e-09 
-3.32414e-09 1.15254e-10 -1.38516e-09 
-3.36548e-09 -1.08819e-10 -1.63847e-09 
-3.31074e-09 -2.51507e-10 -1.82128e-09 
-3.17307e-09 -3.34143e-10 -1.9446e-09 
-2.97068e-09 -3.90364e-10 -2.03629e-09 
-2.74245e-09 -4.6994e-10 -2.13333e-09 
-2.55423e-09 -6.61903e-10 -2.36111e-09 
-2.91126e-09 -1.21679e-09 -3.00195e-09 
-3.88067e-09 -3.64529e-09 -5.77433e-09 
-7.60708e-09 -1.61131e-09 -1.31776e-08 
-2.33995e-05 0.000133028 -1.28517e-05 
-0.000118801 7.14827e-06 -4.89516e-05 
-9.14772e-05 -2.94552e-05 -4.57257e-05 
-4.15731e-05 -2.07265e-05 -2.37871e-05 
-8.04783e-06 -4.36434e-06 -4.50171e-06 
4.53858e-06 4.31158e-06 3.68704e-06 
5.2038e-06 5.13686e-06 3.85849e-06 
2.45662e-06 2.67934e-06 1.59048e-06 
2.82172e-07 3.12775e-07 -9.3672e-08 
-6.43344e-07 -7.94752e-07 -7.08286e-07 
-7.79466e-07 -9.29771e-07 -6.96459e-07 
-6.0224e-07 -6.53827e-07 -4.79331e-07 
-3.79559e-07 -3.27527e-07 -2.69984e-07 
-2.0808e-07 -9.59714e-08 -1.27891e-07 
-9.7751e-08 2.6049e-08 -4.52725e-08 
-3.37385e-08 7.21967e-08 -1.64344e-09 
-5.91693e-10 7.76939e-08 1.86332e-08 
1.35213e-08 6.5806e-08 2.55554e-08 
1.70019e-08 4.9161e-08 2.53211e-08 
1.53678e-08 3.36276e-08 2.17616e-08 
1.18901e-08 2.13625e-08 1.71374e-08 
8.27907e-09 1.26017e-08 1.2668e-08 
5.26283e-09 6.78262e-09 8.89721e-09 
3.03067e-09 3.13579e-09 5.97015e-09 
1.51776e-09 9.76183e-10 3.82746e-09 
5.73232e-10 -2.20964e-10 2.3332e-09 
4.43673e-11 -8.14463e-10 1.34108e-09 
-2.04848e-10 -1.04389e-09 7.16165e-10 
-2.78258e-10 -1.06646e-09 3.48757e-10 
-2.48452e-10 -9.81927e-10 1.55568e-10 
-1.67398e-10 -8.50276e-10 7.24918e-11 
-6.68834e-11 -7.08019e-10 5.66846e-11 
3.31472e-11 -5.73735e-10 7.6707e-11 
1.22959e-10 -4.56238e-10 1.14217e-10 
1.97421e-10 -3.58127e-10 1.55953e-10 
2.551e-10 -2.78884e-10 1.95231e-10 
2.97815e-10 -2.16098e-10 2.29351e-10 
3.26696e-10 -1.66913e-10 2.56223e-10 
3.44792e-10 -1.28583e-10 2.76837e-10 
3.53466e-10 -9.91847e-11 2.91341e-10 
3.54773e-10 -7.73168e-11 3.01117e-10 
3.49691e-10 -6.17729e-11 3.0675e-10 
3.39738e-10 -5.2018e-11 3.10016e-10 
3.25766e-10 -4.70539e-11 3.11347e-10 
3.08203e-10 -4.64016e-11 3.12492e-10 
2.88825e-10 -4.75785e-11 3.15323e-10 
2.71092e-10 -4.96707e-11 3.31434e-10 
2.85944e-10 -3.15178e-11 3.68607e-10 
2.87989e-10 3.49556e-11 5.93221e-10 
7.09594e-10 -3.5216e-10 8.67536e-10 
